"[32 30 31 30 32 28 31 28 30 30 30 29 30 31 30 28 29 28 29 29 29 29 29 30
 29 30 30 28 28 29 30 30 31 29 29 29 29 30 30 28 30 29 29 30 29 28 29 31
 28 29 29 29 29 29 29 30 29 29 29 29 29 29 29 31 31 28 28 30 29 29 30 30
 30 28 27 29 30 29 29 28 29 30 28 29 29 29 30 28 29 29 29 29 29 29 30 30
 30 29 28 29 29 29 29 29 30 29 29 29 29 29 29 28 29 29 29 29 28 29 29 29
 29 29 28 28 28 29 29 29 28 29 29 28 28 28 29 29 29 30 29 28 29 30 30 28
 29 28 28 28 29 29 29 29 30 29 29 29 29 29 29 29 29 29 29 28 29 31 30 28
 29 28 28 29 30 29 29 30 29 29 28 28 29 30 29 29 29 29 29 29 29 29 29 29
 27 31 28 30 30 31 28 32]"
"[30 27 33 29 30 26 30 29 29 28 28 29 29 29 29 31 30 30 29 29 29 28 28 29
 29 29 29 28 29 30 29 27 30 26 27 30 28 27 29 32 30 29 30 31 31 29 28 27
 30 29 29 30 30 29 28 28 30 29 29 29 29 29 28 28 26 29 30 28 28 30 30 28
 28 30 30 29 28 29 30 30 28 30 28 29 29 28 29 27 28 29 30 30 30 29 28 27
 27 28 28 29 29 29 29 30 28 28 28 29 30 30 30 30 29 29 29 29 29 29 29 29
 28 29 29 30 30 29 28 28 27 29 31 30 29 29 29 29 27 29 31 30 30 29 29 28
 28 29 31 31 30 29 29 29 29 29 29 29 30 30 30 30 27 29 30 30 30 30 29 28
 29 30 31 30 29 27 27 28 28 29 30 30 30 28 28 28 29 30 30 28 28 29 31 31
 29 30 30 27 30 27 28 27]"
"[ 28  32  60  64  67  65  65  63  62  62  64  68  71  72  76  81  83  84
  86  89  92  95  98 100 102 103 106 107 108 105  98  92  87  79  74  71
  63  57  55  55  51  49  48  48  50  52  53  53  47  47  48  50  50  48
  46  47  40  38  38  42  50  60  69  75  91 102 110 115 119 118 113 110
 109 115 120 121 122 123 122 119 121 123 123 125 126 126 129 127 132 131
 129 126 124 123 123 124 130 130 130 129 128 126 125 125 130 131 132 132
 131 131 130 129 129 128 128 128 129 129 128 128 129 129 129 127 125 121
 118 116 124 126 128 129 132 136 140 143 146 147 147 147 149 156 164 170
 172 174 177 176 175 175 177 180 177 175 172 172 175 178 182 185 197 200
 204 208 209 210 212 214 206 200 189 180 177 178 180 180 184 187 193 199
 201 201 203 204 197 197 198 202 210 214 213 210 207 202 191 200 197 202
 192  30]"
"[ 28  29  65  67  66  65  64  63  66  65  65  66  65  63  65  68  65  66
  68  71  74  77  80  83  88  89  90  94  99 102 102 101 105 104 103 101
  96  91  84  76  77  74  67  60  56  55  52  48  53  52  52  53  51  49
  50  54  52  49  47  46  46  46  46  47  43  47  48  53  64  72  79  90
  99 100 100 101 104 109 113 115 114 116 115 116 117 119 124 124 125 126
 127 128 128 128 129 130 129 128 127 126 123 121 119 118 124 125 128 129
 130 131 131 131 131 130 130 131 132 132 131 131 131 132 134 135 137 137
 137 137 131 129 126 122 120 120 120 120 125 130 135 139 140 141 143 145
 150 155 161 166 169 173 178 182 186 187 188 187 186 185 184 183 177 176
 177 181 184 187 191 195 204 205 206 207 208 207 201 193 185 185 185 186
 187 189 192 196 206 202 196 187 182 182 189 195 205 208 212 206 196 197
 190  29]"
"[ 31  28  66  64  63  65  66  68  63  63  64  64  64  66  66  66  63  63
  63  63  64  64  66  68  69  69  69  72  77  81  84  86  91  91  94  96
  98 102 104 102 102 103 102  99  98  95  90  84  69  65  60  57  56  55
  56  58  59  58  58  57  55  53  52  51  51  51  46  44  47  45  43  48
  56  58  65  75  85  92 100 107 115 118 117 118 118 118 121 122 122 123
 124 125 125 127 129 130 129 129 129 128 129 129 128 126 123 124 127 128
 129 130 130 131 130 130 130 131 132 132 132 132 134 134 133 133 133 134
 135 135 136 135 134 134 134 134 131 128 123 122 121 121 121 122 125 128
 131 135 141 146 149 151 153 154 160 166 173 179 184 188 191 193 197 195
 195 196 195 190 184 180 177 180 183 184 188 196 203 206 207 205 200 195
 189 183 179 176 177 181 188 191 187 179 176 179 178 186 186 201 204 200
 199  28]"
"[ 31  28  69  66  65  64  63  63  65  66  66  65  66  67  67  65  66  65
  65  65  65  66  68  69  66  66  67  68  68  66  65  65  74  71  71  72
  71  72  80  87  89  93  98 101 104 105 104 100 107 101  95  91  89  85
  78  72  67  62  56  52  51  52  55  57  54  58  55  52  55  57  57  56
  54  51  49  48  45  44  51  60  66  76  87 100 107 110 114 113 115 117
 119 119 119 119 119 120 122 123 123 124 127 129 129 128 124 124 125 125
 125 125 125 125 129 130 130 131 131 131 131 132 133 132 131 131 131 133
 135 136 136 135 134 135 138 139 137 135 136 136 137 137 134 129 124 121
 121 123 126 130 134 138 141 142 148 151 154 154 155 158 162 164 169 170
 176 186 194 198 197 195 202 202 199 193 187 184 182 181 186 189 193 197
 202 207 207 205 201 194 189 190 193 196 200 204 201 198 183 181 179 179
 186  30]"
"[ 29  28  68  65  67  66  68  69  65  65  66  67  68  68  68  68  67  66
  65  65  64  64  66  67  68  66  65  66  67  68  69  71  69  67  69  71
  67  63  64  66  66  70  73  77  82  87  91  93  94  95  97 100 103 105
 102  97 100  95  89  85  80  74  69  65  63  65  64  60  58  59  57  54
  57  56  57  57  54  50  49  51  48  49  46  47  51  60  73  80  84  91
 100 107 112 115 117 118 115 118 120 120 122 124 125 123 122 122 122 123
 125 126 128 128 128 129 129 129 129 129 129 130 132 131 131 131 132 133
 134 134 136 134 132 132 133 136 137 137 136 138 142 146 146 142 137 134
 129 127 126 126 127 130 133 134 135 139 142 143 145 148 150 150 154 153
 152 153 158 165 170 173 179 182 188 194 198 198 195 193 189 190 187 183
 185 192 195 194 198 198 197 195 194 195 196 198 201 207 214 209 205 204
 196  26]"
"[ 29  32  72  70  73  68  69  71  69  68  69  71  72  70  70  72  69  68
  67  67  66  66  68  70  68  67  67  69  71  69  68  67  69  68  67  68
  68  70  70  68  67  68  67  66  66  68  71  74  81  85  88  86  86  89
  93  94  98  98 100 105 107 103  95  88  83  79  77  73  66  61  60  60
  64  62  61  62  63  61  57  53  55  59  58  57  53  49  49  47  40  44
  50  59  70  84  97 106 113 117 120 120 120 122 123 122 118 117 117 118
 119 121 123 123 128 129 129 128 127 127 128 129 124 125 127 128 130 131
 131 132 131 131 131 131 132 134 135 135 137 136 136 138 138 137 136 136
 134 134 135 136 136 136 136 136 132 133 133 132 134 139 143 143 145 149
 151 151 151 153 153 153 153 154 157 162 168 176 186 194 197 200 197 190
 188 191 190 184 183 186 187 187 191 196 195 192 191 187 186 191 204 204
 203  30]"
"[ 29  27  79  76  75  73  73  73  72  73  74  74  73  73  72  72  71  72
  72  71  71  72  71  69  69  69  69  70  69  67  68  70  72  69  66  66
  68  69  69  69  70  70  70  72  72  71  69  69  70  68  67  68  70  73
  77  80  84  85  87  89  90  92  94  97 101 104 103 100  97  97  95  92
  86  83  78  74  72  71  69  68  62  64  64  57  57  54  57  60  60  55
  54  52  47  44  43  40  43  47  56  67  81  96 107 109 119 122 121 116
 115 118 119 117 119 120 120 122 124 123 124 127 124 125 127 125 128 129
 131 130 127 126 123 125 129 130 130 134 136 137 137 137 136 136 136 136
 137 137 137 137 138 139 139 139 144 146 146 145 145 144 138 130 131 134
 135 131 129 133 142 149 152 154 154 153 151 153 157 160 168 174 181 186
 191 195 196 195 190 190 189 188 189 193 196 197 200 198 198 190 185 184
 186  27]"
"[ 29  30  87  85  84  81  80  80  80  80  79  78  76  75  74  74  76  75
  74  73  73  74  72  70  71  70  70  71  71  70  70  71  70  68  66  66
  67  68  69  70  71  71  71  72  73  71  70  70  70  68  67  68  69  70
  72  73  72  73  74  75  75  76  78  80  83  87  89  90  92  97 100 101
 103 102 102 102 101  98  94  91  82  82  76  67  62  62  62  64  60  57
  58  60  60  60  60  56  55  52  50  49  48  49  50  51  49  62  76  87
  96 106 113 117 121 123 123 121 121 120 120 121 122 121 123 122 124 123
 126 126 128 129 129 129 129 129 129 132 129 128 129 132 133 133 133 134
 134 135 136 137 138 139 138 138 138 143 146 145 144 144 143 141 137 137
 135 131 129 130 133 135 133 138 145 149 150 152 153 155 155 156 156 156
 160 169 179 185 191 193 195 196 195 195 194 192 194 196 202 203 206 206
 200  32]"
"[ 29  28  87  87  87  87  85  84  85  85  84  84  85  86  87  87  83  80
  78  78  78  77  75  74  75  74  73  73  73  72  72  73  72  70  68  68
  69  70  71  73  73  72  72  73  73  72  71  71  71  70  70  70  71  71
  71  71  72  71  71  71  71  71  72  74  73  74  76  76  76  77  81  83
  89  90  93  96 100 102 102 101  96 103 102 102  98  99  93  91  83  77
  72  67  63  63  61  57  60  58  59  63  62  56  53  54  50  48  44  41
  43  50  58  64  71  85 101 113 122 125 122 120 120 116 116 115 117 116
 122 126 126 127 130 131 129 129 129 129 130 127 126 130 132 131 130 132
 134 134 134 134 135 135 136 137 137 139 141 142 142 143 143 142 141 140
 139 136 135 135 136 136 137 138 138 136 135 136 139 141 144 150 155 156
 155 156 159 161 161 165 169 174 179 184 188 190 189 185 180 176 180 188
 193  29]"
"[ 30  31  93  94  93  93  93  93  91  90  89  89  89  90  90  90  89  87
  85  86  85  83  82  82  81  80  79  77  76  75  75  75  77  75  74  73
  73  73  74  75  76  75  74  74  74  73  73  73  73  73  74  75  74  73
  73  74  74  74  73  73  72  72  73  75  76  76  76  77  75  73  73  74
  75  75  75  77  80  83  85  86  89  96  97  99 101 105 104 104 111 110
 108 104 102 101  96  90  79  75  72  73  72  65  61  63  65  62  60  60
  59  56  52  50  49  50  47  45  49  59  70  78  89  94 107 115 121 118
 116 114 112 111 117 124 126 128 131 131 130 128 128 129 130 129 129 129
 130 130 131 131 132 132 133 134 136 137 138 139 140 140 139 137 137 139
 140 139 138 138 140 141 139 142 144 144 143 143 144 145 139 142 143 141
 140 142 147 152 155 158 161 163 164 164 164 163 171 173 172 172 173 177
 183  28]"
"[ 29  29  97  98  93  94  94  96  97  96  94  94  94  93  93  92  93  92
  92  93  92  89  89  91  88  88  87  85  82  81  81  82  82  81  80  80
  78  77  76  76  79  78  77  76  76  75  75  75  74  75  76  76  75  74
  75  76  75  75  74  74  73  73  74  75  74  73  73  75  76  74  73  74
  76  75  75  75  76  76  75  74  79  82  82  77  80  82  86  88  91  95
  98 100 104 109 110 110 108 106 100  98  96  91  85  84  76  73  71  70
  69  67  66  66  60  60  60  59  56  50  46  47  47  52  60  66  77  84
  92  94  97  96 102 111 113 116 123 126 125 128 130 130 130 131 131 129
 130 131 132 133 133 132 131 130 131 134 136 137 137 136 137 138 138 139
 139 138 137 137 138 140 140 144 147 147 146 143 141 139 143 145 147 146
 142 139 139 139 143 144 147 149 151 153 154 156 154 157 160 162 161 162
 169  30]"
"[ 31  29  96  97  94  97  97  97  97  96  96  97  97  97  97  97  94  95
  96  96  95  94  94  95  93  94  93  91  89  89  89  89  88  88  87  87
  85  83  82  81  81  79  78  78  77  76  76  76  75  75  76  76  77  77
  79  80  79  78  78  78  77  76  76  77  79  77  75  76  76  75  74  75
  75  74  74  74  75  76  76  76  76  78  80  75  78  76  78  78  76  78
  78  77  81  86  91  95  95  98  99 103 111 113 110 110 104 100  95  92
  88  81  74  69  72  69  66  66  66  62  61  65  64  62  60  52  50  48
  49  46  52  56  66  76  82  89 101 110 121 126 130 130 129 131 131 129
 129 129 130 131 132 133 132 132 128 130 131 131 132 134 135 135 138 136
 135 136 137 138 139 139 140 141 142 142 143 144 146 147 143 144 145 146
 145 145 146 147 147 144 141 138 137 137 139 141 147 149 152 154 155 154
 155  29]"
"[ 30  27  97  98  95  99  97  97  98  98  97  96  95  94  94  94  96  97
  97  97  97  98  98  97  96  96  96  94  94  95  94  92  94  93  93  93
  92  91  90  89  86  85  84  83  83  82  81  81  80  78  77  78  80  81
  82  82  80  80  80  80  80  79  78  79  79  78  77  76  76  76  76  77
  78  77  75  74  74  76  77  78  75  76  75  74  76  76  77  79  73  76
  75  73  75  74  74  77  76  79  78  80  87  90  91  95 104 103 104 108
 112 110 103  97  92  88  82  79  78  75  74  76  74  72  71  66  67  63
  63  60  54  57  57  52  48  47  48  52  56  63  73  84  96 110 122 129
 131 130 131 131 132 131 129 127 126 129 130 130 131 133 132 129 131 130
 130 132 134 135 135 137 137 138 139 139 139 141 142 142 145 145 146 147
 146 144 144 145 144 143 144 147 147 146 145 144 139 138 138 136 139 142
 142  28]"
"[ 27  33 113 116 106 104 101 103 100 100 100  99  97  96  96  97 100 100
  99  98  99 101 101  99  98  98  96  96  97  98  97  93  96  95  95  96
  96  96  95  95  94  93  92  91  91  90  89  89  88  84  81  81  82  83
  82  80  81  80  81  82  82  81  80  80  80  81  81  80  80  80  80  80
  81  80  79  79  78  78  78  78  78  79  76  80  80  80  76  78  78  79
  76  75  77  77  77  82  78  81  79  79  81  77  73  77  79  80  82  85
  90  96  99 100 104 104 104 105 106 103  97  95  90  85  84  81  80  73
  70  68  66  69  65  57  57  58  55  54  56  54  52  50  51  55  62  68
  78  85  97 111 123 129 129 128 122 130 136 135 133 133 132 130 128 130
 132 132 130 129 131 134 136 136 135 134 135 137 139 140 142 142 142 144
 144 143 144 146 147 145 145 146 147 145 144 143 142 142 144 138 142 143
 138  30]"
"[ 29  31 129 131 127 129 131 129 126 122 118 116 115 111 105  99  97  97
  98  99 101 102 102 100  98  97  96  98 100 100  99  97  95  96  97  97
  98  98  98  98  98  97  97  98  97  96  96  96  93  91  89  88  89  90
  89  88  86  87  87  86  83  82  81  82  81  81  82  81  82  82  81  80
  81  81  81  81  81  81  81  80  81  79  78  79  80  80  81  80  79  80
  80  79  79  79  80  82  80  80  80  80  81  81  80  78  79  80  80  79
  77  78  79  81  82  85  89  94  98 102 106 109 107 106 107 108 109 108
 105 102  94  89  83  80  78  74  68  62  62  63  64  63  60  57  55  54
  54  51  51  57  64  72  81  89  95 103 117 124 135 138 142 139 137 134
 133 131 130 130 129 126 125 128 132 135 136 137 137 137 137 139 138 139
 138 139 145 142 142 145 145 145 146 147 145 145 145 145 145 142 143 141
 143  29]"
"[ 29  31 132 134 130 132 133 132 132 133 133 132 128 126 125 125 126 122
 117 111 109 108 107 106 100  99  99 101 103 102  99  97  99 100 100 101
 101 100 100 100 103 101 101 102 102 101 100 101  99  98  98  97  98  97
  97  96  97  97  96  94  92  90  89  89  88  89  89  88  87  86  84  82
  83  83  83  83  82  81  82  83  84  83  83  83  83  84  84  84  82  82
  82  81  79  79  80  80  81  81  81  81  82  82  80  79  80  80  81  80
  79  79  80  81  80  80  81  82  82  82  82  84  87  88  91  97 103 109
 113 114 115 114 114 115 114 110 104  99  93  91  87  81  76  72  69  68
  66  63  62  61  59  56  56  57  55  58  65  71  83  91 102 106 119 127
 136 138 134 133 133 132 127 122 117 118 125 133 138 140 143 144 142 142
 136 132 138 141 142 145 145 143 144 145 143 141 143 142 144 143 145 144
 145  28]"
"[ 29  30 133 134 132 132 134 134 132 134 135 135 135 135 136 137 139 137
 134 130 128 127 126 125 122 120 116 115 114 114 113 112 106 105 103 101
 100 100 101 102 101 100 100 101 102 103 103 103 102 101 101 100 100 101
 102 103 100 100  99  98  98  97  97  97  97  97  95  93  92  92  91  91
  89  89  89  88  86  85  85  86  87  86  85  85  86  87  86  85  85  85
  85  84  82  81  81  82  83  82  82  82  83  83  82  81  81  81  81  81
  81  81  81  81  82  81  81  82  82  81  81  81  82  82  81  81  82  84
  86  87  93  95  99 104 109 113 115 115 115 114 112 108 103  99  95  92
  86  77  70  69  70  68  64  61  58  57  58  58  60  58  61  64  65  71
  81  91 100 112 121 123 133 132 129 123 117 116 120 125 131 138 143 145
 143 141 140 133 133 135 137 141 145 145 143 143 141 142 146 144 142 142
 143  28]"
"[ 29  29 133 132 131 131 133 133 132 133 133 134 136 137 138 138 138 138
 138 138 138 138 137 135 139 137 133 130 128 128 128 127 127 125 121 117
 114 112 110 109 104 103 103 103 104 104 104 104 106 106 105 104 104 104
 104 104 105 104 104 103 104 103 103 103 102 102 101  99  98  98  99  99
  97  97  97  95  93  91  90  89  90  90  89  88  89  89  88  87  88  88
  87  86  85  85  85  85  86  85  84  85  86  86  86  86  84  84  83  83
  83  83  83  83  84  83  83  84  84  82  81  81  79  80  81  81  80  81
  82  83  79  79  80  82  85  88  91  93 102 106 110 113 115 117 116 115
 112 111 109 105  98  91  87  87  79  77  74  69  65  63  64  65  58  59
  61  61  57  58  62  66  75  86 100 110 112 109 106 104 109 126 144 148
 144 142 141 138 133 129 128 134 139 138 139 145 143 143 145 141 138 139
 139  28]"
"[ 29  28 134 133 133 133 133 132 133 135 136 136 135 135 137 138 138 138
 137 136 137 138 139 139 138 139 139 139 139 139 138 136 136 137 138 139
 139 139 137 136 130 128 124 119 115 112 108 106 105 105 106 108 109 108
 106 103 105 105 105 105 106 107 107 106 103 104 105 104 103 102 101 101
 102 102 101 101 100  99  97  95  98  98  96  95  95  96  95  92  90  90
  90  89  88  88  88  88  90  89  88  88  89  89  89  90  88  87  86  86
  87  88  88  88  85  84  84  85  85  84  82  81  84  84  85  84  82  81
  82  82  84  84  83  83  83  82  80  79  80  84  88  90  93  97 101 103
 111 110 110 114 116 115 113 112 109 109 104  97  90  88  87  86  78  69
  65  68  69  67  65  64  64  64  62  59  58  60  65  69  72  80 100 123
 136 141 145 149 140 138 136 137 136 129 124 124 127 127 132 136 140 144
 140  30]"
"[ 29  28 138 138 140 138 136 135 137 136 135 135 135 136 135 134 136 136
 136 135 136 138 140 140 137 139 139 139 140 141 141 139 139 139 139 138
 136 135 135 135 138 138 137 135 133 133 132 131 132 129 126 123 121 118
 114 111 108 108 107 106 106 106 106 105 107 107 107 105 104 105 106 107
 106 105 104 105 106 106 104 103 105 105 103 101 101 102 102  99  96  96
  96  95  94  94  94  94  93  91  89  89  90  89  89  89  90  89  89  89
  89  90  91  91  89  89  89  90  91  90  88  88  87  87  87  86  86  86
  87  88  83  83  84  85  87  87  86  84  85  87  86  84  83  85  87  88
  89  95 100 102 100 100 105 111 109 116 119 120 118 120 118 116 107 103
 102  99  88  77  74  77  71  73  74  73  69  66  65  66  61  60  65  68
  70  77  90 103 117 124 129 131 136 138 136 133 128 126 122 119 121 126
 126  29]"
"[ 29  29 143 144 147 143 142 142 143 141 138 138 139 140 139 138 138 138
 138 137 136 136 136 135 138 139 137 135 134 136 137 137 139 139 138 137
 135 136 138 139 143 144 143 141 139 139 139 139 139 137 134 132 133 133
 134 134 128 126 123 119 117 114 113 112 110 110 108 106 104 104 105 106
 108 107 106 106 107 108 109 109 109 109 108 105 106 108 108 106 104 104
 104 103 103 103 103 103 100  97  95  95  95  93  93  94  94  94  93  93
  93  93  93  92  94  93  93  93  92  91  89  89  90  90  89  89  88  88
  88  88  90  90  89  89  89  89  89  89  87  89  89  87  87  89  89  87
  85  87  90  93  95  94  93  91  95 100 103 108 108 114 117 120 120 120
 125 129 128 124 120 117 111 101  89  80  75  72  67  64  67  64  64  61
  60  64  62  60  60  67  72  77  87 101 111 117 125 132 133 130 127 122
 117  28]"
"[ 30  30 146 146 149 145 145 147 145 146 147 144 141 141 143 146 145 145
 143 140 139 139 139 139 137 138 138 136 135 136 136 134 132 135 137 138
 136 135 134 135 137 139 140 139 139 140 142 142 142 142 143 144 144 142
 141 140 140 138 135 133 131 130 131 131 129 131 132 130 125 121 117 115
 109 109 107 106 106 107 109 110 112 112 111 108 109 112 113 110 110 109
 109 109 109 109 109 109 110 107 104 105 104 103 103 104 101 101 100  99
  98  97  96  95  97  96  96  96  96  95  96  96  97  96  96  96  95  94
  92  91  91  92  93  94  93  93  93  93  90  91  90  88  90  93  93  90
  90  89  89  89  89  91  93  94  92  94  92  96  93  96  97 102 103 105
 109 113 116 122 127 127 129 132 133 131 124 118 113 111  99  90  87  80
  73  71  68  68  64  64  62  61  59  57  59  66  65  75  80  85  94 102
 108  30]"
"[ 29  29 147 148 147 147 147 146 147 146 146 146 146 146 145 145 147 147
 146 145 144 144 144 143 143 143 143 143 143 141 139 138 138 138 138 138
 137 135 134 134 135 137 138 137 136 137 140 141 142 141 141 142 143 143
 144 144 143 141 140 142 143 143 142 140 140 140 141 139 136 135 137 137
 134 133 130 126 124 122 118 114 114 115 115 113 112 111 113 115 113 112
 111 111 112 112 112 112 112 113 111 111 112 111 109 108 107 108 108 107
 106 106 106 105 103 102 100  98  97  97  97  97  97  98  98  98  97  96
  94  93  95  95  96  98  97  97  97  97  97  94  92  93  95  95  94  93
  91  91  92  92  93  93  94  94  96  95  93  93  92  91  92  95  94  96
  95  93  93  97 101 104 107 109 115 122 128 131 132 132 130 129 124 117
 110 105 100  97  89  83  76  74  71  67  65  66  62  56  60  59  56  60
  63  28]"
"[ 29  29 147 148 148 148 148 147 148 147 146 147 147 147 147 147 146 147
 147 146 146 147 147 147 146 146 146 146 146 145 144 143 142 142 142 142
 141 139 138 139 138 139 138 137 136 137 138 138 139 138 138 138 139 139
 139 140 143 143 143 144 145 146 146 147 146 145 146 145 143 142 143 143
 145 145 144 142 140 140 137 133 129 129 127 123 120 117 115 115 116 114
 111 112 113 114 114 114 115 114 112 111 113 114 113 114 112 112 111 111
 112 112 111 110 109 108 106 105 104 103 102 101 101 101 100  99  97  96
  96  96  98  98  98  99  99  99  99  99 100  99  97  97  98  98  97  97
  96  96  97  97  97  97  97  97  96  95  94  94  94  94  96  98  96  96
  95  90  88  89  90  90  90  90  91  94  99 104 110 115 117 122 126 130
 133 134 134 133 124 121 116 110 101  90  79  71  64  65  65  64  63  59
  60  29]"
"[ 29  29 147 148 149 149 148 147 147 146 146 147 147 147 147 148 147 148
 148 147 147 148 148 147 147 147 146 146 147 147 147 146 146 146 146 146
 145 144 144 144 145 145 143 142 143 143 143 142 140 139 138 138 138 138
 137 138 135 136 136 137 137 138 139 141 145 144 146 147 147 148 149 148
 145 146 146 146 146 146 145 143 142 141 140 139 137 134 132 131 132 129
 126 125 125 124 122 122 123 121 117 114 116 116 116 117 117 115 113 115
 115 114 113 113 114 113 112 111 110 110 108 108 109 109 109 107 105 104
 104 105 104 104 103 104 103 102 102 102 101 101 101 101 101 101 101 102
 100 101 102 102 101 100 100 100  98  98  97  97  96  95  96  97  96  97
  96  93  92  93  93  93  93  95  97  98  96  93  92  92  88  91  96 100
 105 110 113 114 122 124 127 129 130 130 126 121 115 110  97  88  84  78
  76  28]"
"[ 29  29 148 149 149 149 148 146 147 146 146 146 147 147 147 147 147 147
 148 147 147 147 147 147 147 147 146 146 147 147 147 147 147 147 147 147
 147 146 146 147 147 147 147 146 147 147 146 144 145 143 142 142 142 141
 140 140 139 139 139 139 138 138 138 140 137 137 138 140 141 142 144 144
 145 146 147 147 148 149 149 148 152 152 152 151 150 148 146 145 141 141
 141 141 141 139 138 137 131 129 125 123 124 124 122 123 118 115 115 118
 119 117 117 118 116 115 114 113 114 114 113 113 113 114 114 114 113 113
 113 113 111 110 109 109 107 106 105 104 104 104 105 105 104 103 103 104
 105 106 106 106 105 104 103 104 103 102 101 100 100  99  99  99 100 100
 100  98  98  98  97  96  95  97 100 101 100  99  98  99  97  96  94  92
  91  92  93  94  94  95  97 101 105 110 113 113 122 121 122 123 119 117
 108  29]"
"[ 29  29 149 150 151 151 150 149 149 147 147 147 147 147 147 147 147 148
 148 148 148 149 149 148 149 148 148 148 148 148 148 148 147 146 147 147
 147 146 147 148 148 148 149 150 149 148 147 147 147 146 145 146 146 145
 145 145 144 143 142 142 141 140 139 139 139 138 140 140 138 139 141 141
 142 143 143 143 144 145 145 145 150 151 152 152 151 150 149 148 154 155
 155 154 151 147 144 143 145 144 141 139 139 136 133 132 134 131 129 129
 127 123 122 123 121 119 117 115 116 116 117 116 117 116 116 116 117 118
 117 117 119 118 117 117 116 114 113 113 112 111 111 111 111 109 107 106
 108 108 108 107 106 105 104 104 105 105 105 104 105 105 105 104 105 104
 103 103 103 103 102 100 102 102 102 101 100 100 100 101  99  99 100 100
 100  99  99  98  98  95  94  95  94  92  92  93  92  97 104 109 109 110
 110  31]"
"[ 29  29 150 152 153 153 153 152 150 148 147 147 147 147 147 148 150 150
 150 149 148 148 148 148 149 149 149 149 149 149 148 147 147 147 147 148
 148 147 147 148 149 150 152 153 151 149 148 149 147 146 146 148 148 148
 149 149 150 148 148 148 148 147 146 145 146 145 146 145 143 143 145 145
 145 144 143 144 144 145 145 144 143 144 146 147 147 147 148 148 149 150
 152 153 153 153 154 156 156 157 155 154 154 151 148 147 146 144 144 143
 141 139 139 140 131 129 125 124 123 123 122 122 122 120 117 117 117 118
 119 118 121 121 121 122 121 120 119 120 119 118 118 119 120 118 117 116
 114 114 113 112 111 110 109 109 109 109 109 108 108 109 108 108 107 106
 106 107 108 108 107 107 104 104 105 107 107 106 105 105 103 103 103 103
 102  99  97  96  97  95  95  96  95  92  92  95  91  91  85  80  84  82
  88  30]"
"[ 29  30 151 154 154 154 154 153 151 150 149 149 149 149 149 149 152 152
 151 149 148 149 149 149 150 149 149 149 149 149 148 148 148 148 149 150
 150 149 149 150 149 149 150 151 150 148 147 148 148 148 148 149 150 150
 150 151 151 149 149 149 150 150 149 149 148 147 147 147 146 147 149 149
 147 146 145 145 146 146 145 145 145 146 146 146 146 146 145 145 146 146
 147 149 150 150 150 151 152 154 155 156 158 159 158 159 160 159 157 154
 152 150 148 146 148 145 142 140 139 137 135 133 131 129 126 124 123 124
 124 124 122 123 124 125 123 121 121 122 123 123 123 124 125 124 124 124
 123 123 122 122 122 122 121 120 118 118 116 114 114 114 113 112 112 111
 111 111 111 109 108 106 109 108 107 106 106 106 106 107 104 103 104 106
 107 107 106 107 103 102 100  99  97  95  96  97  95  94  92  89  94  87
  86  28]"
"[ 29  31 152 154 154 153 153 153 153 152 150 150 151 151 151 152 151 151
 150 149 150 152 153 153 152 151 150 150 151 151 150 150 149 149 150 151
 151 150 150 150 150 150 150 151 150 149 149 149 150 149 149 150 150 150
 150 150 151 151 150 150 151 151 151 152 153 151 150 150 150 151 153 152
 151 149 149 150 151 150 149 148 149 148 147 147 148 148 148 147 147 146
 147 150 151 150 148 147 150 151 151 150 152 152 152 154 154 154 155 156
 159 162 163 162 162 160 158 156 154 151 147 144 146 145 143 141 139 137
 137 137 132 133 134 134 131 128 127 128 126 125 125 125 125 124 124 125
 125 125 125 126 127 127 126 125 126 126 124 122 121 122 121 119 117 116
 116 117 117 115 113 111 110 110 111 111 110 109 110 111 108 108 109 111
 111 108 106 105 103 104 104 102 100 100 100  99 100  95  99  95  94  90
  92  29]"
"[ 30  28 153 153 154 154 155 154 153 153 153 153 152 152 152 152 152 151
 151 151 152 152 152 152 152 152 152 152 152 151 150 149 150 150 151 152
 152 151 151 152 153 153 153 152 151 151 151 152 152 151 151 151 151 152
 152 151 151 151 151 152 152 152 151 151 151 152 152 150 150 152 153 152
 152 152 152 152 153 153 154 154 153 152 152 152 153 152 152 152 153 153
 152 152 152 151 150 151 152 152 152 151 151 151 151 151 151 149 146 146
 149 151 152 152 154 155 157 159 160 161 163 164 165 163 160 158 156 154
 153 152 144 145 145 144 142 141 139 139 138 137 134 132 131 130 128 126
 128 127 127 129 131 132 131 130 131 131 130 128 128 129 129 128 125 125
 128 128 125 123 122 120 117 115 115 115 114 114 115 114 111 112 111 109
 110 111 111 110 109 109 109 108 107 106 105 104 103 102 100 102  97  98
  93  29]"
"[ 30  28 153 152 153 153 154 152 153 153 153 154 154 154 154 154 153 152
 151 151 152 152 152 152 152 153 153 153 152 152 151 151 151 151 152 153
 152 152 152 152 152 152 152 152 151 152 152 153 153 152 152 152 152 152
 152 152 151 151 151 152 152 152 152 152 153 153 152 151 151 152 153 153
 153 153 153 153 153 153 154 154 154 154 153 154 154 153 153 153 154 153
 153 154 154 153 154 154 154 154 154 153 152 153 153 152 154 152 150 150
 151 152 153 152 151 152 152 152 151 151 152 153 157 157 157 158 160 162
 163 163 165 163 160 156 153 152 152 152 149 148 146 144 143 143 142 141
 138 136 134 134 134 133 131 129 130 131 131 130 131 131 130 128 132 130
 130 130 128 129 130 129 129 128 129 128 125 124 123 121 117 118 117 116
 114 114 114 114 114 114 113 110 109 108 107 106 107 106 104 105 101 101
  96  30]"
"[ 30  28 152 152 153 153 153 152 153 153 154 154 154 154 154 154 153 153
 152 152 152 152 152 152 152 152 152 152 152 152 152 152 152 152 152 153
 153 152 152 153 152 153 153 153 153 153 154 155 155 154 153 153 153 153
 153 152 153 153 153 153 153 153 153 154 154 154 153 151 151 153 154 154
 154 154 154 153 153 154 154 154 155 154 155 155 155 154 154 154 154 154
 154 154 155 155 156 157 156 157 157 155 154 154 154 154 154 154 153 153
 153 153 153 153 153 153 153 153 152 152 152 153 153 153 153 153 154 154
 155 155 156 157 157 158 159 160 161 162 164 163 162 159 156 154 152 151
 149 147 145 145 144 142 140 139 138 137 135 132 132 132 132 131 130 128
 128 130 131 133 134 132 129 129 132 133 131 131 132 132 132 128 125 125
 126 125 123 120 120 119 119 117 116 115 114 112 111 110 108 108 104 104
 100  30]"
"[ 29  27 152 152 153 153 154 152 153 154 154 154 154 154 153 153 152 152
 152 152 152 152 153 153 152 152 152 152 152 152 152 152 153 153 153 153
 153 152 153 154 153 154 154 154 154 155 155 156 155 155 154 154 154 154
 154 154 154 154 154 154 154 153 155 156 154 154 153 153 153 153 154 154
 154 153 153 153 153 154 154 154 154 154 155 155 154 154 154 154 155 154
 154 154 155 155 156 157 157 158 158 157 155 155 155 155 154 155 155 155
 155 155 155 155 155 155 155 154 154 154 155 156 155 155 155 154 154 154
 154 154 153 154 156 156 155 154 152 151 154 156 159 162 163 164 165 164
 166 164 162 161 159 156 154 153 153 152 150 147 146 146 146 145 140 138
 137 137 136 136 134 131 131 130 131 132 132 134 136 136 137 134 132 135
 138 138 137 136 132 132 131 129 127 124 121 119 119 118 116 113 109 109
 105  29]"
"[ 29  28 152 152 154 154 154 153 154 155 155 155 154 154 153 153 152 152
 152 152 152 152 153 153 153 153 153 153 153 153 153 153 153 153 153 153
 153 153 153 154 153 153 154 153 153 154 154 155 155 155 155 154 154 154
 154 155 154 154 154 154 153 153 154 156 155 155 155 155 155 154 154 154
 154 154 153 153 153 154 154 154 154 154 155 155 155 154 154 155 155 154
 154 155 155 155 156 157 157 158 158 157 155 155 155 155 155 156 157 157
 156 156 157 158 157 157 156 156 155 155 155 156 153 153 153 154 154 154
 154 155 153 153 153 153 153 153 155 156 154 156 158 159 159 159 160 159
 161 161 161 163 164 165 165 166 164 165 165 164 162 160 157 154 153 150
 148 146 143 143 143 141 140 138 137 137 137 139 141 140 137 138 139 140
 138 136 137 140 141 140 139 137 136 135 132 130 129 130 128 124 121 119
 112  29]"
"[ 30  29 153 153 154 153 154 154 154 154 154 154 154 154 153 153 153 153
 153 153 152 152 153 153 154 154 153 153 153 153 153 153 153 153 154 154
 154 153 153 154 153 154 154 153 153 153 153 154 154 154 154 154 154 154
 155 155 155 155 155 155 154 153 155 157 157 157 157 157 157 155 155 155
 155 155 154 154 154 154 154 154 155 155 155 156 156 156 155 156 155 155
 155 156 157 157 157 158 157 158 158 157 156 155 156 155 156 157 157 157
 156 156 157 158 159 158 158 158 158 158 158 158 159 159 159 159 158 158
 157 157 160 159 157 155 154 154 155 157 157 158 159 158 158 159 160 161
 161 160 160 159 158 157 157 157 158 161 163 166 169 172 173 172 172 170
 169 167 163 160 159 157 155 152 152 152 152 152 151 148 146 147 147 146
 142 139 139 141 145 143 141 139 139 139 138 137 133 136 135 133 131 129
 121  31]"
"[ 29  29 154 154 154 154 155 155 154 154 154 154 153 154 154 154 154 154
 154 154 154 153 154 154 154 154 154 153 153 153 153 153 153 153 154 155
 155 154 154 155 154 155 155 154 154 154 154 155 154 154 154 154 154 154
 154 155 155 156 157 156 154 153 155 157 158 157 157 158 157 156 156 156
 157 156 156 156 155 155 156 156 156 155 156 157 158 157 157 157 156 156
 156 158 158 158 158 159 157 158 158 157 157 157 157 156 156 157 158 157
 157 156 157 158 157 157 158 158 159 159 159 159 159 160 160 161 160 160
 160 161 160 161 161 161 160 160 159 159 162 163 163 161 161 161 162 162
 160 160 160 160 159 159 159 160 158 158 157 156 157 160 161 161 161 162
 166 169 170 172 173 172 170 168 168 168 166 165 164 161 160 160 159 158
 159 159 158 156 155 153 150 147 145 143 141 138 138 139 138 133 133 132
 125  30]"
"[ 28  28 154 154 154 154 156 156 155 155 155 154 154 154 155 155 154 154
 155 155 155 155 155 156 155 155 154 154 154 154 155 155 154 154 155 156
 156 155 155 155 155 155 155 155 154 154 155 155 154 154 155 154 154 153
 154 154 155 156 157 156 154 153 154 157 156 155 155 157 157 156 157 158
 157 157 157 157 157 157 158 158 156 155 156 157 158 158 158 157 157 157
 157 158 159 158 158 158 158 158 158 158 158 158 158 157 157 158 158 159
 158 158 158 158 159 159 159 160 160 159 158 158 158 159 160 161 161 161
 161 162 161 161 161 160 160 159 159 159 160 161 163 163 163 163 162 161
 162 162 162 162 161 161 161 163 159 160 159 159 160 162 162 162 162 161
 161 162 163 165 167 166 168 167 169 170 171 172 174 173 169 170 169 167
 166 166 164 162 161 160 159 158 157 156 153 150 146 146 140 132 131 129
 124  27]"
"[ 30  28 155 153 154 155 156 157 157 156 157 158 157 154 154 157 157 157
 157 157 157 157 157 156 154 154 154 154 154 155 155 155 156 155 155 155
 155 155 155 155 156 155 154 155 155 155 154 153 154 154 154 154 154 155
 154 154 154 155 155 155 155 156 157 158 156 156 156 157 157 156 155 155
 157 158 159 159 158 159 159 158 158 157 157 158 158 158 158 159 159 159
 159 159 159 159 159 159 159 159 159 159 158 158 158 159 158 159 160 160
 159 158 158 158 158 158 159 159 158 158 158 158 159 160 160 161 161 162
 162 161 162 162 162 161 161 160 160 160 161 161 161 162 162 163 163 163
 165 165 165 165 164 163 163 163 163 162 162 162 162 162 162 162 162 162
 163 162 162 164 165 165 165 166 166 166 166 167 167 168 168 169 169 170
 172 172 173 173 175 174 171 167 164 163 162 161 159 159 157 148 148 145
 142  29]"
"[ 29  28 155 154 155 156 157 158 157 157 157 158 157 155 155 157 157 157
 157 158 158 158 158 158 157 157 157 157 157 157 158 158 159 158 158 157
 157 157 158 158 157 157 156 156 157 157 156 155 156 155 155 156 156 156
 156 156 155 155 155 155 155 155 156 156 157 157 157 158 158 158 157 156
 157 158 159 159 160 160 159 159 159 158 158 159 159 159 159 160 160 160
 160 160 160 160 159 159 159 159 160 160 159 159 159 159 159 160 160 160
 160 159 159 159 159 160 160 159 159 158 159 159 161 161 161 162 162 162
 162 162 162 162 162 162 161 161 161 161 162 162 162 162 163 163 163 163
 165 166 166 166 166 166 166 166 167 167 167 166 166 166 166 166 165 165
 165 165 165 166 166 166 166 166 166 166 166 167 167 167 165 165 166 166
 167 167 167 167 171 172 172 173 175 178 180 180 177 174 174 170 169 166
 160  28]"
"[ 29  28 155 154 156 158 158 159 158 157 157 158 157 156 156 157 157 158
 158 159 159 159 159 159 159 158 158 158 158 159 160 160 160 159 159 158
 158 158 159 159 158 158 158 158 159 159 158 158 157 157 157 158 158 158
 158 157 157 157 157 156 156 156 157 157 158 158 159 159 159 159 158 158
 157 158 159 160 161 161 160 159 159 159 160 160 160 158 159 159 161 161
 161 161 161 160 160 159 159 159 160 160 160 159 159 159 160 160 160 160
 160 160 160 161 160 161 161 160 160 160 160 160 162 162 162 162 162 163
 163 163 162 162 161 161 161 161 161 161 162 162 162 162 162 162 162 163
 163 164 165 165 165 165 165 166 166 166 166 166 166 166 166 166 167 167
 167 166 166 167 167 167 168 168 168 168 169 169 169 168 167 167 167 167
 167 167 167 167 166 166 166 167 168 170 171 171 175 173 175 179 178 180
 177  32]"
"[ 30  28 156 155 157 159 159 160 159 158 157 157 157 157 157 157 158 159
 159 159 160 160 160 159 159 159 158 158 158 159 160 160 159 159 159 159
 159 159 159 159 158 158 158 159 159 160 160 159 158 158 158 159 160 160
 159 158 159 159 158 158 158 158 159 159 159 159 159 160 160 160 159 159
 158 158 158 160 160 160 160 160 159 160 161 160 159 159 159 160 161 161
 161 162 161 161 160 160 160 160 161 161 161 161 161 161 161 161 161 160
 160 160 160 161 161 161 161 161 161 161 161 161 162 162 162 162 162 162
 163 163 163 162 162 162 162 162 162 162 162 162 162 162 162 162 162 163
 166 166 167 167 167 166 167 167 167 167 167 167 167 167 167 167 167 167
 167 167 167 168 168 168 169 169 170 170 171 172 171 171 171 171 171 171
 170 170 170 170 171 171 170 169 170 171 171 169 165 165 165 169 166 169
 172  26]"
"[ 30  28 156 156 157 158 158 159 160 158 157 157 158 158 157 157 158 159
 159 159 160 160 160 160 159 159 159 159 159 160 160 160 159 160 160 161
 161 160 160 160 158 158 158 159 160 160 160 160 159 159 160 161 161 161
 160 159 160 159 159 159 159 159 159 160 160 160 160 160 161 161 161 160
 159 158 158 159 159 159 160 161 161 162 162 161 160 160 161 161 161 161
 162 162 162 161 161 161 162 162 162 162 162 162 163 163 162 162 162 161
 160 160 160 161 161 161 161 161 161 162 162 162 162 162 161 161 162 162
 163 163 165 164 164 163 163 163 163 163 164 164 164 163 163 163 164 164
 167 168 168 168 167 167 167 167 168 168 168 168 168 168 168 168 167 168
 168 168 169 170 171 171 170 170 170 171 172 172 172 171 172 172 173 172
 172 171 171 172 171 171 170 170 171 172 172 171 172 174 169 170 168 167
 171  29]"
"[ 29  28 157 156 157 157 157 158 159 159 158 158 158 159 158 158 158 158
 159 159 160 160 160 160 159 159 159 159 159 160 160 160 159 160 161 162
 162 162 161 160 159 159 159 160 160 161 161 162 161 161 161 162 162 162
 161 161 161 161 160 159 159 160 160 159 161 161 161 161 162 162 162 162
 160 159 159 159 159 158 159 161 162 163 162 161 160 161 162 162 162 162
 162 162 162 162 162 161 162 162 162 162 162 163 162 162 162 162 162 161
 160 160 160 161 162 161 161 161 162 162 162 162 162 162 162 162 162 163
 164 164 166 165 165 164 164 164 164 164 164 164 165 164 163 163 164 165
 166 166 166 166 166 165 166 166 167 166 166 166 166 166 166 166 167 168
 169 170 170 171 172 172 171 171 171 171 171 172 171 171 172 172 173 172
 172 171 172 173 174 174 173 172 172 172 172 171 170 172 167 170 173 171
 170  30]"
"[ 29  29 158 157 157 158 158 159 159 159 159 159 159 160 159 159 158 158
 159 159 160 160 160 160 159 160 160 160 160 160 159 159 159 159 160 161
 161 161 161 161 160 160 160 161 161 161 162 162 162 162 162 162 163 163
 162 162 162 162 161 160 161 161 161 161 161 161 161 161 162 162 162 162
 161 160 161 161 160 158 159 162 162 163 163 161 161 162 163 162 164 164
 163 163 162 162 162 162 162 162 162 163 163 163 162 161 162 163 163 162
 162 162 162 162 163 162 162 162 162 162 162 162 162 162 162 162 163 164
 165 166 166 165 165 164 164 164 165 165 164 165 165 164 163 164 165 166
 167 168 168 168 168 167 167 168 168 168 167 167 167 167 167 167 167 169
 170 170 170 170 171 172 172 172 172 172 172 172 172 173 172 173 173 173
 172 172 173 174 174 174 173 172 172 173 174 173 173 173 172 174 175 175
 172  28]"
"[ 29  30 159 158 158 159 159 161 159 160 160 160 160 160 160 159 159 159
 160 160 160 160 160 160 160 160 161 161 161 160 160 159 158 159 159 160
 161 161 161 161 160 160 161 161 161 161 162 162 163 162 162 162 162 162
 162 162 162 161 161 161 162 162 162 162 161 161 160 161 161 162 162 162
 162 162 162 163 161 159 160 162 163 164 164 163 163 164 164 163 166 165
 164 163 163 162 162 162 162 163 164 165 165 165 163 162 164 164 165 165
 165 165 165 165 164 164 163 162 162 162 162 162 162 162 162 162 163 164
 165 166 166 166 165 165 165 165 166 166 165 165 165 165 164 164 166 167
 168 169 169 169 168 167 167 168 168 168 168 167 167 167 167 167 168 170
 171 171 170 170 171 172 172 172 172 172 171 172 173 174 172 173 173 173
 172 172 173 174 175 175 175 173 173 174 174 174 176 174 176 176 172 175
 174  29]"
"[ 28  29 160 160 158 159 160 161 160 160 160 160 160 160 160 160 160 160
 160 160 161 161 161 160 160 160 161 161 161 161 161 161 161 160 159 160
 161 161 161 160 159 160 160 161 161 162 162 162 161 162 162 162 162 164
 163 162 162 162 162 162 162 162 163 163 163 163 162 161 162 163 164 165
 164 163 162 162 161 161 161 161 162 164 165 166 165 165 165 165 166 165
 164 164 163 163 163 164 164 164 165 165 165 165 164 164 165 167 168 168
 167 166 166 165 166 166 165 164 164 164 165 165 165 164 164 164 165 165
 166 167 167 166 166 166 165 164 165 166 165 165 165 165 165 165 166 167
 166 167 168 168 168 168 167 168 169 168 167 167 168 168 168 167 167 168
 170 171 171 170 170 170 170 171 171 171 171 171 172 172 173 173 173 173
 172 172 173 174 175 174 173 173 173 173 174 174 175 174 174 174 173 172
 174  29]"
"[ 29  29 161 161 160 160 161 162 161 161 161 161 161 160 160 160 160 160
 160 161 161 161 161 161 161 161 162 162 162 162 161 161 161 160 160 160
 161 162 161 161 161 161 161 161 162 162 162 162 161 162 162 162 162 163
 162 161 161 162 162 162 162 163 164 165 162 162 161 161 161 162 163 164
 165 165 164 163 162 161 161 161 162 163 165 166 166 166 167 167 167 167
 166 165 165 165 166 166 166 166 166 166 166 166 166 166 166 168 169 168
 167 167 167 167 168 167 166 166 166 166 166 167 166 165 165 166 166 166
 166 167 166 166 166 166 166 165 166 167 166 166 165 165 165 166 166 166
 167 167 168 168 167 167 167 167 168 168 169 169 169 169 169 169 168 169
 170 171 171 172 172 173 172 173 173 173 173 173 174 175 174 174 174 174
 174 175 175 176 176 176 176 175 175 175 176 176 176 176 176 176 175 175
 176  30]"
"[ 29  29 161 161 160 160 161 161 162 162 162 161 161 161 161 161 160 161
 162 162 162 161 161 161 162 162 162 162 162 162 162 162 161 161 161 161
 162 162 162 161 162 162 162 162 162 162 162 162 162 163 163 162 162 162
 162 161 161 161 161 162 162 163 164 165 164 163 162 162 162 163 164 164
 165 166 165 164 163 162 162 162 163 164 166 167 167 167 168 168 168 167
 166 166 165 166 167 167 166 166 166 166 166 166 167 167 166 168 168 168
 167 168 168 169 168 168 168 167 167 167 168 168 168 167 167 168 168 167
 167 167 166 166 167 167 167 167 167 168 167 166 166 166 167 167 167 167
 167 167 167 167 167 168 168 168 168 169 171 170 169 169 170 171 169 169
 169 169 171 172 173 173 173 173 173 173 173 173 174 175 175 174 173 174
 175 176 176 176 176 176 176 176 176 176 177 177 176 175 175 175 175 175
 176  29]"
"[ 29  29 160 161 160 160 161 162 162 162 162 162 162 161 161 161 160 161
 162 162 162 161 161 161 162 162 163 163 163 163 163 163 162 162 162 162
 163 163 163 163 162 162 162 162 163 163 164 164 163 163 164 163 162 162
 162 162 162 162 162 161 161 162 163 164 165 165 164 164 164 164 165 165
 165 166 166 165 164 164 165 165 165 166 167 167 167 167 167 168 168 167
 166 166 165 166 166 167 166 166 166 166 166 166 167 167 167 168 168 168
 168 169 170 170 170 169 169 169 169 169 169 170 169 169 169 169 169 168
 168 168 167 167 168 168 168 168 168 169 168 167 166 167 168 169 169 169
 167 167 167 167 168 169 170 169 170 171 172 171 170 169 170 172 170 170
 169 169 170 171 172 172 173 173 173 173 172 173 173 174 175 174 174 174
 175 176 176 175 175 175 175 175 176 176 176 176 175 174 174 174 176 176
 176  28]"
"[ 29  29 160 161 160 161 162 162 162 162 162 162 162 161 161 161 160 161
 162 163 162 162 162 162 162 162 162 163 163 163 163 163 163 163 163 163
 164 164 164 164 162 162 162 163 163 164 165 165 163 163 164 163 162 162
 162 162 162 162 162 161 161 162 163 164 166 165 165 165 165 165 165 165
 165 166 167 167 166 166 167 168 167 168 168 167 166 166 167 168 169 168
 168 167 167 167 167 167 167 167 166 166 166 167 168 168 167 168 169 169
 170 171 171 171 171 171 171 171 171 171 171 171 171 170 170 170 169 169
 169 170 170 169 169 169 169 168 169 170 169 168 168 169 170 171 170 170
 169 169 168 169 170 171 171 171 171 172 172 172 171 171 171 172 172 171
 171 172 173 173 173 173 174 174 174 174 173 173 174 174 175 175 175 175
 175 176 177 177 176 175 176 176 177 177 177 177 177 176 176 176 178 179
 177  29]"
"[ 29  29 160 160 160 161 162 162 162 162 162 162 162 161 161 160 160 161
 162 163 163 162 162 162 162 162 163 163 164 164 164 164 164 164 164 164
 165 165 165 165 163 163 163 163 164 164 165 165 163 163 163 163 163 162
 162 163 163 163 162 162 162 163 164 165 166 166 166 166 165 165 165 166
 165 166 167 166 166 166 166 167 168 168 168 167 166 166 168 169 169 169
 169 168 168 168 168 168 167 167 167 167 167 167 168 168 167 168 169 169
 170 171 171 171 171 171 171 171 171 171 171 171 172 171 170 170 170 170
 170 171 171 171 170 170 169 169 169 170 171 170 170 170 171 171 171 170
 171 171 171 171 171 171 171 171 171 171 171 172 172 173 173 173 172 172
 173 173 174 175 175 175 175 175 175 175 174 174 174 175 175 175 175 176
 176 177 178 179 178 177 177 178 179 179 179 178 178 178 178 178 180 180
 178  29]"
"[ 29  28 159 160 160 161 162 162 162 162 162 162 162 161 161 161 160 161
 162 163 163 163 163 162 163 163 164 164 165 165 165 165 165 165 165 165
 165 165 165 165 165 165 165 164 164 164 165 165 164 163 163 163 164 163
 163 164 164 164 163 163 163 164 166 167 166 166 166 166 166 166 166 166
 166 166 166 166 166 166 166 166 168 168 168 168 167 167 168 169 168 168
 169 169 169 169 168 168 168 168 168 168 168 168 168 168 168 168 168 168
 169 170 171 171 171 171 171 171 171 171 171 171 171 171 171 171 172 171
 171 172 172 172 171 171 171 170 170 170 171 171 171 171 171 171 171 171
 172 172 172 172 172 171 171 171 172 172 172 172 173 173 173 174 173 173
 174 174 174 175 175 175 175 175 176 176 176 176 176 176 176 175 175 176
 177 178 179 179 179 179 178 178 179 180 180 179 179 179 179 178 180 181
 178  29]"
"[ 29  29 160 161 161 162 162 162 162 162 162 162 162 162 161 161 160 160
 161 163 164 164 163 163 164 165 165 165 165 166 166 166 166 166 166 166
 166 166 166 166 166 165 165 165 165 165 165 165 165 163 163 164 165 164
 164 165 165 165 164 164 164 165 167 168 166 166 166 167 166 166 166 166
 167 167 167 167 168 168 168 168 168 169 169 169 168 168 168 169 168 168
 169 170 170 170 169 169 169 169 169 170 170 169 169 169 169 169 169 168
 169 170 171 172 171 171 171 171 171 171 171 171 171 171 171 172 173 172
 172 172 172 172 172 172 172 170 170 171 171 171 171 171 171 172 172 172
 171 172 172 172 172 171 171 171 172 173 173 173 173 173 173 174 174 174
 175 175 174 174 175 175 175 176 177 178 178 177 177 177 178 176 175 176
 178 180 179 178 181 180 179 179 180 180 180 179 180 180 181 180 181 182
 179  30]"
"[ 29  28 159 160 160 161 161 162 162 163 163 162 162 162 162 161 161 161
 162 163 163 162 162 163 164 165 165 166 166 166 166 167 166 166 166 166
 166 166 166 166 167 167 166 165 164 165 165 165 164 164 165 165 166 166
 166 166 166 166 165 165 165 166 166 167 167 167 167 167 167 167 167 167
 167 167 168 167 166 166 168 169 168 170 169 167 168 168 169 172 170 169
 169 169 169 170 170 170 169 169 169 169 169 169 169 169 169 169 170 170
 169 169 170 171 171 173 173 172 171 172 171 170 172 171 172 173 173 171
 170 171 173 170 171 172 171 171 170 173 171 170 173 171 169 172 171 172
 171 172 171 171 173 172 174 173 173 173 174 175 176 174 173 174 175 176
 175 175 175 176 176 176 177 178 179 179 179 178 178 178 178 178 178 178
 179 181 181 181 181 181 180 180 180 181 182 182 183 182 181 183 183 183
 182  28]"
"[ 29  28 159 161 161 161 162 162 162 162 162 161 161 161 161 160 160 160
 161 161 161 161 162 163 164 165 165 166 166 166 166 167 166 166 166 166
 166 166 166 166 168 168 167 166 165 166 166 166 166 166 166 166 167 167
 167 167 168 167 167 166 167 167 168 168 167 167 167 167 167 167 168 168
 168 168 169 168 168 167 168 169 168 169 168 168 169 169 170 173 170 170
 169 169 170 170 170 170 169 169 169 169 169 169 169 169 169 169 170 169
 168 168 169 170 171 172 173 172 172 172 172 171 171 170 170 169 171 173
 173 171 169 172 172 173 173 172 172 169 173 169 171 173 174 174 173 176
 176 177 175 170 171 173 171 172 173 175 175 174 173 174 175 175 175 176
 176 176 176 177 177 177 178 179 180 179 179 179 179 179 178 178 178 178
 179 180 181 180 180 180 180 181 181 182 183 184 184 183 182 184 183 183
 183  28]"
"[ 29  29 160 162 162 162 162 162 162 162 162 162 162 162 161 160 160 160
 160 161 161 161 162 163 164 165 165 165 165 166 166 167 167 166 166 166
 166 166 166 166 168 168 167 166 166 167 167 167 166 166 166 166 166 166
 167 167 168 168 167 167 167 167 168 168 168 168 167 167 167 168 168 168
 168 168 169 168 168 168 168 168 167 169 168 168 170 170 170 172 171 171
 170 170 171 171 171 171 170 171 171 171 171 171 171 170 170 170 170 169
 168 168 168 169 172 172 172 172 172 173 173 172 172 173 173 173 172 171
 170 169 169 173 172 173 172 170 173 171 171 173 176 170 159 144 128 124
 139 156 174 180 179 175 169 175 172 175 176 173 172 174 176 175 175 176
 177 178 178 179 178 178 178 179 180 180 179 180 180 179 179 179 179 179
 180 181 182 181 181 181 182 183 184 185 185 186 186 185 185 186 185 185
 184  29]"
"[ 29  29 160 162 162 162 162 162 162 162 162 162 163 163 163 161 161 161
 161 162 162 162 163 164 164 164 165 165 165 165 166 166 167 167 167 167
 166 166 166 166 167 167 167 166 166 167 167 167 166 166 165 165 165 166
 167 167 168 168 168 167 167 167 167 168 168 168 167 167 167 167 167 168
 168 168 168 168 168 168 168 168 168 169 169 169 171 171 171 172 172 171
 171 171 171 172 171 171 171 171 171 171 171 171 171 171 171 171 171 170
 170 169 169 170 172 172 172 172 172 173 173 172 172 170 169 170 170 170
 171 173 175 172 169 170 173 174 173 172 175 176 167 140 113  92  73  66
  66  76  92 120 152 177 179 172 171 174 175 174 174 175 176 175 175 177
 178 179 179 180 179 178 178 179 179 179 179 180 180 180 179 179 180 180
 181 183 183 183 182 182 183 185 186 187 187 187 187 187 186 187 187 187
 184  30]"
"[ 29  29 160 162 162 162 162 162 162 162 162 162 163 164 164 163 161 162
 163 164 164 163 164 164 164 164 165 165 165 165 165 166 167 167 167 167
 167 167 167 167 167 167 167 166 166 167 167 167 167 167 166 166 167 167
 168 169 169 169 169 169 168 168 168 169 169 168 168 167 167 167 167 167
 168 168 168 169 169 169 169 169 169 170 169 170 172 172 171 172 172 171
 171 171 171 171 171 171 171 171 171 171 171 171 171 171 171 171 171 171
 171 171 171 171 172 172 172 172 172 172 172 172 171 171 172 174 176 176
 174 170 172 172 175 172 169 171 170 174 177 163 137 104  80  67  57  54
  51  56  52  62  83 129 169 182 175 174 174 175 176 176 176 176 176 177
 178 178 179 179 179 178 178 179 179 179 179 180 180 180 179 180 180 180
 182 183 183 183 182 183 184 185 186 187 187 187 187 187 186 187 186 187
 184  29]"
"[ 29  29 160 162 162 162 162 162 162 162 162 162 162 163 164 164 162 163
 164 165 165 164 164 164 164 165 165 166 165 165 165 166 167 167 167 167
 167 167 167 167 168 168 168 167 167 167 167 167 167 167 167 167 168 168
 169 170 170 170 170 169 168 168 169 169 169 169 168 168 167 167 167 167
 168 168 168 168 168 169 169 170 168 169 169 169 172 172 171 172 172 171
 171 171 171 172 171 171 171 171 171 171 171 171 171 171 171 171 171 171
 171 171 171 171 172 172 172 172 172 171 172 174 170 174 174 169 166 168
 168 164 171 175 179 174 171 173 172 172 169 137 106  85  74  67  61  59
  59  60  50  47  44  72 126 176 180 176 174 175 175 175 176 177 177 177
 178 178 178 179 179 179 179 179 179 179 179 180 180 180 180 180 180 180
 181 182 182 181 182 182 184 185 186 186 186 186 187 187 187 187 187 188
 185  29]"
"[ 29  29 160 161 162 162 162 162 162 162 162 161 161 162 164 165 163 164
 165 166 166 165 165 165 165 166 166 166 166 166 166 166 167 167 167 167
 167 167 167 167 168 168 168 167 167 167 167 166 167 167 167 168 168 169
 170 170 170 170 170 169 168 168 168 169 169 169 169 169 169 168 168 168
 168 168 168 168 168 168 169 170 169 170 169 169 171 171 171 172 172 172
 172 172 172 172 172 171 172 172 172 172 172 172 172 172 171 171 171 171
 171 171 171 171 172 172 172 172 172 172 173 176 179 164 138 109  89  82
  80  80  84 113 144 174 181 172 173 170 149 113  89  79  71  66  62  59
  51  52  51  53  44  44  72 141 178 177 175 174 175 176 176 176 176 177
 178 178 179 179 180 179 179 179 179 179 180 181 181 180 180 180 181 181
 182 182 182 181 182 182 183 185 186 186 187 187 188 188 187 188 188 189
 186  29]"
"[ 30  29 160 161 161 162 162 162 161 162 161 160 159 160 162 164 165 165
 166 166 166 165 166 166 166 166 167 167 167 166 166 166 168 168 167 167
 167 166 166 166 167 168 168 167 166 166 166 165 166 167 167 168 169 170
 170 170 170 170 171 170 168 168 168 169 168 168 169 169 170 170 169 169
 169 169 169 169 168 168 169 170 171 172 171 170 172 172 171 173 173 173
 172 172 173 173 172 172 172 172 172 172 172 172 172 172 171 171 171 171
 171 171 171 171 172 172 172 173 172 172 175 178 156 125  91  71  63  59
  59  63  64  67  77 133 174 176 176 160 118  95  86  84  74  67  61  55
  54  51  47  46  51  49  47 107 172 175 176 175 175 176 176 174 175 177
 178 178 179 180 180 180 180 180 179 179 180 181 181 180 180 181 181 181
 182 183 183 182 182 183 184 185 186 187 188 188 187 187 187 187 187 189
 186  29]"
"[ 29  29 161 162 162 162 162 162 162 161 160 160 160 161 161 162 164 165
 167 167 166 166 167 168 166 166 165 165 166 166 166 166 166 167 167 166
 166 166 167 167 167 167 167 167 167 167 166 166 166 167 167 168 168 169
 170 171 172 171 171 170 169 168 169 169 169 169 170 170 171 171 171 171
 171 171 170 170 171 171 170 170 170 171 172 171 170 170 171 172 173 173
 173 173 172 172 172 172 171 171 172 172 172 172 172 172 170 171 171 171
 171 171 171 172 174 171 173 174 171 174 181 160 121  81  59  60  53  45
  46  48  45  44  46  70 138 171 168 133  94  90  88  82  71  65  64  62
  52  53  52  47  49  49  50  66 149 178 170 174 173 173 176 175 178 176
 179 180 177 179 181 177 180 180 180 180 181 181 181 181 181 182 182 182
 182 182 182 183 182 182 183 184 186 187 187 187 187 187 186 188 187 188
 188  29]"
"[ 29  29 161 162 162 162 162 162 162 162 161 161 160 161 162 163 164 166
 167 167 166 166 167 168 167 167 166 166 166 166 166 166 166 167 168 167
 167 167 167 167 168 168 167 167 167 167 167 167 167 167 168 168 169 170
 171 172 170 170 170 170 169 168 168 169 170 170 170 171 171 171 171 171
 171 171 171 171 171 171 171 171 170 171 171 171 171 171 171 172 173 173
 173 173 173 172 172 172 172 172 172 172 172 172 172 172 171 171 172 172
 171 171 172 173 173 172 175 173 172 177 162 119  75  57  49  50  45  41
  42  40  43  47  41  41  68 135 160 114  88  87  86  84  77  71  68  65
  60  57  53  53  58  57  52  55 125 175 179 179 179 180 179 180 177 179
 177 179 181 179 181 183 181 181 181 182 182 182 182 182 181 181 182 182
 182 182 183 184 184 184 184 186 187 188 188 188 187 188 188 190 189 189
 188  29]"
"[ 29  29 161 162 162 162 162 162 162 162 162 162 161 162 163 164 165 166
 167 167 166 166 167 168 167 166 166 166 166 166 166 166 166 167 167 167
 166 167 167 167 168 168 168 167 167 167 168 168 168 168 169 169 170 170
 171 172 170 170 171 171 170 170 170 170 170 171 171 171 171 171 171 171
 171 171 171 171 171 171 171 171 171 171 171 171 171 171 171 172 172 172
 172 172 172 172 173 173 172 172 172 173 173 172 172 172 171 171 172 172
 171 172 172 173 173 172 174 173 174 176 137  82  56  51  48  45  41  40
  41  40  42  39  39  43  39  91 130  99  84  85  83  81  79  75  72  71
  68  65  60  60  62  60  56  52 106 168 178 172 173 176 174 176 174 180
 185 177 177 181 176 178 181 181 181 181 182 182 182 182 181 181 181 181
 181 182 183 184 185 185 185 186 187 188 188 188 187 188 188 190 189 189
 188  28]"
"[ 29  29 161 162 162 162 162 162 162 162 163 162 162 162 163 165 165 166
 167 166 166 166 167 168 166 166 166 166 167 167 167 167 166 167 167 167
 167 167 167 167 168 167 167 167 167 168 168 169 169 169 169 169 170 171
 171 172 171 172 172 171 171 171 171 171 171 171 171 171 171 171 171 171
 170 171 171 171 171 171 171 171 171 171 171 171 171 172 172 172 171 171
 172 172 172 172 172 172 172 172 172 172 172 172 172 172 171 171 171 171
 171 172 172 172 174 172 172 173 173 161 109  70  65  57  48  43  42  40
  39  40  39  38  41  41  38  58  97  88  80  83  81  79  79  76  71  71
  69  70  66  66  62  59  60  52  90 141 146 126 111 108 107 111 116 138
 171 188 186 180 178 180 180 180 180 180 181 181 181 181 182 182 181 181
 181 182 183 184 186 186 186 187 187 188 188 188 187 188 188 190 189 189
 188  28]"
"[ 29  30 162 162 162 162 162 162 162 162 163 162 162 162 163 164 165 166
 166 166 165 166 167 168 167 167 167 167 168 169 168 168 167 168 168 168
 168 169 168 168 166 166 167 167 168 168 168 168 169 169 169 169 170 170
 171 171 172 171 171 170 170 171 171 171 171 171 171 171 171 171 171 171
 171 171 172 171 171 171 171 172 172 172 172 172 172 172 173 173 172 172
 172 172 172 172 172 172 173 173 173 173 173 173 173 173 172 172 172 172
 172 172 172 172 174 174 170 171 171 142  83  67  65  57  47  44  46  43
  39  39  40  41  41  36  40  41  70  75  73  78  81  80  80  75  68  67
  66  66  64  66  64  62  60  47  55  71  67  58  56  60  56  48  45  58
  82 141 183 184 184 178 180 180 180 180 181 182 182 182 181 181 181 181
 181 182 183 185 187 187 187 188 188 188 188 188 188 189 188 190 189 189
 188  29]"
"[ 29  30 162 163 162 162 162 163 162 162 162 162 162 162 163 164 164 165
 165 165 165 166 166 167 168 167 167 168 168 168 168 168 167 168 168 168
 168 169 168 168 166 166 166 167 167 168 168 168 168 168 168 169 170 170
 170 170 172 171 170 169 170 170 171 171 171 171 171 171 171 171 171 171
 172 172 172 172 172 172 172 172 172 172 172 172 172 172 173 173 174 173
 173 173 173 173 173 172 174 174 174 174 174 174 174 174 173 172 172 172
 172 173 173 172 172 175 171 172 172 129  71  68  63  60  53  47  47  47
  43  41  41  39  41  45  46  42  55  62  67  72  76  77  76  72  67  63
  62  61  59  60  59  60  57  47  41  43  47  49  47  50  51  46  38  40
  45  74 135 181 184 180 180 180 180 180 181 182 182 182 180 180 180 181
 181 182 184 185 187 187 188 188 187 187 188 188 188 189 188 190 189 189
 188  29]"
"[ 28  30 162 163 162 162 162 163 163 163 162 162 162 162 162 163 164 164
 165 166 166 166 166 167 167 166 166 167 167 168 167 167 166 167 167 167
 168 168 168 167 167 167 167 167 167 167 167 167 168 168 168 169 170 170
 170 170 171 170 169 169 170 171 171 171 171 171 171 171 171 172 172 172
 173 173 172 172 173 173 173 172 172 172 173 173 172 172 173 173 174 174
 173 173 173 173 173 173 173 173 173 173 174 174 174 174 173 173 172 172
 172 172 172 172 172 174 173 175 171 117  67  69  65  63  57  51  47  47
  46  44  41  42  45  44  42  45  50  52  59  63  68  70  69  67  64  59
  57  55  55  52  51  53  51  48  41  34  39  45  47  48  46  42  42  39
  39  34  80 158 186 186 180 180 180 180 181 182 182 182 180 180 181 181
 182 183 185 186 186 187 187 187 187 187 187 188 188 189 188 191 189 189
 188  29]"
"[ 28  29 162 163 162 162 163 163 163 163 162 162 162 162 162 162 163 164
 165 166 166 166 167 167 166 166 166 167 168 168 168 168 167 167 167 167
 168 169 168 167 169 168 168 167 167 167 167 167 168 168 168 169 170 170
 170 170 169 169 169 169 170 171 171 171 171 171 171 172 172 172 172 172
 173 172 172 172 172 173 172 172 172 173 173 173 172 172 172 173 173 173
 173 173 173 173 173 173 173 173 173 173 173 173 174 174 173 172 171 171
 172 172 171 171 175 172 174 177 165 105  62  68  66  62  59  57  53  50
  50  49  48  44  48  45  45  42  42  48  51  54  62  66  66  65  60  51
  51  49  51  48  48  50  44  42  37  31  37  40  42  43  42  43  40  40
  40  36  35  89 168 187 180 180 180 181 182 182 183 183 180 181 181 182
 182 183 184 185 187 187 188 188 187 187 188 189 188 190 189 192 191 191
 189  29]"
"[ 29  28 164 162 164 163 163 162 162 162 162 162 162 163 163 163 163 165
 166 166 165 166 167 167 166 167 167 166 166 167 167 167 168 168 168 168
 168 168 169 169 168 168 168 168 168 169 169 168 169 169 170 170 171 171
 171 171 170 170 170 170 171 171 171 171 171 171 172 172 172 172 172 172
 172 172 173 173 173 173 173 173 172 172 172 172 172 172 172 172 172 172
 173 173 174 174 174 174 174 172 173 175 173 173 175 173 173 175 175 178
 179 175 175 176 174 174 173 175 161  91  63  64  66  62  59  57  54  52
  51  48  48  46  46  46  45  43  41  41  44  48  56  62  62  59  55  51
  49  49  48  48  47  44  42  39  31  30  33  38  41  43  44  42  38  40
  39  39  36  51 122 181 187 180 178 181 181 183 185 182 183 182 182 182
 184 186 186 186 187 188 188 187 187 187 188 188 190 189 190 192 194 192
 190  28]"
"[ 29  29 165 163 164 163 163 162 162 162 162 162 163 164 164 164 165 166
 166 165 165 165 166 166 166 166 167 166 167 168 168 167 168 167 167 167
 167 168 168 167 168 167 167 167 168 168 168 167 169 170 170 171 171 171
 171 171 171 171 171 171 171 171 171 171 171 171 172 172 172 172 172 172
 172 172 172 173 173 173 173 173 172 172 172 172 172 172 172 172 172 172
 173 174 174 174 174 174 173 172 175 174 174 176 174 175 178 177 172 160
 148 146 153 161 171 180 176 175 159  87  62  66  65  61  58  56  52  51
  49  46  46  46  46  46  45  41  38  38  39  43  51  57  58  57  55  52
  49  48  46  45  43  42  39  37  30  29  32  39  42  44  44  43  42  39
  40  44  48  39  66 152 185 186 179 179 179 180 181 181 182 182 181 182
 184 185 186 186 186 187 187 187 187 187 188 188 190 190 191 192 194 192
 191  29]"
"[ 29  29 165 163 165 164 163 162 162 162 162 163 163 164 165 166 166 167
 166 165 164 165 165 166 165 166 167 167 167 168 168 168 170 168 167 167
 168 168 168 167 168 168 168 168 168 169 168 168 168 170 171 172 171 171
 171 171 171 171 171 171 171 171 171 170 171 171 172 172 172 172 172 172
 172 172 173 173 173 173 173 173 172 172 172 172 172 172 173 173 173 173
 173 174 174 174 174 174 175 173 174 171 170 173 173 177 167 139 111  83
  65  64  66  72 100 148 178 178 146  78  63  61  62  59  56  53  49  47
  45  43  42  43  44  45  43  39  35  33  32  36  45  52  55  55  55  52
  50  48  45  43  42  40  38  37  29  26  30  39  44  44  45  45  43  42
  47  44  46  46  43  93 165 185 180 180 180 181 182 185 183 183 183 183
 184 185 186 187 186 187 187 187 188 188 189 189 190 190 192 193 195 193
 191  29]"
"[ 29  29 166 164 165 164 164 163 162 162 162 163 163 164 165 166 166 167
 166 165 164 164 165 165 166 167 168 168 168 169 168 168 169 169 168 168
 168 168 168 167 168 168 168 169 169 169 168 168 168 170 171 172 171 171
 171 171 171 171 171 171 171 171 171 171 171 171 172 172 172 172 172 172
 173 173 173 173 173 173 173 173 172 172 172 172 172 172 173 173 173 174
 174 174 174 174 174 174 174 172 173 174 171 174 178 173 130  92  70  60
  57  58  52  53  55  85 132 166 138  72  66  65  59  56  54  51  46  44
  42  40  39  39  40  41  40  37  32  29  28  32  41  49  52  54  53  51
  49  47  44  42  41  40  38  37  29  23  27  38  45  46  46  46  48  44
  47  48  47  50  47  54 123 172 179 179 180 180 181 184 183 183 183 184
 184 185 186 187 186 187 187 188 188 188 189 189 189 190 192 193 195 193
 191  28]"
"[ 28  29 166 164 166 165 165 164 164 164 164 164 164 165 166 166 166 166
 166 165 164 165 165 165 167 168 168 168 168 169 168 167 168 168 169 169
 168 168 168 168 168 168 168 168 169 169 168 168 168 170 171 172 171 171
 171 171 171 171 171 171 171 171 171 171 171 171 172 172 172 172 172 173
 174 173 173 173 173 173 172 172 172 171 171 171 172 172 173 173 174 174
 174 174 174 174 174 174 172 172 172 176 173 177 173 140  81  58  55  56
  56  55  49  51  47  46  78 130 124  72  63  59  57  54  52  49  44  42
  41  39  38  38  37  38  38  35  30  26  26  30  39  47  51  52  51  48
  46  44  41  40  39  38  37  35  30  23  25  37  45  47  48  48  50  50
  50  50  51  46  47  47  86 158 182 180 180 181 181 182 182 182 182 183
 183 184 185 185 186 186 187 187 187 187 187 188 189 191 192 193 195 194
 192  29]"
"[ 28  29 166 164 165 165 165 165 166 165 165 165 165 166 166 167 166 166
 166 165 165 165 165 165 167 167 168 168 168 168 168 168 167 169 170 169
 168 168 168 169 168 168 168 168 169 170 169 169 169 170 171 171 171 171
 171 171 171 171 171 171 171 171 171 171 171 171 172 172 172 172 173 173
 173 173 173 172 172 172 172 172 171 171 171 171 172 172 173 173 174 174
 174 174 174 174 174 174 174 175 172 172 172 179 158  99  59  50  50  48
  46  48  48  50  48  49  52  70  78  61  62  59  53  51  50  47  42  39
  39  37  38  38  36  36  36  34  29  24  24  27  36  44  47  49  48  45
  40  39  37  36  36  36  35  33  31  23  25  36  45  48  49  50  49  51
  54  48  50  47  47  48  64 146 186 181 181 181 184 183 182 182 182 182
 183 184 185 185 186 187 187 187 187 187 187 187 190 191 192 193 195 194
 192  29]"
"[ 29  29 166 164 165 165 165 166 166 166 165 165 165 166 167 167 166 166
 166 166 165 166 165 164 166 167 167 167 167 168 168 168 168 169 170 170
 169 169 169 169 169 169 169 169 170 171 171 171 171 171 171 171 171 171
 171 171 172 171 171 171 171 171 171 171 171 171 172 173 173 173 173 174
 174 173 173 172 172 172 172 172 172 172 172 172 173 173 173 173 174 174
 174 174 174 174 174 174 174 174 174 171 175 177 136  76  48  44  42  41
  43  46  45  44  45  48  46  51  62  58  56  52  48  47  46  44  39  37
  37  36  36  37  36  35  34  32  28  24  23  25  32  38  41  43  43  41
  36  34  32  32  33  33  32  31  30  24  26  35  43  47  49  50  53  46
  48  52  50  48  49  50  55 136 186 179 179 179 183 182 183 183 183 183
 185 186 186 186 186 187 188 188 188 187 188 188 189 190 191 191 193 194
 192  29]"
"[ 30  30 166 164 165 164 165 166 166 165 165 165 165 166 167 167 166 167
 167 166 166 166 165 164 165 166 166 166 167 168 169 169 169 169 169 169
 169 168 168 167 169 169 168 168 169 170 171 171 172 171 171 171 171 171
 171 171 172 172 172 172 171 171 171 171 171 172 172 173 173 173 174 174
 174 174 173 173 173 173 173 173 172 172 173 173 173 173 173 173 174 174
 174 174 174 174 174 174 174 171 177 173 175 163 104  53  46  44  40  41
  43  42  44  46  46  47  50  51  54  55  55  47  46  45  45  43  38  36
  36  36  33  35  35  33  32  30  27  24  23  24  29  34  36  38  39  37
  33  31  29  29  30  31  30  29  28  24  26  35  41  45  48  49  48  54
  46  49  47  48  51  48  60 135 190 182 181 179 184 182 184 183 183 184
 186 187 187 187 186 186 187 187 187 187 188 188 188 189 190 189 192 192
 192  28]"
"[ 29  28 166 164 164 164 166 166 167 166 166 166 166 166 166 166 167 168
 167 167 166 166 165 164 165 166 166 166 167 167 168 168 168 168 169 169
 168 167 167 167 168 168 167 167 168 169 170 171 171 172 171 171 170 171
 171 172 172 172 172 171 171 171 171 171 172 172 173 173 173 174 174 174
 174 174 173 173 173 173 173 173 172 173 174 174 173 173 174 175 174 174
 174 174 174 174 174 173 174 173 171 173 175 145  74  48  48  44  41  41
  43  44  45  46  47  49  50  49  48  49  47  43  43  42  40  39  38  37
  34  32  33  33  33  33  31  30  28  23  20  22  23  26  28  30  30  28
  26  26  25  25  25  25  25  25  24  23  26  33  40  44  46  48  48  48
  47  46  46  48  46  44  64 148 187 184 180 182 184 183 184 183 182 184
 186 187 187 187 187 187 187 188 187 187 187 188 188 188 189 190 193 193
 192  29]"
"[ 29  28 166 165 165 165 166 166 166 166 165 165 166 166 166 166 167 167
 167 166 166 165 164 164 166 166 166 166 167 168 168 168 168 168 169 169
 168 167 167 167 169 168 168 168 169 169 170 171 172 172 172 172 171 171
 172 172 172 172 172 171 171 171 171 171 173 173 173 173 174 174 174 174
 173 173 173 173 173 173 172 172 172 173 173 173 173 173 173 174 174 174
 174 174 174 174 173 173 174 173 172 170 169 120  62  45  44  41  39  40
  43  46  47  48  48  48  48  48  47  45  43  41  40  40  40  39  38  36
  35  34  32  32  32  32  31  30  27  22  18  19  20  22  24  26  26  25
  25  24  24  23  24  23  23  23  23  22  25  31  38  43  45  47  47  47
  47  46  46  46  44  42  67 157 187 180 184 183 180 185 186 185 185 185
 186 187 187 187 188 188 188 189 188 188 188 189 189 189 189 190 193 192
 191  29]"
"[ 29  28 166 166 166 166 166 166 166 166 166 166 166 167 167 166 167 167
 166 166 166 165 165 165 166 166 166 167 167 168 168 168 168 168 169 169
 168 168 167 167 168 168 168 168 168 169 169 169 171 171 171 171 171 171
 171 171 172 172 172 172 172 172 172 172 173 173 174 174 174 174 174 174
 173 173 173 173 174 173 172 171 172 173 173 173 173 173 173 174 174 174
 174 175 175 174 174 173 173 171 173 170 161  94  57  48  44  41  40  41
  44  45  46  46  48  47  46  47  45  41  38  36  35  37  38  37  36  34
  34  34  32  31  32  32  32  31  27  21  16  17  17  19  20  22  23  24
  23  23  22  22  22  22  21  21  21  20  22  28  36  41  44  46  44  45
  45  45  44  43  41  40  69 155 187 183 182 183 182 184 186 186 186 186
 186 187 187 187 186 186 186 187 187 186 187 188 190 189 190 190 192 192
 191  28]"
"[ 29  28 166 166 167 166 167 165 166 166 166 166 166 167 167 166 167 167
 166 165 165 165 166 166 167 167 167 167 167 168 168 168 168 168 169 169
 168 168 168 168 168 168 168 168 168 168 168 168 170 171 171 171 171 171
 171 171 172 172 172 172 172 172 172 172 173 173 174 174 174 174 174 174
 174 174 174 174 174 174 173 172 173 173 174 174 174 173 174 174 174 174
 175 175 175 175 174 173 173 169 173 171 146  74  55  49  43  42  41  42
  43  43  42  42  45  45  45  46  45  40  35  32  32  33  35  35  34  32
  31  31  31  30  31  31  30  30  26  20  16  16  17  18  19  20  22  23
  22  21  21  20  20  20  20  20  19  17  19  25  34  40  43  45  42  42
  42  42  41  41  40  40  66 148 186 185 181 183 183 183 185 185 186 186
 186 186 187 187 187 187 187 188 188 188 188 189 190 190 190 190 193 192
 191  28]"
"[ 29  29 167 167 167 167 167 165 165 165 165 165 166 166 166 165 166 166
 165 164 164 165 165 165 167 167 167 167 167 168 168 168 167 168 168 169
 169 169 169 169 169 169 168 168 168 168 169 169 171 171 172 172 171 171
 171 171 172 172 172 172 172 172 173 173 173 173 174 174 174 175 175 175
 174 174 173 173 174 174 173 173 173 173 174 174 174 174 174 174 173 174
 174 175 175 174 174 173 173 170 175 168 118  54  49  42  41  40  39  40
  41  41  40  40  40  43  45  45  45  42  36  31  31  32  33  34  33  32
  30  28  29  28  27  28  27  28  25  19  16  15  16  17  18  19  20  22
  20  19  18  18  18  19  19  19  18  16  17  24  32  38  41  42  40  40
  39  38  38  38  40  41  53 138 184 182 184 183 179 184 184 185 186 187
 186 186 187 187 187 187 187 188 188 188 189 190 189 189 190 190 193 193
 192  29]"
"[ 29  29 167 167 167 166 167 165 165 165 165 165 166 166 166 166 166 166
 165 165 165 165 165 166 167 167 167 167 167 167 167 168 167 167 168 169
 169 169 169 169 169 168 168 168 168 168 169 170 171 171 172 171 171 171
 171 172 172 172 172 172 173 173 173 173 173 173 173 174 174 174 174 174
 174 173 173 173 173 173 173 173 172 173 173 173 173 173 173 173 173 173
 173 174 173 173 173 173 171 172 176 158  90  41  43  38  39  39  38  39
  39  38  38  38  38  42  44  44  44  43  38  31  29  29  30  31  31  30
  28  26  27  26  25  25  25  26  24  19  16  15  15  17  18  18  19  20
  20  19  18  18  18  19  19  19  18  16  17  23  30  34  36  37  38  37
  36  35  34  35  37  40  39 113 180 182 182 181 182 184 184 185 187 187
 187 187 187 187 186 186 186 187 187 187 187 189 189 189 190 190 193 193
 192  30]"
"[ 29  29 167 167 167 166 166 166 166 166 166 166 167 168 167 167 166 166
 166 166 166 166 166 166 167 167 167 167 167 167 167 167 167 167 168 168
 168 168 168 168 168 167 167 167 168 168 169 169 171 171 171 171 170 170
 171 172 172 172 172 172 173 173 173 173 173 173 173 173 174 174 174 173
 173 173 173 173 173 174 173 173 172 173 173 173 173 173 173 173 173 173
 173 173 173 173 173 173 171 173 171 141  71  38  39  37  38  37  37  36
  36  35  36  37  37  39  40  40  41  40  36  32  26  26  26  26  26  26
  25  24  25  24  24  24  24  25  24  20  16  14  14  16  17  17  18  19
  20  19  19  19  19  19  18  17  17  15  17  22  28  31  32  32  34  32
  31  31  31  31  33  35  34  93 179 184 179 181 188 183 185 185 187 187
 187 187 187 186 188 188 188 188 188 188 189 190 189 189 190 190 193 193
 192  29]"
"[ 29  29 167 167 166 165 166 166 166 166 166 166 167 168 167 167 166 166
 166 166 166 166 166 166 167 167 167 167 167 167 167 167 167 168 168 168
 167 167 167 167 167 167 168 169 169 170 170 170 172 172 172 171 171 171
 172 172 172 172 172 173 173 173 173 173 173 173 173 173 173 173 173 172
 173 173 173 174 174 174 174 173 173 173 173 174 174 174 173 173 174 174
 174 174 174 174 174 174 173 173 164 126  62  38  35  35  34  33  33  33
  33  33  35  36  38  36  36  37  38  36  33  32  23  23  23  23  23  23
  24  25  23  23  23  23  22  24  23  19  16  13  12  14  16  16  17  18
  19  19  19  19  19  18  16  15  15  14  16  21  26  28  29  30  29  28
  27  28  29  28  30  32  36  93 183 184 183 182 185 183 184 184 186 187
 187 187 186 186 187 187 187 187 187 187 188 189 189 189 190 190 193 192
 191  29]"
"[ 29  30 164 165 164 166 165 166 166 166 166 166 167 168 168 167 167 166
 166 166 166 167 167 167 167 167 167 166 166 166 166 166 167 167 166 166
 166 167 167 167 167 167 167 167 167 168 168 169 170 170 171 172 171 171
 171 171 172 172 172 172 172 172 173 173 173 173 173 173 173 173 173 173
 173 173 173 173 174 174 173 173 174 174 174 174 174 174 174 174 174 174
 174 174 174 174 173 173 174 172 167 117  52  43  31  33  32  32  32  32
  33  33  33  33  32  34  34  33  32  32  31  30  24  19  18  20  20  20
  20  20  20  20  21  20  20  20  20  19  17  13  12  14  16  17  18  20
  18  19  19  19  18  17  17  17  15  15  16  20  24  26  26  25  23  24
  25  25  26  27  29  30  31 109 181 186 184 182 183 185 184 185 186 186
 186 186 186 187 187 187 187 187 187 187 188 188 188 190 191 191 193 192
 191  29]"
"[ 29  29 164 165 164 166 164 166 166 166 166 166 167 167 167 167 167 167
 167 166 166 166 166 166 166 167 168 167 166 166 166 165 166 166 166 166
 166 166 166 167 167 167 167 167 167 168 168 168 168 169 170 171 171 171
 171 171 172 172 172 172 172 173 173 174 174 174 174 173 173 173 173 172
 173 173 173 173 173 173 173 173 173 173 174 174 174 174 174 174 174 174
 174 174 174 173 173 173 171 166 163 102  45  39  32  30  30  31  31  31
  31  31  31  32  30  31  31  30  29  28  27  26  25  19  17  18  19  19
  19  18  19  20  20  20  19  19  18  18  16  13  12  14  16  17  17  18
  18  18  17  17  17  16  16  16  16  15  16  19  23  24  23  22  24  24
  24  24  23  23  24  26  32 111 182 185 184 183 184 185 185 186 187 187
 187 186 187 187 188 188 188 188 188 188 189 189 189 189 190 190 192 191
 191  29]"
"[ 29  29 164 164 164 165 164 166 166 166 166 166 167 167 167 167 166 167
 167 167 166 166 166 165 166 167 168 167 167 166 165 164 165 166 166 166
 166 166 166 167 167 167 167 167 167 167 168 168 168 169 170 170 171 171
 171 172 171 172 172 172 173 173 174 175 174 174 174 174 174 173 173 173
 174 173 173 172 173 173 173 172 173 173 173 173 174 174 174 174 174 174
 173 173 173 173 173 173 173 167 158  83  40  35  33  27  29  31  32  33
  31  30  29  29  28  28  27  26  25  25  24  23  24  18  15  16  17  18
  18  16  18  19  19  18  17  17  17  16  15  13  13  15  16  16  16  16
  18  17  15  15  16  16  16  15  16  15  15  18  21  22  21  20  22  22
  22  22  21  22  24  25  33 113 183 184 182 182 183 183 185 186 187 188
 187 187 187 187 188 188 188 187 188 188 188 188 189 190 190 189 191 191
 191  29]"
"[ 29  29 164 164 164 166 164 166 167 166 166 166 167 167 167 166 166 166
 167 167 167 167 166 166 166 167 167 167 167 166 165 164 164 165 165 165
 165 166 166 166 167 167 167 167 167 167 167 167 169 170 170 171 171 171
 171 172 172 172 172 172 172 173 174 175 174 174 174 174 174 173 173 173
 174 173 172 172 172 172 172 172 172 172 173 173 173 173 174 174 174 174
 173 173 173 173 173 173 174 172 145  65  38  32  31  25  26  29  33  34
  31  28  26  25  26  26  25  23  23  23  23  22  21  17  15  16  16  18
  18  17  16  17  18  17  17  16  16  16  14  13  13  14  16  16  15  15
  16  16  15  16  16  16  16  16  16  14  14  17  20  22  21  20  19  20
  20  20  20  22  24  26  34 116 185 183 182 183 182 182 184 185 187 187
 187 187 187 187 187 187 187 187 187 187 188 188 190 190 190 189 191 190
 191  29]"
"[ 29  29 164 165 164 166 165 166 167 167 166 166 167 167 167 167 166 166
 167 167 167 167 167 166 166 167 167 167 166 166 166 165 165 164 163 163
 165 166 166 166 166 167 167 167 167 167 167 167 169 170 171 171 171 171
 172 172 172 172 173 172 172 172 173 174 173 174 174 174 174 173 173 173
 173 173 172 172 172 173 173 172 172 172 173 173 173 173 174 174 174 174
 173 173 173 173 173 173 172 173 122  52  37  28  28  25  24  26  29  30
  28  26  24  23  25  24  22  21  21  21  21  20  18  16  16  16  16  17
  18  18  16  17  18  17  16  16  16  15  13  12  12  14  15  16  16  16
  16  17  18  18  17  16  15  15  15  14  14  16  19  21  21  20  19  19
  19  19  19  20  23  25  34 118 186 183 183 184 183 182 182 184 186 187
 187 187 187 188 187 187 187 187 188 188 189 189 190 190 190 190 192 191
 191  29]"
"[ 29  29 164 165 165 166 165 166 167 167 166 166 167 167 167 166 167 167
 167 167 167 167 167 166 167 167 166 166 166 166 166 165 165 164 162 162
 165 166 167 166 167 167 167 167 167 167 167 167 169 170 170 171 171 171
 172 172 172 173 173 172 172 172 172 173 173 174 175 174 173 172 172 172
 172 172 172 172 173 173 173 173 173 173 173 173 174 174 174 174 175 174
 173 173 173 173 173 172 176 168  98  45  38  27  25  23  22  23  24  25
  25  24  24  24  24  24  22  20  19  19  19  18  18  16  17  17  15  16
  17  17  17  17  17  17  16  16  15  14  12  12  12  13  15  16  17  17
  18  20  21  21  19  17  16  15  15  14  14  16  18  19  19  19  19  19
  19  19  19  21  24  26  32 117 184 180 181 182 181 182 182 184 186 187
 187 187 187 188 187 187 187 187 188 188 189 189 189 190 191 190 192 192
 191  29]"
"[ 29  29 164 165 165 166 165 167 167 166 166 166 166 167 167 166 167 167
 167 167 166 166 166 166 167 167 166 166 166 167 166 165 165 164 163 163
 165 167 167 167 167 167 167 167 167 168 168 168 169 170 171 171 171 171
 172 172 172 173 173 172 172 172 172 173 173 174 175 174 173 172 171 172
 171 171 172 173 173 174 174 173 173 173 174 174 174 174 174 174 175 174
 173 173 174 173 172 171 178 150  76  38  36  27  24  22  20  20  21  22
  23  24  24  24  23  23  22  21  19  19  18  18  18  17  17  16  15  16
  17  16  17  17  17  16  16  16  15  13  11  12  12  13  15  16  17  17
  20  21  22  22  21  19  17  15  14  14  15  16  17  17  18  19  18  18
  18  18  19  22  25  28  33 117 182 178 179 181 180 182 182 184 186 187
 187 187 187 187 187 187 187 187 187 188 188 188 189 190 190 190 192 191
 191  29]"
"[ 29  29 164 165 165 166 165 167 166 166 166 166 166 166 166 166 165 165
 165 166 166 166 167 167 166 166 166 166 166 167 166 165 164 164 164 164
 165 167 167 168 167 167 167 167 167 168 169 169 171 171 172 172 171 171
 171 172 172 172 172 172 172 172 173 173 172 173 174 174 173 172 172 172
 171 171 172 173 174 174 174 174 174 174 174 174 174 174 174 174 174 174
 173 173 174 173 172 170 173 129  57  30  31  26  23  20  17  17  18  20
  23  23  22  21  22  22  22  20  19  18  18  18  19  16  15  15  14  16
  17  15  17  16  16  16  16  17  15  13  11  12  13  13  15  16  17  16
  19  19  20  21  21  19  17  15  14  14  15  16  17  17  18  20  18  18
  18  18  18  20  24  26  38 121 185 180 181 182 181 185 182 184 186 186
 186 186 186 186 187 187 187 187 187 187 188 188 189 189 190 190 191 191
 191  29]"
"[ 29  30 162 164 164 164 165 166 165 166 166 166 166 166 166 167 167 165
 163 161 163 165 166 166 166 165 165 165 166 166 166 166 166 166 165 165
 166 166 166 166 167 168 168 168 167 168 168 168 171 171 171 171 171 171
 171 171 172 173 173 171 172 173 173 173 175 174 174 174 173 173 173 173
 172 172 172 173 174 174 174 173 174 174 174 174 174 174 175 175 173 175
 174 173 174 174 172 172 174 110  52  35  30  25  22  20  17  16  15  15
  19  23  23  21  20  20  20  19  17  16  17  18  16  16  16  15  15  16
  16  16  16  16  16  16  17  17  15  12  11  11  12  13  14  14  16  17
  18  18  19  19  19  20  18  15  14  14  14  15  16  16  16  16  16  17
  17  17  19  22  24  24  48 141 183 179 180 178 180 182 182 182 182 182
 182 183 185 186 187 187 187 187 188 188 189 189 188 188 189 189 190 190
 190  29]"
"[ 29  30 162 164 164 165 165 166 166 166 167 167 166 166 167 167 166 165
 163 162 163 165 166 166 166 166 166 166 166 166 166 166 167 166 165 165
 164 165 165 165 166 166 167 167 167 168 168 169 171 171 171 171 171 171
 171 171 172 173 172 172 172 173 174 173 174 174 174 173 173 173 173 173
 172 172 173 173 174 174 174 174 174 174 174 174 174 174 174 175 174 175
 174 173 173 172 171 172 162  98  51  40  33  26  21  20  19  17  16  16
  19  23  23  21  20  20  19  19  18  18  17  17  16  16  15  14  14  15
  15  15  16  16  16  15  15  15  13  11  10  10  11  13  14  14  16  17
  18  19  19  18  18  19  18  16  16  14  13  14  15  16  17  18  16  17
  18  18  19  22  23  23  62 152 188 179 180 178 179 181 182 182 182 182
 182 183 185 186 186 186 186 187 187 188 188 188 188 188 189 189 191 190
 190  29]"
"[ 29  30 163 165 165 165 165 166 166 166 167 166 166 166 166 167 166 166
 164 163 163 164 166 166 166 166 166 166 166 166 166 166 167 166 165 164
 164 164 164 165 166 166 167 168 168 169 170 171 172 171 171 171 171 171
 171 171 171 172 172 171 172 173 173 173 173 173 173 173 173 173 173 173
 173 173 173 173 174 174 174 174 174 174 174 174 174 174 174 174 174 175
 174 174 174 172 171 174 152  84  48  41  33  26  22  24  21  20  18  18
  20  23  23  21  20  19  18  18  19  18  17  16  16  16  15  13  13  14
  15  15  17  17  16  15  15  14  12  10   9  10  11  12  13  15  17  18
  20  21  20  19  18  18  17  16  15  13  12  13  15  15  16  16  15  17
  19  19  20  22  23  22  66 156 187 178 179 179 180 180 180 181 181 182
 182 183 184 184 185 186 186 186 187 187 188 188 188 188 189 189 190 189
 190  29]"
"[ 29  30 163 166 166 166 166 166 166 166 166 166 166 166 166 166 166 166
 166 164 163 164 165 166 166 166 166 166 165 165 166 166 165 165 165 164
 164 164 165 166 166 167 168 168 169 170 171 172 172 171 171 171 171 171
 171 171 171 171 171 171 171 172 172 172 173 172 172 172 173 173 173 174
 173 173 173 174 174 175 174 174 174 174 174 174 174 174 174 174 174 174
 173 173 174 172 173 177 143  73  46  39  30  26  22  24  22  20  19  19
  20  22  22  22  20  18  17  17  17  18  17  16  17  16  15  13  13  15
  16  17  19  18  17  16  15  14  12  11  10  10  11  13  14  17  19  22
  24  25  25  22  20  19  17  15  14  13  12  14  15  16  15  15  16  19
  21  22  22  23  23  23  60 153 183 177 179 180 180 179 179 180 181 181
 182 182 183 183 186 186 186 187 187 187 187 187 188 188 188 188 190 189
 189  28]"
"[ 29  30 163 166 166 166 166 166 166 165 165 165 165 165 165 165 167 167
 167 165 164 164 165 165 166 166 166 165 165 165 165 166 164 165 165 165
 164 165 166 167 167 167 168 168 169 169 170 171 171 171 171 171 171 171
 171 171 171 171 171 171 171 171 171 172 172 172 172 172 173 173 174 174
 173 173 173 174 174 175 174 174 174 174 174 174 174 174 174 175 174 173
 172 172 173 172 173 178 130  62  43  37  28  26  22  20  20  19  18  18
  18  19  20  20  19  18  17  16  16  16  17  18  17  16  15  13  13  15
  17  18  19  18  17  16  15  14  13  12  11  11  12  14  17  19  23  26
  28  29  29  28  25  23  20  17  17  16  14  15  16  16  17  17  19  22
  25  25  24  24  24  23  60 155 183 178 180 179 178 179 180 180 181 182
 182 182 182 183 186 187 187 187 187 187 187 187 188 188 189 188 190 189
 189  28]"
"[ 29  30 163 165 165 165 165 166 165 165 164 165 165 165 165 165 167 167
 167 166 164 164 164 164 165 165 165 165 165 165 166 166 165 165 165 165
 166 166 167 167 168 168 169 169 169 170 170 171 171 171 171 171 171 171
 171 171 172 171 171 171 171 171 171 172 172 172 172 172 172 173 174 174
 173 173 173 174 174 174 174 174 174 174 174 174 174 174 175 175 174 174
 173 172 173 172 173 177 120  55  38  31  25  24  24  19  20  18  18  17
  17  17  19  20  19  18  17  16  15  16  18  20  17  16  15  13  13  15
  17  17  17  17  16  16  15  14  13  13  12  12  14  16  19  21  24  27
  30  31  32  31  30  28  26  23  21  19  16  15  14  15  16  18  20  23
  26  25  24  24  24  23  69 161 183 178 180 179 179 181 181 181 182 182
 182 182 183 183 186 187 188 188 187 187 187 187 189 189 189 189 190 189
 189  29]"
"[ 29  29 162 165 165 165 165 165 165 165 164 165 165 166 166 166 167 167
 167 165 164 164 164 163 164 164 164 165 166 166 166 165 165 165 166 166
 167 167 167 167 168 169 169 169 169 170 171 171 172 171 171 171 171 171
 172 172 172 171 171 171 171 170 170 171 171 171 171 171 172 173 174 174
 173 173 173 174 174 174 174 173 173 173 173 174 174 174 174 174 174 175
 174 173 174 174 174 175 116  53  36  31  25  22  25  21  20  19  18  18
  17  16  18  20  19  19  18  17  17  18  20  22  18  17  16  14  13  15
  16  17  17  16  16  16  15  13  12  12  12  13  16  19  21  23  25  26
  30  31  31  31  31  31  29  27  25  23  20  17  15  14  15  17  18  22
  24  24  23  24  25  25  80 167 181 176 180 180 180 183 181 182 182 182
 181 182 182 183 184 186 187 187 187 186 187 187 188 188 189 188 190 189
 189  29]"
"[ 28  29 162 164 164 164 164 165 165 165 164 165 166 167 167 167 167 167
 167 165 164 164 163 162 163 163 164 166 167 167 166 165 165 165 166 167
 168 168 168 167 167 168 168 169 169 169 170 171 172 172 172 172 172 172
 172 172 172 171 170 171 170 169 169 170 171 171 171 171 172 173 173 174
 173 173 173 174 174 174 174 173 173 173 173 173 174 174 174 174 173 175
 174 173 174 174 173 173 114  54  39  37  31  22  24  19  20  19  18  17
  16  15  16  19  20  20  19  18  19  20  22  22  19  18  17  15  14  15
  16  16  17  16  16  17  15  13  12  12  14  16  19  22  24  25  26  27
  30  30  29  29  29  31  30  29  29  27  26  23  20  17  16  16  17  21
  24  24  24  25  27  29  89 171 179 175 180 181 179 181 181 181 181 181
 180 181 181 182 183 184 186 187 186 186 187 188 188 188 188 187 189 188
 189  28]"
"[ 29  29 161 163 163 164 165 165 165 165 165 166 167 167 167 166 165 166
 166 166 166 164 162 161 162 162 164 166 166 166 165 166 164 166 167 167
 168 169 168 166 167 167 168 168 168 168 169 169 171 171 171 171 171 172
 172 171 171 171 171 171 170 170 171 171 171 171 171 171 171 172 173 173
 173 173 173 174 174 174 174 173 173 173 172 173 173 174 173 173 174 172
 174 174 174 171 175 169 108  52  43  32  33  26  22  22  21  20  19  17
  16  16  16  16  19  20  20  19  19  21  22  22  20  19  17  15  13  13
  14  16  15  15  15  15  14  13  14  15  15  18  21  22  23  24  25  24
  26  26  25  25  25  26  28  29  28  30  29  27  25  25  22  18  20  18
  23  23  21  25  33  34 108 181 180 176 179 179 183 183 181 181 181 181
 182 182 182 182 183 184 186 187 187 187 187 188 189 188 189 189 188 189
 187  30]"
"[ 29  29 161 163 163 165 165 165 166 165 165 166 166 167 166 166 166 166
 166 166 165 164 162 161 162 162 163 165 166 166 166 166 165 167 168 168
 168 169 168 167 167 168 168 169 169 169 170 170 172 171 171 171 171 171
 171 171 172 172 171 171 170 170 171 171 171 171 171 171 172 172 173 173
 173 173 173 173 174 174 174 173 172 172 172 173 173 173 173 173 173 172
 174 174 173 171 176 171 105  48  41  33  29  25  24  21  20  19  18  17
  17  16  16  17  18  19  19  18  19  21  22  22  20  19  17  15  13  13
  14  14  14  14  14  14  14  14  15  16  18  20  22  23  24  25  25  25
  24  24  24  24  24  25  26  27  27  28  29  29  29  29  26  23  21  19
  21  23  25  29  31  42 129 178 176 181 182 179 181 181 181 181 181 181
 182 182 182 183 182 184 185 186 186 186 187 188 188 187 187 188 186 188
 186  28]"
"[ 29  29 161 163 163 164 165 165 165 165 165 165 166 166 166 166 166 166
 166 166 165 164 163 162 162 162 164 165 166 166 166 166 165 166 167 167
 167 168 168 167 167 168 168 168 168 169 169 170 171 171 171 171 171 171
 171 171 172 172 172 171 171 171 171 171 171 171 172 172 172 173 173 173
 172 172 172 173 174 174 173 173 172 172 172 172 172 172 172 173 173 172
 174 173 172 171 176 172 102  45  39  32  25  23  25  19  18  18  17  17
  16  16  16  16  16  18  19  19  20  22  23  22  20  19  17  15  13  12
  13  13  13  13  14  15  14  15  16  18  20  21  23  24  24  24  24  24
  24  23  23  24  24  24  24  24  25  26  28  30  32  31  30  29  26  26
  23  23  22  23  32  71 155 180 177 180 177 176 181 182 180 181 181 181
 182 182 183 183 183 184 185 186 186 186 186 187 188 187 187 188 187 188
 186  28]"
"[ 29  29 161 162 163 163 164 164 164 164 164 165 166 166 166 166 166 166
 166 166 165 164 163 163 162 163 165 166 166 166 165 165 165 166 166 166
 166 167 167 167 167 168 168 168 168 168 169 169 169 169 170 170 170 171
 171 172 172 172 172 172 172 172 172 172 171 171 172 172 172 173 173 173
 172 172 172 173 173 174 173 173 171 172 172 172 172 172 172 173 174 173
 174 173 173 172 176 170 100  48  39  32  27  24  24  19  17  17  16  16
  16  15  15  15  16  17  18  19  21  23  23  22  20  19  17  15  13  13
  13  13  15  15  16  17  16  16  18  20  22  22  23  24  24  24  24  24
  24  23  23  23  24  24  24  23  24  24  26  29  31  31  30  30  31  30
  25  27  27  27  41 103 173 180 176 181 181 182 181 180 180 181 181 181
 182 183 183 183 184 185 186 186 186 186 186 186 188 188 188 189 187 189
 187  29]"
"[ 29  29 161 162 162 162 162 162 163 164 165 166 166 166 166 166 166 166
 167 167 166 164 163 162 162 164 165 166 166 166 165 164 166 165 165 166
 166 166 167 167 168 168 169 169 168 169 169 169 167 168 169 169 169 170
 171 172 171 171 171 172 173 173 173 172 171 171 172 172 172 172 172 172
 173 172 172 173 173 174 173 173 171 172 172 172 172 172 172 173 175 174
 174 173 174 172 174 166  90  46  32  26  25  23  18  16  16  16  15  15
  14  14  13  13  15  16  17  18  20  22  22  21  19  18  16  15  14  15
  16  17  19  19  20  20  19  18  19  21  23  22  23  24  24  24  24  24
  24  23  22  22  23  23  23  23  24  24  25  27  29  30  30  31  30  33
  31  34  33  37  64 141 179 184 180 179 178 178 178 184 181 181 181 182
 182 183 184 184 185 185 186 187 187 186 186 186 188 187 188 188 187 189
 187  29]"
"[ 29  29 161 162 161 162 162 161 164 164 165 166 166 166 166 166 167 167
 167 167 166 164 162 161 161 163 165 165 166 167 166 164 165 164 164 165
 165 165 166 166 167 168 168 168 168 168 168 169 167 168 169 169 169 169
 170 171 171 171 172 172 173 173 173 173 172 172 172 172 172 172 172 172
 173 173 173 173 173 173 173 172 171 172 172 172 172 172 173 173 176 174
 174 173 174 173 173 162  78  41  27  22  23  21  16  15  16  16  16  15
  14  14  13  13  14  16  16  16  17  19  19  19  18  17  17  16  17  18
  20  21  22  23  24  23  21  19  20  21  23  22  22  24  25  23  23  24
  22  21  21  20  21  22  23  23  24  24  25  26  28  29  30  30  30  34
  34  37  36  37  59 119 164 180 184 180 180 182 179 177 181 181 181 182
 182 183 184 184 184 184 185 186 187 187 187 187 188 187 187 188 187 189
 187  29]"
"[ 29  29 161 162 161 162 162 162 163 164 164 164 164 164 165 166 166 166
 166 166 165 164 163 162 162 164 164 164 164 166 165 164 164 163 164 165
 165 164 164 165 166 167 167 167 167 167 167 168 168 168 169 169 168 169
 170 171 171 171 172 173 173 173 173 172 172 172 172 172 172 172 172 172
 173 173 173 173 173 173 172 172 171 171 171 171 172 173 173 174 175 173
 174 172 173 172 172 162  75  41  31  28  25  24  21  19  18  17  17  16
  15  15  15  15  15  15  15  14  14  16  17  17  18  19  19  20  20  21
  22  23  23  24  26  25  23  20  20  22  22  21  21  23  24  22  21  22
  20  20  20  19  20  21  22  23  23  24  25  25  26  29  29  28  32  31
  30  33  39  36  34  50  95 134 172 186 182 178 181 181 180 181 181 181
 182 183 183 184 182 183 184 185 186 187 187 187 188 187 187 188 187 189
 187  29]"
"[ 29  29 161 162 162 163 163 163 162 162 162 162 162 163 164 166 165 165
 165 165 164 164 164 163 163 164 164 163 163 165 165 163 164 164 164 165
 166 165 165 166 167 167 168 167 167 167 167 168 168 169 169 169 168 169
 170 171 171 172 173 173 173 172 172 172 173 173 172 172 172 172 172 173
 173 173 173 173 173 173 172 172 171 171 171 171 172 173 174 174 173 173
 174 172 173 172 173 163  74  39  33  31  23  23  23  18  19  18  18  17
  16  16  16  17  15  16  15  14  13  15  17  17  19  20  22  22  22  22
  23  24  23  24  26  26  23  21  21  22  21  20  20  22  23  20  19  20
  19  19  19  19  19  20  22  24  22  24  24  24  25  27  28  25  26  30
  32  31  34  36  37  37  44  62 106 157 182 182 183 179 180 180 181 181
 182 182 183 183 182 182 183 184 185 186 186 185 187 187 187 188 187 188
 186  29]"
"[ 31  27 162 159 157 157 160 160 160 162 163 162 162 163 164 164 164 163
 162 162 163 164 164 163 164 164 163 162 165 165 164 165 163 164 165 166
 166 166 165 165 167 167 168 168 166 164 165 167 168 170 170 169 169 170
 170 169 172 171 171 172 172 171 172 173 173 173 173 173 171 171 172 173
 172 173 174 174 173 172 173 174 173 171 170 171 173 174 173 172 173 173
 174 173 172 172 176 161  74  40  35  32  26  24  22  20  20  19  19  18
  17  16  15  16  16  16  15  13  12  15  18  20  23  23  24  24  24  24
  24  23  24  25  25  25  23  22  23  23  23  21  20  19  20  20  20  19
  19  19  19  20  21  22  22  22  23  24  24  24  25  26  26  25  25  27
  30  32  32  34  36  39  41  46  46  82 137 179 189 180 179 181 180 180
 183 181 182 183 181 182 183 184 184 185 186 187 187 186 187 188 186 187
 185  29]"
"[ 29  28 167 166 165 165 166 164 164 165 167 166 166 167 167 168 172 171
 170 168 167 167 167 167 168 169 167 166 166 165 163 165 166 167 168 169
 169 168 166 165 167 167 167 166 164 161 161 162 168 170 171 170 170 171
 171 170 172 170 170 171 172 172 171 171 173 174 175 175 174 173 173 173
 173 174 174 174 174 174 174 174 174 174 174 176 177 176 174 172 170 170
 172 172 171 172 176 161  72  37  31  29  25  24  23  21  20  19  19  18
  16  15  15  16  16  16  15  13  12  15  18  20  24  24  23  23  23  24
  24  24  23  24  24  23  22  21  22  22  21  20  19  19  19  19  19  18
  19  18  18  18  19  20  20  19  22  23  23  23  24  24  25  24  24  26
  28  30  30  31  33  34  35  44  44  44  64 121 178 183 179 180 181 181
 182 182 182 182 181 182 183 183 184 185 186 187 187 187 188 188 187 188
 186  29]"
"[ 29  29 171 173 172 171 171 169 169 171 172 172 172 172 172 172 174 174
 174 173 171 171 172 174 175 176 176 175 175 174 173 175 176 177 177 177
 177 177 176 175 181 180 180 180 179 178 178 179 179 181 183 182 183 183
 183 182 183 181 180 181 183 184 183 182 186 186 187 187 187 187 186 186
 185 185 186 187 187 187 186 185 185 186 187 187 188 186 184 182 183 183
 185 184 183 182 186 170  75  39  31  28  24  24  23  21  21  20  18  17
  16  15  15  16  16  16  15  13  13  15  18  20  24  23  22  22  22  22
  22  23  22  22  22  21  20  20  20  21  19  19  19  19  19  18  18  17
  19  18  17  17  18  18  18  18  20  22  23  24  23  24  24  24  23  24
  26  28  29  30  31  31  36  34  40  42  39  68 141 185 186 183 184 184
 182 184 183 183 183 183 183 183 184 185 186 186 187 187 188 189 187 188
 187  29]"
"[ 29  30 172 173 172 171 173 172 172 173 175 175 175 175 175 175 174 174
 174 175 175 176 177 178 176 179 179 179 181 181 181 182 182 182 181 180
 181 182 183 184 182 182 182 183 184 184 185 186 183 185 186 186 186 187
 187 186 189 188 187 189 191 192 192 191 191 190 189 189 189 190 189 189
 192 192 194 195 195 195 194 194 193 193 193 193 193 192 192 192 195 195
 195 194 192 192 195 178  80  42  33  29  24  24  24  22  21  20  18  18
  16  15  16  16  16  15  15  15  15  15  17  19  22  21  20  20  19  19
  20  20  20  20  19  19  18  18  19  19  18  18  19  19  18  17  17  17
  18  17  17  17  17  18  19  19  20  22  24  24  24  24  24  24  23  24
  26  27  29  30  30  30  31  29  32  37  35  39  88 162 193 188 186 188
 186 188 187 188 188 187 186 185 186 186 187 187 187 188 189 189 187 188
 187  29]"
"[ 29  30 172 173 171 171 173 172 172 173 175 175 175 175 175 175 177 177
 177 177 178 179 179 178 179 180 180 180 183 183 181 182 184 183 182 182
 182 183 185 186 186 185 185 185 186 186 187 187 187 188 188 188 188 189
 189 189 188 188 188 189 190 191 192 192 194 193 192 191 191 191 190 189
 189 191 193 194 194 194 194 194 194 194 193 193 193 193 194 195 195 195
 195 195 194 194 198 182  80  42  33  29  24  25  25  24  21  20  19  18
  17  16  16  16  15  14  15  15  15  15  15  16  19  19  19  18  18  18
  18  17  18  18  18  17  16  17  17  18  17  18  18  18  17  17  16  16
  16  16  16  16  16  17  18  19  19  21  23  24  23  24  24  24  25  25
  25  26  27  28  29  29  30  33  30  31  34  33  49 126 191 193 188 191
 190 192 192 194 192 191 190 189 190 190 190 190 189 190 191 190 189 190
 189  29]"
"[ 29  30 172 174 173 172 174 172 173 174 175 175 176 176 177 176 179 178
 178 179 180 180 179 178 181 182 181 182 184 184 183 183 185 185 185 185
 186 186 186 186 186 186 186 186 186 187 187 186 187 187 187 187 187 187
 188 188 189 190 190 189 189 191 192 192 192 192 191 191 190 189 187 185
 189 191 193 194 194 193 194 195 194 195 195 195 195 195 195 195 196 195
 195 194 194 195 198 183  81  44  36  31  25  24  24  23  22  20  19  18
  18  16  16  16  14  14  14  15  15  13  13  14  17  17  18  18  18  17
  17  16  17  17  16  16  16  16  16  17  16  17  18  18  17  16  16  16
  16  16  16  16  16  17  18  19  20  21  23  23  23  24  24  24  25  24
  24  24  25  25  26  26  26  25  24  30  32  34  30  82 175 198 192 193
 193 193 193 194 194 193 193 192 192 192 193 193 192 192 193 192 191 193
 190  30]"
"[ 29  30 172 174 173 173 175 173 174 175 175 175 176 178 178 178 178 178
 178 179 179 179 179 179 179 181 180 181 183 183 183 184 184 184 185 185
 186 185 185 185 185 186 187 186 187 188 188 187 188 188 188 189 189 188
 189 190 189 190 190 189 189 191 192 192 193 193 194 193 193 191 189 188
 191 192 193 194 194 194 194 194 194 194 194 194 194 194 194 194 196 195
 195 194 193 194 197 180  82  46  38  33  26  24  23  23  22  21  19  18
  17  16  16  16  16  14  14  15  14  13  12  13  15  16  17  17  18  17
  17  16  16  16  16  16  16  16  16  16  16  17  17  17  16  16  16  16
  15  16  16  16  16  17  17  18  20  21  22  22  23  24  24  24  24  24
  24  24  24  24  24  24  25  25  25  26  26  37  33  50 146 197 195 193
 194 193 193 193 193 193 193 193 193 193 193 193 194 194 193 193 192 195
 190  30]"
"[ 30  30 171 173 173 173 175 174 174 174 174 175 176 178 178 178 179 179
 179 179 178 178 179 180 180 182 182 182 182 182 182 184 185 185 185 185
 186 186 187 187 185 187 188 187 187 188 188 187 187 187 188 189 189 189
 189 190 189 190 190 189 190 192 193 192 194 193 193 193 192 192 192 192
 193 194 194 195 195 195 194 194 195 194 193 193 194 195 195 195 196 195
 195 195 195 195 197 181  79  45  39  34  27  24  25  24  23  21  18  17
  17  16  16  16  17  15  14  15  15  13  13  14  15  15  16  17  17  17
  17  16  16  16  16  16  16  16  16  16  16  16  16  16  16  16  16  16
  14  14  15  15  15  16  16  17  19  20  20  21  22  23  23  23  23  24
  24  25  24  24  24  24  23  24  25  27  25  27  27  33 118 190 194 190
 193 193 194 193 194 194 194 194 193 193 193 193 194 194 193 193 192 195
 190  29]"
"[ 28  29 172 173 173 174 174 175 174 174 175 175 176 177 178 178 178 179
 179 179 179 179 180 180 180 181 181 181 181 182 183 184 185 185 185 185
 185 186 186 187 187 187 187 187 187 187 187 187 188 188 188 189 189 189
 189 189 189 189 190 191 192 192 193 193 193 193 194 194 193 193 193 194
 194 193 194 195 195 194 194 194 194 194 194 195 195 195 195 195 194 194
 194 194 194 195 199 177  73  39  38  31  29  26  24  23  22  21  20  18
  17  16  16  16  16  15  15  15  15  15  14  14  13  13  14  15  16  17
  16  16  16  15  15  14  15  15  16  16  16  16  16  16  15  14  13  12
  11  12  13  13  14  15  16  16  18  17  17  18  20  22  23  24  24  24
  24  24  24  23  23  23  25  21  26  26  23  26  29  31  97 181 194 193
 193 195 191 195 194 194 193 193 193 193 193 192 193 192 192 192 194 192
 191  29]"
"[ 28  30 173 173 173 174 174 175 175 175 176 176 177 178 178 178 178 179
 179 179 179 179 180 180 180 180 181 181 181 182 183 185 184 185 185 186
 186 186 186 187 187 187 187 187 187 187 187 187 188 188 188 189 189 189
 189 189 189 189 190 190 191 192 192 193 193 193 193 193 193 193 194 194
 193 192 193 194 194 193 193 194 193 194 194 194 194 194 194 194 194 194
 194 194 193 193 197 175  74  41  39  32  29  25  23  23  23  22  20  18
  17  17  16  16  17  16  16  16  16  16  16  15  13  14  14  15  16  16
  16  15  15  15  15  15  16  16  16  16  15  15  15  14  14  13  13  13
  13  14  14  14  14  15  16  15  15  15  16  17  20  22  24  25  24  24
  24  24  23  23  23  22  26  23  23  23  26  28  31  33  85 179 194 191
 191 193 192 194 193 193 193 193 193 193 192 192 194 193 193 192 194 192
 192  29]"
"[ 29  30 173 173 174 174 174 175 175 175 176 176 177 177 177 177 178 179
 179 179 179 180 180 181 180 180 181 181 182 182 183 184 184 185 186 186
 186 186 186 187 187 187 187 187 187 187 187 187 188 188 188 188 188 188
 188 188 189 189 190 190 191 191 192 192 193 192 192 192 192 193 193 193
 192 192 192 193 194 193 193 194 194 194 194 194 194 194 194 194 194 194
 194 194 193 192 195 173  74  41  39  32  29  25  24  23  23  22  20  19
  18  18  17  16  16  16  16  16  15  15  15  16  15  15  15  15  15  15
  14  14  13  14  15  15  15  14  14  14  13  13  13  13  12  13  14  15
  15  15  15  15  15  16  16  16  15  16  16  18  19  21  23  24  24  24
  24  24  23  23  23  22  23  24  23  23  30  28  30  31  81 179 193 190
 193 193 192 194 193 193 193 193 193 193 192 191 193 192 192 192 193 192
 190  28]"
"[ 29  29 173 173 174 174 174 175 174 174 175 176 176 176 176 176 178 178
 179 179 179 179 180 180 181 181 181 181 182 182 182 182 183 184 185 186
 186 186 186 186 186 186 187 187 187 187 187 187 188 188 188 188 188 188
 188 188 189 189 189 190 190 190 190 190 191 191 190 190 191 191 192 192
 191 190 191 192 193 193 193 193 194 194 194 194 194 194 194 193 194 194
 194 194 192 192 194 172  72  39  38  32  29  26  25  25  24  22  20  19
  19  18  17  16  15  15  16  15  15  15  15  15  16  16  16  15  15  14
  13  12  12  13  14  14  14  13  13  13  12  13  13  12  12  13  15  16
  16  16  16  16  16  17  18  18  19  19  20  20  20  20  21  21  24  24
  24  24  24  23  23  23  21  24  26  24  30  27  32  30  90 181 191 189
 195 192 192 193 193 192 192 192 192 191 191 190 191 190 190 190 192 191
 191  29]"
"[ 29  29 172 172 173 174 173 174 174 174 175 175 176 176 176 176 177 178
 179 179 179 179 180 180 181 181 181 181 182 182 182 182 182 183 184 185
 185 185 185 185 185 186 186 186 186 186 186 187 187 187 187 187 187 187
 187 187 188 188 189 190 190 190 189 189 190 189 189 189 189 190 190 190
 188 188 189 190 191 190 191 191 192 192 192 193 193 193 193 193 193 193
 193 193 192 191 194 171  72  38  37  31  28  26  24  24  24  23  21  20
  19  19  18  17  15  16  16  16  16  16  16  16  16  16  16  15  14  14
  13  13  13  13  14  13  13  13  13  14  12  13  13  13  13  14  15  16
  16  17  17  17  18  20  21  21  22  23  23  23  22  21  20  20  24  24
  24  24  24  24  24  24  23  23  25  23  25  28  34  32 101 182 191 187
 193 191 193 192 192 191 190 190 190 189 189 188 189 189 189 190 192 191
 192  29]"
"[ 29  29 171 171 172 173 173 174 174 175 175 175 176 176 176 177 177 178
 179 179 179 179 179 180 180 180 181 181 181 181 182 182 181 182 183 183
 184 184 184 184 184 185 186 185 185 185 186 186 187 187 187 187 187 187
 187 187 187 187 188 189 189 189 188 188 189 189 189 189 189 189 189 189
 188 187 188 189 190 189 189 190 191 191 191 192 192 193 193 193 193 193
 193 193 192 192 195 172  74  39  38  31  29  26  24  23  24  23  21  20
  20  19  18  17  16  16  17  16  16  16  16  17  15  16  16  15  15  14
  15  15  13  13  13  13  12  12  13  14  13  14  15  15  15  15  16  17
  17  18  19  19  20  22  23  23  23  23  24  24  24  23  22  22  24  24
  24  24  24  24  24  24  25  23  24  24  25  28  31  38 120 184 192 186
 189 191 194 190 192 191 190 189 189 189 189 188 190 190 190 190 191 190
 190  29]"
"[ 29  29 170 170 172 173 173 174 175 175 175 175 176 176 177 177 177 178
 179 179 179 179 179 179 179 180 181 181 180 181 181 182 181 182 182 182
 182 183 183 184 183 184 184 184 184 184 184 185 186 186 186 186 186 187
 187 187 187 187 187 188 188 188 188 188 188 188 188 188 188 188 188 188
 188 188 188 189 190 189 189 190 190 191 191 191 192 192 192 192 192 193
 192 192 191 191 194 172  75  41  38  32  30  28  26  25  25  24  22  21
  20  19  18  18  16  16  16  16  16  16  16  16  16  16  16  16  15  15
  15  16  13  13  14  13  12  12  14  15  15  15  16  16  16  17  18  19
  19  20  21  21  22  24  24  24  24  24  24  24  24  24  24  23  24  24
  23  23  23  23  23  24  24  24  24  25  26  29  31  63 151 187 190 187
 188 189 192 189 190 189 189 189 189 189 189 188 190 190 190 190 190 189
 189  28]"
"[ 29  29 170 170 171 173 173 174 174 174 174 174 175 176 177 178 177 178
 179 179 179 179 179 179 179 180 181 181 180 179 180 181 181 181 182 182
 182 182 183 183 182 183 184 184 183 183 184 185 186 186 186 186 186 186
 187 187 187 187 187 186 187 187 188 188 187 187 188 188 187 187 187 187
 188 187 188 189 189 189 188 189 189 190 190 190 190 191 191 191 191 191
 190 190 189 189 192 170  75  40  38  33  32  30  28  27  25  24  23  22
  20  19  19  19  17  16  16  16  16  17  16  16  16  17  17  16  15  15
  15  15  14  14  15  14  13  13  15  16  16  16  16  16  17  19  19  20
  21  22  23  23  24  24  24  24  25  24  23  23  23  24  24  24  24  24
  24  23  23  23  23  23  23  26  23  23  25  31  40  96 180 190 185 187
 189 187 188 187 187 187 187 187 188 188 188 187 189 189 190 189 189 187
 189  27]"
"[ 29  29 170 171 172 173 173 173 173 174 174 174 175 176 177 177 178 178
 178 178 178 179 179 179 180 180 181 181 180 180 180 180 180 181 182 182
 182 183 183 182 183 183 183 183 182 182 184 185 185 185 185 185 186 186
 187 187 187 187 187 187 187 187 187 187 187 187 187 187 187 187 187 187
 188 188 188 188 189 189 189 189 189 189 189 190 190 190 190 190 191 189
 190 189 190 187 196 175  76  42  42  33  29  29  26  24  25  24  23  22
  21  20  19  18  17  16  16  17  17  16  16  16  17  17  16  16  16  15
  15  15  13  13  13  14  15  16  16  16  15  16  18  19  20  21  22  22
  22  22  23  23  24  24  24  24  22  23  23  23  23  24  24  24  24  23
  23  23  23  22  22  23  24  24  23  22  30  41  76 150 191 188 187 187
 188 187 187 187 188 188 188 188 188 188 189 189 189 189 189 189 188 189
 187  30]"
"[ 29  29 171 171 172 172 171 172 174 174 174 174 174 175 176 176 177 177
 176 176 177 178 178 179 179 179 180 180 180 179 179 179 179 180 180 180
 180 181 181 181 182 182 183 182 181 182 183 184 183 183 183 184 184 185
 185 186 187 187 187 187 187 187 187 187 187 187 187 187 187 187 187 187
 188 188 188 188 188 189 189 189 189 189 189 189 189 189 189 189 190 189
 189 188 189 186 193 172  76  39  40  34  30  28  25  23  24  24  23  23
  22  21  19  18  18  17  16  16  16  16  16  16  16  16  16  16  16  15
  14  14  14  14  14  14  15  16  16  16  17  18  20  21  22  22  23  23
  24  23  23  23  24  24  24  24  24  24  24  24  24  25  25  24  24  24
  24  23  22  22  22  23  25  22  27  30  37  63 131 183 190 188 187 187
 187 187 187 187 187 187 187 187 188 188 188 188 187 187 187 187 186 187
 185  28]"
"[ 29  29 171 171 171 171 170 171 173 173 173 173 174 174 175 175 176 176
 175 175 176 177 178 179 178 179 179 179 179 179 179 179 179 180 180 179
 179 180 180 180 181 181 181 181 181 181 182 183 182 182 182 182 183 184
 185 186 186 186 186 186 186 186 186 186 186 186 186 187 187 187 187 187
 187 187 188 188 188 188 188 188 188 188 188 188 188 189 189 189 189 188
 188 187 188 185 190 172  80  39  38  34  30  27  24  23  24  23  23  23
  22  21  19  18  18  17  16  16  16  16  16  16  16  16  16  17  17  15
  14  12  14  14  15  15  15  16  17  18  19  20  22  23  23  23  24  24
  25  24  23  23  24  24  24  24  24  24  24  23  24  24  24  22  22  23
  24  23  22  22  23  24  25  22  21  40  60 118 175 190 187 187 186 185
 186 187 187 186 187 187 187 187 187 188 188 188 187 187 186 187 186 186
 185  28]"
"[ 29  29 171 171 171 171 170 171 172 172 173 173 173 174 174 174 176 175
 175 175 176 177 178 179 178 178 179 179 179 179 179 179 179 179 179 179
 179 180 180 180 180 180 181 180 180 181 181 182 182 182 181 181 182 183
 184 185 185 185 185 185 185 185 185 184 185 186 186 187 187 187 187 187
 187 187 187 187 187 187 187 187 187 187 187 187 188 188 188 188 187 187
 187 188 188 186 190 175  85  40  38  33  28  26  25  25  24  24  23  23
  22  21  19  18  18  17  17  17  17  17  17  17  16  16  16  16  16  15
  13  12  15  15  16  16  16  17  18  20  21  22  23  23  23  23  23  24
  24  24  23  23  24  24  24  24  24  24  23  23  23  24  23  22  20  22
  23  23  23  24  25  24  21  35  38  63 101 166 187 186 185 185 185 184
 185 187 188 186 186 187 187 187 187 187 187 187 187 186 186 187 186 186
 186  29]"
"[ 29  29 171 171 171 171 170 171 172 172 172 172 173 174 174 174 175 175
 174 175 175 176 177 178 177 177 178 178 178 178 178 179 178 178 179 179
 179 179 179 179 179 180 180 180 180 180 181 181 181 181 181 181 181 182
 182 183 183 183 184 184 184 184 183 183 185 185 186 186 187 187 187 187
 187 187 187 187 187 187 187 187 187 187 187 187 187 187 187 187 187 187
 187 188 188 187 190 179  89  41  38  34  29  27  26  25  24  24  23  22
  22  20  19  18  18  17  17  18  18  18  17  17  17  16  16  16  16  15
  14  13  15  16  17  17  18  19  21  22  22  23  23  23  23  23  23  24
  23  23  23  24  24  24  24  23  23  23  23  22  23  24  23  22  21  22
  23  23  24  25  24  23  27  41  56  93 148 185 186 183 184 185 185 185
 185 187 187 186 186 186 186 186 186 186 186 186 186 185 184 185 184 184
 185  29]"
"[ 29  29 170 170 171 171 171 171 171 171 172 172 173 173 174 174 173 173
 174 174 175 175 176 176 175 176 176 176 176 176 177 177 177 178 179 179
 179 180 179 179 179 179 180 180 180 180 180 180 181 181 181 181 181 181
 182 182 182 182 183 183 183 183 183 183 185 185 185 185 186 186 186 187
 187 186 186 186 186 186 186 186 187 187 187 187 187 187 187 187 187 187
 187 188 186 186 188 182  95  42  37  35  30  27  25  24  25  24  23  22
  21  20  19  18  18  18  18  19  19  19  18  18  17  17  17  17  16  16
  15  15  16  17  18  19  20  21  22  23  23  24  24  24  23  23  24  24
  22  23  23  24  24  24  23  23  22  22  22  21  22  23  23  22  22  21
  22  22  22  22  24  25  38  47  70 133 179 188 183 180 185 186 186 185
 185 186 185 185 186 186 186 186 186 185 185 185 185 183 183 184 183 183
 183  29]"
"[ 29  28 169 169 170 170 170 171 171 171 172 172 172 173 173 173 172 173
 173 174 174 174 175 175 175 175 175 175 175 175 176 176 176 177 178 178
 179 179 180 179 179 179 179 179 179 179 179 179 180 181 181 181 181 182
 182 182 182 182 182 183 183 183 183 182 185 185 184 184 184 185 186 186
 186 186 186 186 186 186 186 186 187 187 187 187 187 187 187 187 187 187
 187 187 185 185 187 185 108  45  34  34  31  26  24  24  24  23  22  21
  20  20  20  19  20  19  19  19  19  18  18  18  17  18  18  18  17  16
  16  17  18  18  19  21  22  23  23  24  24  24  24  24  24  24  24  25
  23  23  23  24  24  24  23  22  22  22  21  20  20  21  22  22  22  21
  21  22  22  23  28  35  48  70 114 172 185 184 181 185 185 184 185 185
 185 184 184 184 185 185 185 185 185 184 183 183 184 182 182 183 182 182
 183  29]"
"[ 30  28 169 168 169 170 169 170 171 171 172 172 172 172 172 172 172 173
 174 174 175 174 174 174 175 175 175 175 175 175 176 176 175 176 176 176
 177 178 179 179 179 179 179 179 179 179 179 179 179 179 180 180 181 181
 181 181 181 182 182 183 183 183 183 183 185 184 184 183 183 184 185 186
 185 185 185 185 185 185 185 185 186 186 186 186 186 186 186 186 187 187
 186 186 184 185 187 187 121  48  32  33  31  24  23  26  24  23  21  20
  20  20  20  20  21  20  19  19  19  18  18  18  17  18  19  18  17  16
  17  18  19  20  20  22  23  24  24  23  23  24  25  25  24  24  24  24
  24  24  23  23  23  23  23  22  23  23  22  20  20  21  22  22  23  22
  23  24  24  26  36  47  61  94 158 181 182 181 181 183 182 182 182 184
 184 183 183 184 183 183 183 183 182 182 181 180 183 181 181 183 181 181
 182  28]"
"[ 29  30 168 168 170 169 168 169 171 171 171 171 171 171 172 173 173 173
 174 174 173 173 173 173 173 174 175 175 176 176 175 175 175 175 175 175
 175 177 178 179 178 179 179 179 179 179 179 179 178 179 180 180 180 180
 180 181 181 182 182 183 182 182 182 182 183 183 183 183 183 183 183 183
 185 184 184 184 184 185 185 186 186 186 186 186 186 186 186 186 186 186
 185 186 187 184 184 187 130  52  30  33  30  25  26  22  24  23  22  22
  21  21  21  21  22  21  20  20  20  18  17  17  18  18  18  20  19  18
  18  19  20  21  22  23  23  24  24  24  24  24  24  24  24  24  24  24
  24  24  24  23  23  23  22  22  21  22  23  22  21  20  21  23  22  23
  26  23  29  33  43  53  76 140 180 181 180 182 182 180 182 182 183 183
 183 182 182 183 181 181 181 181 181 182 181 181 180 180 181 180 180 180
 179  30]"
"[ 29  30 168 168 169 168 168 169 171 171 171 171 171 171 172 173 172 172
 173 173 173 172 173 173 173 174 174 175 175 175 175 175 174 174 174 174
 175 176 177 178 177 178 178 178 178 178 178 178 178 179 179 180 180 180
 180 180 181 182 182 182 182 182 182 182 182 183 183 183 183 183 183 183
 183 183 183 183 183 183 184 184 185 185 185 185 185 185 185 185 185 185
 184 185 185 183 183 187 144  58  31  36  30  29  24  24  24  23  22  22
  23  22  22  22  22  21  20  20  20  19  18  18  19  18  19  20  19  18
  18  19  21  22  22  23  24  24  24  23  23  23  23  23  23  23  23  24
  25  24  23  23  24  24  23  22  22  23  23  22  22  21  22  23  23  26
  24  27  30  38  55  65 128 168 186 181 178 180 182 182 181 182 183 183
 183 182 182 182 181 181 181 181 181 181 181 181 179 180 180 180 180 179
 179  30]"
"[ 28  29 166 166 167 167 167 168 170 171 171 171 171 171 171 171 171 171
 172 172 172 172 172 173 173 173 173 173 174 174 174 174 173 174 174 174
 175 175 176 176 176 176 177 177 176 176 176 177 178 179 179 179 179 179
 179 180 180 181 181 181 181 181 181 181 182 182 182 182 182 182 182 182
 182 182 182 182 182 182 183 183 183 183 183 183 183 183 183 183 184 184
 183 183 184 182 182 187 158  68  34  35  31  30  25  24  24  23  22  23
  23  23  23  23  22  21  20  19  19  19  18  19  19  19  20  20  19  18
  19  21  23  23  23  24  24  24  24  23  24  24  23  23  23  24  24  24
  24  23  22  22  23  23  22  21  22  21  21  22  22  22  22  23  23  22
  29  35  41  52  62  99 165 180 183 179 179 180 182 183 180 181 182 183
 182 181 180 180 180 180 180 180 180 180 180 179 178 178 179 178 178 177
 177  29]"
"[ 28  28 165 164 166 166 166 167 169 169 170 170 170 169 169 170 171 171
 171 172 171 171 172 172 172 172 172 172 172 173 173 173 173 173 174 174
 175 175 175 175 175 176 176 176 175 175 176 176 178 178 178 179 179 179
 179 179 179 180 180 180 179 179 179 180 181 181 181 181 181 181 181 181
 181 181 182 182 182 182 182 182 182 182 182 182 182 182 182 182 182 183
 182 182 182 181 181 184 169  85  40  32  33  28  28  22  23  22  22  23
  23  23  23  23  21  20  19  19  19  18  19  19  20  20  21  20  19  18
  20  22  23  23  24  24  24  24  24  24  25  24  24  24  24  24  24  24
  22  21  21  21  21  21  21  20  20  19  20  21  22  22  22  22  25  23
  30  39  51  56  77 143 178 180 178 179 181 180 180 178 180 181 181 181
 181 180 179 179 180 179 179 179 179 179 179 178 177 177 177 176 176 175
 175  28]"
"[ 30  29 166 164 167 166 167 168 168 168 169 169 169 169 169 169 171 171
 171 171 171 171 171 172 173 172 172 172 172 173 173 173 173 173 174 175
 175 175 175 175 175 175 176 176 175 175 176 176 178 178 178 178 178 179
 179 179 179 179 179 179 179 179 179 179 180 180 180 180 181 181 181 181
 181 181 182 182 182 182 182 182 182 182 182 182 182 182 182 182 181 182
 182 182 182 180 179 182 179 108  38  32  33  28  29  21  24  23  23  23
  23  23  22  22  21  20  19  19  19  18  19  20  20  21  21  20  19  19
  21  23  23  23  24  24  24  24  24  24  24  24  24  24  24  24  22  21
  20  20  20  20  19  19  19  20  20  19  20  22  23  22  22  23  24  34
  38  50  62  67 116 170 182 181 178 180 181 180 182 180 182 181 181 181
 180 180 179 179 180 179 179 179 179 179 178 178 177 176 175 175 174 173
 175  28]"
"[ 30  29 165 164 166 166 167 167 167 168 168 168 168 168 169 169 170 171
 171 171 170 170 171 171 172 172 171 171 172 172 172 173 173 173 174 174
 174 174 174 174 175 175 175 175 175 175 176 176 177 177 177 177 178 178
 179 179 179 179 180 179 179 179 179 180 179 179 180 180 180 180 180 180
 180 180 180 181 181 181 181 181 181 181 182 182 182 182 182 182 181 182
 181 181 182 180 179 180 182 128  36  31  30  30  26  25  25  24  24  24
  24  23  23  22  20  19  19  19  19  18  19  20  20  21  21  20  19  21
  22  23  23  23  24  24  24  24  24  24  24  24  24  24  24  23  21  20
  19  20  21  20  19  18  19  20  20  20  21  23  23  21  22  25  27  40
  52  56  70 102 156 183 178 179 178 179 180 180 182 181 181 181 180 180
 179 179 178 178 178 178 177 178 178 178 177 176 177 175 175 174 174 173
 175  29]"
"[ 29  29 165 164 166 166 166 166 166 167 167 167 167 168 169 170 169 169
 170 170 170 170 171 171 171 171 171 171 171 171 171 172 173 173 173 173
 173 173 173 173 174 174 175 175 174 175 175 176 176 176 175 176 177 178
 178 178 179 179 179 179 179 179 179 180 179 179 179 180 180 180 180 180
 180 180 179 179 180 180 180 181 181 181 181 181 181 181 182 182 181 181
 180 180 181 180 179 179 182 150  56  33  31  31  24  26  25  24  24  24
  24  24  23  23  20  19  20  20  19  19  19  20  19  20  21  20  20  22
  23  24  24  24  24  24  24  24  24  24  24  24  24  24  24  23  22  20
  20  20  20  19  19  19  19  20  20  19  21  23  22  22  26  30  39  46
  60  60  90 145 175 186 177 180 178 179 180 177 177 177 180 179 178 178
 178 178 177 176 176 176 176 176 176 176 175 175 176 174 175 175 174 173
 174  29]"
"[ 30  29 165 164 167 166 166 166 165 166 166 166 166 167 168 169 168 168
 169 169 169 170 171 172 171 171 171 171 171 172 172 172 172 172 172 173
 173 173 173 173 173 174 174 174 174 174 175 176 175 175 175 175 177 178
 178 178 178 178 178 178 178 178 179 179 179 179 179 179 180 180 180 180
 180 179 179 179 179 180 180 181 180 180 180 181 181 181 181 181 180 181
 179 179 181 180 179 179 185 172  86  37  35  30  24  25  24  23  23  24
  24  23  23  22  19  20  20  20  20  19  20  21  19  20  20  20  20  23
  24  24  24  24  24  24  24  24  24  24  24  24  23  23  24  23  22  20
  20  20  19  19  19  19  19  19  20  19  21  23  23  24  30  37  46  62
  67  84 132 176 181 179 179 180 177 178 181 179 180 181 179 179 178 178
 178 178 176 175 175 175 175 175 175 175 175 174 174 173 174 175 174 172
 173  28]"
"[ 28  30 163 165 164 165 165 165 165 165 166 166 166 166 167 167 167 167
 168 168 168 167 168 170 169 169 170 170 171 171 171 171 171 172 172 172
 172 172 172 172 173 173 174 174 174 174 174 174 174 174 175 175 175 176
 177 178 176 176 177 178 178 178 178 177 178 178 179 179 179 179 179 179
 179 179 179 179 179 179 179 179 179 179 179 179 179 180 180 180 180 180
 180 180 180 179 179 179 182 180 123  51  33  31  26  22  24  24  24  23
  22  22  21  21  19  19  19  20  21  21  20  19  19  19  18  19  20  22
  23  25  24  24  23  23  23  24  24  24  23  23  23  23  23  23  22  20
  20  20  19  17  17  19  20  19  18  19  21  20  24  29  35  49  63  71
  79 115 165 182 179 179 178 178 179 178 178 178 179 180 179 178 177 176
 176 175 175 175 175 175 174 174 174 174 174 173 172 174 172 174 171 171
 174  29]"
"[ 28  30 163 165 164 164 165 165 165 165 166 166 165 165 166 166 166 167
 167 168 167 167 168 169 169 169 169 169 170 170 171 171 171 171 171 171
 171 172 172 172 172 172 173 173 173 173 173 173 173 173 173 174 174 175
 176 176 175 176 176 176 177 176 176 176 176 177 178 178 178 178 179 179
 179 179 179 179 179 179 179 179 179 179 179 179 179 179 180 180 180 180
 179 179 179 179 179 179 181 186 150  67  30  33  30  24  24  24  24  23
  22  21  20  19  19  20  21  22  22  21  21  21  20  20  20  20  21  22
  23  24  23  23  23  23  23  23  23  23  23  23  23  23  23  22  21  20
  19  19  19  19  19  19  19  19  21  19  21  22  26  29  43  57  72  76
 106 154 180 178 176 177 178 178 178 178 177 177 177 177 178 177 177 176
 175 175 174 174 176 175 175 174 174 174 173 173 173 174 172 174 171 171
 173  29]"
"[ 28  29 162 164 163 163 164 164 163 164 164 164 164 164 164 165 166 166
 167 167 167 166 167 168 168 168 168 168 169 169 170 170 169 170 170 170
 171 172 172 172 172 172 173 173 173 173 173 173 173 173 173 173 174 174
 175 175 175 176 176 176 176 175 175 175 175 176 177 177 177 177 178 178
 178 178 178 178 179 179 179 179 179 179 179 179 179 178 179 179 180 179
 179 179 179 179 179 179 178 185 174  91  30  33  31  25  24  24  24  23
  22  20  19  18  19  20  22  23  21  20  20  21  20  20  20  20  21  22
  23  23  22  23  23  23  22  21  21  21  22  23  23  22  21  21  20  20
  20  19  19  19  19  18  18  19  19  18  22  26  33  41  61  75  81 104
 145 179 181 175 177 176 177 177 177 177 177 178 178 178 177 177 177 176
 176 175 175 175 174 174 174 174 173 172 172 172 173 173 171 172 170 170
 171  29]"
"[ 28  29 161 162 162 162 163 163 161 162 162 162 163 163 164 164 165 165
 166 166 166 166 166 167 168 167 167 167 168 168 169 169 168 169 169 170
 170 171 172 172 172 172 172 172 172 172 172 172 173 172 172 172 173 174
 174 174 175 175 175 175 175 175 174 174 175 175 176 176 176 176 176 176
 176 177 178 178 179 179 179 179 179 179 180 179 179 178 179 179 179 179
 179 179 179 179 179 179 178 178 181 120  40  33  31  27  24  24  23  23
  22  20  19  18  18  20  22  22  21  20  19  20  20  20  19  19  20  21
  22  23  22  23  23  22  21  20  20  21  20  21  22  20  19  19  19  19
  20  19  19  18  19  21  21  21  22  23  23  28  42  58  68  80  96 141
 172 177 175 174 176 176 176 176 175 176 176 177 177 176 175 175 175 175
 175 175 174 174 173 173 173 173 172 172 173 173 173 173 171 172 170 169
 169  29]"
"[ 28  29 161 162 161 162 162 162 161 161 162 162 162 162 163 164 164 164
 165 166 166 165 165 166 167 167 167 167 167 167 168 169 168 168 169 169
 169 171 171 171 171 171 171 171 171 172 172 172 172 172 171 172 172 173
 173 173 173 173 173 174 174 174 173 173 174 174 175 175 175 175 175 176
 176 176 177 178 179 179 178 178 178 179 179 179 179 179 179 179 179 179
 179 179 179 179 179 179 180 177 180 146  58  32  34  32  25  24  23  23
  22  21  20  19  20  20  21  21  21  21  20  19  20  19  19  18  19  20
  22  23  22  23  23  22  20  20  20  21  19  20  21  20  18  18  18  19
  18  20  19  18  20  24  25  23  19  24  28  41  61  81  81 100 131 166
 179 175 176 174 173 176 176 175 175 175 175 175 174 174 174 174 174 174
 174 173 172 172 171 172 172 172 172 172 172 173 171 171 170 170 169 168
 166  30]"
"[ 29  30 161 162 161 162 162 162 162 162 162 162 162 162 163 163 163 163
 164 165 165 165 165 165 166 166 166 166 166 167 167 168 167 168 168 168
 169 170 170 170 170 170 171 171 171 171 172 172 172 172 172 172 172 173
 173 173 172 172 173 173 173 173 173 173 172 173 174 175 175 175 175 176
 176 176 177 177 177 177 176 175 178 178 178 178 179 179 178 178 178 178
 179 179 179 179 178 178 178 178 179 160  76  31  35  32  25  24  23  23
  23  22  22  21  21  20  20  21  21  21  20  19  19  19  19  19  19  20
  22  22  22  22  22  21  20  20  21  22  19  20  21  19  18  18  19  19
  18  19  20  19  20  23  23  22  28  40  51  67  77  86  94 126 168 177
 176 174 176 176 175 175 175 175 175 175 175 175 175 175 175 175 174 174
 173 172 171 170 169 169 169 168 168 168 168 168 166 166 165 164 164 163
 161  29]"
"[ 29  29 160 161 161 161 162 161 162 162 162 162 162 162 162 163 162 162
 163 164 164 164 164 165 165 165 166 166 166 166 166 167 167 168 167 167
 168 169 169 169 169 169 170 170 171 171 172 172 172 172 172 172 172 172
 172 172 172 172 173 173 173 173 173 173 172 173 174 174 174 174 175 175
 175 175 175 176 175 175 175 175 176 176 176 177 178 178 177 176 176 177
 178 178 178 178 177 176 175 176 179 169 101  36  37  31  26  25  23  23
  23  23  23  22  20  20  19  19  20  21  20  19  19  19  19  19  20  20
  21  21  20  20  20  20  20  20  20  21  19  20  20  19  18  18  19  19
  19  19  20  21  21  22  25  29  38  55  70  83  87  92 124 157 178 178
 173 172 172 174 176 173 172 172 173 173 173 173 173 173 172 171 171 170
 169 168 167 167 165 165 164 163 163 162 162 162 162 160 160 158 157 157
 157  28]"
"[ 29  28 159 160 159 160 161 160 161 161 161 161 161 161 162 163 162 162
 162 163 164 164 164 164 165 165 165 166 166 166 166 166 167 167 167 167
 167 168 168 168 168 168 168 169 169 170 171 171 171 171 171 171 171 171
 171 172 172 172 172 172 172 172 172 172 172 173 174 174 174 174 174 174
 174 174 174 174 174 175 175 176 175 174 174 175 177 177 176 175 175 176
 177 178 178 177 176 175 175 173 181 177 125  45  40  33  27  25  23  22
  23  23  23  23  20  20  19  19  20  20  20  20  18  18  19  20  20  20
  19  19  19  19  19  19  20  20  20  20  18  19  19  18  18  18  19  19
  20  18  20  24  25  26  34  45  61  74  83  89  95 104 153 172 168 173
 171 171 172 169 169 171 170 170 170 169 167 166 165 165 165 164 164 163
 163 162 162 162 163 162 160 160 159 159 159 158 160 158 157 155 154 155
 155  29]"
"[ 29  31 159 159 159 159 160 161 161 161 161 161 161 161 161 161 161 162
 163 163 163 163 164 164 164 164 165 166 166 166 166 166 167 167 167 167
 168 168 168 168 168 168 168 168 168 169 170 170 170 170 170 171 172 172
 171 171 173 171 171 171 172 173 172 171 172 172 173 173 173 173 173 173
 174 174 174 174 174 174 175 175 174 174 173 174 175 176 176 175 175 175
 176 176 176 176 176 175 173 177 175 178 147  48  40  33  27  24  24  24
  23  22  23  22  22  21  20  20  20  19  19  19  18  18  19  19  20  19
  19  19  18  18  19  19  20  20  19  19  18  19  19  19  18  18  19  19
  20  19  19  24  29  32  47  67  84  87  95  94 104 134 168 168 165 167
 168 168 167 167 167 167 166 166 165 164 164 163 163 162 162 162 162 161
 161 160 160 160 160 159 159 159 159 158 158 158 157 158 156 154 155 154
 154  29]"
"[ 28  30 158 158 159 158 159 159 160 160 161 161 161 161 160 160 160 161
 162 162 162 162 162 163 163 164 165 165 165 165 165 165 167 167 166 166
 166 166 167 167 167 167 167 167 167 168 168 169 169 169 169 169 170 171
 171 171 171 171 171 171 172 172 172 172 172 172 172 172 172 173 173 173
 174 174 174 174 174 174 174 174 174 174 174 175 176 176 175 174 175 176
 176 176 176 176 175 175 177 175 174 180 153  57  33  31  27  24  24  24
  23  22  22  21  21  20  20  20  20  19  19  20  20  20  20  20  20  19
  19  20  19  19  19  19  20  20  20  20  18  18  18  18  18  18  19  20
  20  22  24  29  37  46  57  67  80  87  86  91 127 158 168 160 163 164
 165 164 164 164 165 165 163 162 162 161 161 161 161 160 161 161 160 160
 159 159 158 158 157 157 157 158 158 157 157 157 156 157 155 154 155 154
 154  29]"
"[ 28  30 157 158 158 157 159 159 160 160 160 160 160 160 160 160 160 161
 162 162 162 162 162 162 163 163 164 165 165 164 165 165 166 166 166 166
 166 166 166 167 167 167 167 167 167 168 168 169 169 169 168 168 169 170
 171 172 170 171 171 171 171 171 172 172 172 172 172 171 172 172 173 173
 173 173 174 174 174 174 174 174 174 174 174 175 175 175 174 173 174 175
 175 175 175 175 174 174 176 174 173 179 162  74  31  31  26  24  24  24
  23  22  21  20  20  20  20  20  20  19  20  21  22  21  20  20  20  19
  19  20  18  19  19  19  19  19  19  19  18  19  19  18  17  18  19  21
  22  24  30  36  45  56  67  71  82  80  87 113 154 168 163 162 163 163
 162 162 162 163 164 163 161 161 161 161 161 161 160 160 161 160 160 160
 159 158 158 157 157 157 157 157 157 157 156 156 155 155 154 153 154 154
 155  29]"
"[ 28  30 157 158 159 158 159 159 159 159 159 159 159 159 159 159 159 160
 161 162 162 162 162 162 162 163 164 164 164 164 165 165 165 165 165 166
 166 167 167 167 167 167 167 167 168 168 168 169 170 169 169 169 169 170
 171 171 171 171 171 171 171 171 171 172 172 172 171 171 171 172 172 173
 173 173 173 173 174 174 173 173 173 173 173 173 173 173 173 172 172 172
 173 173 173 173 173 172 170 172 171 173 166  86  33  30  26  23  23  24
  22  22  22  20  19  19  19  20  20  19  20  22  22  21  20  20  20  19
  20  21  19  19  19  19  19  19  19  19  19  19  20  19  18  18  20  21
  24  25  32  41  47  57  69  76  83  80 108 146 166 163 160 167 164 163
 162 161 163 164 164 162 161 161 161 162 162 162 161 160 161 161 161 161
 160 159 159 159 159 158 157 156 157 157 156 155 154 155 154 153 154 154
 155  29]"
"[ 29  30 157 157 158 157 158 158 158 159 159 159 159 159 159 159 158 159
 160 161 161 162 162 162 162 162 163 164 164 164 165 166 165 165 165 165
 166 167 167 167 167 167 167 167 167 167 167 168 169 169 169 169 169 169
 169 169 172 171 171 171 171 171 171 171 172 171 171 171 171 171 172 172
 172 172 172 173 173 173 172 172 172 171 171 170 171 171 171 170 171 171
 171 171 171 170 170 170 167 170 167 167 167  91  33  28  27  24  23  23
  22  21  22  20  20  19  19  19  19  20  21  23  21  20  19  20  20  20
  20  21  20  20  20  20  20  20  21  21  19  20  20  20  19  18  19  20
  24  25  32  40  46  56  68  73  75  98 138 164 164 162 163 163 164 163
 161 161 163 164 163 162 162 161 162 162 162 162 161 160 160 160 160 160
 160 160 159 159 160 158 156 156 156 156 156 155 154 155 154 153 154 153
 154  29]"
"[ 28  29 155 155 156 156 157 157 158 158 159 159 159 159 159 159 159 160
 160 161 161 161 162 163 161 162 163 163 163 164 165 165 166 166 166 166
 166 167 167 167 167 167 167 167 167 167 167 167 168 169 169 169 169 168
 167 167 169 168 168 168 169 170 170 169 170 170 170 170 170 170 171 171
 170 171 171 171 171 171 171 170 170 169 168 168 168 168 169 169 171 171
 170 170 169 169 168 167 168 167 164 167 169 105  39  31  29  25  23  22
  21  21  21  19  20  19  19  19  19  20  21  22  20  19  19  20  20  20
  21  22  21  21  20  20  21  21  21  21  19  19  20  20  19  19  20  20
  22  27  32  38  46  58  66  65  73 125 159 165 161 163 164 163 164 163
 162 162 163 164 164 162 162 161 161 161 162 161 161 160 160 161 161 161
 160 160 159 159 159 158 157 157 157 157 157 157 155 156 154 153 155 154
 154  29]"
"[ 29  28 154 154 155 155 157 157 158 158 158 159 159 159 159 159 160 160
 160 160 160 161 162 163 162 162 162 162 162 163 163 164 165 165 165 166
 166 166 166 166 166 166 166 166 166 166 166 166 167 168 168 168 168 167
 166 166 166 166 166 166 166 166 167 168 168 168 168 168 168 168 168 169
 168 168 169 169 169 169 168 168 167 167 167 167 167 167 168 168 169 169
 169 169 168 168 167 167 168 166 164 167 169 129  49  31  29  25  23  22
  21  20  20  18  19  19  19  19  20  20  20  20  20  19  20  20  21  21
  22  23  22  21  19  20  21  22  22  21  20  20  20  20  21  21  22  22
  23  30  34  39  48  57  62  63  96 149 164 164 162 161 161 165 165 164
 163 163 163 164 164 164 162 162 161 162 162 162 162 161 162 162 162 161
 161 160 159 158 159 158 158 158 158 157 157 156 155 155 154 154 155 154
 154  29]"
"[ 29  29 154 154 155 155 157 157 158 158 158 159 159 159 159 159 160 160
 160 159 159 159 160 161 162 162 162 162 162 162 162 163 163 163 163 163
 164 164 165 165 165 165 165 165 165 164 164 164 165 166 166 167 166 165
 165 165 165 166 167 166 165 165 166 167 167 167 167 167 167 167 167 167
 167 167 167 167 167 167 167 167 166 166 166 166 167 167 167 167 167 167
 167 167 167 167 167 167 166 166 165 165 165 147  54  26  28  24  22  22
  21  20  20  18  19  18  18  20  20  20  19  19  20  20  20  21  22  22
  23  23  23  21  20  20  22  23  23  22  21  21  20  20  22  23  24  24
  27  32  37  43  49  53  58  67 125 163 162 162 163 162 162 162 165 165
 163 162 162 163 164 165 162 162 161 162 162 163 163 162 162 162 162 161
 160 159 158 157 158 158 158 158 157 156 155 154 154 155 154 153 155 154
 154  29]"
"[ 29  29 154 154 155 155 156 155 157 157 158 158 158 158 158 158 161 160
 159 158 158 158 159 160 160 161 162 162 162 161 162 163 162 162 162 162
 162 162 162 162 162 162 162 162 162 162 163 163 165 164 163 164 165 165
 165 164 163 165 165 164 164 165 165 165 165 165 166 166 166 166 166 167
 165 166 167 167 166 165 165 165 165 165 166 166 166 166 167 167 166 167
 167 167 167 167 166 166 168 164 165 165 168 154  71  31  30  26  25  21
  20  21  17  18  19  19  19  20  20  20  20  19  19  19  19  20  20  20
  22  24  21  20  21  24  24  22  22  23  22  20  19  20  22  24  26  29
  34  37  40  43  46  57  58  78 145 167 162 162 165 160 165 163 164 162
 160 161 162 161 161 161 161 161 161 161 161 161 161 161 161 161 162 162
 161 160 159 158 160 159 158 157 158 157 156 154 154 155 154 153 154 153
 154  28]"
"[ 29  29 154 154 155 155 156 155 156 157 158 158 157 157 158 159 160 160
 159 158 158 158 158 158 159 160 161 161 160 160 160 161 161 161 161 161
 161 161 161 162 162 162 162 162 162 162 163 163 164 163 162 163 164 165
 164 164 164 165 165 164 164 165 165 165 165 165 166 166 166 166 166 167
 165 166 166 166 166 165 165 165 165 165 166 166 166 166 166 167 166 166
 166 167 166 166 166 166 165 166 168 164 167 163  90  35  29  25  25  21
  20  20  18  19  18  19  19  19  19  20  20  20  20  19  19  20  20  20
  21  23  22  21  21  23  23  21  21  22  21  20  20  21  22  24  28  31
  32  37  39  41  46  54  56  94 154 168 162 161 164 162 165 164 164 162
 161 162 163 162 162 162 161 162 162 162 161 161 161 161 160 161 161 161
 160 160 159 159 159 158 158 157 157 156 155 154 155 155 154 153 155 154
 154  29]"
"[ 29  29 154 154 155 154 155 154 154 156 156 156 155 155 157 159 159 159
 159 158 158 157 157 156 158 159 160 160 159 158 159 159 160 160 161 161
 160 160 160 161 161 161 162 162 162 162 162 162 163 162 162 162 163 164
 164 164 164 165 165 164 164 164 165 165 165 165 165 165 165 165 166 166
 165 165 166 166 165 165 164 164 165 165 166 166 166 166 166 166 166 166
 166 166 166 166 165 165 164 167 167 163 164 167 109  39  26  24  24  20
  18  19  17  19  19  19  19  19  19  19  20  21  22  20  20  20  21  21
  21  21  22  21  21  22  21  20  20  21  19  20  21  22  22  25  30  34
  33  38  38  38  46  51  54 111 162 166 162 161 163 163 165 164 163 162
 161 161 162 162 162 162 162 162 162 162 162 161 161 161 160 160 160 160
 160 160 160 160 158 158 159 158 157 156 155 155 155 155 154 154 155 154
 154  29]"
"[ 29  29 154 154 155 154 155 154 153 154 154 153 153 154 155 157 157 158
 158 158 158 157 157 156 158 158 159 159 159 159 159 159 159 160 161 161
 160 159 160 161 161 161 161 162 162 162 162 162 162 162 162 163 164 164
 164 164 163 164 164 164 164 164 165 165 165 165 165 165 165 165 165 166
 165 165 165 165 165 164 164 164 165 165 166 166 165 165 165 166 165 165
 165 166 166 165 165 165 166 165 164 164 163 166 124  48  26  25  24  21
  18  18  18  19  20  19  19  19  19  19  20  20  22  22  21  21  21  21
  21  22  23  21  21  21  20  19  19  20  20  21  22  23  24  27  32  36
  37  36  37  37  46  50  54 117 165 162 162 162 163 165 165 164 163 162
 161 161 162 162 162 162 162 162 162 162 162 161 161 161 160 160 160 160
 160 160 160 160 159 159 159 158 157 157 156 155 154 155 154 153 155 154
 154  29]"
"[ 29  29 154 154 154 154 155 154 154 154 153 154 154 155 156 157 157 157
 157 158 158 158 158 158 157 158 159 159 159 159 159 159 159 160 161 161
 160 160 160 161 161 161 161 161 161 162 162 162 162 163 163 164 164 164
 163 162 162 163 163 164 164 164 164 165 165 165 165 165 165 165 165 166
 165 165 165 164 164 164 164 164 165 165 165 165 165 165 165 165 165 165
 165 165 165 165 165 165 166 164 164 166 163 166 139  62  29  28  25  23
  20  19  19  19  19  19  19  20  20  20  20  20  22  23  23  23  22  21
  22  23  22  21  20  20  19  19  20  20  20  21  22  24  26  29  34  36
  36  33  36  38  43  49  57 119 166 161 163 164 164 166 165 165 164 163
 163 162 162 162 162 162 162 162 162 162 162 162 161 161 161 161 160 160
 160 160 160 160 159 158 158 158 158 158 156 155 154 155 154 153 154 154
 154  29]"
"[ 29  29 154 154 154 154 155 154 155 154 154 155 156 157 157 156 157 157
 157 158 158 158 158 158 157 158 158 159 159 159 159 159 159 160 160 160
 160 160 161 161 161 161 161 161 161 162 162 162 162 162 163 163 163 163
 162 161 162 162 163 164 164 163 163 164 164 164 165 165 165 165 165 165
 165 165 164 164 164 164 164 164 165 165 165 164 164 164 165 165 165 165
 165 165 165 165 165 165 164 166 166 164 161 164 148  70  31  30  26  24
  22  19  20  19  18  18  19  20  20  21  21  22  21  23  24  23  22  22
  22  23  21  20  20  19  19  19  20  20  19  21  22  24  27  30  34  35
  32  31  36  40  42  48  63 126 165 162 163 163 163 164 165 165 164 164
 163 162 161 162 162 161 162 162 162 162 162 162 161 161 161 161 161 160
 160 160 159 159 159 158 157 157 158 158 156 155 154 155 154 153 154 154
 154  29]"
"[ 29  29 154 154 154 154 155 154 154 155 155 156 157 157 157 156 157 157
 158 158 158 158 158 158 158 158 158 159 159 159 159 159 159 159 160 160
 160 161 161 161 161 161 161 162 162 162 162 162 162 162 162 162 162 162
 162 161 162 162 163 164 164 163 162 163 162 163 164 165 165 165 165 165
 165 165 164 164 164 164 164 164 165 164 164 163 163 163 165 166 165 165
 165 165 165 165 165 165 164 166 166 163 161 162 149  74  32  31  25  24
  23  20  21  17  17  18  18  19  20  21  22  22  22  23  24  23  22  22
  22  21  20  20  19  19  19  19  20  20  19  21  23  23  25  28  31  31
  30  31  33  38  42  47  67 134 163 163 162 163 163 163 164 165 163 164
 163 162 161 162 162 161 162 162 162 162 162 161 161 161 161 161 161 160
 160 159 159 159 158 158 157 157 158 157 157 156 154 155 154 153 155 154
 154  29]"
"[ 29  29 154 154 154 154 155 154 154 155 157 158 158 157 157 157 157 158
 158 158 158 158 158 158 159 159 159 159 159 159 159 158 159 159 159 160
 160 161 161 161 160 161 162 162 162 162 162 161 162 162 162 162 162 162
 162 163 162 162 163 165 164 162 161 161 161 162 164 165 165 165 164 164
 166 165 164 164 164 164 164 164 165 164 163 162 162 163 165 166 165 165
 165 165 165 165 165 165 164 165 165 164 165 161 149  79  33  32  25  24
  24  21  22  18  18  18  18  18  19  21  22  23  22  23  23  22  22  22
  21  19  20  20  19  18  18  19  19  19  19  22  23  23  24  26  27  28
  30  31  26  33  42  46  67 137 161 164 162 164 166 165 165 164 164 164
 164 162 162 163 164 163 162 162 162 162 162 161 161 161 160 160 160 160
 160 159 159 158 158 158 158 158 158 157 157 157 154 155 154 153 155 154
 155  29]"
"[ 29  29 154 154 154 154 155 154 154 155 156 157 157 157 157 157 157 157
 157 156 157 157 157 157 158 158 158 158 158 158 159 159 159 160 161 161
 160 160 160 161 162 161 161 161 161 162 162 163 162 162 162 162 162 162
 162 163 162 162 162 162 162 162 162 162 162 163 163 163 163 163 163 164
 164 164 164 164 165 165 164 162 163 162 161 161 162 162 163 164 165 165
 165 165 164 164 164 165 164 167 164 163 162 161 151  79  32  30  27  24
  23  22  20  19  17  17  18  19  20  21  21  20  22  23  23  23  22  22
  20  19  21  20  19  19  19  19  19  19  19  21  22  23  23  23  24  26
  28  24  28  32  38  45  77 142 163 162 163 163 163 163 164 164 162 162
 163 162 161 163 163 161 162 162 161 161 162 162 161 160 159 160 160 159
 158 158 158 158 158 157 157 157 157 157 156 156 156 154 153 153 153 152
 154  29]"
"[ 29  29 154 154 154 154 154 154 153 154 155 155 155 155 155 155 157 157
 157 157 157 157 157 158 158 158 158 158 158 158 159 159 158 159 160 160
 160 160 160 161 161 161 161 161 161 162 162 162 162 162 162 162 162 162
 162 162 162 162 162 162 162 162 162 162 162 163 163 163 163 162 163 163
 164 164 163 163 164 165 163 162 162 162 162 162 162 162 163 163 165 165
 164 164 164 164 165 165 164 166 164 163 162 162 152  82  32  31  28  25
  24  23  21  18  17  17  18  18  19  20  20  20  21  23  23  22  21  21
  20  20  19  19  19  19  19  19  19  18  18  20  21  22  22  23  24  24
  25  23  29  32  40  50  84 147 164 163 163 163 164 163 163 164 161 161
 163 163 162 163 164 162 162 162 161 161 162 161 161 160 160 160 161 160
 160 160 160 160 159 159 158 158 159 159 158 158 157 156 155 155 155 153
 155  29]"
"[ 29  29 154 154 154 154 154 154 154 154 155 155 155 154 154 154 156 156
 157 157 157 158 158 158 158 158 158 158 158 158 158 159 158 159 160 160
 160 160 160 161 161 161 161 161 161 161 161 161 161 161 162 162 162 162
 162 161 161 162 162 162 162 162 162 162 162 162 162 162 162 162 162 162
 163 163 162 162 163 164 163 162 162 161 162 163 163 162 162 162 164 163
 163 163 164 164 165 165 163 164 162 162 161 161 152  87  32  32  31  27
  25  24  21  18  17  17  18  18  18  19  19  20  20  22  23  22  21  20
  20  20  18  19  20  19  18  18  18  18  18  19  20  21  22  23  23  24
  24  25  30  32  42  54  89 149 164 163 163 164 164 164 163 163 163 162
 164 164 163 163 164 162 162 162 162 162 162 162 161 161 160 161 161 161
 160 160 161 161 159 159 158 158 158 159 159 158 158 157 156 156 156 154
 155  29]"
"[ 29  29 154 154 154 154 154 154 155 155 156 156 155 155 155 155 155 156
 156 157 157 158 158 158 158 158 158 158 158 158 158 159 158 159 160 160
 160 160 161 161 160 161 161 161 162 161 161 161 161 161 161 162 162 162
 162 162 162 162 162 162 162 162 162 162 162 162 161 162 162 162 162 161
 162 162 162 162 162 163 163 162 162 162 162 162 162 161 161 162 163 163
 162 163 163 164 164 164 162 162 162 162 162 161 153  94  33  34  32  28
  25  24  22  19  18  18  18  18  18  18  19  20  19  21  22  22  21  20
  20  19  19  20  21  20  18  17  18  19  19  19  20  22  23  24  24  24
  24  26  30  34  44  56  92 152 164 163 163 164 165 165 164 164 164 163
 164 164 162 162 163 162 162 162 162 162 161 161 161 161 160 160 160 160
 160 160 160 160 160 159 158 157 157 158 158 157 158 157 157 157 156 155
 155  28]"
"[ 29  29 154 154 154 154 154 154 154 155 155 155 155 155 155 155 155 155
 156 156 157 157 158 158 158 158 158 158 158 158 159 159 159 159 160 160
 160 160 161 161 160 160 161 162 162 161 161 161 161 161 161 161 161 162
 162 162 162 162 162 162 162 162 162 162 162 162 161 162 162 162 162 162
 162 162 162 161 162 163 162 162 162 162 162 161 161 160 161 162 163 162
 162 162 162 163 162 162 162 162 163 163 162 161 154 102  34  34  32  27
  25  24  23  21  19  19  19  18  18  18  19  19  19  20  21  22  22  22
  20  18  18  19  19  18  17  16  18  20  19  19  20  21  23  24  24  24
  23  25  29  37  49  60  97 156 163 162 162 164 165 165 165 164 165 163
 164 163 161 161 162 161 161 161 161 161 161 161 160 160 160 161 161 160
 159 159 159 160 160 159 158 158 158 158 158 158 157 157 157 157 157 156
 156  28]"
"[ 29  29 154 154 154 154 155 154 154 155 155 155 155 155 155 155 155 155
 155 156 156 157 157 158 158 158 159 158 158 158 159 159 159 159 160 160
 160 160 160 160 160 160 161 161 161 161 161 161 161 161 161 161 161 161
 162 162 162 162 162 162 162 162 162 162 162 162 162 162 162 162 162 162
 161 162 162 162 162 162 162 162 162 161 161 160 159 159 160 161 162 162
 162 162 162 162 162 161 163 161 163 162 161 159 155 109  36  34  31  27
  25  24  24  23  20  20  20  20  19  19  19  19  19  20  20  21  22  22
  20  18  17  17  17  17  16  17  18  19  19  19  19  20  22  23  24  24
  24  26  30  39  52  62  99 158 162 161 162 163 165 165 165 165 165 163
 164 164 162 161 162 163 162 162 162 162 162 161 161 161 162 162 162 161
 160 160 160 161 160 159 159 158 159 159 159 159 157 157 157 157 157 157
 157  29]"
"[ 29  28 154 154 154 154 155 154 155 155 156 155 155 155 155 155 155 155
 155 155 156 156 157 158 158 158 158 158 158 158 159 159 159 159 159 159
 160 160 160 160 160 160 160 161 161 161 161 161 161 161 161 161 161 161
 162 162 162 162 162 162 162 162 162 162 162 162 162 162 161 161 161 161
 161 162 162 162 162 162 162 161 161 161 160 159 158 157 158 160 162 162
 162 162 162 162 162 162 163 160 162 162 161 159 158 119  41  37  32  29
  26  24  23  24  22  21  21  21  21  20  20  19  19  20  20  21  21  22
  20  19  18  17  17  17  17  17  18  18  19  19  19  19  21  22  23  24
  25  30  33  41  54  65 102 157 161 161 162 163 164 165 165 165 165 164
 165 166 163 162 162 163 162 163 163 163 162 162 162 162 162 162 162 161
 161 160 161 161 160 159 159 159 159 159 159 159 158 158 157 157 157 157
 157  29]"
"[ 29  28 154 154 154 154 155 154 155 155 156 155 155 154 154 155 155 155
 155 155 155 156 157 158 158 158 158 158 158 158 158 159 159 159 159 159
 159 159 159 159 159 160 160 160 161 161 161 161 160 160 161 161 161 161
 161 161 162 162 162 162 162 162 162 162 162 162 162 162 161 160 160 160
 161 162 162 162 162 162 162 161 160 160 160 159 157 156 157 159 161 162
 162 162 162 162 162 163 163 161 163 162 162 161 162 127  47  41  35  31
  28  24  23  24  22  22  22  22  21  21  20  19  19  20  20  20  20  20
  21  20  19  18  18  17  18  18  17  17  19  19  19  19  20  22  23  24
  24  32  36  43  56  69 106 159 161 161 162 164 164 164 164 165 164 163
 165 166 163 160 160 160 161 162 162 162 161 161 161 161 161 161 161 160
 160 160 160 161 161 160 160 160 160 160 159 158 158 158 157 156 157 157
 157  28]"
"[ 29  29 152 153 153 155 154 155 155 155 155 154 154 155 155 155 155 155
 155 155 155 155 157 158 157 158 158 158 158 158 158 159 159 159 159 159
 159 159 159 159 159 159 160 160 160 161 161 160 159 160 161 161 161 161
 161 162 161 161 162 162 163 162 162 162 163 162 161 160 159 160 161 161
 161 162 162 162 161 161 162 162 162 162 161 160 158 158 159 160 161 161
 162 162 161 162 162 162 164 161 162 162 162 162 164 144  65  40  37  31
  26  26  24  24  22  23  23  22  20  20  20  19  19  19  19  19  19  19
  20  20  21  20  18  17  18  18  18  19  19  19  20  21  21  21  22  24
  29  33  39  48  60  69 115 155 156 161 165 165 165 165 165 167 165 166
 166 166 166 164 163 162 162 163 164 165 164 163 162 162 162 162 162 162
 162 161 160 160 161 161 161 161 160 160 159 159 158 158 158 157 158 157
 157  29]"
"[ 29  30 152 153 154 155 153 154 154 154 154 154 154 154 154 154 156 156
 156 155 155 156 157 158 157 158 158 158 158 158 158 159 159 159 159 159
 159 159 159 159 159 159 159 159 159 160 160 160 160 160 161 161 161 161
 161 162 161 161 162 162 162 162 162 162 163 162 161 160 160 161 161 162
 161 162 162 162 162 161 162 162 161 161 161 160 159 159 159 160 162 162
 162 162 162 162 163 163 164 162 163 161 162 162 164 150  78  41  38  33
  29  26  23  24  24  24  23  21  20  20  20  21  19  19  19  19  19  19
  19  20  20  19  18  18  18  18  19  19  18  19  20  21  22  24  26  28
  31  35  42  51  63  70 114 153 157 162 164 164 165 166 165 166 165 166
 166 166 165 164 163 162 164 165 165 165 164 163 162 162 161 162 162 162
 162 162 161 161 161 161 160 160 160 160 159 159 158 158 158 157 157 157
 157  29]"
"[ 29  30 153 154 154 155 153 154 154 154 154 154 154 154 154 154 156 156
 156 156 155 156 156 157 157 157 158 158 158 158 159 159 159 159 159 159
 159 159 159 159 159 159 159 159 159 160 160 160 160 161 161 161 161 161
 161 161 162 161 161 161 161 162 162 162 162 162 162 161 161 161 162 162
 162 162 162 162 162 162 162 162 162 162 162 161 161 161 161 161 162 162
 162 162 162 162 163 164 164 163 163 161 162 161 164 157  94  42  39  33
  31  27  24  24  24  23  22  20  19  19  20  21  19  19  19  19  19  19
  19  19  19  19  19  18  18  18  19  19  20  20  21  22  22  24  26  29
  32  37  46  55  65  71 113 152 158 162 163 163 165 166 165 166 166 166
 166 166 165 165 164 164 164 164 163 162 161 160 161 161 161 162 162 162
 162 162 162 162 161 161 161 161 160 160 160 159 158 158 158 157 157 156
 157  29]"
"[ 29  29 152 153 153 154 152 153 154 154 154 154 154 154 154 154 155 156
 156 155 155 156 156 157 157 158 158 158 158 158 159 159 159 159 159 159
 159 159 159 159 160 160 159 159 159 160 160 160 160 161 161 161 161 161
 161 161 162 161 161 161 162 162 162 162 162 162 162 162 162 162 162 162
 162 162 162 162 162 162 162 162 162 162 162 162 162 162 162 162 162 162
 162 162 162 162 164 165 164 164 163 161 162 161 162 162 107  44  39  33
  32  28  25  24  23  23  21  19  19  20  21  21  20  19  19  19  19  19
  19  19  19  19  19  19  18  18  19  19  20  20  21  22  23  24  26  28
  34  39  48  57  67  71 113 152 157 161 163 163 165 166 165 165 166 166
 166 165 165 165 165 165 165 165 164 163 162 162 163 163 162 162 162 162
 162 162 161 161 162 162 161 161 161 160 160 160 158 158 158 157 157 156
 157  29]"
"[ 29  29 151 152 152 153 152 153 154 154 154 154 154 154 154 154 155 155
 155 156 156 156 157 158 157 158 158 159 159 159 159 159 158 158 158 159
 159 159 159 160 160 160 160 159 159 160 161 160 161 161 161 161 161 161
 161 161 161 161 162 162 162 162 162 162 162 162 162 162 162 162 162 162
 162 162 162 162 162 162 162 162 162 161 161 162 162 162 162 162 162 162
 162 162 162 162 164 165 165 164 162 162 162 162 160 163 118  49  40  32
  31  28  25  24  23  23  22  20  20  21  21  21  20  20  19  19  19  19
  19  19  19  20  20  19  19  18  18  19  18  19  21  23  25  27  29  32
  35  40  48  57  66  70 113 153 155 160 163 164 165 166 165 166 166 165
 165 165 165 165 165 165 165 165 164 164 163 162 162 163 162 162 162 162
 162 162 161 161 161 161 161 160 160 160 159 159 159 158 158 157 157 156
 157  29]"
"[ 29  29 151 151 152 153 152 154 154 154 154 154 154 154 154 154 155 155
 156 156 156 157 157 158 157 158 158 159 158 158 158 159 158 158 158 158
 159 159 160 160 160 160 160 160 160 160 161 160 161 161 161 161 161 161
 161 162 161 162 162 162 162 162 162 162 162 162 162 162 162 162 162 162
 162 162 162 162 162 162 162 162 162 162 162 162 162 162 163 163 161 162
 162 162 162 163 163 164 165 164 163 163 162 163 159 162 129  57  39  32
  30  27  25  23  23  23  22  21  21  22  22  21  20  20  20  20  19  19
  19  19  20  20  19  19  19  19  19  19  18  20  22  25  27  29  31  34
  37  41  48  56  64  68 113 154 155 160 163 164 165 165 165 165 165 164
 164 164 164 164 165 165 164 164 163 162 161 160 160 160 161 161 161 162
 162 162 162 162 162 162 161 161 160 160 160 159 159 158 158 157 157 156
 157  29]"
"[ 28  29 151 152 152 154 153 154 154 154 154 154 154 154 154 154 154 155
 155 156 156 156 157 157 157 157 158 158 158 158 158 158 158 158 158 158
 158 159 159 160 160 160 160 160 160 160 160 160 161 161 161 161 161 161
 161 162 162 162 162 162 162 162 162 162 162 162 162 162 162 162 162 162
 162 162 162 162 162 162 162 162 162 162 162 162 162 162 164 165 162 162
 163 163 163 163 164 164 164 163 164 164 161 164 159 162 140  66  38  34
  31  27  24  24  23  23  22  21  21  22  22  21  20  20  20  20  19  19
  19  19  19  19  18  18  19  19  19  19  20  21  23  25  27  29  32  34
  38  40  47  54  63  67 113 156 157 161 163 163 165 166 165 165 164 164
 164 164 164 164 164 164 165 165 165 164 163 162 162 162 162 162 162 162
 162 162 162 162 163 162 162 161 161 160 160 160 158 158 157 157 157 156
 157  29]"
"[ 28  29 152 153 153 155 153 154 154 154 154 153 153 154 154 154 154 154
 155 155 155 155 155 156 157 157 158 158 158 157 157 157 157 157 157 158
 158 159 159 160 159 159 160 160 160 160 160 159 161 161 161 161 161 161
 162 162 162 162 161 161 161 162 162 163 163 162 162 162 162 162 162 162
 162 162 162 162 162 162 162 162 161 162 162 162 161 162 163 165 162 163
 163 164 164 164 164 164 164 163 165 165 160 164 160 162 147  71  36  35
  33  28  25  26  24  23  22  21  22  23  23  22  20  20  20  20  19  19
  19  19  19  18  17  17  18  19  20  20  20  20  22  25  27  30  33  36
  37  40  46  53  62  67 114 159 159 161 162 163 166 166 165 164 164 164
 164 164 164 165 165 165 164 164 164 163 162 162 162 163 163 163 162 162
 162 162 162 162 162 162 161 161 160 160 160 160 158 158 157 156 156 156
 157  29]"
"[ 29  29 152 154 153 154 154 154 154 154 154 154 155 155 155 154 154 154
 154 154 154 155 156 156 157 158 158 158 158 158 158 157 157 158 158 158
 158 159 159 160 160 160 160 160 160 160 160 161 161 161 161 162 162 162
 162 162 162 162 162 162 162 162 162 162 162 162 162 162 162 162 162 162
 162 162 162 162 163 163 162 162 162 163 163 163 162 163 163 164 163 163
 164 164 165 165 165 164 165 164 163 164 164 162 162 163 146  82  40  37
  30  31  26  25  24  25  24  22  22  23  22  20  20  20  20  20  22  22
  21  20  20  19  18  18  18  19  19  20  20  22  23  25  29  31  33  36
  42  41  45  54  60  67 119 158 160 162 163 163 164 165 165 165 165 165
 164 164 164 164 165 165 166 165 164 164 163 162 161 160 161 161 161 161
 161 161 160 160 162 161 161 160 160 159 159 159 159 157 159 158 157 157
 155  29]"
"[ 29  28 151 153 153 155 154 154 155 154 154 154 155 155 155 154 154 154
 154 154 155 155 155 155 157 158 158 158 158 159 158 158 158 158 159 159
 159 159 159 160 159 160 160 160 160 160 160 161 161 161 162 162 162 162
 162 162 162 162 162 162 162 162 162 162 163 163 162 162 162 162 162 162
 162 162 162 163 163 163 163 162 162 163 164 164 163 162 163 163 163 163
 164 164 165 165 164 164 164 163 163 164 164 163 163 165 152  88  42  40
  32  30  25  25  24  24  24  23  22  23  22  20  21  21  21  21  22  22
  21  20  20  20  19  19  18  18  19  19  19  21  23  25  29  32  34  37
  40  41  46  54  59  65 117 156 160 161 163 164 164 165 165 165 164 164
 164 164 164 164 164 164 164 164 164 164 165 165 165 164 164 164 163 163
 162 162 163 163 161 161 161 161 160 160 160 160 159 158 159 157 156 156
 155  29]"
"[ 30  28 151 153 153 155 154 153 155 154 154 154 155 155 155 155 154 154
 154 155 155 155 155 155 157 158 158 158 159 159 159 159 159 159 159 159
 159 159 160 160 159 160 160 160 160 160 161 161 161 162 162 162 162 162
 162 162 162 162 162 162 162 162 162 162 163 163 162 162 162 162 162 162
 163 162 162 163 164 164 164 162 162 163 164 164 163 162 162 163 163 163
 164 164 165 165 164 164 163 163 163 164 164 164 164 165 153  91  42  41
  32  28  24  25  24  24  23  23  22  22  22  20  20  21  21  21  22  22
  20  19  20  20  20  19  19  18  19  20  20  22  23  26  30  33  35  38
  39  42  49  55  58  64 116 154 159 161 163 164 164 165 165 164 163 163
 164 164 164 164 164 164 164 164 164 164 164 164 164 164 165 164 163 162
 161 162 162 163 160 160 160 160 160 160 159 159 159 157 158 156 155 154
 154  29]"
"[ 29  28 151 153 153 155 154 154 154 154 154 154 155 155 155 155 154 154
 154 155 155 155 155 155 157 158 158 158 159 159 160 159 160 160 160 159
 159 159 160 160 160 160 160 160 160 161 161 161 161 162 162 163 162 162
 162 162 162 162 162 162 162 162 162 162 162 162 162 162 162 162 162 162
 164 163 162 162 164 165 165 164 163 163 163 163 163 163 163 163 163 163
 163 164 165 165 165 164 164 163 164 164 164 163 163 163 153  96  42  40
  31  27  23  24  24  24  23  23  22  21  20  20  20  20  20  20  20  20
  19  18  19  20  20  19  18  18  20  21  21  23  24  27  31  34  35  37
  39  43  50  56  59  67 117 154 159 161 163 164 164 165 165 164 164 164
 164 164 164 164 164 164 165 165 165 164 163 163 163 163 164 163 162 161
 161 161 162 162 160 160 159 160 160 160 159 158 158 157 158 156 155 154
 154  29]"
"[ 28  29 152 153 152 153 154 154 154 154 154 154 154 155 155 155 154 154
 154 155 155 156 156 157 157 158 158 158 158 159 160 159 160 160 160 159
 159 159 159 160 160 160 160 160 161 161 161 161 161 162 162 163 162 162
 162 162 162 162 162 162 162 162 162 162 162 162 162 162 162 162 162 162
 165 163 162 162 164 165 165 165 165 164 163 163 164 165 165 164 164 164
 164 164 165 165 164 164 164 164 164 164 164 163 162 162 156 105  46  41
  31  29  25  23  24  24  23  23  21  20  19  19  20  20  19  18  19  19
  19  19  19  20  20  19  18  18  20  22  22  24  25  27  33  35  36  37
  39  43  50  56  61  70 120 155 160 162 163 164 164 165 165 165 164 164
 164 164 164 164 164 164 164 164 165 164 164 163 164 164 163 163 162 162
 162 162 162 163 161 161 160 160 161 160 159 158 158 157 158 157 156 155
 154  30]"
"[ 28  29 153 153 151 153 153 154 154 154 154 154 154 154 155 155 155 155
 155 155 156 157 157 158 157 158 158 158 158 159 159 159 159 160 160 160
 159 159 159 159 160 160 160 160 161 161 161 161 160 161 162 162 162 162
 162 163 162 162 162 161 162 162 162 162 162 162 162 162 162 162 162 162
 164 163 162 162 163 165 165 165 165 163 161 162 163 165 165 164 165 165
 164 164 164 164 164 163 164 164 164 164 163 163 162 161 156 110  46  40
  32  31  26  23  25  24  23  23  21  20  19  19  21  21  20  19  19  19
  20  20  20  21  21  20  18  18  19  20  22  23  24  27  33  36  37  38
  39  42  49  56  62  71 121 156 161 162 163 164 164 165 165 165 164 164
 163 163 163 163 164 164 164 164 164 163 163 163 163 163 162 162 162 162
 162 162 162 162 161 161 160 160 160 160 159 158 156 155 157 156 155 154
 154  29]"
"[ 29  29 152 153 151 153 153 154 154 154 154 154 154 154 155 156 156 156
 156 156 157 157 158 158 158 158 158 158 158 159 159 158 159 160 160 160
 160 159 159 159 160 160 160 160 161 161 161 160 160 161 162 162 162 161
 162 163 162 162 162 162 162 162 162 163 162 162 162 162 162 162 162 162
 163 162 162 162 163 164 164 164 164 163 162 162 162 163 164 164 164 164
 164 164 164 164 164 163 163 164 164 164 163 162 161 160 156 112  44  40
  33  31  26  24  24  24  23  23  22  20  19  20  22  22  21  20  19  20
  20  19  21  22  22  22  20  19  19  20  21  22  23  27  34  37  37  38
  39  41  47  55  62  71 122 158 160 162 164 164 164 164 164 164 163 163
 163 163 164 164 164 164 165 164 163 163 162 161 161 161 161 161 161 161
 161 160 160 160 160 160 159 159 159 159 158 158 157 155 156 155 154 154
 153  28]"
"[ 30  29 152 153 151 153 153 153 154 154 155 154 154 154 155 156 157 157
 157 158 158 157 157 157 158 159 159 158 158 159 159 158 159 160 161 161
 160 160 159 159 160 160 160 160 161 161 160 160 159 160 162 162 161 161
 162 163 162 162 162 162 162 162 162 163 162 162 162 162 162 162 162 162
 161 161 162 162 163 164 163 163 164 164 164 164 163 163 164 165 163 163
 163 163 164 165 164 164 164 164 164 163 162 162 160 159 160 115  45  42
  34  30  25  24  24  23  23  24  22  20  20  21  22  23  22  21  20  19
  19  18  21  22  23  23  22  20  20  20  20  21  23  27  34  37  37  38
  39  41  47  55  61  70 121 159 160 162 164 164 164 164 164 163 163 163
 164 164 165 165 165 165 164 164 163 163 163 163 162 162 162 162 162 161
 161 160 160 159 160 160 160 159 159 159 159 159 159 157 157 155 155 154
 154  29]"
"[ 29  27 155 151 153 153 152 154 152 153 154 154 153 154 155 157 157 157
 157 157 158 158 157 157 158 158 158 158 157 158 158 159 159 159 159 159
 159 159 160 160 160 160 160 160 160 161 161 161 161 161 162 161 161 161
 161 162 163 163 162 162 161 161 162 163 162 162 162 162 162 162 162 162
 162 162 162 162 162 162 162 162 162 164 164 163 163 164 164 162 162 162
 162 163 163 163 163 163 163 162 162 162 163 163 161 159 153 113  45  38
  35  29  25  23  23  23  23  22  20  19  20  20  23  22  20  20  20  20
  21  21  21  21  22  22  21  20  20  21  20  21  23  26  31  36  38  38
  39  37  47  55  58  74 128 151 157 160 163 164 164 163 163 163 162 162
 162 163 163 164 165 165 165 164 162 161 162 162 162 162 162 162 162 161
 160 160 160 160 159 160 159 159 158 158 158 157 155 158 158 154 154 155
 155  28]"
"[ 27  29 152 151 150 155 150 156 153 154 155 155 154 155 156 157 157 157
 158 158 158 158 158 158 158 158 158 158 158 158 158 159 159 159 159 159
 159 160 160 160 160 160 160 160 160 160 161 161 161 161 161 161 161 161
 161 162 162 162 162 161 161 161 161 162 162 162 162 162 162 162 162 162
 162 162 162 162 162 162 162 162 162 164 164 163 163 164 164 162 162 162
 162 162 162 162 162 162 162 162 162 162 161 161 160 160 152 114  43  40
  33  34  26  25  23  24  23  22  20  19  19  20  22  21  20  19  19  19
  20  20  19  20  21  21  20  19  20  21  21  21  22  25  31  37  39  38
  37  39  47  55  61  81 125 150 158 160 162 163 163 164 164 163 161 161
 161 162 162 163 164 164 165 163 162 162 162 162 162 162 162 162 161 161
 160 159 160 160 160 160 160 159 158 158 157 156 161 155 155 153 151 156
 155  30]"
"[ 31  31 151 155 154 152 156 150 153 154 154 154 154 154 155 156 156 156
 156 156 156 157 157 158 157 158 158 158 158 158 158 158 159 159 159 159
 159 159 159 160 160 160 160 160 160 160 160 160 161 161 161 161 161 161
 162 162 161 162 162 162 161 161 161 162 163 162 162 162 162 162 162 162
 162 162 162 162 162 162 162 162 162 163 164 164 164 164 164 162 162 162
 162 162 162 162 162 162 162 162 163 162 161 161 162 163 153 112  43  41
  32  28  22  25  24  24  23  21  20  19  20  20  21  21  20  20  20  20
  20  20  19  19  20  21  20  20  20  21  24  24  23  25  30  35  37  35
  37  42  43  48  56  81 124 154 159 160 161 162 163 164 164 163 162 162
 161 162 163 164 164 164 164 163 162 162 162 162 162 161 162 162 162 161
 161 160 160 160 160 160 160 159 159 158 157 155 152 160 152 156 158 151
 149  29]"
"[ 28  26 156 153 151 153 152 156 154 154 154 154 154 154 155 155 156 155
 155 155 156 156 157 158 157 157 158 159 158 158 158 158 159 159 159 159
 159 159 159 159 160 160 160 160 160 160 160 160 161 161 161 161 162 162
 162 162 161 162 163 163 162 162 162 162 163 162 162 162 162 162 162 162
 162 162 162 162 162 162 162 162 162 163 163 163 163 163 163 162 162 162
 162 162 163 162 162 162 161 162 162 162 162 162 163 165 161 112  46  38
  37  30  26  24  23  22  21  20  18  18  19  20  20  20  20  20  20  20
  19  19  19  19  19  20  19  19  19  20  23  23  23  24  29  35  38  39
  36  40  39  47  57  80 127 150 160 161 162 162 163 163 163 162 163 162
 162 162 163 164 164 163 163 162 162 162 162 162 161 161 162 162 162 162
 161 160 160 160 159 159 159 159 159 159 157 155 155 157 154 154 153 155
 160  27]"
"[ 29  32 151 153 156 156 151 154 154 155 155 155 155 155 155 155 155 155
 155 155 155 156 157 157 157 157 158 159 158 158 158 158 158 158 159 159
 159 159 159 159 160 160 160 160 159 159 159 159 159 160 160 160 161 161
 161 160 160 161 161 162 161 161 161 161 161 161 161 161 161 161 161 161
 161 161 161 161 161 161 161 161 161 162 161 161 161 162 162 162 162 162
 162 162 162 162 162 162 160 160 161 161 161 161 161 162 154 111  52  40
  37  31  28  22  24  24  22  21  20  20  20  20  20  20  21  21  21  20
  20  20  20  20  20  20  20  20  20  21  24  24  24  24  28  34  38  40
  41  40  38  47  55  74 134 154 158 160 162 162 161 161 161 161 162 161
 160 161 162 163 162 162 162 161 161 162 162 161 161 160 160 161 161 161
 160 159 159 159 158 158 158 158 158 158 156 154 156 152 158 155 154 152
 151  29]"
"[ 31  27 154 152 154 152 157 153 154 154 154 154 154 154 155 155 154 154
 154 154 154 155 155 155 158 158 159 159 159 159 159 159 159 159 159 159
 159 159 159 159 160 160 160 160 160 160 159 159 160 160 160 160 161 161
 160 160 160 161 161 161 161 161 161 161 162 162 161 161 161 161 161 161
 161 161 161 162 162 162 162 162 163 162 162 162 162 162 163 163 163 163
 163 163 163 163 162 162 162 162 162 162 162 162 161 160 162 111  46  38
  30  27  23  25  24  23  22  20  19  19  19  19  18  19  19  19  19  19
  19  19  18  18  18  19  19  19  20  21  23  24  24  24  26  32  37  39
  35  37  41  48  49  66 132 157 157 160 162 163 162 162 162 162 163 162
 162 162 163 163 163 162 163 163 163 163 163 163 162 162 160 161 161 161
 160 159 159 159 159 159 159 158 158 158 157 155 154 155 152 153 155 153
 156  28]"
"[ 28  29 151 154 154 157 152 155 155 155 155 155 155 155 155 155 155 155
 155 155 155 155 155 155 158 158 159 159 159 158 158 159 158 159 159 159
 159 159 159 158 159 159 159 159 159 159 159 159 159 159 159 160 160 160
 160 159 160 160 160 160 160 160 160 161 161 161 160 160 160 160 160 160
 161 161 161 161 161 161 160 160 161 161 161 161 161 161 161 162 161 161
 162 162 161 161 161 161 162 161 161 161 162 161 160 160 158 108  48  41
  33  30  24  23  23  22  22  21  20  20  20  20  19  19  20  19  19  19
  19  20  19  19  19  20  20  20  20  21  21  23  23  24  27  32  36  38
  40  39  41  43  48  72 128 155 158 160 161 161 161 161 162 161 162 162
 161 162 162 162 162 162 162 162 162 162 162 161 161 161 160 160 160 160
 159 159 159 160 159 159 159 158 158 158 157 156 152 155 154 157 150 154
 149  30]"
"[29 30 28 31 27 29 29 29 29 28 29 29 29 29 29 29 29 29 29 29 29 29 29 29
 29 29 29 29 29 29 29 29 29 29 29 29 29 29 29 29 29 29 29 29 29 29 29 29
 29 29 29 29 30 30 29 28 29 29 29 29 29 29 29 30 29 29 29 29 29 29 29 29
 29 29 29 29 29 29 29 29 29 28 29 29 29 29 29 29 29 29 29 29 29 29 29 29
 29 29 29 29 29 29 29 29 28 30 27 30 28 27 32 28 30 29 29 29 29 29 29 29
 29 29 30 29 29 28 29 30 30 29 29 29 29 29 29 29 30 30 29 27 28 30 30 29
 29 28 30 29 27 30 29 28 29 29 29 29 29 30 30 29 29 29 29 29 29 29 29 29
 29 29 29 29 29 29 29 30 29 29 29 29 28 28 29 29 28 29 29 29 29 29 29 29
 30 29 29 26 32 29 27 30]"
