"[29 30 29 28 30 29 30 29 30 29 29 29 30 29 29 28 30 28 29 30 28 28 29 30
 28 29 29 29 29 30 30 29 29 29 28 28 29 30 30 29 29 29 30 29 28 29 30 28
 29 29 29 29 30 30 29 29 29 30 30 29 29 29 29 29 28 29 29 29 29 29 29 28
 28 29 29 29 29 30 29 28 29 29 29 29 29 29 28 28 29 29 29 28 29 30 30 29
 29 29 30 29 29 28 29 29 29 29 29 29 29 28 29 29 29 29 29 29 29 29 29 29
 29 29 29 29 29 29 29 29 30 30 29 29 29 29 29 29 29 29 29 29 29 29 29 29
 30 29 29 28 28 28 28 29 28 29 29 29 30 30 28 28 28 28 29 30 30 30 29 29
 29 29 29 29 29 30 30 30 28 30 30 28 28 29 29 29 29 29 29 28 29 31 30 27
 29 29 28 32 30 30 30 30]"
"[29 27 30 32 26 27 31 26 28 28 28 29 29 28 29 29 29 28 29 29 29 30 30 27
 30 30 29 29 29 29 29 28 28 29 30 31 30 28 28 30 30 29 29 29 28 30 31 29
 30 30 29 28 28 29 29 28 29 29 29 29 30 31 30 29 31 30 29 28 28 29 29 29
 29 30 30 29 29 29 29 29 29 29 29 29 29 29 29 29 30 29 29 30 30 28 28 28
 29 29 29 29 28 28 29 30 29 29 29 29 29 30 29 28 28 28 29 29 29 29 29 29
 28 29 30 30 29 28 29 30 28 28 28 29 30 30 29 29 28 29 29 28 28 28 29 29
 27 29 30 30 30 30 30 29 29 30 28 27 28 28 29 31 30 30 29 28 28 28 28 29
 30 30 29 28 28 28 28 28 29 29 29 29 29 30 30 28 29 29 30 30 28 27 28 31
 31 28 31 25 31 30 27 29]"
"[ 31  25 133 126 133 131 127 124 122 123 123 122 120 117 115 114 110 109
 107 104 102 102 100  95  95  92  89  87  85  81  78  77  74  72  72  74
  72  66  65  69  67  63  62  62  59  58  57  56  58  57  56  55  55  54
  53  53  52  53  50  47  46  47  47  46  43  42  41  40  40  41  40  39
  37  38  38  36  34  34  35  36  38  37  37  37  36  37  37  37  36  36
  37  38  37  33  32  33  31  30  29  28  26  26  26  26  28  28  27  27
  28  28  27  24  25  24  24  24  24  24  24  24  29  32  36  39  41  43
  48  53  57  59  62  63  65  67  70  73  76  77  78  79  79  81  83  84
  85  87  88  87  87  87  87  86  88  93  96  98 100 101 101 102 105 104
 104 104 106 109 112 115 112 113 115 115 117 118 118 118 111 110 107 104
 101  99  95  91  86  84  85  89  92  94 101 110 119 122 125 136 134 138
 145  30]"
"[ 31  26 143 139 139 139 138 135 136 136 135 132 129 126 125 124 122 119
 117 115 113 113 113 110 109 106 104 103 101  97  94  92  91  85  81  82
  80  75  72  73  70  66  66  70  71  71  72  74  64  64  63  63  61  59
  57  56  56  58  57  53  50  50  51  51  48  48  48  48  49  48  46  44
  42  43  44  42  39  38  39  40  39  39  39  38  37  37  37  37  39  39
  40  41  39  37  36  36  39  38  36  35  33  32  31  31  31  31  30  28
  28  29  27  24  27  26  26  26  26  25  24  22  24  25  25  24  23  24
  28  32  40  44  47  48  48  52  60  68  64  64  66  67  69  70  72  73
  78  81  82  81  81  84  86  87  86  89  90  90  91  93  95  98 100 100
  99  99 100 103 106 108 108 110 112 113 114 114 114 113 115 116 115 114
 115 115 114 112 110 106 104 106 104  98  94  93  89 102 103 101 109 117
 126  28]"
"[ 28  34 150 154 154 154 151 152 152 149 144 140 137 138 139 138 138 134
 132 131 127 123 122 121 118 116 115 114 114 111 107 105 107 103 100  98
  97  94  90  88  87  81  79  80  78  75  74  75  77  76  74  73  71  69
  67  66  63  64  64  61  59  58  56  53  55  54  53  53  53  53  51  49
  47  49  50  47  44  43  44  44  42  43  43  42  40  39  39  38  39  41
  42  40  38  39  39  37  38  38  37  37  36  35  35  35  36  36  36  34
  34  34  33  31  32  32  32  32  32  30  28  26  26  26  25  24  24  24
  26  28  25  27  28  26  25  28  35  41  47  48  50  53  57  60  62  63
  64  68  71  72  73  75  77  78  81  83  83  82  84  87  88  90  94  95
  95  94  95  96  98  98 104 105 107 108 109 111 111 111 112 114 115 114
 114 115 116 115 114 113 114 118 122 122 119 116 110  99 103  98  99  99
  93  30]"
"[ 30  28 190 181 182 179 176 177 170 169 164 159 154 151 148 144 143 140
 141 144 142 138 137 139 134 133 131 129 126 124 120 116 115 117 116 114
 111 110 108 106 106 101  98  98  95  92  92  92  89  87  83  80  78  77
  76  76  75  71  67  66  68  69  67  64  66  64  60  59  59  61  60  58
  56  57  57  55  52  51  51  51  50  50  50  49  48  47  46  46  44  47
  46  42  41  43  44  42  41  41  40  39  39  38  38  37  37  37  36  37
  37  38  38  37  35  35  36  37  37  35  34  33  33  33  32  32  31  30
  28  28  28  27  25  24  24  25  26  26  24  25  27  31  34  37  39  39
  42  48  55  60  63  64  66  67  69  74  76  77  80  83  83  83  84  86
  88  89  91  94  95  94  95  96  97  98  99 102 105 106 106 109 111 112
 113 115 117 117 117 118 117 117 119 124 126 126 126 127 122 118 115 110
 102  30]"
"[ 31  28 167 173 173 179 186 181 185 187 188 186 182 178 172 167 165 161
 161 161 158 154 152 151 146 147 145 141 139 139 136 132 129 130 130 127
 126 125 125 123 119 115 113 112 109 107 107 107 104 101  97  94  91  90
  89  89  85  79  75  75  77  79  79  79  72  69  65  63  64  66  66  64
  65  65  64  61  59  58  58  57  53  53  53  53  53  52  52  52  51  52
  50  47  45  47  47  46  42  41  40  39  39  38  37  37  38  36  36  38
  40  39  38  39  38  39  40  41  41  40  40  40  37  37  38  39  39  38
  37  37  33  31  30  29  29  28  26  25  26  27  27  27  25  25  25  25
  25  28  34  41  44  45  49  53  57  61  61  60  63  67  70  72  74  77
  80  82  85  88  89  88  93  94  95  95  94  95  96  96  99 102 105 106
 107 108 108 108 108 112 115 117 119 121 122 121 121 120 122 123 124 126
 118  29]"
"[ 29  32 115 117 122 134 148 159 171 176 181 184 186 188 188 186 188 184
 182 179 176 174 172 170 160 162 160 155 153 154 152 148 147 144 140 137
 138 138 137 135 131 128 126 125 122 121 122 122 118 116 113 110 108 105
 103 102 100  97  95  94  90  85  83  84  79  76  72  71  73  74  74  72
  73  72  70  68  66  66  65  64  59  59  58  59  60  60  61  61  59  57
  55  53  51  51  51  51  47  46  45  44  45  45  45  45  43  39  38  42
  44  42  40  40  37  38  39  39  40  40  40  41  40  40  40  40  40  39
  39  40  40  41  41  39  36  33  33  33  30  32  33  31  28  27  28  30
  30  28  27  26  24  22  26  32  33  41  46  48  51  55  57  59  60  63
  67  70  75  80  82  81  84  87  90  91  91  90  89  89  92  95  98 100
 102 104 103 102 106 107 109 111 114 115 114 113 115 119 120 123 121 120
 125  28]"
"[ 31  31 105 104 110 116 114 103 104 104 114 128 135 143 155 163 169 177
 180 180 184 186 186 187 187 188 190 183 179 173 170 161 162 159 156 155
 155 154 150 147 145 145 140 140 139 135 136 133 131 131 128 125 123 123
 122 120 120 115 113 113 110 104 100 101  99  97  94  90  89  86  80  74
  76  73  74  78  78  74  72  73  72  71  69  66  65  65  64  64  66  63
  60  59  58  57  56  57  54  55  56  55  52  50  50  50  52  49  46  45
  46  47  46  45  43  43  44  43  41  40  41  42  41  40  40  41  41  40
  40  41  43  42  41  43  45  46  46  45  43  42  40  39  38  36  34  31
  31  33  32  32  32  31  30  32  26  25  24  23  24  30  36  36  39  44
  52  57  57  58  62  67  73  74  77  79  81  82  83  82  87  90  92  97
  94  95  95  96  97  98  99 102 106 109 109 107 110 112 112 115 119 118
 118  30]"
"[ 28  28  97  94  96 101 105 105 106 104 106 110 109 109 114 119 120 122
 125 131 137 140 151 166 179 179 184 184 186 184 186 183 183 182 179 175
 172 169 167 166 162 160 154 152 151 149 150 147 146 145 143 140 138 137
 137 137 131 129 126 123 121 121 119 116 116 112 107 104 104 103 102 100
  96  92  87  84  83  82  82  84  78  76  76  77  75  71  72  76  74  74
  71  66  65  66  65  62  61  62  62  61  59  58  59  61  58  56  53  51
  50  50  49  48  50  50  49  48  46  45  45  45  44  42  40  40  40  39
  40  42  41  39  39  40  43  44  44  45  46  45  44  44  44  43  41  40
  39  40  38  36  36  34  32  32  30  30  30  30  29  30  32  30  26  28
  30  30  29  32  39  44  52  55  62  68  73  76  79  81  75  82  84  87
  89  90  88  93  94  96  97  96  95  97 101 105 110 112 111 110 110 110
 113  29]"
"[ 33  27  90  87  90  94  96  97 101 100  97  94  94  94  98 103 103 105
 107 110 112 112 115 121 122 126 135 138 141 143 149 150 160 167 176 183
 186 186 186 187 180 181 179 178 177 174 172 167 159 156 153 152 150 147
 145 143 145 145 142 138 137 137 135 130 129 124 121 120 120 118 117 117
 116 114 111 107 104 101  97  94  88  84  81  82  82  78  76  77  79  81
  80  78  77  77  74  69  70  71  72  71  68  66  64  64  64  63  61  59
  56  55  54  54  57  56  55  54  52  50  48  48  48  47  47  48  48  47
  45  45  42  41  40  41  42  43  44  45  45  45  44  44  45  45  44  44
  43  43  41  41  42  40  38  38  36  36  38  37  35  33  32  28  30  32
  31  28  26  28  31  33  29  31  34  37  37  40  49  57  67  77  76  77
  82  86  84  91  91  90  90  93  94  95  95  96  97  98 101 104 105 106
 108  28]"
"[ 30  28 109 105 100  97  95  97  93  97  97  93  95  91  88  87  85  86
  86  87  90  95  97  98  93 100 108 106 105 105 111 111 113 116 120 125
 130 137 146 152 158 165 173 180 185 188 188 185 182 177 175 176 177 173
 167 163 163 158 153 148 144 143 143 143 139 136 135 136 136 135 132 131
 125 125 123 122 122 121 118 116 113 111 106 102 100  99  95  90  89  86
  85  88  87  83  80  79  80  80  80  80  79  77  75  74  71  71  69  67
  65  64  64  64  64  63  62  60  58  56  55  54  52  52  53  54  54  53
  51  50  50  49  47  47  47  46  47  48  46  46  45  45  45  45  45  44
  44  44  43  43  44  43  42  42  42  42  43  43  41  40  39  37  36  38
  37  34  33  33  31  29  32  31  32  34  33  31  32  35  31  38  39  43
  51  62  67  73  80  78  79  85  90  90  88  87  96  94  95  98  97  97
  99  28]"
"[ 29  30 143 139 136 132 126 123 118 117 111 100 100  96  95  93  96  91
  88  88  87  87  91  95  91  92  97  95  95  94  98  98 101 104 107 111
 112 112 112 112 112 116 121 126 134 147 158 164 168 167 170 177 181 182
 181 182 179 178 176 172 168 164 162 161 158 157 153 150 148 146 143 139
 142 139 138 138 137 134 132 132 130 131 129 122 116 114 112 110 109 103
  99  99  98  93  91  92  94  91  86  83  83  83  82  81  80  78  76  75
  75  74  73  73  72  72  71  69  67  65  65  65  66  65  63  62  61  61
  62  61  58  57  56  56  55  53  53  54  53  52  51  50  50  49  49  49
  48  49  48  46  45  43  41  41  45  44  46  47  46  46  47  46  46  47
  46  43  43  45  44  41  35  31  31  36  40  40  37  36  32  31  30  31
  30  38  42  40  48  50  56  64  70  76  84  91  86  90  94  94  93  96
  94  29]"
"[ 30  27 173 162 161 161 156 150 146 144 141 132 134 130 129 124 119 115
 111 107 104 103 101  97  98  89  88  88  91  88  89  88  92  92  92  94
  96  99 102 104 104 106 111 110 109 109 110 114 115 118 125 134 141 148
 155 160 175 179 182 182 182 184 183 181 178 178 176 171 167 164 161 157
 157 154 152 152 151 148 146 147 144 142 140 138 134 130 129 129 126 124
 121 119 117 114 110 107 109 105  99  96  94  92  90  88  90  88  85  84
  84  83  81  80  81  80  79  77  75  74  74  75  72  71  70  67  65  65
  64  64  63  63  64  63  62  61  60  61  59  58  58  57  56  55  54  54
  53  54  53  50  48  45  43  44  45  44  46  48  47  47  48  47  47  48
  48  48  50  52  52  50  54  51  49  48  46  42  41  42  42  37  37  39
  32  36  37  31  30  33  38  41  40  42  48  55  73  81  86  85  91  97
  91  30]"
"[ 27  34 232 229 224 211 198 189 186 179 175 166 168 164 164 158 155 150
 144 136 132 133 130 121 124 116 111 105 103  98  95  90  90  89  87  85
  85  87  92  96  94  92  94  92  91  93  97 105 107 106 105 105 105 106
 107 107 107 110 116 123 135 148 160 165 171 174 178 180 181 183 187 189
 190 186 180 173 168 166 166 167 165 160 156 155 154 151 147 144 143 140
 139 139 138 134 129 127 123 122 120 119 117 114 111 109 107 105 102 100
  98  97  94  93  92  89  87  85  85  85  84  83  80  82  82  80  77  76
  74  73  71  71  72  72  70  68  67  68  67  66  66  65  63  62  61  61
  59  60  59  57  57  55  53  53  51  49  49  51  50  49  50  50  48  48
  49  51  52  53  52  52  52  57  62  61  56  52  53  56  51  49  49  51
  45  46  43  40  38  40  42  42  41  40  38  37  33  38  39  41  52  62
  66  28]"
"[ 29  29 244 245 249 248 248 245 245 238 237 229 227 216 211 197 188 180
 179 178 170 162 160 160 154 155 152 139 134 132 129 118 122 122 119 112
 104  98  96  97  95  93  97  96  93  91  88  94  94  91  90  93  99 105
 104 100 106 103 105 111 115 115 117 120 119 122 128 134 140 149 162 174
 180 183 185 184 184 186 186 185 188 188 185 178 174 172 167 162 160 152
 147 149 148 143 141 144 138 138 136 133 130 127 126 125 125 123 120 118
 115 113 110 108 103  99  95  94  94  95  93  91  88  89  88  85  83  83
  84  84  80  80  80  79  77  74  74  74  76  76  75  74  72  71  69  69
  65  66  65  64  65  64  62  62  59  56  56  56  55  55  56  57  54  52
  50  50  50  50  51  53  53  55  55  54  52  53  56  59  61  62  61  62
  59  57  54  55  50  51  51  51  50  47  42  38  41  42  41  41  39  35
  44  29]"
"[ 30  29 242 248 248 248 248 248 247 248 247 248 249 249 248 248 245 242
 238 234 228 219 209 201 195 189 180 174 170 166 160 156 155 151 146 143
 140 134 125 117 116 110 105 105 105 101  95  91  91  90  84  83  89  89
  85  86  88  90  91  96  97  97 105 110 103 104 103 103 107 118 124 122
 125 131 135 139 145 154 156 170 182 186 190 189 189 190 186 184 186 182
 179 178 174 164 158 159 155 151 152 147 146 146 140 139 139 137 137 131
 129 126 127 122 119 120 117 113 114 114 111 107 102 100  97  96  95  95
  93  92  83  85  89  90  86  84  84  84  82  82  80  79  78  77  76  76
  71  72  72  70  69  69  69  69  64  64  63  63  64  65  64  62  61  60
  58  57  56  55  54  52  55  53  53  55  55  54  54  57  63  61  60  61
  60  59  61  64  64  64  63  61  60  58  56  56  53  53  50  46  47  43
  49  29]"
"[ 30  29 244 249 249 249 249 249 247 247 247 248 248 248 249 249 250 250
 250 251 251 251 250 250 250 249 246 239 231 222 215 212 205 200 190 180
 174 171 165 158 162 155 148 145 144 138 131 126 120 119 112 108 109 105
  98  97  91  90  86  90  93  92  93  91  89  91  95  97  96  96  94  90
  97 103 106 106 105 112 110 116 120 128 138 142 148 159 168 174 178 183
 186 186 185 184 183 184 181 177 173 169 167 166 160 157 154 152 149 146
 142 142 140 136 132 136 136 133 130 127 122 119 118 117 117 116 114 111
 107 104  99  97  96  94  91  90  89  87  88  87  85  84  85  86  85  84
  83  83  81  78  76  76  76  76  74  74  73  73  73  73  71  69  67  67
  66  65  64  63  62  61  60  58  57  57  57  57  58  60  61  61  61  60
  58  59  61  63  65  65  65  65  65  66  67  67  71  68  66  64  64  62
  62  27]"
"[ 29  29 244 250 251 250 250 250 248 248 248 248 248 249 249 249 250 251
 250 249 249 249 250 250 249 249 250 251 251 250 249 249 248 248 244 237
 232 228 219 210 201 194 185 181 176 169 161 155 152 153 150 147 147 141
 133 131 128 120 108 103 102 101 100  95  93  89  88  89  87  85  84  84
  84  89  95  95  95 104 103 102 108 110 112 109 109 113 115 117 126 133
 139 143 148 153 159 165 173 177 180 182 181 180 182 181 178 176 169 166
 161 163 157 154 152 151 148 145 145 143 139 137 139 137 135 132 129 126
 122 119 123 119 116 113 109 106 103  99  96  95  93  93  95  98  95  91
  88  88  87  86  85  86  87  87  85  84  82  81  80  78  75  73  75  75
  74  73  72  71  69  68  68  69  69  68  66  65  63  63  64  66  65  62
  60  60  61  61  65  65  64  65  66  67  69  70  73  72  76  75  73  74
  74  29]"
"[ 29  29 245 251 252 251 250 251 250 250 250 249 249 250 250 250 249 249
 250 250 250 250 251 251 251 251 249 248 249 250 250 250 250 250 251 251
 251 252 252 250 251 249 247 245 239 228 215 207 197 194 185 177 172 166
 160 159 156 154 147 140 136 132 128 122 111 103  98  99  98  95  90  85
  90  91  94  93  90  96  97  92  92  91  93  92  95 100 101 102 101 101
 101 103 104 103 105 111 118 130 139 150 157 162 174 178 180 182 182 186
 187 187 181 176 169 167 164 163 164 160 152 148 153 151 149 147 145 143
 141 139 136 134 133 131 127 125 123 120 120 119 115 111 110 109 103  95
  97  98  97  96  95  94  93  92  94  93  92  90  90  90  88  86  83  83
  81  80  79  78  76  75  73  75  76  75  74  73  72  71  72  72  72  70
  69  68  66  65  67  67  66  66  67  67  69  69  69  72  74  73  72  74
  75  30]"
"[ 28  29 246 252 252 252 251 251 251 251 251 251 251 251 251 250 251 251
 251 251 251 250 249 248 248 249 251 251 250 250 251 251 252 251 249 248
 249 249 250 251 252 251 250 249 249 250 251 251 250 250 249 246 240 231
 221 215 205 202 195 184 175 171 167 165 161 155 150 147 144 139 131 123
 113 107 106 102  97  97  99  93  94  92  92  88  87  91  93  95  91  88
  87  92  97  98  98 100 102 105 102 104 105 106 114 114 118 123 131 140
 157 166 172 174 179 180 181 182 184 182 180 180 178 176 172 169 164 158
 153 150 154 150 148 146 143 143 143 141 137 137 134 130 128 128 124 118
 118 117 114 110 107 103 100  97  99  97  95  94  96  97  97  96  93  93
  91  90  90  91  90  88  87  87  84  81  79  79  81  81  77  75  76  78
  79  77  75  74  74  74  74  73  73  74  74  74  74  76  72  70  73  73
  72  28]"
"[ 28  29 246 252 253 252 252 252 252 251 252 252 251 251 251 251 250 250
 250 250 251 251 252 251 249 249 250 250 251 251 250 249 250 249 251 252
 253 251 251 252 250 251 251 252 251 251 251 250 250 249 250 250 249 249
 249 249 248 248 248 242 235 229 218 212 202 199 193 183 174 169 164 158
 156 148 144 139 132 127 129 124 115 110 107 101  98  96  91  89  89  86
  80  78  83  87  86  83  88  89  88  89  91  95 101 103 104 105 106 105
 115 117 122 125 127 130 132 139 150 160 167 171 177 178 179 179 179 179
 181 182 177 172 168 165 162 158 154 149 148 148 146 142 141 141 140 138
 139 136 132 128 126 125 123 121 117 115 111 108 107 106 105 103  99  98
  97  97  99 100  99  97  98  97  95  93  90  89  89  89  84  81  81  85
  87  84  81  81  81  81  80  80  79  77  76  76  74  78  73  73  75  73
  72  29]"
"[ 28  29 246 252 253 252 252 252 252 252 252 253 252 252 252 251 253 252
 252 251 251 251 251 251 253 251 250 250 252 252 252 251 253 251 252 251
 251 250 251 251 252 252 251 251 251 251 251 251 249 249 250 250 250 251
 251 251 251 250 252 250 251 252 249 249 250 249 248 241 231 225 220 215
 200 194 189 182 175 164 163 156 154 148 144 139 137 134 124 119 113 109
 100  92  90  90  85  81  81  80  81  80  80  83  84  85  86  91  93  95
 100 100  99 103 103 104 103 105 111 116 116 115 123 129 137 144 150 159
 171 179 184 184 185 185 182 180 178 176 171 170 167 163 159 156 153 150
 149 147 143 140 139 140 139 137 137 135 131 127 124 121 117 114 112 110
 108 108 110 110 106 103 100 101 103 105 104 101  99  98  95  93  93  95
  95  93  91  90  90  90  89  88  86  84  82  82  78  82  80  81  80  79
  80  30]"
"[ 28  29 246 252 252 252 253 253 252 252 253 253 253 253 253 252 251 252
 252 252 252 252 252 252 250 252 252 252 252 252 252 252 252 252 253 252
 252 253 252 252 252 252 252 252 252 252 252 251 251 251 251 252 251 251
 252 251 251 250 252 250 250 251 249 251 250 249 250 250 250 250 250 249
 250 250 248 244 240 230 229 221 212 205 198 186 176 168 159 157 150 148
 143 139 134 125 118 116 105  98  95  90  93  97  92  90  89  93  89  89
  90  92  92 100  97  99  96  93  95 100 104 106 103 109 114 112 107 106
 111 116 130 136 146 152 154 160 170 177 181 182 184 186 186 185 182 181
 175 172 167 163 160 157 154 151 152 151 150 148 147 144 140 137 136 134
 131 130 130 127 122 117 115 114 115 116 114 109 105 105 104 105 105 104
 104 105 104 103 100 100 100  99  98  96  95  95  94  91  88  90  87  89
  89  28]"
"[ 29  29 245 252 252 252 253 252 252 252 252 252 252 252 252 252 252 252
 252 252 252 252 252 252 253 253 253 253 252 252 252 252 252 252 253 253
 253 253 253 252 252 252 252 252 252 252 252 252 252 251 251 252 252 252
 252 252 252 247 252 251 251 249 251 251 249 249 250 250 249 249 249 250
 249 250 250 250 248 251 251 248 251 250 245 245 239 231 223 210 207 198
 188 176 173 163 155 147 143 139 137 135 131 125 122 122 116 108 100 104
  94  98  89  97  97  95  95  95  94  95  96  94  99  98 101 102 102 104
 103 104 108 110 110 112 112 114 123 124 127 135 143 157 165 170 171 178
 182 181 187 187 181 183 182 178 178 173 168 166 164 161 157 155 155 151
 148 145 148 143 140 139 134 131 129 130 130 126 120 116 115 115 115 115
 113 111 110 110 109 109 109 108 104 103 104 104 102 104  98 101 101 100
  98  29]"
"[ 29  29 245 252 252 252 253 252 252 252 252 252 252 252 252 252 253 253
 253 253 253 253 253 253 253 253 252 252 252 252 252 252 252 252 252 253
 253 253 252 252 253 253 253 253 253 253 253 253 252 252 252 252 252 252
 253 252 252 251 251 250 252 252 248 248 250 250 250 249 249 249 250 250
 250 250 248 250 251 249 247 251 247 251 250 251 250 248 249 249 248 248
 226 198 178 155 134 130 138 146 152 153 155 158 156 152 146 146 141 141
 138 127 130 118 115 114 112 109 102  99  97  95  92  91  95  97  99 101
  98  96 102 104 103 105 105 105 108 105 111 114 113 114 112 116 118 124
 140 144 159 163 166 173 185 188 187 188 188 188 186 183 183 182 179 173
 167 160 161 156 154 153 153 150 147 147 147 146 143 140 137 134 130 129
 129 127 123 120 120 115 113 112 113 114 114 110 108 111 108 109 108 107
 103  29]"
"[ 29  29 245 252 252 252 253 252 252 252 252 252 252 252 252 252 252 252
 252 252 252 252 252 252 252 252 252 252 252 252 252 252 252 252 252 252
 252 252 252 252 253 253 253 253 253 253 253 253 252 252 253 253 253 253
 253 253 251 252 251 251 251 252 248 251 248 248 248 248 248 248 248 248
 249 249 250 249 250 251 251 248 250 252 251 249 249 250 247 247 243 237
 172 110  58  32  33  24  31  36  50  73  99 129 160 181 195 194 186 174
 172 170 160 162 160 155 150 144 137 134 132 130 127 120 116 109 105 106
 102  97 101  99  97  97  96  99 103 102  98 104 105 107 104 109 111 115
 112 109 118 114 118 118 125 124 135 145 152 162 169 174 182 182 186 188
 190 188 190 186 182 179 174 171 166 161 160 161 160 158 156 153 150 148
 146 144 141 140 141 137 135 133 131 130 127 123 121 121 120 118 115 115
 113  30]"
"[ 29  29 245 252 252 252 253 252 252 252 252 252 252 252 252 252 252 252
 252 252 252 252 252 252 252 252 252 252 252 252 252 252 252 252 252 252
 252 252 252 252 252 252 252 252 252 252 252 252 253 253 253 253 253 253
 253 253 252 253 252 252 251 251 248 247 248 247 245 246 245 244 246 248
 247 246 249 249 247 248 251 251 251 249 250 247 250 249 244 248 235 136
  68  42  27  28  23  28  32  27  26  27  26  35  65  97 171 218 240 240
 230 229 221 215 200 192 184 178 173 170 165 159 156 152 149 142 138 137
 129 122 123 121 118 114 108 105 104 102  99 101 100 101  98 101 102 103
 106 100 106 105 112 114 116 112 121 124 119 121 124 128 135 132 135 145
 160 169 181 186 189 189 187 189 188 186 185 184 181 177 173 171 167 164
 160 157 154 153 154 151 150 149 147 146 145 143 140 135 135 132 128 128
 125  28]"
"[ 29  29 245 252 252 252 253 252 252 252 252 252 252 252 252 252 252 252
 252 252 252 252 252 252 252 252 252 252 252 252 252 252 252 252 252 252
 252 252 252 252 252 252 252 252 252 252 252 252 252 252 252 252 252 252
 252 252 253 251 248 252 251 249 248 249 245 240 232 221 202 181 172 173
 199 231 248 248 251 252 248 248 251 250 251 250 251 247 248 235 140  57
  32  25  21  30  25  24  25  25  26  28  31  34  35  35  79 172 240 251
 252 251 248 251 252 248 243 239 233 227 218 210 201 195 188 177 170 169
 164 159 155 150 146 141 136 134 131 128 123 118 114 115 108 106 102 100
  98  97 103 104 105 106 104 105 101 105 105 111 117 120 121 115 116 119
 122 120 126 132 143 150 155 160 165 170 178 186 192 193 196 192 188 187
 186 184 181 178 178 173 168 165 163 162 161 158 158 152 153 153 151 150
 146  30]"
"[ 29  29 245 252 252 252 253 252 252 252 252 252 252 252 252 252 252 252
 252 252 252 252 252 252 252 252 252 252 252 252 252 252 252 252 252 252
 252 252 252 252 252 252 252 252 252 252 252 252 252 252 252 252 252 252
 252 252 251 252 252 251 246 243 214 162 137 109  77  59  52  48  48  51
  63  91 159 229 249 252 253 252 251 251 252 250 246 250 233 139  51  29
  26  29  26  21  27  22  25  28  27  23  25  31  34  33  32  74 177 248
 249 252 249 248 249 249 252 253 253 252 253 250 250 248 248 242 234 229
 220 213 210 200 190 181 175 172 165 160 164 156 152 154 148 145 140 137
 127 126 126 122 114 109 101 101 109 107 104 102 103 106 107 107 105 110
 115 114 116 114 116 118 117 119 121 124 129 137 144 147 158 159 163 170
 178 185 190 193 193 193 193 191 187 186 185 184 180 173 172 170 168 166
 164  28]"
"[ 29  29 246 252 252 252 253 252 252 252 252 252 252 252 252 252 252 252
 252 252 252 252 252 252 252 252 252 252 252 252 252 252 252 252 252 252
 252 252 252 252 252 252 252 252 252 252 252 252 252 252 252 252 252 252
 252 252 251 253 246 251 234 167  87  52  34  31  30  31  29  27  30  34
  40  48  60 119 194 249 251 250 250 250 251 250 247 240 166  56  32  28
  30  22  24  29  23  25  25  23  22  23  26  30  32  31  33  38  89 205
 250 251 252 250 251 250 251 251 249 249 251 251 251 250 252 252 252 253
 252 252 253 246 244 239 234 231 221 215 202 194 186 183 172 171 169 166
 157 152 150 146 146 142 136 134 129 124 124 118 115 114 107 107 104 105
 106 104 107 105 109 112 106 108 112 115 116 117 117 118 116 119 124 127
 130 134 140 146 160 166 175 180 181 183 188 191 194 193 192 189 188 187
 187  29]"
"[ 29  29 246 252 252 252 253 252 252 252 252 252 252 252 252 252 252 252
 252 252 252 252 252 252 252 252 252 252 252 252 252 252 252 252 252 252
 252 252 252 252 252 252 252 252 252 252 252 252 252 252 252 252 252 252
 252 252 252 247 251 241 143  65  35  30  32  32  32  32  34  35  34  33
  35  44  37  51  99 197 246 253 252 251 250 247 249 194  70  38  32  35
  30  28  25  25  22  25  23  24  24  24  24  26  30  32  30  35  49 135
 237 252 249 251 251 250 251 251 251 251 251 250 251 250 251 251 251 252
 251 251 252 251 254 253 253 253 253 252 252 249 246 242 228 225 221 214
 202 193 188 176 178 169 164 161 160 152 154 148 147 145 132 130 125 122
 120 116 116 109 107 107 104 103 102 103 104 106 109 112 117 117 117 118
 119 121 124 127 122 124 130 135 138 143 149 152 165 175 182 188 193 197
 197  28]"
"[ 29  29 245 252 252 252 253 252 252 252 252 252 252 252 252 252 252 252
 252 252 252 252 252 252 252 252 252 252 252 252 252 252 252 252 252 252
 252 252 252 252 252 252 252 252 252 252 252 252 253 252 252 252 252 252
 252 251 248 251 246 149  57  37  30  33  31  30  30  30  30  29  28  28
  33  37  41  40  47  83 193 251 251 253 251 250 227 118  45  31  33  31
  28  26  25  24  24  24  24  24  24  24  25  27  29  29  34  40  40  68
 174 249 251 252 251 250 250 251 248 252 251 250 252 250 252 250 251 252
 251 251 252 253 252 251 252 253 250 254 253 253 253 253 253 253 253 253
 253 253 253 251 245 234 221 213 206 203 195 186 178 172 166 160 164 160
 155 152 150 146 140 136 136 133 125 118 115 115 113 111 110 106 109 114
 115 113 113 114 114 119 122 124 124 125 127 131 126 127 129 131 132 140
 151  32]"
"[ 29  29 245 252 252 252 253 252 252 252 252 252 252 252 252 252 252 252
 252 252 252 252 252 252 252 252 252 252 252 252 252 252 252 252 252 252
 252 252 252 252 252 252 252 252 252 252 252 252 252 252 252 252 252 252
 251 250 251 246 203  73  40  30  31  30  32  31  30  29  28  27  28  29
  29  34  39  43  38  48 114 217 254 251 250 251 186  85  36  37  34  31
  28  26  24  23  23  24  24  24  24  24  25  27  29  30  32  33  42  46
 112 218 253 253 247 251 247 251 250 251 247 251 248 250 248 250 252 249
 248 252 251 251 253 253 252 250 253 250 252 252 252 252 252 252 252 252
 252 252 252 253 254 253 251 250 250 252 251 247 242 234 225 217 211 204
 194 184 177 172 168 165 158 158 156 153 151 149 144 140 139 133 128 123
 116 112 114 116 112 111 112 114 117 121 123 124 126 123 125 130 131 129
 132  25]"
"[ 29  29 245 252 252 252 253 252 252 252 252 252 252 252 252 252 252 252
 252 252 252 252 252 252 252 252 252 252 252 252 252 252 252 252 252 252
 252 252 252 252 252 252 252 252 252 252 252 252 252 252 252 252 253 252
 251 251 251 229 123  41  35  36  30  29  32  31  29  28  27  27  29  31
  30  31  31  39  43  45  65 160 250 253 252 249 141  58  38  37  34  32
  29  26  25  24  24  24  24  24  24  25  26  27  28  29  32  29  34  43
  75 173 253 250 249 251 250 246 248 243 246 246 246 246 247 251 248 249
 253 248 252 249 251 252 253 250 253 252 252 252 252 252 252 252 252 252
 251 251 250 251 252 252 252 252 252 252 252 252 253 254 254 253 254 252
 248 245 240 234 228 223 207 202 193 183 176 172 170 167 157 156 157 156
 151 145 141 137 134 128 125 122 117 117 119 117 116 118 121 121 122 121
 124  30]"
"[ 29  29 245 252 252 252 253 252 252 252 252 252 252 252 252 252 252 252
 252 252 252 252 252 252 252 252 252 252 252 252 252 252 252 252 252 252
 252 252 252 252 252 252 252 252 252 252 252 252 252 252 252 252 253 252
 251 251 247 174  62  32  35  31  30  31  30  29  27  26  26  27  28  30
  30  31  32  32  37  37  44  89 222 254 251 241 112  43  40  34  33  32
  29  26  25  25  25  25  24  24  24  25  25  26  27  27  27  37  38  40
  48 122 246 253 251 245 221 172 133 108  88  90  90  95 114 143 170 204
 240 253 249 251 254 250 251 253 253 252 252 252 252 252 252 252 252 252
 253 253 253 253 253 252 251 250 253 253 252 251 251 252 252 251 253 253
 253 254 254 254 253 252 253 255 254 251 247 241 235 230 224 216 208 200
 192 187 181 174 170 163 159 155 147 145 144 138 138 133 126 120 124 126
 126  29]"
"[ 29  29 245 252 252 252 253 252 252 252 252 252 252 252 252 252 252 252
 252 252 252 252 252 252 252 252 252 252 252 252 252 252 252 252 252 252
 252 252 252 252 252 252 252 252 252 252 252 252 252 252 252 253 253 252
 251 249 228 109  44  28  32  31  27  30  28  26  24  25  26  26  26  26
  25  24  30  33  38  39  47  61 176 251 251 234  96  37  38  39  32  31
  28  25  24  25  25  24  24  24  24  25  25  25  25  25  30  30  33  29
  38  91 228 250 243 198 108  63  38  36  36  28  24  32  40  46  59  82
 136 204 249 254 251 252 253 252 251 253 252 252 252 252 252 252 252 252
 251 251 251 251 251 251 252 253 250 251 252 253 253 253 252 251 252 251
 250 249 250 251 252 253 252 252 252 251 251 253 254 254 254 252 251 249
 246 243 236 227 223 212 206 202 195 190 181 168 172 165 162 159 159 150
 147  32]"
"[ 29  29 245 252 252 252 253 252 252 252 252 252 252 252 252 252 252 252
 252 252 252 252 252 252 252 252 252 252 252 252 252 252 252 252 252 252
 252 252 252 252 252 252 252 252 252 252 252 252 252 252 252 252 253 252
 251 250 189  71  40  36  34  34  28  31  28  26  24  25  26  25  24  23
  27  25  28  30  34  40  37  43 129 245 249 213  79  44  39  40  33  32
  29  25  24  24  24  23  24  23  24  26  26  24  24  25  27  27  33  33
  34  65 207 234 192  73  36  32  26  32  33  29  30  31  32  31  35  38
  56  96 196 249 253 252 255 251 250 253 252 252 252 252 252 252 252 252
 253 253 253 253 252 252 253 253 254 253 252 251 250 251 252 252 252 253
 253 254 253 253 251 250 252 252 253 253 252 252 251 251 252 252 254 254
 253 254 255 254 255 253 251 251 249 246 240 231 221 215 209 198 190 182
 179  26]"
"[ 29  29 245 252 252 252 253 252 252 252 252 252 252 252 252 252 252 252
 252 252 252 252 252 252 252 252 252 252 252 252 252 252 252 252 252 252
 252 252 252 252 252 252 252 252 252 252 252 252 252 252 252 252 252 252
 251 250 160  54  43  37  38  27  34  32  29  27  25  25  25  25  24  24
  23  29  31  29  30  34  33  39  87 219 244 176  59  45  40  33  33  33
  30  26  24  25  25  23  24  23  24  26  27  25  24  25  29  34  27  26
  28  52 153 152  65  27  33  24  34  29  27  34  26  26  30  34  36  37
  38  42  89 189 249 253 253 254 252 251 252 252 252 252 252 252 252 252
 250 251 252 252 252 252 251 250 250 251 252 253 254 253 253 253 251 251
 251 251 251 252 252 252 251 251 251 252 253 252 252 252 253 253 253 253
 250 250 252 253 251 252 254 254 253 252 252 251 254 252 253 251 251 249
 234  30]"
"[ 29  29 245 252 252 252 253 252 252 252 252 252 252 252 252 252 252 252
 252 252 252 252 252 252 252 252 252 252 252 252 252 252 252 252 252 252
 252 252 252 252 252 252 252 252 252 252 252 252 252 252 252 252 252 252
 251 250 146  49  54  43  38  34  32  28  29  27  25  24  24  24  24  25
  24  27  24  27  32  27  35  32  65 191 240 152  50  38  40  34  32  32
  29  25  24  25  25  23  24  23  24  27  28  26  25  26  27  28  27  27
  25  31  65  60  27  29  25  33  30  27  27  24  22  26  22  27  34  34
  37  40  39  96 204 251 253 254 252 253 252 252 252 252 252 252 252 252
 253 252 252 252 252 252 252 252 253 252 252 252 252 251 251 252 253 252
 252 252 252 252 252 253 253 252 252 252 252 252 252 252 253 250 251 253
 252 252 253 252 252 253 252 251 252 252 252 254 253 251 255 255 252 251
 245  29]"
"[ 29  29 245 252 252 252 253 252 252 252 252 252 252 252 252 252 252 252
 252 252 252 252 252 252 252 252 252 252 252 252 252 252 252 252 252 252
 252 252 252 252 252 252 252 252 252 252 252 252 252 252 253 252 251 253
 252 248 133  50  51  44  37  33  32  31  30  29  26  25  25  25  25  25
  25  25  25  26  28  31  33  35  46 156 226 126  48  31  37  30  30  29
  27  25  24  24  25  25  25  25  25  25  25  25  25  26  25  25  24  24
  23  22  23  24  23  26  28  27  25  25  25  25  25  24  24  26  29  31
  32  32  30  41 106 236 252 254 251 253 253 252 251 251 252 253 252 252
 252 252 252 252 252 252 252 252 252 252 252 252 252 252 252 252 252 252
 252 252 252 252 252 252 252 252 252 252 252 252 252 252 252 252 252 252
 252 252 252 252 252 252 252 252 252 252 252 252 252 252 252 252 252 252
 244  29]"
"[ 29  29 245 252 252 252 253 252 252 252 252 252 252 252 252 252 252 252
 252 252 252 252 252 252 252 252 252 252 252 252 252 252 252 252 252 252
 252 252 252 252 252 252 252 252 252 252 252 252 252 252 252 251 251 252
 251 245 111  42  46  44  39  35  38  33  31  29  27  26  25  25  25  25
  25  25  25  26  28  30  32  34  34 106 191 101  29  36  28  33  29  28
  26  24  24  24  24  25  24  24  24  25  25  24  24  25  25  25  24  23
  21  20  21  23  25  26  26  25  24  25  25  25  25  25  25  27  28  29
  30  31  36  32  46 136 240 254 254 251 252 252 252 252 252 252 252 252
 252 252 252 252 252 252 252 252 252 252 252 252 252 252 252 252 252 252
 252 252 252 252 252 252 252 252 252 252 252 252 252 252 252 252 252 252
 252 252 252 252 252 252 252 252 252 252 252 252 252 252 252 252 252 252
 244  29]"
"[ 29  29 245 252 252 252 253 252 252 252 252 252 252 252 252 252 252 252
 252 252 252 252 252 252 252 252 252 252 252 252 252 252 252 252 252 252
 252 252 252 252 252 252 252 252 252 252 252 252 252 252 252 252 252 252
 250 244 111  46  48  47  43  36  38  31  30  29  27  26  25  25  24  24
  25  25  25  25  27  29  30  32  28  70 147  89  26  35  30  32  29  27
  25  23  23  24  25  25  24  24  24  24  25  25  25  24  25  24  23  21
  19  18  20  22  25  26  25  24  24  24  25  24  25  25  26  27  26  27
  28  31  35  43  39  64 179 251 253 254 252 252 252 252 252 252 252 252
 252 252 252 252 252 252 252 252 252 252 252 252 252 252 252 252 252 252
 252 252 252 252 252 252 252 252 252 252 252 252 252 252 252 252 252 252
 252 252 252 252 252 252 252 252 252 252 252 252 252 252 252 252 252 252
 243  29]"
"[ 29  29 245 252 252 252 253 252 252 252 252 252 252 252 252 252 252 252
 252 252 252 252 252 252 252 252 252 252 252 252 252 252 252 252 252 252
 252 252 252 252 252 252 252 252 252 252 252 252 252 251 252 252 251 251
 250 245 123  47  46  46  44  36  33  31  30  28  26  25  24  24  24  24
  25  25  25  25  25  27  28  29  24  46  96  73  23  25  29  26  28  27
  24  23  24  25  26  26  24  24  24  24  25  26  26  26  25  24  22  20
  17  17  19  23  25  25  25  24  24  24  25  25  25  25  25  25  25  25
  27  30  35  35  39  41 102 214 251 254 253 252 252 252 252 252 252 252
 252 252 252 252 252 252 252 252 252 252 252 252 252 252 252 252 252 252
 252 252 252 252 252 252 252 252 252 252 252 252 252 252 252 252 252 252
 252 252 252 252 252 252 252 252 252 252 252 252 252 252 251 252 252 252
 243  29]"
"[ 29  29 245 252 252 252 253 252 252 252 252 252 252 252 252 252 252 252
 252 252 252 252 252 252 252 252 252 252 252 252 252 252 252 252 252 252
 252 252 252 252 252 252 252 252 252 252 252 252 251 251 252 252 251 251
 251 248 135  48  48  44  43  38  30  31  29  28  26  24  24  24  25  25
  26  25  25  24  24  25  25  26  25  26  55  44  17  25  26  32  28  26
  24  23  24  25  26  26  24  24  24  24  25  27  27  27  25  24  22  19
  16  17  20  23  23  24  25  25  24  24  25  26  26  24  24  24  24  26
  28  29  30  32  43  45  58 137 243 254 254 253 252 252 252 253 252 252
 252 252 252 252 252 252 252 252 252 252 252 252 252 252 252 252 252 252
 252 252 252 252 252 252 252 252 252 252 252 252 252 252 252 252 252 252
 252 252 252 252 252 252 252 252 252 252 252 252 252 252 251 252 252 252
 243  29]"
"[ 29  29 245 252 252 252 253 252 252 252 252 252 252 252 252 252 252 252
 252 252 252 252 252 252 252 252 252 252 252 252 252 252 252 252 252 252
 252 252 252 252 252 252 252 252 252 252 252 252 252 252 252 252 251 251
 251 250 145  53  54  46  41  40  31  30  30  28  27  26  25  26  26  26
  26  25  25  24  24  24  24  24  25  18  25  22  15  24  22  28  26  25
  24  23  24  24  25  25  24  24  24  24  25  27  27  26  25  23  21  18
  16  17  20  24  22  24  26  26  25  24  25  27  26  24  23  24  25  27
  28  30  30  32  37  39  43  75 197 249 254 254 252 252 252 252 252 251
 252 252 252 252 252 252 252 252 252 252 252 252 252 252 252 252 252 252
 252 252 252 252 252 252 252 252 252 252 252 252 252 252 252 252 252 252
 252 252 252 252 252 252 252 252 252 252 252 252 252 252 251 252 252 252
 243  29]"
"[ 29  29 245 252 252 252 253 252 252 252 252 252 252 252 252 252 252 252
 252 252 252 252 252 252 252 252 252 252 252 252 252 252 252 252 252 252
 252 252 252 252 252 252 252 252 252 252 252 252 253 252 252 251 250 250
 251 249 155  55  49  44  38  37  33  31  30  29  28  27  27  27  26  25
  25  25  24  24  24  24  24  25  27  26  20  22  22  25  26  24  25  25
  24  24  24  24  24  24  25  26  26  25  26  28  27  25  25  23  20  17
  16  17  20  23  24  24  26  27  26  25  25  26  25  24  25  26  27  28
  29  30  31  31  35  41  38  42 124 238 252 253 253 253 252 252 252 252
 252 252 252 252 252 252 252 252 252 252 252 252 252 252 252 252 252 252
 252 252 252 252 252 252 252 252 252 252 252 252 252 252 252 252 252 252
 252 252 252 252 252 252 252 252 252 252 252 252 252 252 252 252 252 252
 244  29]"
"[ 29  29 245 252 252 252 253 252 252 252 252 252 252 252 252 252 252 252
 252 252 252 252 252 252 252 252 252 252 252 252 252 252 252 252 252 252
 252 252 252 252 252 252 252 252 252 252 252 252 252 250 250 250 249 249
 248 245 172  60  44  43  38  33  34  31  30  29  29  29  28  27  25  24
  25  24  24  24  24  25  25  25  22  23  20  17  18  23  24  24  25  25
  25  24  24  24  24  24  26  27  27  27  28  29  27  24  25  23  20  17
  16  16  19  22  25  25  25  26  26  25  25  25  25  25  26  28  29  29
  29  30  31  32  32  36  38  36  58 158 249 251 254 254 252 252 252 253
 252 252 252 252 252 252 252 252 252 252 252 252 252 252 252 252 252 252
 252 252 252 252 252 252 252 252 252 252 252 252 252 252 252 252 252 252
 252 252 252 252 252 252 252 252 252 252 252 252 252 252 252 252 252 252
 244  29]"
"[ 29  29 246 252 252 252 253 252 252 252 252 252 252 252 252 252 252 252
 252 252 252 252 252 252 252 252 252 252 252 252 252 252 252 252 252 252
 252 252 252 252 253 251 252 252 249 252 252 250 250 248 246 242 236 236
 239 237 177  65  41  36  36  32  29  32  30  30  29  27  25  25  25  24
  24  24  24  24  25  26  26  26  25  23  20  17  17  20  23  24  24  25
  24  24  24  24  24  24  26  27  27  27  28  29  28  26  23  23  20  17
  17  16  17  23  24  24  24  25  26  26  25  25  25  25  26  29  29  27
  27  28  30  30  34  33  39  40  50  92 211 251 253 254 252 250 254 251
 252 252 252 252 252 252 252 252 252 252 252 252 252 252 252 252 252 252
 252 252 252 252 252 252 252 252 252 252 252 252 252 252 252 252 252 252
 252 252 252 252 252 252 252 252 252 252 252 252 252 252 252 252 251 252
 244  29]"
"[ 29  29 246 252 252 252 253 252 252 252 252 252 252 252 252 252 252 252
 252 252 252 252 252 252 252 252 252 252 252 252 252 252 252 252 252 252
 252 252 252 252 253 250 253 253 252 250 248 248 228 198 161 131 112 110
 123 137 128  60  41  32  30  29  32  33  30  30  29  27  25  25  26  26
  25  24  24  25  25  25  25  25  25  24  20  17  17  20  23  24  24  25
  25  25  24  24  24  23  25  25  26  26  26  27  26  25  24  24  20  17
  17  15  17  23  24  24  24  25  25  26  25  25  25  24  26  29  29  28
  28  29  31  29  33  32  39  41  43  71 167 252 254 251 254 251 253 252
 252 252 252 252 252 252 252 252 252 252 252 252 252 252 252 252 252 252
 252 252 252 252 252 252 252 252 252 252 252 252 252 252 252 252 252 252
 252 252 252 252 252 252 252 252 252 252 252 252 252 252 252 252 251 252
 244  29]"
"[ 29  29 246 252 252 252 253 252 252 252 252 252 252 252 252 252 252 252
 252 252 252 252 252 252 252 252 252 252 252 252 252 252 252 252 252 252
 252 252 252 252 250 253 251 250 249 236 177 106  77  61  44  35  30  25
  26  34  34  22  24  26  31  32  33  29  29  30  30  28  25  25  25  25
  24  25  25  24  24  24  24  24  25  24  21  18  18  21  24  25  25  26
  26  25  24  24  24  24  24  24  25  26  26  25  25  25  24  23  19  17
  16  16  18  24  25  24  25  25  25  25  25  24  24  24  25  28  29  29
  29  30  30  29  33  32  38  41  40  55 123 250 254 250 254 251 253 252
 252 252 252 252 252 252 252 252 252 252 252 252 252 252 252 252 252 252
 252 252 252 252 252 252 252 252 252 252 252 252 252 252 252 252 252 252
 252 252 252 252 252 252 252 252 252 252 252 252 252 252 252 252 251 252
 244  29]"
"[ 29  29 246 252 252 252 253 252 252 252 252 252 252 252 252 252 252 252
 252 252 252 252 252 252 252 252 252 252 252 252 252 252 252 252 252 252
 252 252 252 252 251 249 252 247 212 125  74  49  39  37  32  30  32  30
  26  26  26  26  23  22  25  28  31  32  28  30  30  29  26  24  23  23
  24  24  25  25  25  25  25  25  25  24  22  20  20  22  24  25  28  28
  27  25  23  23  24  25  25  24  25  27  27  25  25  25  24  22  18  16
  16  17  21  25  25  25  25  25  25  25  25  25  24  24  25  28  29  29
  29  29  29  28  33  32  35  39  42  54 104 240 253 254 251 251 254 251
 252 252 252 252 252 252 252 252 252 252 252 252 252 252 252 252 252 252
 252 252 252 252 252 252 252 252 252 252 252 252 252 252 252 252 252 252
 252 252 252 252 252 252 252 252 252 252 252 252 252 252 252 252 251 252
 244  29]"
"[ 29  29 246 252 252 252 253 252 252 252 252 252 252 252 252 252 252 252
 252 252 252 252 252 252 252 252 252 252 252 252 252 252 252 252 252 252
 252 252 252 252 252 248 250 216 110  54  37  31  37  39  34  30  31  31
  27  26  25  24  23  22  21  26  26  28  29  30  30  28  26  24  24  24
  25  25  25  26  26  25  25  25  25  25  24  22  21  23  25  25  29  29
  29  27  25  24  24  25  26  25  25  27  27  26  24  25  25  21  18  16
  16  18  23  25  25  25  25  25  25  25  25  25  25  26  27  28  29  29
  29  29  29  28  32  32  34  39  46  58 100 234 253 254 250 252 253 252
 252 252 252 252 252 252 252 252 252 252 252 252 252 252 252 252 252 252
 252 252 252 252 252 252 252 252 252 252 252 252 252 252 252 252 252 252
 252 252 252 252 252 252 252 252 252 252 252 252 252 252 252 252 251 252
 244  29]"
"[ 29  29 246 252 252 252 253 252 252 252 252 252 252 252 252 252 252 252
 252 252 252 252 252 252 252 252 252 252 252 252 252 252 252 252 252 252
 252 252 252 251 247 251 232 121  50  32  39  35  34  33  30  28  27  26
  25  27  27  23  25  20  17  24  26  26  30  30  29  26  24  24  26  27
  26  25  25  25  26  26  25  24  25  25  25  22  22  23  25  25  28  29
  30  29  28  27  25  24  27  26  25  27  27  26  24  23  25  21  19  17
  15  19  23  24  25  25  25  25  25  25  25  25  27  28  29  29  29  28
  28  28  30  29  30  31  35  40  47  58  95 235 254 252 252 254 250 253
 252 252 252 252 252 252 252 252 252 252 252 252 252 252 252 252 252 252
 252 252 252 252 252 252 252 252 252 252 252 252 252 252 252 252 252 252
 252 252 252 252 252 252 252 252 252 252 252 252 252 252 252 252 251 252
 244  29]"
"[ 29  29 246 252 252 252 253 252 252 252 252 252 252 252 252 252 252 252
 252 252 252 252 252 252 252 252 252 252 252 252 252 252 252 252 252 252
 252 252 252 252 251 249 179  73  36  36  37  30  33  31  32  32  29  25
  25  25  24  24  26  22  20  22  25  26  30  30  28  26  24  25  27  28
  26  26  25  26  27  27  26  24  25  25  24  22  21  23  25  26  27  29
  30  30  29  29  28  26  28  28  27  27  28  28  26  23  25  21  18  17
  15  19  24  23  25  25  25  25  24  24  24  25  27  29  30  29  28  27
  27  27  29  31  30  30  36  43  49  59  96 237 254 251 253 253 250 253
 252 252 252 252 252 252 252 252 252 252 252 252 252 252 252 252 252 252
 252 252 252 252 252 252 252 252 252 252 252 252 252 252 252 252 252 252
 252 252 252 252 252 252 252 252 252 252 252 252 252 252 252 252 251 252
 244  29]"
"[ 29  29 246 252 252 252 253 252 252 252 252 252 252 252 252 252 252 252
 252 252 252 252 252 252 252 252 252 252 252 252 252 252 252 252 252 252
 252 252 252 251 251 241 116  46  32  35  34  33  32  30  30  28  24  24
  26  25  25  25  21  20  21  17  24  29  30  31  30  28  27  27  27  27
  27  26  26  27  29  29  28  27  25  25  24  21  20  22  24  26  28  29
  29  29  29  30  30  29  30  30  29  28  29  30  27  24  24  20  18  16
  15  20  24  23  24  24  25  24  24  23  24  24  26  28  30  28  26  26
  26  26  27  32  32  30  37  45  53  63 102 235 252 253 254 250 253 251
 252 252 252 252 252 252 252 252 252 252 252 252 252 252 252 252 252 252
 252 252 252 252 252 252 252 252 252 252 252 252 252 252 252 252 252 252
 252 252 252 252 252 252 252 252 252 252 252 252 252 252 252 252 251 252
 244  29]"
"[ 29  29 246 252 252 252 253 252 252 252 252 252 252 252 252 252 252 252
 252 252 252 252 252 252 252 252 252 252 252 252 252 252 253 250 253 251
 253 253 251 249 251 199  77  46  37  37  34  34  31  31  30  28  26  25
  26  27  25  25  23  21  20  20  23  25  29  31  31  30  29  29  28  28
  27  28  29  29  30  31  31  29  26  24  23  23  23  22  24  27  29  28
  28  28  28  28  28  27  30  29  28  30  31  30  27  26  24  20  16  15
  17  20  23  24  23  23  23  24  24  23  24  25  26  27  29  29  27  25
  26  27  30  31  31  31  37  44  49  59 110 243 254 252 253 253 251 252
 252 252 252 252 252 252 252 252 252 252 252 252 252 252 252 252 252 252
 252 252 252 252 252 252 252 252 252 252 252 252 252 252 252 252 252 252
 252 252 252 252 252 252 252 252 252 252 252 252 252 252 252 252 251 252
 244  29]"
"[ 29  29 246 252 252 252 253 252 252 252 252 252 252 252 252 252 252 252
 252 252 252 252 252 252 252 252 252 252 252 252 252 252 252 251 254 251
 251 252 249 250 242 140  53  33  35  34  31  33  31  30  28  27  27  27
  27  27  24  24  24  23  21  20  21  23  26  28  30  30  30  29  28  28
  28  29  30  30  31  32  31  29  27  25  24  24  23  22  24  27  29  29
  28  27  27  28  29  29  27  27  27  29  29  28  26  24  24  20  16  16
  18  21  23  24  24  24  24  24  24  24  24  25  25  26  27  27  26  25
  25  25  28  30  31  32  39  47  51  59 121 248 254 251 252 252 251 253
 252 252 252 252 252 252 252 252 252 252 252 252 252 252 252 252 252 252
 252 252 252 252 252 252 252 252 252 252 252 252 252 252 252 252 252 252
 252 252 252 252 252 252 252 252 252 252 252 252 252 252 252 252 251 252
 244  29]"
"[ 29  29 246 252 252 252 253 252 252 252 252 252 252 252 252 252 252 252
 252 252 252 252 252 252 252 252 252 252 252 252 252 252 252 252 253 251
 252 253 250 251 228  85  44  31  38  34  33  32  31  29  26  27  28  29
  28  26  24  24  24  25  22  19  20  23  24  27  30  31  31  30  29  28
  30  30  31  31  31  31  30  29  28  26  24  24  22  21  23  26  30  29
  29  28  28  29  29  28  25  25  27  28  29  27  25  23  24  20  16  17
  20  22  24  24  24  24  25  25  25  24  24  25  25  25  25  26  27  26
  25  24  26  30  32  33  41  49  52  58 131 252 254 252 252 252 251 253
 252 252 252 252 252 252 252 252 252 252 252 252 252 252 252 252 252 252
 252 252 252 252 252 252 252 252 252 252 252 252 252 252 252 252 252 252
 252 252 252 252 252 252 252 252 252 252 252 252 252 252 252 252 251 252
 244  29]"
"[ 29  29 246 252 252 252 253 252 252 252 252 252 252 252 252 252 252 252
 252 252 252 252 252 252 252 252 252 252 252 252 252 252 252 251 251 252
 252 253 250 248 186  55  46  36  38  33  32  29  31  28  26  27  29  30
  27  25  25  24  24  24  22  19  20  24  23  27  30  32  31  31  30  29
  30  30  30  30  30  30  29  29  29  26  25  24  22  21  23  26  29  29
  28  28  29  30  28  25  24  25  26  27  27  26  24  23  23  20  17  18
  21  23  24  24  24  24  25  25  25  24  23  24  25  24  24  26  27  26
  25  24  26  30  33  34  42  50  51  55 136 252 253 253 254 253 251 253
 252 252 252 252 252 252 252 252 252 252 252 252 252 252 252 252 252 252
 252 252 252 252 252 252 252 252 252 252 252 252 252 252 252 252 252 252
 252 252 252 252 252 252 252 252 252 252 252 252 252 252 252 252 251 252
 244  29]"
"[ 29  29 246 252 252 252 253 252 252 252 252 252 252 252 252 252 252 252
 252 252 252 252 252 252 252 252 252 252 252 252 252 252 252 252 251 253
 251 251 250 238 127  44  44  38  36  33  32  31  30  29  28  28  29  29
  27  25  24  24  24  25  22  19  20  22  24  27  31  32  31  31  30  30
  31  30  30  30  29  29  29  29  28  26  25  24  23  21  22  25  29  28
  27  27  29  31  29  25  24  24  24  25  26  25  24  23  23  20  17  18
  22  24  24  24  24  24  24  25  24  23  23  24  24  23  24  25  25  25
  24  24  26  30  33  35  43  49  50  55 141 252 253 253 254 253 252 252
 252 252 252 252 252 252 252 252 252 252 252 252 252 252 252 252 252 252
 252 252 252 252 252 252 252 252 252 252 252 252 252 252 252 252 252 252
 252 252 252 252 252 252 252 252 252 252 252 252 252 252 252 252 251 252
 244  29]"
"[ 29  29 246 252 252 252 253 252 252 252 252 252 252 252 252 252 252 252
 252 252 252 252 252 252 252 252 252 252 252 252 252 252 251 252 253 253
 250 250 251 219  86  46  42  41  38  33  32  34  30  30  29  30  30  29
  27  25  23  24  26  26  24  21  19  18  25  28  32  33  32  32  32  31
  31  30  30  30  29  28  28  29  27  25  25  24  23  21  22  24  30  29
  27  26  28  32  32  29  26  25  24  25  25  25  24  24  23  20  18  19
  22  24  24  24  24  24  24  25  24  23  24  25  24  24  25  25  25  24
  25  25  25  29  32  35  42  48  51  58 146 254 253 252 252 252 252 252
 252 252 252 252 252 252 252 252 252 252 252 252 252 252 252 252 252 252
 252 252 252 252 252 252 252 252 252 252 252 252 252 252 252 252 252 252
 252 252 252 252 252 252 252 252 252 252 252 252 252 252 252 252 251 252
 244  29]"
"[ 29  29 246 252 252 252 253 252 252 252 252 252 252 252 252 252 252 252
 252 252 252 252 252 252 252 252 252 252 252 252 252 252 251 252 253 252
 250 250 250 184  64  45  41  39  38  32  30  32  31  30  30  31  31  30
  27  25  24  26  28  27  25  23  20  18  22  26  31  32  32  32  32  32
  31  30  30  31  29  27  27  27  25  24  24  25  23  21  22  24  28  29
  28  27  28  31  31  30  27  25  24  24  25  25  25  25  22  20  18  19
  22  23  24  24  25  24  24  25  24  24  25  26  26  25  25  25  25  25
  25  26  26  28  31  34  40  45  50  60 146 253 253 252 252 252 252 252
 252 252 252 252 252 252 252 252 252 252 252 252 252 252 252 252 252 252
 252 252 252 252 252 252 252 252 252 252 252 252 252 252 252 252 252 252
 252 252 252 252 252 252 252 252 252 252 252 252 252 252 252 252 251 252
 244  29]"
"[ 29  29 246 252 252 252 253 252 252 252 252 252 252 252 252 252 252 252
 252 252 252 252 252 252 252 252 252 252 252 252 252 252 253 252 251 251
 251 250 243 149  52  39  42  37  38  34  32  33  31  31  31  32  32  31
  28  26  26  28  29  27  26  26  24  20  18  23  28  30  31  31  31  31
  30  30  30  31  29  26  25  25  24  23  24  25  24  21  22  24  24  27
  29  27  27  28  28  26  26  24  23  24  25  25  24  23  22  20  18  19
  22  23  24  24  25  25  25  25  25  25  26  27  26  25  23  24  24  24
  25  25  27  28  30  33  38  42  47  59 144 251 252 252 252 253 253 251
 252 252 252 252 252 252 252 252 252 252 252 252 252 252 252 252 252 252
 252 252 252 252 252 252 252 252 252 252 252 252 252 252 252 252 252 252
 252 252 252 252 252 252 252 252 252 252 252 252 252 252 252 252 251 252
 244  29]"
"[ 29  29 245 252 252 252 253 252 252 252 252 252 252 252 252 252 252 252
 252 252 252 252 252 252 252 252 252 252 252 252 252 252 252 252 253 252
 249 251 241 119  45  45  39  36  34  32  34  32  32  31  31  31  31  31
  30  29  30  29  29  31  31  28  24  22  19  21  23  26  29  31  31  31
  31  31  32  32  31  29  26  23  24  24  24  24  23  20  20  24  24  25
  26  28  29  29  27  26  25  23  24  25  25  24  24  24  23  19  18  22
  24  23  23  25  26  26  26  26  26  26  25  25  26  24  24  25  25  24
  25  27  29  29  31  33  38  42  47  56 138 252 254 254 252 251 252 253
 252 252 252 252 252 252 252 252 252 252 252 252 252 252 252 252 252 252
 252 252 252 252 252 252 252 252 252 252 252 252 252 252 252 252 252 252
 252 252 252 252 252 252 252 252 252 252 252 252 252 252 252 252 251 252
 244  29]"
"[ 29  29 245 252 252 252 253 252 252 252 252 252 252 252 252 252 252 252
 252 252 252 252 252 252 252 252 252 252 252 252 252 252 252 251 252 252
 251 251 234 105  42  44  39  37  37  34  35  33  33  32  30  30  30  30
  29  29  29  28  29  30  31  29  26  23  20  19  20  24  26  26  26  27
  29  30  31  31  31  28  26  24  24  24  23  23  22  19  19  23  23  24
  26  28  29  28  27  26  24  24  25  26  25  24  24  25  23  20  19  22
  24  24  24  26  26  25  25  25  26  26  26  26  25  25  24  25  25  26
  27  28  30  28  31  33  38  42  45  54 139 252 253 252 252 253 252 252
 252 252 252 252 252 252 252 252 252 252 252 252 252 252 252 252 252 252
 252 252 252 252 252 252 252 252 252 252 252 252 252 252 252 252 252 252
 252 252 252 252 252 252 252 252 252 252 252 252 252 252 252 252 251 252
 244  29]"
"[ 29  29 245 252 252 252 253 252 252 252 252 252 252 252 252 252 252 252
 252 252 252 252 252 252 252 252 252 252 252 252 252 252 253 253 252 251
 251 249 226  92  46  49  43  39  39  36  35  34  35  33  31  30  30  30
  29  29  28  28  28  29  30  29  27  25  22  19  19  22  24  24  23  25
  28  29  30  31  30  28  26  25  25  24  23  22  21  19  19  23  23  24
  25  27  28  27  26  25  23  24  25  25  24  23  23  25  22  20  19  22
  23  23  24  26  24  25  26  27  28  28  28  28  24  24  24  24  25  27
  29  29  30  28  30  33  37  39  43  52 133 250 254 252 252 253 252 252
 252 252 252 252 252 252 252 252 252 252 252 252 252 252 252 252 252 252
 252 252 252 252 252 252 252 252 252 252 252 252 252 252 252 252 252 252
 252 252 252 252 252 252 252 252 252 252 252 252 252 252 252 252 251 252
 244  29]"
"[ 29  29 245 252 252 252 253 252 252 252 252 252 252 252 252 252 252 252
 252 252 252 252 252 252 252 252 252 252 252 252 252 252 251 253 253 251
 250 248 226  94  50  54  48  40  38  38  36  36  36  34  32  31  31  30
  30  29  30  29  28  28  29  29  28  26  24  21  19  21  23  24  24  25
  28  28  29  29  28  27  26  26  25  25  23  22  22  19  19  22  24  25
  25  26  26  26  25  24  23  24  25  25  23  22  22  23  22  20  19  22
  23  22  23  25  23  25  27  29  30  30  29  28  24  26  26  25  26  28
  29  29  30  28  30  33  36  37  42  52 120 246 254 253 252 252 251 252
 252 252 252 252 252 252 252 252 252 252 252 252 252 252 252 252 252 252
 252 252 252 252 252 252 252 252 252 252 252 252 252 252 252 252 252 252
 252 252 252 252 252 252 252 252 252 252 252 252 252 252 252 252 251 252
 244  29]"
"[ 29  29 245 252 252 252 253 252 252 252 252 252 252 252 252 252 252 252
 252 252 252 252 252 252 252 252 252 252 252 252 252 252 250 253 253 251
 251 250 232 105  47  52  49  39  36  38  37  37  34  33  32  32  32  31
  30  29  31  30  29  28  29  30  30  28  24  23  21  19  21  24  25  24
  26  26  26  25  24  24  25  26  25  25  23  23  23  20  19  20  25  25
  25  25  25  24  24  24  24  24  24  24  23  23  22  21  21  20  20  22
  23  23  24  26  25  26  27  28  28  28  28  27  26  28  29  27  27  29
  30  29  30  29  32  33  35  36  42  54 109 242 254 253 252 252 251 252
 252 252 252 252 252 252 252 252 252 252 252 252 252 252 252 252 252 252
 252 252 252 252 252 252 252 252 252 252 252 252 252 252 252 252 252 252
 252 252 252 252 252 252 252 252 252 252 252 252 252 252 252 252 251 252
 244  29]"
"[ 29  29 245 252 252 252 253 252 252 252 252 252 252 252 252 252 252 252
 252 252 252 252 252 252 252 252 252 252 252 252 252 252 252 253 251 251
 252 251 235 114  47  49  49  41  36  38  36  34  32  31  31  32  32  32
  31  30  30  29  28  27  28  30  30  28  24  24  22  18  18  22  24  23
  25  25  24  23  23  24  25  26  24  25  23  22  22  20  18  19  24  24
  24  24  24  24  24  24  24  24  24  23  22  22  21  19  20  19  19  21
  23  24  26  27  27  27  26  25  24  25  26  26  28  29  29  28  27  28
  29  29  29  29  32  32  33  36  42  53 101 238 253 251 253 253 252 252
 252 252 252 252 252 252 252 252 252 252 252 252 252 252 252 252 252 252
 252 252 252 252 252 252 252 252 252 252 252 252 252 252 252 252 252 252
 252 252 252 252 252 252 252 252 252 252 252 252 252 252 252 252 251 252
 244  29]"
"[ 29  29 245 252 252 252 253 252 252 252 252 252 252 252 252 252 252 252
 252 252 252 252 252 252 252 252 252 252 252 252 252 252 253 253 251 252
 251 250 240 130  53  47  48  45  38  37  35  34  33  32  32  32  32  32
  30  29  29  29  28  27  28  30  29  26  24  24  23  19  18  20  22  23
  24  24  24  24  25  25  25  25  23  23  21  20  20  19  17  17  20  21
  23  23  24  24  25  25  25  26  25  24  22  22  21  20  20  19  19  21
  23  25  26  26  27  26  25  23  23  23  25  26  28  27  27  27  26  26
  27  30  29  30  32  31  32  36  41  51  92 234 252 251 253 254 252 252
 252 252 252 252 252 252 252 252 252 252 252 252 252 252 252 252 252 252
 252 252 252 252 252 252 252 252 252 252 252 252 252 252 252 252 252 252
 252 252 252 252 252 252 252 252 252 252 252 252 252 252 252 252 251 252
 244  29]"
"[ 29  29 245 252 252 252 253 252 252 252 252 252 252 252 252 252 252 252
 252 252 252 252 252 252 252 252 252 252 252 252 252 252 251 252 253 252
 251 250 248 149  59  45  46  47  40  38  37  37  35  34  33  33  33  32
  30  28  30  30  30  29  30  31  29  26  24  24  22  20  18  18  21  25
  23  24  24  25  26  25  23  22  22  22  20  18  19  18  16  16  17  19
  21  23  24  25  25  26  27  28  29  26  24  23  23  22  22  21  20  22
  24  26  26  26  25  25  25  24  24  24  25  26  28  27  26  26  26  25
  28  31  30  32  33  31  33  38  42  50  82 230 254 253 252 252 251 253
 252 252 252 252 252 252 252 252 252 252 252 252 252 252 252 252 252 252
 252 252 252 252 252 252 252 252 252 252 252 252 252 252 252 252 252 252
 252 252 252 252 252 252 252 252 252 252 252 252 252 252 252 252 251 252
 244  29]"
"[ 29  29 245 252 252 252 253 252 252 252 252 252 252 252 252 252 252 252
 252 252 252 252 252 252 252 252 252 252 252 252 252 252 253 250 253 252
 251 252 248 159  55  43  46  46  40  39  39  38  36  35  34  34  34  33
  31  30  31  30  30  30  31  31  30  30  25  24  24  22  19  17  19  22
  23  24  25  25  25  25  23  22  22  21  21  19  18  17  17  16  20  21
  22  24  26  28  29  30  29  31  31  26  24  24  24  22  23  21  20  22
  24  24  25  25  24  24  24  24  24  24  25  25  25  25  25  24  24  26
  28  29  30  31  32  32  33  37  46  53  81 219 254 252 254 251 251 251
 252 252 252 252 252 252 252 252 252 252 252 252 252 252 252 252 252 252
 252 252 252 252 252 252 252 252 252 252 252 252 252 252 252 252 252 252
 252 252 252 252 252 252 252 252 252 252 252 252 252 252 252 252 251 252
 244  29]"
"[ 29  29 245 252 252 252 253 252 252 252 252 252 252 252 252 252 252 252
 252 252 252 252 252 252 252 252 252 252 252 252 252 252 253 251 253 252
 250 250 251 169  56  46  46  44  40  40  38  36  34  34  33  33  33  33
  32  32  33  33  32  32  32  31  30  29  28  27  25  23  19  16  18  20
  22  23  24  24  23  23  23  23  23  23  22  21  20  18  16  16  18  20
  22  24  26  29  31  31  31  32  31  27  25  25  25  24  21  20  19  21
  23  24  24  24  24  24  24  24  25  25  25  25  24  25  25  24  24  26
  28  30  29  30  31  31  30  34  43  50  82 208 254 253 250 253 252 252
 252 252 252 252 252 252 252 252 252 252 252 252 252 252 252 252 252 252
 252 252 252 252 252 252 252 252 252 252 252 252 252 252 252 252 252 252
 252 252 252 252 252 252 252 252 252 252 252 252 252 252 252 252 251 252
 244  29]"
"[ 29  29 245 252 252 252 253 252 252 252 252 252 252 252 252 252 252 252
 252 252 252 252 252 252 252 252 252 252 252 252 252 252 253 252 253 252
 251 249 252 175  56  49  45  41  40  41  38  36  34  34  34  33  33  33
  34  34  35  34  33  32  32  31  30  30  31  29  27  24  19  16  17  19
  21  23  24  24  24  25  25  25  24  24  23  22  21  18  16  16  18  20
  22  24  26  29  31  32  30  30  29  26  24  24  24  24  20  19  19  20
  23  24  24  24  24  24  24  24  24  24  24  25  25  26  26  25  25  27
  29  31  29  30  30  29  28  31  39  48  85 214 254 254 250 253 252 252
 252 252 252 252 252 252 252 252 252 252 252 252 252 252 252 252 252 252
 252 252 252 252 252 252 252 252 252 252 252 252 252 252 252 252 252 252
 252 252 252 252 252 252 252 252 252 252 252 252 252 252 252 252 251 252
 244  29]"
"[ 29  29 245 252 252 252 253 252 252 252 252 252 252 252 252 252 252 252
 252 252 252 252 252 252 252 252 252 252 252 252 252 252 252 252 251 252
 252 251 251 167  54  52  45  39  40  42  39  38  37  37  36  35  34  33
  35  36  35  34  32  32  31  31  31  31  31  29  27  24  20  17  17  19
  21  22  24  25  27  29  30  30  26  24  23  22  20  17  16  16  18  20
  22  24  26  27  29  29  28  27  26  25  24  23  23  24  20  18  18  20
  22  24  24  24  23  23  23  24  24  24  24  24  25  26  27  26  26  27
  29  31  31  30  30  29  28  31  40  48  96 235 254 252 253 251 253 252
 252 252 252 252 252 252 252 252 252 252 252 252 252 252 252 252 252 252
 252 252 252 252 252 252 252 252 252 252 252 252 252 252 252 252 252 252
 252 252 252 252 252 252 252 252 252 252 252 252 252 252 252 252 251 252
 244  29]"
"[ 29  29 245 252 252 252 253 252 252 252 252 252 252 252 252 252 252 252
 252 252 252 252 252 252 252 252 252 252 252 252 252 252 251 253 252 252
 252 251 248 155  52  54  46  39  41  41  40  40  38  38  37  35  34  34
  35  36  35  34  32  31  31  31  32  32  30  28  26  24  20  17  17  18
  20  21  24  27  31  34  34  33  29  26  23  21  19  16  16  17  18  20
  23  24  25  25  25  25  25  25  25  26  26  25  25  25  20  19  18  20
  22  23  24  24  23  23  23  24  24  24  24  24  23  25  26  26  27  28
  30  30  32  30  30  30  31  35  43  52 122 250 253 250 253 251 254 252
 252 252 252 252 252 252 252 252 252 252 252 252 252 252 252 252 252 252
 252 252 252 252 252 252 252 252 252 252 252 252 252 252 252 252 252 252
 252 252 252 252 252 252 252 252 252 252 252 252 252 252 252 252 251 252
 244  29]"
"[ 29  29 245 252 252 252 253 252 252 252 252 252 252 252 252 252 252 252
 252 252 252 252 252 252 252 252 252 252 252 252 252 252 251 253 253 252
 250 251 248 144  51  54  47  41  41  40  40  40  38  37  37  35  33  33
  35  36  36  34  32  31  31  31  32  32  29  27  25  23  21  18  16  17
  19  21  25  29  33  35  35  33  31  27  24  22  20  16  16  17  19  21
  24  25  25  25  25  25  24  25  25  26  27  28  27  25  22  20  18  19
  21  23  24  24  22  22  23  23  24  24  24  24  22  23  24  25  26  28
  30  30  31  30  30  31  32  37  46  56 147 252 254 252 252 253 252 251
 252 252 252 252 252 252 252 252 252 252 252 252 252 252 252 252 252 252
 252 252 252 252 252 252 252 252 252 252 252 252 252 252 252 252 252 252
 252 252 252 252 252 252 252 252 252 252 252 252 252 252 252 252 251 252
 244  29]"
"[ 29  29 245 252 252 252 253 252 252 252 252 252 252 252 252 252 252 252
 252 252 252 252 252 252 252 252 252 252 252 252 252 252 252 253 253 252
 250 250 245 134  50  53  46  42  40  38  39  37  37  37  36  34  33  33
  34  35  35  34  32  31  31  31  31  31  27  25  24  23  21  18  16  16
  19  22  26  29  32  33  33  32  29  26  24  24  21  17  16  17  20  22
  24  25  25  25  26  26  25  27  27  26  27  28  27  25  23  20  18  18
  20  22  23  23  21  22  22  23  24  24  24  24  24  24  24  24  26  29
  30  30  30  30  30  31  31  35  46  57 141 252 254 254 252 252 252 251
 252 252 252 252 252 252 252 252 252 252 252 252 252 252 252 252 252 252
 252 252 252 252 252 252 252 252 252 252 252 252 252 252 252 252 252 252
 252 252 252 252 252 252 252 252 252 252 252 252 252 252 252 252 251 252
 244  29]"
"[ 29  29 245 252 252 252 253 252 252 252 252 252 252 252 252 252 252 252
 252 252 252 252 252 252 252 252 252 252 252 252 252 252 253 251 250 253
 252 251 243 126  49  50  44  41  38  36  38  34  37  37  36  34  33  33
  33  34  34  33  32  31  31  31  30  30  26  24  23  23  21  18  17  17
  19  23  28  30  31  31  31  31  27  24  23  24  22  18  17  18  20  22
  23  24  24  24  25  26  28  29  28  26  27  29  28  24  24  21  18  18
  19  21  22  23  21  22  23  24  25  25  25  25  27  26  25  24  26  29
  30  30  30  30  31  31  30  32  43  56 115 252 251 252 254 250 254 252
 252 252 252 252 252 252 252 252 252 252 252 252 252 252 252 252 252 252
 252 252 252 252 252 252 252 252 252 252 252 252 252 252 252 252 252 252
 252 252 252 252 252 252 252 252 252 252 252 252 252 252 252 252 251 252
 244  29]"
"[ 29  29 245 252 252 252 253 252 252 252 252 252 252 252 252 252 252 252
 252 252 252 252 252 252 252 252 252 252 252 252 252 252 251 254 251 252
 252 251 242 119  46  50  48  41  36  34  34  37  38  36  33  32  31  31
  32  34  33  31  30  30  31  30  29  29  26  24  23  22  20  17  17  19
  21  23  27  30  31  31  30  30  26  23  23  25  22  18  16  16  19  21
  23  24  25  26  26  26  30  30  30  29  29  29  28  26  24  21  17  16
  17  19  20  21  20  21  24  27  31  32  31  29  30  29  25  23  24  28
  31  31  30  30  29  30  31  34  42  53  88 231 254 254 250 253 253 252
 252 252 252 252 252 252 252 252 252 252 252 252 252 252 252 252 252 252
 252 252 252 252 252 252 252 252 252 252 252 252 252 252 252 252 252 252
 252 252 252 252 252 252 252 252 252 252 252 252 252 252 252 252 251 252
 244  29]"
"[ 29  29 245 252 252 252 253 252 252 252 252 252 252 252 252 252 252 252
 252 252 252 252 252 252 252 252 252 252 252 252 252 252 252 251 253 252
 251 251 239 116  46  50  47  41  35  33  33  35  37  35  33  31  31  31
  31  32  33  31  30  30  29  29  28  27  25  24  24  24  22  19  17  18
  19  22  25  29  32  32  32  32  29  25  24  25  21  17  16  16  18  20
  23  24  25  26  28  29  30  30  30  30  30  30  28  26  23  20  17  16
  17  18  20  22  21  23  26  30  33  34  33  31  31  30  27  24  25  28
  30  32  31  30  28  28  30  33  40  47  77 206 252 253 251 252 252 251
 252 252 252 252 252 252 252 252 252 252 252 252 252 252 252 252 252 252
 252 252 252 252 252 252 252 252 252 252 252 252 252 252 252 252 252 252
 252 252 252 252 252 252 252 252 252 252 252 252 252 252 252 252 251 252
 244  29]"
"[ 29  29 245 252 252 252 253 252 252 252 252 252 252 252 252 252 252 252
 252 252 252 252 252 252 252 252 252 252 252 252 252 252 253 250 253 251
 250 251 234 109  47  49  46  39  34  31  30  32  35  34  33  31  30  30
  30  30  31  29  28  27  27  26  25  25  24  24  24  24  22  20  18  17
  18  20  24  28  32  33  33  33  31  27  25  24  20  16  16  15  16  20
  23  25  25  26  29  31  31  31  30  29  29  29  26  24  24  21  18  17
  16  18  20  23  23  25  29  32  34  34  33  32  31  31  29  26  25  27
  29  31  31  30  27  25  28  33  38  42  68 181 252 254 251 253 252 251
 252 252 252 252 252 252 252 252 252 252 252 252 252 252 252 252 252 252
 252 252 252 252 252 252 252 252 252 252 252 252 252 252 252 252 252 252
 252 252 252 252 252 252 252 252 252 252 252 252 252 252 252 252 251 252
 244  29]"
"[ 29  29 245 252 252 252 253 252 252 252 252 252 252 252 252 252 252 252
 252 252 252 252 252 252 252 252 252 252 252 252 252 252 253 251 252 250
 251 250 232 105  47  48  44  38  33  29  27  28  31  33  34  33  30  29
  28  28  28  26  25  25  25  25  24  24  24  24  23  22  20  18  18  18
  18  21  24  28  31  33  34  33  32  27  24  23  19  17  15  14  14  18
  21  23  24  26  30  32  33  32  30  29  28  27  25  22  25  23  20  18
  16  17  20  23  24  27  30  32  33  32  31  31  31  31  30  27  25  25
  28  30  30  30  26  23  27  34  39  42  65 171 252 254 251 252 252 253
 252 252 252 252 252 252 252 252 252 252 252 252 252 252 252 252 252 252
 252 252 252 252 252 252 252 252 252 252 252 252 252 252 252 252 252 252
 252 252 252 252 252 252 252 252 252 252 252 252 252 252 252 252 251 252
 244  29]"
"[ 29  29 245 252 252 252 253 252 252 252 252 252 252 252 252 252 252 252
 252 252 252 252 252 252 252 252 252 252 252 252 252 252 251 252 252 251
 251 250 227 100  45  45  40  35  31  27  24  24  27  31  34  33  30  28
  28  28  26  25  24  24  24  24  24  24  24  23  22  20  18  18  18  18
  19  21  24  27  30  33  34  33  33  27  24  23  20  18  15  12  13  15
  18  20  22  26  29  30  33  32  30  29  28  27  25  23  24  22  19  17
  16  17  20  23  25  27  30  32  31  31  31  31  31  31  30  28  25  24
  27  30  29  30  26  22  26  34  40  44  62 174 251 253 251 251 251 252
 252 252 252 252 252 252 252 252 252 252 252 252 252 252 252 252 252 252
 252 252 252 252 252 252 252 252 252 252 252 252 252 252 252 252 252 252
 252 252 252 252 252 252 252 252 252 252 252 252 252 252 252 252 251 252
 244  29]"
"[ 29  29 245 252 252 252 253 252 252 252 252 252 252 252 252 252 252 252
 252 252 252 252 252 252 252 252 252 252 252 252 252 252 251 253 251 252
 251 249 210  85  42  41  37  32  30  26  23  23  24  29  33  32  30  29
  28  28  27  25  24  24  24  24  24  24  21  22  22  20  19  18  18  17
  18  21  23  26  29  32  33  33  33  28  25  23  20  18  15  12  12  13
  15  17  20  24  26  27  29  29  28  27  26  26  25  23  22  20  17  16
  17  18  20  23  23  26  29  30  30  30  31  32  32  32  31  29  27  25
  27  29  29  30  26  23  26  33  40  45  59 177 250 253 253 251 251 252
 252 252 252 252 252 252 252 252 252 252 252 252 252 252 252 252 252 252
 252 252 252 252 252 252 252 252 252 252 252 252 252 252 252 252 252 252
 252 252 252 252 252 252 252 252 252 252 252 252 252 252 252 252 251 252
 244  29]"
"[ 29  29 245 252 252 252 253 252 252 252 252 252 252 252 252 252 252 252
 252 252 252 252 252 252 252 252 252 252 252 252 252 252 253 252 252 252
 250 248 187  66  40  38  34  32  31  28  25  25  25  29  32  32  31  31
  30  28  27  25  24  24  24  24  23  23  20  21  21  19  18  18  18  17
  17  20  23  24  27  31  32  31  31  28  26  23  18  16  15  12  14  14
  15  15  17  20  21  22  23  24  25  25  24  24  23  22  20  17  15  15
  17  18  20  22  23  25  28  30  31  31  31  32  33  32  32  31  29  27
  27  28  28  28  25  23  26  32  38  44  59 176 251 252 254 251 253 252
 252 252 252 252 252 252 252 252 252 252 252 252 252 252 252 252 252 252
 252 252 252 252 252 252 252 252 252 252 252 252 252 252 252 252 252 252
 252 252 252 252 252 252 252 252 252 252 252 252 252 252 252 252 251 252
 244  29]"
"[ 29  29 245 252 252 252 253 252 252 252 252 252 252 252 252 252 252 252
 252 252 252 252 252 252 252 252 252 252 252 252 252 252 254 248 253 253
 251 251 174  56  39  37  34  33  33  31  28  29  29  31  32  32  32  33
  31  28  27  25  23  23  23  23  23  23  19  20  20  18  17  17  17  17
  16  20  23  24  26  29  30  30  28  26  25  22  16  14  14  14  16  16
  16  15  15  16  17  18  20  22  24  24  23  22  21  20  18  16  13  14
  16  18  19  19  24  27  30  32  33  32  32  33  32  32  32  32  31  28
  27  27  27  27  24  23  26  31  37  42  62 174 251 251 254 249 254 252
 252 252 252 252 252 252 252 252 252 252 252 252 252 252 252 252 252 252
 252 252 252 252 252 252 252 252 252 252 252 252 252 252 252 252 252 252
 252 252 252 252 252 252 252 252 252 252 252 252 252 252 252 252 251 252
 244  29]"
"[ 29  29 245 252 252 252 253 252 252 252 252 252 252 252 252 252 252 252
 252 252 252 252 252 252 252 252 252 252 252 252 252 252 252 252 250 252
 251 250 153  53  42  40  37  34  32  31  31  32  32  31  31  32  32  32
  31  30  31  26  24  24  23  22  23  23  23  21  20  19  17  17  18  16
  19  21  24  24  25  26  26  25  23  22  20  17  15  14  15  16  16  15
  15  16  17  17  16  16  16  18  19  18  19  20  18  15  15  11  10  12
  14  15  17  20  23  27  31  33  33  34  34  34  33  32  32  33  31  28
  27  30  28  26  24  23  26  32  36  36  58 174 251 252 253 253 252 251
 252 252 252 252 252 252 252 252 252 252 252 252 252 252 252 252 252 252
 252 252 252 252 252 252 252 252 252 252 252 252 252 252 252 252 252 252
 252 252 252 252 252 252 252 252 252 252 252 252 252 252 252 252 251 252
 244  29]"
"[ 29  29 245 252 252 252 253 252 252 252 252 252 252 252 252 252 252 252
 252 252 252 252 252 252 252 252 252 252 252 252 252 252 253 253 251 251
 250 245 128  46  42  40  37  34  32  32  32  33  31  30  30  30  30  30
  30  30  30  26  24  24  23  23  24  24  25  24  23  21  18  18  17  15
  19  21  23  23  23  23  22  21  18  17  16  15  14  15  17  18  18  18
  18  18  18  17  16  16  15  17  17  16  15  16  15  13  12  11  10  10
  12  15  18  20  24  28  32  33  33  34  35  35  33  34  33  32  30  28
  27  28  25  25  25  23  23  26  32  35  49 151 250 251 253 254 251 252
 252 252 252 252 252 252 252 252 252 252 252 252 252 252 252 252 252 252
 252 252 252 252 252 252 252 252 252 252 252 252 252 252 252 252 252 252
 252 252 252 252 252 252 252 252 252 252 252 252 252 252 252 252 251 252
 244  29]"
"[ 29  29 245 252 252 252 253 252 252 252 252 252 252 252 252 252 252 252
 252 252 252 252 252 252 252 252 252 252 252 252 252 252 250 252 250 250
 250 236 100  45  43  41  38  34  32  32  32  33  30  30  29  29  29  29
  30  31  29  25  24  24  24  24  26  27  27  25  24  22  18  17  16  14
  16  18  19  19  19  18  17  16  15  15  15  15  15  16  18  19  21  21
  21  21  20  20  19  18  17  18  17  15  14  14  14  12   9  10   9   8
  10  14  17  18  24  29  33  32  33  35  37  37  35  36  35  31  29  29
  28  26  23  23  23  23  23  25  31  36  40 117 243 251 253 254 251 252
 252 252 252 252 252 252 252 252 252 252 252 252 252 252 252 252 252 252
 252 252 252 252 252 252 252 252 252 252 252 252 252 252 252 252 252 252
 252 252 252 252 252 252 252 252 252 252 252 252 252 252 252 252 251 252
 244  29]"
"[ 29  29 245 252 252 252 253 252 252 252 252 252 252 252 252 252 252 252
 252 252 252 252 252 252 252 252 252 252 252 252 252 252 253 252 251 251
 251 217  77  42  44  41  38  34  32  31  31  31  31  30  29  28  29  30
  31  31  28  24  23  24  24  27  29  30  28  26  25  23  18  16  15  13
  12  13  14  14  15  15  15  15  15  16  16  17  17  18  20  21  23  23
  23  22  22  23  23  22  21  20  19  18  17  17  16  14  11  11  10   9
  10  12  15  16  22  27  31  32  33  37  38  37  38  37  34  32  30  28
  26  25  23  20  18  21  23  26  30  35  38  90 230 251 252 254 252 252
 252 252 252 252 252 252 252 252 252 252 252 252 252 252 252 252 252 252
 252 252 252 252 252 252 252 252 252 252 252 252 252 252 252 252 252 252
 252 252 252 252 252 252 252 252 252 252 252 252 252 252 252 252 251 252
 244  29]"
"[ 29  29 245 252 252 252 253 252 252 252 252 252 252 252 252 252 252 252
 252 252 252 252 252 252 252 252 252 252 252 252 252 252 252 251 251 251
 251 196  67  43  43  40  37  34  32  31  30  30  31  29  28  28  29  30
  30  30  30  26  24  24  25  28  31  32  29  26  25  23  19  16  15  14
  11  11  11  11  12  13  15  16  14  15  16  18  20  21  23  24  24  24
  24  23  23  24  25  24  22  21  20  20  20  20  18  16  16  14  12  13
  12  12  14  17  18  24  29  31  33  37  38  37  38  35  33  32  30  26
  24  24  23  19  16  19  22  24  29  34  44  77 215 253 253 253 253 252
 252 252 252 252 252 252 252 252 252 252 252 252 252 252 252 252 252 252
 252 252 252 252 252 252 252 252 252 252 252 252 252 252 252 252 252 252
 252 252 252 252 252 252 252 252 252 252 252 252 252 252 252 252 251 252
 244  29]"
"[ 29  29 245 252 252 252 253 252 252 252 252 252 252 252 252 252 252 252
 252 252 252 252 252 252 252 252 252 252 252 252 252 252 252 250 249 251
 249 178  60  44  40  38  35  33  32  31  31  30  31  30  29  29  29  30
  30  30  31  27  24  24  26  29  32  31  30  26  24  23  19  16  15  14
  12  10   9  10  11  12  14  15  14  15  17  19  21  22  24  24  24  25
  25  24  23  24  25  24  23  22  22  22  23  23  20  18  19  16  14  15
  15  13  13  16  17  22  27  30  33  36  37  37  37  34  32  32  30  26
  23  24  20  19  19  22  23  26  33  40  47  73 206 253 252 252 253 251
 252 252 252 252 252 252 252 252 252 252 252 252 252 252 252 252 252 252
 252 252 252 252 252 252 252 252 252 252 252 252 252 252 252 252 252 252
 252 252 252 252 252 252 252 252 252 252 252 252 252 252 252 252 251 252
 244  29]"
"[ 29  29 245 252 252 252 253 252 252 252 252 252 252 252 252 252 252 252
 252 252 252 252 252 252 252 252 252 252 252 252 252 252 253 252 250 251
 249 166  49  38  38  37  34  33  32  32  31  30  31  30  30  29  28  28
  29  30  30  26  23  24  26  31  32  30  30  25  23  23  20  17  15  13
  11   9   8   9  10  12  14  15  16  18  20  22  23  23  24  24  25  27
  27  25  24  25  25  24  24  24  24  25  25  24  23  22  21  19  18  18
  17  15  15  16  17  19  23  27  29  31  33  35  34  32  31  31  29  25
  23  22  18  19  22  24  25  28  36  44  45  73 208 252 252 251 252 251
 252 252 252 252 252 252 252 252 252 252 252 252 252 252 252 252 252 252
 252 252 252 252 252 252 252 252 252 252 252 252 252 252 252 252 252 252
 252 252 252 252 252 252 252 252 252 252 252 252 252 252 252 252 251 252
 244  29]"
"[ 29  29 245 252 252 252 253 252 252 252 252 252 252 252 252 252 252 252
 252 252 252 252 252 252 252 252 252 252 252 252 252 252 252 252 249 251
 250 163  42  38  38  36  35  33  33  32  31  29  29  30  30  28  26  26
  28  30  29  25  23  24  27  32  33  30  30  26  24  24  22  18  15  13
  11   9   8  10  12  13  15  17  17  19  21  23  25  26  26  26  25  28
  29  27  26  27  26  24  24  25  26  26  25  24  24  24  24  24  22  20
  19  19  18  16  16  16  18  22  24  25  28  31  29  30  29  27  25  24
  22  19  19  20  22  24  25  28  34  39  42  76 215 252 253 252 253 252
 252 252 252 252 252 252 252 252 252 252 252 252 252 252 252 252 252 252
 252 252 252 252 252 252 252 252 252 252 252 252 252 252 252 252 252 252
 252 252 252 252 252 252 252 252 252 252 252 252 252 252 252 252 251 252
 244  29]"
"[ 29  29 246 252 252 251 252 252 252 252 252 252 252 252 252 252 252 252
 252 252 252 252 252 252 252 252 252 252 252 252 252 252 253 251 251 249
 245 151  43  40  39  37  35  33  32  31  31  31  32  29  28  28  27  24
  25  28  28  25  23  25  29  32  32  31  30  27  25  25  23  19  15  12
   9   9   9  11  13  15  17  18  21  22  24  24  24  25  27  27  27  27
  27  27  29  30  28  25  24  26  28  30  28  25  24  24  24  24  25  24
  23  21  19  17  19  18  17  17  19  21  23  24  26  25  25  24  22  20
  18  16  20  22  24  24  24  26  32  38  41  94 229 251 254 253 250 253
 252 252 252 252 252 252 252 252 252 252 252 252 252 252 252 252 252 252
 252 252 252 252 252 252 252 252 252 252 252 252 252 252 252 252 252 252
 252 252 252 252 252 252 252 252 252 252 252 252 252 252 251 252 251 252
 243  29]"
"[ 29  29 246 252 252 251 252 252 252 252 252 252 252 252 252 252 252 252
 252 252 252 252 252 252 252 252 252 252 252 252 252 252 253 251 251 251
 244 138  37  37  40  38  35  34  33  31  31  31  31  30  29  29  26  24
  24  27  27  25  23  24  27  30  32  33  32  28  25  24  22  19  16  14
   9  10  11  12  13  15  18  19  22  23  24  24  24  25  26  27  28  29
  29  29  29  30  29  28  26  27  29  29  29  27  26  26  25  25  25  25
  25  23  22  21  23  21  20  19  19  19  19  19  22  22  21  21  20  19
  18  18  19  21  23  24  24  26  32  37  44 120 244 253 252 254 252 251
 252 252 252 252 252 252 252 252 252 252 252 252 252 252 252 252 252 252
 252 252 252 252 252 252 252 252 252 252 252 252 252 252 252 252 252 252
 252 252 252 252 252 252 252 252 252 252 252 252 252 252 252 252 251 252
 243  29]"
"[ 29  29 245 252 252 251 252 252 252 252 252 252 252 252 252 252 252 252
 252 252 252 252 252 252 252 252 252 252 252 252 252 252 253 251 251 251
 240 126  39  40  39  37  35  34  33  32  31  31  30  30  31  29  26  24
  24  25  24  24  24  24  26  28  31  33  31  27  24  23  21  18  15  14
  11  12  14  15  16  17  20  22  23  24  24  24  24  25  26  26  28  29
  30  29  28  28  28  28  29  28  28  28  28  28  27  28  28  28  28  28
  27  25  24  24  24  23  22  22  22  21  19  17  19  19  19  18  18  19
  20  20  20  21  23  24  24  26  31  36  44 143 251 251 251 254 253 251
 252 252 252 252 252 252 252 252 252 252 252 252 252 252 252 252 252 252
 252 252 252 252 252 252 252 252 252 252 252 252 252 252 252 252 252 252
 252 252 252 252 252 252 252 252 252 252 252 252 252 252 252 252 251 252
 244  29]"
"[ 29  29 246 252 252 251 252 252 252 252 252 252 252 252 252 252 252 252
 252 252 252 252 252 252 252 252 252 252 252 252 252 252 251 252 251 249
 233 115  44  42  38  36  34  33  32  32  31  31  30  32  31  28  26  24
  23  22  21  22  24  25  26  28  30  31  29  27  24  23  21  17  14  12
  12  15  17  18  18  19  21  24  23  24  25  24  24  25  25  25  27  28
  28  28  27  26  27  27  30  29  28  28  29  29  28  28  31  31  30  29
  28  27  26  26  26  25  24  25  25  24  22  20  21  20  20  19  19  20
  21  21  22  23  24  24  25  27  31  35  51 160 250 251 253 254 251 252
 252 252 252 252 252 252 252 252 252 252 252 252 252 252 252 252 252 252
 252 252 252 252 252 252 252 252 252 252 252 252 252 252 252 252 252 252
 252 252 252 252 252 252 252 252 252 252 252 252 252 252 252 252 251 252
 244  29]"
"[ 29  29 246 252 252 251 252 252 252 252 252 252 252 252 252 252 252 252
 252 252 252 252 252 252 252 252 252 252 252 252 252 252 252 252 251 250
 227 102  42  39  38  35  33  32  32  32  32  32  32  32  30  26  25  24
  22  19  19  20  21  23  26  28  29  30  29  27  24  23  21  17  13  12
  14  16  19  19  19  19  21  23  24  25  26  26  27  27  26  26  26  26
  26  26  27  27  27  28  31  29  28  29  30  31  30  30  30  30  30  30
  30  30  29  29  30  29  27  27  27  26  24  22  23  23  22  22  22  22
  22  23  24  24  24  24  25  28  33  37  50 162 248 250 254 254 251 253
 252 252 252 252 252 252 252 252 252 252 252 252 252 252 252 252 252 252
 252 252 252 252 252 252 252 252 252 252 252 252 252 252 252 252 252 252
 252 252 252 252 252 252 252 252 252 252 252 252 252 252 252 252 251 252
 244  29]"
"[ 29  29 246 252 252 251 252 252 252 252 252 252 252 252 252 252 252 252
 252 252 252 252 252 252 252 252 252 252 252 252 252 252 253 252 249 251
 222  92  37  38  38  35  33  32  32  32  32  32  32  30  27  24  23  23
  20  17  17  17  17  18  21  24  26  27  27  25  22  20  18  15  14  14
  16  18  20  21  21  21  22  23  24  26  28  28  29  29  28  27  25  24
  24  26  27  27  28  29  29  28  28  30  31  32  31  31  31  31  31  31
  30  30  30  30  31  30  29  29  29  28  26  25  24  24  24  24  24  24
  23  23  25  24  24  24  25  28  34  38  47 155 248 250 251 252 251 253
 252 252 252 252 252 252 252 252 252 252 252 252 252 252 252 252 252 252
 252 252 252 252 252 252 252 252 252 252 252 252 252 252 252 252 252 252
 252 252 252 252 252 252 252 252 252 252 252 252 252 252 252 252 251 252
 244  29]"
"[ 29  29 246 252 252 251 252 252 252 252 252 252 252 252 252 252 252 252
 252 252 252 252 252 252 252 252 252 252 252 252 252 252 252 251 249 251
 216  87  37  41  38  36  34  33  32  31  29  28  29  27  25  23  22  21
  18  16  16  16  15  15  16  18  21  22  22  20  18  17  16  14  15  16
  17  19  21  22  23  23  24  24  24  26  27  28  29  30  29  29  27  26
  26  27  27  27  28  30  30  29  29  30  32  32  31  31  32  32  32  32
  31  31  30  30  30  29  29  29  29  28  27  27  25  25  24  24  24  24
  24  24  24  24  24  24  24  27  32  37  49 144 247 253 252 252 251 251
 252 252 252 252 252 252 252 252 252 252 252 252 252 252 252 252 252 252
 252 252 252 252 252 252 252 252 252 252 252 252 252 252 252 252 252 252
 252 252 252 252 252 252 252 252 252 252 252 252 252 252 252 252 251 252
 244  29]"
"[ 29  29 246 252 252 251 252 252 252 252 252 252 252 252 252 252 252 252
 252 252 252 252 252 252 252 252 252 252 252 252 252 252 251 253 250 249
 208  85  38  41  38  36  34  33  32  29  27  25  26  25  23  22  21  19
  17  16  16  17  17  16  16  16  17  18  18  17  17  18  17  16  16  17
  17  18  20  22  24  24  24  23  24  25  26  27  28  29  29  29  31  30
  30  30  29  28  29  31  32  31  30  32  33  32  32  31  31  31  31  32
  32  32  32  32  30  30  29  29  28  27  26  25  26  25  25  24  24  24
  24  24  24  24  24  24  23  25  30  34  39 122 234 251 253 253 253 253
 252 252 252 252 252 252 252 252 252 252 252 252 252 252 252 252 252 252
 252 252 252 252 252 252 252 252 252 252 252 252 252 252 252 252 252 252
 252 252 252 252 252 252 252 252 252 252 252 252 252 252 252 252 251 252
 244  29]"
"[ 28  31 244 252 253 251 252 253 253 252 252 252 252 251 252 253 251 253
 253 253 252 251 252 253 251 253 252 253 252 251 253 253 251 250 250 250
 189  72  37  38  38  36  33  31  31  29  26  24  25  24  22  19  18  17
  17  17  17  16  16  16  16  16  17  18  17  18  19  19  19  18  17  16
  18  19  21  22  23  24  24  24  25  27  29  29  29  29  29  30  30  30
  30  29  29  29  30  31  32  31  31  33  33  32  31  32  32  33  33  33
  32  31  31  31  31  31  31  31  29  26  24  24  24  25  25  25  24  23
  24  24  24  23  24  24  23  23  27  33  26  44 155 238 254 251 253 253
 252 253 253 252 251 252 252 252 251 252 252 251 251 252 252 252 253 253
 252 252 252 252 252 252 252 251 251 252 252 252 252 252 251 252 252 253
 253 253 252 252 252 252 252 252 252 252 252 252 253 253 252 252 251 251
 243  30]"
"[ 29  30 245 251 251 253 252 249 251 251 251 252 252 252 251 250 253 251
 249 250 253 253 253 250 251 253 251 252 252 251 253 252 251 250 250 250
 174  62  34  41  39  37  33  31  30  29  27  24  22  21  20  18  17  17
  17  18  18  17  16  16  17  17  17  18  19  20  21  21  21  20  19  18
  18  19  21  23  24  24  24  24  25  26  28  29  29  29  29  29  29  29
  29  29  29  29  30  30  31  31  31  32  32  31  31  32  32  32  32  32
  31  31  32  32  30  30  30  30  29  26  25  26  25  26  26  26  25  25
  25  26  26  24  24  24  24  24  28  32  31  28  61 160 245 254 248 254
 251 251 251 252 252 252 252 252 252 253 253 252 252 252 252 252 251 251
 251 252 252 252 252 252 253 253 253 252 252 251 251 252 253 252 252 251
 251 251 252 252 252 252 252 251 251 251 252 252 251 252 251 250 251 254
 245  27]"
"[ 30  29 246 250 251 252 252 252 253 253 252 252 252 253 252 251 252 253
 253 253 251 250 251 253 252 252 252 252 252 252 252 252 251 251 248 250
 160  58  36  43  37  35  32  30  28  27  25  24  20  20  19  19  19  19
  19  19  19  18  17  18  18  19  19  20  21  22  22  22  23  22  21  19
  19  20  22  23  24  24  25  25  25  25  26  28  30  30  29  28  30  29
  29  29  30  30  30  30  30  31  32  31  31  32  32  32  32  33  32  32
  31  31  32  32  31  31  30  30  29  28  28  28  28  28  29  28  27  27
  28  29  27  25  23  24  25  26  29  31  34  29  35  67 189 245 254 250
 254 253 253 253 253 252 252 252 252 252 252 251 251 252 252 251 253 253
 252 252 253 253 252 252 251 252 252 252 252 252 253 253 252 252 252 252
 252 253 253 253 252 253 253 252 252 252 253 253 252 253 254 253 249 250
 244  30]"
"[ 30  28 239 250 252 251 251 253 252 251 251 251 252 252 253 253 252 251
 251 252 253 253 253 253 252 253 252 253 253 252 253 252 250 251 247 241
 142  48  33  35  34  33  30  28  27  25  24  23  22  22  22  22  22  22
  21  21  20  19  18  19  21  21  22  22  23  23  23  23  23  23  21  20
  19  21  23  24  24  24  25  26  24  24  25  27  29  30  30  30  30  29
  28  28  30  30  30  29  29  31  32  31  31  32  32  31  33  33  34  34
  33  32  32  32  33  32  31  30  29  29  29  30  30  30  30  30  29  29
  29  29  26  24  23  24  26  28  30  31  29  32  31  35  88 204 251 253
 252 251 251 252 253 252 252 253 252 252 253 252 252 253 253 252 254 253
 252 251 252 252 252 252 252 252 252 252 252 251 251 252 252 252 253 253
 252 252 251 250 251 251 251 251 251 251 251 252 253 249 250 253 252 251
 242  26]"
"[ 29  31 221 241 249 252 251 251 253 252 253 253 254 249 247 249 249 250
 251 252 252 251 251 251 252 253 251 253 253 252 252 250 249 249 245 224
 121  40  33  32  32  31  30  29  28  27  26  25  24  24  24  24  24  24
  23  23  22  20  20  21  23  23  24  24  24  25  24  24  23  23  22  20
  20  22  23  24  24  24  25  26  24  24  25  26  27  29  30  30  29  27
  25  26  28  30  30  29  29  30  31  30  31  32  32  29  32  34  35  36
  35  34  33  32  34  33  31  30  29  29  29  29  29  30  30  30  29  28
  28  27  25  24  24  25  27  28  29  30  30  31  38  37  51 139 241 251
 253 253 252 252 252 251 251 252 252 252 252 252 252 252 252 251 251 251
 251 252 252 253 252 252 252 252 252 252 253 252 252 252 251 251 252 252
 252 252 252 252 252 252 252 253 253 253 253 252 253 252 251 252 251 251
 245  32]"
"[ 30  28 162 172 190 215 236 240 246 243 239 234 220 203 191 186 186 193
 200 203 203 204 210 215 216 217 216 218 219 217 217 214 207 205 200 172
  89  34  34  32  31  31  30  30  29  29  28  28  25  24  23  23  24  24
  24  23  24  23  22  23  24  24  24  24  25  26  25  24  23  23  22  22
  22  23  24  24  24  24  25  25  24  25  25  25  25  26  28  29  27  25
  23  24  27  29  30  30  29  30  31  31  32  33  32  31  32  34  36  37
  36  35  33  32  34  34  32  30  30  30  29  29  29  30  30  30  30  28
  27  26  25  25  26  26  27  27  28  28  27  32  37  39  38  80 191 247
 254 254 254 253 253 253 253 253 252 253 253 253 253 253 253 252 252 252
 253 254 254 253 252 251 252 251 251 251 252 252 252 251 253 252 252 251
 251 251 251 252 251 251 251 251 251 251 251 250 249 253 253 250 249 250
 242  29]"
"[ 28  25 104 102 103 114 123 118 119 119 119 118 115 111 106 104 103 103
 105 107 108 109 108 108 109 111 110 113 114 112 110 106 110 108 109  97
  50  29  35  36  32  31  30  30  30  30  30  29  27  25  23  23  23  24
  24  24  24  24  24  24  24  24  24  24  25  26  25  23  22  23  23  24
  24  24  24  24  24  24  25  25  24  24  24  24  24  24  25  26  26  24
  23  24  26  28  29  29  28  29  30  31  31  31  33  34  34  35  35  36
  35  33  32  32  33  33  32  31  31  32  31  29  30  30  30  30  30  29
  28  28  27  27  27  26  27  27  26  25  30  29  32  36  32  43 119 213
 236 241 244 245 247 251 252 252 251 252 252 252 253 254 254 253 252 253
 253 252 252 251 252 253 253 253 253 252 251 250 251 252 252 252 252 252
 253 253 252 252 252 253 253 252 251 251 252 254 252 254 253 253 253 252
 241  31]"
"[ 28  32  93 102 102 106 115 110 110 109 104  99  99 102 103 100 100 103
 105 105 103 102 103 104 105 106 106 109 110 107 105 101 102 100 101  91
  50  36  35  36  33  32  31  30  31  31  31  31  29  27  24  23  24  24
  25  25  24  24  24  24  24  24  24  25  24  25  25  23  22  22  24  25
  25  25  25  25  25  25  25  25  23  23  23  23  23  24  24  24  25  24
  22  23  25  27  27  26  26  27  29  30  29  29  32  36  36  36  35  34
  33  31  31  30  31  32  31  31  31  32  31  29  29  29  29  30  30  29
  29  28  29  28  26  26  27  27  26  24  24  29  31  36  35  34  62 129
 146 152 157 157 158 163 165 163 167 168 170 171 172 173 174 174 175 174
 173 172 172 174 179 182 173 175 177 178 179 181 186 190 191 194 200 207
 212 216 218 219 218 219 220 218 216 216 218 221 222 224 217 210 204 200
 213  28]"
"[ 29  31 100 101 102 102 103 102 103 102 102 103 104 104 103 101 102 102
 103 103 103 102 102 102 104 104 105 107 108 108 106 103 100  99 103  87
  43  35  34  33  30  31  31  30  30  30  31  30  30  27  24  23  25  27
  27  26  25  24  24  24  24  23  23  22  20  21  22  23  24  24  24  24
  25  26  27  26  24  24  24  25  24  25  25  24  24  24  24  25  25  23
  21  22  24  26  26  25  26  25  27  29  30  30  32  35  36  35  35  35
  35  33  31  29  32  31  30  31  31  31  30  29  32  30  29  29  29  29
  28  27  28  28  26  25  26  27  25  22  27  27  29  32  35  36  42  98
 120 121 119 121 123 121 123 125 124 124 124 124 125 125 125 126 127 128
 130 132 132 131 129 128 129 129 128 126 126 127 129 131 129 129 130 130
 130 130 133 136 130 133 135 134 135 136 135 133 131 133 133 135 133 133
 131  29]"
"[ 29  31  99  99 100  99 100  99 100 100 100 101 102 102 101  99 100 100
 100 100 100 100 101 102 100 102 103 103 103 103 102 101 100  98  99  82
  42  35  32  30  30  30  30  30  29  30  29  29  29  27  25  24  25  27
  27  26  25  25  24  23  22  22  21  22  22  23  24  24  24  24  24  24
  24  26  26  25  24  24  25  25  23  24  24  24  24  23  24  24  24  22
  20  20  23  25  25  24  23  23  24  25  27  30  33  34  35  34  34  34
  34  32  31  31  31  31  31  31  32  32  30  29  31  31  30  29  29  29
  28  27  27  27  27  26  26  27  26  24  24  27  29  29  32  33  36  87
 123 127 127 129 131 128 128 128 127 127 127 128 128 127 127 128 124 125
 126 128 129 129 128 127 129 130 130 130 130 129 130 131 129 130 131 132
 130 127 126 126 126 128 129 128 128 129 128 126 126 126 126 127 126 128
 128  28]"
"[ 29  30  98  97  98  97  97  96  97  97  98  98  99 100  99  97  98  98
  98  98  97  98  99 101  99 100 102 101 100 100 101 101 101  97  95  75
  39  35  32  29  30  30  30  29  29  28  27  26  28  26  24  24  25  26
  26  25  25  25  24  22  21  21  22  22  24  24  25  24  24  23  24  24
  23  24  24  24  24  24  24  23  23  24  24  24  24  24  24  24  22  20
  17  18  21  23  24  24  24  25  23  22  25  30  32  31  33  33  33  33
  33  32  31  31  30  31  31  32  32  32  31  30  31  30  30  29  28  27
  26  25  25  26  26  26  25  25  25  24  22  26  28  27  29  31  31  76
 117 124 126 128 130 129 129 128 127 127 128 129 129 128 128 128 127 126
 126 128 130 132 131 129 128 129 131 131 130 130 130 130 130 130 130 129
 128 127 126 126 128 129 130 129 129 130 129 128 130 130 128 129 128 129
 130  30]"
"[ 29  29  96  96  96  96  96  95  95  95  96  96  97  98  98  97  97  98
  98  97  96  97  98 100  98 100 101 101 100 100 101 101 102  98  94  69
  36  35  33  32  31  31  31  30  29  28  26  25  26  25  24  24  24  24
  24  24  25  25  24  23  22  22  23  24  24  24  24  23  23  23  23  24
  23  23  23  23  23  23  23  22  23  23  24  24  24  23  22  22  21  18
  16  16  20  23  25  24  23  22  21  22  26  31  33  33  30  32  33  32
  31  30  30  30  31  31  32  32  32  32  31  30  30  30  30  29  28  26
  25  24  23  25  26  25  24  24  25  26  24  27  28  28  30  31  30  74
 115 122 123 125 127 128 129 128 125 125 126 128 128 128 127 127 127 126
 126 127 129 130 129 128 128 128 129 128 128 128 129 130 130 129 129 128
 128 128 129 129 126 127 128 128 129 130 130 129 131 131 130 131 129 129
 129  28]"
"[ 29  29  96  95  96  96  96  95  95  95  96  95  96  97  97  97  97  97
  98  98  97  97  97  98  97  98  99 100 100 101 100 100 100  99  96  65
  34  33  31  33  31  31  31  30  30  29  27  26  26  25  25  24  24  24
  24  24  24  25  25  25  23  23  23  24  22  22  22  21  21  22  23  24
  24  24  23  23  23  23  23  21  22  22  22  22  21  20  19  18  20  17
  15  15  18  21  23  23  22  20  19  23  27  29  29  30  29  31  31  29
  28  28  29  30  31  32  32  32  32  31  31  31  29  30  30  29  27  26
  25  25  25  26  27  27  25  25  27  29  29  29  29  30  32  31  31  80
 117 124 124 125 126 126 127 126 125 125 125 127 127 126 126 127 126 126
 127 128 128 128 128 127 129 129 129 128 128 128 129 130 128 129 129 128
 128 128 127 126 123 124 126 127 127 128 128 127 127 127 127 129 128 129
 128  27]"
"[ 29  29  96  95  96  95  96  94  95  96  97  96  96  96  97  98  96  97
  98  98  98  97  97  97  97  98  98  99 100 100  99  98  98 100  98  64
  35  34  30  32  31  31  30  30  30  30  29  27  26  25  24  24  24  24
  24  23  24  25  25  25  24  23  22  22  20  20  20  20  20  21  22  23
  22  22  22  22  22  22  21  20  20  20  20  20  19  18  17  16  17  14
  12  12  14  17  18  18  19  17  17  22  25  25  25  26  27  28  27  25
  24  27  30  32  32  32  31  31  31  31  30  30  30  30  29  28  27  27
  27  28  28  28  28  28  27  27  29  31  33  31  30  32  33  31  34  86
 117 123 123 124 126 124 125 124 125 125 126 126 126 125 125 125 126 127
 129 129 129 129 129 129 129 130 130 130 129 129 129 130 129 129 128 126
 126 128 128 127 126 127 128 129 129 129 129 129 129 129 128 129 128 130
 130  30]"
"[ 29  29  95  94  95  94  95  94  95  96  97  97  96  96  96  96  97  96
  96  97  97  98  98  98  98  99  99  99 100  99  98  97  97  99  97  60
  35  36  31  32  31  31  30  29  30  30  29  28  26  25  24  24  24  24
  23  23  24  25  25  25  24  23  22  22  19  19  20  19  19  20  20  21
  20  20  20  20  20  20  20  19  19  19  18  18  18  17  16  15  13  11
  10  11  12  14  15  15  13  13  15  18  21  23  24  25  22  24  24  23
  24  28  31  32  31  31  31  31  31  30  29  28  30  29  28  27  27  27
  28  29  29  29  29  29  29  28  29  31  33  32  31  32  32  32  37  92
 120 124 124 126 127 125 126 126 126 126 127 128 128 126 125 125 125 126
 127 128 128 128 128 128 129 130 130 130 129 128 128 129 130 130 127 124
 124 128 130 131 128 128 129 129 130 129 129 129 130 130 128 129 128 129
 128  28]"
"[ 29  28  94  93  94  94  95  93  94  96  98  97  96  95  95  95  98  97
  96  96  97  98  99  99  99 100 100  99  99  98  97  97  97  98  93  55
  34  37  31  32  32  31  30  29  29  30  29  27  27  26  25  24  25  25
  24  24  24  24  24  24  24  24  23  23  20  20  20  20  19  19  19  20
  18  19  19  19  19  20  20  19  17  17  16  16  16  16  15  14  11  11
  10  11  13  15  16  16  17  17  17  15  15  17  17  15  17  20  23  24
  26  29  31  31  31  30  30  30  31  30  28  26  29  28  26  25  25  27
  29  30  30  30  30  31  30  29  30  31  31  32  32  32  32  33  40  95
 124 126 124 126 127 124 125 126 126 127 128 130 130 128 127 126 127 127
 128 128 129 129 129 129 130 130 129 128 127 127 128 129 128 129 129 127
 126 128 128 128 130 129 129 129 130 129 129 130 128 128 128 130 128 129
 128  28]"
"[ 29  29  91  92  94  96  95  96  93  95  96  96  96  96  96  96  98  98
  97  96  97  98  99  99  98  99  99  98  97  96  97  97  98  99  92  52
  36  35  31  32  29  29  28  29  30  30  28  25  27  26  25  25  24  23
  23  24  22  22  22  23  23  23  23  22  20  20  19  18  18  18  19  20
  18  18  18  17  18  19  18  15  16  17  17  15  14  13  13  12  12  12
  14  15  14  16  17  15  16  16  16  16  16  15  14  13  16  16  20  25
  28  30  32  31  30  30  30  31  31  30  29  27  28  28  26  24  24  26
  29  30  30  30  30  30  30  30  31  31  31  34  33  33  34  32  59 105
 128 126 124 124 126 127 126 125 125 127 129 129 129 128 127 127 126 128
 129 129 129 129 129 129 128 127 127 128 128 129 128 128 127 129 130 129
 127 127 128 129 129 129 129 129 129 129 129 129 128 129 127 129 129 129
 128  29]"
"[ 29  29  92  94  95  97  95  96  94  95  95  95  95  95  96  97  96  96
  96  96  98 100 101 100  97  97  98  97  97  97  98  99  99  99  92  50
  35  34  29  30  29  29  29  29  28  28  26  25  26  26  27  27  26  24
  24  25  25  23  20  19  20  20  20  20  19  19  18  18  18  18  18  18
  18  18  18  17  17  17  16  14  15  15  15  14  13  13  13  12  12  12
  14  16  16  17  18  16  16  16  17  16  16  15  14  14  17  16  19  22
  24  26  29  29  29  30  31  31  32  31  31  30  30  30  28  27  26  28
  29  30  31  30  30  30  31  31  32  32  33  35  36  34  33  32  77 116
 127 126 125 125 126 127 127 127 124 126 127 128 129 129 128 128 128 129
 129 128 128 129 129 129 129 129 128 128 129 129 129 129 128 128 128 127
 126 126 127 128 129 130 130 129 129 129 129 129 128 129 128 129 128 128
 128  29]"
"[ 29  30  93  95  96  97  95  95  94  95  94  94  94  95  96  96  97  97
  96  97  98 100 100  99  96  96  96  97  97  98  99 100  99  99  91  48
  34  32  28  27  28  29  30  28  26  25  24  24  25  26  28  29  27  24
  24  25  25  22  19  18  19  20  20  20  19  19  18  19  19  19  17  16
  17  18  18  17  16  16  15  13  12  12  12  12  12  12  12  12  12  13
  15  17  17  19  20  18  17  18  19  18  18  17  17  17  19  18  19  21
  21  23  26  26  26  27  29  30  31  31  31  32  31  31  30  29  29  30
  30  30  30  30  30  30  30  31  32  32  32  33  36  34  31  39  97 121
 125 125 125 125 125 126 126 126 125 125 127 128 128 128 129 129 129 129
 128 127 127 128 129 129 129 129 129 128 128 128 129 129 129 128 126 125
 125 126 127 128 129 130 130 129 129 128 129 129 129 130 128 129 128 128
 127  29]"
"[ 29  30  93  94  95  96  93  94  95  95  95  95  95  96  96  96  97  97
  96  97  98  99  99  98  96  97  97  97  98  98  98  98  99  98  92  47
  34  32  29  27  28  29  29  27  24  24  24  25  25  26  27  27  26  24
  23  24  23  22  21  20  20  21  20  20  20  19  19  19  20  20  18  17
  17  18  18  17  16  15  15  13  11  11  11  11  12  12  12  12  13  14
  16  18  18  20  22  21  20  21  22  22  21  20  20  21  22  21  23  23
  21  22  23  23  23  24  26  29  31  32  32  32  32  32  31  31  31  32
  31  30  30  30  30  30  30  32  33  33  32  31  33  34  30  58 110 119
 125 125 125 125 124 124 125 125 127 127 127 127 127 128 128 128 128 129
 128 127 126 127 129 129 129 129 129 128 128 128 129 130 130 128 127 125
 125 126 127 128 129 129 129 129 129 129 129 128 129 130 129 130 128 127
 127  29]"
"[ 29  29  92  93  93  95  93  94  96  97  97  97  97  97  96  95  95  95
  95  96  98 100 100  99  98  98  99  99  99  98  98  97  98  98  92  47
  35  33  31  29  29  29  27  26  25  26  27  27  28  26  25  25  25  24
  23  23  24  24  23  21  19  18  18  19  20  19  19  19  20  20  19  18
  16  18  19  17  16  16  15  14  12  11  12  13  13  13  13  13  14  15
  17  18  18  21  23  23  22  23  23  24  23  23  23  23  23  23  26  26
  24  24  24  22  22  23  25  28  32  34  34  33  32  32  32  31  31  32
  31  30  31  31  31  31  32  33  34  34  33  32  31  34  31  81 117 120
 125 126 126 126 125 125 126 126 128 128 128 127 127 128 128 128 128 129
 129 128 127 128 129 129 129 129 129 129 128 128 129 130 129 129 129 127
 127 127 128 129 129 128 127 128 129 130 129 128 129 130 129 130 128 127
 127  29]"
"[ 29  29  91  92  92  95  94  96  94  96  97  97  97  97  95  94  95  96
  96  96  97  99  99  99  99  99 100 100 100  99  98  98  97  98  94  47
  36  33  32  30  29  28  27  26  27  29  29  28  29  26  24  24  24  24
  24  23  24  24  23  21  19  19  21  23  21  20  19  19  20  20  19  18
  17  19  19  18  17  16  16  14  13  12  13  14  13  12  13  15  15  16
  18  19  19  21  24  24  23  23  23  24  24  24  25  24  24  25  28  30
  29  29  29  26  23  23  24  27  30  32  32  31  32  32  32  31  31  31
  31  30  31  31  31  31  32  33  33  34  32  32  30  30  37  97 120 124
 125 126 126 126 126 126 127 128 129 128 128 127 128 128 128 128 128 129
 130 129 129 129 129 129 128 128 128 128 128 128 129 130 129 130 130 129
 128 128 129 130 129 128 127 127 129 130 129 127 129 130 128 129 128 128
 127  29]"
"[ 29  29  91  91  92  94  93  95  93  95  96  96  95  95  95  95  96  97
  97  97  97  98  98  98  98  99  99  99  99  98  99  99  97  98  95  47
  36  32  31  29  28  27  26  27  28  30  29  27  28  26  24  24  24  24
  24  24  23  24  23  22  21  22  24  25  22  21  21  21  20  19  18  18
  18  19  19  18  17  16  15  14  13  12  12  13  12  12  13  16  16  17
  20  21  21  23  25  24  25  24  24  25  26  26  26  26  26  27  30  31
  31  33  34  31  27  26  25  25  26  26  27  27  29  30  31  30  30  30
  30  30  30  30  31  31  32  32  32  32  30  31  30  28  56 108 121 125
 125 125 126 125 125 125 127 128 129 128 128 128 128 128 128 128 128 129
 130 130 129 129 129 128 127 127 127 127 128 129 129 129 129 129 130 130
 130 130 130 130 130 129 128 128 129 129 128 127 128 129 128 129 128 128
 128  29]"
"[ 29  29  91  91  91  92  91  93  93  95  96  95  95  95  96  97  95  96
  97  96  97  98 100 100  98  98  98  98  97  97  98  99  97  98  96  47
  35  30  30  28  25  25  25  26  28  29  27  25  26  25  24  24  24  24
  24  24  24  24  25  24  24  23  23  23  23  23  23  22  21  20  18  18
  18  19  19  18  17  16  15  13  14  13  13  13  12  12  14  19  16  18
  22  23  22  24  25  24  26  26  25  26  27  28  28  27  27  28  30  30
  31  34  36  33  32  32  29  27  24  23  24  25  25  27  29  29  29  30
  30  30  31  31  31  32  32  32  32  32  31  31  32  30  77 116 123 122
 126 126 126 125 125 125 126 127 129 129 128 128 128 128 128 127 128 129
 130 129 129 128 127 127 127 127 127 128 129 130 130 130 129 129 129 129
 131 131 130 130 130 130 130 129 128 128 127 127 128 129 127 129 129 129
 128  29]"
"[ 30  28  92  93  91  90  90  92  93  94  95  95  95  95  96  97  95  96
  96  96  97  99 100 101 100 101 101 100  98  99  99  99  94  98  98  51
  36  33  29  30  26  24  25  27  27  27  28  27  25  24  23  24  25  26
  25  23  24  24  23  24  25  25  24  24  23  23  22  21  20  20  19  18
  19  20  19  17  15  15  14  12  13  13  13  12  12  14  15  16  18  19
  22  23  24  24  24  24  27  27  28  29  29  29  29  29  28  29  30  30
  30  31  34  37  36  35  35  35  34  32  30  28  28  28  29  30  30  30
  30  31  31  31  31  31  32  32  31  31  30  32  31  38  96 120 122 126
 129 126 125 126 126 126 126 127 129 129 128 128 128 128 128 128 129 130
 130 130 129 128 127 127 130 129 129 129 130 130 130 130 130 129 129 129
 129 129 129 129 129 130 130 130 129 128 127 127 129 129 130 130 130 129
 130  29]"
"[ 29  28  92  93  91  91  90  92  93  94  95  96  95  95  96  97  95  95
  95  94  95  98  99 100  99 100 100  99  99  99  98  97  97  99  96  48
  33  32  30  30  28  26  26  27  26  27  28  28  26  25  25  25  26  26
  25  24  24  24  23  23  24  24  24  23  23  23  22  20  20  20  20  19
  20  20  20  18  16  16  15  13  11  12  13  13  13  15  17  18  18  20
  21  23  24  25  26  26  27  27  28  29  29  29  29  29  30  31  31  31
  30  30  32  33  35  35  35  36  37  36  33  32  30  30  30  30  30  30
  30  31  31  31  32  32  32  32  32  32  32  33  29  55 112 124 125 127
 129 127 126 128 128 127 128 129 129 129 129 129 129 129 129 128 129 129
 129 129 128 127 128 128 129 129 129 129 129 130 130 129 130 130 129 129
 129 129 129 129 129 129 130 130 129 129 128 128 128 129 130 130 130 129
 130  29]"
"[ 29  29  93  94  92  92  92  93  93  94  96  97  97  97  97  97  96  96
  95  95  96  98  99 100 101 101 100 100 100 100  98  96  98  99  96  46
  30  32  30  28  29  27  27  28  26  27  28  28  27  26  26  26  26  25
  24  24  24  24  23  23  24  24  24  24  24  23  22  20  20  20  21  21
  20  20  19  18  17  16  15  13  11  12  13  14  15  17  19  20  22  22
  23  23  24  25  25  25  27  28  28  29  29  30  29  29  31  31  32  32
  31  31  31  31  32  33  34  35  37  36  35  33  32  31  30  30  30  30
  30  30  31  31  32  32  32  31  32  32  31  31  28  74 121 123 124 124
 128 126 126 128 128 128 128 129 128 128 128 128 129 129 129 129 130 130
 129 129 128 128 129 130 130 129 129 129 129 130 129 129 130 130 130 130
 130 130 130 129 129 129 129 130 130 130 129 129 128 128 129 129 130 129
 130  29]"
"[ 30  30  93  94  93  94  93  94  93  94  95  96  96  96  97  97  97  97
  97  97  97  98  99  99 101 100 100 100 101 101  99  97  97 100  99  49
  32  33  30  25  27  26  26  28  26  26  27  26  25  25  25  25  25  24
  24  23  24  24  24  24  24  24  24  24  24  23  22  21  20  21  22  21
  20  19  19  17  16  15  14  13  12  13  14  15  16  18  20  21  24  24
  24  24  25  26  26  26  28  28  29  30  30  30  30  30  31  31  31  32
  32  31  31  30  30  30  31  32  33  34  33  32  32  32  31  30  30  31
  30  30  30  31  32  32  31  31  31  32  33  30  39  94 122 123 127 126
 127 126 126 127 127 127 128 128 128 128 128 128 129 129 129 129 131 130
 129 129 129 129 130 131 131 130 130 130 130 130 130 130 130 130 130 130
 130 130 130 129 129 129 129 129 130 130 129 129 128 128 129 129 130 129
 130  29]"
"[ 29  29  92  92  91  93  93  94  93  94  94  95  95  95  95  96  96  96
  97  97  97  98  99  98 100  98  98  99 100 101  99  98  98 101 102  53
  33  34  31  27  26  24  25  27  27  27  26  24  24  24  25  24  24  24
  24  24  24  24  24  24  23  23  22  22  23  23  23  22  21  22  22  21
  20  19  18  18  16  15  13  13  13  14  15  15  17  19  21  22  23  23
  24  26  27  28  28  28  28  29  30  30  31  31  31  31  32  31  31  31
  32  32  31  30  30  29  29  29  30  31  31  31  31  31  31  31  31  31
  30  30  30  31  32  31  31  30  31  32  34  26  56 110 122 124 128 129
 129 128 128 127 127 128 128 129 129 129 129 129 129 130 130 130 130 129
 129 129 129 129 130 130 131 131 130 130 130 130 130 130 129 130 130 130
 130 130 129 129 129 129 129 129 129 129 129 128 128 128 129 129 130 129
 130  29]"
"[ 29  28  91  91  90  93  93  93  94  94  95  95  95  95  95  95  94  95
  96  97  98  98  98  98  98  97  97  98  99 100  99  99  98 101 103  54
  32  32  32  29  27  26  27  29  29  28  27  25  24  25  25  25  25  24
  24  24  24  24  24  23  22  21  20  20  22  23  23  23  22  22  22  21
  20  19  19  18  16  14  13  13  13  15  16  16  18  20  23  24  24  25
  26  27  29  29  29  29  29  29  30  31  31  31  31  31  32  31  31  31
  31  32  31  30  30  29  28  28  29  30  31  31  30  30  30  31  31  31
  30  30  29  30  31  31  30  30  31  31  32  24  75 118 122 124 124 128
 130 130 129 128 128 128 129 130 129 129 129 129 129 130 130 130 130 129
 129 129 130 130 130 130 131 130 130 130 130 130 130 129 129 130 130 130
 130 129 129 129 130 129 129 129 129 129 128 128 129 129 129 129 130 129
 130  29]"
"[ 29  29  92  92  91  94  94  93  95  95  95  95  95  95  95  94  95  96
  97  97  97  98  98  97  97  96  97  99 100  99  99 100  99 100 102  54
  32  32  33  30  29  28  29  30  28  27  27  27  25  25  25  25  25  25
  25  24  24  24  23  22  20  20  20  20  23  23  24  23  23  22  21  20
  20  19  19  18  16  13  12  13  13  15  17  18  19  22  23  24  26  27
  28  29  29  29  29  28  29  29  30  31  31  31  31  31  32  31  30  31
  31  31  31  30  30  30  29  29  30  30  30  29  30  30  30  30  30  30
  30  31  29  30  30  30  30  31  31  31  29  39 103 124 124 127 125 128
 129 130 129 128 128 128 129 129 129 129 129 129 129 129 130 130 131 130
 130 130 131 131 131 131 130 130 129 129 130 130 130 129 130 130 129 129
 129 129 129 129 130 130 130 130 129 129 129 129 130 129 130 129 130 129
 130  28]"
"[ 29  29  93  92  91  94  94  93  94  94  94  95  95  94  93  92  96  97
  97  96  96  97  96  96  96  96  98 100 100  98  98 100 100  99 102  56
  34  33  34  31  29  29  30  29  25  24  26  27  26  25  25  25  25  25
  24  24  24  24  22  21  20  20  21  22  23  24  24  23  23  22  21  20
  19  19  19  18  15  11  11  12  13  15  18  19  21  22  23  23  26  27
  28  29  30  30  30  31  29  29  30  31  31  31  31  31  30  30  30  31
  31  31  31  30  32  31  31  31  32  31  30  28  30  30  30  30  29  29
  30  31  30  30  30  30  31  31  31  31  26  57 125 125 123 127 127 127
 129 130 130 129 129 129 130 130 130 130 130 129 129 130 130 130 131 130
 130 130 130 131 131 130 130 130 129 130 130 130 130 130 130 130 129 129
 129 129 129 130 130 130 130 130 130 130 130 130 131 130 130 130 130 129
 130  28]"
"[ 30  29  91  91  93  95  94  95  95  95  96  95  95  95  95  94  96  97
  97  98  98  97  97  96  97  97  97  99 101 101 101 100 100  98  98  58
  37  35  33  31  29  30  31  29  26  24  25  26  26  25  24  24  24  23
  24  24  24  23  21  19  19  20  22  23  23  23  23  24  24  24  23  23
  20  19  18  17  15  13  12  13  15  17  19  20  22  23  23  23  26  28
  29  30  30  30  30  30  29  30  31  31  31  32  31  30  31  29  29  31
  32  31  30  31  32  32  32  32  32  32  31  30  29  29  29  30  30  31
  31  31  30  32  31  31  30  33  29  28  26  87 124 122 125 128 127 129
 130 130 130 130 130 129 129 128 130 130 130 129 129 129 129 129 129 129
 130 130 130 130 130 130 131 130 129 129 129 130 131 131 129 130 130 131
 131 130 130 130 129 129 129 129 130 130 130 129 129 130 131 130 130 130
 130  28]"
"[ 29  29  91  91  92  94  93  94  94  95  95  95  95  96  96  96  97  97
  97  97  97  97  96  96  98  99 100 100 100 100 100 100  99  97  97  60
  37  36  33  31  30  30  29  28  27  26  25  25  24  24  25  26  26  25
  23  23  24  23  22  21  20  20  22  23  24  24  24  24  24  24  23  22
  19  18  17  16  15  13  13  14  16  18  20  21  23  24  25  24  28  29
  30  30  30  30  30  29  31  31  32  31  31  32  31  31  33  31  30  31
  31  30  29  30  31  31  32  33  33  33  32  31  29  29  29  29  30  30
  31  31  32  31  31  32  29  30  31  27  44 105 125 124 126 129 128 129
 130 130 130 130 130 129 129 129 130 130 130 130 130 130 130 130 131 131
 130 130 131 131 132 132 130 130 129 130 130 131 131 131 130 130 131 131
 131 131 130 130 130 130 130 129 130 130 130 129 130 130 131 130 130 129
 130  28]"
"[ 29  29  91  92  93  94  92  93  94  95  95  95  94  96  97  97  97  97
  97  97  97  97  97  97  98 100 101 101 101 100 100 101  98  96  96  63
  36  35  32  29  30  28  27  27  28  27  26  24  24  24  26  27  27  25
  24  23  23  23  23  22  21  21  22  24  24  24  24  24  24  23  23  22
  21  20  18  17  16  15  15  16  17  19  21  22  24  25  26  27  29  30
  30  30  30  29  29  29  31  32  32  31  31  32  32  32  33  32  31  31
  30  30  29  29  30  30  31  32  32  32  31  31  30  30  29  29  30  30
  31  31  32  29  31  33  28  28  31  29  63 118 122 125 128 129 129 129
 130 130 130 130 130 129 129 129 130 130 129 129 130 130 131 131 132 131
 130 130 130 131 132 132 130 130 130 131 132 132 132 132 131 131 132 132
 132 131 131 131 131 131 131 130 130 131 131 130 130 130 131 129 130 129
 130  29]"
"[ 30  29  91  92  93  95  93  94  95  96  96  95  94  95  96  97  96  96
  96  97  97  97  97  98  96  98 100 101 101 101 101 101  98  97  97  70
  35  34  31  28  30  28  26  26  27  27  26  25  25  25  25  25  25  24
  24  25  22  23  23  23  22  22  23  24  23  23  23  23  24  24  23  22
  23  22  19  18  16  16  16  17  18  20  22  23  24  26  27  28  29  29
  30  31  31  30  29  29  31  31  31  31  31  32  32  31  31  31  30  30
  30  30  30  30  31  30  29  30  31  31  32  31  30  30  30  30  30  30
  31  32  32  29  31  33  29  31  27  38  83 121 121 126 129 129 131 129
 130 130 130 130 130 130 130 130 130 130 130 130 130 130 131 131 132 132
 131 130 130 130 131 132 130 130 131 131 132 132 132 132 132 132 132 132
 132 132 131 131 132 132 132 131 132 132 132 131 131 130 131 129 130 129
 130  29]"
"[ 30  29  90  91  92  95  94  95  95  96  96  95  94  94  95  96  96  96
  97  97  98  98  97  97  96  97  99 100 102 102 101  99  99 100 100  79
  36  36  32  30  30  29  26  25  25  25  26  26  25  24  24  24  24  24
  24  25  22  22  22  22  24  24  24  24  24  24  24  24  24  24  24  23
  23  21  18  16  15  15  16  17  19  21  23  24  24  26  28  28  28  28
  30  32  31  30  30  30  31  31  31  30  31  31  30  29  29  29  30  30
  31  31  31  30  30  30  29  30  31  32  32  32  30  30  30  30  30  31
  31  31  31  31  31  32  30  33  22  52 110 123 127 130 130 129 132 129
 130 130 130 130 130 130 131 131 132 131 131 131 131 131 132 132 133 132
 132 131 131 131 131 131 131 131 131 131 131 131 131 132 132 132 132 132
 132 132 131 131 132 132 132 131 132 133 132 132 131 131 131 130 130 129
 130  29]"
"[ 29  28  90  90  91  94  94  95  94  95  95  94  94  95  96  96  97  97
  98  98  98  98  97  97  97  97  98 100 102 102  99  97  99 101 101  85
  37  37  33  32  31  30  28  26  24  24  24  25  23  23  24  24  24  24
  23  24  22  22  21  23  24  25  25  24  24  24  24  24  24  24  23  23
  22  19  16  15  14  15  17  18  20  22  23  24  25  26  27  28  28  28
  30  32  31  29  29  31  31  31  31  30  30  30  29  27  28  29  30  30
  30  30  30  30  28  28  29  30  32  33  31  30  30  30  30  31  31  31
  31  31  30  32  30  30  29  30  24  72 127 124 130 131 128 128 131 130
 130 130 130 130 130 131 131 131 132 132 131 131 131 131 131 132 132 132
 132 132 131 131 130 130 132 132 131 130 130 130 131 132 132 132 132 132
 132 132 131 131 132 131 131 131 131 132 132 131 131 131 132 130 130 130
 131  29]"
"[ 29  28  90  90  92  94  93  94  94  95  94  93  94  95  96  97  97  97
  98  98  98  98  99  99  98  98  98 100 102 102 101  99 100 101 100  88
  36  38  33  31  31  31  30  28  26  25  24  24  23  23  24  25  25  24
  23  23  23  22  22  23  24  25  25  24  24  23  23  23  23  23  23  23
  21  19  16  15  16  17  19  20  21  23  24  25  26  26  27  26  27  27
  29  30  29  27  28  30  31  31  30  30  30  31  30  28  28  30  31  30
  30  30  30  29  28  28  28  29  30  31  30  28  29  30  30  31  31  31
  30  30  29  30  29  29  30  25  40  97 128 125 128 131 127 130 130 131
 130 130 130 130 130 131 131 132 131 131 131 130 130 131 131 131 131 131
 131 131 131 131 131 131 132 132 131 130 130 130 131 132 132 132 132 132
 132 132 132 131 132 132 131 130 131 131 131 131 132 132 132 131 131 130
 131  29]"
"[ 30  29  91  91  92  94  93  94  95  95  94  93  93  95  96  97  97  97
  97  97  98  99 100 101  98  98  98 100 102 103 103 102 102 102 100  91
  37  39  33  30  30  31  31  30  29  27  25  24  24  23  23  24  24  24
  24  25  23  23  24  24  24  24  24  24  23  23  23  23  24  24  24  24
  20  18  16  16  17  18  19  20  22  23  24  25  26  27  27  26  25  25
  26  28  26  25  27  30  31  31  30  29  30  32  32  31  29  31  31  30
  29  30  30  30  32  30  28  27  28  29  29  28  29  29  30  31  31  31
  30  29  29  30  30  30  32  23  58 117 124 129 127 132 128 132 130 131
 131 131 130 130 130 131 132 132 131 131 131 131 131 131 132 132 131 131
 131 131 132 132 132 133 131 131 131 130 130 130 131 132 132 132 132 132
 132 132 132 132 133 133 132 131 131 132 131 131 132 132 132 132 132 130
 131  29]"
"[ 28  29  94  95  94  94  93  95  95  94  94  94  95  95  96  96  96  96
  97  97  97  98 100 102 100  99  98  99 101 103 103 103 102 102 103  91
  47  33  32  31  30  31  31  31  28  26  25  25  24  24  23  23  23  24
  24  23  24  25  25  25  24  23  24  24  22  22  23  23  24  24  23  23
  20  18  16  17  18  18  20  21  23  24  25  26  26  26  26  25  26  27
  27  27  26  26  27  28  30  29  29  30  30  29  30  30  31  31  30  29
  28  28  29  29  32  30  29  29  29  29  30  31  29  29  29  29  29  30
  30  30  30  31  31  29  32  27  89 125 126 128 130 130 130 130 131 131
 132 132 132 131 131 131 132 133 131 131 130 130 130 131 131 131 130 130
 130 131 131 131 131 131 132 131 131 131 131 131 132 132 133 133 133 132
 132 131 131 131 134 134 134 133 132 131 131 130 131 131 131 134 129 130
 132  28]"
"[ 29  29  93  94  95  95  94  95  94  94  94  95  96  96  96  96  95  95
  96  97  97  98  99 100 100 100  99 100 101 102 102 101 102 100 102 100
  57  30  30  32  31  31  31  30  28  25  24  24  24  24  24  23  23  24
  24  24  23  24  25  26  25  24  24  24  23  23  23  23  24  24  24  23
  19  17  15  16  18  20  21  23  24  24  24  24  25  26  27  27  29  29
  28  26  25  25  27  30  30  29  29  29  29  29  30  31  30  30  30  30
  29  28  29  30  31  31  31  32  32  31  31  31  30  30  30  30  31  30
  30  30  28  30  29  30  26  41 105 129 128 129 130 130 130 130 131 131
 131 132 131 130 130 131 131 131 132 131 131 130 131 131 131 131 130 130
 131 131 131 131 131 131 131 131 131 130 130 130 130 131 133 133 132 132
 132 133 133 134 135 135 135 133 132 132 132 132 133 132 132 134 130 131
 131  27]"
"[ 30  29  92  93  95  96  93  94  94  93  94  95  96  96  95  95  95  95
  96  97  98  99  99 100 100 100 100 100 101 101 100 100 101  98 100 104
  66  27  30  31  32  31  31  30  28  26  24  23  25  25  24  24  23  23
  24  24  22  24  26  26  26  25  24  24  24  23  23  23  23  24  24  24
  20  17  15  17  20  22  23  25  24  24  23  24  24  26  28  29  30  30
  29  27  26  26  28  31  30  29  29  29  29  29  29  30  29  30  31  31
  30  29  29  31  31  31  32  33  33  32  31  31  30  30  30  30  30  30
  29  29  28  30  29  31  23  65 121 130 127 129 130 130 131 132 132 132
 131 131 131 131 131 132 132 132 131 130 130 130 130 130 130 129 129 130
 131 131 131 130 131 131 131 132 132 131 131 131 132 133 131 131 131 131
 131 131 131 131 133 133 132 131 131 132 132 131 132 132 132 133 131 132
 130  29]"
"[ 29  29  91  93  94  95  92  92  94  93  94  95  96  95  94  94  96  96
  96  97  98  99 100 100 100 100  99 100 101 101 101 100 100 101 101 102
  70  29  34  31  31  31  30  29  28  27  26  24  25  25  25  24  23  23
  24  24  23  24  26  26  26  25  24  24  24  23  23  23  24  24  24  23
  23  19  17  18  21  23  24  25  24  24  24  25  25  26  28  29  29  29
  29  29  29  30  30  30  31  30  30  30  29  28  28  28  30  29  29  30
  30  29  29  30  31  30  31  31  32  31  31  31  30  30  29  29  29  29
  28  28  29  29  30  27  31  90 128 126 127 128 129 130 130 131 131 130
 130 130 130 130 131 132 132 132 131 131 131 131 131 131 131 130 130 131
 132 132 131 131 132 132 131 130 130 130 131 132 133 134 133 133 133 133
 132 131 130 130 131 131 131 132 133 134 132 130 132 132 131 131 130 130
 127  30]"
"[ 29  29  92  93  93  93  90  91  93  93  93  94  95  95  95  96  97  97
  96  96  97  99 100 101 100 100  99 100 100 101 101 101 101 104 102 101
  77  36  36  32  30  30  29  27  27  27  26  25  24  25  24  24  23  23
  23  24  24  25  25  25  25  24  23  23  24  24  24  24  25  25  24  23
  24  20  18  19  22  24  24  24  24  25  26  27  27  28  28  28  29  28
  28  29  31  31  30  29  30  30  30  30  30  28  28  28  30  28  27  28
  29  29  29  30  30  29  30  31  31  31  30  30  30  30  30  29  29  29
  29  30  29  26  29  24  51 111 129 125 129 130 131 131 131 131 131 129
 130 129 129 130 131 132 132 131 131 131 131 131 131 131 131 130 129 129
 130 130 130 131 132 132 134 132 130 129 130 132 132 131 130 131 133 135
 136 137 136 136 132 131 130 131 133 134 131 128 131 130 128 127 126 125
 123  32]"
"[ 29  29  93  94  93  93  91  92  93  92  92  93  95  96  96  97  97  97
  96  96  97  98 100 101 101 101 100 100 101 101 102 102 103 103 101 101
  87  46  32  32  30  30  29  27  27  27  26  25  24  24  24  24  23  23
  23  24  25  25  25  24  24  24  23  23  24  24  25  25  26  25  25  24
  23  20  18  20  23  24  24  24  24  26  28  29  29  29  28  28  31  29
  27  27  29  30  29  28  29  29  29  30  30  29  29  29  30  27  27  29
  30  29  29  30  29  29  29  31  32  31  29  28  30  30  29  29  29  29
  29  30  29  25  27  29  78 125 130 129 127 128 129 129 130 130 130 130
 131 131 130 130 132 133 131 129 131 131 130 130 130 130 130 129 130 131
 131 132 133 133 134 134 131 128 125 123 124 124 123 121 121 121 121 119
 117 114 111 109 114 112 110 109 111 112 110 108 110 110 109 108 109 108
 108  26]"
"[ 29  29  92  93  92  93  92  94  93  92  92  93  95  96  96  97  96  97
  98  98  98  99 100 101 101 101 101 101 101 102 102 102 102 102 101 100
  93  56  27  31  31  32  30  28  27  27  27  25  24  24  23  23  23  24
  24  24  24  24  24  24  24  24  24  24  25  24  24  24  25  25  24  24
  23  20  19  21  24  25  24  24  24  26  28  30  30  29  29  30  32  30
  28  27  27  28  29  29  29  29  29  29  29  29  29  30  30  28  28  30
  29  27  28  30  28  27  27  29  30  29  28  27  29  29  29  29  29  28
  28  27  28  27  26  43 103 127 127 128 129 130 130 130 129 130 130 131
 125 124 123 123 125 126 124 121 126 125 124 123 122 122 121 121 116 116
 116 117 118 118 117 115 115 113 111 110 110 110 109 108 106 107 107 107
 106 105 104 103 104 103 101 100 100 101 100  99 101 101 100  99 101 100
 103  29]"
"[ 29  29  91  91  92  93  92  94  94  93  93  94  95  95  95  96  96  98
 100 101 101 100 100 101 100 101 102 102 102 102 102 102 102 103 102  97
  95  64  26  29  30  31  30  27  26  27  27  25  25  24  23  23  24  24
  24  24  24  24  24  24  24  24  24  24  24  24  23  23  24  24  24  23
  24  21  21  23  25  25  24  24  25  27  28  29  29  29  30  31  31  30
  29  28  28  28  29  30  30  29  28  28  29  29  30  31  29  28  29  30
  28  24  24  27  28  26  25  25  26  26  26  26  28  28  29  29  29  28
  27  26  26  28  25  56 116 123 122 121 118 118 117 114 111 110 110 110
 113 112 111 112 113 114 112 110 110 109 107 106 105 104 104 103 105 104
 105 105 105 104 101  99 103 103 104 104 104 104 105 105 105 105 105 104
 104 103 102 102 102 103 103 102 102 101 101 101  99  99  98  96  97  94
  98  29]"
"[ 29  29  92  94  92  93  97  95  94  94  95  95  96  96  97  98  97  99
 101 101 100 100 100  99 100 101 102 103 102 101 102 103 101 101 101 102
 103  84  31  32  32  31  31  29  26  26  26  25  25  25  24  24  24  24
  24  24  24  24  24  24  24  24  24  24  23  23  23  24  24  25  24  24
  23  22  22  23  25  26  26  26  26  28  30  30  28  28  30  31  32  31
  30  30  30  29  29  30  29  27  27  29  30  29  29  30  28  28  29  30
  27  24  24  26  28  28  26  24  26  29  29  26  27  27  28  27  27  26
  25  25  27  28  31  80 106 107 105 106 102 102 101 101 101 102 103 104
 105 106 107 107 107 107 106 106 106 107 106 105 104 103 103 104 102 103
 104 104 103 103 102 101 102 103 103 101 101 102 103 103 103 102 101 100
 101 102 101 101 101 101 101 101 100  99  99 100  99  98  98  97  96  96
  96  30]"
"[ 29  29  92  94  92  93  95  94  94  94  95  95  95  96  96  96  96  98
  99  99  98  98  99  99  98  99 100 102 101 101 101 102 102 102 103 104
 104  96  41  32  32  31  30  30  28  26  25  24  25  25  24  24  24  24
  24  24  24  24  24  24  24  24  24  24  24  24  23  23  24  24  24  23
  24  23  23  24  26  26  26  26  27  29  30  30  29  29  30  30  32  31
  30  31  30  30  30  30  28  25  24  26  28  28  28  28  27  27  28  28
  27  24  24  25  27  27  25  23  25  29  30  29  26  26  26  25  24  24
  23  24  26  27  46  87 103 104 103 104 103 103 103 102 102 102 103 104
 103 104 104 105 104 104 103 102 102 102 102 102 101 100 100 101 102 102
 101 101 101 101 100  99  99 100 100  99  99 101 101 101 101 101  99  98
  98  99  99  98  98  97  98  98  98  98  99 100  98  97  97  96  96  96
  95  29]"
"[ 28  29  92  94  93  93  94  94  94  94  94  94  95  95  95  95  97  97
  98  98  97  98  99 100  98  99 100 102 101 101 101 102 102 102 102 103
 101 104  53  28  32  32  30  30  30  26  23  25  25  25  24  24  24  24
  24  24  24  24  24  24  24  24  24  24  24  24  23  23  23  24  24  24
  24  23  23  25  26  26  25  25  27  28  30  30  30  30  30  29  31  30
  30  31  31  30  30  30  28  25  23  24  27  27  26  26  26  26  26  26
  25  24  24  25  24  25  23  22  24  28  29  28  26  25  24  24  24  23
  24  24  25  32  66  94  97 100 101 103 101 101 100  99  98  98  99  99
 101 101 102 102 102 101 101 100 102 102 102 102 101 101 101 101 102 101
 100  99 100 100  99  97  97  98  99  99  99 100 101 101 101 100  99  98
  98  98  98  97  96  96  97  98  98  98  99 100  98  97  96  96  96  96
  95  28]"
"[ 28  30  92  94  94  94  95  95  95  95  95  95  95  95  95  96  95  96
  96  96  96  96  97  99 100 100 100 101 100 100 100 100 102 102 101 103
 101 105  71  35  32  33  31  30  29  26  23  25  24  24  24  24  24  24
  24  24  24  24  24  24  24  24  24  24  24  23  23  23  24  24  24  24
  24  23  24  26  27  26  25  24  25  27  29  29  29  30  30  30  30  29
  30  31  31  30  29  30  28  26  24  24  25  25  25  25  25  24  24  25
  24  24  24  24  23  24  24  23  25  26  26  24  26  25  24  24  24  24
  24  26  25  45  82  96  94  97 100 101 100 100 100  99  98  98  98  98
  99  99  99  99 100 101 101 100 102 101 101 101 100  99  99  98 100 100
 100  99 100 100  99  98  97  98  98  98  99 100 100 100 100 100 100  98
  98  98  98  98  97  97  97  98  98  98  98  99  99  98  97  96  96  97
  95  29]"
"[ 28  30  91  93  94  95  95  96  96  95  95  95  95  95  96  96  95  95
  96  97  97  97  97  98  98  97  97  97  96  95  96  97  96  97  95  97
  98  98  87  49  30  32  32  30  28  26  24  24  23  24  24  24  24  24
  23  23  24  24  24  24  24  24  24  24  24  24  23  24  24  24  24  24
  23  23  24  26  27  26  25  24  25  27  29  29  29  29  30  31  29  29
  30  31  31  30  30  30  29  27  26  25  24  24  24  24  25  24  24  24
  24  24  24  24  23  24  24  24  25  26  25  23  24  24  24  25  25  23
  24  25  29  65  92  96  96  98 101 100  99  98  98  98  98  98  98  97
  96  96  96  97  98  99 100  99 101 101 101 100 100  99  98  97  98  99
 100 100  99  99  99  99  98  98  97  97  97  98  99  99  98  99  98  98
  98  98  98  98  97  97  97  97  97  97  97  98 100  98  97  96  96  97
  96  29]"
"[ 29  30  89  90  93  94  93  94  93  93  92  92  92  92  93  93  93  92
  92  94  95  94  94  95  93  91  90  90  90  90  91  92  89  91  89  89
  91  87  90  60  31  30  31  31  27  26  25  23  23  24  24  24  24  24
  23  23  24  24  24  23  23  24  24  24  25  25  24  24  24  24  24  23
  23  23  24  26  28  27  26  25  26  28  29  29  29  29  30  30  30  30
  30  31  31  30  30  30  30  29  28  26  25  24  25  25  24  24  24  24
  24  24  24  24  25  24  23  23  24  25  26  26  24  24  25  26  25  23
  24  27  41  82  97  97  99 100 101  99  97  97  97  97  98  99  98  97
  97  96  96  96  97  98  99  98 101 101 100 101 100 100  99  98  96  99
 100 100 100 100 100 100  99  98  96  96  97  97  97  98  97  97  97  97
  98  99  99  98  96  96  97  97  97  97  97  98  99  98  97  96  96  96
  96  29]"
"[ 29  29  85  85  89  90  89  90  89  89  89  89  89  88  88  88  86  84
  84  86  88  87  87  87  88  87  86  86  86  87  88  89  88  89  89  88
  88  85  90  71  40  30  29  32  27  25  26  25  24  24  24  24  24  24
  24  24  24  24  24  23  23  24  24  24  26  26  25  24  24  24  24  23
  24  23  25  27  29  29  28  27  27  27  27  27  28  29  29  29  30  30
  30  30  30  30  30  30  29  29  28  26  26  25  25  24  24  24  25  24
  24  24  24  23  25  24  23  23  24  25  25  25  25  24  25  26  24  23
  26  31  59  93  98  97  97 101 100  99  99  98  98 100 102 103 102 100
  99  98  97  97  98  99  99  98  97  97  97  98  98  98  97  96  97  98
  99  99  99 100 100 100  99  98  97  97  97  97  97  98  97  97  97  97
  98 100  99  98  97  97  97  97  97  97  98  99  97  97  97  97  96  96
  95  29]"
"[ 29  28  83  82  86  87  85  86  87  88  88  88  88  87  86  85  86  84
  83  85  87  87  86  86  88  87  86  86  86  86  87  88  86  87  89  87
  86  88  89  79  51  32  28  32  26  23  27  27  25  24  24  23  23  24
  25  25  24  24  24  24  24  24  24  24  27  26  24  24  24  24  24  24
  24  24  25  28  30  30  29  29  26  25  24  24  27  29  29  27  29  29
  29  29  29  29  29  29  28  27  25  24  25  25  24  22  24  25  25  24
  24  24  23  23  24  24  24  24  24  23  23  22  24  23  24  25  23  23
  28  35  74  97  98  96  93 101  98 101  98  97  96  98 101 103 101  99
  99  98  97  97  98  99  99  99  97  97  97  98  99  98  97  96  96  97
  97  97  98  98  99  98  99  97  96  97  98  97  97  97  97  97  97  97
  98  99  99  98  97  97  97  97  97  97  97  98  96  97  97  98  97  97
  95  29]"
"[ 28  30  82  83  83  86  85  83  83  86  88  89  87  85  83  83  81  81
  83  85  85  84  83  84  86  86  86  86  86  86  85  85  84  85  87  87
  88  88  89  89  67  40  29  30  29  28  25  26  25  25  24  23  24  24
  23  23  23  24  24  24  24  24  24  25  25  25  25  24  24  24  24  24
  24  23  24  27  29  30  30  30  26  25  24  24  26  28  29  30  29  29
  29  29  29  29  29  29  26  25  24  24  24  24  24  24  25  25  24  23
  24  24  24  24  23  23  23  24  24  24  24  24  25  22  25  26  22  25
  23  55  93  96  98  97  96  97  98  98  98  97  97  98 101 102 101 100
  98  98  98  97  96  96  98  99  98  98  97  97  98  98  98  97  96  97
  97  97  97  97  96  96  98  98  98  98  97  97  96  96  97  97  97  97
  98  98  98  98  97  96  96  96  97  97  97  97  96  97  97  97  96  96
  95  28]"
"[29 30 82 83 83 85 84 83 81 83 84 85 84 83 82 82 82 82 84 85 84 83 82 83
 86 85 85 85 85 85 85 85 84 85 87 87 88 88 87 87 73 43 30 33 28 27 26 25
 25 24 24 23 24 24 24 23 24 24 24 24 24 24 24 25 25 25 25 25 24 24 24 25
 24 24 25 28 30 30 29 29 27 26 25 25 26 26 27 27 27 27 27 27 27 27 27 27
 26 26 26 25 24 24 24 25 25 25 24 24 24 24 24 23 23 23 23 23 23 23 23 24
 24 24 23 25 25 24 38 75 95 97 98 98 97 97 98 98 97 97 97 98 99 99 99 98
 97 97 97 97 96 97 98 99 99 99 98 98 97 97 97 97 96 97 97 97 97 97 97 97
 97 97 97 97 96 96 96 96 97 97 97 97 97 97 98 98 98 97 96 96 96 97 97 96
 96 97 97 96 96 96 95 29]"
"[29 30 81 82 82 84 83 83 81 81 82 82 82 82 81 81 82 83 84 85 84 83 83 84
 84 84 84 85 85 85 86 86 84 86 87 87 87 87 86 85 81 53 32 34 28 27 27 26
 25 25 24 24 24 24 24 24 24 24 24 24 24 24 24 25 24 24 24 24 24 24 24 24
 24 24 25 28 30 30 29 28 29 28 28 27 27 27 27 27 26 26 26 26 27 27 26 25
 25 26 27 26 24 23 24 25 24 24 24 25 25 24 23 22 23 23 22 23 23 23 23 24
 23 26 22 24 25 25 55 90 96 96 97 97 97 98 97 97 96 97 98 98 97 97 97 97
 96 96 97 97 97 97 98 98 98 99 99 98 97 96 97 97 96 97 97 97 97 97 97 97
 97 97 97 96 96 97 97 97 96 96 96 96 96 97 97 97 98 97 96 96 96 97 96 96
 96 96 97 96 96 97 96 29]"
"[29 29 81 81 81 82 82 82 83 83 82 83 83 83 82 81 81 82 83 84 85 84 84 84
 83 83 85 86 87 87 88 88 85 86 86 87 87 88 86 84 87 67 36 31 29 29 27 27
 27 26 26 25 25 25 24 24 24 24 24 24 24 24 24 25 23 23 23 24 24 24 24 24
 23 24 25 27 29 29 29 28 29 29 29 29 29 29 29 29 27 26 26 26 26 26 25 24
 24 25 25 25 24 23 24 24 24 24 24 24 24 24 23 22 23 22 22 22 22 22 23 24
 22 26 24 24 24 39 73 95 95 95 95 96 98 99 98 97 97 97 98 97 96 96 96 97
 97 97 97 97 97 97 97 97 97 98 98 98 98 97 98 98 97 97 97 97 97 97 97 97
 98 98 97 97 97 97 97 97 97 96 96 96 96 97 97 97 97 96 96 96 97 97 97 97
 96 96 96 96 96 97 96 29]"
"[29 29 80 81 80 81 81 82 83 83 82 82 83 83 82 81 81 81 81 82 84 85 84 83
 82 83 85 87 88 88 88 88 86 86 86 86 87 88 87 85 88 80 43 26 30 31 26 28
 27 26 26 26 25 24 24 24 24 24 24 24 24 24 24 24 24 24 24 24 24 24 24 25
 23 24 25 26 28 29 30 30 28 29 29 29 29 29 28 28 26 26 25 25 25 24 24 23
 24 24 23 23 23 24 24 24 24 23 23 23 24 24 24 23 23 22 22 22 22 22 22 23
 23 24 24 24 26 63 91 98 96 95 95 97 99 99 99 98 98 97 97 97 96 96 97 97
 97 97 97 97 98 98 97 97 97 97 97 97 98 98 98 98 97 97 97 97 97 97 96 96
 98 98 98 98 97 97 97 97 97 97 97 97 97 97 97 98 97 96 96 96 97 97 97 97
 96 96 96 96 96 97 96 29]"
"[29 29 80 81 80 81 81 82 81 81 81 81 81 81 80 80 81 81 80 81 82 83 82 80
 82 83 85 87 87 87 87 86 87 87 87 87 88 89 88 86 87 87 54 25 30 32 26 27
 25 25 25 25 24 24 24 24 24 24 24 25 25 25 25 24 23 24 24 24 24 24 24 24
 23 24 25 25 27 29 30 30 29 30 30 30 29 27 27 26 27 26 26 25 24 23 23 23
 25 23 22 22 24 25 25 24 23 23 22 22 23 24 24 24 23 22 22 22 22 22 22 22
 24 21 22 23 33 80 97 96 96 96 95 97 98 98 97 97 98 97 97 97 97 97 97 97
 97 97 96 97 98 98 98 98 98 97 96 97 98 98 98 97 97 97 97 97 97 97 96 96
 97 97 97 98 97 97 97 96 97 97 97 97 97 97 97 97 97 97 96 97 97 97 97 96
 97 96 96 96 97 97 96 29]"
"[29 28 80 82 81 81 81 83 81 81 81 81 81 81 80 80 81 82 81 81 81 82 81 80
 82 83 84 85 86 86 86 86 87 88 88 88 89 89 88 87 86 89 67 31 30 31 27 26
 24 25 25 25 24 24 24 24 24 24 25 26 27 26 25 24 23 23 24 24 24 24 23 23
 23 24 25 25 26 28 30 30 30 31 31 30 29 27 26 26 27 27 27 26 25 24 23 24
 24 23 23 23 23 24 24 24 23 23 22 22 23 23 24 24 22 22 22 23 23 23 23 23
 24 22 22 31 55 89 95 94 97 96 96 97 97 96 96 96 97 97 97 98 97 97 97 97
 97 97 97 97 97 98 98 98 97 97 97 97 97 97 97 97 97 97 97 97 97 97 97 97
 97 97 97 97 98 98 98 98 97 97 96 96 96 96 96 97 97 97 97 97 97 97 97 97
 97 97 96 96 97 97 96 29]"
"[ 29  28  80  82  81  81  82  84  84  84  83  82  81  81  81  80  81  83
  83  82  81  81  81  81  82  82  83  84  85  85  86  86  87  88  89  89
  89  89  88  86  86  88  76  37  31  30  29  25  25  26  26  25  25  24
  24  24  24  25  26  27  28  27  26  24  24  24  24  24  24  24  24  24
  23  25  25  24  25  28  29  29  29  30  30  30  28  27  27  27  26  27
  28  27  25  23  23  24  23  23  23  23  23  23  23  23  24  23  22  22
  23  23  23  23  21  21  22  23  24  24  24  25  23  24  27  45  80  97
  94  97  97  96  97  98  97  96  96  97  96  97  98  99  98  97  96  96
  98  98  97  97  97  97  97  98  96  97  98  97  97  96  97  98  97  97
  97  97  97  98  98  98  98  98  98  98  98  99  99 100  98  98  97  97
  97  97  97  98  96  96  96  97  98  98  98  98  98  97  96  96  97  97
  96  29]"
"[ 29  29  81  82  81  82  82  82  84  83  82  81  81  81  82  82  82  82
  83  83  83  82  81  81  82  82  82  84  86  87  87  87  88  88  88  88
  88  88  87  87  86  86  81  45  29  32  24  28  25  26  26  25  24  24
  24  25  26  24  23  24  25  26  25  25  26  23  23  25  26  24  23  22
  26  28  28  27  26  25  26  27  30  31  31  29  26  25  27  29  28  28
  27  25  24  23  22  22  23  24  24  23  22  22  23  24  23  22  22  23
  23  23  23  24  22  22  23  23  24  24  24  24  24  22  32  65  87  96
  94  98  96  97  97  97  97  97  97  97  97  97  98  99  99  97  97  97
  97  97  98  97  97  96  97  97  97  97  97  96  96  96  97  97  97  97
  97  97  97  97  97  97  98  98  97  96  97  98  98  98  99 100  99  98
  97  96  97  98  97  96  97  98  98  98  98  98  97  99  97  97  97  96
  97  28]"
"[ 28  29  80  81  80  81  81  82  83  83  82  82  81  81  82  82  82  83
  84  84  84  83  83  83  81  81  83  86  88  87  87  86  87  88  88  88
  88  88  87  87  86  87  87  55  32  30  25  27  25  25  25  24  24  24
  25  25  26  25  24  24  25  25  25  25  28  25  24  25  26  25  25  26
  28  29  30  28  25  24  25  25  28  30  30  29  26  25  26  28  27  26
  26  25  24  23  23  23  23  24  24  23  21  21  22  22  23  23  23  23
  23  23  23  24  23  23  23  24  23  24  24  24  24  22  44  76  90  95
  96  97  97  97  97  97  97  97  97  97  98  98  98  99  98  98  97  98
  97  97  98  98  97  97  98  98  98  98  99  98  97  97  97  98  96  97
  97  97  97  98  99  98  99  98  97  97  98  99 100 100 100 100 100  99
  98  98  98  99  96  96  97  98  98  98  98  98  98  99  97  96  96  96
  97  29]"
"[ 29  29  81  81  80  81  81  81  82  82  82  82  82  82  82  82  82  82
  83  84  83  83  83  83  81  82  84  86  87  87  87  87  87  87  88  88
  88  87  87  87  88  86  86  61  29  27  26  26  27  27  26  26  26  26
  26  26  26  25  25  24  24  25  25  25  26  25  25  25  25  24  25  26
  28  29  29  27  25  24  24  24  26  27  27  27  26  25  25  26  25  24
  24  24  24  24  24  24  24  24  24  23  22  21  21  22  22  22  23  23
  22  22  22  23  24  24  24  24  23  23  24  24  24  26  61  89  95  96
  98  98  98  98  97  97  96  96  96  97  97  97  98  98  97  96  96  97
  97  97  97  97  97  97  98  98  98  98  98  98  98  97  97  97  97  97
  98  97  98  99  99  99  99  98  97  97  98  99  99  99  99  99  98  98
  97  97  98  99  97  97  98  98  98  97  98  99  99 100  97  97  96  96
  97  29]"
"[ 29  29  81  81  80  80  80  81  81  81  82  83  83  82  82  81  81  82
  82  83  83  82  82  82  83  83  83  84  85  85  86  87  87  87  87  87
  87  87  87  87  90  86  82  68  29  27  27  25  30  29  27  26  26  26
  26  25  25  25  25  25  25  24  25  25  25  24  25  27  27  26  25  25
  27  28  28  27  26  25  26  26  25  25  25  25  26  26  26  26  25  24
  24  24  25  25  25  25  24  24  24  24  23  22  22  23  22  23  23  23
  22  21  22  23  24  24  24  24  23  23  24  25  23  37  77  96  97  96
  98  99  99  98  97  97  96  96  97  97  97  97  97  97  97  96  96  97
  97  97  97  97  96  96  97  97  97  97  98  98  98  98  98  99  99  99
  98  97  98  99  99  99 100  99  98  98  99  99  99  98  98  98  97  97
  97  97  97  97  97  98  98  98  97  96  97  98 100 101  98  98  97  97
  97  28]"
"[ 29  29  80  80  79  80  79  80  80  81  82  83  83  82  82  81  81  81
  82  83  83  83  83  84  84  83  83  84  84  84  85  86  86  86  87  87
  87  87  87  87  89  88  84  81  37  29  28  26  31  28  26  24  24  24
  24  24  25  25  26  26  26  25  25  25  25  25  25  27  29  30  29  28
  28  29  30  29  28  28  29  29  27  25  24  25  27  29  28  27  26  26
  25  26  27  27  27  26  24  24  24  24  24  23  24  24  23  24  24  24
  23  22  23  24  24  24  24  23  23  23  24  25  24  53  88  95  98  96
  96  98  99  99  98  97  97  97  97  98  98  98  99  99  99  98  97  98
  98  98  98  97  97  97  98  98  99  99  99  99  99 100 100 101 101 100
  99  97  97  98  99 100 100 100  99 100 100 100 100  99  98  98  98  98
  98  97  96  96  96  97  98  98  97  97  97  99 100 101  99  99  99  98
  98  28]"
"[ 29  29  80  80  79  80  79  79  80  80  81  82  82  82  81  81  80  81
  82  83  83  84  84  85  83  83  83  84  85  84  83  83  85  86  86  87
  87  87  87  87  88  90  87  88  46  28  29  29  29  26  24  23  23  24
  24  24  25  26  27  27  26  26  26  26  25  24  23  25  28  30  31  30
  30  31  31  30  29  29  29  29  29  27  25  25  27  29  29  28  28  26
  25  26  27  28  27  25  24  25  25  25  24  24  24  24  24  24  24  24
  23  23  23  24  23  23  23  23  23  24  24  24  31  70  95  95  98  97
  96  97  98  97  97  97  97  97  98  98 100  99 100 101 101 100  99  99
  98  98  98  97  97  98  99 100 102 101 100 100 100 101 101 101 101 101
  99  98  98  99 100 101 100 100 100 101 101 101 100 100  99  99 100  99
  99  98  97  97  97  97  99 100 100 100 100 101 100 102 100 100 100 100
  99  29]"
"[ 30  29  80  80  80  81  80  79  80  80  81  81  81  81  81  81  81  82
  83  83  83  83  84  84  83  82  83  84  85  84  84  84  85  85  86  86
  87  87  87  88  88  89  87  87  58  29  32  30  27  25  24  23  24  24
  25  24  26  26  26  27  26  27  27  27  27  26  25  25  27  29  31  31
  31  31  31  30  29  30  30  30  29  29  28  27  27  27  28  28  28  27
  26  26  28  28  27  25  27  27  27  26  26  25  24  23  24  23  23  24
  23  23  23  24  24  23  23  23  24  24  23  23  40  80  96  97  97  98
  99  97  97  97  97  97  98  98  99  99 101 100 100 100 101 100 100  99
  99  99  99  98  98  99 100 101 102 101 101 101 102 102 102 102 102 101
 101 100 100 101 101 102 100 100 101 102 102 101 101 100 100 100 100 100
  99  98  99  99  98  98 100 102 102 102 102 102 101 102 100 100 101 100
  99  30]"
"[ 30  28  79  80  80  81  79  78  80  80  80  80  81  81  81  82  83  84
  84  84  83  83  83  83  85  83  82  82  84  85  85  86  84  85  85  86
  87  87  88  88  88  87  87  88  72  34  35  26  25  25  24  24  25  25
  25  24  27  26  26  26  26  27  28  29  29  30  30  29  30  31  31  31
  30  31  31  31  31  32  32  32  30  31  31  29  27  26  28  29  30  28
  27  28  30  30  28  26  30  30  29  28  27  26  24  23  25  24  24  24
  24  24  24  24  24  23  22  23  24  24  23  22  44  82  93  98  96  98
 101  96  98  98  99  99 100 100 101 101 102 101  99 100 101 101 100 100
 101 101 101 100 100 100 101 102 102 101 101 102 103 103 103 102 102 102
 102 101 101 102 102 101 101 102 103 103 102 101 101 101 101 101 101 100
  99  99 100 102  98  99 100 102 102 102 101 100 101 102  99 100 100 100
 100  30]"
"[ 29  28  79  80  80  81  79  78  78  79  80  80  80  81  82  83  86  86
  84  83  82  83  83  83  83  83  84  85  86  85  85  86  86  85  85  86
  87  87  88  89  87  86  86  84  83  43  30  30  27  25  23  23  24  24
  24  25  26  26  27  28  27  27  29  31  31  31  29  28  29  30  31  31
  30  31  31  31  31  31  31  31  31  30  30  30  28  26  25  26  28  28
  27  27  28  28  29  29  30  28  28  28  29  30  28  26  27  25  24  24
  24  24  24  24  24  24  25  24  24  25  23  18  46  79  90  98  99 100
  99  99 100 100 100 101 101 101 101 101 101 101 101 101 102 102 102 101
 101 101 101 101 101 102 103 103 100 101 102 103 103 103 102 102 102 102
 102 101 102 103 102 102 101 103 104 104 102 101 101 102 103 102 101 101
 101 101 101 102 102 101 101 102 103 104 104 104 101 101 100 101 101 102
 101  29]"
"[ 29  28  79  80  80  81  80  79  77  78  79  80  80  82  84  85  85  85
  84  82  82  82  83  83  85  86  87  88  88  87  86  86  87  85  84  84
  85  86  87  89  89  88  90  86  88  54  31  33  31  29  26  24  24  24
  24  24  26  26  27  27  28  28  28  29  29  29  27  27  27  29  30  30
  32  31  31  31  32  33  32  32  32  31  31  31  29  27  27  28  30  30
  29  29  29  29  29  29  27  26  26  28  30  30  29  28  28  26  24  24
  24  24  23  23  24  23  24  24  23  24  23  19  54  88  94  98 101 101
 100 100 100 100 100 100 101 101 101 101 102 102 102 103 103 103 102 101
 101 101 101 102 102 103 103 103 103 102 102 102 102 103 104 104 103 104
 103 102 102 103 103 102 102 103 104 103 102 101 102 103 102 101 101 101
 101 101 102 102 102 101 101 102 103 104 104 104 101 102 100 101 101 102
 102  29]"
"[ 29  29  80  80  80  81  80  80  79  79  80  80  80  81  82  83  84  84
  84  83  82  83  83  84  84  86  87  86  86  87  87  86  87  85  84  84
  84  85  86  87  89  89  93  87  92  69  35  34  30  28  25  24  24  24
  25  25  26  25  26  27  28  28  28  28  29  28  26  26  27  29  29  29
  32  31  31  32  33  34  33  32  33  32  32  31  30  29  29  29  31  30
  30  30  29  29  28  28  25  25  26  27  29  30  29  28  28  26  24  24
  24  23  23  24  24  23  24  24  23  24  23  20  50  89  94  96 102 102
 101 101 102 101 101 101 101 101 101 102 102 103 104 104 104 103 102 100
 102 102 103 103 103 103 103 103 104 104 103 103 103 103 104 105 104 105
 104 103 103 103 103 103 104 104 104 104 103 103 104 104 102 102 102 102
 103 102 102 101 102 101 101 102 103 104 104 104 102 102 101 102 102 102
 102  30]"
"[ 29  29  80  81  79  80  81  81  81  81  81  81  80  80  80  81  83  84
  84  83  82  83  84  84  83  85  85  83  82  85  87  87  86  85  85  86
  86  86  86  86  87  88  91  87  91  81  46  32  28  26  24  23  24  24
  25  26  24  24  25  27  28  28  28  28  30  29  27  26  27  29  28  27
  29  29  30  31  33  33  33  33  33  32  32  31  30  30  30  30  30  30
  30  30  30  29  28  28  27  27  27  28  28  28  27  26  27  25  24  23
  24  24  24  24  24  23  24  23  22  22  23  21  38  82  92  94 103 101
 101 101 102 102 102 102 102 102 101 101 101 102 103 104 104 104 103 102
 103 103 103 104 104 104 103 103 104 104 104 104 104 104 104 104 104 105
 105 104 104 103 103 103 105 105 105 105 105 105 105 105 103 103 103 103
 103 103 102 100 101 101 101 102 103 103 103 103 102 103 102 103 102 102
 102  30]"
"[ 29  29  80  81  79  80  81  82  81  81  81  81  81  81  82  82  82  83
  83  82  82  82  83  83  83  85  85  83  82  85  87  87  87  86  87  88
  88  87  87  87  88  89  90  89  89  87  62  32  30  28  25  25  24  24
  24  24  24  24  26  27  27  26  26  27  30  29  28  27  27  28  26  24
  27  28  30  31  32  32  33  34  33  33  32  31  30  31  31  31  29  30
  31  30  29  28  27  27  28  27  27  27  27  26  25  24  26  25  24  24
  24  24  24  25  24  23  24  23  21  21  22  21  33  75  93  96 102 100
 100 101 102 102 103 103 103 103 103 102 102 102 103 104 104 104 104 104
 104 104 104 104 104 104 105 105 104 105 105 105 104 104 104 104 103 105
 106 106 105 105 104 104 105 105 105 105 105 105 104 104 103 103 103 103
 103 103 103 101 100 100 101 102 103 103 102 102 102 102 102 103 102 102
 101  29]"
"[ 29  29  81  81  79  81  81  82  81  81  81  81  81  81  82  82  82  82
  82  82  82  83  83  83  82  85  86  86  85  86  87  87  89  87  87  88
  88  88  88  89  90  90  89  91  87  89  76  40  30  28  26  25  25  24
  23  23  24  25  26  26  25  24  24  26  29  29  28  27  27  27  26  24
  26  28  30  31  31  31  33  34  33  33  32  31  31  31  31  30  29  30
  30  30  28  27  26  25  26  27  27  26  26  25  25  24  25  24  24  24
  24  23  23  24  25  24  24  24  22  22  23  22  31  64  92  96 100 101
 101 103 101 102 103 104 105 105 104 104 104 104 104 104 104 104 104 105
 104 104 104 104 105 106 106 107 106 106 105 104 104 104 105 105 105 106
 107 107 107 107 106 106 105 105 105 105 105 105 104 104 102 103 103 101
 101 102 103 102 100 100 101 102 103 103 102 102 102 102 102 103 103 103
 102  29]"
"[ 29  29  80  81  80  81  81  81  82  82  81  81  80  80  80  80  82  82
  82  81  82  83  83  82  82  84  86  87  87  86  86  87  88  87  87  88
  88  89  89  89  89  90  89  90  89  89  84  55  29  27  25  24  24  24
  24  24  24  24  25  25  25  24  24  25  28  27  26  26  26  27  27  26
  26  28  29  30  31  31  31  32  31  32  32  31  31  31  30  28  27  28
  29  28  26  25  24  24  25  26  26  25  24  24  24  25  24  24  24  25
  24  24  23  24  26  24  24  25  24  24  24  23  27  48  84  93  98 102
 103 104 103 103 104 105 106 105 105 105 105 105 105 105 104 104 104 105
 105 105 106 106 106 107 107 107 107 107 107 106 106 106 106 106 107 107
 107 107 107 108 108 107 106 106 106 105 105 105 104 104 103 104 102  99
  98 100 102 102 101 101 102 102 103 103 103 103 103 103 102 103 104 104
 102  28]"
"[ 29  29  80  81  80  81  80  81  81  81  80  80  80  81  81  81  82  81
  81  81  82  83  82  81  82  83  85  87  87  86  87  90  86  86  87  89
  90  89  88  88  89  89  90  90  91  90  87  70  31  28  25  24  24  24
  24  24  24  23  23  24  25  25  25  25  25  25  24  23  24  26  26  26
  27  27  28  29  30  30  30  29  29  30  31  31  31  30  28  25  25  26
  27  26  25  23  23  23  26  26  25  24  23  23  23  24  23  23  24  25
  25  24  24  24  24  22  23  24  24  24  24  23  23  37  77  90  96 103
 103 101 104 105 105 105 105 105 105 105 105 105 105 105 104 104 104 105
 107 107 107 107 107 107 106 106 107 107 108 109 108 108 107 106 108 108
 107 107 107 108 108 107 105 105 105 104 104 103 104 104 104 105 103  98
  96  98 100 101 102 102 102 102 102 103 103 104 103 103 102 104 105 105
 103  29]"
"[ 29  29  82  82  80  80  80  81  80  81  81  81  80  80  81  84  83  82
  82  82  83  84  83  82  84  84  86  87  89  89  88  87  88  88  87  88
  88  88  88  90  90  90  90  91  91  89  86  84  40  27  25  24  23  25
  24  23  24  24  24  24  24  25  25  25  24  24  24  24  25  27  29  29
  30  30  30  30  29  29  29  29  28  30  31  31  31  31  29  25  23  25
  27  27  26  26  26  25  25  25  25  25  24  24  23  23  24  23  22  22
  23  23  24  24  24  24  24  24  25  24  23  22  24  35  65  89  97 101
 102 104 105 106 106 105 104 104 105 105 106 106 107 107 107 106 107 108
 108 108 107 106 106 106 107 108 108 108 109 109 109 108 107 107 108 108
 108 108 107 107 107 107 107 106 105 105 105 105 104 104 104 103 102  99
  98  98  99 101 103 102 102 104 105 104 104 104 105 104 104 105 104 105
 103  29]"
"[ 29  29  81  82  80  81  80  81  81  81  81  81  81  80  82  84  85  84
  84  85  85  85  84  83  85  85  86  87  88  89  89  88  88  88  89  89
  89  88  89  91  90  91  91  92  93  92  90  89  66  33  22  25  23  24
  25  24  24  24  24  24  24  24  24  24  24  24  24  25  26  28  30  30
  30  30  30  30  30  30  30  30  29  30  30  30  30  30  28  25  25  26
  27  26  25  26  26  25  25  25  25  25  25  24  24  23  24  24  23  23
  23  24  24  24  24  23  23  23  23  23  22  21  21  20  49  84  99  99
 103 105 104 106 106 105 105 105 106 106 105 105 106 107 107 106 107 108
 108 108 107 106 106 106 107 107 108 108 108 108 108 108 108 108 108 108
 108 108 107 107 108 108 108 107 107 107 107 107 106 106 105 104 103 101
 100 100 101 102 103 103 103 105 106 105 105 106 104 103 103 105 104 104
 103  28]"
"[ 29  29  80  81  80  81  80  81  81  81  81  82  81  81  82  84  86  86
  86  86  86  86  85  85  86  86  86  87  88  89  89  89  87  88  89  89
  88  88  89  90  91  91  91  92  94  94  94  93  88  51  28  24  23  24
  25  24  24  24  24  24  24  24  24  24  25  25  25  26  28  30  31  31
  30  31  31  31  30  30  31  31  31  31  31  30  30  30  29  27  26  27
  26  25  24  25  25  25  24  25  25  25  25  24  24  24  24  24  23  23
  24  24  24  24  24  24  23  23  23  23  22  21  22  17  41  74  95  98
 106 104 104 106 107 107 106 107 107 107 106 106 107 107 107 107 107 107
 108 108 108 108 107 107 107 108 109 109 109 108 108 108 109 109 108 108
 108 108 108 109 109 109 109 109 109 109 109 108 107 107 105 105 104 102
 102 101 102 102 104 103 104 105 105 105 105 105 105 104 104 105 104 105
 104  29]"
"[ 29  29  80  81  80  81  81  80  81  81  82  83  83  82  83  83  84  85
  86  86  87  87  87  87  87  87  87  87  88  89  90  90  89  89  89  89
  88  89  89  89  91  91  91  92  93  94  94  94  93  77  47  26  25  26
  23  24  24  24  24  24  24  24  24  24  24  24  25  26  28  30  31  31
  30  31  31  31  30  30  31  31  32  32  31  31  31  30  30  29  27  27
  26  25  24  24  24  24  24  24  24  24  24  24  24  24  24  24  23  23
  24  24  24  24  24  23  23  23  23  22  22  21  25  23  37  61  87  95
 105 105 104 106 108 108 107 107 107 107 108 108 108 109 108 107 107 107
 108 108 109 109 109 109 109 109 109 109 110 110 110 110 110 109 110 109
 109 109 110 111 111 110 110 110 110 110 109 108 107 107 105 104 103 103
 103 103 103 104 105 105 105 105 105 104 104 105 105 105 105 105 104 105
 104  29]"
"[ 29  29  80  81  80  82  81  81  81  82  83  84  84  83  83  84  83  84
  85  86  87  87  88  88  87  87  87  88  89  90  90  89  92  91  90  89
  89  91  91  90  91  91  91  91  92  94  94  95  91  94  71  40  27  24
  23  24  24  24  24  24  24  24  24  24  22  23  24  25  27  29  30  30
  29  30  30  30  29  29  30  30  31  30  30  30  30  30  30  30  27  26
  25  25  24  24  24  24  24  24  24  24  24  24  24  24  24  24  23  24
  24  24  24  24  22  22  23  22  22  21  20  20  24  23  27  47  79  92
 100 107 104 106 108 108 108 108 107 107 109 109 109 110 109 108 108 108
 108 109 110 110 110 109 109 109 109 109 110 111 111 111 110 109 112 111
 111 111 111 112 111 111 110 110 110 110 109 108 107 107 106 106 104 104
 103 104 105 105 106 106 106 106 105 105 106 106 105 105 105 105 104 105
 104  28]"
"[ 29  29  80  81  81  82  81  81  81  81  82  83  83  83  83  84  85  85
  86  86  87  88  89  89  88  88  88  89  90  90  89  89  92  92  90  89
  90  92  93  92  91  91  91  91  92  93  94  95  93  96  87  63  34  22
  24  24  24  24  24  24  24  24  24  24  23  23  24  25  27  30  31  30
  29  29  29  29  29  29  29  29  30  29  29  30  30  30  29  30  27  26
  25  25  24  24  23  24  24  24  24  24  24  24  24  24  24  24  24  24
  24  24  24  24  22  22  23  23  22  21  20  20  20  23  23  33  66  95
 100 103 105 107 109 109 108 108 108 108 109 108 109 110 110 110 109 109
 109 110 110 110 110 109 109 109 109 110 111 112 112 111 110 109 111 111
 110 110 110 111 110 110 109 109 109 109 109 108 108 108 108 107 106 104
 103 103 104 105 105 105 106 105 105 106 107 107 106 106 106 105 104 106
 105  29]"
"[ 30  29  80  81  81  82  82  82  81  82  82  82  82  82  83  85  88  87
  86  87  88  89  89  90  89  89  89  90  90  90  90  89  91  92  92  90
  90  92  93  93  92  92  92  93  94  94  94  95  95  94  92  83  53  27
  23  23  24  24  24  24  24  24  24  24  24  24  25  26  27  30  31  31
  29  29  28  28  28  29  29  28  29  28  29  30  30  29  28  29  27  25
  24  24  24  24  23  24  24  24  24  24  24  23  23  23  24  23  23  23
  24  24  23  23  21  22  24  24  23  21  20  19  19  23  25  26  50  95
 102 100 105 107 109 109 109 109 109 109 109 109 109 111 111 111 110 109
 109 110 111 111 110 110 110 110 110 111 112 112 112 112 111 110 110 110
 111 110 110 110 111 111 109 110 110 110 109 109 109 109 108 107 107 105
 104 103 104 104 104 105 105 104 105 107 107 107 107 107 107 106 105 107
 106  30]"
"[ 30  29  81  82  81  82  82  83  83  83  83  83  82  82  85  88  89  87
  86  86  88  89  90  90  90  90  89  90  90  90  90  89  91  94  95  92
  91  92  93  93  94  94  95  96  96  96  96  96  96  96  93  93  73  37
  22  25  22  22  22  22  22  23  23  23  24  24  24  25  27  29  30  30
  30  28  27  27  28  29  28  28  27  27  28  30  29  28  27  27  27  25
  23  24  24  24  24  25  24  24  24  24  24  23  23  23  23  22  22  23
  23  23  22  22  21  22  23  23  22  21  19  18  20  18  23  25  39  88
 101 104 105 108 109 110 110 110 111 111 110 110 110 112 112 111 110 110
 109 110 111 111 111 112 112 112 111 112 113 113 113 113 112 111 112 112
 112 112 112 112 113 113 111 111 111 110 110 109 109 110 108 108 108 107
 105 104 105 105 105 105 105 104 105 107 108 107 106 107 106 106 104 107
 106  29]"
"[ 31  27  82  80  80  81  83  82  82  83  84  83  82  83  86  88  89  89
  89  88  88  88  88  89  89  89  89  89  90  90  91  91  92  94  95  94
  93  92  93  94  94  95  95  96  97  97  97  97  97  94  96  93  88  63
  28  25  25  23  21  19  19  19  18  23  23  23  24  24  25  26  29  31
  30  30  29  28  27  27  27  27  27  27  26  26  26  26  25  25  25  24
  23  23  23  23  24  24  24  24  24  23  23  23  23  23  22  21  21  22
  21  20  20  22  22  24  24  22  20  18  17  18  18  19  22  24  31  75
  94 100 104 107 109 110 110 110 111 111 110 110 111 112 112 111 110 109
 110 110 111 112 113 113 113 112 112 113 113 113 112 112 113 115 114 114
 114 113 113 112 112 112 111 111 111 111 110 110 109 108 107 108 109 107
 105 104 105 106 106 108 109 107 106 107 108 109 108 107 106 105 104 102
 108  30]"
"[ 28  28  78  81  83  83  83  82  83  83  83  82  83  84  85  87  86  86
  87  86  86  87  87  88  90  90  90  90  90  91  91  92  91  92  94  94
  93  93  94  95  95  95  96  96  95  95  94  94  97  95  96  95  95  79
  45  27  23  25  25  18  17  21  20  21  22  23  23  24  24  25  26  27
  29  28  27  26  25  25  26  26  26  26  25  24  24  24  23  23  23  23
  23  23  23  23  24  24  24  24  24  23  23  23  23  23  22  21  21  21
  20  19  19  21  21  22  23  22  20  18  17  18  18  18  20  20  21  53
  82  99 105 108 110 112 112 112 111 110 111 111 111 111 111 111 111 111
 111 111 112 113 114 114 114 114 113 113 113 113 113 113 114 114 114 114
 114 113 113 112 112 111 112 112 112 111 111 111 110 110 109 110 110 109
 107 106 106 107 107 109 109 107 107 107 108 108 108 107 104 104 107 109
 107  27]"
"[ 31  34  80  80  81  81  84  87  83  83  82  82  84  85  85  85  86  87
  87  88  88  89  89  90  89  89  90  90  90  91  91  91  92  93  94  94
  95  95  96  96  96  96  96  97  97  97  97  97  97  96  96  95  96  89
  61  30  30  25  22  19  19  20  19  21  21  22  24  25  25  24  25  25
  29  28  27  26  25  25  26  27  26  25  25  24  24  24  24  24  24  24
  24  24  25  25  25  25  25  25  25  25  24  23  24  24  23  22  23  23
  21  20  20  22  22  23  23  23  22  20  19  19  17  16  17  20  25  47
  79  96 104 106 109 111 112 112 111 110 111 111 110 110 110 110 111 112
 111 112 112 113 114 114 114 114 115 114 112 113 114 114 114 113 112 113
 114 114 115 115 115 115 113 112 111 111 111 112 111 111 109 109 109 109
 108 107 107 107 107 108 108 107 107 108 108 107 110 103 106 109 104 105
 107  32]"
"[ 28  26  79  79  82  83  85  87  84  83  84  85  86  87  86  86  84  85
  86  86  87  87  88  88  90  90  91  91  92  92  93  93  92  93  93  93
  93  94  94  94  93  94  95  95  96  97  97  97  96  97  97  95  92  90
  74  40  31  24  24  24  23  20  18  20  18  20  22  23  24  23  24  24
  26  26  26  25  24  24  24  25  24  24  23  23  23  24  24  24  23  23
  23  23  23  23  23  23  22  23  23  23  22  22  22  23  22  22  22  22
  21  19  20  22  22  22  22  22  21  20  19  18  19  20  19  18  21  37
  76  93 105 108 110 111 112 112 113 112 113 112 111 111 111 111 113 113
 113 113 113 114 114 114 114 114 116 114 113 113 114 114 114 113 109 110
 111 112 113 113 113 113 114 113 112 111 112 112 112 111 110 110 109 109
 109 109 109 109 108 108 108 108 109 109 109 108 109 109 109 108 107 109
 110  26]"
"[ 33  26  84  81  82  84  84  82  82  83  85  86  86  86  86  86  86  87
  88  89  89  89  89  89  89  89  90  90  91  92  92  93  95  94  94  94
  95  95  95  95  96  96  96  97  97  97  97  97  97  97  97  98  93  93
  86  59  29  27  30  26  23  24  22  19  20  22  24  25  25  25  25  26
  27  27  27  26  25  25  25  25  25  25  25  24  24  25  25  25  24  24
  24  23  23  23  23  24  23  23  24  24  23  23  24  25  24  23  23  24
  23  22  23  25  25  25  23  22  21  20  20  20  18  18  17  17  24  35
  73  90 103 107 111 112 111 111 112 113 113 113 112 112 112 112 113 114
 113 113 114 114 114 113 113 113 114 114 114 113 113 113 113 113 115 115
 115 115 115 114 114 113 114 113 111 110 111 111 111 110 111 110 109 108
 109 109 110 110 107 107 107 107 108 108 108 107 109 112 107 106 112 107
 111  33]"
"[ 29  26  84  83  82  83  85  84  82  83  85  86  86  86  86  87  86  87
  87  88  88  87  88  88  91  92  92  93  94  94  95  95  95  95  94  95
  95  95  95  95  97  97  97  97  97  97  97  96  96  95  95  98  95  95
  91  72  42  31  27  25  23  24  22  19  20  21  22  22  22  22  23  23
  24  25  25  25  24  24  24  24  26  25  24  24  24  24  24  24  25  24
  23  22  22  22  23  23  22  23  23  23  23  23  24  25  23  22  22  23
  23  22  23  24  23  22  21  19  18  18  17  17  20  17  15  18  21  27
  62  85  98 103 109 112 112 112 113 114 115 115 115 114 114 115 115 115
 115 115 115 115 115 114 114 114 116 116 116 116 115 114 115 115 115 115
 115 115 115 114 114 114 115 114 112 112 112 112 111 111 112 111 110 109
 109 109 110 110 110 109 108 109 109 109 108 108 112 108 109 113 110 105
 109  26]"
"[ 28  34  76  82  83  84  84  85  83  84  85  85  84  84  85  86  87  88
  88  88  88  88  88  89  92  92  93  93  94  94  94  94  95  95  95  95
  95  96  96  96  96  96  96  97  97  97  98  98  99  98  96  98  98  97
  94  87  47  30  24  26  25  25  24  24  21  22  23  22  21  21  22  23
  24  24  24  24  23  23  23  24  25  24  24  24  24  24  23  23  24  24
  23  23  23  23  23  23  23  23  23  23  23  23  24  24  24  22  22  23
  23  23  23  24  22  22  21  20  19  19  19  19  14  16  17  18  16  21
  52  78  99 104 108 111 111 112 113 114 114 114 114 114 114 114 114 113
 114 114 114 114 114 114 113 113 115 115 115 115 114 114 114 115 115 115
 115 115 115 116 116 116 114 113 113 112 112 112 111 111 111 111 110 110
 109 109 109 110 112 110 110 110 110 109 109 110 109 110 112 113 108 114
 107  31]"
"[30 27 31 29 28 30 27 29 30 29 29 28 28 29 29 30 28 29 29 29 29 29 30 30
 28 28 29 29 29 29 29 29 29 29 29 29 28 29 29 30 29 29 29 29 29 29 29 29
 29 29 29 28 29 29 29 30 31 27 31 32 27 29 30 28 29 30 30 30 29 28 29 30
 29 29 29 29 28 28 29 30 29 29 29 29 29 29 29 28 29 29 29 29 29 29 29 29
 30 29 29 29 29 29 29 29 31 29 28 29 29 29 29 29 29 29 29 29 28 28 29 29
 31 30 27 29 30 29 30 29 27 29 30 29 28 28 29 29 29 29 29 29 29 29 29 29
 29 29 29 29 29 29 29 29 30 29 29 29 29 29 29 29 30 30 29 29 29 29 29 30
 30 30 30 29 29 29 29 29 29 29 30 29 29 29 29 29 30 29 28 29 29 28 28 30
 28 34 26 29 29 29 30 28]"
