"[29 32 28 28 29 31 28 28 29 29 29 30 30 30 29 29 28 28 29 30 29 29 29 29
 29 29 29 29 30 29 28 30 30 29 28 30 30 28 28 29 29 29 29 29 29 29 29 29
 29 28 29 29 28 29 29 28 30 28 28 31 30 28 31 29 28 29 30 28 29 30 30 28
 31 29 29 30 28 28 29 29 29 29 30 29 32 29 29 30 28 31 28 27 32 30 28 29
 29 28 29 29 29 30 29 29 28 29 28 28 29 29 30 28 28 29 30 28 28 30 29 29
 29 30 30 28 31 28 28 31 29 29 30 28 29 30 29 29 29 29 29 29 28 28 29 29
 28 29 29 28 29 31 29 29 29 29 30 29 28 28 30 29 29 29 30 29 29 28 29 29
 29 29 29 30 29 27 28 30 29 30 28 28 29 29 28 30 30 29 29 28 29 29 29 29
 29 29 31 30 29 29 28 30]"
"[31 26 36 28 30 26 29 30 29 29 29 29 28 28 29 30 30 30 30 29 28 28 29 30
 29 30 29 29 30 30 28 28 27 30 31 29 27 28 29 30 29 29 29 29 29 29 29 30
 30 28 29 30 29 29 30 30 29 32 31 30 29 29 30 26 30 28 28 29 29 28 28 30
 30 26 27 31 31 29 29 30 28 29 30 26 28 25 28 31 29 28 29 29 29 30 31 29
 30 31 29 28 31 28 26 29 27 29 29 31 30 27 29 29 29 28 30 30 30 30 27 27
 28 30 31 27 30 29 29 27 28 27 30 31 30 30 28 30 29 29 28 29 29 30 30 31
 28 31 28 30 30 27 30 30 30 28 28 29 30 31 31 28 28 29 30 30 30 30 29 29
 30 28 28 29 30 30 29 28 28 29 29 29 31 30 27 27 28 30 30 28 29 31 30 26
 31 31 25 25 32 28 32 26]"
"[ 29  30 117 124 124 123 128 132 130 127 124 123 123 123 124 124 122 122
 122 122 123 124 126 127 126 128 127 126 126 126 123 121 121 124 125 124
 129 140 148 150 155 154 155 159 160 157 154 152 147 142 140 138 136 139
 143 146 155 179 200 216 229 236 243 246 244 246 247 246 247 248 246 242
 245 248 246 243 243 246 246 243 246 247 247 247 248 248 248 246 241 221
 205 190 167 153 150 146 142 144 136 130 134 123 126 132 126 127 129 140
 148 150 152 151 143 141 138 127 119 119 121 127 123 118 116 106  85  58
  45  42  27  17  16  16  15  17  19  21  18  17  16  17  16  14  14  13
  17  15  18  16  12  12  32  73  94  89  84  79  72  67  62  56  61  63
  65  65  63  60  58  57  43  41  39  39  42  44  44  41  41  43  44  46
  50  50  48  48  47  48  49  50  50  52  54  57  54  57  68  80  92 111
 113  30]"
"[ 30  34 114 118 120 112 117 122 127 125 122 121 121 121 123 126 121 122
 122 123 124 124 124 123 123 128 128 125 125 126 125 123 122 123 122 121
 125 130 129 124 126 130 138 148 154 156 158 162 161 159 156 152 147 145
 143 139 138 144 143 149 163 172 183 195 220 231 242 247 249 252 252 251
 251 250 251 254 254 251 250 253 251 253 253 251 252 251 252 253 255 251
 252 249 244 241 222 190 185 175 156 144 149 139 143 139 132 131 129 128
 124 121 128 134 145 146 148 144 143 143 135 129 129 124 124 118 114 111
 109 101  80  65  55  41  25  20  21  23  24  21  18  17  16  15  16  18
  13  16  15  15  14  39  82  95  85  81  77  72  67  64  64  63  64  67
  69  68  64  59  54  53  44  43  40  38  40  44  45  44  46  46  45  46
  49  50  49  49  52  53  53  52  51  52  54  56  63  64  80  98 108 110
 110  28]"
"[ 30  28 117 122 118 125 119 120 117 117 118 118 117 116 119 122 119 119
 120 122 124 124 123 120 118 123 124 120 120 122 122 121 121 120 120 121
 124 125 122 118 122 122 124 124 122 124 134 145 144 146 148 148 149 153
 152 147 149 153 144 141 144 140 139 143 145 154 171 188 199 208 226 245
 250 253 253 252 252 251 250 253 251 253 252 252 253 253 253 253 252 252
 253 254 252 253 254 254 250 248 239 219 196 167 160 143 141 143 143 143
 134 123 120 120 126 122 122 122 129 139 144 148 140 126 122 122 120 112
 114 116 112 104 103  98  85  72  55  42  24  20  17  16  15  14  15  17
  18  12  12  18  50  90  95  88  81  75  69  64  60  60  63  64  63  65
  66  64  59  55  52  51  48  48  46  43  42  44  46  47  47  48  47  47
  50  51  50  51  53  55  56  54  54  55  54  53  63  80 106 110 108 108
 110  29]"
"[ 30  29  79  81  93 103 102 102 113 110 109 112 115 115 113 113 115 115
 116 118 120 121 120 119 119 123 122 117 115 116 116 116 121 119 117 118
 119 119 120 122 117 118 122 124 123 119 117 118 122 122 122 121 123 129
 131 128 129 145 149 147 149 146 145 147 145 143 141 141 138 137 142 149
 173 194 209 215 231 248 254 252 254 254 253 251 250 252 251 252 250 253
 252 249 251 254 253 252 254 253 254 254 253 250 254 239 220 200 171 151
 140 133 134 135 128 123 124 124 119 113 112 118 119 123 129 124 120 116
 117 115 110 103 103 105 105 104  95  86  79  67  49  34  24  19  15  12
  15  15  23  59  90  92  89  86  80  71  63  61  61  63  66  65  65  63
  60  57  54  53  52  52  51  53  53  51  48  47  48  49  47  50  51  52
  54  55  55  56  56  54  57  61  58  54  62  74  93 101 109 106 109 105
 101  32]"
"[ 30  26  97  90  87  89  84  82  89  85  85  93 104 111 114 117 109 110
 112 114 115 115 115 115 119 122 120 116 115 116 115 115 115 114 115 118
 118 117 116 116 122 119 117 118 121 122 122 121 118 117 119 120 120 121
 122 120 119 130 130 132 140 145 146 145 146 148 148 147 149 150 143 133
 135 139 141 146 160 171 182 193 211 227 240 251 250 253 251 253 251 251
 253 254 253 249 248 253 251 250 253 253 252 253 255 251 253 253 247 238
 221 197 176 161 147 138 135 136 137 131 120 116 107 103 104 105 109 105
 104 106 103 101 103 103  99  96  95  99  99  92  82  75  70  63  49  36
  24  30  70  95  85  81  81  74  69  61  56  57  59  62  64  63  61  56
  51  49  50  52  52  50  52  53  54  53  51  48  48  49  52  55  55  55
  55  53  52  53  58  54  55  60  58  57  73  95 107 101 108 110 103 103
 106  28]"
"[ 29  29 109 104 109 101  98  92  90  85  80  76  72  72  77  84  89  94
 100 105 108 111 114 116 110 112 111 110 112 114 115 115 118 115 112 113
 116 118 118 117 113 116 118 118 117 116 117 117 118 115 115 118 117 117
 120 123 117 122 121 123 127 127 130 133 138 139 139 141 144 147 146 143
 140 140 135 134 137 135 133 139 139 145 154 177 204 233 244 249 251 251
 252 252 250 253 254 251 253 252 252 251 251 252 251 254 251 252 251 254
 254 252 249 244 224 203 175 150 139 138 132 128 124 122 115 104 102  97
  94  94  94  88  89  93  97  93  87  89  85  78  70  69  77  82  75  65
  63  83  94  91  83  78  74  69  60  56  56  59  60  62  65  66  55  49
  44  45  51  55  54  51  51  50  50  51  50  48  48  49  54  57  58  57
  55  54  54  57  57  58  57  58  66  82  98 108 106 112 107 106 107 106
 104  29]"
"[ 29  29 123 119 114 112 114 120 119 107  99  97  96  94  89  91  88  83
  75  75  85  88  89  95 105 112 118 117 112 110 112 115 112 112 109 109
 112 114 116 119 115 115 117 117 113 113 114 112 114 112 112 114 117 115
 115 118 116 117 118 118 116 117 120 120 120 121 121 121 121 121 125 131
 132 133 138 143 146 146 141 138 134 131 131 135 135 134 142 153 186 212
 225 237 249 251 252 251 253 253 253 253 252 252 252 253 252 253 254 252
 251 253 254 253 254 254 254 253 241 220 194 171 148 140 129 123 125 115
 107  98  97  82  84  81  82  82  81  81  81  72  63  68  71  75  73  74
  89  94  93  84  78  73  65  59  59  59  58  58  62  64  60  53  41  40
  42  48  53  53  51  50  50  48  47  49  51  51  51  52  55  57  59  59
  54  54  50  58  59  61  62  66  88 100 107 109 109 107 106 105 105 103
 107  29]"
"[ 28  30 128 129 130 129 124 120 122 116 113 111 109 106 103 106 102 103
  99  96  97  91  81  75  74  78  83  84  85  90 100 108 103 106 107 105
 103 103 107 111 115 114 115 114 114 115 114 111 111 110 111 113 116 115
 112 113 112 111 112 116 117 118 116 112 116 116 114 114 116 113 110 110
 114 113 114 119 125 130 133 135 137 137 140 143 144 139 132 128 132 134
 139 150 165 180 201 225 237 244 251 251 252 254 253 251 252 251 251 254
 254 252 252 255 252 250 253 255 255 254 251 247 236 231 203 172 159 137
 122 116 116 103 104  96  87  81  76  69  69  57  54  69  71  75  81  89
  93  89  84  79  71  63  58  57  57  60  62  61  59  56  49  43  41  41
  41  43  45  46  47  48  50  50  52  54  54  54  54  56  54  56  59  61
  57  57  52  59  59  67  77  87 104 106 107 109 109 107 106 105 105 104
 107  28]"
"[ 28  28 124 125 131 137 136 134 130 127 126 123 118 115 110 110 109 110
 107 101 100 100  96  90  97  91  81  70  62  63  71  79  75  82  88  88
  89  94 101 106 114 111 108 108 110 109 109 110 110 109 109 109 111 113
 112 111 108 107 107 109 112 114 115 115 115 114 111 112 115 114 111 111
 116 113 111 113 115 116 117 119 123 125 127 130 132 135 138 141 139 135
 136 132 131 133 135 145 155 167 184 196 212 233 247 254 252 253 253 251
 251 251 253 252 252 251 252 253 252 252 254 254 254 253 254 252 242 226
 207 181 146 130 121 106  96  95  96  87  82  72  64  70  74  84  96  94
  91  80  73  69  61  54  55  56  58  63  65  61  54  47  41  36  40  40
  39  39  43  49  53  54  53  54  56  57  56  55  56  58  58  58  59  58
  54  54  54  63  74  85  97 104 111 108 107 109 109 108 107 107 107 107
 109  28]"
"[ 32  29 119 112 111 114 117 119 126 123 123 123 124 124 118 116 113 113
 111 106 104 107 107 102 103 105 105 102  97  94  92  90  81  82  82  78
  75  77  77  75  82  86  92 103 109 105 103 108 113 114 114 111 109 110
 109 106 107 107 107 106 105 105 105 107 112 112 111 111 112 111 110 111
 107 107 109 113 114 112 113 116 113 113 114 115 111 109 115 124 130 130
 135 134 134 137 132 127 130 129 129 126 128 139 152 165 186 200 219 236
 247 253 254 252 253 254 254 253 252 252 252 252 254 254 252 253 253 252
 252 252 249 234 210 179 152 130 119 110 108 105  92  87  90  97  98  85
  81  69  62  60  54  54  57  57  60  62  61  56  50  45  42  39  38  38
  38  39  46  55  60  59  58  59  59  58  56  56  58  60  59  60  60  58
  56  58  66  78  91 103 110 107 106 107 107 108 109 108 108 108 109 109
 110  29]"
"[ 30  28 123 120 117 116 116 120 113 111 112 112 116 119 114 112 115 114
 113 111 109 111 112 110 112 113 111 106 106 109 110 107  97  94  91  86
  82  82  80  74  73  74  75  79  85  86  86  91  95 101 108 108 105 106
 107 104 106 106 103 102 104 104 104 106 104 107 107 107 108 107 105 105
 105 106 107 109 107 105 106 109 109 109 111 114 113 110 110 113 115 109
 109 117 121 124 131 130 135 135 137 131 125 123 123 127 133 128 132 146
 160 176 199 220 231 240 248 250 251 254 254 252 250 253 251 254 253 252
 252 252 250 252 251 248 231 197 185 189 190 156 113  98  99  91  85  83
  71  60  55  57  56  57  60  58  59  56  52  49  47  47  46  44  44  47
  48  48  53  59  62  61  61  62  62  61  60  60  61  62  61  63  62  60
  61  63  76  89  99 107 110 107 105 107 107 107 107 107 107 108 109 110
 111  29]"
"[ 31  28 124 123 122 120 119 121 121 119 119 116 115 115 111 110 114 112
 110 109 110 112 114 115 112 113 112 109 110 113 113 109 107 105 103  99
  93  91  89  84  90  90  85  79  80  81  75  67  67  74  84  88  90  98
 106 105 104 109 109 108 107 104 103 107 104 105 103 103 104 105 103 103
 102 103 105 105 104 103 104 106 105 106 105 104 105 109 110 108 105 102
 101 108 106 102 107 106 105 114 125 126 128 133 132 131 129 124 122 123
 120 117 121 130 132 154 181 204 224 239 248 252 255 254 253 254 248 254
 254 249 253 251 245 252 250 227 234 252 250 214 156 106  92  88  82  76
  67  56  55  61  62  59  58  58  54  51  47  46  49  51  51  48  51  56
  60  58  58  59  61  61  61  63  65  66  66  65  64  63  66  66  63  63
  69  74  91 103 107 107 107 109 107 107 107 110 107 107 107 108 109 110
 111  28]"
"[ 30  29 123 122 122 124 124 126 124 122 122 121 119 117 113 113 117 118
 115 113 114 111 106 106 104 106 108 110 111 112 113 114 116 114 117 117
 110 108 107 102 102  97  90  83  84  88  85  76  77  75  74  69  64  67
  73  70  77  88  96  98 100  97  97 104 101 102 100  97  97  98 100 102
 103 103 101  99  98  98  97  95  96  99  99  98  99 104 106 104 102 104
 106 107 105 104 104 100 101 103 104  99 101 109 112 113 116 119 123 124
 125 126 125 123 118 117 111 108 114 124 136 147 159 190 209 227 240 243
 240 246 243 242 238 248 253 242 248 247 240 171 113  85  85  79  71  69
  62  58  58  62  63  59  55  55  50  49  49  50  53  54  53  52  54  58
  61  60  59  60  61  62  62  65  69  69  69  67  65  63  67  66  66  72
  87  95 109 116 112 108 106 110 107 108 108 112 109 109 109 109 110 110
 111  29]"
"[ 28  31 128 125 124 126 124 123 124 121 122 123 124 124 120 120 118 121
 116 113 116 114 109 109 107 107 108 110 108 105 107 112 112 110 117 121
 118 117 116 111 113 106 105 106 103 101  97  90  93  87  84  79  73  77
  81  76  75  77  72  66  66  67  71  80  84  92  96  96  95  97 101 106
 102 100  94  90  91  95  95  93  97  95  94  96  98 100 101 102  99  98
 101  98  99 102  97  97  97  97 100 100 101 102  99 100 102 102 103 108
 114 118 122 124 122 120 116 117 120 116 109 109 109 117 118 129 139 157
 178 196 211 224 232 242 247 246 247 221 158 104  84  79  80  75  68  66
  57  61  62  60  59  58  53  50  48  49  52  53  54  55  55  55  61  61
  61  62  64  67  67  65  65  69  72  71  69  67  66  64  67  67  70  82
 101 104 110 107 108 108 107 110 106 110 110 110 111 111 111 110 110 110
 111  29]"
"[ 30  27 131 123 127 126 124 126 125 124 125 127 125 124 123 121 123 120
 117 118 118 114 112 116 112 111 111 110 109 108 106 103 103 103 109 113
 110 109 111 110 111 109 111 117 122 121 114 108 101  98  93  89  88  88
  85  81  78  81  79  72  68  70  72  72  74  67  73  77  80  83  87 103
 107 101  94  93  89  91  89  86  87  92  93 100 102  97  97  97  97  97
  95  94  97 100  98  95  94  96  99 100 101 101 101 101 102 100  98 103
 102 103 100 102 104 108 112 116 119 121 118 114 106  99  95  93  94  94
  97 108 124 148 179 203 214 224 203 144  95  80  81  81  73  64  66  61
  59  60  60  58  54  51  49  49  48  52  56  58  58  56  56  58  60  61
  61  64  68  72  73  72  74  70  71  72  69  66  67  69  70  79  87 108
 116 108 108 108 108 110 111 111 109 109 110 111 111 110 112 112 110 109
 111  29]"
"[ 30  29 128 127 127 127 125 125 126 125 125 125 122 123 125 125 116 118
 118 116 118 119 118 117 116 116 114 112 111 111 112 112 110 108 109 109
 104 104 107 108 106 105 106 109 110 110 109 110 110 110 109 109 108 104
  97  91  90  91  89  82  78  78  76  74  77  68  69  69  70  70  64  68
  63  68  74  82  82  86  87  88  90  87  82  87  95  96  95  96  96  98
  99  98  97  97  98  99  94  96  99 101 103 102  98  95  96  97  96  99
  98  99  94  92  90  91  91  90  91  97 104 108  99  99 102 103 104 102
  97  98  99 107 109 116 124 133 125  91  83  77  75  66  61  63  64  53
  55  58  59  55  50  46  47  49  53  56  57  57  57  57  57  59  61  61
  63  66  70  73  74  73  72  74  75  72  69  71  73  71  82 101 108 110
 109 108 112 108 109 112 113 113 111 111 111 111 110 110 112 113 111 110
 111  28]"
"[ 28  26 125 128 125 126 127 125 123 123 126 129 127 125 123 120 122 123
 120 118 121 124 122 119 118 119 118 115 113 112 113 113 114 113 112 110
 105 103 105 106 107 104 103 103 102 100 102 106 103 104 106 109 110 107
 103 101 100 101  98  93  91  91  88  83  78  73  73  72  73  73  63  59
  54  53  53  59  61  69  72  74  78  79  77  73  72  71  77  93  97 101
 105 105 100  94  91  91  90  96 102 102  99  95  95  95  95  96  94  93
  92  97  96  94  92  94  94  91  88  87  88  90  85  87  90  89  93  99
  99 102 105 107 102 107 116 113 101  82  70  66  65  60  60  59  61  55
  55  54  51  46  42  42  47  52  56  59  58  55  56  59  60  63  62  63
  65  69  73  74  74  73  70  71  74  74  71  74  82  87 103 113 113 111
 108 106 109 107 110 113 115 114 113 112 111 111 111 110 112 114 114 113
 112  28]"
"[ 32  29 140 139 132 131 127 121 120 122 126 127 125 123 124 124 124 125
 124 124 125 123 122 124 122 122 121 119 117 116 117 117 116 115 114 112
 109 108 109 109 111 107 104 105 104 101 100 101 106 104 104 106 107 105
 103 102 100 102 101  99 100 102  99  95  87  86  87  84  83  82  73  69
  71  66  60  61  59  61  56  52  56  60  64  64  65  63  64  80  89  91
  95 100 100  95  91  89  85  87  90  93  96  96  94  91  91  94  95  94
  92  92  89  86  90  89  88  87  85  83  81  79  81  81  78  72  74  82
  89  97  96  99  98 101  97  83  73  66  60  59  63  63  64  57  57  59
  51  48  43  40  40  44  48  52  54  57  57  55  58  62  64  65  64  66
  69  73  75  75  73  72  70  71  74  75  75  81  95 106 114 112 107 110
 112 107 107 109 110 112 114 114 114 113 113 112 112 112 113 115 116 115
 115  29]"
"[ 28  27 160 155 149 147 138 130 128 130 134 132 124 120 121 123 120 125
 128 127 125 123 123 128 125 124 121 117 115 115 116 116 117 115 112 110
 111 112 113 115 112 108 107 108 108 104 102 102 104 102 101 103 104 101
  98  96  99 100 101 100 101 104 103 101 104 103 102  99  95  93  89  87
  86  84  79  76  67  65  63  61  60  57  58  57  60  57  51  58  52  53
  59  69  78  82  86  89  93  92  90  87  86  87  88  89  85  87  90  90
  88  84  82  81  83  83  82  82  83  84  82  81  81  79  78  74  74  75
  74  79  81  70  65  71  75  73  68  60  57  62  65  61  62  57  53  49
  42  42  41  41  42  44  46  47  50  54  56  57  61  64  65  66  65  67
  70  74  75  74  72  71  72  74  76  77  81  94 107 112 111 113 111 111
 112 110 111 111 110 112 114 114 114 114 115 115 115 113 114 115 117 117
 116  29]"
"[ 30  29 175 171 166 168 165 159 160 157 155 153 148 143 140 137 131 132
 128 122 122 124 122 121 123 123 122 121 120 120 119 118 116 115 112 111
 115 117 115 114 112 111 111 110 108 105 104 105 104 102 102 103 105 105
 102 100 102 103 102 100  99 101 101 100 104 101  99  97  97  96  95  94
  97 101 102 101  89  81  74  71  71  68  66  65  64  61  58  61  60  58
  57  58  56  53  51  52  62  73  85  89  86  84  86  89  83  81  82  81
  80  74  74  76  77  80  83  82  81  80  77  75  76  72  72  74  77  75
  68  69  69  63  64  66  61  60  62  60  58  60  60  55  57  53  47  39
  37  39  40  40  39  40  43  46  49  53  56  60  64  65  65  67  65  66
  69  72  73  72  71  72  75  74  78  86  95 104 110 112 110 113 114 114
 114 113 112 112 112 113 114 114 115 116 117 117 116 114 115 115 117 118
 117  30]"
"[ 30  27 174 175 166 169 172 170 176 168 163 161 161 162 162 159 151 147
 139 135 137 136 129 123 120 121 122 121 120 121 122 122 119 118 114 114
 120 121 115 111 113 114 114 111 108 106 106 107 106 105 103 102 103 103
 102 100 104 104 102  99  98  98  98  97 101 101  98  97  97  98  97  94
  95  96  96  98  94  97  98  99  90  87  86  88  86  82  78  70  61  60
  59  60  58  55  51  50  56  58  60  60  62  65  70  73  81  78  80  78
  78  69  66  65  68  74  78  76  76  79  79  77  73  68  66  66  70  69
  64  65  64  60  59  59  56  57  57  57  58  53  52  50  51  44  41  38
  38  39  39  38  38  41  47  52  53  55  58  62  66  66  66  70  67  67
  68  70  71  71  73  76  79  78  87 102 108 108 109 113 113 113 114 115
 116 114 111 113 114 115 115 115 115 116 117 117 117 116 116 116 117 118
 117  29]"
"[ 30  29 173 183 172 173 177 175 175 174 174 174 171 169 168 167 166 165
 166 170 170 160 149 146 148 145 139 131 125 125 128 130 125 122 114 113
 120 122 116 113 114 115 114 111 110 110 110 108 103 105 105 104 104 105
 103 100 102 102 100  97  97  97  98  97  94  98  97  95  95  97  96  91
  88  89  89  90  85  87  87  88  93  93  93  95  90  92 102 100  90  84
  77  73  69  64  57  52  51  52  52  50  48  48  50  51  57  52  51  49
  52  49  51  50  49  57  64  68  73  78  77  72  67  66  66  64  65  65
  63  66  56  55  53  51  52  53  52  56  53  50  51  48  44  37  37  36
  41  40  40  41  43  48  53  57  57  58  59  63  66  66  67  72  71  70
  69  71  72  73  76  80  82  90 103 113 112 110 110 112 113 116 118 115
 115 116 114 115 115 116 116 116 116 116 116 116 118 117 117 117 118 119
 117  30]"
"[ 28  33 176 178 178 177 178 181 181 182 179 176 173 171 174 173 170 174
 171 173 169 167 164 159 162 159 155 151 149 147 142 138 132 128 125 130
 134 128 128 121 113 118 117 119 117 116 112 116 111 108 109 106 106 108
 103 103 103 105 101 100 103  99  96 101  97  97  95  96  96  97  96  89
  89  85  87  87  86  86  84  85  88  88  92  90  94  98 108 113 108 100
  89  92  90  90  86  77  68  68  68  65  60  55  54  56  53  52  48  43
  40  38  38  39  36  40  43  46  53  58  59  59  68  64  66  67  58  56
  59  52  51  46  45  46  47  48  49  47  45  46  45  43  40  38  37  38
  40  40  42  44  47  51  56  61  61  59  59  64  67  67  69  72  73  72
  68  75  73  77  82  85  97 106 113 115 115 113 112 113 116 116 117 117
 115 114 114 115 116 116 116 116 115 115 116 117 117 118 118 119 118 118
 119  28]"
"[ 30  25 153 154 154 163 162 166 179 183 182 181 180 179 180 175 176 180
 177 178 174 173 171 170 171 171 171 167 163 159 157 157 150 146 144 144
 144 140 141 138 134 135 131 126 118 115 114 118 119 113 112 111 113 114
 109 108 106 107 105 103 101 100  99  99  95  97  99 100  98  96  96  92
  89  86  89  91  89  88  85  85  86  90  92  90  94 100 111 120 124 114
  99  92  90  89  90  85  84  84  84  80  75  70  67  65  50  54  54  50
  47  42  38  38  37  34  30  29  32  34  34  35  39  50  58  58  51  47
  50  48  43  41  41  41  41  43  44  41  38  38  37  37  36  36  38  40
  41  43  46  49  51  55  60  63  62  63  65  68  69  68  69  70  71  71
  70  75  73  76  88  98 109 112 113 113 115 116 117 118 116 116 116 116
 116 115 115 115 116 116 117 116 116 115 115 115 117 117 117 118 117 119
 120  29]"
"[ 32  26 155 152 145 150 146 148 148 147 144 147 153 161 170 173 175 179
 178 182 178 176 176 177 175 174 175 179 181 180 175 171 177 176 179 174
 169 162 158 154 151 151 148 144 135 134 133 133 127 125 125 122 117 114
 113 117 112 112 113 110 105 106 108 105  98 100 101 103  99  95  95  92
  94  89  91  93  91  89  86  86  90  94  90  88  93 103 112 123 128 123
 110  94  87  80  83  83  85  86  87  86  84  84  82  80  77  81  80  74
  65  54  45  42  39  35  32  34  38  36  33  33  34  33  24  22  26  28
  29  29  34  35  36  34  34  37  37  33  31  30  31  34  35  36  39  42
  43  48  52  55  57  61  63  64  62  65  68  69  69  69  69  68  71  75
  74  71  76  88 105 111 114 115 115 116 119 120 118 117 117 116 115 116
 117 117 116 115 117 118 118 118 118 117 117 117 117 117 117 117 117 119
 120  30]"
"[ 29  29 175 170 165 157 153 151 152 147 141 144 146 146 149 151 146 150
 151 159 161 164 169 173 176 177 179 181 179 177 176 177 177 175 181 175
 172 171 169 170 164 161 159 159 154 156 153 148 146 142 139 135 133 130
 127 126 120 120 120 118 116 117 118 117 116 114 111 112 109 104 105 103
 100  95  97  98  97  96  96  99  96  93  85  85  89 104 114 121 130 130
 118  99  88  79  79  80  82  82  81  80  80  83  83  81  75  79  80  77
  74  70  66  66  60  54  46  40  37  31  29  31  31  32  28  28  27  21
  23  28  16  18  21  23  25  29  31  29  26  26  30  35  38  37  40  44
  46  51  56  57  59  63  64  64  63  66  68  67  68  71  71  70  73  77
  78  77  93 108 119 116 115 117 118 120 123 122 118 116 119 119 118 117
 118 118 117 116 116 116 117 117 117 117 117 116 119 119 117 117 118 120
 121  30]"
"[ 28  30 186 189 193 192 191 190 186 181 172 168 163 154 148 142 142 143
 142 148 147 147 146 146 150 151 153 155 157 161 167 172 175 173 179 173
 173 173 172 172 175 172 169 169 163 165 163 159 161 160 156 153 151 150
 147 143 136 136 131 130 132 130 128 132 130 127 124 124 119 113 114 114
 105 101 102 100  97  96  95  97  95  86  81  83  83 101 115 120 134 135
 121 102  87  83  79  80  80  80  78  75  76  79  79  77  77  78  76  73
  73  72  70  71  70  69  65  60  57  57  62  68  60  48  34  30  26  25
  26  23  23  22  23  24  23  22  23  23  24  26  31  37  39  38  41  46
  50  53  55  55  56  61  64  65  66  67  68  68  70  73  73  72  75  79
  86  97 114 118 120 117 120 122 122 122 123 122 121 122 122 122 122 121
 120 120 120 120 118 118 118 118 119 119 119 119 121 120 118 119 119 121
 121  30]"
"[ 28  28 180 183 181 185 181 182 188 190 187 185 188 192 194 189 180 175
 163 159 151 149 147 146 148 147 145 144 145 147 147 146 151 152 161 164
 170 173 177 177 173 175 177 179 174 173 173 175 171 174 172 170 166 163
 164 163 165 164 155 150 152 146 140 144 148 147 146 144 136 128 128 127
 121 116 114 107 101  99  96  94  90  82  80  81  79  92 109 117 127 133
 126 107  85  82  78  81  77  77  76  76  77  79  79  77  74  73  68  65
  65  64  62  62  61  65  66  65  66  69  77  85  89  91  87  74  52  36
  32  27  24  22  22  23  22  21  23  24  24  27  31  36  38  40  44  49
  53  54  54  53  54  59  65  68  68  68  68  70  72  73  74  74  82  94
 103 110 120 119 121 121 123 124 124 124 123 121 121 124 122 124 124 122
 121 121 122 122 122 122 121 121 122 122 121 121 122 121 120 120 121 122
 122  29]"
"[ 29  29 183 184 179 182 180 183 179 182 181 183 185 186 188 186 189 192
 189 191 188 184 178 173 158 164 166 160 151 146 144 143 141 140 142 144
 146 147 155 157 155 161 165 171 169 169 170 177 178 176 173 177 178 175
 175 173 169 169 166 166 169 170 171 174 164 163 161 161 156 148 144 139
 134 125 115 102  95  95  93  90  86  81  78  77  79  84  97 110 120 128
 131 112  90  84  81  81  79  78  78  78  78  78  77  76  77  75  69  64
  64  62  60  59  62  62  61  64  69  74  82  91  95 109 116 110  85  53
  37  34  34  32  31  28  25  24  24  23  26  28  31  35  38  41  45  48
  53  54  55  57  59  63  68  72  70  68  69  73  74  73  77  82  95 112
 116 116 118 122 123 123 122 124 124 125 125 122 121 122 123 125 125 122
 121 121 122 122 121 121 121 121 122 122 121 120 122 121 120 121 122 123
 122  29]"
"[ 31  28 187 182 182 180 182 182 184 180 178 183 182 177 179 183 185 186
 181 182 181 186 188 187 183 186 185 179 174 172 170 166 164 162 159 155
 147 136 139 138 139 142 142 147 147 148 150 161 167 167 168 175 175 168
 174 179 178 177 176 174 171 174 177 175 179 175 172 175 176 172 167 157
 153 138 117  95  85  87  86  83  82  80  74  71  82  81  90 105 121 124
 127 108  94  90  86  79  80  79  79  79  80  79  80  81  80  77  71  66
  64  62  59  58  58  58  61  71  80  81  82  87  96 107 117 128 117  75
  43  39  35  35  33  28  24  25  25  22  25  27  30  34  38  42  44  45
  51  54  59  63  66  68  71  74  74  71  71  76  77  76  83  93 106 117
 117 121 123 125 121 122 125 125 124 124 126 125 123 125 125 126 126 123
 121 122 122 121 122 122 123 124 124 124 123 122 121 120 120 122 123 124
 122  29]"
"[ 30  28 192 190 188 187 186 187 186 181 181 184 183 180 180 182 179 178
 180 181 180 181 182 182 182 181 181 182 184 185 184 183 186 186 187 188
 186 180 174 171 155 151 150 150 146 140 139 143 139 138 137 140 141 145
 153 157 161 162 168 175 181 182 183 185 185 181 175 181 177 173 170 168
 161 127  99  81  82  84  82  79  78  73  71  72  77  80  83  90 110 116
 116 109 100  95  90  85  84  85  78  79  85  83  80  80  82  80  80  73
  67  67  67  68  65  68  73  78  82  81  82  86  94 106 126 129 131 107
  58  33  37  34  32  31  29  29  28  25  27  28  29  32  35  40  44  48
  55  54  57  64  69  70  72  75  72  75  75  80  78  81 103 116 116 120
 123 124 126 128 128 126 129 128 125 124 126 125 124 124 127 127 126 123
 124 126 126 123 123 122 122 123 124 123 122 122 122 122 122 123 122 124
 124  28]"
"[ 29  29 195 195 195 196 195 196 190 187 188 191 190 187 187 187 180 179
 181 181 179 179 181 181 181 180 179 180 181 181 179 177 182 182 182 183
 182 181 182 184 184 182 181 181 178 171 164 160 156 150 145 147 148 145
 141 134 130 134 137 139 140 144 151 156 158 167 173 178 178 178 172 161
 130 100  81  77  82  80  76  76  72  68  67  69  74  80  85  94 106 115
 119 115 110 103  97  95  90  90  84  86  88  82  80  84  83  79  79  77
  74  74  72  70  73  75  76  78  78  76  78  84  92 103 119 130 136 128
  73  35  30  28  28  27  25  25  25  23  28  28  28  30  34  42  49  54
  55  59  62  63  67  73  75  73  74  76  80  88  95 101 112 121 124 126
 128 127 128 130 131 130 130 130 128 126 126 125 123 124 125 126 125 123
 123 125 125 124 124 123 122 123 123 123 123 123 125 123 123 123 121 122
 123  30]"
"[ 29  29 196 197 197 198 197 198 195 193 195 196 194 193 193 192 191 190
 190 188 183 182 183 183 181 180 180 180 180 179 176 173 174 174 174 174
 173 174 178 183 182 181 178 178 181 186 188 187 186 183 179 179 176 169
 164 155 148 144 139 136 138 140 136 130 128 135 139 140 142 137 126 109
  91  80  80  81  84  78  73  68  65  64  65  68  74  80  87  97 105 118
 125 124 123 118 114 116 100 100  93  90  89  85  87  91  86  81  82  78
  73  71  69  70  73  75  75  75  73  71  74  81  86 103 119 132 132 138
  86  41  30  28  28  28  25  25  26  25  25  27  30  32  37  45  51  55
  57  59  62  65  69  72  75  76  80  82  88  95 107 116 118 125 127 129
 130 130 130 131 132 131 132 132 131 129 128 127 126 127 127 126 125 124
 123 123 124 125 125 125 125 125 124 124 124 125 126 124 124 125 122 121
 121  30]"
"[ 29  28 195 196 196 197 195 196 197 196 196 196 194 195 196 195 196 195
 196 195 192 192 193 193 187 186 186 186 187 185 182 179 181 180 179 179
 177 176 177 179 180 180 179 176 176 178 179 179 177 179 179 182 180 179
 183 182 182 181 177 171 165 159 152 147 142 138 135 132 128 109  97  88
  83  81  83  80  78  72  70  67  66  64  65  66  70  77  84  95 110 129
 138 136 135 130 125 128 120 123 117 111 109 108 104  98  95  87  82  75
  68  65  64  67  67  70  71  72  71  69  71  77  84  97 110 125 127 139
  90  38  31  30  30  28  24  23  24  23  24  29  34  37  40  46  52  55
  59  59  62  66  70  74  77  80  85  95 102 108 117 123 125 130 131 133
 135 136 136 135 135 134 133 133 132 131 132 131 129 130 129 128 127 126
 124 122 122 124 126 126 128 128 128 126 125 125 125 125 126 128 126 125
 123  29]"
"[ 30  29 195 196 196 197 197 198 197 196 196 195 194 195 197 195 196 195
 196 196 195 196 196 195 194 193 194 194 195 194 191 189 189 188 187 188
 187 184 181 179 179 179 179 180 180 179 179 180 181 180 178 178 177 177
 180 178 177 174 172 174 176 176 173 172 178 174 162 141 119  95  90  91
  89  81  79  78  75  65  65  65  68  66  66  66  72  80  89 101 106 129
 140 139 140 138 135 136 129 131 123 119 120 121 116 105  98  85  76  70
  68  68  66  66  67  68  68  69  69  67  69  74  79  90 106 123 130 136
  90  40  33  32  32  29  25  24  24  23  26  32  37  39  41  47  53  58
  58  63  64  63  68  78  82  80  89 107 114 122 128 127 131 132 133 135
 138 139 139 138 137 136 135 135 133 132 134 133 131 130 130 129 129 127
 124 122 123 125 126 127 128 128 128 126 125 125 126 127 128 128 128 129
 127  29]"
"[ 30  29 196 197 196 197 196 198 197 195 196 196 195 196 196 194 197 195
 196 196 195 195 195 193 195 195 195 196 197 196 196 195 197 195 194 196
 198 196 193 191 191 185 181 181 181 181 181 183 181 181 179 180 179 178
 180 176 172 173 175 175 172 169 170 174 167 173 160 133 112  96  91  88
  83  80  79  77  73  65  67  66  69  69  71  71  76  84  91 102 115 131
 136 132 133 136 135 137 131 129 124 123 123 119 112 103  82  72  68  66
  67  70  69  69  68  67  64  64  64  64  67  73  73  85 104 123 130 124
  82  42  35  34  33  31  27  26  26  25  25  31  38  42  44  47  53  57
  60  62  64  66  72  80  87  89 104 119 122 129 133 132 137 134 138 138
 138 138 139 138 138 138 138 138 135 135 136 135 131 130 129 130 130 128
 126 125 126 128 127 126 126 126 125 125 125 126 127 128 127 126 125 130
 128  29]"
"[ 29  30 197 199 197 197 196 197 198 195 195 196 196 196 196 195 196 195
 196 196 196 197 198 197 194 195 195 195 195 195 196 196 196 194 194 196
 197 195 194 194 197 193 190 191 190 188 186 187 187 188 186 184 180 178
 179 175 175 172 170 171 173 172 168 165 169 160 127  99  88  89  87  83
  79  81  79  71  65  63  73  73  72  73  74  74  79  89 101 114 118 123
 122 119 121 126 129 131 123 125 124 120 109  95  85  76  67  64  65  66
  67  70  70  69  65  63  60  58  59  60  65  72  75  82  93 112 123 111
  69  39  39  36  34  33  30  29  28  27  25  28  35  42  46  48  51  55
  62  62  66  74  82  89 100 110 124 130 132 135 137 139 143 141 142 141
 140 140 141 141 141 141 139 139 137 136 138 136 132 131 131 132 132 130
 128 128 130 130 128 127 126 125 125 125 126 126 129 128 127 125 124 126
 126  29]"
"[ 28  30 199 202 201 201 199 200 201 196 195 196 196 197 198 197 198 197
 197 197 194 194 195 195 196 197 197 196 195 195 197 198 200 200 200 199
 198 195 195 197 194 194 194 193 191 190 191 193 196 195 192 190 188 188
 190 187 187 188 185 179 174 172 171 169 165 144 106  92  91  91  82  78
  77  75  73  71  69  62  70  71  73  73  74  76  87 109 133 155 151 146
 139 133 129 125 121 118 117 121 116 101  83  73  71  66  68  65  67  68
  71  74  71  67  64  62  58  56  56  57  62  69  75  88  96 111 113  99
  66  52  46  43  40  38  36  34  33  31  29  29  32  39  44  47  52  57
  60  66  73  80  89 104 118 128 128 130 137 138 139 143 143 143 141 139
 139 140 141 141 140 139 137 138 137 137 138 136 133 133 132 134 134 130
 128 129 130 129 128 127 127 128 128 127 127 126 131 129 128 127 124 125
 124  29]"
"[ 30  28 200 201 202 203 202 202 201 200 199 199 199 198 199 199 200 199
 197 195 195 195 195 195 195 195 195 195 196 195 195 197 199 198 196 195
 196 197 197 196 194 195 195 194 194 195 196 195 196 196 196 195 194 193
 194 194 197 196 195 191 186 186 187 180 164 135 103  95  93  86  83  77
  75  78  73  70  71  71  73  72  73  77  74  86 117 145 160 165 162 159
 161 161 156 153 149 143 132 126 104  81  71  68  64  64  64  66  65  70
  70  67  67  64  63  58  55  54  53  58  61  68  76  88 102 106 105  90
  65  58  57  53  50  47  43  41  40  38  32  29  34  38  41  46  51  57
  62  74  80  90 105 115 124 131 132 137 139 141 144 146 145 146 144 142
 140 141 143 143 141 139 139 139 138 137 138 138 136 133 133 134 132 130
 129 131 131 130 130 130 129 127 128 131 131 129 130 130 131 130 127 124
 126  29]"
"[ 29  28 201 202 203 203 203 203 202 202 201 202 201 200 200 200 203 202
 201 200 199 199 198 198 196 196 194 194 195 195 196 199 199 199 197 196
 196 197 196 195 195 195 195 195 195 195 195 195 195 195 195 194 194 193
 194 195 194 190 192 197 193 196 196 182 152 123  99  92  89  83  77  76
  74  70  69  74  74  74  77  81  78  77  98 134 154 160 164 159 157 157
 158 154 149 149 149 143 129 110  90  78  73  70  67  64  64  65  63  66
  67  64  65  64  57  54  56  58  58  58  60  69  73  84  98 104 103  88
  68  66  68  64  58  52  46  44  43  40  37  32  33  37  44  52  56  62
  70  83  91 102 117 125 131 135 138 142 144 144 146 146 145 145 148 147
 145 145 146 145 145 144 143 142 141 141 142 142 140 136 133 132 131 130
 130 129 130 130 129 131 131 129 129 131 130 129 130 129 130 130 130 127
 128  29]"
"[ 30  29 201 203 204 204 204 205 203 203 203 203 203 201 200 200 201 200
 200 200 201 200 200 200 199 199 197 196 196 196 196 199 200 200 200 199
 198 198 197 196 197 196 196 197 197 195 195 196 195 195 195 194 193 194
 195 195 198 191 193 195 190 193 187 161 130 111 101  93  87  83  76  79
  76  68  69  72  73  77  80  82  84 100 135 164 164 158 162 160 158 156
 154 152 149 145 132 115  99  81  71  69  65  64  66  66  65  65  63  65
  64  61  62  62  59  56  58  59  62  62  64  72  79  90 100 101  98  89
  79  79  76  69  63  58  52  47  46  45  47  40  35  36  46  56  60  68
  74  92 105 115 124 129 135 138 139 143 145 144 146 146 146 146 149 149
 149 148 147 147 148 148 147 146 144 143 143 142 139 136 135 133 132 133
 133 130 130 131 131 133 133 131 130 130 131 130 130 128 128 129 130 128
 129  29]"
"[ 29  29 202 203 204 204 204 205 205 205 204 204 203 201 199 199 201 201
 201 202 203 203 203 202 201 202 201 201 201 200 199 200 200 201 202 201
 201 200 200 199 199 197 197 199 198 196 195 196 195 195 194 194 194 194
 195 196 194 195 195 193 191 196 182 147 104 101  99  90  81  79  76  75
  71  69  70  70  75  83  84  84  95 143 179 187 182 175 172 169 166 161
 157 152 142 129 111  93  83  78  74  70  65  65  67  67  66  65  65  65
  63  58  57  58  63  62  63  60  66  69  71  75  84  97 104  98  93  92
  87  83  87  77  72  71  65  56  54  56  52  48  43  43  53  61  65  75
  82 101 114 121 125 129 135 138 140 143 144 144 147 148 148 148 147 148
 148 148 147 148 149 150 148 147 145 143 142 141 139 137 139 137 136 136
 134 133 132 133 134 134 134 131 130 131 132 132 130 128 128 128 129 128
 129  29]"
"[ 29  29 202 204 204 203 203 205 206 205 205 204 203 201 201 201 202 202
 201 202 202 203 202 202 199 201 202 202 204 204 204 205 201 203 204 203
 202 201 201 200 200 198 198 200 200 197 196 197 196 195 195 195 195 195
 196 196 194 197 193 188 188 181 152 115  96  98  94  88  79  76  76  72
  72  74  75  77  82  84  90 103 147 182 192 183 186 190 188 186 185 182
 173 150 121 101  89  79  78  78  72  65  65  65  63  62  65  64  64  64
  61  57  55  57  62  63  66  64  72  73  77  85  99 111 117 114 110 108
 104  97  96  89  84  81  75  68  65  65  57  59  58  57  63  69  73  85
  97 108 116 122 127 132 137 136 144 146 145 146 149 151 150 149 148 148
 148 147 148 150 150 150 148 147 146 144 143 142 142 143 140 139 137 135
 134 134 134 132 134 134 133 132 132 132 132 131 130 129 130 130 130 129
 130  30]"
"[ 29  30 203 206 206 205 205 205 205 204 203 203 203 202 202 203 202 201
 201 202 202 203 204 204 200 202 202 202 204 205 205 206 205 205 206 204
 203 202 202 202 202 201 201 202 202 200 199 199 198 197 197 197 197 197
 197 197 195 196 191 192 188 167 133 105 104  99  89  88  82  75  76  73
  73  73  73  80  81  82 109 141 181 187 186 184 184 184 185 184 179 167
 144 113  89  82  81  76  75  76  69  64  67  67  64  67  64  61  62  62
  60  59  58  62  65  66  72  72  82  82  90 106 111 114 116 118 116 113
 111 108 109 107 102  95  90  89  88  84  74  75  73  69  70  76  84  97
 105 112 117 121 124 129 136 137 145 147 147 147 151 153 152 150 150 150
 149 147 148 150 151 150 149 147 146 145 144 143 143 145 140 140 137 135
 135 136 135 133 133 132 132 134 135 134 132 129 128 130 133 133 133 131
 131  29]"
"[ 29  31 204 208 208 207 206 207 204 203 203 203 204 204 204 205 206 205
 205 206 206 207 208 208 201 204 204 204 205 205 204 204 207 207 206 205
 204 204 204 203 204 204 204 204 203 203 202 201 200 200 199 199 199 199
 198 198 198 197 195 190 170 138 115 102 102  93  86  85  80  75  74  75
  71  74  75  81  81  98 146 177 189 184 183 186 183 184 187 181 171 140
 105  83  75  80  82  77  72  72  69  65  63  63  63  65  60  57  60  61
  61  62  61  66  73  78  86  87 104 107 114 124 119 115 111 113 112 109
 113 112 110 108 105 100  97  97  97  93  91  88  86  81  80  87  96 106
 107 113 117 122 122 126 135 139 144 147 148 149 152 153 153 152 152 152
 150 147 147 149 151 150 150 148 146 146 145 144 143 144 142 140 138 137
 138 138 136 134 133 132 133 134 136 135 133 132 130 132 135 135 135 132
 131  28]"
"[ 28  29 204 207 209 208 207 206 204 204 204 205 205 205 206 207 209 208
 208 207 206 206 205 205 200 204 206 207 208 208 205 205 207 206 206 204
 204 204 204 204 204 204 204 203 203 203 202 201 202 201 201 201 201 201
 199 198 199 199 198 183 144 111 103 100  94  88  89  84  79  78  76  79
  82  93  96  96  93 125 180 192 189 188 183 180 184 191 186 167 138 107
  84  82  84  80  75  70  70  70  71  67  63  66  67  61  56  53  58  61
  63  63  62  67  79  90 102 104 128 136 134 130 122 119 112 111 109 109
 113 110 109 103 102 103 100  96  94  94  94  92  94  93  94 100 105 109
 112 113 116 123 126 130 137 139 146 150 151 151 153 153 152 153 154 154
 151 147 146 149 151 152 150 148 146 148 149 148 146 146 145 141 138 139
 141 139 136 135 135 134 133 134 135 136 136 136 135 135 136 135 135 134
 133  30]"
"[ 29  29 204 208 207 207 207 206 205 204 205 207 207 206 207 210 208 209
 209 207 206 207 207 204 202 205 209 208 206 206 208 207 207 207 207 206
 207 206 204 202 203 203 203 204 204 203 203 203 202 204 202 202 203 202
 202 201 201 201 194 158 130 104 107  99  89  89  87  84  81  81  82  82
  90  95 102  98 106 153 190 194 186 190 186 187 190 181 165 125  91  84
  82  80  76  77  75  67  68  72  68  65  63  63  64  58  52  54  54  56
  62  56  57  77  89 102 132 148 162 156 156 149 143 138 128 122 118 118
 117 112 110 106 105 104 101  98  96  94  92  95  96  96  98 103 108 111
 115 116 115 121 125 130 140 142 145 148 152 154 153 153 153 154 153 152
 151 150 150 151 151 150 153 150 149 148 146 146 147 147 143 141 139 141
 141 140 138 137 137 136 133 131 133 136 136 135 136 135 136 135 133 131
 131  28]"
"[ 29  29 204 208 207 207 207 206 206 204 205 207 208 207 206 207 209 211
 210 208 207 208 208 208 207 207 208 208 206 206 208 207 208 207 206 206
 206 206 205 203 204 204 204 204 204 203 203 203 203 204 202 203 204 201
 201 199 196 193 174 135 116 105 107  93  88  86  83  82  80  80  84  90
  97 103 109 108 125 178 201 197 188 186 190 191 185 162 128  89  85  80
  78  76  72  72  71  64  65  69  66  65  64  64  65  60  54  54  54  52
  52  61  82 102 127 142 160 162 161 159 158 152 149 146 143 140 133 128
 126 123 116 111 107 106 103 100  97  95  96  99 100 101 103 108 112 114
 116 118 118 124 126 131 141 144 146 148 151 153 153 153 153 153 153 152
 151 151 152 153 152 151 152 151 151 151 147 146 148 148 146 144 143 143
 143 141 139 139 138 136 134 133 135 137 136 134 133 133 136 135 132 131
 132  29]"
"[ 29  29 204 208 207 206 207 206 206 205 206 209 210 208 207 206 209 211
 210 208 206 207 209 210 210 208 207 208 207 207 208 208 208 208 207 206
 207 207 207 206 204 203 203 204 204 203 203 204 205 205 202 204 204 201
 201 198 197 189 162 123 106 103 105  95  88  84  81  82  80  79  86  96
 104 108 104 112 143 193 197 193 192 189 187 179 146 102  91  86  81  77
  77  75  70  70  70  67  65  66  65  65  65  65  66  64  63  68  68  66
  75 103 135 153 160 164 165 162 157 159 157 152 154 149 145 143 137 130
 128 127 121 117 115 112 108 103 101  99 102 103 105 105 107 111 114 115
 117 120 122 127 128 132 141 145 146 147 149 152 153 154 153 153 154 153
 153 152 153 154 153 152 151 151 153 151 147 146 148 149 148 146 145 145
 144 142 140 139 139 138 136 135 137 138 136 134 133 133 136 135 133 131
 133  30]"
"[ 29  29 204 208 207 206 207 206 206 206 208 210 210 209 208 207 209 209
 209 207 206 207 209 209 208 206 207 209 209 208 208 208 208 208 208 207
 208 208 207 206 204 204 204 204 204 204 204 204 205 204 202 204 204 201
 202 200 200 174 137 113 106 104  98  91  88  84  82  83  82  81  86  94
 102 111 108 134 170 203 196 197 193 187 174 125  92  85  76  72  77  74
  74  72  69  69  71  69  68  67  65  66  65  64  67  68  71  85  88  99
 124 150 162 169 169 162 158 161 161 160 157 155 151 146 146 144 138 132
 128 127 123 117 114 112 108 105 103 101 100 102 104 105 109 114 118 119
 120 121 125 129 129 132 140 144 147 149 150 152 153 154 154 154 155 155
 154 153 153 153 153 153 152 152 152 150 146 147 150 151 148 147 146 145
 145 143 142 140 140 139 139 139 139 138 137 135 135 135 137 136 134 134
 134  29]"
"[ 29  29 204 208 207 206 207 207 206 207 209 210 209 208 207 208 209 209
 209 208 209 209 210 210 208 206 207 209 208 207 207 207 206 207 208 209
 209 208 206 204 206 205 206 206 206 205 204 205 204 203 202 204 202 201
 203 201 191 153 118 108 107 103  93  90  86  84  83  83  83  84  89  93
 102 108 115 155 180 201 200 193 189 153 112  86  80  77  80  79  74  71
  69  68  67  66  67  66  68  66  66  65  63  64  68  74  80  90  98 127
 154 167 165 166 169 162 161 163 161 155 153 152 154 151 152 144 133 129
 126 128 121 115 111 110 109 107 105 102 100 101 103 105 109 115 119 120
 122 122 126 129 130 135 140 143 149 150 153 154 154 154 155 155 155 155
 153 152 152 152 153 153 154 152 152 151 149 150 152 150 147 147 146 145
 145 145 144 143 141 142 143 142 140 138 137 137 138 137 138 137 136 136
 135  29]"
"[ 29  29 203 207 207 207 207 206 207 208 209 209 207 206 206 207 209 209
 209 209 210 210 210 210 209 208 208 208 205 205 206 206 206 207 209 210
 210 209 206 204 206 206 207 207 206 205 204 203 205 203 203 205 203 202
 204 198 180 143 116 110 105  98  90  89  84  84  83  81  83  88  94  97
 105 106 129 176 189 204 196 166 122  93  81  72  78  78  68  71  74  72
  70  69  68  67  65  65  66  63  64  62  61  64  69  77  85  91 111 153
 166 171 172 172 167 165 165 162 160 159 158 154 146 139 137 129 121 117
 110 108 104 106 110 112 108 103 101 100  92  95  98 102 107 114 118 120
 123 122 127 130 132 137 140 144 148 150 152 154 154 154 154 154 154 153
 152 151 151 152 153 152 153 152 152 153 152 153 152 147 146 146 146 145
 145 146 145 144 143 144 145 144 140 137 136 137 139 137 137 136 137 138
 136  29]"
"[ 29  28 202 206 207 207 207 206 207 208 209 208 206 206 206 207 208 208
 209 210 210 209 210 210 209 208 209 207 205 206 206 205 205 207 208 209
 209 208 207 205 205 206 206 207 207 205 203 203 205 204 203 205 203 203
 201 189 165 127 108 106 103  95  86  80  84  84  82  81  82  88  95  99
  93 106 149 191 200 194 157 119  87  82  75  71  76  74  73  66  71  71
  71  71  71  68  66  66  64  61  63  61  61  64  67  75  84 110 141 175
 174 173 173 169 168 170 167 164 160 161 150 136 119  96  78  62  56  58
  54  55  62  67  77  81  78  74  75  76  75  80  88  97 106 115 121 122
 123 122 128 130 132 137 140 144 147 148 150 152 153 154 153 153 153 154
 153 153 152 153 153 152 152 152 153 154 154 155 152 146 147 148 147 146
 146 147 146 145 145 144 144 143 141 138 137 138 138 137 138 136 137 138
 137  29]"
"[ 29  28 202 206 206 207 207 205 208 208 208 208 207 208 208 207 208 209
 210 210 210 209 210 211 207 207 209 208 207 208 208 204 204 205 206 206
 206 207 206 205 204 205 206 208 208 206 204 204 204 203 202 204 203 202
 197 181 142 110 104 106  99  88  85  84  83  83  82  81  81  84  91  96
  95 124 169 193 195 166 109  87  80  79  76  68  71  72  71  67  64  66
  68  70  70  67  64  65  65  61  63  60  61  64  65  71  90 136 163 177
 171 174 175 172 170 174 170 167 149 137 106  82  70  53  49  48  52  56
  51  52  49  47  49  55  60  64  67  67  68  75  85  95 104 112 116 118
 123 122 128 130 130 136 139 144 147 148 150 152 155 155 154 153 155 155
 156 155 154 154 153 152 154 154 154 155 155 156 154 148 150 150 149 148
 148 148 148 146 145 143 143 143 141 139 138 139 138 138 139 137 137 138
 136  29]"
"[ 29  29 201 204 205 206 206 207 208 209 209 208 207 206 205 204 205 207
 208 209 210 210 209 208 210 208 207 208 208 207 206 207 206 206 206 206
 205 204 204 204 207 205 204 202 204 205 201 206 203 204 208 204 204 206
 186 163 115 107 101  99  96  89  84  82  84  76  78  76  78  86  88  97
 102 146 182 195 189 133  88  84  77  75  73  68  65  67  66  63  64  65
  67  68  66  65  65  65  66  60  60  61  57  62  64  80 146 168 180 178
 174 176 178 176 175 160 142 123  99  77  63  57  52  53  54  55  55  55
  55  54  50  49  48  52  57  62  64  65  67  75  80  89 101 107 112 119
 118 116 120 125 118 129 142 145 147 147 150 153 154 155 156 156 157 157
 157 155 153 153 152 152 155 155 155 155 155 155 154 153 152 152 151 151
 151 150 148 146 145 143 142 142 143 143 141 140 140 140 137 136 138 136
 136  30]"
"[ 29  29 202 205 206 205 205 206 207 208 209 208 206 205 204 204 204 203
 204 207 210 210 209 208 206 207 207 208 208 208 207 207 207 207 207 206
 206 205 206 206 209 209 205 203 204 207 211 214 207 203 206 201 200 194
 160 131 100  99  98  97  94  87  81  78  78  74  76  78  80  87  93  95
 109 160 191 193 167 107  79  79  72  70  69  67  65  66  67  65  65  65
  62  64  66  62  61  63  61  62  67  64  59  66  87 137 171 180 182 180
 180 180 175 162 142 121  98  80  67  61  60  60  54  54  53  53  53  54
  53  52  52  51  52  55  59  62  65  66  69  73  75  82  94  99 100 104
 101  96  96  93  90 102 121 129 145 147 150 152 152 153 156 158 158 157
 156 153 152 153 154 154 155 155 155 155 155 154 154 153 153 152 152 151
 150 148 147 145 146 144 143 143 143 143 142 140 141 141 138 137 138 137
 136  29]"
"[ 29  29 203 206 206 205 204 205 204 206 206 205 204 203 203 203 202 200
 200 204 209 209 207 206 204 207 208 207 207 207 208 207 206 206 206 205
 205 205 206 206 203 208 206 210 210 208 207 197 203 198 207 207 203 180
 132 106  95  96  94  90  85  81  78  75  74  75  75  79  79  82  92  94
 136 182 197 186 144  87  77  78  67  65  65  66  65  65  65  64  65  70
  65  64  66  61  59  57  65  57  58  54  54  91 138 173 184 179 175 176
 175 162 135 105  88  78  70  68  65  62  60  57  55  54  52  52  53  53
  52  50  52  52  54  56  59  62  64  65  66  69  70  78  88  89  83  81
  80  78  80  76  78  86 105 114 131 140 149 153 154 155 158 158 158 157
 155 154 153 154 154 154 154 154 155 155 154 154 154 154 154 154 153 151
 149 148 146 146 148 147 145 145 146 145 144 143 143 142 139 138 139 138
 137  28]"
"[ 29  29 204 206 206 204 204 205 204 204 204 204 204 204 205 204 205 201
 200 205 209 208 205 204 206 208 209 206 204 205 207 207 204 204 204 204
 204 204 205 206 204 206 206 203 192 174 152 126 109 125 163 183 177 146
 105  99  97  94  88  82  78  76  75  75  74  76  77  79  78  76  87 106
 155 190 199 182 133  82  74  69  66  63  63  65  65  65  65  64  63  67
  64  64  60  56  58  54  50  52  47  59  93 138 171 175 173 165 155 139
 111  89  82  75  58  57  60  64  63  59  56  53  54  52  51  53  54  54
  51  49  51  52  54  56  59  61  62  61  59  60  61  64  67  63  54  50
  54  58  65  68  75  81  92 100 117 132 146 152 154 156 158 158 156 157
 156 156 156 156 154 153 154 154 155 155 154 154 154 154 155 155 154 152
 150 149 148 147 149 148 147 147 147 147 146 145 144 143 141 140 140 139
 139  29]"
"[ 29  29 202 205 205 204 204 206 205 205 204 204 206 208 207 206 208 205
 204 208 210 208 206 206 206 209 209 205 203 204 205 205 203 203 203 203
 204 204 206 207 204 203 204 192 172 149 117  92  88  89 106 117 122 112
  94  98  93  87  81  78  76  74  74  74  73  75  78  79  81  74  87 131
 178 196 197 170 116  78  75  76  69  63  60  63  64  65  66  66  65  60
  58  61  55  52  58  55  47  44  58  94 138 161 156 141 121 102  86  78
  64  56  62  64  65  63  62  61  58  56  57  58  54  52  51  53  55  54
  52  50  52  53  54  56  58  60  59  57  56  58  58  56  53  49  47  47
  52  58  61  69  75  82  88  97 111 128 142 148 152 155 156 158 156 157
 158 158 158 157 155 152 154 155 155 156 155 155 155 155 155 155 154 153
 152 150 150 150 148 147 146 146 146 147 146 146 143 143 142 142 140 140
 140  30]"
"[ 29  29 201 204 204 204 204 206 205 204 204 205 207 208 208 206 207 206
 206 209 209 207 206 207 204 207 207 206 205 204 203 202 202 203 203 203
 203 204 205 206 204 202 202 183 155 129 101  88  89  91  96  94  95  97
  95  98  88  81  75  73  73  72  73  74  72  74  78  78  80  76  96 156
 193 199 197 165 110  81  74  73  73  65  60  59  59  60  62  62  61  57
  57  54  50  55  55  46  39  52 111 152 161 141 103  81  69  60  59  68
  69  65  66  66  63  60  59  60  57  55  53  51  55  53  53  54  54  52
  51  52  52  53  54  54  56  57  55  52  49  52  53  51  45  42  44  48
  52  56  58  66  70  80  86  96 103 122 139 148 154 156 155 156 157 158
 158 157 157 157 156 155 155 155 156 156 157 157 157 157 155 155 155 154
 153 152 151 151 149 148 147 146 146 146 146 146 143 142 143 142 140 140
 142  29]"
"[ 29  29 201 203 203 203 204 205 203 204 204 204 205 206 205 205 205 205
 205 207 207 206 205 205 203 204 205 205 205 204 203 202 202 203 203 203
 202 203 203 204 200 201 195 176 147 117  97  93  89  90  91  93  97 101
  97  88  83  79  72  68  66  68  71  73  73  74  76  76  76  79 115 176
 204 201 187 148  96  79  76  73  73  67  63  61  59  58  57  56  53  53
  54  45  45  52  47  44  62 112 162 162 138  98  71  72  67  66  64  67
  67  63  61  59  60  57  57  58  57  55  54  51  53  53  55  56  54  51
  50  51  50  51  52  52  52  53  52  49  50  51  52  48  41  37  40  42
  48  51  57  65  71  79  89  98  96 116 134 147 157 159 155 155 157 158
 158 158 157 158 158 157 156 156 157 157 158 158 158 158 157 157 157 156
 155 154 152 151 151 150 149 148 147 147 146 146 144 142 143 143 141 142
 143  28]"
"[ 29  28 200 203 203 203 203 204 203 204 205 205 204 204 204 204 203 204
 205 205 205 205 204 203 204 203 203 204 204 203 202 202 203 203 203 203
 202 202 202 202 199 200 186 167 138 105  91  89  83  84  86  93  95  96
  96  88  75  75  72  66  63  66  70  71  73  74  73  74  72  84 134 189
 202 203 186 145  93  78  78  72  68  66  66  65  63  60  58  56  55  49
  48  44  48  46  43  64 118 163 176 148 104  71  74  67  64  68  65  64
  65  64  63  60  59  57  57  57  54  53  53  53  49  52  57  59  56  51
  49  50  47  50  51  51  50  51  51  49  50  47  45  42  37  37  42  45
  52  53  61  64  68  70  82  89  97 114 130 143 155 157 154 156 156 157
 158 159 158 159 158 158 157 157 157 158 159 159 159 158 160 159 158 158
 157 155 153 152 153 152 150 149 148 147 146 146 147 143 143 144 142 145
 144  28]"
"[ 30  28 201 204 206 205 203 203 204 205 204 203 203 205 206 206 204 203
 203 203 204 205 204 203 202 203 204 202 202 203 203 202 202 204 203 201
 203 203 202 203 199 205 184 158 126  95  88  85  83  82  87  93  95  99
  96  86  74  74  71  66  64  65  68  69  74  74  73  72  71  91 154 195
 201 204 178 134  94  84  70  78  71  67  65  65  65  65  61  55  53  50
  42  47  46  42  57 131 172 184 167 127  76  66  66  67  64  64  64  64
  64  65  62  59  57  55  58  57  54  54  52  52  49  54  56  56  53  53
  47  52  50  51  48  47  50  51  49  48  50  47  46  40  40  40  40  49
  55  56  61  64  63  66  77  87  97 117 136 150 153 155 155 159 158 158
 158 159 159 158 157 158 157 157 159 161 160 159 160 162 159 159 159 158
 156 155 153 152 154 152 150 148 147 147 147 147 146 145 143 146 145 143
 144  30]"
"[ 29  29 202 206 207 206 205 207 207 206 204 203 204 205 205 204 204 203
 202 203 203 204 203 203 203 204 203 202 202 202 203 202 203 204 203 202
 203 203 202 202 201 196 171 148 114  95  89  88  83  81  85  89  91  95
  94  85  75  72  68  65  63  63  65  67  71  69  71  75  70  92 164 202
 205 199 173 119  94  79  72  73  68  66  65  65  65  65  62  56  54  51
  45  47  47  52  98 166 189 189 161 110  66  62  66  59  58  59  60  60
  61  61  60  57  57  55  58  56  53  53  51  51  50  47  54  54  50  52
  54  51  50  51  50  51  55  55  51  47  57  58  51  41  39  44  43  45
  56  59  62  63  62  64  69  74  99 118 136 150 155 159 156 155 157 157
 158 159 159 158 158 158 157 157 158 160 160 159 160 162 161 160 159 158
 157 156 155 154 155 153 151 149 148 148 147 147 147 147 146 147 145 145
 145  29]"
"[ 29  29 203 206 206 205 206 209 207 206 203 203 204 205 204 202 203 203
 203 203 203 203 203 203 204 204 203 202 202 203 203 203 204 203 203 202
 202 201 201 201 202 188 165 137 104  91  87  80  81  80  83  87  88  93
  93  87  78  72  67  65  63  62  63  65  66  67  68  73  70  98 172 204
 202 195 169 114  98  80  75  69  66  65  65  66  65  65  64  60  58  55
  51  49  46  58 130 184 192 180 138  82  61  63  64  57  55  56  58  58
  59  59  58  57  59  59  61  58  56  56  54  54  47  45  49  48  57  59
  57  53  49  53  53  54  57  60  62  65  89  93  77  61  46  48  49  51
  56  60  61  60  62  63  65  69  97 117 137 151 154 159 158 158 157 158
 159 160 160 159 158 158 158 157 158 158 159 159 160 161 162 160 159 157
 157 156 155 154 154 154 152 151 150 149 148 147 146 148 147 147 145 146
 146  28]"
"[ 29  29 203 205 205 204 205 208 205 204 203 202 203 204 203 202 202 203
 204 204 204 203 203 203 203 202 201 201 202 203 203 203 203 202 202 202
 200 200 201 201 202 181 162 122 100  87  85  74  76  77  81  84  87  91
  91  87  82  76  70  66  63  62  62  63  64  67  69  71  70  88 148 196
 205 201 164 109  87  74  71  69  66  64  64  65  65  66  66  64  61  57
  58  57  52  64 142 185 188 163 109  65  64  67  59  58  55  55  55  56
  57  57  57  57  59  60  61  57  56  56  55  57  56  58  56  52  64  72
  70  68  67  71  74  78  87  98 108 116 116 113  88  68  45  43  47  52
  55  60  58  56  60  61  65  72  91 109 131 149 152 157 159 161 159 159
 159 160 160 159 158 158 159 158 157 158 159 159 160 160 161 160 158 157
 157 157 155 155 154 154 153 152 152 151 151 151 146 148 147 148 147 147
 146  28]"
"[ 29  29 202 203 204 204 205 205 204 204 203 203 203 203 203 204 201 203
 204 205 204 203 203 203 202 201 200 200 201 202 202 202 202 201 202 201
 199 200 202 200 188 158 132  96  87  78  75  71  74  77  81  85  88  91
  91  88  82  79  73  66  63  63  65  65  67  69  72  75  72  66 100 177
 198 197 155 103  78  68  66  67  66  64  64  65  65  67  67  64  63  60
  62  63  55  68 138 180 178 131  81  59  62  65  57  58  55  54  52  52
  54  55  55  54  57  58  58  55  56  57  56  61  65  69  78  87 101 133
 150 152 134 131 124 122 126 128 126 125 125 114  83  65  46  47  52  55
  56  59  57  55  57  56  61  74  87 100 122 147 154 158 158 158 159 158
 159 160 160 159 158 158 161 160 159 159 160 161 161 161 161 160 159 159
 159 158 157 155 156 155 154 153 153 153 154 153 149 148 147 150 149 147
 146  30]"
"[ 30  29 201 203 205 206 205 204 205 205 205 205 204 202 203 205 203 204
 205 205 204 203 203 203 204 203 202 202 202 201 202 202 201 200 201 201
 200 201 199 190 172 135 102  88  83  79  71  74  72  77  81  84  88  90
  89  87  80  78  73  66  63  66  69  70  72  73  75  75  76  63  72 143
 183 187 150 103  84  68  66  64  65  65  66  68  68  69  67  64  65  63
  63  63  55  72 136 176 164 101  66  62  56  59  59  58  57  54  52  52
  53  54  55  55  55  55  54  53  55  56  56  64  73  81  91 105 124 155
 165 166 165 160 150 142 138 134 128 123 123 108  79  59  44  49  53  52
  55  57  57  57  56  55  61  73  83  95 121 150 156 157 156 158 159 158
 159 160 160 160 160 160 162 162 161 160 161 162 162 162 160 160 159 160
 160 159 157 156 156 155 154 153 153 154 153 152 150 148 147 150 149 146
 145  29]"
"[ 30  29 201 203 205 207 206 204 205 206 206 206 204 203 203 205 206 206
 206 205 204 203 203 203 205 204 204 204 203 202 202 203 202 200 202 202
 201 200 190 172 150 114  86  85  78  76  70  71  71  75  77  79  83  86
  86  85  82  79  74  69  67  68  72  75  75  77  76  73  76  74  68 104
 169 177 143 101  84  65  65  65  65  66  67  68  67  68  68  66  66  65
  64  64  62  84 146 170 145  88  68  65  58  56  60  57  58  55  53  53
  55  56  57  59  53  51  49  50  54  55  56  67  77  92 108 126 151 165
 162 162 161 159 152 143 139 136 134 134 129 106  80  59  47  49  51  51
  54  54  56  56  56  58  65  72  80  93 121 149 154 157 158 160 159 159
 160 162 162 162 161 162 162 163 162 161 161 162 162 161 159 160 160 160
 160 159 158 157 157 155 154 153 154 154 152 151 150 149 147 149 148 147
 146  29]"
"[ 30  29 201 203 205 207 205 203 205 205 206 206 205 203 203 205 210 209
 207 205 204 204 204 204 204 203 203 204 203 201 201 203 202 201 202 203
 201 198 181 157 136 103  86  83  73  71  76  71  75  79  80  80  85  88
  89  89  87  81  75  72  70  70  73  77  77  75  75  74  74  76  67  79
 138 158 132 103  83  65  63  65  65  65  66  65  63  65  67  67  69  68
  64  63  65  88 146 149 117  77  66  61  63  57  58  58  57  55  53  54
  55  56  58  60  58  54  52  53  59  59  60  73  99 112 141 159 169 168
 167 163 162 161 154 147 143 140 137 135 137 101  74  57  51  50  48  51
  54  53  54  54  55  60  67  70  80  91 116 144 152 159 160 159 159 160
 161 162 163 162 161 161 162 162 162 160 160 161 161 159 160 161 161 162
 161 161 160 159 158 156 155 155 156 156 153 151 149 150 148 149 148 149
 148  29]"
"[ 29  30 203 205 203 201 203 208 203 204 205 205 203 202 204 207 208 205
 204 205 205 202 202 204 203 204 204 203 203 203 203 203 201 200 203 200
 202 196 173 141 108  99  91  82  76  74  71  74  77  79  86  82  89  88
  92  88  91  84  77  73  72  72  74  76  75  73  72  73  74  72  68  65
 108 134 122  99  82  68  66  64  68  66  65  64  61  63  66  68  71  70
  73  72  72  99 140 134  95  69  58  61  60  58  58  61  61  56  50  54
  53  51  57  59  57  57  57  58  68  72  73  96 129 146 164 171 169 168
 167 164 163 159 155 151 147 142 138 136 130  94  65  54  56  54  56  53
  57  54  55  56  54  58  66  68  83  93 116 139 155 162 159 158 160 159
 160 162 163 162 161 162 163 162 161 160 160 161 162 163 163 162 161 161
 160 158 157 157 156 155 155 155 155 154 152 151 153 153 151 150 149 145
 149  29]"
"[ 29  30 203 206 205 203 204 207 206 205 204 204 204 203 203 205 205 203
 202 203 203 203 203 204 203 204 203 203 203 204 203 202 201 200 202 204
 194 179 153 118  96  91  88  81  76  73  71  73  79  76  83  96 111 103
 102  95  88  87  81  73  71  73  75  74  74  73  73  74  73  71  69  68
  80 102 101  89  79  69  67  66  64  65  65  62  59  60  64  69  73  72
  74  78  82 104 131 118  82  64  59  62  61  60  58  58  62  59  54  54
  53  51  54  53  55  55  55  55  71  92 113 144 165 171 175 173 168 167
 168 166 165 163 159 155 150 144 140 139 131  96  67  56  56  51  54  59
  57  54  55  56  54  58  65  68  81  91 108 136 154 157 160 162 160 160
 161 162 162 161 161 161 162 162 161 160 160 161 162 163 162 162 162 162
 161 159 158 158 159 159 158 158 158 157 155 154 154 154 152 151 150 146
 149  28]"
"[ 29  30 203 207 206 205 204 205 206 204 202 203 204 205 205 205 203 202
 202 202 204 205 205 206 203 203 203 203 203 204 203 202 200 201 203 206
 186 163 134 104  87  85  85  80  76  75  73  75  81  77 100 125 139 124
 108 101  90  89  84  76  72  73  74  73  74  74  75  75  73  70  70  70
  69  83  88  83  75  66  59  58  61  64  64  61  61  61  65  72  75  76
  76  88  95 110 117  96  73  61  57  57  57  60  61  61  63  63  60  62
  62  60  59  56  55  65  81  97 122 145 157 170 175 174 173 171 168 168
 169 167 166 165 162 158 152 145 141 140 131  97  65  52  55  52  54  58
  56  54  54  55  54  56  63  67  80  95 106 128 148 155 162 160 161 161
 162 162 162 161 161 162 162 161 160 160 160 161 162 163 162 162 163 164
 163 161 160 160 159 159 159 159 158 157 155 154 155 155 154 153 152 149
 150  28]"
"[ 29  29 203 206 207 206 204 203 206 204 203 204 205 206 205 204 202 203
 203 203 204 206 207 206 203 203 203 203 203 203 202 201 202 202 202 195
 170 140 109  92  85  83  83  78  75  76  76  78  82  80 125 149 161 147
 111 104  96  91  85  80  76  73  73  75  75  75  75  74  71  69  68  69
  70  75  82  78  72  66  57  55  59  63  61  59  64  65  66  71  75  79
  79  94 101 109 102  81  72  62  58  57  58  62  65  67  74  76  75  74
  74  76  83  89  93 117 146 160 170 178 176 174 174 171 171 172 171 170
 168 165 165 164 162 158 153 146 142 140 126  98  64  47  53  53  53  53
  54  53  54  55  55  56  60  64  80  96 106 123 144 156 161 157 161 162
 162 162 161 160 161 162 161 161 160 160 160 161 162 162 162 162 164 165
 165 163 161 160 158 159 159 159 157 156 154 153 155 155 155 155 155 152
 153  29]"
"[ 29  29 202 204 206 206 204 203 207 207 206 205 205 204 203 202 202 203
 203 202 203 205 206 204 204 204 203 202 202 202 201 200 200 199 199 178
 155 123  94  91  85  81  79  74  73  76  77  79  85  91 140 165 179 174
 131 109 101  95  87  82  78  76  76  77  76  75  74  73  70  67  65  65
  67  68  75  73  70  69  59  56  58  61  60  58  62  62  62  67  74  80
  83  96 100 102  91  74  66  58  57  59  62  64  65  69  74  82  89  90
  87  86  95 110 121 145 171 183 189 194 190 181 179 174 172 173 172 171
 169 167 165 164 163 159 155 150 144 140 124  99  68  50  52  51  50  51
  50  51  53  55  57  57  60  64  80  89 103 122 143 155 158 160 160 161
 162 162 161 160 161 161 161 161 160 160 160 161 162 162 162 162 163 165
 164 163 161 160 160 160 161 161 160 158 156 154 154 155 154 155 155 153
 154  29]"
"[ 29  29 201 203 204 205 204 204 206 207 207 206 205 204 204 203 203 204
 203 202 203 204 204 203 204 204 203 202 201 201 201 201 199 199 196 167
 145 116  93  94  83  78  75  73  74  76  77  81  86 110 152 179 192 188
 153 113 102  99  92  83  80  81  81  78  77  75  74  73  72  68  65  63
  63  64  70  68  68  68  59  56  56  61  61  59  58  57  59  64  74  81
  87  97  98  94  84  72  62  55  55  59  64  66  67  72  78  88 100 107
 109 105 104 115 119 153 183 189 184 183 185 184 179 175 173 173 172 172
 172 171 166 165 163 161 157 153 147 142 131  98  67  53  55  50  48  49
  48  50  52  55  58  58  60  66  79  87 103 119 136 153 158 159 159 161
 162 162 162 162 162 162 162 162 161 161 161 161 161 162 161 161 162 163
 163 162 161 160 161 161 162 162 161 159 157 156 155 155 154 153 155 153
 154  28]"
"[ 29  29 201 203 204 205 205 205 205 206 207 205 204 205 205 205 203 203
 203 203 203 204 203 203 204 204 204 202 201 201 202 203 201 201 188 161
 132 109  95  87  83  76  74  73  74  77  78  84  96 131 167 189 194 192
 167 124 103 102  96  88  84  84  82  79  76  75  75  75  73  70  65  63
  60  61  63  64  66  65  60  58  57  59  61  59  57  57  61  65  74  80
  90  97  96  88  80  69  63  59  59  61  65  68  70  78  86  92 100 106
 114 116 115 125 132 160 182 187 187 187 187 184 182 179 178 177 174 173
 172 169 167 167 165 162 159 155 149 144 139 100  65  53  56  52  50  48
  49  50  51  54  57  56  59  66  77  88 102 114 125 143 158 156 159 161
 163 163 163 164 164 163 163 162 162 161 161 161 161 161 161 161 162 163
 163 162 162 162 162 162 161 161 161 160 158 157 157 156 154 153 154 154
 154  28]"
"[ 29  30 203 203 203 205 205 205 207 208 207 204 203 204 205 204 203 202
 202 203 203 203 203 203 203 204 204 202 201 202 203 205 201 200 180 158
 125 108 103  88  83  75  73  72  74  76  79  87 119 150 183 195 195 200
 180 145 106 102  98  94  88  83  81  81  74  74  74  75  73  70  65  63
  60  60  58  60  63  60  56  58  57  57  57  58  58  61  65  66  73  77
  90  96  96  85  76  64  60  59  60  60  63  66  67  73  86  96 106 109
 117 123 127 139 146 169 185 188 188 188 186 184 183 180 178 175 172 172
 171 168 168 168 166 163 159 155 150 145 140 103  70  53  53  53  55  51
  51  51  50  51  54  54  57  65  76  83  94 111 119 131 155 158 158 161
 162 163 164 165 164 162 163 163 162 162 161 161 161 161 161 161 162 163
 163 163 164 164 164 163 162 161 162 161 160 159 158 158 155 153 155 155
 156  30]"
"[ 30  29 202 203 204 204 204 205 205 205 205 205 205 204 203 203 204 204
 203 203 202 202 202 203 204 205 205 202 200 200 202 202 200 205 185 155
 121 109 101  89  83  80  72  76  75  75  79  97 134 177 194 195 202 201
 195 174 130 102 101  99  94  89  82  77  77  75  74  74  74  71  66  62
  62  57  54  56  57  55  53  53  53  54  53  54  57  60  63  68  73  85
  94  97  90  71  57  57  59  57  59  64  65  64  71  81  88  96 102 118
 122 127 135 140 146 175 191 189 188 189 188 187 186 183 179 177 175 172
 170 170 167 167 167 164 161 159 157 155 145 107  71  43  49  55  55  54
  54  55  56  55  52  53  58  63  74  82  90 114 123 125 147 157 158 160
 161 163 165 166 165 163 159 161 163 163 162 161 162 163 162 163 163 163
 163 164 164 163 163 163 163 163 163 163 162 161 161 159 159 158 158 158
 157  30]"
"[ 30  29 202 203 204 204 203 204 203 203 204 204 204 203 203 203 203 203
 203 202 201 202 202 203 204 204 203 202 202 202 202 203 201 205 185 155
 122 105 101  91  80  81  76  77  76  78  85 102 147 185 203 199 195 194
 196 189 153 113 101  97  88  85  81  81  78  76  74  75  75  72  69  67
  63  60  58  56  52  49  50  54  57  59  61  62  64  63  63  66  71  80
  87  88  80  65  56  59  57  56  59  64  65  64  70  77  88  97 104 117
 124 130 133 136 155 179 192 189 188 189 187 186 186 184 181 178 176 172
 170 170 168 167 165 163 161 159 157 154 141 110  72  47  48  51  51  54
  53  55  57  56  54  55  60  65  71  81  90 108 120 123 143 154 159 161
 162 162 162 163 162 162 161 162 162 163 162 162 162 162 163 163 162 162
 162 163 163 161 163 163 162 162 162 162 161 160 161 160 160 158 157 157
 157  29]"
"[ 29  29 201 203 204 204 203 203 203 203 203 203 203 203 203 202 203 203
 202 201 201 201 202 203 203 201 201 202 202 202 201 201 201 202 183 157
 128 105 105  94  87  86  79  78  79  81  84  93 122 159 194 203 199 195
 196 196 170 120 100  96  90  86  80  78  79  77  76  75  74  73  72  72
  65  61  57  55  53  51  52  53  55  59  62  65  67  66  64  65  70  75
  80  81  73  60  50  47  52  53  56  59  59  60  66  73  84  95 104 114
 121 129 131 138 165 182 191 189 189 190 188 188 187 185 183 181 178 175
 173 172 169 168 166 164 163 162 159 156 139 115  70  51  50  50  50  53
  53  55  56  56  55  56  61  66  77  84  90  99 112 120 139 154 161 163
 164 162 161 161 162 162 163 162 162 162 163 163 163 162 165 165 164 164
 164 165 163 161 163 162 162 162 162 162 161 160 161 161 160 157 156 158
 159  28]"
"[ 29  28 202 203 204 204 204 204 204 204 204 204 203 203 203 202 204 203
 202 201 200 200 201 202 202 201 201 202 202 200 199 200 200 198 183 159
 135 106 106  96  89  85  79  79  82  84  85  91  98 122 166 188 197 196
 195 194 187 141 112  92  90  86  81  82  81  79  77  75  74  72  72  73
  67  62  58  58  58  57  55  55  54  58  60  62  65  65  65  66  67  67
  72  77  76  69  60  52  50  52  55  56  55  56  62  69  78  90 105 114
 119 129 135 153 176 185 190 189 190 190 189 189 187 185 184 182 181 178
 174 172 170 169 168 166 165 164 161 159 143 120  67  53  52  49  48  50
  53  53  53  52  52  54  60  65  75  82  89  99 111 122 133 149 163 164
 164 163 161 161 162 163 163 163 162 162 163 163 163 162 165 166 167 167
 167 166 165 164 162 162 162 163 163 163 162 162 161 162 159 156 156 161
 163  28]"
"[ 29  28 202 203 204 204 204 204 204 204 204 204 204 203 203 203 204 203
 203 202 201 201 201 202 202 202 202 203 202 200 199 200 200 199 187 163
 136 104 104  96  88  83  79  79  81  81  87  94  93 103 144 171 195 195
 196 193 195 165 135  95  91  84  79  80  81  80  77  75  73  72  72  73
  69  67  65  63  61  59  59  60  59  62  62  61  63  64  64  66  68  65
  67  73  78  80  77  72  60  58  56  54  54  57  62  66  76  86 103 116
 122 133 146 169 187 190 191 190 190 189 187 187 187 185 183 183 182 180
 175 170 169 170 170 168 166 164 161 159 152 128  69  58  55  50  49  50
  53  52  51  49  49  53  60  66  73  78  83  97 107 122 129 148 162 163
 163 162 162 162 163 163 163 163 163 163 163 163 163 163 162 164 167 168
 167 166 165 165 163 163 163 163 164 164 163 162 161 162 158 157 159 165
 168  29]"
"[ 29  29 203 204 204 203 203 203 203 203 203 203 204 204 204 204 203 203
 203 202 202 202 202 203 201 203 203 202 201 201 200 200 199 200 193 166
 136 105 104 100  91  83  78  76  79  79  85  90  95 100 136 165 193 196
 197 193 197 181 155 108 100  93  84  81  80  78  76  75  74  73  73  73
  74  71  67  66  66  66  67  67  64  66  64  62  63  63  63  63  66  67
  68  70  74  78  81  82  78  70  59  54  53  56  61  66  74  79  95 114
 123 137 155 177 193 192 192 191 190 189 188 187 188 187 185 184 184 182
 177 172 171 171 171 169 166 163 160 159 151 125  67  57  52  47  49  51
  51  50  49  48  49  53  60  66  77  79  81  93 102 119 131 151 161 162
 162 162 162 163 163 162 163 164 165 165 163 163 163 164 161 163 166 167
 166 165 165 166 166 165 165 165 165 164 163 163 162 162 160 162 164 170
 172  29]"
"[ 29  30 203 204 204 203 202 203 203 203 203 203 203 204 204 204 202 203
 203 203 202 202 202 202 201 203 203 201 201 202 202 199 198 199 196 169
 140 114 106 102  88  80  77  75  79  80  85  85  96 104 132 162 186 193
 195 195 195 186 164 119  96  93  86  83  80  77  75  75  75  75  75  75
  77  74  71  70  71  73  73  73  69  70  68  64  63  62  61  60  58  64
  65  65  68  72  76  82  86  81  75  68  61  58  61  66  72  75  88 111
 122 141 167 185 194 193 193 193 192 192 191 189 189 188 187 185 185 184
 181 177 173 172 170 167 165 164 162 161 147 115  59  48  45  40  44  44
  46  46  47  47  49  52  57  61  71  76  85  94 105 118 136 148 161 162
 162 162 163 163 163 162 164 165 166 166 165 164 164 164 164 164 165 166
 166 165 165 166 167 167 167 166 166 165 164 163 162 164 164 169 170 172
 174  29]"
"[ 29  29 203 204 204 203 203 204 205 204 204 204 204 203 203 203 203 203
 204 203 202 202 201 201 203 204 203 200 201 204 203 199 199 198 195 171
 144 122 106  97  83  81  83  78  80  79  83  80  83  99 126 165 186 197
 196 196 198 198 188 147 103  95  87  87  80  77  75  75  76  76  76  76
  78  80  80  78  74  72  74  76  77  77  72  66  63  62  59  57  60  66
  64  59  62  66  71  79  82  89  96  93  79  65  61  65  73  77  88 111
 122 145 179 196 195 194 195 195 193 193 192 190 188 188 187 185 185 185
 183 181 174 172 168 165 164 164 164 163 154 115  58  47  45  41  42  39
  41  42  44  46  47  49  52  55  65  71  83  88 104 116 143 152 161 162
 163 162 162 162 162 162 165 166 167 167 167 166 165 164 167 165 164 166
 166 165 165 166 167 166 166 166 166 165 164 164 162 166 168 174 173 173
 174  29]"
"[ 30  28 201 202 203 202 202 203 204 205 206 205 203 202 203 204 203 203
 203 203 204 204 203 202 204 202 201 201 203 204 203 202 199 197 190 171
 150 120 102  96  83  81  81  81  81  81  82  80  80  90 123 167 192 195
 194 196 194 197 191 162 120  93  84  82  80  76  73  75  77  77  76  77
  80  81  81  78  76  76  78  80  83  81  78  73  68  66  61  54  59  62
  60  61  60  58  65  68  73  82  92  94 102 105  88  74  70  70  92 107
 136 165 189 194 195 195 195 194 193 192 192 192 190 190 189 188 185 183
 183 182 180 173 169 169 168 165 162 162 163 115  61  55  47  45  45  40
  40  41  43  46  46  46  49  52  62  71  75  91 103 119 139 153 161 162
 163 163 163 162 163 164 164 165 166 166 166 165 165 165 164 165 165 165
 165 165 164 165 165 166 165 164 163 162 162 161 167 170 172 172 173 172
 174  29]"
"[ 29  29 202 205 205 203 202 204 203 204 204 204 203 203 205 206 204 204
 203 203 203 203 202 202 203 202 201 202 203 203 202 201 202 198 195 175
 158 124 109  99  88  83  81  80  80  80  82  82  88  92 114 153 186 199
 198 196 199 196 191 172 135  98  84  84  75  73  74  75  75  74  75  77
  78  78  80  80  78  78  81  86  84  81  79  78  75  71  64  58  60  63
  61  62  60  57  61  62  66  73  85  94 106 118 114 107  97  82  91 103
 146 173 195 197 194 195 195 195 194 193 192 192 189 189 189 187 186 185
 184 184 180 176 172 170 169 167 164 162 163 122  72  58  52  47  50  46
  46  47  48  48  46  47  50  53  64  73  76  92 104 121 142 157 162 163
 164 164 164 164 165 166 164 165 166 166 166 165 165 165 163 164 164 164
 165 165 164 166 166 166 165 164 165 166 167 167 170 172 172 172 173 173
 174  29]"
"[ 29  30 205 208 207 205 203 203 203 203 203 203 203 204 205 207 205 204
 203 203 203 203 202 202 202 202 202 202 202 202 201 200 201 197 198 178
 162 124 116 103  96  87  80  78  76  76  79  82  82  88 103 131 163 182
 189 194 198 197 196 186 155 112  85  80  71  71  72  74  75  75  76  77
  76  76  78  80  80  78  82  87  86  83  83  84  82  76  67  59  61  63
  62  62  61  58  60  60  61  64  77  87  95 108 119 124 126 111 108 131
 168 192 195 195 195 195 195 195 195 194 193 192 192 191 190 188 187 185
 184 183 179 178 175 171 170 169 166 163 162 128  80  60  58  52  55  52
  50  51  52  51  50  52  58  63  71  78  79  93 103 118 138 153 161 162
 163 163 164 164 165 166 166 166 167 167 167 166 165 164 162 164 165 165
 166 166 165 166 166 166 165 165 166 169 171 171 172 173 172 171 173 173
 174  28]"
"[ 29  30 205 208 208 206 203 202 204 203 203 203 204 204 205 205 204 204
 203 203 203 202 202 202 202 203 203 203 202 201 200 200 199 197 198 181
 160 123 118 107 101  89  79  75  72  72  76  79  79  78  72  72  85 100
 117 134 141 160 179 182 164 128  95  80  69  66  65  67  71  73  72  71
  74  75  77  79  80  80  83  87  89  87  88  90  89  84  74  64  64  63
  61  61  61  61  63  63  65  61  68  78  86  99 114 122 133 133 135 161
 189 202 193 194 196 195 195 195 196 195 194 193 195 193 191 189 188 187
 185 184 180 180 177 175 172 169 166 162 165 135  82  61  61  56  55  53
  56  58  57  54  52  55  61  66  72  79  80  94 105 120 139 153 160 161
 162 162 163 164 165 166 168 168 168 168 168 167 165 164 164 166 166 166
 167 167 166 167 166 166 166 166 169 171 172 171 172 172 172 172 173 172
 173  29]"
"[ 28  29 203 206 208 207 204 202 204 203 203 203 204 204 204 203 204 203
 203 203 203 203 203 202 202 203 204 203 202 202 202 202 201 199 197 186
 161 130 117 108 101  88  77  72  70  70  74  77  75  73  65  61  64  63
  62  69  79  83  85  92 104 105  90  75  72  68  66  66  68  70  69  68
  72  74  76  78  80  84  86  86  89  91  94  95  96  95  86  75  66  62
  60  59  61  63  64  66  67  65  71  79  81  89 108 119 126 133 145 160
 196 197 197 198 198 197 195 195 196 196 195 195 193 192 190 189 189 188
 188 186 183 181 180 178 175 169 164 162 167 141  85  64  61  57  52  54
  58  59  59  56  54  55  60  65  74  81  83  99 111 125 142 154 161 161
 162 163 164 165 166 167 168 168 168 168 168 167 166 164 166 167 167 167
 168 167 166 167 167 168 168 170 172 173 173 172 171 172 173 173 173 172
 173  29]"
"[ 29  29 202 205 208 208 206 204 204 203 203 203 204 204 204 203 203 203
 203 203 204 203 203 202 202 203 204 204 203 203 203 204 204 201 196 191
 167 140 115 104  99  87  77  73  71  72  74  75  74  70  65  67  73  73
  71  73  80  83  82  79  79  80  79  78  77  76  74  72  70  70  71  72
  74  77  78  77  80  84  86  84  87  91  95  96  97  98  93  83  65  59
  56  56  60  64  65  67  68  70  75  82  81  86 104 116 124 131 137 154
 190 197 198 198 199 198 196 195 196 196 196 195 194 192 190 189 188 188
 187 186 185 183 182 181 177 171 166 163 165 144  88  66  60  58  54  59
  58  58  58  58  57  58  61  66  73  82  86 102 114 126 143 154 161 161
 162 164 165 166 167 167 166 166 167 168 168 167 166 166 166 168 167 166
 167 166 165 167 168 169 171 172 173 174 173 171 172 173 174 174 174 171
 173  29]"
"[ 29  30 203 205 207 208 207 205 204 203 203 203 204 204 204 203 203 203
 203 204 204 204 203 202 201 202 204 204 203 203 202 203 203 200 198 194
 171 146 112 104 100  89  80  76  74  74  73  71  71  70  69  71  74  77
  81  84  84  86  89  89  85  81  81  80  78  78  77  75  73  73  75  76
  78  79  80  79  80  82  84  83  88  91  95  96  95  97  95  89  73  64
  58  55  58  64  65  67  72  71  71  80  90  98 108 112 122 131 131 158
 187 201 195 196 199 198 197 196 196 196 196 195 196 194 191 189 188 187
 186 186 186 185 183 181 179 176 172 168 163 143  89  62  58  58  57  58
  58  57  57  59  59  58  60  65  70  81  87 103 113 126 144 156 160 160
 162 163 165 166 166 166 165 166 168 168 168 167 167 166 166 167 167 166
 167 167 167 168 170 171 172 172 172 173 172 171 172 172 172 172 173 171
 173  29]"
"[ 29  30 204 204 205 206 205 204 205 204 203 203 203 203 203 203 203 203
 204 204 204 204 202 201 201 203 204 204 203 202 201 201 200 199 201 194
 172 147 111 108 101  92  83  78  75  74  71  66  68  72  77  80  79  82
  86  87  89  85  86  88  86  86  84  79  78  78  77  78  79  81  82  81
  79  80  81  82  82  82  85  87  89  91  95  97  97  98  98  96  88  75
  66  58  59  64  63  66  68  75  77  83  88  93 105 113 114 124 130 158
 190 198 197 198 199 198 197 197 196 196 195 195 195 194 192 190 189 188
 188 188 185 186 184 181 180 180 177 173 166 143  88  57  57  57  56  51
  50  48  50  56  59  59  62  68  74  85  91 105 112 122 140 154 160 160
 162 164 165 166 166 166 167 168 169 169 169 168 167 166 166 167 166 166
 167 168 168 170 172 173 173 172 172 172 171 171 171 170 169 170 172 171
 173  30]"
"[ 29  29 204 206 206 203 202 202 204 204 203 203 204 204 203 203 202 203
 204 204 203 202 202 202 202 202 202 202 202 202 201 201 200 198 200 196
 174 146 112 107 102  92  86  81  77  76  74  65  74  79  84  84  84  86
  87  86  84  84  85  86  87  86  83  80  77  79  82  83  84  84  84  82
  80  81  82  83  83  84  86  89  90  91  93  95  96  97  98  99  96  86
  70  65  59  62  64  64  67  71  77  79  85  93 102 112 116 117 128 150
 187 198 194 202 200 199 198 196 196 196 194 193 193 191 190 190 190 189
 188 188 188 185 186 183 180 181 177 176 169 144  89  58  57  56  57  56
  52  54  54  55  58  61  65  70  75  85  94 106 114 124 146 159 159 161
 162 162 162 163 165 166 166 168 169 170 169 168 167 167 167 166 165 165
 167 170 171 171 171 171 171 171 171 172 172 172 171 171 171 172 172 172
 174  28]"
"[ 29  29 204 206 207 205 204 205 206 205 204 204 203 203 203 202 199 201
 202 203 203 203 203 203 202 202 202 202 202 202 202 202 203 199 199 194
 174 145 108  99  96  90  87  85  81  81  82  80  83  87  89  89  89  90
  89  88  82  83  84  86  87  87  85  83  80  83  85  85  86  88  88  87
  83  83  83  85  86  87  87  87  89  90  90  92  94  96  97  97  98  95
  82  73  60  59  62  62  64  68  74  77  82  89  96 107 116 127 134 140
 181 200 201 198 200 198 196 195 195 196 196 195 193 192 190 190 190 189
 188 188 185 185 187 183 181 182 178 179 176 150  91  59  61  57  56  59
  60  59  58  59  62  65  68  73  83  90  99 110 115 128 151 159 161 162
 162 162 164 166 167 168 169 169 169 168 168 167 167 167 166 166 166 167
 169 172 173 173 173 172 171 171 172 173 173 172 173 172 173 174 174 173
 175  29]"
"[ 28  28 203 206 207 207 206 206 207 206 205 204 203 203 202 202 199 200
 202 203 204 204 204 204 202 202 201 201 201 201 201 202 202 200 200 198
 185 155 113  97  99  94  90  87  83  80  81  84  87  90  91  92  93  95
  95  93  85  86  88  89  90  91  91  91  91  93  93  91  90  89  88  87
  87  85  83  85  88  89  88  87  89  90  90  90  92  95  97  96  98  99
  89  76  59  55  57  57  57  60  68  73  78  82  89 100 110 124 128 138
 183 200 203 201 198 197 196 195 195 196 196 195 194 193 191 191 191 190
 189 188 185 186 185 181 181 181 178 179 176 149  89  56  60  58  56  62
  63  62  59  59  63  66  69  73  85  94 104 114 117 130 154 160 162 162
 161 161 163 166 167 167 168 168 168 167 167 166 165 165 166 167 168 169
 171 173 174 174 174 172 170 170 172 174 174 174 173 173 174 174 174 173
 174  28]"
"[ 28  28 203 206 208 207 205 205 206 205 204 203 202 202 202 202 201 202
 202 203 203 203 203 203 202 202 202 201 201 201 201 201 201 201 201 200
 193 164 120  98 100  96  90  85  84  83  83  85  86  88  90  91  93  96
  97  97  92  93  94  94  94  94  95  97  96  97  97  96  95  94  92  90
  88  85  83  84  88  89  89  88  89  91  91  89  91  94  96  96  99  98
  90  78  63  55  56  55  55  57  65  72  76  78  83  95 107 121 123 147
 191 201 197 200 196 196 196 197 197 197 196 195 195 193 191 191 191 190
 188 188 187 186 183 182 183 181 177 178 182 147  88  56  56  56  56  59
  60  59  57  58  61  64  67  72  82  97 108 116 122 134 156 164 162 163
 162 162 162 164 165 166 166 167 168 168 168 167 165 165 168 170 171 172
 173 173 174 173 174 172 170 170 172 174 175 176 173 173 173 173 173 172
 173  28]"
"[ 29  29 204 207 208 207 204 204 204 203 202 202 202 202 202 202 203 202
 202 201 201 201 202 202 202 202 202 202 202 202 201 201 201 201 200 198
 195 171 131 104  97  95  91  87  87  87  86  87  87  88  90  91  92  93
  94  95  95  96  96  95  94  94  96  99  99 100 100 100 100  98  94  90
  85  83  84  86  88  89  89  88  88  90  90  89  88  91  93  95  98  95
  91  84  72  61  59  57  55  56  62  68  71  72  75  87  99 113 118 143
 192 202 198 196 196 197 197 197 197 197 196 195 194 193 191 191 190 189
 188 187 186 185 184 186 186 182 180 179 178 127  73  53  51  52  54  55
  55  55  55  57  60  62  67  74  78  95 102 111 124 136 153 163 163 164
 165 164 163 163 165 166 167 168 169 168 168 167 167 168 170 172 173 173
 173 173 173 172 173 172 172 171 171 173 174 176 175 174 173 173 173 172
 174  28]"
"[ 29  29 204 206 207 205 203 203 204 203 202 202 202 201 201 201 203 202
 202 201 201 201 202 202 202 202 202 202 202 201 201 200 199 200 200 197
 196 177 140 106  93  92  91  89  86  85  85  86  88  89  90  92  92  91
  91  93  94  95  96  96  94  95  97  99 105 105 105 104 102  98  91  85
  82  83  86  88  89  88  86  86  86  87  89  88  87  87  90  93  92  91
  92  90  81  66  62  59  55  54  59  63  66  67  71  81  91 100 110 132
 187 199 199 197 198 198 197 196 195 196 196 196 195 193 192 191 191 189
 188 187 187 186 184 185 182 180 182 180 156  96  53  49  50  49  52  54
  50  51  52  55  58  59  65  74  80  94  96 106 123 138 153 161 162 165
 167 166 164 164 165 166 168 168 167 166 166 166 168 170 171 173 174 174
 173 172 172 172 173 173 173 172 171 171 173 174 175 174 173 173 173 172
 174  29]"
"[ 29  29 203 205 205 203 202 203 204 203 203 202 202 202 201 201 201 202
 202 202 201 201 202 202 202 202 202 202 201 201 200 200 200 201 201 197
 197 183 151 112  94  87  86  88  85  83  86  89  88  87  89  91  92  90
  89  90  91  93  96  97  96  96  98 100 103 105 107 107 105 101  94  88
  84  85  87  88  87  85  83  83  84  84  86  88  87  85  87  91  90  91
  94  93  88  74  68  60  58  56  57  59  62  64  67  77  91  97 105 130
 177 198 196 198 198 198 197 195 194 195 196 196 195 194 192 191 191 190
 188 188 189 186 184 182 179 180 179 163 125  81  53  54  54  51  52  53
  49  50  51  54  56  58  64  74  85  93 100 112 123 138 158 162 162 164
 166 166 164 164 165 165 168 167 166 166 167 169 170 170 171 173 174 173
 171 171 172 173 173 173 173 173 172 172 173 173 174 173 173 173 172 172
 174  29]"
"[ 29  29 203 204 204 203 204 205 203 203 203 203 203 203 202 202 199 201
 202 202 201 200 200 201 204 204 203 203 202 202 202 202 202 200 200 196
 201 198 176 137 106  89  83  87  85  83  86  89  88  86  87  90  91  88
  85  86  87  91  95  96  96  96  97  99 101 104 108 108 106 102  96  91
  87  87  87  86  83  81  81  82  82  81  83  86  86  84  86  89  95  94
  96  95  94  83  76  63  58  54  53  52  54  55  58  67  80  93  98 128
 164 201 193 196 197 197 197 196 195 195 195 194 194 192 191 190 190 188
 187 186 187 186 185 186 184 184 172 139  91  71  59  57  57  55  54  55
  53  52  53  55  58  59  66  75  82  89 102 116 118 132 157 160 163 165
 166 165 165 165 165 165 167 166 166 169 172 173 172 171 171 172 173 172
 171 171 172 173 172 172 172 173 174 174 174 173 173 173 173 173 173 172
 174  28]"
"[ 31  28 202 204 205 205 205 203 206 204 203 203 203 202 202 203 202 201
 201 201 201 201 201 202 203 203 203 202 201 201 202 203 200 203 200 195
 200 206 198 182 151 116  86  80  82  80  82  90  87  88  86  85  86  87
  86  86  86  92  89  93  92  93  96  98  96  99 105 108 107 105 100  95
  89  90  89  86  82  80  80  81  82  81  84  83  82  83  86  91  92  94
  95  95  96  94  86  78  65  57  53  53  49  49  53  54  64  83  96 121
 166 199 201 195 197 197 196 204 200 196 194 196 194 196 196 195 195 194
 192 189 192 192 192 181 173 154 121  82  54  57  58  56  56  57  57  55
  57  64  65  64  66  67  70  79  81  88  96 112 117 134 165 161 164 164
 165 166 165 164 165 166 168 167 168 170 172 171 170 170 171 171 172 171
 171 171 171 172 172 171 171 172 173 173 173 173 172 173 173 173 173 172
 173  29]"
"[ 30  28 201 203 203 203 204 204 206 204 203 203 202 201 201 201 202 201
 201 202 202 201 202 203 202 201 201 201 201 200 200 199 199 200 200 199
 199 199 196 192 195 167 134 113 105 100  90  81  85  86  89  88  88  87
  89  91  89  90  85  91  91  91  93  95  98  96  99 104 108 108 103  97
  91  90  88  86  82  80  80  81  81  79  81  82  82  83  83  88  90  93
  95  96  98  97  92  86  71  62  57  54  49  50  58  63  63  72  87 125
 166 193 197 204 202 204 199 200 196 194 187 179 180 177 172 170 173 180
 186 189 184 173 152 120  98  84  71  52  53  55  55  54  54  56  56  54
  57  64  65  65  71  75  76  78  83  89  96 111 114 130 161 160 164 165
 165 164 163 162 164 166 169 169 170 172 172 171 171 172 171 171 171 171
 171 171 171 171 171 171 171 172 172 172 172 173 172 173 173 172 173 172
 173  29]"
"[ 30  28 202 203 202 202 204 206 206 204 203 203 202 202 201 201 201 201
 201 202 201 201 202 203 201 200 200 200 201 201 199 197 200 198 198 200
 199 197 196 197 203 202 197 191 187 176 152 128  97  84  79  77  84  87
  91  86  89  90  86  87  83  83  88  93  95  93  96 102 106 106 105 102
  94  92  89  86  83  80  79  80  81  77  79  82  83  83  82  86  89  92
  95  97  98  99  97  94  81  70  60  55  50  51  58  64  65  61  57  79
 106 133 138 140 138 156 162 152 127 110 102  99  86  84  82  84  91 100
 108 112 109 101  87  63  49  47  52  49  56  56  55  52  51  51  49  46
  46  59  66  64  65  69  73  78  82  89  99 115 118 131 160 161 165 166
 165 163 161 161 164 167 171 172 173 173 171 170 170 172 172 171 171 171
 172 172 171 170 171 171 172 172 172 172 173 174 173 174 173 172 173 172
 173  28]"
"[ 30  29 204 204 202 202 203 204 204 203 203 203 203 203 203 203 200 201
 201 201 200 200 201 202 200 199 199 200 201 201 199 198 199 200 199 198
 198 199 198 197 196 199 200 200 201 200 195 189 180 157 135 105  91  82
  87  82  86  88  86  87  82  84  83  82  88  90  95  99 101 103 105 104
  99  96  92  89  84  80  79  81  81  77  79  82  83  83  82  87  89  92
  95  96  97  98  98  97  91  76  61  55  55  56  57  58  62  62  56  53
  54  65  66  61  66  73  73  74  64  57  55  56  59  58  58  60  63  64
  63  61  57  58  58  55  55  58  59  57  57  58  59  60  62  63  60  56
  57  64  65  61  62  66  70  75  80  87  98 115 118 131 158 160 166 166
 165 163 163 164 167 169 171 172 173 172 170 168 169 170 171 171 171 172
 172 172 171 171 171 171 172 172 172 172 173 175 173 174 173 172 174 172
 173  29]"
"[ 30  29 203 205 204 203 202 201 202 202 202 202 202 203 203 202 201 201
 201 201 200 199 200 201 197 197 198 199 199 200 200 199 197 200 201 199
 198 199 199 198 196 196 196 195 193 192 195 199 197 191 188 167 148 125
 112  93  86  83  82  83  78  81  81  81  83  86  91  94  96 101 103 101
 102 100  96  92  86  81  80  82  80  76  78  80  81  81  81  86  89  92
  95  95  95  96  97  97  95  81  65  58  59  60  58  57  58  58  63  63
  64  63  66  62  64  64  59  62  56  54  58  65  58  58  59  63  67  68
  66  64  64  63  60  60  63  65  63  60  60  62  65  68  72  75  74  71
  75  76  74  69  65  65  70  76  85  90  98 111 116 130 157 163 166 166
 165 164 166 168 170 171 170 171 171 171 170 169 168 168 169 170 171 171
 171 171 171 171 171 171 171 171 172 172 173 174 174 174 173 173 174 173
 174  29]"
"[ 29  28 203 205 205 204 203 201 201 201 201 201 202 202 202 201 200 200
 201 201 200 199 199 200 197 197 198 198 199 199 200 200 199 197 197 199
 201 200 198 197 197 198 198 197 195 194 195 195 198 196 199 196 196 187
 174 155 139 115  94  83  75  78  80  83  80  84  89  91  91  95  99 100
 102 102 100  95  89  84  82  82  81  78  78  78  77  79  80  85  88  90
  93  94  94  95  97  98  97  89  75  64  61  60  59  58  61  55  59  58
  64  61  62  57  62  62  57  60  58  59  58  56  58  56  56  59  62  64
  64  63  65  64  58  57  59  65  65  67  65  66  67  70  73  75  76  76
  77  82  87  85  78  74  76  79  86  92 101 112 117 133 158 164 166 166
 166 166 168 171 172 171 170 169 170 171 171 170 170 170 169 170 171 171
 171 171 171 172 172 171 171 172 172 173 173 174 174 174 173 173 174 173
 174  30]"
"[ 29  28 203 205 204 203 202 201 200 201 201 200 200 201 200 199 198 198
 199 200 200 199 198 198 198 199 199 199 199 200 200 200 200 196 194 197
 200 199 196 195 194 195 196 195 196 196 196 194 194 193 193 193 196 197
 197 195 197 191 185 167 133 110  89  79  84  84  87  90  88  89  94  99
  99 102 102  98  93  89  85  82  82  79  79  76  76  79  80  84  86  88
  91  92  93  94  96  97  96  96  86  72  64  61  60  60  56  59  63  59
  59  54  55  54  54  56  52  53  52  56  58  58  56  54  54  57  61  62
  62  62  61  64  60  61  61  65  65  68  65  67  69  71  75  78  81  82
  82  85  89  93  95  94  89  82  83  92 102 111 116 132 156 162 166 167
 168 168 170 172 173 171 170 170 170 171 172 171 171 171 171 171 171 171
 171 171 171 172 172 172 172 173 172 172 174 175 175 175 174 173 174 173
 174  29]"
"[ 30  28 202 203 201 201 201 200 198 199 199 198 199 199 199 197 196 196
 198 200 200 198 197 196 200 200 199 199 200 200 199 199 198 198 198 196
 195 195 195 195 195 196 196 196 194 194 195 195 196 195 194 196 194 191
 191 195 194 192 195 195 188 181 147 114  92  84  83  88  89  88  91  95
  97 100 102  99  95  92  87  82  81  79  78  74  75  80  81  83  86  87
  89  91  92  93  94  95  93  98  92  77  69  66  63  63  60  59  57  57
  57  53  52  56  58  58  53  55  53  55  57  58  56  53  53  55  58  59
  60  60  59  65  64  65  64  67  63  66  65  67  70  74  77  79  82  84
  87  89  91  91  92  96  96  90  89  97 106 111 114 130 155 163 167 169
 170 170 170 172 173 171 171 171 171 171 171 170 171 172 173 172 171 171
 171 171 171 170 172 172 173 173 171 171 173 176 176 175 174 173 174 173
 173  28]"
"[ 29  29 201 200 201 200 201 197 196 196 199 200 197 195 196 196 194 196
 199 200 200 198 197 195 197 198 198 197 197 199 199 197 196 197 196 195
 194 193 194 196 194 194 195 196 195 194 193 194 196 195 194 194 194 194
 193 193 194 190 193 195 195 200 196 182 154 113  86  76  84  88  88  94
  96 100 103 101  99  95  86  83  83  82  79  76  75  78  81  81  84  84
  86  88  89  91  94  93  95  96  95  89  77  66  63  65  65  59  56  57
  55  54  55  56  57  56  54  51  51  54  57  58  54  52  52  56  59  59
  59  59  63  65  67  66  65  65  66  66  68  68  70  73  76  78  82  87
  90  93  93  94  95  95  95  97 101 107 108 113 116 130 149 167 171 171
 172 171 171 172 172 171 170 171 172 172 172 172 171 171 172 172 172 172
 173 172 172 171 173 173 172 172 173 173 173 173 174 175 175 173 174 173
 174  29]"
"[ 30  29 196 195 198 198 200 197 195 194 196 198 196 195 196 196 194 195
 196 196 196 199 201 203 196 197 198 197 197 198 198 196 195 195 195 194
 193 192 192 193 197 195 194 192 191 191 193 195 194 193 193 194 194 194
 194 194 193 192 194 195 192 194 197 194 194 175 144 105  82  84  88  96
  97  99 104 103 102  98  89  85  85  84  81  78  77  77  78  79  79  80
  84  87  88  90  92  92  95  96  97  95  87  75  67  64  61  59  58  58
  56  55  56  55  57  56  53  50  50  53  56  57  52  52  53  56  59  61
  62  63  63  65  66  67  67  68  69  69  71  70  72  76  78  79  80  82
  88  91  94  96  99 100 100 102 106 111 113 119 121 134 154 165 170 171
 171 171 170 170 171 171 170 171 171 172 172 172 171 171 171 171 172 172
 173 173 172 171 173 173 173 173 174 174 174 174 173 174 174 173 174 172
 173  28]"
"[ 30  26 187 184 186 186 188 185 184 182 183 185 186 186 187 186 184 185
 186 186 186 187 189 191 185 187 189 189 190 190 190 188 189 189 189 187
 186 186 187 188 188 188 188 188 187 186 185 185 186 186 187 188 188 187
 187 188 194 187 185 188 192 192 190 189 189 191 178 150 115  96  87  92
  96  98 103 104 103 100  92  88  86  84  81  80  77  76  75  75  75  76
  80  83  84  86  90  90  93  93  94  96  93  84  71  63  61  58  56  55
  56  58  60  58  59  57  54  51  51  54  56  56  53  54  55  56  58  61
  64  65  65  65  66  67  68  70  71  71  73  72  73  77  79  80  80  80
  88  92  95  99 104 106 107 108 111 112 114 118 119 133 161 164 169 170
 171 170 168 168 169 170 170 170 171 171 172 171 171 171 170 171 171 173
 173 173 172 172 173 173 173 173 174 174 174 173 173 174 174 173 174 172
 173  29]"
"[ 31  27 183 178 179 179 180 178 181 179 181 184 185 186 186 185 180 181
 182 182 181 180 180 180 181 183 185 185 185 185 184 183 184 183 181 180
 180 181 183 184 179 180 183 185 184 181 178 176 176 176 177 178 177 176
 176 177 181 181 180 180 180 175 175 180 177 179 179 177 158 124  99  92
  95  98 104 104 102 102  96  92  87  84  82  81  78  75  74  75  76  77
  79  81  81  83  87  89  90  90  91  94  94  89  78  69  64  61  59  58
  57  58  61  61  61  59  56  53  53  55  56  56  54  56  57  56  58  62
  65  65  66  68  69  69  70  71  72  72  75  74  75  77  80  81  83  84
  88  93  98 101 105 108 109 111 111 113 115 117 118 133 168 166 169 170
 170 168 168 168 169 169 170 170 171 171 171 171 171 171 171 171 171 172
 173 173 172 172 173 173 173 173 174 173 173 172 172 173 174 174 175 173
 173  29]"
"[ 29  27 181 179 180 180 181 180 179 179 181 185 184 183 183 182 184 182
 181 181 181 181 182 184 184 185 185 185 183 182 182 181 182 181 180 179
 179 181 182 183 180 180 181 182 182 180 179 178 180 180 181 181 180 179
 179 180 183 183 179 177 180 178 176 180 182 180 179 178 179 154 127  99
  92  96 104 105 103 104 100  95  91  87  84  82  80  77  76  77  77  77
  79  81  80  82  85  86  87  89  91  94  95  94  87  81  70  66  65  63
  58  55  57  60  60  60  58  55  54  55  56  56  54  55  56  56  59  64
  67  68  67  70  72  73  72  72  73  74  77  77  78  79  80  82  84  86
  88  95  99 101 104 107 109 112 111 115 119 121 122 137 170 166 169 169
 169 168 168 169 169 168 170 170 171 171 171 171 171 171 172 171 171 171
 172 172 172 172 172 172 172 173 174 173 173 172 172 172 173 173 174 172
 173  29]"
"[ 28  28 180 180 181 181 181 181 182 181 184 186 185 182 182 180 183 181
 179 180 180 181 182 184 183 183 183 182 182 181 181 181 182 181 181 181
 182 182 181 181 182 182 182 183 182 181 180 179 179 179 180 180 179 178
 178 179 175 180 181 179 179 177 177 182 180 181 180 176 184 171 156 119
  94  93  99 102 102 104 101  97  94  90  85  81  78  76  75  76  74  74
  77  79  78  80  82  82  83  87  91  93  95  96  94  90  80  70  63  61
  57  55  57  58  59  61  60  58  56  56  57  57  56  57  58  59  62  65
  67  68  67  70  73  74  74  74  75  75  77  79  80  80  80  80  81  83
  89  96 101 102 105 108 111 114 112 117 118 120 123 141 168 166 169 169
 169 169 169 169 169 169 170 170 171 171 171 171 171 171 172 171 171 170
 171 172 172 172 172 172 172 173 174 174 173 173 171 171 171 172 173 170
 172  28]"
"[ 30  31 180 182 183 183 183 183 183 181 182 184 182 181 180 180 181 179
 179 181 183 182 182 182 182 182 182 183 184 184 185 185 182 181 180 181
 182 182 181 181 182 182 183 184 184 183 180 179 180 180 180 181 180 179
 180 181 181 179 177 181 186 186 181 177 183 182 180 178 181 174 174 147
 111  96  94  99 101 103 101 100  97  93  86  80  76  75  75  74  72  71
  72  74  75  77  80  79  82  86  90  91  93  96  95  93  89  78  68  62
  59  58  59  58  59  61  62  61  60  61  60  58  61  61  62  63  64  64
  66  68  69  71  74  74  74  75  75  75  76  78  79  80  79  80  81  82
  90  97 101 104 107 111 113 114 115 118 115 117 127 149 166 167 167 169
 170 170 169 169 169 170 171 171 171 171 171 171 171 171 172 171 171 171
 171 172 173 173 172 172 172 172 173 173 173 172 171 170 170 171 172 169
 171  28]"
"[ 29  29 177 180 183 183 184 183 185 182 182 183 183 182 183 182 180 177
 177 180 183 183 183 184 184 183 183 184 185 185 184 185 184 182 180 180
 181 183 184 184 184 184 184 185 186 185 184 183 182 181 181 181 181 180
 180 181 183 181 180 182 182 180 180 181 180 181 180 183 180 174 180 160
 131 104  94  98 102 103 103 104 101  97  89  81  78  77  77  75  74  71
  69  70  72  76  80  80  84  88  89  89  91  95  95  93  89  87  83  74
  63  58  58  57  59  60  62  62  63  64  62  59  62  63  65  67  66  65
  66  70  73  74  75  75  75  75  75  74  75  77  78  79  80  82  84  85
  89  96 101 103 108 113 113 113 115 118 115 121 136 160 167 168 166 169
 172 171 169 168 169 171 171 171 171 172 172 171 171 171 171 171 171 171
 172 173 173 173 173 172 172 171 171 171 171 170 172 171 170 171 172 169
 171  29]"
"[ 30  28 183 183 181 182 183 183 181 182 183 183 182 181 182 183 181 180
 180 181 183 183 182 181 181 182 183 185 186 186 184 183 182 181 181 181
 182 182 183 184 184 183 183 184 185 186 185 185 184 182 181 182 183 183
 183 183 183 183 184 185 185 183 182 181 181 182 182 181 181 180 176 171
 144 120  93  98 101 103 103 102 101  98  88  81  79  79  80  77  75  70
  67  70  72  73  76  81  84  86  87  87  88  91  92  90  91  86  83  79
  72  67  62  59  60  61  61  62  63  65  63  61  62  63  65  65  64  64
  67  71  73  73  73  73  73  75  75  74  75  75  77  80  80  80  83  88
  89  94 100 105 109 111 114 115 118 121 122 131 151 166 168 167 165 166
 168 169 170 170 171 171 172 171 170 170 171 171 172 171 169 170 170 171
 172 172 171 170 172 171 171 171 168 169 171 171 168 166 168 169 168 169
 168  30]"
"[ 29  29 184 184 183 183 183 183 182 183 184 184 183 183 184 184 182 181
 181 182 183 183 183 183 181 181 181 182 183 183 182 181 182 182 182 182
 183 183 183 183 183 183 183 184 184 185 186 186 187 185 184 184 185 186
 186 186 184 184 184 185 184 184 183 182 183 184 183 181 182 182 180 177
 162 137 104  98 101 104 103 105 102  99  90  84  80  79  80  77  76  72
  70  71  73  73  76  79  84  85  86  85  86  88  90  89  88  87  87  86
  80  72  64  57  56  59  61  62  62  64  65  65  64  64  65  66  65  66
  68  71  73  74  73  72  73  75  76  76  75  76  78  80  81  82  85  88
  90  95 100 104 108 112 115 117 119 122 127 138 153 165 168 167 168 169
 170 171 171 170 171 171 170 171 171 171 171 171 171 171 169 169 170 171
 172 172 171 170 172 171 171 170 168 168 169 169 167 165 167 167 166 168
 166  29]"
"[ 29  29 186 186 183 183 183 182 182 184 185 185 184 184 185 185 181 181
 181 182 182 182 183 184 186 185 183 183 185 186 185 184 182 182 183 184
 184 183 183 182 183 183 184 183 183 184 186 187 187 187 185 183 184 186
 186 184 183 183 183 183 183 183 183 183 183 183 183 181 181 182 182 180
 176 161 131 106  98 102 102 107 103 101  93  87  83  80  79  76  75  73
  72  72  72  73  74  75  79  81  82  82  83  86  89  90  90  89  89  88
  84  78  71  65  61  62  63  62  62  63  64  64  64  64  65  66  66  67
  69  71  73  73  72  72  73  75  76  75  76  78  81  82  83  85  88  89
  90  95  99 101 106 112 117 118 119 119 129 148 161 165 167 168 170 170
 171 171 170 169 169 169 169 170 172 172 171 169 169 168 168 168 169 170
 171 171 170 169 170 170 170 170 167 167 168 167 167 165 166 166 164 165
 164  29]"
"[ 29  29 186 186 183 182 182 182 181 183 184 185 184 183 183 184 181 181
 181 181 181 182 183 184 187 185 183 183 184 185 185 184 181 182 183 184
 184 184 182 182 182 182 182 183 183 184 185 186 186 186 184 182 182 184
 183 180 182 182 182 182 182 182 183 183 182 183 183 182 182 182 180 179
 176 173 156 119  96  99 101 103 104 102  96  92  87  81  79  76  74  74
  73  71  71  72  73  72  74  77  79  80  82  85  88  89  91  89  89  88
  86  84  81  76  71  68  64  63  63  64  63  62  65  65  65  67  68  69
  70  71  72  72  73  74  75  75  75  74  77  80  82  82  84  87  89  89
  89  94  98  99 105 113 118 119 120 114 128 156 169 167 166 169 169 170
 170 170 169 168 168 168 170 170 171 171 170 168 167 166 166 167 167 168
 169 169 168 167 168 167 168 168 166 165 166 165 166 165 165 164 163 163
 162  29]"
"[ 29  29 185 185 182 182 182 182 181 182 183 183 183 182 182 182 183 181
 181 182 183 184 185 185 185 184 182 181 182 183 183 182 180 181 183 184
 184 184 183 182 182 181 181 182 183 184 184 184 184 185 184 182 182 183
 182 179 181 182 183 183 183 183 183 183 183 184 185 184 183 182 181 180
 179 176 169 137 106 101 104 104 104 104 100  98  91  82  79  77  75  75
  74  72  71  72  72  71  73  76  78  80  82  83  85  85  87  87  88  90
  90  89  86  81  77  73  67  65  65  66  66  65  66  66  67  69  71  72
  72  73  73  73  74  76  77  77  77  76  78  81  82  82  83  87  89  88
  89  93  97  99 105 114 120 120 122 120 136 160 170 168 167 169 169 169
 169 169 169 168 168 168 169 169 168 168 168 168 166 165 166 166 167 167
 168 168 167 166 166 165 166 166 164 164 164 163 164 164 163 162 162 161
 160  29]"
"[ 30  29 185 184 182 182 182 182 182 182 182 182 182 182 182 182 183 181
 180 182 185 186 186 185 185 184 183 183 183 183 183 183 181 182 183 184
 185 184 183 183 184 182 181 182 184 185 184 183 182 184 184 183 182 182
 182 180 181 182 183 184 183 183 183 183 184 184 183 183 182 182 182 183
 184 177 175 154 122 102 102 105 105 105 103 102  94  84  80  79  77  77
  75  72  71  71  71  70  71  73  76  78  80  81  82  83  85  85  86  88
  89  90  89  85  81  78  75  71  68  66  67  69  66  66  67  70  72  73
  73  74  74  73  73  75  77  78  79  80  80  82  83  82  84  88  90  89
  89  93  96  99 106 115 120 121 124 134 148 160 165 168 169 168 167 168
 168 168 168 168 168 169 168 166 165 165 166 167 166 165 166 165 165 165
 165 165 165 164 165 164 165 165 163 162 162 160 160 161 161 160 160 160
 159  30]"
"[ 30  29 184 184 182 182 182 182 184 183 182 182 183 184 183 183 182 181
 180 182 185 186 186 185 183 183 182 182 182 182 182 182 183 184 184 185
 185 185 184 184 185 183 182 182 183 184 184 183 182 182 183 183 182 181
 181 182 182 183 184 184 184 183 183 184 185 183 182 182 181 182 182 183
 180 178 176 166 144 111 101 103 105 105 104 103  95  84  81  81  78  77
  75  73  72  71  71  70  70  71  72  75  77  79  80  82  84  83  83  83
  84  88  90  88  87  85  82  79  74  69  68  69  68  67  68  69  71  72
  73  74  73  72  73  75  77  78  80  82  82  82  82  83  86  89  91  91
  90  92  95  99 106 114 119 120 124 139 153 159 164 168 169 168 166 167
 167 167 167 167 167 167 167 165 164 164 165 165 166 165 165 164 163 162
 162 162 162 162 163 162 163 163 161 161 161 159 158 160 160 159 159 158
 157  29]"
"[ 29  28 183 183 182 182 182 181 184 183 181 182 183 184 184 184 181 180
 180 182 184 185 185 185 183 183 183 183 182 183 183 184 185 185 186 186
 186 185 185 185 184 183 182 181 181 182 183 183 182 183 183 184 182 180
 181 183 184 185 186 186 185 184 185 185 185 184 183 183 183 183 182 183
 179 181 177 175 168 134 112 104 104 105 103 102  94  83  81  82  79  77
  75  75  75  73  72  72  74  73  73  74  75  77  79  81  80  81  82  82
  83  88  90  88  91  88  85  84  80  75  70  68  70  69  69  69  71  72
  73  75  73  73  74  77  79  79  80  81  81  81  81  82  85  88  90  91
  90  91  93  98 105 112 117 119 122 136 149 159 167 169 167 167 167 167
 167 167 166 166 166 166 167 166 164 163 163 164 164 164 166 164 163 161
 161 161 162 162 162 161 161 162 161 161 161 160 159 161 160 159 159 157
 155  28]"
"[ 29  29 183 184 184 184 183 184 183 182 182 182 183 185 186 187 181 183
 184 184 183 183 183 184 185 184 183 183 183 183 183 182 182 185 186 185
 184 185 185 184 184 184 184 183 183 184 185 185 185 184 183 182 181 180
 181 184 183 184 185 186 186 186 184 182 183 184 185 185 185 184 183 182
 183 181 179 176 169 148 118 104 104 106 104  98  98  90  86  84  81  77
  74  75  76  75  74  73  73  74  71  70  73  77  79  81  82  80  79  80
  82  83  86  88  90  89  90  90  87  84  79  74  74  72  71  71  73  74
  73  72  72  74  74  75  77  80  81  80  80  80  83  85  86  88  91  91
  91  93  98 102 107 114 117 120 127 148 159 162 166 166 164 167 166 164
 164 165 165 164 164 165 166 165 164 162 162 162 162 163 164 164 164 163
 162 162 162 163 160 161 161 160 160 160 159 158 158 159 160 156 155 154
 153  29]"
"[ 29  28 182 183 184 184 182 183 183 182 182 182 182 183 184 184 183 184
 184 184 183 182 182 183 186 185 183 182 181 181 181 181 182 183 183 183
 183 183 183 182 183 184 184 183 183 184 185 185 184 184 183 184 183 182
 183 185 186 186 185 184 184 185 184 183 182 183 183 183 183 184 183 183
 185 183 183 181 178 164 136 117 102 103 102  97  98  92  88  82  81  77
  74  74  75  74  72  72  72  73  70  68  72  75  77  79  79  78  79  80
  81  83  85  86  90  91  93  94  91  88  85  81  78  76  74  73  73  74
  73  72  73  73  74  74  76  79  80  80  81  82  85  88  88  89  91  90
  96  97 101 103 108 114 116 119 130 151 162 162 164 163 162 165 163 162
 162 163 164 164 164 165 165 165 164 163 162 162 161 161 162 162 162 162
 161 160 160 160 159 159 160 159 159 159 158 157 159 159 159 155 154 154
 154  31]"
"[ 30  29 183 183 183 183 182 182 183 182 182 182 182 182 182 182 183 183
 183 182 181 181 181 182 187 186 184 183 181 180 181 181 182 181 181 182
 183 182 181 180 183 183 183 183 183 185 186 186 185 184 185 185 185 185
 185 186 187 186 185 184 183 184 183 183 183 183 183 182 183 184 185 185
 182 181 182 180 181 176 153 129 106 104 105 100  98  96  95  87  83  80
  76  75  75  73  72  72  71  71  68  66  70  73  75  77  76  78  79  80
  82  85  86  87  89  90  94  95  93  92  91  88  85  82  79  77  76  76
  76  76  76  75  75  76  77  77  78  79  80  81  85  88  88  90  93  93
  96  97 101 103 109 114 117 122 133 154 165 163 163 162 162 165 162 161
 162 162 163 163 163 164 163 163 163 163 163 162 161 161 161 161 161 160
 160 160 159 158 158 159 159 159 159 158 157 156 158 157 157 154 154 154
 154  30]"
"[ 30  29 184 183 182 182 180 181 183 182 182 183 183 182 181 181 182 182
 182 182 181 181 182 182 186 186 186 184 182 181 181 182 182 180 180 183
 184 183 182 182 182 183 183 183 184 186 186 186 185 185 185 186 186 186
 185 185 185 185 185 184 184 184 183 181 183 183 182 182 183 185 186 186
 182 180 182 180 182 183 166 144 112 105 107 102  96  95  97  92  87  83
  80  78  76  74  73  74  70  69  66  65  68  71  73  75  74  77  79  80
  82  85  87  87  87  88  91  93  93  93  93  90  89  87  83  80  79  79
  80  80  80  78  78  79  78  77  76  77  79  80  84  86  87  90  95  97
  97  98 102 103 108 111 113 120 135 154 165 163 162 162 163 165 162 162
 162 162 161 161 161 162 161 162 163 163 163 162 162 162 161 160 160 160
 160 160 159 157 158 159 159 159 158 158 157 156 155 155 155 154 155 154
 152  28]"
"[ 29  29 184 184 182 180 180 182 184 182 182 184 184 182 181 181 183 183
 183 183 183 183 184 184 184 185 186 185 183 182 182 182 182 180 181 183
 184 183 182 182 182 183 184 185 185 186 186 186 185 185 185 185 184 184
 183 183 183 184 183 183 183 183 183 182 183 182 182 182 183 185 185 185
 183 180 182 181 181 182 172 159 124 108 107 104  99  97  98  95  88  84
  81  79  76  74  74  75  71  70  66  65  69  70  71  73  72  74  76  77
  80  83  84  85  86  86  89  91  93  94  93  89  89  87  85  82  81  81
  81  81  82  81  80  81  80  77  75  75  80  81  84  87  87  90  95  96
  96  99 102 104 109 110 112 122 139 153 162 162 162 162 162 163 162 162
 162 161 161 161 160 160 160 161 162 162 162 162 162 162 160 160 159 159
 160 160 158 157 157 158 158 157 157 156 155 154 154 153 153 153 154 153
 152  27]"
"[ 29  29 185 185 183 183 182 185 187 184 184 185 185 183 182 182 183 183
 183 183 183 183 184 184 184 186 187 187 185 183 181 181 181 181 181 183
 183 182 182 182 182 184 185 185 185 186 186 186 186 186 186 185 184 184
 183 182 183 183 182 181 182 184 184 184 183 183 183 183 184 186 186 185
 183 180 181 181 180 179 174 170 140 115 109 106 105 103  99  94  87  84
  81  78  74  72  72  74  74  72  69  68  69  70  70  71  72  71  72  74
  77  79  81  82  85  84  86  89  91  93  92  88  88  87  87  85  83  82
  81  80  81  81  82  83  82  80  77  75  79  80  85  88  89  92  95  96
  96  99 102 104 109 111 115 129 147 156 161 161 162 162 161 161 163 163
 162 162 162 162 162 161 160 161 162 162 161 160 161 161 160 160 159 159
 160 160 159 158 157 157 157 156 156 155 155 154 154 152 152 151 153 152
 152  29]"
"[ 29  29 185 186 185 185 185 186 187 185 183 185 185 183 182 184 183 183
 183 183 183 183 183 183 184 186 187 187 186 183 181 180 180 182 183 183
 182 182 183 183 183 185 186 185 185 185 186 187 185 187 187 186 185 184
 183 182 183 183 183 182 183 185 186 186 183 184 184 184 185 186 186 184
 184 183 183 182 182 181 176 178 152 125 113 105 105 102  97  93  89  86
  82  79  74  72  72  75  75  74  71  70  71  70  69  71  72  69  69  73
  75  76  77  80  82  82  84  86  88  90  90  87  86  87  88  88  86  84
  82  81  80  82  84  85  84  83  80  77  77  79  84  88  90  93  96  97
 101 103 104 104 107 108 113 131 156 159 161 162 162 161 161 161 164 163
 162 161 162 163 162 160 159 160 161 161 160 159 159 160 159 159 158 158
 159 159 158 158 157 157 156 155 154 154 154 153 154 152 152 152 153 152
 152  30]"
"[ 29  29 184 185 185 186 184 185 185 182 181 183 183 182 182 184 182 182
 183 183 184 184 183 183 183 184 186 186 185 183 180 179 179 183 185 184
 183 184 185 185 184 186 186 185 184 184 186 187 182 185 187 186 184 184
 183 181 182 183 184 185 186 187 186 185 183 183 183 184 185 186 185 183
 182 183 183 181 182 180 175 178 163 136 122 107 103 102  98  97  91  88
  85  81  76  73  74  76  76  75  72  71  72  70  69  71  72  68  67  71
  74  74  75  78  80  80  83  85  86  88  89  87  84  87  89  90  88  86
  83  81  81  84  86  86  86  85  82  78  79  80  83  87  89  92  95  95
 100 103 103 101 105 107 115 135 159 159 160 161 161 161 162 163 162 162
 160 159 160 162 160 158 157 159 160 160 159 158 158 159 158 157 157 157
 157 157 157 157 156 156 155 153 152 152 152 152 153 152 153 154 155 153
 152  29]"
"[ 30  28 182 183 185 186 183 182 183 181 180 182 183 183 182 182 182 182
 181 181 182 184 184 184 186 183 182 184 185 184 182 182 185 185 186 186
 185 184 185 186 186 185 184 182 183 185 186 187 183 183 185 186 185 183
 183 185 183 184 185 186 186 186 185 184 183 184 184 182 183 185 185 183
 182 183 183 182 181 179 179 179 170 150 125 103 106 106 100  98  94  88
  85  84  79  74  74  76  75  75  73  71  71  71  69  67  70  70  69  69
  71  73  74  73  75  78  80  81  83  86  88  88  88  88  89  89  89  88
  85  83  81  84  85  86  87  85  83  83  83  82  82  85  87  91  94  97
 100  99 100 102 101 105 123 143 155 158 160 160 160 161 160 159 161 160
 159 160 161 161 160 160 158 158 158 159 159 159 158 157 158 158 157 157
 157 157 156 155 154 153 152 151 151 152 151 151 153 152 152 152 153 152
 154  28]"
"[ 29  28 181 181 182 184 182 182 182 181 181 182 183 182 182 182 182 182
 181 181 182 184 185 185 185 183 183 184 185 183 182 182 185 185 185 185
 185 184 184 185 185 185 184 183 184 186 187 187 185 184 185 187 187 185
 184 185 185 185 185 186 185 184 183 183 184 184 183 183 183 185 185 183
 182 182 182 181 180 180 179 179 181 166 145 112 108 102 102  98  96  90
  86  85  80  76  75  74  74  74  74  72  68  66  66  66  71  71  70  68
  68  70  72  73  74  75  77  79  82  84  86  88  88  88  88  88  89  89
  87  86  82  83  82  83  86  87  86  86  86  86  86  87  89  91  93  94
  95  95  98  99 104 112 132 149 155 158 159 160 160 161 160 160 159 158
 158 159 160 159 158 158 158 157 157 157 157 157 156 156 157 156 155 155
 155 154 154 153 152 151 151 151 151 151 151 151 151 150 150 151 151 150
 153  28]"
"[ 29  28 181 180 181 182 182 183 183 183 183 183 183 182 182 183 184 184
 182 181 182 184 186 186 184 184 184 185 184 182 181 182 182 182 183 184
 184 183 183 183 185 185 185 185 185 186 186 185 185 183 183 185 186 185
 184 184 186 186 186 185 184 183 182 182 184 184 183 183 184 184 183 183
 182 181 180 180 179 179 179 179 177 169 154 121 108 105 105 101  96  90
  87  84  81  78  75  72  70  70  71  71  68  65  65  67  72  72  70  68
  67  69  72  73  73  73  75  79  82  82  85  88  88  88  88  88  89  90
  90  89  86  84  81  80  84  87  86  86  88  88  88  89  89  89  90  90
  89  90  93  96 109 125 145 156 155 157 158 159 159 160 160 160 158 158
 158 159 159 157 157 157 157 156 155 155 155 155 155 154 156 155 154 153
 153 153 152 152 151 150 149 150 150 151 150 150 149 147 147 149 149 148
 152  29]"
"[ 29  29 183 182 182 183 182 184 184 185 186 185 183 182 182 183 186 185
 183 181 182 183 184 184 183 183 185 185 184 181 180 181 180 180 181 183
 183 183 183 183 186 187 187 186 186 186 185 183 183 182 182 184 185 185
 184 184 185 186 186 186 185 183 183 182 185 184 183 184 184 183 183 182
 181 180 179 179 179 179 179 179 174 173 158 136 111 110 102 100  97  93
  90  86  81  79  78  75  72  69  68  70  70  68  67  68  71  71  69  67
  66  68  71  72  71  72  75  78  80  81  83  85  87  87  87  87  88  90
  91  90  89  87  82  81  84  87  87  89  89  89  89  89  88  88  88  88
  86  87  87  95 111 134 150 156 155 156 157 158 159 159 159 159 159 158
 158 158 157 156 155 156 155 155 154 154 154 154 154 154 154 153 153 153
 152 152 151 151 150 149 149 149 149 150 149 148 148 145 145 148 148 147
 151  29]"
"[ 29  29 185 184 184 184 183 184 185 186 187 185 182 181 182 182 185 185
 183 182 181 182 182 181 182 183 185 186 184 182 180 180 181 182 183 185
 185 185 184 184 185 186 187 187 186 186 185 184 184 184 184 185 185 185
 185 185 185 185 186 186 185 184 184 184 186 184 183 184 184 183 182 182
 181 180 180 179 180 180 180 179 179 179 169 153 123 114 101 101 100  98
  95  89  82  81  82  81  76  73  71  72  71  69  67  68  69  68  66  65
  65  66  67  68  66  70  73  75  77  80  81  81  84  85  86  87  87  89
  89  89  89  88  84  82  85  87  89  92  89  90  90  89  88  88  88  87
  89  91  90 103 118 144 152 154 155 155 156 157 157 158 158 158 158 158
 157 156 155 153 153 154 154 154 154 154 154 154 153 153 151 151 152 152
 151 150 149 149 150 149 149 148 148 148 147 147 146 145 145 147 148 147
 151  29]"
"[ 28  29 185 186 185 185 183 184 185 186 186 184 182 181 182 182 185 185
 184 183 183 184 184 183 182 184 185 186 184 183 182 181 185 185 186 187
 186 186 185 185 182 184 186 186 186 186 187 187 186 186 187 186 185 185
 185 185 184 185 186 185 185 184 184 185 186 185 183 183 183 183 183 182
 180 180 180 180 180 179 179 179 180 179 177 161 137 115 102 103 101 100
  97  90  83  81  82  83  76  75  74  73  70  67  67  70  68  67  66  65
  65  66  66  65  63  68  72  73  75  78  80  79  81  84  87  88  88  89
  90  91  90  90  87  84  84  85  86  89  90  91  91  89  88  88  87  85
  87  90  94 113 130 151 154 156 155 154 154 156 156 156 156 157 156 156
 155 153 152 151 151 152 154 155 155 155 154 153 152 151 149 150 151 151
 151 149 148 147 150 150 149 148 147 146 146 146 146 146 146 148 149 149
 152  28]"
"[ 28  29 185 185 185 185 183 184 186 186 185 183 182 183 183 183 186 186
 185 185 185 186 186 185 185 185 186 185 185 185 184 184 186 186 187 187
 186 185 185 186 182 184 186 186 185 185 187 187 186 187 187 186 185 185
 185 185 186 186 185 184 183 183 184 185 186 185 184 182 182 183 183 182
 180 180 181 181 180 180 179 179 180 180 180 168 150 122 103 101 101  98
  95  91  86  83  83  82  75  75  74  71  68  67  68  70  69  69  68  67
  67  67  67  66  66  68  71  73  73  75  76  77  79  83  87  89  89  91
  92  94  93  93  90  86  85  83  84  87  89  91  92  91  90  90  88  86
  83  87 101 123 142 151 154 156 155 154 154 155 156 155 155 156 155 154
 153 153 152 151 151 151 153 154 155 155 154 152 151 151 151 152 152 152
 151 149 148 147 150 151 150 148 146 145 146 147 148 149 150 150 152 153
 155  29]"
"[ 29  29 185 185 184 185 184 185 186 186 185 183 183 184 185 185 185 185
 185 185 185 186 186 186 187 187 186 185 186 187 186 186 186 187 187 187
 186 185 185 187 183 185 187 186 184 184 185 187 186 186 186 186 186 187
 187 186 187 186 185 183 181 181 183 185 186 186 184 181 181 184 184 182
 181 182 183 183 182 181 181 181 179 180 179 178 163 139 111 107 101  97
  95  93  91  88  86  84  78  76  73  70  69  69  69  68  68  69  70  69
  68  68  69  69  70  70  71  73  72  71  72  75  76  81  86  88  89  90
  93  95  94  95  92  89  87  86  87  89  90  92  94  93  93  93  91  88
  90  93 115 135 156 153 157 158 155 154 153 155 155 155 154 155 154 154
 153 153 153 152 152 152 152 153 154 154 153 152 152 151 152 153 153 152
 150 148 147 147 150 151 150 148 146 145 146 148 150 152 153 153 155 156
 158  30]"
"[ 29  30 183 184 182 181 186 187 185 184 183 183 185 186 187 186 186 185
 184 185 185 187 187 184 186 186 187 186 186 186 186 187 187 187 187 187
 187 187 187 186 185 186 187 187 186 185 184 184 185 186 186 186 186 187
 187 186 185 186 186 186 185 183 182 182 185 184 183 184 184 184 184 184
 182 182 183 183 182 182 181 181 181 178 177 176 168 150 127 111  99  98
  97  94  93  88  88  85  80  77  74  71  70  70  70  70  72  72  69  67
  69  67  65  68  69  70  72  72  71  71  72  73  76  79  85  89  91  91
  92  95  95  95  94  93  90  88  88  88  93  93  95  94  95  96  92  91
  92 103 125 148 154 153 155 153 155 155 155 155 155 155 155 153 154 154
 154 152 152 152 153 153 155 154 153 153 153 153 153 152 151 153 154 153
 152 151 151 151 152 152 151 150 150 150 151 151 152 155 153 158 162 162
 163  27]"
"[ 29  30 183 185 182 181 185 185 185 185 185 185 186 187 188 187 186 186
 186 186 185 186 188 186 186 186 187 187 187 187 187 187 187 187 187 187
 187 187 187 187 187 187 188 187 186 185 184 183 186 186 187 187 187 187
 186 185 186 186 187 186 185 183 182 183 183 184 185 186 185 184 183 183
 181 181 182 182 183 183 183 182 179 178 177 178 173 157 132 113  99  97
  96  93  94  90  90  87  82  78  75  74  74  73  72  72  71  71  67  65
  67  66  64  66  68  69  70  70  70  71  72  74  78  80  84  87  89  90
  91  93  97  98  98  97  95  94  94  95  92  93  97  97  97  98  97 100
 102 115 135 152 156 154 157 155 154 155 156 156 155 155 155 155 155 155
 156 155 154 154 154 153 154 153 153 154 154 154 154 153 153 155 155 155
 154 154 154 154 154 154 153 153 153 153 153 153 154 158 157 161 164 167
 169  30]"
"[ 29  29 184 186 183 182 184 184 185 186 186 186 186 187 187 187 186 186
 187 187 185 185 187 187 186 187 187 187 188 188 187 187 187 187 187 187
 187 187 187 187 187 187 187 187 186 185 184 183 186 186 186 186 186 186
 186 186 186 187 187 186 185 184 183 182 181 183 185 185 184 182 181 181
 182 182 182 183 184 183 182 181 181 180 179 180 178 165 140 119 104  98
  97  94  94  89  88  85  82  77  74  75  76  75  73  72  72  71  67  64
  65  66  65  64  66  67  67  68  68  70  72  73  79  80  82  85  87  89
  91  93  94  95  96  96  96  96  96  96  95  94  95  96 100 103 102 105
 112 127 144 154 154 154 158 156 157 159 160 159 158 158 158 158 157 158
 159 159 159 159 157 156 158 158 158 158 159 159 158 157 155 155 155 154
 154 155 155 155 154 154 154 154 154 154 154 154 155 160 159 162 165 170
 171  30]"
"[ 29  29 185 186 184 184 184 184 185 186 187 187 187 187 187 186 186 187
 188 187 185 186 187 186 186 186 187 187 188 188 187 186 187 187 187 187
 186 187 187 188 187 187 186 186 187 186 186 185 184 185 184 184 184 185
 186 187 187 187 187 187 186 185 184 183 182 183 183 182 181 181 182 182
 182 182 183 183 183 182 181 181 181 181 179 179 178 170 151 132 108 100
 100  97  96  91  89  86  81  76  74  75  76  74  72  71  73  72  68  65
  66  68  67  64  66  66  66  66  67  69  71  72  78  79  81  83  85  88
  91  94  93  95  96  97  98  99  99  98  99  96  95  96 101 103 103 108
 131 148 160 163 162 163 166 163 161 163 164 163 162 161 161 160 160 161
 161 161 162 161 160 159 159 159 158 158 158 158 157 156 155 155 155 154
 154 155 154 153 154 154 154 154 154 154 154 154 156 159 159 162 164 169
 171  29]"
"[ 29  29 186 187 185 186 185 186 186 187 187 188 189 189 188 186 188 187
 188 188 187 187 187 186 186 186 186 187 188 188 187 186 187 187 187 187
 187 187 188 188 188 187 186 186 187 187 187 187 185 185 183 182 182 184
 186 187 187 187 187 186 187 187 186 185 183 183 182 181 181 183 184 184
 181 182 184 184 183 182 182 182 181 182 181 179 179 175 163 149 113 101
 100  96  93  88  84  81  81  78  76  76  75  73  71  72  73  72  70  68
  68  70  70  66  67  66  66  66  66  69  71  73  76  79  81  82  83  85
  90  94  94  95  96  98 101 103 103 101  99  99 100 100 102 102 105 118
 141 156 164 164 163 164 165 161 163 163 163 163 162 162 161 160 160 160
 160 159 160 160 160 159 160 158 157 157 156 156 155 153 155 155 155 154
 155 155 154 153 154 154 154 153 153 153 154 155 158 158 158 163 165 168
 171  29]"
"[ 30  28 187 187 186 187 186 188 186 186 187 188 189 190 189 187 188 187
 187 188 187 188 188 185 187 187 187 187 187 187 187 187 187 187 186 187
 187 187 187 187 187 187 186 186 186 186 187 187 187 186 184 182 183 185
 186 187 186 186 185 184 185 187 187 185 183 183 182 181 182 184 184 184
 184 185 185 185 183 182 182 182 182 183 182 180 179 177 167 157 127 109
 105  99  95  91  87  83  80  79  78  76  74  72  72  73  72  71  72  71
  70  72  72  68  66  66  66  66  66  69  72  74  75  78  81  81  81  83
  87  90  90  92  95  97 100 104 104 102 101 101 101 102 106 107 111 127
 145 158 163 162 162 163 164 161 162 162 161 161 161 161 161 160 160 159
 158 158 158 159 160 160 161 159 158 157 157 157 155 154 154 154 154 154
 155 155 155 153 154 154 154 153 153 153 154 156 158 158 159 165 165 169
 172  30]"
"[ 30  28 187 187 186 188 186 188 187 187 188 188 189 189 189 187 187 186
 186 186 186 187 188 186 188 188 188 188 188 188 188 188 188 187 187 187
 188 188 187 186 187 187 187 187 187 186 186 187 188 187 184 183 184 186
 187 187 187 186 184 182 183 186 185 183 183 184 183 182 182 184 185 184
 187 187 186 185 185 184 184 184 186 185 182 181 181 180 173 164 137 111
 103  94  91  90  87  85  80  81  79  75  73  73  74  73  72  71  74  75
  73  72  71  68  66  66  66  65  65  67  71  73  74  77  80  80  80  81
  84  86  87  92  96  97 100 104 106 105 104 102  99 102 109 110 113 129
 146 157 160 160 161 161 162 161 161 161 161 160 159 160 161 161 159 160
 159 158 158 159 160 160 159 158 157 156 157 156 154 153 153 154 154 153
 154 154 154 154 154 154 154 153 153 153 154 155 157 159 162 166 165 170
 173  29]"
"[ 29  27 187 187 186 188 185 187 189 190 190 190 189 189 189 188 186 185
 186 186 185 187 189 189 189 189 189 189 188 188 189 189 190 189 188 189
 191 191 189 187 187 188 189 189 189 188 188 188 188 186 184 183 185 187
 187 186 190 189 186 183 183 185 185 182 185 186 185 182 181 183 186 187
 186 185 184 185 187 188 188 188 196 192 188 188 192 194 188 181 160 127
 112  99  93  92  88  84  81  82  79  75  74  75  76  74  73  72  76  79
  74  71  70  67  65  65  65  64  64  65  68  71  72  76  79  79  79  81
  83  83  84  90  95  97  98 102 105 105 104 102 101 102 108 107 111 129
 152 161 162 162 162 159 160 161 161 162 161 160 158 159 160 161 159 159
 160 159 159 160 160 160 161 159 158 158 158 157 155 153 155 155 154 153
 153 154 154 154 154 154 155 154 154 153 154 156 156 161 164 167 165 171
 174  27]"
"[ 28  28 187 187 188 189 189 188 190 189 189 190 190 189 190 192 187 188
 188 187 188 190 191 189 187 189 191 189 188 188 190 191 190 191 192 192
 192 190 189 188 189 185 186 190 189 186 186 187 189 189 188 188 188 189
 188 187 193 194 194 195 197 198 197 195 196 197 197 197 199 201 201 199
 201 202 203 202 200 198 197 196 197 198 200 202 202 199 195 191 180 158
 129 102  96  94  91  88  86  83  80  77  76  76  77  79  74  77  79  78
  75  71  68  66  65  64  62  62  63  65  67  68  68  73  77  78  81  83
  84  85  88  88  91  96 101 104 105 104 102 103 101 103 105 104 105 131
 152 158 163 162 161 161 162 161 163 162 161 160 160 161 161 161 160 160
 160 160 160 160 160 159 159 159 160 160 158 156 155 155 155 154 153 154
 155 154 153 154 154 153 153 153 153 154 154 154 160 163 166 166 167 169
 174  29]"
"[ 31  29 189 188 190 189 188 186 185 187 190 191 191 191 192 193 190 190
 188 186 186 188 190 190 187 190 192 192 192 192 193 194 192 192 192 193
 194 195 195 196 193 190 190 192 194 195 195 193 196 196 197 199 201 203
 203 203 199 200 201 202 203 202 201 198 202 203 203 202 203 205 205 203
 201 202 202 202 201 200 200 199 200 200 200 200 199 198 196 194 181 164
 137 106  92  93  92  90  87  84  81  80  80  80  80  81  79  79  79  76
  73  70  67  65  66  66  64  63  62  63  65  67  66  71  75  78  82  84
  86  87  90  90  91  96 100 103 104 104 103 104 101 103 106 107 110 136
 158 162 164 163 162 162 162 161 162 161 160 160 160 161 162 162 161 160
 159 159 160 160 160 160 159 159 158 159 158 158 157 157 156 155 154 155
 155 154 154 154 154 154 154 153 154 155 156 156 160 162 164 166 168 171
 175  29]"
"[ 29  25 187 188 190 189 188 187 187 189 190 191 192 194 194 193 194 194
 194 192 193 196 199 200 197 198 200 201 201 201 202 203 203 202 202 201
 202 202 203 204 204 206 208 206 204 206 208 206 207 206 205 206 208 208
 207 205 204 205 206 207 207 206 204 201 202 203 203 202 203 204 204 203
 203 203 203 202 202 203 203 202 202 201 200 198 197 196 196 196 193 176
 147 110  91  92  92  88  87  85  83  83  84  83  82  80  82  80  78  74
  72  70  67  65  66  67  66  63  61  61  63  65  68  72  76  79  83  86
  87  89  92  92  93  96 100 102 104 104 105 104 101 103 106 109 113 139
 164 163 162 162 162 162 162 162 161 160 160 160 160 161 161 162 161 160
 159 158 159 159 159 159 159 158 157 157 158 159 159 159 157 155 155 155
 155 154 154 154 154 154 154 154 154 155 157 158 161 162 164 166 169 172
 175  29]"
"[ 32  28 196 198 200 200 202 203 207 206 203 201 204 207 206 202 203 204
 204 204 203 205 205 205 209 208 208 208 208 209 210 212 211 211 210 209
 208 208 207 206 206 209 211 208 204 205 207 205 207 206 205 205 207 208
 207 205 205 206 207 207 207 207 205 203 202 203 204 203 203 204 204 204
 205 204 203 202 203 204 203 202 201 201 200 199 198 196 196 196 197 194
 182 144 112  97  97  96  90  88  87  86  85  83  81  80  81  79  77  75
  73  72  69  67  65  66  66  65  63  62  64  66  73  75  77  79  83  86
  87  90  91  93  95  97 101 104 105 105 106 105 103 104 107 110 114 139
 166 163 160 161 162 162 162 162 162 162 161 160 160 161 161 161 161 160
 159 158 158 158 158 158 159 157 156 157 158 158 158 158 157 156 155 155
 155 155 154 154 153 154 154 154 154 155 157 159 160 161 164 166 169 172
 175  29]"
"[ 29  27 200 202 204 203 207 210 212 212 209 206 206 209 209 207 207 208
 209 209 209 209 209 208 212 211 210 210 209 209 210 211 210 210 209 209
 208 207 207 207 209 207 208 208 208 209 207 204 206 204 203 204 206 208
 208 207 206 206 207 206 206 206 205 204 203 204 204 204 203 203 204 205
 204 203 202 202 203 203 202 201 200 200 200 199 198 197 196 196 193 193
 193 160 129 100  97  97  95  94  92  90  86  82  80  80  80  79  78  77
  76  75  71  67  66  66  67  67  67  67  67  68  73  75  75  77  81  83
  86  89  91  93  96  99 103 106 108 107 106 105 105 107 109 112 116 140
 165 162 161 161 162 161 162 163 164 163 162 161 161 161 161 161 161 160
 160 159 159 159 159 159 159 158 158 158 157 157 157 157 157 157 156 155
 155 155 154 154 154 154 154 154 154 154 156 158 160 162 165 166 169 171
 174  28]"
"[ 30  29 207 208 209 207 210 212 210 213 214 211 209 209 211 213 209 210
 210 211 211 212 213 213 211 210 210 211 211 209 208 209 210 209 208 207
 206 206 207 208 208 205 206 208 207 206 205 204 207 205 203 203 205 206
 206 205 207 207 206 206 205 205 205 204 203 203 203 203 202 202 202 203
 203 203 202 203 203 204 203 202 201 201 200 199 197 197 197 198 199 193
 190 166 146 113 100  98  96  96  95  91  85  80  78  79  80  80  79  78
  77  74  70  66  66  67  68  68  69  69  69  69  69  71  71  73  77  80
  83  88  91  94  97 100 103 106 108 108 105 104 106 109 110 113 118 140
 165 163 162 163 163 162 162 163 164 163 162 162 162 162 162 162 161 161
 160 160 161 161 161 160 160 159 159 159 158 157 156 157 157 157 156 155
 155 156 155 154 154 154 154 154 154 155 156 158 160 163 166 167 169 170
 174  28]"
"[ 29  29 211 212 213 211 213 211 209 212 214 213 211 210 212 214 216 215
 214 214 214 213 212 213 211 211 212 213 212 210 209 211 213 212 210 209
 208 208 208 208 209 208 209 209 206 204 205 206 204 203 202 203 205 206
 207 206 207 207 206 205 205 205 205 204 205 204 204 204 203 203 204 205
 203 203 203 203 204 205 204 203 201 201 200 199 198 198 197 197 193 194
 194 182 163 127 100  97  95  96  97  94  88  82  80  80  81  81  80  79
  77  74  71  68  69  69  69  69  68  68  68  68  68  69  70  73  76  79
  82  88  93  96  98  98 100 104 107 107 105 104 107 109 108 112 118 140
 164 163 162 163 163 163 162 162 163 163 162 162 162 163 162 162 162 161
 160 160 160 160 160 160 161 160 159 159 159 158 157 157 157 157 157 155
 156 156 156 155 154 154 155 155 156 157 157 158 161 163 167 168 170 171
 174  29]"
"[ 29  30 213 216 217 216 216 213 214 213 213 213 213 212 213 214 214 214
 214 215 215 214 213 213 212 211 211 212 211 209 209 212 211 211 211 210
 210 209 208 207 208 206 206 206 205 206 207 206 207 206 205 205 206 206
 206 206 207 207 207 206 205 205 205 205 204 203 203 203 203 203 204 205
 203 203 202 202 203 203 203 202 200 201 201 201 200 198 197 196 196 196
 191 189 175 143 105  99  96  98  99  98  93  87  85  84  82  82  81  79
  77  76  74  73  72  72  71  70  67  66  67  68  70  71  73  75  78  80
  83  88  95  97  98  97  98 102 105 105 107 106 108 109 106 110 117 138
 162 161 161 161 162 163 162 161 163 162 162 162 162 162 162 162 163 161
 160 158 158 158 158 158 161 159 157 158 159 159 157 156 157 157 157 156
 156 157 157 155 155 155 155 156 157 158 159 159 161 163 167 169 171 173
 175  29]"
"[ 29  28 213 215 216 216 215 214 214 216 216 215 215 214 213 213 214 213
 212 213 215 216 215 214 213 213 214 215 214 212 211 210 210 209 207 207
 208 210 210 208 208 208 206 206 207 208 207 206 207 204 203 205 207 207
 207 207 207 208 207 205 204 206 207 207 203 203 203 204 204 203 204 205
 203 202 202 202 202 202 201 201 201 201 201 200 201 200 198 196 196 197
 193 190 179 157 120 109 101 102 103  98  93  91  87  87  87  85  81  77
  76  77  76  74  72  72  71  69  66  65  66  67  68  71  73  76  79  81
  84  88  93  96  97  98 100 101 102 105 107 108 112 108 109 118 119 139
 155 166 162 161 161 163 161 162 163 163 161 160 162 162 161 161 161 161
 161 160 159 159 159 158 158 158 158 158 158 158 157 157 157 158 157 155
 156 158 157 154 155 155 155 155 155 157 159 161 162 163 166 169 170 171
 174  29]"
"[ 29  29 214 215 216 216 214 214 215 217 216 215 215 214 213 214 214 213
 211 212 213 215 214 214 214 214 214 215 214 212 210 210 211 210 210 209
 209 210 210 210 210 209 207 206 207 208 207 206 207 205 204 205 207 207
 207 207 203 206 208 207 207 207 207 206 206 205 205 205 205 205 205 206
 203 203 203 203 203 202 202 201 201 202 201 200 200 200 199 198 196 195
 194 197 193 176 138 118 108 103 102  99  94  90  87  90  88  85  79  75
  74  75  75  75  72  71  70  67  65  64  65  66  68  71  73  75  78  80
  83  88  91  95  97  98  99 100 102 106 106 106 110 109 110 117 118 139
 155 166 163 163 163 164 162 162 163 163 161 161 162 162 162 163 161 161
 161 160 160 160 160 159 157 158 158 159 158 158 158 158 157 157 157 157
 158 158 157 156 157 157 156 156 157 158 160 161 161 162 165 167 169 171
 174  29]"
"[ 28  28 214 215 216 216 215 216 216 218 217 215 216 215 215 215 215 214
 212 212 213 215 215 215 216 215 215 215 214 213 211 210 211 212 212 211
 210 210 211 212 211 210 208 207 208 208 207 206 208 206 205 206 206 206
 207 207 202 205 207 207 207 207 206 206 206 205 205 205 205 204 204 204
 203 203 203 203 203 203 202 202 200 201 201 199 199 199 200 200 196 197
 195 194 198 195 157 117 111 106 105 104  99  95  89  89  88  83  77  75
  75  76  76  75  73  72  69  66  65  65  66  67  68  71  73  74  77  78
  82  86  89  94  97  97  97  98 100 103 104 104 109 111 112 115 116 137
 153 165 164 164 164 165 162 163 162 163 161 160 162 162 162 163 161 161
 160 160 160 161 160 159 157 158 158 159 159 159 159 159 158 157 157 158
 158 157 157 158 158 158 157 157 157 159 160 161 161 162 165 167 169 171
 175  29]"
"[ 28  28 214 215 215 215 214 215 215 217 217 216 217 216 216 216 217 215
 214 213 214 215 216 216 217 217 217 216 215 214 213 211 210 211 212 211
 210 210 210 211 210 210 209 208 207 207 207 206 208 208 207 206 206 206
 207 208 205 206 207 206 205 205 206 207 205 204 203 203 203 203 203 203
 203 203 202 202 203 203 202 201 201 201 200 199 199 200 200 200 197 199
 197 192 194 198 170 127 104 102 104 103 101 101  95  89  86  81  78  78
  79  78  77  76  74  72  70  67  67  67  67  67  68  70  71  73  76  78
  81  85  88  94  97  96  96  95  95  98 102 104 108 111 111 114 115 133
 151 164 164 165 165 166 163 164 163 164 162 161 162 162 162 164 162 161
 161 161 161 162 160 159 158 159 160 160 160 159 160 160 159 158 158 158
 157 157 157 158 159 158 157 158 159 159 160 160 162 164 166 168 170 172
 175  29]"
"[ 30  29 214 215 214 213 212 212 214 217 217 217 218 217 216 217 217 216
 215 215 215 216 216 215 216 217 217 216 216 215 214 212 210 210 211 210
 210 210 209 209 208 210 210 208 207 206 207 207 208 208 207 206 206 206
 207 207 207 207 207 206 205 205 206 208 205 203 203 203 203 203 203 203
 203 203 202 203 203 203 202 202 203 202 201 201 201 201 201 199 199 196
 198 198 195 193 179 153 114 106 106 105 102 102  97  92  86  83  80  81
  82  80  77  76  75  73  71  69  69  68  68  68  66  68  69  71  75  77
  80  83  86  91  95  95  96  95  94  94 100 105 108 109 109 113 114 129
 151 164 164 165 165 166 164 165 165 165 163 161 163 163 162 163 163 163
 162 162 162 162 161 159 160 161 162 162 161 160 161 161 159 160 159 156
 155 157 158 158 159 159 159 159 160 161 160 160 162 165 168 169 172 174
 176  29]"
"[ 29  29 214 215 216 215 214 214 214 216 217 217 218 218 216 217 217 217
 216 216 217 217 216 215 215 216 216 215 216 216 214 211 211 212 212 212
 212 212 211 209 208 210 211 209 207 206 207 208 207 208 207 206 206 206
 206 206 205 205 206 207 206 205 205 206 204 203 203 203 203 203 203 203
 204 203 203 203 204 204 203 203 204 203 202 201 202 202 200 198 200 195
 197 198 196 195 189 167 132 114 109 110 106 101  95  92  88  86  83  82
  81  79  77  76  76  75  73  71  70  69  68  67  63  64  65  67  71  74
  76  80  83  89  93  94  97  98  96  95  98 104 106 107 108 112 114 128
 152 166 166 166 166 166 164 166 165 165 162 161 163 163 161 162 162 163
 162 162 162 162 160 159 160 161 162 162 160 159 159 160 159 161 160 156
 155 158 159 158 159 159 159 160 161 161 161 160 162 165 168 170 173 175
 177  29]"
"[ 29  28 214 216 218 218 218 217 215 217 217 217 218 217 216 217 217 217
 217 217 217 216 216 215 215 216 216 215 216 216 214 210 212 213 213 213
 213 213 211 209 209 210 211 209 208 207 207 207 207 208 208 207 207 207
 207 205 203 204 206 207 207 205 204 205 204 203 203 203 203 202 203 203
 204 203 203 204 204 204 204 203 203 203 202 201 201 202 201 200 200 198
 198 194 195 199 196 171 143 117 107 109 106 101  97  94  88  88  87  84
  81  79  77  76  76  75  73  71  69  67  65  65  60  61  61  62  65  68
  72  78  81  87  91  93  96  98  97  96  96 101 102 105 108 111 115 130
 151 165 166 167 166 166 165 166 165 165 162 162 164 164 162 162 162 163
 163 163 163 162 161 160 160 161 162 161 159 158 159 159 159 160 159 158
 158 159 160 160 159 159 160 160 160 161 161 162 163 166 169 170 173 176
 178  29]"
"[ 30  29 214 216 217 218 216 216 216 218 217 216 217 217 216 216 216 216
 216 216 216 215 215 214 215 216 217 216 216 216 213 210 210 212 212 212
 212 211 210 209 211 211 210 209 209 208 207 206 208 209 209 208 208 209
 208 206 205 205 207 208 208 205 205 206 204 204 204 204 203 202 203 204
 203 203 203 203 204 204 203 203 201 202 202 202 202 202 203 203 200 200
 201 198 196 196 199 182 160 129 111 106 102 102  99  94  87  89  89  86
  82  80  78  75  75  73  71  68  65  63  62  61  59  61  61  61  63  65
  71  78  81  87  91  92  94  96  96  96  95  98  99 105 108 110 116 133
 149 164 166 167 167 167 165 167 167 166 164 164 166 166 164 163 163 164
 165 165 164 164 163 162 160 162 163 162 160 159 160 160 160 159 159 160
 160 159 160 161 160 160 161 160 160 161 163 164 165 167 170 170 173 176
 178  29]"
"[ 29  28 215 218 216 216 217 216 217 216 217 218 218 217 217 218 217 217
 216 216 216 217 216 216 215 216 216 216 217 217 215 211 211 211 211 211
 210 210 210 211 211 211 210 209 209 208 207 207 206 207 207 208 208 208
 207 206 203 206 207 206 206 206 206 204 204 205 205 204 203 203 204 204
 204 202 202 203 204 204 203 202 203 202 201 201 202 202 202 202 200 201
 200 198 197 196 196 195 169 145 109 110 104 101  98  91  90  88  89  87
  82  81  76  74  74  74  72  69  67  65  60  55  60  60  62  63  61  60
  68  77  84  86  88  92  96  96  95  95  96  96 100 104 110 115 120 129
 149 162 167 167 168 167 168 168 167 164 163 164 166 167 166 166 164 164
 164 164 164 163 163 162 162 162 162 161 160 159 158 158 159 159 158 159
 159 159 159 160 160 159 160 161 161 160 160 162 165 167 169 171 174 177
 180  28]"
"[ 29  28 215 217 216 216 216 216 217 217 217 218 218 218 218 218 217 217
 217 217 217 217 217 217 217 217 217 218 217 216 214 213 213 213 212 211
 211 210 211 211 212 210 209 209 210 209 208 207 207 208 208 208 208 208
 206 205 204 206 207 207 206 206 207 206 205 205 204 203 202 203 203 203
 204 203 202 203 204 203 203 203 201 202 202 201 201 201 201 202 199 200
 200 200 198 197 195 193 179 148 101 106 109 101  96  95  92  88  89  86
  83  81  77  75  74  73  70  67  65  63  59  54  56  58  62  65  63  62
  67  75  81  85  90  94  98  98  97  97  98  98 102 105 110 114 117 125
 146 160 166 168 170 169 169 168 169 166 164 166 168 168 167 167 165 165
 165 165 164 164 163 163 163 163 162 162 161 161 160 160 160 160 159 160
 160 160 160 161 161 160 160 161 161 161 162 163 167 169 170 173 175 178
 181  29]"
"[ 30  29 215 218 216 216 216 215 216 217 217 217 218 219 219 219 218 218
 218 218 218 218 217 217 216 215 215 216 215 212 211 212 214 213 211 210
 210 211 211 211 212 210 209 209 210 210 209 207 207 208 208 208 208 208
 206 204 204 205 206 206 205 206 206 207 206 205 204 202 202 203 203 203
 204 203 202 203 203 203 203 204 201 202 203 202 201 200 200 202 200 201
 201 201 200 199 197 195 187 170 118 102 105 104 100  96  95  88  87  86
  84  82  78  77  74  73  69  66  64  64  60  57  59  61  64  66  64  62
  65  71  78  86  92  95  98  98  98  98 101 101 104 107 111 114 116 123
 146 161 167 168 170 170 169 168 169 166 164 166 168 169 168 167 166 166
 166 165 164 164 164 164 163 163 162 162 162 162 161 161 161 160 160 160
 160 160 160 161 161 160 160 160 161 162 164 166 169 171 172 174 176 178
 181  29]"
"[ 30  29 215 218 217 217 217 216 216 217 217 216 217 219 219 219 218 219
 219 218 218 217 217 217 217 216 216 217 217 215 214 215 214 212 211 210
 211 211 211 211 211 210 209 209 209 209 209 208 207 208 208 208 208 208
 206 204 203 204 205 205 205 205 206 207 206 205 203 202 203 204 204 203
 203 202 201 202 203 204 204 205 201 203 204 203 201 200 201 202 203 202
 202 201 201 201 200 198 194 184 140 110 101 102 100  99  96  88  86  86
  85  83  79  79  76  73  69  66  65  65  64  62  65  65  66  65  63  61
  66  72  79  88  95  96  97  98  98  99 102 102 105 108 112 115 117 124
 146 161 168 168 169 168 169 169 168 166 164 165 167 169 168 167 167 167
 166 165 164 164 164 164 162 162 162 162 162 162 161 161 160 159 160 160
 160 160 159 160 161 160 160 160 162 164 166 167 169 171 172 174 176 178
 181  28]"
"[ 30  29 216 219 218 218 218 218 217 218 218 217 217 217 217 217 218 218
 218 217 217 217 218 218 218 218 218 217 218 219 218 216 215 213 212 212
 213 213 213 212 210 210 210 209 208 208 208 208 208 208 209 208 208 208
 206 204 203 204 205 206 205 205 205 206 206 205 203 203 204 205 205 205
 203 202 202 203 203 204 205 205 203 203 204 204 203 202 202 202 203 202
 202 201 200 200 199 198 197 189 163 125 102 105 102 101  96  88  87  87
  85  84  81  80  77  74  69  66  65  65  66  65  66  65  65  64  63  64
  70  77  82  91  97  97  97  98 100 102 102 102 105 107 112 115 117 124
 141 159 168 169 169 168 170 171 170 168 166 166 167 169 169 168 167 166
 165 164 164 164 164 164 161 162 162 162 161 160 160 160 159 159 159 159
 159 159 159 159 160 160 160 160 162 164 166 167 169 171 172 174 176 178
 181  29]"
"[ 29  29 216 220 218 218 219 219 219 218 218 218 217 216 215 216 217 217
 216 216 217 218 219 220 217 218 217 216 217 219 217 214 216 215 214 213
 214 214 213 212 211 211 211 210 208 208 208 209 209 209 209 208 208 207
 206 204 204 204 205 205 205 204 204 204 205 205 203 203 204 206 206 205
 204 203 203 204 205 204 205 205 204 204 203 203 203 203 203 202 202 203
 203 202 201 200 198 196 195 193 182 144 109 103 101  99  95  89  89  88
  86  85  81  80  77  74  70  66  64  64  65  66  65  66  66  66  65  67
  72  78  84  91  96  97  98  99 101 105 102 101 104 106 110 114 116 122
 137 159 171 172 171 169 170 170 171 170 168 167 167 169 169 168 167 166
 165 165 164 164 164 164 162 162 162 162 161 160 160 160 159 158 158 159
 159 159 159 160 160 161 161 161 162 164 166 167 169 171 172 175 177 179
 181  29]"
"[ 29  30 217 220 218 217 218 218 219 217 218 219 219 216 215 217 217 217
 217 217 218 219 219 219 219 219 218 218 218 219 218 216 216 215 214 213
 213 214 213 213 212 212 211 211 210 210 210 210 210 210 209 208 208 208
 206 205 206 204 204 204 204 203 202 203 204 204 204 203 204 205 205 204
 204 204 204 205 205 205 205 205 203 203 203 203 203 203 203 203 202 203
 204 203 202 200 198 197 197 192 184 163 126  96  93  97  94  91  92  90
  87  85  80  78  76  74  71  68  66  65  65  67  66  67  68  69  68  69
  73  77  85  90  94  97  99 100 101 105 103 102 105 107 112 115 116 122
 136 158 171 173 172 170 171 170 169 170 169 168 167 168 169 168 167 166
 166 165 165 164 164 164 164 163 162 161 161 161 159 158 158 157 157 157
 158 158 159 160 160 162 162 162 162 164 167 168 169 171 172 175 177 179
 181  29]"
"[ 29  30 217 220 217 216 217 218 218 216 217 220 220 217 217 219 218 218
 218 218 219 219 219 218 218 217 218 219 219 217 216 218 216 215 214 213
 213 214 214 215 213 212 211 211 212 212 212 211 210 210 209 208 208 208
 207 206 208 206 204 204 204 203 203 203 204 204 204 203 204 204 204 203
 203 203 203 205 205 204 204 205 203 203 203 203 202 202 203 204 202 203
 203 202 201 201 200 200 199 201 187 171 141 107 100  92  94  92  94  91
  87  85  80  77  76  74  73  71  68  66  67  68  66  68  69  70  70  71
  75  79  86  90  95  99 102 101 102 105 104 104 107 110 114 117 117 123
 132 154 167 170 170 171 172 171 167 169 169 169 168 169 170 169 167 167
 166 166 165 165 164 164 166 163 161 161 162 161 159 156 157 156 156 156
 157 157 159 160 160 163 163 162 162 164 167 169 169 171 172 175 177 178
 181  28]"
"[ 29  28 217 219 218 219 216 216 217 218 218 219 220 221 220 219 218 218
 219 219 218 218 218 217 216 217 218 217 216 215 215 216 217 216 216 215
 214 214 214 213 213 213 213 212 212 211 211 211 210 209 209 208 208 208
 207 206 206 207 207 205 203 204 205 205 203 203 203 204 205 205 205 205
 204 204 204 205 206 206 204 203 206 205 204 204 203 203 203 204 204 204
 203 203 202 202 202 203 201 203 191 186 161 120 105  97  94  93  94  95
  91  83  79  79  79  76  75  75  74  71  71  73  68  67  71  73  71  74
  79  81  86  90  96 100 101 101 103 104 104 105 107 111 113 116 119 123
 134 152 168 170 171 172 172 168 168 169 169 170 170 169 169 169 165 166
 166 167 166 166 165 164 164 163 162 161 162 162 160 157 157 157 157 157
 158 158 159 160 161 161 161 161 162 164 167 169 169 171 173 173 176 180
 181  29]"
"[ 29  28 217 221 221 221 219 218 217 218 219 219 220 220 219 218 218 218
 219 219 219 219 219 219 218 219 220 219 218 217 217 217 218 218 218 217
 217 216 215 214 214 214 214 213 212 211 211 211 210 210 209 209 208 207
 207 207 207 207 207 205 205 206 206 205 203 204 205 206 206 205 204 203
 203 203 203 204 204 204 204 203 204 204 203 203 203 203 203 204 205 205
 204 203 203 202 203 203 200 202 196 190 166 125 109 103  96  94  94  94
  91  86  81  80  80  77  75  75  74  73  73  74  72  70  73  75  74  76
  80  81  88  92  97 100 101 101 103 104 105 107 109 112 115 117 120 122
 132 149 168 171 170 172 170 168 167 168 169 170 169 169 168 168 166 166
 167 167 166 165 163 163 162 162 161 161 162 162 160 158 156 156 156 156
 157 158 159 159 159 160 161 163 164 165 166 167 169 171 174 175 176 179
 180  29]"
"[ 29  28 217 222 222 223 220 219 219 220 220 221 222 222 221 219 218 219
 219 220 219 219 219 219 219 220 220 220 219 218 218 218 219 219 219 218
 218 218 216 215 215 215 215 214 212 211 211 211 210 210 209 209 208 207
 207 207 207 206 205 204 206 207 206 204 204 205 206 206 205 204 203 202
 202 203 203 203 203 203 204 204 204 204 203 203 203 204 204 204 203 203
 203 202 202 201 202 202 202 201 199 193 171 132 110 102  98  96  93  92
  91  89  85  83  81  79  76  74  74  75  74  73  74  72  74  76  75  77
  80  81  87  91  95  98  99 100 103 104 104 107 110 113 116 119 122 123
 128 144 167 173 171 173 169 169 166 167 169 170 169 168 168 167 166 167
 167 167 167 165 164 163 161 161 162 161 161 161 159 158 157 156 156 157
 158 159 160 160 159 160 161 163 165 166 166 166 169 171 175 177 176 177
 179  30]"
"[ 29  28 218 222 222 223 220 219 217 218 219 220 220 221 220 219 220 221
 221 220 219 219 219 220 220 220 220 220 219 218 218 219 219 219 219 218
 218 218 217 216 215 216 215 214 212 211 210 210 211 210 209 208 208 208
 207 206 205 204 203 204 205 206 205 204 205 205 205 204 203 203 203 204
 203 203 203 204 204 204 204 204 205 204 204 203 204 204 204 204 204 204
 204 204 203 203 204 204 203 201 199 195 176 144 111  97 100  97  93  91
  90  90  88  85  83  82  79  75  74  75  74  72  73  72  73  74  75  77
  79  80  84  88  94  98 100 101 103 105 104 107 110 113 116 120 123 123
 123 137 162 173 171 173 169 171 166 168 169 169 169 168 168 168 166 166
 167 167 167 165 164 163 161 162 162 161 160 160 159 158 158 157 156 157
 159 160 160 160 160 160 160 161 163 165 167 168 170 171 174 176 176 176
 178  30]"
"[ 30  28 218 221 221 222 220 220 219 219 220 220 221 221 221 219 222 222
 222 221 220 220 222 224 223 222 221 220 219 219 219 219 219 219 218 218
 218 219 219 218 217 217 216 215 214 212 211 211 212 210 208 207 208 209
 207 205 204 204 203 204 204 205 204 204 204 204 205 204 203 202 204 205
 204 203 203 204 205 206 205 204 205 205 204 204 204 205 205 204 203 203
 204 203 203 203 203 203 203 203 199 196 178 155 118 101 101  98  94  90
  88  88  87  86  84  84  81  76  74  75  74  72  73  73  73  74  76  77
  78  80  83  88  94  98 101 102 103 104 106 108 111 113 116 119 122 122
 121 132 156 172 169 172 169 172 169 169 170 170 169 168 168 168 166 166
 166 166 165 164 163 163 162 162 162 161 160 159 159 158 158 157 156 157
 159 160 160 160 161 160 160 161 163 165 167 168 172 171 173 175 176 177
 178  29]"
"[ 29  29 218 222 222 223 221 222 221 222 222 221 222 222 221 220 220 221
 221 221 220 222 224 226 223 223 221 220 219 219 219 219 219 219 218 218
 218 219 219 219 219 218 218 217 216 214 213 213 212 210 208 208 209 209
 207 205 203 203 203 203 203 203 204 205 203 204 205 205 204 203 203 204
 205 204 204 205 206 206 204 203 205 206 205 205 206 207 207 206 203 204
 204 203 202 202 202 202 201 203 199 196 178 157 122 104 102  99  95  91
  88  86  85  85  83  83  81  77  74  74  74  72  75  76  74  74  76  76
  77  81  84  88  94  98 100 101 102 102 105 106 109 113 117 120 123 125
 123 132 150 171 169 171 171 172 171 171 171 170 169 168 167 167 167 167
 166 165 165 164 163 163 162 162 162 161 160 160 160 160 159 158 158 158
 159 160 161 160 160 160 161 162 164 165 167 167 173 171 173 174 176 179
 180  30]"
"[ 29  29 218 223 222 224 222 223 221 221 220 220 220 221 220 220 219 220
 221 221 220 221 223 225 221 221 221 221 221 221 221 220 219 219 219 219
 219 220 220 219 219 219 218 217 217 216 215 213 212 210 209 209 209 209
 207 205 204 203 202 203 203 202 203 205 205 205 206 205 204 204 204 204
 206 206 205 205 205 205 204 203 205 206 206 205 206 208 207 205 206 207
 207 206 205 204 204 204 202 202 200 198 186 158 125 103 103  99  96  94
  92  88  86  86  84  83  80  77  76  76  74  71  75  77  75  74  76  76
  78  82  85  89  93  96  98 100 101 102 104 104 107 114 118 120 123 126
 126 132 144 169 167 169 172 171 171 171 171 171 169 168 167 166 168 167
 166 165 164 164 164 164 163 163 162 161 161 161 161 160 160 159 159 159
 160 160 161 161 159 160 161 163 164 165 166 167 171 171 173 173 176 179
 180  29]"
"[ 29  29 220 224 223 224 222 223 223 223 222 222 222 223 223 223 220 222
 222 222 221 220 221 223 220 220 221 222 223 224 223 223 221 221 221 221
 221 221 221 219 219 218 217 217 217 216 215 213 211 211 211 210 209 208
 207 206 206 204 203 203 204 204 204 205 208 207 206 204 203 203 204 205
 207 207 207 206 205 205 205 205 205 205 205 204 204 206 205 203 205 205
 205 205 204 203 203 203 205 201 203 202 199 163 131 104 103  99  97  97
  96  92  88  88  87  84  81  79  79  79  75  72  74  76  75  73  75  75
  77  84  86  89  92  95  98 100 103 105 105 104 107 114 118 118 120 123
 127 131 139 167 165 166 172 170 170 170 171 171 170 168 167 167 167 166
 165 164 164 164 164 164 164 164 163 162 162 161 160 159 159 159 159 159
 159 159 160 160 160 161 161 162 163 165 167 168 169 170 173 173 175 179
 180  28]"
"[ 29  29 220 225 223 224 223 222 223 224 223 222 224 225 223 223 224 224
 224 223 224 225 225 224 223 223 223 222 223 223 224 224 223 222 222 222
 221 222 222 219 219 220 217 214 216 215 213 214 214 211 209 209 208 207
 207 207 207 204 203 204 205 204 205 207 206 207 205 204 203 202 202 204
 206 204 204 205 205 203 203 205 203 203 203 202 203 205 204 202 203 203
 203 204 205 204 203 202 205 201 201 203 196 168 131 110 104 102  98  95
  93  89  87  89  89  85  82  82  80  76  75  77  77  75  73  73  74  76
  79  83  86  90  93  95  99 101 102 105 106 106 108 113 116 119 121 123
 126 135 137 154 166 171 170 170 172 171 170 170 169 168 167 165 167 167
 167 166 167 167 166 164 166 163 161 161 160 160 161 159 161 160 160 159
 159 159 160 160 160 161 162 162 162 164 167 169 171 172 171 173 175 176
 180  28]"
"[ 30  30 221 226 223 224 224 224 224 225 224 223 224 224 223 224 225 226
 226 225 226 227 226 225 223 223 223 223 223 223 224 224 223 222 222 222
 221 222 223 221 219 221 218 215 217 216 214 214 213 212 210 209 207 207
 207 207 204 203 203 204 204 204 205 207 206 207 205 204 204 202 202 204
 205 204 204 205 205 204 204 205 204 205 205 204 203 204 204 203 201 202
 203 204 205 205 204 203 204 203 202 201 195 174 138 109 107 103  98  95
  95  92  88  87  89  86  84  83  80  77  77  78  75  74  73  74  75  76
  79  81  86  91  94  95  98  99 101 104 107 107 110 113 116 118 120 123
 129 131 133 153 170 171 170 174 172 172 171 171 171 170 168 167 167 167
 166 166 167 167 166 165 167 163 162 162 161 161 161 160 159 159 159 159
 159 159 159 159 160 161 161 162 163 165 167 169 170 171 171 173 175 177
 180  29]"
"[ 29  30 222 228 224 225 224 225 223 225 225 224 225 224 223 224 224 226
 226 226 227 228 226 224 224 224 224 223 222 223 223 224 223 222 222 222
 221 222 223 221 220 221 219 217 217 217 215 215 212 212 210 207 206 206
 206 205 202 203 204 204 203 204 206 207 205 206 206 205 205 203 202 204
 204 203 203 205 205 204 204 205 206 206 206 204 203 203 204 204 201 202
 203 205 206 206 205 204 203 204 204 201 195 179 147 116 104 103 101  98
  95  93  92  92  89  88  86  84  82  79  79  80  76  75  73  74  75  77
  80  82  87  92  96  97  97  98 100 104 108 109 111 113 115 118 122 125
 130 130 130 146 169 170 170 174 170 171 171 171 171 170 168 167 166 166
 166 166 167 168 167 166 165 163 162 162 160 159 160 160 159 159 159 159
 159 159 159 159 160 160 161 162 164 166 167 168 169 171 171 174 176 177
 180  29]"
"[ 29  29 222 229 226 226 224 223 219 223 225 226 227 225 223 223 224 225
 226 225 226 227 226 225 225 225 224 223 222 222 223 224 224 223 223 222
 221 221 222 220 219 219 218 217 217 217 216 215 212 212 210 207 206 206
 205 203 202 203 204 203 203 204 206 207 205 206 206 205 205 203 202 203
 204 204 204 204 205 204 205 206 206 206 205 204 202 202 203 204 202 202
 203 205 206 206 206 205 203 203 203 203 197 183 156 125 103 103 103 100
  96  94  94  94  89  89  88  85  82  81  80  80  79  77  74  73  74  77
  81  83  87  92  96  97  97  98 100 104 108 109 110 112 114 118 123 126
 129 133 134 140 163 170 171 171 170 170 170 170 170 168 167 166 166 166
 166 166 167 167 167 165 163 162 162 162 159 158 159 159 160 160 160 160
 160 160 159 159 160 160 161 162 164 166 167 168 169 171 172 175 176 177
 180  28]"
"[ 29  29 221 227 226 227 225 223 218 222 225 225 226 225 223 223 226 226
 226 225 226 228 228 226 226 225 224 223 223 223 224 224 224 224 224 224
 222 222 222 220 218 218 218 217 217 217 217 216 214 214 211 208 208 208
 205 201 202 203 203 203 204 206 207 207 206 207 206 206 206 203 202 203
 205 205 204 204 204 205 206 207 206 205 205 204 203 203 204 204 203 203
 203 204 204 205 205 205 204 203 202 203 198 189 164 127 107 103 101 100
  97  96  95  90  90  89  88  85  83  81  80  80  80  78  75  73  74  77
  80  82  85  90  94  95  98  99 102 105 108 108 109 110 114 118 122 125
 129 136 138 138 157 168 171 170 171 171 171 170 169 168 167 166 167 167
 166 165 166 167 166 165 162 162 163 164 160 159 159 159 159 159 159 159
 160 160 160 160 160 160 160 162 165 166 167 167 169 171 172 175 176 177
 180  28]"
"[ 30  28 217 223 223 225 224 223 222 225 225 224 224 224 223 225 227 227
 227 225 225 227 228 228 227 226 225 223 223 223 224 225 225 225 226 225
 223 223 223 221 219 218 218 218 217 218 218 216 215 214 212 209 209 208
 205 202 203 203 203 204 206 207 208 207 206 207 206 206 206 204 202 202
 204 204 204 203 203 204 205 205 205 205 204 205 205 204 204 204 204 203
 202 202 203 203 204 204 203 204 202 200 198 197 174 128 108 101 100 100
  98  97  96  92  91  90  88  86  84  81  80  79  79  79  77  75  74  76
  79  80  85  89  93  95  99 101 104 107 109 109 109 111 114 119 122 124
 129 133 137 139 152 163 168 171 171 172 171 171 169 168 167 167 168 167
 166 165 165 166 165 164 162 162 164 164 161 159 159 159 158 157 157 157
 159 160 160 160 160 160 161 162 164 166 167 167 168 170 172 175 176 177
 179  28]"
"[ 30  27 218 222 221 225 224 224 226 227 226 224 224 224 224 226 227 228
 227 225 225 226 228 228 228 226 224 223 224 224 225 225 225 225 226 225
 223 223 224 222 222 219 220 219 217 218 220 217 215 214 212 210 208 207
 206 205 205 204 203 205 207 206 206 207 205 206 205 205 206 204 202 203
 203 204 204 203 203 204 203 203 204 204 205 206 205 203 202 203 203 203
 202 202 203 203 203 203 203 204 202 201 198 202 187 143 108 100 100 103
  99  98  99  97  93  90  88  87  85  81  79  79  79  79  77  74  73  75
  79  80  85  90  93  95  98 100 102 105 108 109 111 112 115 119 123 124
 129 128 133 139 148 161 166 170 170 171 171 171 170 168 167 167 168 167
 166 165 165 166 165 164 162 161 163 162 159 158 159 158 158 156 155 155
 157 158 160 160 160 160 161 162 164 166 167 167 168 170 172 174 176 176
 179  28]"
"[ 29  28 220 225 224 226 225 224 227 229 228 226 226 226 225 226 226 228
 228 226 225 226 228 228 229 227 224 223 224 225 225 225 225 224 225 224
 222 223 224 223 224 221 221 221 218 219 220 217 216 214 213 211 208 206
 207 209 207 205 205 206 207 205 205 206 205 205 205 205 206 204 203 204
 204 205 205 205 205 205 204 203 202 203 205 206 204 201 201 202 203 203
 203 203 203 203 203 203 203 204 203 204 199 202 196 162 114 101  99 103
 103 102 101  96  95  91  88  88  86  81  78  78  78  78  76  72  70  73
  78  81  85  90  93  94  96  97  99 102 105 108 110 111 114 118 122 124
 129 128 132 139 145 163 167 168 170 171 172 171 170 169 168 168 167 167
 165 164 165 165 165 164 163 161 162 162 159 157 159 159 159 157 155 154
 155 157 158 159 160 161 161 162 164 166 167 168 169 171 172 174 175 176
 179  28]"
"[ 28  32 220 227 225 225 226 224 229 231 230 227 225 226 227 225 228 228
 227 226 225 225 227 229 228 228 227 223 223 225 225 225 225 226 227 225
 222 222 224 225 226 224 221 220 219 219 218 217 216 214 211 211 210 208
 208 209 208 206 204 204 205 207 206 205 204 204 206 207 207 206 203 201
 203 202 202 203 203 203 203 203 203 203 203 203 203 202 202 201 202 202
 202 202 203 203 203 204 201 204 201 202 199 196 189 165 121 103 102 105
 102 103 100  98  97  92  88  87  84  80  76  75  78  75  72  72  73  75
  78  80  82  88  94  96  97  98 100 101 102 106 110 113 115 117 121 124
 128 129 135 140 143 154 166 168 170 170 171 171 171 170 168 167 167 166
 165 164 163 164 164 164 163 162 162 161 160 159 158 158 157 157 156 154
 154 157 159 159 160 160 161 162 164 166 167 168 170 171 171 174 175 176
 174  29]"
"[ 31  26 222 223 229 225 227 219 228 229 229 226 225 227 228 228 226 226
 226 226 225 224 225 226 227 228 227 225 225 226 226 224 224 224 224 223
 223 223 224 224 223 222 220 219 219 219 218 218 215 214 213 214 213 211
 209 209 208 208 205 203 204 207 208 207 206 206 206 206 206 205 203 202
 203 203 203 204 204 203 203 203 202 203 203 203 203 202 202 202 204 203
 203 203 203 203 204 204 202 204 202 203 200 199 195 176 140 114  96 102
 101 105 103  97  96  94  91  87  81  75  74  76  74  73  73  74  75  75
  76  77  80  85  91  94  95  96  98 100 100 104 109 112 114 117 122 125
 128 130 135 140 145 155 166 171 171 171 171 171 171 170 169 168 168 167
 166 165 165 165 166 166 164 163 163 162 161 160 160 160 157 157 156 155
 155 157 159 159 161 161 162 163 165 166 166 167 164 170 173 174 174 171
 179  29]"
"[ 28  34 223 223 227 223 220 224 225 226 225 223 223 226 228 228 226 227
 228 230 229 227 225 225 225 227 228 228 228 228 228 226 224 224 224 223
 224 225 224 223 222 221 220 219 220 220 220 219 216 215 215 214 213 210
 208 207 207 208 207 203 204 208 209 207 207 206 206 204 203 203 203 204
 200 202 203 204 204 203 203 203 204 204 204 204 204 204 204 203 203 203
 202 202 202 202 203 203 202 204 201 203 201 201 201 189 154 130 104 109
 102 100  99  95  95  94  91  88  83  79  79  82  76  75  73  73  74  75
  76  77  82  86  92  95  96  98 100 101 100 104 108 111 112 115 120 124
 129 131 134 138 144 151 160 169 171 171 170 170 170 169 168 167 166 165
 165 164 164 164 165 165 165 164 163 162 161 160 159 159 157 157 157 157
 157 158 159 159 159 160 162 163 165 166 167 168 168 172 170 168 177 176
 173  30]"
"[ 29  28 222 225 225 221 228 221 226 226 225 224 224 226 228 227 225 226
 228 230 229 227 225 225 223 225 227 228 228 228 227 225 223 223 223 223
 223 224 223 221 222 221 220 219 219 219 219 218 218 216 215 213 212 210
 209 209 206 207 206 205 205 207 206 203 205 205 205 204 203 203 203 204
 198 200 202 203 203 203 203 203 202 202 202 202 202 202 202 202 202 202
 201 201 201 201 201 202 202 202 201 202 201 200 203 198 169 136 106 105
 104 103 101  97  98  95  91  89  87  85  82  81  78  75  73  73  73  74
  76  77  82  85  89  91  92  94  95  96 102 105 109 112 114 117 122 127
 128 132 134 138 144 148 157 170 172 172 171 170 169 169 168 168 167 166
 166 165 165 165 165 165 163 163 162 162 161 160 159 158 157 158 158 158
 158 159 160 160 158 159 161 162 164 166 167 168 165 172 167 173 169 172
 179  27]"
"[ 29  26 224 224 221 227 223 228 227 228 227 226 227 228 229 229 228 228
 229 230 230 228 227 227 226 227 228 229 229 228 227 225 225 226 226 225
 224 224 223 223 224 223 222 221 220 219 219 218 215 215 213 212 211 211
 211 210 208 206 204 205 206 205 202 201 203 205 206 206 205 204 203 203
 199 200 203 204 204 203 203 204 203 203 203 203 203 203 203 204 203 203
 202 202 202 202 202 202 203 202 201 202 200 200 202 202 179 141 113 102
 105 104 100  96  95  92  89  88  88  86  82  79  75  74  74  75  75  75
  75  76  82  85  88  90  91  93  95  96 103 105 109 111 112 115 120 123
 129 134 134 136 141 143 150 165 171 170 169 168 167 166 166 166 166 166
 165 165 164 164 164 164 161 161 162 162 161 160 159 158 157 156 156 156
 157 157 158 159 159 160 160 161 162 164 165 166 169 165 169 174 175 174
 171  28]"
"[ 30  29 220 225 227 226 224 220 226 227 227 227 227 228 228 228 229 229
 229 229 229 228 228 228 227 228 228 228 227 226 225 224 226 228 228 227
 225 224 224 224 224 223 222 221 220 219 218 217 216 216 215 214 213 213
 211 209 209 205 203 204 204 202 202 202 202 204 206 207 206 204 202 202
 201 202 203 204 203 203 203 203 204 203 203 203 203 203 204 204 201 201
 202 202 201 201 201 201 202 201 201 201 200 199 200 201 187 152 126 103
 103 101  99  97  95  94  94  92  89  86  83  81  75  74  73  73  74  75
  76  77  77  80  83  86  90  93  96  97  99 101 104 107 110 114 118 121
 127 132 133 135 140 141 148 160 172 171 171 169 168 168 167 168 167 167
 166 166 165 165 165 165 163 163 163 163 162 160 158 157 156 155 155 155
 156 156 157 158 160 160 160 161 163 165 166 167 167 166 175 168 171 173
 173  31]"
"[ 30  29 216 219 221 222 220 218 221 221 221 222 222 223 222 223 222 221
 221 222 222 221 221 222 221 221 220 221 220 219 219 219 220 221 221 220
 219 219 219 219 218 218 217 217 217 216 215 215 210 211 210 210 209 209
 207 204 203 202 200 199 199 199 199 200 200 201 202 203 202 201 200 200
 200 201 201 200 200 200 200 200 199 199 198 198 198 198 199 199 199 199
 199 199 199 199 199 199 199 199 199 198 199 198 197 199 189 163 134 111
 108 105 103  97  95  96  95  91  87  83  81  80  77  75  74  73  74  76
  77  79  80  82  84  87  89  93  95  96  96  98 102 106 110 114 118 121
 125 129 131 134 140 142 146 154 169 169 169 168 168 167 167 168 166 166
 166 165 165 165 165 165 163 163 162 161 160 159 157 157 157 156 156 156
 156 156 157 158 158 159 159 160 162 163 165 165 165 169 169 173 172 171
 168  26]"
"[30 29 29 31 28 28 31 28 28 29 30 30 29 28 29 30 29 29 29 29 30 29 29 29
 29 28 28 29 29 29 29 29 29 29 29 29 28 29 29 29 29 29 29 29 29 29 29 29
 29 30 30 29 29 30 29 28 28 30 30 29 28 29 29 29 28 29 29 29 29 29 29 30
 30 29 29 28 28 29 29 29 29 29 29 28 28 29 29 29 29 29 28 28 28 29 29 29
 28 28 28 28 30 30 28 29 27 32 29 29 28 27 32 29 29 29 29 29 29 29 29 29
 29 28 29 30 30 30 29 28 29 29 29 28 28 29 29 29 29 29 29 29 29 29 29 29
 30 30 29 29 30 28 27 29 29 29 30 29 29 29 29 29 29 29 29 29 29 29 29 29
 29 29 29 29 29 29 30 30 29 28 28 29 29 28 29 30 29 29 29 29 29 29 29 29
 31 26 30 29 29 29 29 29]"
