"[30 33 27 30 29 27 30 29 28 28 29 30 30 28 29 30 29 29 28 29 29 28 29 30
 29 30 29 29 29 30 29 29 29 30 30 30 30 29 29 28 30 29 28 29 29 29 29 29
 29 30 29 28 29 29 28 29 28 30 29 28 29 30 31 28 28 29 30 29 28 30 31 29
 29 30 30 28 29 31 30 27 29 29 29 29 28 29 29 30 30 29 29 30 31 29 29 31
 29 29 30 31 29 27 28 30 29 29 29 28 29 29 28 32 30 31 28 28 31 30 29 30
 29 28 29 30 29 29 29 28 28 30 29 29 28 31 28 29 29 28 29 29 28 29 30 29
 29 28 30 30 29 28 29 29 29 28 29 28 28 30 28 29 29 28 29 30 28 29 30 29
 30 29 29 29 29 29 28 30 30 29 29 29 29 28 28 29 30 30 29 30 29 28 28 29
 30 29 28 28 30 31 29 30]"
"[33 26 31 28 29 31 30 29 31 29 28 28 29 29 29 29 30 29 28 28 29 30 29 28
 29 29 29 28 28 29 29 29 28 29 29 28 28 28 30 30 27 30 32 30 29 29 29 29
 29 29 28 28 30 29 28 29 30 30 28 29 29 26 29 31 31 30 29 29 30 29 28 28
 27 29 29 28 26 27 30 32 30 30 29 29 29 28 28 28 29 30 30 29 29 28 28 28
 29 30 29 27 28 30 30 28 29 27 30 29 28 31 29 25 27 28 30 30 28 27 29 28
 31 28 28 30 29 28 29 30 32 29 31 28 28 29 29 32 30 29 30 31 30 30 30 28
 27 29 28 25 32 28 27 31 31 29 30 28 27 29 28 30 30 29 29 30 29 30 30 27
 28 27 28 29 30 30 29 29 26 28 30 29 29 30 30 29 28 28 28 29 30 30 29 29
 27 30 32 31 28 27 31 29]"
"[ 28  28 124 123 122 120 123 126 124 122 121 121 122 122 120 119 120 119
 117 118 121 124 125 124 124 124 126 128 128 126 124 124 126 125 124 123
 125 131 139 144 157 159 159 157 156 158 156 153 149 145 138 135 137 140
 143 147 154 163 181 206 223 231 240 246 245 246 245 243 246 247 247 248
 248 246 243 246 247 246 245 243 244 244 245 246 247 248 248 247 248 239
 221 202 187 175 162 150 150 151 147 144 145 142 133 128 122 125 137 142
 140 147 155 157 154 146 140 133 125 124 126 125 121 115 113 111  97  75
  52  38  25  16  18  16  19  19  19  16  17  14  15  16  15  14  14  12
  15  15  17  13  19  15  40  74  92  87  82  73  66  62  59  60  61  60
  59  58  56  55  52  47  41  39  37  38  39  40  40  41  42  46  47  46
  46  47  48  47  51  51  51  51  52  53  51  49  53  52  54  63  87 112
 102  31]"
"[ 29  34 113 120 118 119 117 123 121 122 122 122 122 123 122 121 116 115
 115 117 119 119 118 118 122 122 124 128 127 124 121 122 126 126 125 124
 123 123 123 123 122 129 138 147 154 157 155 152 158 154 147 145 146 145
 145 147 146 143 140 146 154 162 173 180 190 216 238 248 251 251 249 253
 248 251 253 254 251 250 251 254 250 250 251 251 251 252 253 251 254 254
 254 252 251 246 235 222 194 186 170 160 157 148 139 138 135 127 128 128
 125 122 122 126 137 138 146 151 149 141 133 130 129 119 113 114 115 112
 104  96  81  71  64  44  25  17  18  17  18  15  16  18  18  17  16  15
  13  11  18  14  14  42  80  90  88  82  76  68  62  60  59  61  62  61
  61  58  54  51  47  41  43  39  36  35  37  39  42  44  46  47  47  46
  45  46  48  50  54  54  54  52  53  54  54  52  57  55  80 107 112 111
 107  30]"
"[ 31  25 113 114 113 115 119 120 113 115 115 114 112 112 114 117 117 116
 118 122 122 119 117 117 123 121 120 121 120 119 121 124 123 124 125 126
 126 126 123 120 116 119 123 125 124 124 129 134 145 144 142 145 149 151
 152 155 154 157 154 151 148 145 144 139 140 146 150 160 180 199 214 228
 249 251 252 251 251 251 251 251 253 254 254 253 252 252 252 251 252 253
 254 253 253 254 254 254 254 253 246 237 225 199 172 160 146 143 139 137
 139 132 124 129 132 121 116 119 129 132 132 143 146 137 127 121 118 117
 112 105 105 105 108 105  90  80  58  38  22  18  16  15  14  15  16  14
  15  17  13  23  54  89  93  83  81  74  68  61  57  57  57  59  61  59
  58  54  50  49  47  44  45  44  43  43  44  46  48  51  50  48  48  48
  47  46  49  53  54  55  54  51  51  54  57  57  69  84 106 115 106 103
 106  24]"
"[ 29  31  75  81  82  91  96 100 103 106 111 114 114 114 116 120 116 114
 113 114 113 112 113 115 119 118 118 118 118 118 120 122 125 124 122 121
 121 121 119 117 117 118 123 125 123 117 115 118 125 123 119 119 120 118
 119 122 131 143 150 152 151 153 155 151 151 149 145 143 140 136 139 150
 153 174 199 215 223 234 245 252 252 252 251 250 250 251 253 254 253 253
 252 252 251 250 251 253 252 255 253 251 254 255 252 251 227 219 195 167
 154 142 134 141 129 123 122 121 119 112 108 120 115 118 122 123 122 122
 119 113 106 105 105 104  99 105 101  96  95  81  61  42  29  25  21  15
  14   7  28  70  80  92  87  75  72  65  61  58  58  60  59  62  61  58
  54  51  47  47  50  50  48  49  51  51  51  49  49  50  52  50  51  53
  53  50  51  55  57  57  56  53  54  58  65  69  90 105 106 104 104 102
 104  32]"
"[ 31  24  98  92  94  95  95  90  82  83  88  94  97  96  98 102 115 115
 112 110 111 114 115 115 109 111 113 115 115 115 116 117 118 119 120 120
 120 119 117 115 119 118 119 121 122 122 121 122 120 120 120 121 120 115
 113 115 117 124 128 132 136 141 151 154 154 151 149 149 146 139 138 141
 134 136 137 140 147 159 171 179 208 218 232 245 252 253 252 252 253 252
 252 253 253 253 252 251 250 253 253 252 253 253 254 253 253 254 251 242
 235 217 190 177 162 139 132 131 131 131 122 117 115 114 112 107 103 105
 109 111 113 106 100  97  97  98  91  86  91  88  84  80  78  74  60  43
  21  43  75  96  87  81  73  66  66  61  60  58  58  58  56  58  58  53
  50  49  48  48  52  54  51  51  51  50  49  47  47  48  51  50  51  54
  54  52  52  54  55  54  54  55  59  67  78  86 106 113 103 100 101 101
 100  28]"
"[ 29  30 113 105 107 105 102 100  96  89  84  84  82  79  78  82  89  95
 100 102 109 115 115 110 104 106 108 108 109 111 113 114 119 119 118 115
 114 115 116 117 116 118 119 118 118 119 121 121 119 118 117 118 117 115
 116 121 123 122 121 125 127 126 129 131 133 139 146 147 145 147 150 149
 140 137 135 137 139 139 138 137 135 138 145 159 180 207 234 251 251 253
 254 254 253 253 252 252 253 251 252 253 252 250 252 253 254 252 253 253
 254 254 253 254 246 219 206 184 153 140 131 122 124 122 122 118 109 100
  93  89  89  86  89  88  91  86  85  89  81  75  68  66  73  81  77  64
  57  87  99  86  80  82  73  61  59  56  58  59  59  59  57  60  50  45
  44  48  49  50  52  54  52  49  46  44  44  45  48  51  51  52  53  53
  53  53  54  54  55  54  56  62  71  83  97 108 105 104 101 104  99 103
 105  29]"
"[ 29  30 122 113 110 106 109 109 109 108 109 101  95  93  87  86  88  84
  82  79  74  80  89  89  92  94 100 106 108 106 105 106 107 109 106 104
 107 109 113 119 116 118 117 116 117 117 115 115 117 114 111 112 112 110
 111 114 118 117 114 116 122 124 120 117 115 113 112 115 121 125 122 117
 121 123 129 138 145 147 146 146 134 130 131 134 133 134 140 146 157 185
 210 225 241 252 252 251 251 253 254 254 254 253 252 253 253 252 250 254
 253 252 254 252 255 255 253 254 254 243 216 191 165 146 131 125 118 111
 109 107  94  91  82  77  70  72  72  81  74  68  63  63  69  72  66  67
  89  93  87  80  79  71  59  55  54  55  56  59  63  63  56  47  36  36
  40  44  44  46  49  50  52  49  46  45  47  51  53  54  53  52  55  56
  57  56  53  54  56  62  66  73  88 105 110 105 103 101 101 103 105 103
 106  29]"
"[ 28  32 132 133 135 131 127 120 120 119 119 112 109 110 103  98 101  98
  97  94  87  87  87  83  83  83  79  74  78  89  93  91  98 102 101  99
 103 107 110 113 114 114 114 115 115 113 111 113 114 112 111 112 112 110
 110 110 112 113 114 115 115 114 114 118 116 115 114 114 115 115 114 113
 110 111 115 120 124 127 130 131 138 138 143 146 141 137 137 138 139 138
 139 148 158 166 185 213 227 239 247 247 249 253 254 254 253 253 252 254
 253 252 254 252 250 253 254 254 253 253 254 254 246 238 225 201 171 147
 132 123 112 106 107 103  96  85  81  78  79  62  58  60  64  69  76  91
  93  90  80  72  71  66  57  53  56  54  54  58  59  54  43  34  34  35
  38  39  39  44  47  47  46  47  49  52  56  58  58  57  55  54  57  58
  58  58  56  57  58  64  79  97 108 109 106 104 103 101 101 104 106 104
 106  27]"
"[ 30  30 118 118 120 127 129 127 132 132 130 123 121 120 111 101 105 103
 103 102  99 101 103  99  99  96  85  73  73  81  81  73  82  87  88  87
  92  98 101 101 102 107 112 115 116 112 109 108 109 108 109 110 111 110
 109 108 107 106 108 113 116 112 108 109 114 114 114 114 114 114 115 115
 110 110 110 109 110 112 115 116 120 123 129 134 134 137 141 144 143 148
 147 140 136 131 131 135 139 156 172 183 201 224 242 250 252 251 253 252
 252 252 251 254 254 252 250 251 253 253 254 254 254 253 254 253 251 239
 217 196 166 136 119 113 110 101  98  89  83  73  71  65  68  84  89  90
  85  80  72  64  59  57  56  57  55  55  56  58  55  45  36  32  37  39
  41  41  42  47  52  51  50  51  54  56  59  60  59  58  54  53  57  58
  59  59  57  60  61  76  96 107 109 107 106 107 106 104 105 108 110 108
 109  29]"
"[ 29  28 117 119 118 122 119 117 122 121 120 117 119 123 120 115 115 112
 110 107 104 107 109 107 104 102  99  96  97  99  97  92  88  89  85  79
  78  78  76  72  82  87  89  89  94 103 110 114 109 109 109 108 108 108
 107 106 110 109 107 106 105 103 105 111 111 110 110 111 111 110 109 108
 107 109 110 108 109 111 113 113 111 110 108 106 104 109 116 119 123 131
 137 141 147 150 148 146 137 136 130 122 123 129 138 144 158 180 204 216
 234 250 251 251 252 251 252 254 254 252 251 251 252 252 253 253 253 252
 252 252 251 239 223 202 164 132 116 109 115 105  94  88  92  98  92  83
  75  69  65  60  55  54  58  59  57  57  56  56  52  46  40  38  39  41
  44  46  47  51  54  54  57  58  58  59  59  60  59  58  53  50  55  59
  61  62  65  74  87 102 111 107 101 103 106 106 106 105 105 108 109 108
 109  29]"
"[ 30  28 117 121 118 118 117 120 123 119 113 110 109 110 114 117 117 116
 114 111 108 109 110 109 112 111 111 110 108 105 103 103 100  98  95  92
  90  88  84  80  82  80  74  69  70  74  79  84  89  92  96  99 102 106
 110 112 110 110 107 104 103 102 101 103 103 104 106 107 107 106 103 102
 103 105 106 106 107 109 109 108 108 106 104 102 102 106 110 110 113 111
 108 108 113 117 122 126 134 139 141 140 138 133 126 122 128 120 124 134
 147 159 177 205 227 233 242 249 251 252 253 254 255 253 252 252 252 251
 251 251 248 250 248 243 227 208 202 203 198 165 115  93  96  95  87  74
  71  63  59  59  56  58  59  56  58  55  51  50  51  52  47  41  42  42
  47  52  54  54  55  55  55  58  61  63  64  64  62  60  56  52  57  64
  68  72  81  96 110 109 108 105 104 104 105 106 108 106 106 107 108 108
 109  29]"
"[ 29  29 121 125 124 121 121 124 120 118 114 114 112 110 115 119 111 112
 111 110 110 113 115 116 111 113 113 111 109 109 111 113 111 107 106 106
 103  99  94  88  86  81  79  82  83  75  69  70  72  76  80  85  87  90
  94  97 105  99  89  85  89  94  97  98  97 102 106 107 105 103 102 101
 102 103 104 103 103 103 103 103 104 103 104 105 105 106 106 103 104 109
 110 105 103 105 105 102 101 111 116 118 123 129 131 131 123 125 126 124
 122 121 121 126 129 139 158 181 205 225 238 244 251 254 253 251 251 252
 252 253 249 244 244 243 242 218 228 242 244 202 142 108  96  84  76  68
  65  60  59  58  56  57  58  56  51  50  48  47  51  54  52  47  48  47
  52  58  59  57  57  58  56  59  63  65  66  65  64  63  64  60  64  71
  77  83  94 108 108 103 100 102 104 105 106 109 110 109 109 109 109 108
 110  31]"
"[ 29  28 121 119 121 119 121 121 119 121 120 122 120 116 118 117 116 116
 113 110 111 112 113 113 108 108 109 108 109 111 113 115 114 112 113 113
 112 113 110 104  98  92  88  91  94  87  79  77  85  83  81  79  75  71
  70  73  79  80  78  77  78  80  86  93  99 104 107 104 101 100  99  96
  99  99 100 100  98  97  97  99  99  98 100 102 103 103 103 101 100 101
 105 107 105 102 103 104 102 106 106 102 101 103 104 104 113 115 122 130
 130 125 123 119 115 113 113 114 115 118 125 133 147 164 188 212 230 234
 233 235 243 235 236 239 247 234 247 251 223 154 100  86  83  74  64  63
  58  59  60  58  54  54  55  53  45  47  48  49  50  53  55  56  54  52
  55  58  59  59  60  61  63  64  66  65  65  65  65  65  68  68  74  80
  88  96 102 108 106 107 105 103 103 106 108 109 108 108 109 109 108 107
 109  28]"
"[ 29  30 126 122 126 124 123 116 119 122 120 122 121 119 122 119 117 117
 115 114 116 117 115 114 109 103 100 102 103 102 104 107 112 111 112 112
 113 119 121 114 119 115 107 104 108 108 102  95  90  86  83  81  79  76
  77  81  80  77  75  76  80  82  88  96 102 105 104 102 102 106 104 100
  97  97  97  96  91  86  86  88  95  95  98 101 101 101 101 100  98  98
 100 101 100 100  99  96 104 103 103 105 107 104 102 105 101  99  97 106
 111 116 125 124 126 120 115 115 111 105 105 109 102 102 105 117 128 133
 147 167 188 203 218 228 238 243 239 208 148  99  84  78  68  66  56  55
  58  60  61  58  55  54  51  47  49  47  48  50  52  53  56  59  60  59
  59  60  60  64  67  67  67  69  70  69  67  66  65  65  65  70  80  88
  98 108 108 107 105 105 105 106 108 109 109 108 109 110 112 111 110 109
 110  29]"
"[ 29  28 126 124 123 123 120 122 119 121 121 123 124 123 121 123 119 121
 115 114 117 118 117 114 114 116 118 118 115 109 105 104 109 107 107 108
 109 109 110 111 111 110 110 110 114 119 117 110 100  92  87  87  91  89
  82  81  77  76  74  73  76  81  89  98 102 104 102  94  83  86  90  89
  94  95  99  93  89  89  83  81  88  89  93  98 101 102 101 101  97  99
  96  92  96  98  96  94  95  99 103 103 102 104 105 102 101  98  98  99
  96  94  94  94 101 106 108 113 112 108 114 118 112 103  97  97  98  96
  98 103 117 130 152 169 191 213 188 134  90  76  75  71  58  56  58  58
  57  58  58  55  50  46  45  45  47  50  53  54  55  56  58  59  60  59
  60  62  65  68  69  69  70  72  69  69  69  66  66  69  69  79  93 104
 109 109 108 108 106 104 105 108 110 109 109 111 111 110 109 109 111 111
 111  29]"
"[ 29  30 127 127 127 124 124 123 124 124 124 124 125 123 123 126 124 123
 117 117 118 118 118 116 115 115 115 114 112 110 111 112 110 109 108 108
 107 106 106 107 104 102 100  97  96  97  96  90  96  91  91  96 105 103
  85  71  72  74  73  71  73  79  88  96 101 103 106  95  74  66  57  56
  62  63  72  79  84  86  80  79  81  84  84  81  82  88  94  96  98  99
  95  91  91  89  87  88  96  98  99 101 103 105 101  97  95  96  98  98
  96  96  96  94  92  91  89  94  94  90  93  94  97 102 104 101 100 103
 106 106 103 100 102 105 113 124 110  79  76  71  72  65  55  58  60  57
  59  56  53  48  42  37  39  43  48  51  55  58  59  59  58  58  61  62
  63  65  67  69  71  71  70  73  68  65  69  73  73  72  84  92 101 106
 108 110 109 106 106 105 105 107 109 110 110 110 110 110 109 109 110 110
 111  28]"
"[ 27  29 131 129 127 122 127 127 124 124 125 125 124 123 124 126 124 123
 121 123 123 121 120 118 115 116 116 116 114 111 110 110 113 113 114 113
 110 107 107 107 107 106 102  94  84  78  73  66  66  65  66  73  89  95
  81  66  66  70  71  69  71  76  86  95  99 102 111 103  83  73  60  63
  60  53  51  55  61  65  65  68  78  72  70  69  63  61  74  92 100 103
 101  95  91  88  87  89  91  94  96  97  99  99  97  96  96  97  96  93
  93  96  96  93  90  89  87  89  87  81  81  81  81  84  88  90  89  90
  94 100 100  96  97 100 103 103  92  75  76  66  60  56  54  56  57  58
  56  51  47  46  44  42  44  48  49  51  55  58  59  59  58  57  61  64
  67  67  68  71  72  73  72  71  69  68  70  73  81  90  98 103 106 105
 107 111 110 107 106 107 106 106 109 111 111 109 110 109 109 109 112 112
 112  29]"
"[ 32  26 133 128 130 129 132 130 127 127 128 128 126 123 122 122 124 124
 122 123 123 122 123 120 121 119 117 115 115 115 116 115 112 113 115 115
 113 110 108 107 103 103 100  93  84  80  77  73  69  66  60  55  60  65
  59  53  63  67  68  68  68  71  79  89  97 103 110 107  92  82  70  70
  73  67  64  65  64  59  54  53  55  60  66  67  60  55  59  68  83  93
 100  98  95  94  91  87  85  89  91  92  94  92  90  90  87  89  89  89
  92  94  91  86  85  88  89  89  87  84  84  83  82  76  76  82  81  75
  77  85  88  91  94  94  91  87  79  70  65  58  55  57  60  57  52  53
  51  45  40  41  43  44  45  47  51  50  51  54  56  58  59  60  62  65
  68  69  70  72  73  73  72  68  70  71  74  77  90 106 106 107 106 105
 107 110 111 109 108 107 107 108 110 112 111 109 109 109 109 110 113 114
 113  30]"
"[ 29  33 169 159 148 139 136 140 139 135 135 134 129 125 123 121 121 124
 125 126 126 128 129 123 123 121 118 117 119 120 119 117 114 114 115 114
 113 112 110 109 110 106 100  90  82  78  76  73  68  66  62  55  52  53
  52  55  64  65  66  66  65  64  70  80  88 100 104 109 104  97  90  84
  82  84  83  81  75  67  61  56  63  62  62  61  56  52  52  56  52  55
  59  63  69  80  90  95  91  89  87  86  88  86  84  83  81  84  84  85
  88  87  85  86  85  86  86  82  82  83  79  74  75  74  74  74  72  67
  63  61  60  65  69  67  63  60  59  59  49  53  57  56  57  56  50  49
  44  40  35  33  35  41  45  47  52  50  50  52  56  60  62  64  65  68
  70  70  70  71  71  70  72  69  74  75  87  98 108 112 110 108 106 107
 108 109 110 110 109 108 108 111 112 111 110 110 109 109 110 111 114 114
 113  29]"
"[ 28  27 177 174 173 169 160 161 162 157 156 154 148 145 145 142 139 137
 131 124 120 124 129 123 122 122 122 122 124 125 122 118 118 117 115 114
 114 115 114 112 109 105 100  93  86  82  78  74  66  63  61  57  53  49
  46  51  61  62  64  65  64  63  68  77  87 100  98 104 101  95  92  84
  82  92  98 100  96  89  84  78  70  62  60  66  68  63  59  60  62  55
  52  54  53  52  55  58  57  61  73  85  89  88  86  82  81  84  85  84
  82  76  74  79  83  84  85  80  79  83  80  77  71  73  74  72  69  67
  64  61  65  64  65  68  66  59  54  52  51  52  55  54  52  48  41  42
  37  39  39  35  35  39  45  47  52  51  51  55  59  62  65  67  69  70
  70  70  70  69  68  68  72  68  80  86 101 109 113 114 109 107 107 109
 110 110 110 112 111 109 109 112 113 110 109 111 112 112 113 114 116 115
 113  29]"
"[ 33  30 177 170 170 170 172 176 173 168 169 169 162 160 161 160 153 153
 151 147 139 135 132 120 127 125 121 117 117 119 120 119 117 117 116 115
 116 117 116 114 113 109 104  97  90  84  79  73  71  65  62  59  55  48
  44  49  55  61  64  65  64  66  71  79  85  95  95  98  93  85  81  79
  73  80  83  88  91  93  98  96  95  95  89  81  80  83  82  76  66  58
  54  55  53  54  56  56  47  44  51  56  52  54  61  63  74  79  81  82
  81  72  64  66  79  79  81  77  75  75  71  69  68  66  65  64  64  63
  64  65  62  57  56  59  59  55  52  49  52  48  51  54  50  41  32  32
  36  39  41  40  38  39  43  46  55  53  54  58  63  65  67  69  71  71
  71  71  70  68  70  73  73  71  91  97 106 107 109 113 108 108 109 111
 111 111 112 114 113 113 113 114 112 111 111 113 114 114 115 116 118 116
 113  29]"
"[ 28  28 176 175 178 177 181 181 180 177 181 181 173 170 172 171 173 169
 165 163 160 162 167 162 154 153 146 137 130 127 124 121 116 118 120 121
 122 123 121 118 118 111 103  94  86  83  80  77  72  65  61  57  53  45
  40  45  53  62  66  64  63  66  72  78  78  89  94  95  84  71  60  62
  59  67  72  82  88  89  89  84  82  89  95  94  90  88  88  89  84  82
  80  76  72  74  71  61  63  54  56  58  50  49  54  50  50  50  44  44
  50  49  46  48  48  46  53  60  68  73  68  66  65  63  59  57  59  61
  61  58  52  53  56  54  48  46  49  48  45  45  48  44  38  36  35  35
  38  37  38  40  43  47  52  56  59  57  57  61  65  67  69  72  73  72
  72  74  72  71  75  81  83  88 109 107 111 112 115 113 110 113 114 113
 112 112 113 113 114 116 117 114 112 113 114 115 114 114 116 117 118 116
 113  29]"
"[ 29  33 175 180 173 173 176 176 185 180 185 187 179 177 180 174 177 175
 175 174 169 168 166 162 161 157 158 157 157 156 149 143 134 131 120 124
 129 123 122 118 116 108 105  95  86  80  82  75  68  62  59  54  47  40
  40  46  62  62  63  65  68  72  75  75  80  86  92  88  66  54  53  59
  63  65  68  74  83  87  86  84  83  83  84  86  88  88  88  88  88  93
  94  88  83  81  80  77  78  70  70  67  59  60  61  53  53  49  44  41
  39  39  38  38  33  30  31  38  46  51  55  58  60  57  55  53  52  56
  57  51  48  48  49  46  39  39  43  42  40  40  38  36  38  38  38  38
  38  39  41  44  48  53  57  60  57  57  59  63  66  69  71  72  71  74
  70  71  76  73  75  88  97 106 111 112 113 113 112 116 114 114 114 114
 113 112 113 114 113 116 116 114 114 116 116 114 114 115 116 117 116 114
 115  28]"
"[ 27  28 152 151 149 157 156 165 171 168 173 179 177 179 181 178 179 177
 175 173 171 171 173 172 174 171 170 166 164 168 167 166 158 162 158 153
 146 133 134 136 136 120 103  94  90  79  75  67  66  59  56  51  45  40
  38  44  65  65  65  65  68  73  75  76  80  87  89  79  55  48  51  57
  61  65  68  72  80  84  87  89  87  84  80  80  81  82  85  87  83  84
  84  81  79  80  82  83  91  87  89  87  79  77  76  67  65  57  46  39
  37  38  36  33  31  31  32  33  31  31  34  38  41  43  44  43  43  47
  50  49  40  40  40  37  34  35  37  38  37  34  31  33  38  39  39  40
  42  42  44  48  52  56  58  58  57  58  61  64  67  69  70  71  67  69
  74  77  74  73  86 104 110 113 112 112 115 116 115 116 115 115 115 115
 115 114 114 114 114 116 116 115 114 115 117 116 117 118 117 118 117 115
 116  29]"
"[ 31  29 153 144 140 141 136 138 149 148 147 154 154 164 167 168 174 176
 177 175 175 176 179 182 177 178 181 177 173 175 174 172 175 172 170 168
 175 170 166 160 154 138 106  91  92  81  76  69  64  58  55  51  46  42
  40  45  61  63  64  65  68  74  77  76  79  82  79  67  48  47  51  53
  61  66  71  74  79  84  90  96  87  84  81  82  82  80  80  81  82  80
  78  77  77  79  81  84  79  79  82  83  81  81  81  77  82  79  72  66
  61  58  54  51  37  36  35  34  34  33  32  31  29  29  23  18  17  21
  24  26  27  28  26  25  27  29  30  31  32  29  28  33  39  39  40  43
  45  45  47  50  53  55  56  56  62  62  63  64  66  67  70  72  67  68
  74  77  77  91 111 117 117 115 113 113 117 118 118 119 118 117 116 115
 114 114 113 114 115 116 116 115 115 116 117 119 119 120 119 118 117 116
 117  30]"
"[ 29  30 184 181 179 170 167 153 152 154 145 144 140 148 145 144 146 152
 154 154 157 161 166 173 175 176 178 175 173 178 180 180 178 174 176 172
 178 176 172 166 164 151 105  81  86  83  78  67  62  58  56  53  48  44
  43  47  55  61  65  65  67  71  73  71  75  75  71  62  47  47  51  52
  59  64  69  72  77  82  89  95  93  87  82  81  81  80  81  83  84  82
  81  80  80  80  80  81  79  80  78  77  78  80  81  82  78  78  80  80
  76  69  65  64  57  53  47  45  46  45  38  31  33  32  26  22  26  26
  21  18  16  19  18  18  23  24  24  26  25  28  31  35  37  37  39  45
  46  47  49  49  50  52  55  58  65  65  66  67  67  68  69  70  74  74
  79  85  93 110 120 115 115 115 115 117 117 116 117 120 119 116 114 114
 114 114 115 116 117 116 115 117 117 117 117 119 119 120 118 118 118 117
 118  30]"
"[ 28  28 185 183 186 186 193 186 180 187 178 171 162 164 154 148 138 143
 143 144 147 146 144 145 146 146 149 150 154 165 170 171 182 183 186 179
 177 174 174 172 174 159 105  77  84  84  75  59  58  55  56  53  47  43
  43  49  58  65  70  68  66  67  67  65  69  71  70  63  46  43  48  54
  58  63  67  71  78  83  88  92  95  90  85  82  82  82  83  84  83  84
  84  83  82  83  82  80  80  80  75  72  74  76  76  77  76  72  73  76
  76  70  68  69  68  66  62  57  54  51  45  39  39  36  27  21  25  27
  24  22  17  19  17  17  20  20  20  23  22  28  32  33  35  36  40  46
  49  49  48  47  48  51  57  61  64  66  69  72  73  71  68  67  73  78
  89 103 112 115 117 117 117 117 119 120 118 116 117 118 116 115 115 116
 118 119 120 121 119 117 116 118 120 118 117 117 117 118 117 117 118 118
 119  29]"
"[ 28  32 181 181 184 186 182 182 179 187 186 186 185 193 190 187 189 183
 172 164 162 159 152 148 146 141 141 139 141 146 146 145 145 145 148 154
 161 171 176 175 171 154 107  84  85  80  68  57  56  54  56  53  47  42
  43  51  66  71  74  71  68  66  66  65  65  66  66  63  47  44  50  58
  60  63  66  70  78  84  87  90  94  92  90  88  88  88  86  84  82  85
  85  84  82  82  82  80  77  77  75  74  77  79  79  78  75  71  69  71
  68  62  61  65  63  64  63  60  58  56  53  50  47  49  47  42  40  37
  31  27  25  25  22  20  20  19  20  23  24  27  29  30  34  39  44  48
  52  50  47  47  49  54  58  61  64  67  71  73  73  72  72  73  75  88
 100 110 118 118 118 123 123 120 120 121 120 120 120 119 117 118 119 121
 122 121 120 119 121 118 117 120 121 120 117 115 116 118 117 118 119 120
 119  29]"
"[ 29  31 178 179 179 183 180 184 180 182 181 181 181 185 186 186 184 184
 187 191 193 191 185 177 178 170 165 158 152 150 147 145 142 144 139 143
 137 142 147 147 153 138 104  88  81  74  63  58  58  54  56  55  49  44
  46  58  67  70  72  70  68  67  66  65  60  60  60  59  47  46  51  58
  58  61  62  65  71  78  82  86  96  96  94  92  93  95  94  89  84  87
  89  88  84  81  81  81  80  80  80  79  80  81  80  78  75  74  73  72
  67  61  59  61  59  58  56  55  54  53  50  47  51  52  51  45  39  38
  39  37  32  29  27  26  24  22  23  23  25  26  27  31  36  40  45  49
  53  54  54  54  55  56  59  62  67  69  71  72  72  74  81  87  96 106
 113 113 117 121 122 121 125 122 123 123 121 123 124 120 120 121 123 124
 123 120 118 117 120 119 119 121 122 121 119 117 118 120 119 119 120 121
 120  29]"
"[ 30  26 184 184 179 179 184 182 184 180 180 181 181 180 181 181 180 180
 183 183 180 182 186 186 188 186 191 193 191 188 182 180 171 173 161 160
 139 134 137 138 142 127 100  88  80  77  66  60  60  55  56  57  52  47
  51  63  64  65  67  67  66  64  62  61  54  57  60  58  43  41  47  54
  60  62  62  62  67  74  80  85  90  95 100 101 103 103  97  88  87  89
  93  94  90  84  82  85  87  85  84  82  80  81  82  81  78  76  74  71
  71  69  64  59  58  57  55  53  51  49  46  45  45  46  47  44  38  38
  39  35  33  29  30  31  28  27  26  23  23  24  28  33  37  38  42  48
  55  60  66  65  61  59  62  66  66  70  74  74  74  77  87  96 111 114
 119 122 123 124 124 123 124 124 126 125 121 121 123 119 122 123 123 123
 122 120 119 119 118 119 120 121 122 122 121 120 120 122 121 120 121 122
 121  30]"
"[ 30  27 194 196 195 196 194 193 183 181 180 182 182 180 178 177 177 176
 181 181 181 181 178 181 180 180 180 182 183 184 184 185 183 184 184 187
 190 191 188 179 162 148 108  97  80  77  72  64  59  60  55  55  50  47
  52  64  64  63  65  67  62  62  63  57  54  53  53  52  37  35  44  51
  58  58  62  64  65  72  82  85  88  89 104 119 122 120 103 102 104 105
 101  95  93  90  88  91  90  86  86  83  81  82  82  82  79  77  75  75
  72  69  66  61  62  56  58  53  48  47  43  44  42  44  44  36  31  32
  30  29  27  27  29  30  28  26  25  23  25  24  29  33  37  38  39  47
  54  62  65  63  65  67  68  69  71  72  75  78  79  86 100 112 115 120
 123 122 124 128 130 129 126 127 127 126 125 124 122 122 124 126 124 121
 122 122 122 122 122 123 122 120 118 119 121 123 125 123 123 123 121 121
 122  29]"
"[ 29  28 197 200 199 200 200 199 200 197 194 192 191 190 191 192 186 184
 186 184 182 181 176 177 177 178 179 181 182 181 180 180 179 179 182 182
 183 185 181 177 179 156 106  96  79  75  71  67  63  62  58  56  50  47
  47  61  59  60  63  63  59  59  60  57  52  51  50  49  37  38  45  50
  60  60  63  66  68  74  80  81  79  84  99 134 145 146 136 131 124 122
 117 115 115 114 109 106  99  92  90  89  88  86  82  81  83  82  81  82
  80  76  74  67  65  64  58  54  51  49  48  45  44  44  43  36  32  32
  29  29  24  24  25  26  24  24  23  21  24  24  27  30  34  38  41  49
  54  58  62  66  69  69  70  73  73  80  82  81  90 105 114 113 115 120
 125 128 129 131 131 128 128 128 128 127 127 125 124 123 126 127 125 122
 121 121 121 122 122 122 121 120 119 120 121 122 125 122 122 123 122 122
 122  29]"
"[ 29  29 199 202 200 200 200 200 200 199 198 197 196 195 195 196 198 195
 194 192 191 191 186 184 185 184 184 183 180 178 177 178 178 172 175 178
 178 179 177 179 177 157 106  97  83  77  72  68  66  62  60  56  51  48
  46  66  51  55  60  59  57  56  58  57  52  51  49  48  39  41  46  51
  59  59  62  66  69  74  78  77  82  84  91 133 153 154 153 148 151 145
 139 136 133 131 126 119 117 108 106 104  99  92  85  84  87  84  80  81
  80  78  78  73  72  74  62  55  54  50  49  43  44  41  40  36  34  34
  32  32  27  25  25  25  24  24  23  21  22  25  30  33  38  42  43  48
  54  57  62  67  71  71  71  74  76  82  85  91 105 116 120 120 124 126
 128 129 130 131 131 130 130 129 129 128 128 128 127 126 127 128 127 124
 123 122 122 123 123 124 123 122 121 121 122 121 124 121 120 122 122 123
 122  28]"
"[ 29  29 198 202 200 199 198 198 197 198 198 198 196 195 195 196 200 199
 197 195 196 197 194 192 194 193 192 190 186 182 181 181 187 179 178 182
 182 177 174 174 180 158  97  83  81  78  74  63  66  61  60  55  52  51
  50  81  51  54  62  61  60  58  57  56  55  54  51  48  42  43  46  54
  57  58  60  64  68  73  76  76  83  85  86 119 151 154 160 161 152 149
 148 146 141 139 137 132 128 124 125 122 115 109 105 105 103  98  92  89
  85  82  81  76  73  75  65  59  60  56  51  48  49  43  41  39  38  37
  33  33  32  29  27  26  23  23  22  19  25  28  34  36  41  45  46  49
  55  61  64  65  68  72  73  75  83  90  96 107 119 121 124 133 137 135
 133 133 133 134 135 136 132 131 129 129 129 129 129 128 125 127 126 124
 125 124 123 125 126 126 125 124 124 124 123 122 123 122 121 122 122 123
 123  28]"
"[ 29  29 199 203 202 202 201 200 202 202 201 199 197 196 198 199 200 201
 198 197 196 197 197 194 195 196 197 197 195 192 191 192 193 192 187 188
 185 181 181 176 180 162  96  74  76  70  73  66  65  60  60  55  53  50
  51  92  63  59  66  63  63  60  58  56  57  56  53  50  44  43  43  56
  59  61  62  64  67  70  73  75  78  83  86 101 137 141 144 146 147 147
 150 149 143 140 138 134 132 131 133 129 124 123 121 121 116 113 108 106
 102  96  93  86  80  79  75  68  68  62  52  54  51  44  42  42  43  41
  36  36  36  32  29  28  26  26  25  22  28  31  34  34  38  45  48  53
  58  63  66  65  68  73  78  82  91 105 113 117 124 128 132 138 137 135
 135 136 137 136 136 136 135 133 131 129 129 130 129 129 125 125 125 125
 127 126 124 125 125 125 125 124 125 125 124 123 123 123 123 123 122 123
 123  29]"
"[ 29  30 199 204 203 202 201 200 202 202 202 201 200 200 200 200 202 202
 200 199 199 198 199 197 199 199 198 198 197 198 201 204 202 201 194 188
 182 184 190 189 184 170  98  73  72  61  68  68  63  59  59  55  53  46
  48  94  71  59  65  63  64  61  61  58  58  57  55  52  45  41  38  56
  61  64  64  63  65  66  68  72  72  79  85  87 120 132 136 135 142 142
 142 139 136 135 135 135 134 131 131 126 125 128 127 125 124 121 117 115
 111 106 103  98  94  90  89  82  79  72  60  61  55  49  48  48  48  45
  39  39  37  34  31  30  29  29  29  27  26  29  34  34  39  45  48  54
  59  61  64  69  73  77  86  96 103 116 122 122 126 132 135 138 137 136
 135 136 136 135 135 135 138 136 134 132 131 130 130 130 127 128 127 128
 129 128 125 126 124 124 123 123 124 125 125 125 123 123 124 124 122 123
 123  28]"
"[ 29  30 200 204 201 200 200 200 200 202 203 204 204 205 203 201 201 201
 197 199 200 198 200 198 201 199 198 196 196 198 203 207 199 157 118  87
  80 102 134 169 185 172  88  64  65  61  64  63  63  61  58  57  55  46
  50  99  76  57  65  65  66  64  65  61  60  60  58  55  48  39  34  55
  60  64  64  63  63  63  64  67  74  78  80  82 104 129 139 132 128 129
 126 122 119 120 124 128 132 128 127 124 124 129 129 129 131 128 122 119
 114 110 109 104 102 100  97  94  91  87  80  77  71  67  66  62  56  49
  41  40  39  35  33  31  29  30  30  28  25  28  35  37  42  46  49  55
  59  61  66  74  82  88  98 110 119 123 128 131 132 135 139 142 144 143
 141 139 138 138 138 138 138 138 136 135 134 133 133 132 131 131 130 130
 130 127 126 128 126 126 125 124 125 127 128 128 125 125 126 125 124 125
 124  29]"
"[ 28  30 200 204 201 201 201 202 203 203 202 200 201 203 202 200 203 202
 198 201 202 200 201 200 195 196 197 198 198 199 201 202 144  98  81  71
  67  68  71 103 152 159  83  65  58  61  65  66  66  63  58  59  60  51
  57 107  82  60  70  72  71  67  68  62  63  62  61  58  50  39  31  53
  58  63  64  62  64  63  62  66  71  74  78  90 108 146 166 155 154 157
 153 142 131 123 121 125 130 125 124 121 117 118 120 123 123 123 121 122
 119 115 114 110 108 108 103 101  98  96  95  87  80  79  80  75  66  58
  50  50  46  43  40  37  34  33  33  30  27  29  34  36  40  45  50  59
  59  65  72  78  89 100 110 117 123 127 132 133 132 136 141 142 144 144
 143 141 140 140 140 139 138 138 138 138 137 136 136 135 132 132 132 130
 129 126 125 129 130 130 128 127 128 129 130 131 129 129 129 128 128 129
 127  31]"
"[ 29  30 204 205 203 204 204 202 203 203 203 203 204 204 203 203 204 203
 203 203 202 201 201 199 197 196 194 201 197 197 200 161  98  81  77  73
  72  73  65  61 108 135  70  61  62  61  66  68  67  64  64  61  63  51
  60 113  92  58  70  75  73  71  68  66  65  63  58  57  56  42  33  48
  57  63  65  63  64  62  61  64  67  70  79  91  97 140 163 161 161 160
 158 158 158 157 154 151 150 141 135 132 127 125 122 116 114 112 111 116
 109 110 112 116 111 109 110 105  99 100  98  94  89  85  86  76  65  66
  64  61  56  53  47  45  44  41  41  38  33  31  35  38  41  49  53  57
  66  71  76  87  99 110 119 121 126 134 135 135 139 139 139 144 144 144
 143 143 143 142 140 138 139 138 137 137 137 137 135 133 130 131 131 130
 130 129 129 128 131 131 130 129 129 129 130 131 128 129 129 132 130 130
 129  28]"
"[ 29  29 203 205 204 204 205 204 204 205 206 205 203 202 203 205 203 202
 203 205 204 202 200 196 198 197 196 199 202 203 193 136  90  80  78  73
  70  71  63  58  57  72  50  60  63  65  72  66  69  66  66  62  61  52
  60 118 100  57  66  71  73  72  67  63  62  62  58  57  56  44  37  47
  54  60  61  58  58  58  58  59  60  65  72  79  94 129 160 159 158 156
 154 154 155 157 157 156 158 153 153 157 160 163 162 157 145 138 132 130
 120 117 113 111 112 105 107 107 103  99  97  98  92  89  89  85  79  76
  71  66  57  59  56  53  48  44  45  44  39  37  38  39  42  49  56  65
  72  81  90 103 115 124 130 129 130 136 136 136 140 139 140 146 145 145
 144 144 144 144 142 140 140 140 140 139 139 137 135 133 131 132 132 131
 129 129 129 129 130 130 130 130 130 129 128 127 126 128 130 132 129 128
 128  30]"
"[ 29  29 203 206 205 204 206 207 206 207 207 205 203 203 204 205 205 203
 203 203 203 203 202 199 200 202 203 198 202 204 178 108  87  82  82  75
  71  73  68  64  52  44  45  55  61  66  74  71  71  68  66  63  62  56
  59 119 105  54  61  67  69  71  65  63  63  65  59  56  54  44  41  46
  52  58  58  53  53  55  55  54  60  64  68  74 101 126 166 163 161 159
 155 152 151 153 153 153 148 147 150 153 151 152 153 150 156 157 157 157
 149 146 141 138 140 127 121 115 108 103 101 105  95  93  89  92  93  87
  80  74  66  69  66  59  52  49  49  47  46  42  39  41  49  56  60  70
  76  91 105 116 122 127 134 135 136 139 138 137 139 137 137 143 145 145
 144 144 145 146 144 142 142 143 143 143 141 138 136 135 132 133 133 131
 130 129 129 129 130 130 130 130 130 129 127 126 124 127 128 130 128 128
 128  30]"
"[ 30  28 202 205 204 204 206 209 208 206 204 203 204 204 204 203 207 204
 203 203 203 205 204 202 201 203 205 200 203 209 172 105  88  83  79  72
  69  71  67  66  61  46  46  51  64  66  68  74  73  68  65  64  64  61
  59 113 105  53  62  68  68  70  67  68  66  67  61  56  53  46  48  52
  54  58  59  55  54  54  54  53  58  63  65  69  91 111 170 178 173 171
 166 161 158 156 155 154 148 147 151 152 148 149 152 152 149 150 151 150
 149 152 154 155 153 150 150 145 140 135 127 122 111 105  91  90  94  89
  87  88  82  81  74  69  64  60  60  56  51  47  45  47  58  63  66  76
  88 103 116 122 124 128 136 139 139 139 139 139 139 137 137 142 144 144
 144 145 146 147 146 144 143 144 145 144 142 139 138 137 135 136 135 134
 133 132 132 131 131 131 130 130 130 129 128 128 127 127 126 129 129 130
 129  28]"
"[ 30  28 202 205 203 203 205 208 208 206 204 203 204 204 203 202 203 202
 204 206 206 206 205 202 203 202 200 200 202 209 159 104  95  87  79  72
  70  69  65  64  56  45  44  49  63  65  67  74  72  68  65  64  64  63
  58 103  97  52  62  67  67  68  66  67  65  66  62  59  56  52  56  65
  60  61  62  62  59  57  55  55  65  65  66  78  93 113 173 188 187 187
 184 181 178 175 172 170 165 160 158 157 153 152 151 147 146 147 148 148
 152 153 150 145 143 145 146 142 142 143 137 132 130 130 121 122 124 113
 105 103 100  96  88  83  77  70  68  65  60  59  58  59  65  69  75  89
 104 112 117 122 126 131 138 138 138 138 140 142 143 141 142 145 144 144
 145 146 147 148 147 146 144 145 145 144 141 139 138 138 138 138 137 136
 136 135 134 132 130 131 131 131 130 130 130 130 130 129 127 130 130 131
 130  29]"
"[ 30  29 202 205 204 203 205 206 206 207 207 206 204 203 204 205 203 203
 204 205 204 205 205 204 205 203 201 203 201 202 140 100  87  80  71  66
  66  63  57  55  54  44  44  51  59  63  70  73  70  68  66  64  62  60
  57  89  84  50  60  64  66  67  65  62  64  63  63  61  60  55  57  74
  68  67  68  69  65  61  60  58  64  62  64  80  88 107 159 185 185 185
 185 184 182 180 177 174 176 172 172 172 168 167 167 165 158 157 154 149
 152 151 151 150 139 140 142 141 141 137 127 124 125 125 119 117 119 113
 109 109 107 105 101  99  92  84  82  83  78  75  72  70  74  80  87 100
 108 114 117 122 126 131 137 139 139 140 142 145 146 145 145 146 143 145
 146 146 147 148 148 147 146 145 144 142 140 138 137 137 137 137 136 135
 134 134 133 131 130 130 131 132 132 131 131 131 130 130 129 131 129 129
 129  30]"
"[ 29  30 204 207 206 206 205 204 204 206 208 208 206 205 206 207 206 205
 205 204 202 202 205 206 205 205 206 205 205 200 130  99  80  78  70  66
  67  64  59  56  51  39  42  50  63  67  71  67  69  67  65  63  63  59
  55  68  69  49  60  65  68  70  70  65  65  61  63  60  59  52  52  79
  74  72  73  72  68  65  64  61  64  66  68  77  77  90 140 190 187 187
 186 185 184 183 181 179 179 177 178 177 172 171 173 173 165 169 171 166
 165 157 154 154 148 145 141 135 133 129 122 123 117 118 118 116 119 117
 109 107 104 106 106 106 103  98 100 101  92  87  84  82  85  92  98 105
 110 115 120 125 128 131 139 143 142 142 145 146 145 146 146 145 143 145
 147 147 147 148 148 148 147 146 144 142 141 140 138 137 137 137 135 133
 132 131 132 132 132 131 131 131 133 133 133 132 131 131 129 131 129 129
 129  29]"
"[ 28  30 206 208 208 207 206 203 204 204 206 208 209 209 209 208 205 206
 208 207 204 202 203 203 208 206 204 199 206 197 120  86  77  79  72  65
  65  64  60  56  58  43  39  42  66  70  69  68  69  65  63  63  66  61
  53  51  54  46  59  63  67  68  73  68  67  60  62  59  58  50  49  83
  76  75  75  72  67  66  65  61  65  66  68  77  86  94 126 177 189 188
 185 183 183 182 181 180 183 178 177 177 174 175 177 176 173 175 177 172
 174 166 163 163 164 166 165 160 157 150 138 134 127 126 124 118 118 119
 109 105 106 107 104 102  99  95  96  94  95  93  95  94  93  97 102 106
 112 115 117 124 129 132 138 142 143 143 145 146 145 147 148 146 144 147
 149 149 148 149 149 150 147 146 144 143 143 142 141 139 139 139 138 135
 133 132 134 136 136 133 130 130 133 135 135 135 135 132 128 131 131 132
 130  29]"
"[ 29  29 205 207 206 207 207 205 204 204 205 207 208 208 208 207 208 208
 208 209 207 205 205 206 205 208 203 200 207 189 112  85  79  73  73  73
  66  63  63  59  58  47  45  48  59  68  73  68  66  65  65  65  64  65
  58  47  42  48  57  60  66  71  70  68  65  65  62  60  57  55  49  89
  80  73  73  74  66  63  65  65  65  65  72  73  87  99 110 173 187 189
 182 181 186 185 186 183 181 181 180 179 178 177 176 175 174 174 174 174
 172 170 168 167 167 168 171 171 164 157 152 150 146 149 145 136 130 123
 117 116 110 109 108 104  98  96  96  93  93  96  95  93  96 104 111 112
 114 117 121 125 128 131 136 140 141 144 146 146 146 146 146 146 145 148
 149 148 147 148 149 148 147 145 143 143 143 142 141 141 139 139 138 138
 137 136 137 138 137 133 129 130 134 136 136 135 133 130 130 130 131 130
 130  29]"
"[ 30  30 206 207 206 206 207 207 205 206 207 208 208 208 208 207 208 208
 208 208 207 207 207 208 205 207 205 204 206 181 109  93  84  77  76  73
  66  63  64  60  56  47  45  48  58  65  69  64  66  66  66  65  65  64
  57  45  40  45  54  60  64  68  65  64  64  64  63  61  58  52  45  83
  82  74  73  73  67  64  65  63  65  66  71  72  82  94 101 156 187 192
 189 189 191 188 187 184 183 181 179 179 179 179 177 175 174 174 174 174
 173 171 169 169 167 166 168 168 164 161 159 157 154 154 148 141 139 135
 129 127 124 120 114 108 101  97  96  94  98 100 100  98 100 108 114 115
 113 117 122 125 128 133 139 143 142 144 146 147 147 147 147 147 143 146
 148 148 149 151 152 151 149 146 144 143 143 142 142 142 143 142 140 139
 138 137 138 138 136 134 132 133 135 136 136 136 135 132 130 130 132 131
 131  29]"
"[ 29  29 205 206 205 206 206 206 206 207 208 209 209 208 208 208 209 209
 208 206 206 208 209 208 207 206 205 207 204 166  99  92  82  77  75  73
  67  64  65  62  57  47  44  47  58  64  67  64  65  67  65  63  65  64
  55  45  38  40  51  59  64  66  63  62  59  58  58  57  54  49  43  76
  83  74  70  69  65  64  64  62  63  65  69  72  79  89  92 139 191 195
 194 192 192 191 188 185 185 182 179 178 180 179 177 174 173 173 173 173
 172 171 170 170 170 167 166 166 164 163 161 159 154 153 148 143 141 139
 135 132 127 121 116 111 106 103 103 103 102 105 104 102 103 110 115 116
 117 120 124 126 128 132 138 143 143 144 146 146 147 147 147 147 148 150
 151 151 152 152 152 150 152 150 147 147 146 146 147 147 145 144 141 139
 138 138 138 139 138 138 138 139 139 138 138 139 135 132 130 131 134 134
 133  29]"
"[ 28  28 204 206 206 206 206 205 207 207 208 208 208 208 208 209 210 211
 208 205 204 207 208 207 206 205 205 210 208 160  98  94  78  75  75  73
  68  65  63  61  58  47  41  44  57  65  70  69  66  69  65  61  66  66
  57  48  38  37  49  60  65  66  64  63  59  56  55  55  54  49  44  72
  85  75  69  67  65  65  66  65  63  65  68  74  79  86  87 128 186 194
 195 194 191 192 188 188 189 186 183 181 182 181 178 176 174 174 173 173
 173 172 171 171 171 168 167 166 164 162 160 157 153 154 151 146 142 139
 136 133 128 122 118 116 111 107 106 106 104 106 106 103 104 109 115 116
 121 123 125 127 129 133 138 142 144 145 146 146 147 148 147 147 149 150
 152 153 154 155 154 152 151 149 148 147 146 146 146 147 145 144 141 140
 139 139 139 139 138 138 138 138 137 136 137 138 133 131 132 133 136 136
 134  29]"
"[ 29  29 204 208 208 209 208 205 207 207 207 207 207 208 209 209 210 211
 210 206 204 206 207 207 206 206 207 209 206 153  98  96  80  79  77  73
  68  64  61  58  59  46  39  43  59  67  72  73  70  71  65  62  67  68
  60  53  41  37  47  60  63  64  63  64  61  58  57  57  55  48  40  56
  81  74  69  67  65  63  63  63  63  64  66  74  78  82  84 120 175 193
 197 196 191 192 189 191 193 191 188 186 184 182 180 178 177 176 176 176
 175 174 173 173 170 168 168 167 165 163 162 159 156 155 152 147 142 140
 137 133 130 124 120 118 114 110 108 106 105 107 107 104 105 110 116 119
 121 123 125 128 131 136 141 144 146 146 147 147 148 148 148 148 149 150
 151 152 153 154 153 152 151 150 149 149 148 146 146 146 146 144 143 142
 141 141 140 139 140 139 137 137 137 136 137 138 134 133 134 134 135 135
 133  29]"
"[ 30  30 204 209 210 211 209 206 208 207 206 206 207 208 209 209 209 210
 210 207 206 206 208 208 205 208 207 206 200 145  97  97  83  81  76  71
  67  64  60  58  58  47  41  46  63  69  72  73  73  71  67  64  66  66
  60  55  45  38  47  58  60  61  61  61  59  56  58  58  57  48  35  41
  77  74  70  68  66  62  58  57  59  59  63  71  77  79  85 112 171 197
 195 193 192 194 191 191 193 191 189 187 185 182 180 179 179 178 178 177
 176 175 174 174 172 170 169 168 166 165 165 163 160 155 149 144 142 141
 137 130 130 125 121 118 114 111 110 109 106 109 109 107 108 113 120 124
 123 125 129 132 135 138 142 145 146 147 147 147 147 148 148 147 152 152
 152 153 154 154 153 152 155 155 155 154 151 149 147 147 147 146 146 145
 144 143 142 141 144 141 139 138 138 138 138 139 138 137 136 134 133 133
 132  29]"
"[ 29  29 206 209 210 210 209 207 208 207 206 207 208 209 208 207 208 209
 209 209 208 207 208 208 206 207 206 205 203 147 105 104  84  81  75  69
  66  64  61  60  56  47  43  49  65  68  69  71  71  69  68  67  64  61
  58  54  47  38  46  56  57  58  59  59  58  57  59  58  57  51  41  41
  80  78  75  72  70  65  59  57  55  57  62  66  76  78  85 102 158 196
 193 192 192 193 191 191 191 190 189 187 185 183 181 180 180 179 179 178
 177 175 174 173 174 172 172 170 168 168 167 164 163 157 153 149 146 145
 141 132 131 127 123 119 114 111 110 107 108 111 112 110 110 115 121 125
 125 128 133 136 137 138 141 143 147 148 148 147 146 146 147 147 150 150
 151 153 154 155 155 156 154 155 155 154 151 148 146 146 147 147 147 147
 146 145 144 144 143 140 138 137 138 137 137 137 139 138 137 134 134 133
 133  29]"
"[ 29  30 206 209 209 209 209 208 209 208 207 207 209 209 208 206 208 208
 208 209 209 208 207 207 209 207 204 204 206 148 104 100  85  83  76  69
  67  65  61  59  53  46  43  49  64  65  65  68  69  67  69  70  64  59
  57  54  48  38  46  55  56  59  60  59  58  56  56  52  52  50  44  44
  81  79  75  71  69  64  58  57  57  59  64  64  75  76  82  92 133 190
 196 198 194 189 190 194 192 191 190 189 189 187 185 183 181 180 180 180
 178 176 175 174 173 172 172 172 171 171 169 164 162 159 158 155 150 147
 142 134 128 126 124 120 116 114 113 109 109 112 113 111 110 114 119 123
 124 129 135 138 138 138 141 144 148 149 149 148 147 147 147 147 152 151
 151 152 152 151 151 151 154 154 155 154 151 148 147 147 145 146 146 146
 146 145 145 145 144 142 140 140 140 139 138 138 137 137 137 136 137 136
 134  28]"
"[ 30  29 205 208 208 209 209 209 208 208 207 206 207 208 208 206 207 208
 208 207 208 209 208 205 210 206 204 204 200 149 105  98  83  79  74  69
  66  65  63  59  58  45  39  59  60  65  64  64  65  65  66  67  67  64
  60  57  45  40  44  53  57  58  60  59  58  60  59  54  53  47  43  44
  83  75  70  72  66  66  61  55  56  60  62  68  68  70  83  88 111 188
 189 195 195 193 192 196 193 192 192 191 190 188 186 184 180 180 178 177
 176 176 174 173 172 172 172 172 172 171 170 169 165 161 161 158 151 148
 145 138 131 129 125 122 120 118 116 114 111 114 114 112 111 114 120 124
 127 130 134 137 138 139 143 146 146 149 149 146 146 146 147 148 151 151
 152 152 153 152 152 152 154 154 154 154 153 153 152 151 150 148 147 146
 145 145 146 147 145 144 143 143 141 139 139 140 140 137 134 137 139 137
 136  29]"
"[ 30  29 205 209 209 209 209 208 207 207 207 207 208 209 208 206 206 207
 207 208 209 209 208 206 204 203 204 208 204 141 100  89  82  77  72  68
  64  64  64  61  57  43  36  55  59  65  66  66  62  65  66  65  65  65
  62  57  46  41  45  54  57  57  57  56  58  59  58  54  52  45  40  43
  98  78  68  72  65  64  62  58  57  61  63  67  68  72  83  87 101 180
 195 196 194 194 195 195 194 192 191 191 191 190 186 184 182 181 179 177
 178 178 176 174 172 173 173 173 172 171 170 169 170 164 162 159 152 148
 146 142 137 132 128 125 125 123 118 114 113 114 115 114 114 116 121 126
 129 131 134 136 137 140 144 147 146 150 150 148 148 149 149 150 152 152
 153 153 153 153 152 151 154 154 154 154 153 153 152 151 150 148 146 145
 145 145 146 147 146 145 144 143 141 139 139 140 140 137 135 137 139 138
 137  29]"
"[ 28  29 206 209 209 208 208 207 206 206 206 207 208 208 207 204 204 204
 205 208 210 209 208 208 209 209 207 210 204 132  96  82  81  76  72  68
  64  64  64  62  58  42  32  49  57  65  65  63  61  65  66  64  64  65
  62  57  47  41  43  52  56  56  56  54  58  58  58  57  56  51  45  52
 114  81  64  71  65  63  62  59  57  61  62  64  66  72  82  84  90 164
 197 198 194 196 196 194 195 193 191 192 193 192 189 185 184 182 179 178
 179 180 177 174 173 174 175 174 173 172 171 171 172 164 161 160 154 150
 148 145 140 136 132 130 129 126 121 117 114 114 115 117 117 119 124 129
 131 134 136 137 138 142 145 147 146 150 151 151 151 151 151 152 152 152
 153 154 155 154 152 151 153 154 154 154 154 154 153 153 152 149 146 145
 146 146 147 147 146 144 143 143 142 140 140 141 140 137 135 137 139 138
 138  29]"
"[ 29  29 204 208 208 207 207 206 207 206 206 207 208 208 206 204 203 203
 204 208 210 209 208 208 204 204 203 208 201 134 102  91  82  78  74  70
  66  64  64  62  60  44  32  46  57  65  63  60  62  65  66  64  64  63
  60  56  50  41  41  49  54  56  57  56  55  57  58  58  59  55  48  58
 124  85  65  72  67  63  61  56  56  60  63  62  63  71  80  82  85 144
 193 199 197 196 196 194 195 193 192 192 193 193 190 188 186 183 181 179
 179 179 177 174 175 176 176 175 173 172 172 172 170 165 162 161 157 154
 151 147 139 138 135 132 129 126 123 122 116 115 116 119 119 119 124 130
 132 136 138 139 140 144 146 146 146 150 152 152 153 152 151 152 152 152
 153 154 155 155 154 153 154 154 155 154 155 155 155 155 154 150 146 145
 146 146 146 146 145 144 143 143 143 142 142 142 142 140 137 137 138 138
 138  29]"
"[ 29  29 205 208 207 207 207 206 208 207 207 208 208 208 207 206 205 204
 206 209 210 208 207 208 208 207 207 209 195 133  95  84  85  80  75  70
  65  64  64  63  59  48  39  48  57  62  63  61  64  64  65  66  65  61
  58  56  54  43  41  50  56  59  59  58  60  63  63  61  59  57  48  60
 128  88  67  73  68  65  62  56  57  60  64  63  63  71  79  82  83 132
 193 199 196 196 195 194 194 193 192 192 192 191 190 189 187 186 183 181
 179 178 176 175 175 176 175 174 172 171 172 172 169 168 165 161 159 158
 154 149 141 139 136 132 129 126 125 125 120 119 120 121 119 117 122 129
 134 136 138 138 140 144 146 145 146 150 151 152 153 152 150 150 152 152
 153 154 155 156 155 155 154 155 155 154 155 155 155 155 154 151 147 146
 146 146 146 146 146 144 143 144 144 143 143 143 145 143 139 137 138 138
 138  29]"
"[ 29  29 205 208 207 207 207 206 207 206 206 207 207 207 207 208 206 207
 208 209 209 207 207 207 203 203 205 208 193 136 100  93  89  82  75  69
  64  64  65  65  58  53  47  51  55  56  59  61  65  64  64  66  64  60
  57  57  55  45  44  54  60  61  61  59  64  67  65  64  60  58  47  65
 124  86  64  69  67  67  66  61  58  59  65  65  64  70  76  82  81 128
 196 200 193 195 196 194 193 194 194 193 192 191 191 191 189 188 187 183
 180 178 177 176 175 175 174 173 172 171 171 171 170 171 167 162 160 159
 156 150 145 141 135 133 132 130 127 124 124 122 123 124 122 121 125 132
 137 137 138 138 141 145 147 148 147 150 151 152 153 151 149 150 152 153
 154 155 155 155 155 155 154 155 155 154 154 154 154 154 155 153 150 148
 147 146 146 147 148 146 144 145 145 144 143 143 145 144 140 137 137 138
 138  28]"
"[ 29  29 204 208 208 208 207 206 206 206 206 207 206 205 205 207 205 207
 209 208 207 206 206 206 203 203 202 207 194 132 107 101  92  84  76  70
  65  64  65  64  57  53  46  48  54  56  60  62  65  64  64  64  63  59
  57  57  54  45  46  55  59  59  60  61  63  62  61  62  59  55  47  72
 123  87  64  69  68  69  67  66  61  59  65  66  66  69  74  81  82 124
 192 202 194 195 196 194 195 195 195 194 193 192 192 192 190 190 188 184
 181 179 178 177 174 174 174 174 173 172 171 170 171 172 169 164 162 160
 155 151 147 143 138 136 135 133 128 124 125 124 124 125 125 125 129 135
 138 138 138 141 144 147 148 149 149 151 152 152 153 152 150 151 152 154
 155 156 155 155 155 155 154 154 154 154 154 154 155 154 155 154 152 150
 148 147 148 150 149 147 145 146 146 145 144 143 143 144 141 138 138 139
 139  29]"
"[ 28  29 205 209 209 208 208 206 207 207 207 207 206 204 204 206 202 206
 208 206 205 206 206 206 204 205 203 209 195 124 105  97  93  85  78  73
  68  65  64  63  55  48  40  43  56  62  66  65  65  66  65  62  60  59
  58  56  52  43  44  53  55  55  59  62  65  61  59  64  61  56  49  80
 130  94  69  73  73  70  67  66  65  60  65  68  68  70  73  81  84 118
 185 203 197 196 194 195 195 195 195 194 194 193 192 192 191 190 188 184
 182 180 179 177 174 175 175 175 174 173 171 170 171 172 170 168 167 161
 155 152 146 144 142 139 137 133 129 126 128 125 123 123 124 125 128 132
 137 136 139 143 147 148 147 147 151 152 152 153 154 153 151 153 152 154
 156 157 156 155 155 155 153 154 154 154 154 156 156 156 154 154 153 151
 149 148 149 151 150 147 145 146 147 146 145 144 143 144 142 139 140 141
 141  30]"
"[ 28  29 205 209 208 207 208 209 208 207 206 206 206 205 205 205 202 206
 208 207 206 206 206 206 205 203 201 202 195 125 102  95  89  86  75  70
  69  66  65  61  57  45  41  49  56  64  67  66  66  65  64  61  61  64
  62  56  51  42  42  51  56  57  60  62  66  65  62  66  63  57  47  86
 142  97  71  78  76  68  69  69  64  64  66  67  69  71  73  80  88 122
 182 199 194 197 196 195 196 195 195 195 194 194 192 192 189 188 186 185
 183 182 180 178 176 176 176 175 175 174 171 168 171 171 171 169 166 162
 158 154 150 148 144 139 135 133 129 126 124 124 123 123 122 124 127 131
 140 139 141 144 146 147 148 149 149 150 151 152 153 153 152 152 155 154
 156 158 158 159 158 155 155 155 155 156 158 159 157 156 153 156 155 152
 150 151 152 150 150 147 147 147 146 147 147 146 145 143 142 144 144 143
 142  30]"
"[ 29  30 205 209 208 208 208 208 207 207 207 207 206 206 206 206 204 205
 205 203 203 204 206 206 202 201 200 201 192 122 102  97  85  83  74  70
  67  64  65  63  59  45  37  46  59  66  67  65  65  64  64  62  62  64
  63  58  55  42  38  47  56  61  63  63  65  65  62  66  65  62  51  89
 149 100  71  75  73  72  68  67  65  66  69  69  68  68  72  82  85 114
 180 200 197 198 196 195 195 195 195 195 194 194 192 192 189 188 186 185
 185 184 182 180 177 177 177 175 174 173 171 169 170 171 170 170 169 165
 160 156 152 151 147 142 137 135 133 131 126 127 127 124 122 122 125 130
 140 140 143 145 146 147 148 150 151 152 153 153 154 154 153 153 153 153
 155 157 157 158 157 154 155 154 154 156 157 158 156 154 153 155 155 153
 151 151 151 151 149 147 147 147 146 146 147 146 144 143 142 144 144 143
 142  29]"
"[ 29  30 204 209 208 208 207 206 207 206 206 205 205 205 207 208 207 206
 204 202 202 204 205 204 202 201 201 202 191 119 100  99  87  84  76  71
  67  64  66  65  62  51  40  45  60  66  67  69  66  65  65  64  63  63
  62  58  56  42  37  46  56  62  64  64  63  65  63  65  65  65  56  95
 158 109  72  76  72  75  67  68  65  63  66  66  65  65  70  82  86 107
 180 201 199 199 197 196 195 195 195 195 195 194 193 192 190 188 187 186
 186 185 183 181 179 179 178 176 174 173 172 170 171 171 170 170 169 167
 163 159 154 153 149 143 138 135 134 133 129 130 130 126 121 120 123 128
 139 141 144 146 146 146 148 151 153 153 153 153 153 154 153 153 153 153
 155 157 157 158 157 154 155 155 155 155 157 157 155 154 153 154 154 153
 152 151 150 151 150 149 149 149 147 146 147 146 144 143 143 144 145 145
 142  29]"
"[ 29  30 204 208 208 207 207 205 207 206 205 203 203 204 207 209 208 207
 206 204 204 205 203 201 203 202 201 202 190 116  97  97  92  85  77  72
  68  65  65  64  60  52  41  40  58  66  68  70  69  67  68  67  64  62
  59  56  51  41  39  48  56  60  62  63  62  65  64  65  63  62  55 103
 165 120  72  78  73  75  69  69  69  64  64  67  70  71  75  86  90 104
 179 199 198 199 197 196 194 194 194 195 195 194 193 192 191 189 187 186
 186 184 182 180 180 180 178 176 175 173 172 171 172 171 170 169 168 166
 164 161 157 154 148 143 139 136 134 132 132 133 132 128 123 121 124 128
 139 141 144 145 145 146 149 151 153 153 153 153 153 154 153 153 154 154
 155 157 157 158 158 156 157 156 155 155 156 156 155 155 154 153 153 153
 152 150 150 151 152 151 152 151 148 148 148 148 145 144 144 145 146 146
 143  29]"
"[ 28  29 205 208 206 206 206 206 207 207 206 204 204 205 206 207 205 206
 206 205 204 204 203 201 203 201 200 202 191 118  97  95  93  81  73  70
  67  65  62  59  59  53  41  37  61  73  73  71  70  69  69  68  65  62
  58  53  47  40  40  48  55  58  61  62  62  63  64  65  63  59  51 105
 173 132  68  76  75  74  72  70  71  66  66  68  72  74  77  88  91 103
 177 198 197 198 197 193 195 194 194 194 194 194 193 192 192 190 188 186
 186 185 182 181 180 180 179 176 174 173 172 171 170 171 171 170 168 166
 164 162 161 155 148 144 142 139 136 132 133 133 132 130 127 125 127 129
 138 141 143 145 146 148 150 152 152 153 153 154 154 154 154 154 155 153
 154 155 155 157 158 156 158 157 156 155 155 156 156 156 156 154 153 154
 153 151 151 153 153 153 154 153 150 148 149 148 146 145 145 146 147 147
 144  29]"
"[ 28  29 206 208 206 205 207 207 206 208 208 207 206 207 206 204 203 204
 205 204 204 205 205 205 203 201 200 203 195 123 100  95  89  74  67  66
  64  63  60  57  57  54  46  41  63  73  75  71  71  70  70  69  66  64
  60  55  48  40  38  47  55  60  62  62  62  60  61  64  65  59  48 102
 182 147  70  73  78  76  76  72  70  67  68  69  70  71  74  85  89 102
 174 200 199 199 197 193 195 195 194 194 194 194 193 193 192 191 189 187
 187 186 185 184 181 180 179 176 174 173 172 170 168 170 172 172 171 168
 165 162 161 155 148 145 144 141 137 133 132 131 130 130 129 128 128 128
 137 140 144 146 148 150 152 154 152 152 153 154 154 154 154 154 155 153
 153 154 154 157 159 157 158 158 157 156 155 155 156 157 157 155 154 153
 152 151 151 153 153 153 154 154 150 148 148 147 146 146 145 146 146 146
 143  29]"
"[ 29  29 204 207 206 206 208 208 207 208 207 206 206 207 206 203 204 205
 205 205 205 206 206 204 203 202 201 203 197 126 102  94  83  68  64  63
  61  61  58  57  53  51  46  41  58  65  70  71  72  72  71  69  66  66
  63  56  48  40  38  45  54  59  62  61  60  60  61  62  64  60  48 104
 188 164  85  76  81  78  77  74  71  68  69  69  71  72  73  81  88 102
 169 202 200 198 196 196 196 195 194 194 194 194 194 193 193 192 190 188
 187 187 187 188 184 183 180 177 175 174 172 171 169 170 171 171 171 170
 166 163 160 155 150 147 145 141 137 135 132 130 130 130 129 128 127 127
 133 139 145 148 149 151 153 155 153 153 153 153 154 154 154 154 155 154
 154 154 155 157 159 158 159 159 158 157 157 156 157 158 157 156 155 154
 153 152 152 152 154 153 155 154 151 149 148 146 148 148 147 146 146 146
 144  29]"
"[ 30  29 204 206 206 207 209 208 209 208 206 203 203 206 206 205 205 206
 206 206 206 206 204 201 204 202 200 202 196 125 100  91  80  65  64  63
  59  59  57  57  56  48  43  39  58  65  73  74  73  73  71  67  64  65
  62  55  45  38  38  44  51  55  58  59  59  61  63  61  60  59  50 108
 188 175 102  81  82  78  74  74  70  67  66  67  71  74  73  77  87 101
 164 201 200 196 195 198 197 196 194 193 193 194 194 194 193 192 190 188
 187 187 188 189 188 186 182 178 176 175 173 172 171 170 169 169 170 169
 166 163 162 159 155 152 148 142 139 138 133 132 131 131 131 129 127 126
 130 137 145 149 149 151 153 155 156 155 155 154 154 154 154 155 155 153
 154 154 155 158 159 158 159 160 160 159 158 158 158 159 159 159 158 156
 155 155 154 154 154 154 155 155 151 149 148 146 149 149 148 147 147 147
 145  30]"
"[ 30  29 201 203 206 209 210 210 208 208 206 204 202 202 203 205 207 206
 206 206 205 203 203 204 204 201 200 196 193 127  96  91  80  66  65  64
  59  57  56  58  59  52  43  41  54  67  69  71  73  73  70  67  66  63
  58  56  47  41  42  50  51  51  57  55  61  61  64  62  60  60  56 105
 184 174  99  73  74  75  75  73  68  67  65  67  71  73  75  78  87  88
 155 200 199 199 201 196 196 196 195 195 195 195 195 195 194 195 194 190
 188 188 189 189 187 186 185 180 176 176 176 173 171 170 170 171 170 167
 165 166 161 162 156 151 151 146 139 138 135 132 131 131 130 130 130 128
 131 138 145 149 150 150 153 154 155 155 155 154 155 157 157 155 157 156
 155 156 157 158 159 159 160 160 160 159 159 159 159 159 158 158 158 159
 158 155 154 153 153 153 153 153 152 151 149 147 152 150 146 147 147 147
 147  29]"
"[ 29  29 203 207 209 209 207 206 209 208 207 207 206 205 204 203 206 205
 206 206 206 203 202 202 201 201 205 205 200 131  97  89  82  69  67  65
  61  62  61  61  59  53  44  40  50  63  68  71  70  69  67  65  65  62
  56  54  51  45  37  46  51  52  56  55  59  59  61  60  59  59  55 101
 183 182  92  74  73  74  74  70  69  66  64  66  70  72  75  80  86  86
 145 200 197 199 195 196 196 195 195 195 195 195 195 195 195 195 194 191
 190 189 189 188 188 187 186 183 179 179 177 174 173 173 173 173 171 169
 167 167 164 164 158 153 153 148 141 140 138 134 133 132 130 130 131 130
 130 138 145 150 151 151 153 154 156 156 155 154 155 158 159 158 154 155
 155 156 157 157 158 158 161 160 160 160 160 160 160 159 158 158 158 158
 157 155 154 154 154 154 154 154 153 152 151 150 151 151 149 149 148 148
 147  29]"
"[ 30  29 203 206 207 206 205 206 206 204 204 205 206 206 203 201 204 204
 205 207 207 205 203 203 203 202 205 205 198 127  94  86  82  72  68  65
  62  63  61  59  57  53  45  39  46  59  65  69  67  66  64  64  65  62
  56  53  51  55  41  48  52  51  53  55  57  58  58  57  59  57  53  94
 178 186  94  72  75  73  72  70  69  66  63  65  68  68  72  80  84  88
 143 199 197 198 194 197 195 195 195 195 195 195 195 195 196 195 194 192
 192 191 189 187 187 186 186 184 182 181 178 174 174 174 173 172 170 170
 168 167 168 168 162 157 157 153 146 145 140 136 134 133 130 130 132 132
 133 139 146 151 152 152 154 155 155 156 155 154 155 158 158 157 156 156
 158 159 159 160 160 160 160 159 158 159 159 160 159 158 158 158 158 158
 156 154 154 154 155 154 154 153 152 152 151 151 150 151 151 152 150 149
 148  29]"
"[ 30  29 203 206 206 204 205 208 207 204 202 204 206 207 206 205 203 203
 205 206 207 207 205 204 204 202 203 203 195 126  98  92  84  75  70  67
  64  63  61  58  56  52  45  39  45  57  62  65  65  64  61  61  63  60
  55  51  55  67  45  47  51  52  52  54  57  58  57  57  60  57  52  84
 172 181 104  68  77  74  70  72  69  66  63  65  65  64  69  78  82  91
 146 195 199 196 196 196 194 195 195 195 195 195 195 195 195 195 194 193
 193 191 189 187 187 186 186 185 183 182 180 176 175 175 174 171 170 170
 169 167 166 166 162 158 157 153 147 145 140 137 135 134 131 130 131 131
 133 137 144 148 149 151 152 155 153 154 155 155 156 157 157 156 154 155
 157 158 158 158 158 158 159 158 158 158 159 159 159 159 159 159 159 158
 155 153 152 152 155 155 155 154 152 151 151 150 150 152 151 153 152 151
 148  29]"
"[ 29  28 204 208 208 205 205 207 206 203 202 203 204 205 205 206 203 203
 204 205 206 206 206 205 203 201 202 203 194 124  99  91  89  80  73  72
  71  67  65  64  60  52  45  39  44  55  60  62  62  60  58  57  59  57
  52  49  64  75  46  43  49  54  54  53  56  57  58  59  62  59  54  73
 164 173 103  66  75  74  69  69  68  65  64  65  66  64  69  79  81  89
 138 192 200 196 196 195 195 195 195 195 195 195 195 195 195 195 195 195
 193 190 189 188 189 187 186 186 185 185 183 179 178 177 175 172 171 172
 171 169 166 166 164 161 158 154 148 144 140 138 137 135 132 131 131 130
 133 136 145 149 151 152 151 155 154 155 155 156 157 158 158 157 155 156
 156 157 157 157 157 157 158 159 160 160 159 159 161 162 160 160 159 159
 157 154 152 152 156 156 156 155 154 152 151 150 151 152 151 153 152 152
 149  29]"
"[ 29  28 202 205 205 204 204 206 204 202 202 204 204 202 202 203 203 204
 204 203 203 204 204 203 203 202 202 202 193 125 103  93  90  82  73  74
  74  69  68  68  63  52  44  40  42  52  57  59  61  60  58  56  57  56
  52  50  64  75  53  48  51  54  55  53  53  54  56  58  61  60  56  63
 141 151  85  65  69  71  68  63  65  63  62  64  66  66  72  81  84  85
 124 194 201 200 195 196 195 195 195 195 195 195 195 195 194 195 196 195
 193 190 190 191 189 187 186 186 186 185 184 182 179 178 176 173 172 171
 170 169 169 168 167 165 161 157 151 146 142 139 138 137 133 132 131 130
 132 135 147 152 154 155 151 154 156 155 155 156 156 157 158 158 158 158
 158 158 158 158 159 159 158 159 161 161 159 159 161 163 160 160 160 160
 159 157 155 154 155 155 155 155 155 153 151 150 152 153 152 153 153 153
 150  29]"
"[ 30  29 200 201 203 204 205 206 206 205 206 208 208 205 203 203 203 204
 204 203 202 203 203 202 202 202 201 202 194 130 112 102  91  85  74  72
  72  68  69  67  63  52  47  43  43  49  54  58  61  61  59  58  58  56
  53  53  58  68  61  57  56  53  54  54  53  53  55  56  57  59  59  55
 102 106  65  60  63  67  66  61  63  62  61  62  64  66  72  79  85  82
 118 194 200 199 196 198 196 196 196 195 195 195 195 195 195 195 196 196
 193 191 191 193 190 187 186 187 186 186 186 184 181 179 176 175 173 171
 168 167 168 167 166 164 160 156 152 147 144 141 138 137 134 132 132 130
 128 131 144 149 151 152 148 152 155 155 156 157 157 157 156 157 155 155
 155 156 156 157 157 157 158 159 160 160 159 159 160 162 161 160 159 160
 160 159 157 157 156 155 154 154 154 153 151 148 151 153 152 153 152 153
 150  29]"
"[ 28  28 202 203 206 207 206 204 206 204 205 208 208 205 203 203 203 204
 205 203 203 203 204 203 201 202 201 201 192 127 107  94  94  90  77  72
  71  69  70  67  61  52  50  49  46  48  54  59  59  60  59  58  57  55
  53  53  57  61  60  58  57  53  54  55  56  54  57  57  56  60  61  52
  67  65  55  54  61  63  63  64  64  63  60  60  63  66  71  77  81  79
 120 189 198 194 199 197 197 197 196 195 195 195 195 195 197 196 196 196
 194 192 192 194 190 188 188 189 188 188 188 186 183 181 179 178 176 172
 169 167 168 167 167 165 161 158 155 150 146 141 138 136 133 132 132 131
 130 132 144 148 150 153 149 154 153 154 157 159 159 157 155 154 153 153
 154 154 156 156 156 156 159 160 160 160 159 159 160 160 161 159 158 159
 160 159 158 158 158 156 155 155 155 154 151 148 150 153 153 152 151 152
 150  29]"
"[ 29  29 202 203 204 205 204 204 202 204 206 207 207 205 204 203 204 203
 203 202 203 203 203 202 202 201 203 202 191 123 107 103  93  85  77  73
  72  73  70  66  65  59  57  54  50  51  56  58  56  56  58  58  57  55
  55  56  62  62  61  58  53  49  52  57  57  57  57  58  58  58  57  56
  61  62  61  56  55  59  62  63  63  61  59  59  60  64  72  80  80  82
 115 185 200 196 197 198 198 198 198 197 196 195 195 194 195 195 195 195
 194 193 191 189 190 189 189 189 189 188 187 186 185 183 181 179 175 170
 168 167 168 167 167 166 163 160 157 153 150 145 139 135 134 133 132 132
 130 132 142 147 148 150 149 155 154 156 156 156 156 157 158 158 158 155
 155 157 158 157 157 157 159 160 160 161 161 161 161 161 161 159 159 160
 161 160 159 159 159 158 157 156 156 155 155 155 154 154 154 151 151 152
 154  28]"
"[ 29  29 202 203 204 204 204 203 202 203 204 205 206 207 208 209 206 205
 204 203 203 203 203 203 202 200 199 203 191 122 105 100  90  83  77  75
  75  75  72  67  64  59  57  56  54  56  59  57  57  58  59  59  58  57
  59  62  63  63  62  58  51  47  51  57  57  57  58  59  61  62  61  60
  64  65  63  59  58  61  64  64  65  60  57  58  61  65  72  78  81  79
 106 174 201 197 200 196 198 197 197 196 196 196 196 196 196 196 196 196
 195 194 193 192 192 191 189 188 188 188 188 188 185 183 180 178 175 171
 169 168 168 167 166 165 163 162 159 154 150 146 140 137 135 133 132 131
 132 133 140 146 148 148 148 152 155 155 156 155 155 156 158 158 159 156
 155 156 158 157 157 158 158 159 160 160 160 160 160 160 160 159 159 160
 160 159 158 158 159 159 158 157 156 156 155 155 158 155 155 154 153 152
 154  28]"
"[ 30  30 202 203 203 204 203 203 203 203 202 203 204 205 206 207 205 204
 203 203 203 203 203 203 203 203 198 205 188 119 102  97  88  81  77  77
  77  74  69  64  65  59  55  55  56  60  63  59  57  58  60  61  59  59
  61  64  64  62  60  56  51  48  51  55  56  56  57  60  62  64  64  64
  65  65  63  61  61  64  65  64  66  59  55  58  62  65  70  75  82  82
 106 172 207 198 203 198 200 199 198 197 196 195 195 195 196 196 195 195
 195 194 194 193 193 192 190 189 187 187 188 188 188 187 184 182 179 175
 173 173 169 167 165 163 162 163 161 155 152 148 143 139 137 135 132 131
 131 131 134 143 148 147 150 153 155 155 155 154 154 155 158 159 159 157
 155 156 157 157 157 158 159 160 160 161 161 160 161 161 160 159 160 161
 161 160 159 159 158 158 158 158 157 156 156 155 159 155 154 155 152 149
 152  29]"
"[ 29  29 202 203 203 203 203 203 204 203 203 203 203 203 202 201 202 202
 202 202 202 202 203 203 200 203 197 201 174 110  98  93  87  80  77  77
  76  72  66  61  61  52  47  49  52  57  60  58  57  58  61  64  63  61
  62  63  64  60  57  55  54  53  53  54  55  55  56  58  60  62  63  64
  62  63  62  61  63  66  66  64  63  58  56  59  62  64  67  72  78  80
  98 164 204 194 200 197 202 201 200 198 197 196 195 194 196 196 195 195
 195 194 193 193 192 192 191 190 189 187 187 187 187 186 185 183 180 177
 174 172 170 168 166 163 162 163 162 156 155 150 144 140 139 136 133 131
 130 129 128 140 147 148 153 154 154 155 155 154 154 155 158 159 159 157
 156 156 158 158 158 159 159 160 161 161 161 161 161 161 160 160 161 162
 163 162 161 161 158 158 158 158 158 157 157 157 157 154 153 153 149 148
 155  30]"
"[ 30  29 202 203 203 203 203 203 203 203 203 204 204 204 203 202 201 201
 202 202 202 202 202 202 200 204 196 197 162 110 101  93  88  81  77  76
  74  70  65  60  56  47  46  52  55  58  60  59  58  59  61  65  66  64
  63  63  62  60  58  57  56  56  56  56  55  56  57  57  57  58  61  63
  61  61  62  62  64  66  66  65  60  59  59  63  63  63  66  71  79  80
  89 157 203 198 201 202 200 199 199 198 198 197 196 195 196 196 196 196
 195 194 193 193 192 192 192 190 189 187 187 186 186 186 186 185 182 179
 174 171 171 170 168 165 163 164 164 160 157 151 143 140 139 137 134 131
 133 130 128 138 146 147 152 152 154 155 156 155 155 156 158 159 157 157
 156 158 159 159 159 159 159 160 161 161 161 161 161 161 161 160 160 162
 163 164 162 161 159 159 158 158 158 158 158 158 156 155 154 156 155 158
 164  31]"
"[ 29  29 203 203 204 203 203 203 204 203 203 203 203 203 203 203 201 201
 202 202 201 201 200 200 204 204 198 196 153 115 107  95  88  83  78  74
  69  66  61  55  51  48  54  63  65  64  63  60  59  58  60  63  65  65
  64  64  60  61  61  59  56  55  57  59  57  58  58  58  57  58  60  62
  61  62  63  64  66  67  66  65  60  61  64  65  65  65  68  72  76  82
  89 152 202 200 198 202 199 199 198 198 198 197 196 194 195 195 196 195
 195 194 193 192 193 192 191 190 188 187 187 187 187 188 188 188 186 183
 179 175 174 171 169 167 165 166 166 164 160 153 145 140 139 138 136 134
 134 131 130 138 145 148 151 151 153 154 155 156 156 157 158 157 156 156
 157 158 159 159 159 159 160 161 162 162 162 162 162 162 161 161 161 162
 163 164 163 161 161 161 160 159 158 158 158 158 157 158 158 163 166 171
 173  30]"
"[ 29  30 204 204 204 204 203 203 204 203 203 203 202 202 202 202 201 202
 201 201 200 200 200 201 203 201 200 195 142 110 103  92  84  81  76  70
  64  61  56  50  48  52  62  69  68  66  64  59  59  59  60  63  64  64
  64  65  61  62  61  57  54  54  57  59  58  58  58  58  58  59  60  61
  61  62  64  66  66  66  66  66  63  64  65  66  66  67  70  73  78  86
  93 144 201 202 200 203 200 199 198 198 198 197 196 194 195 195 195 195
 194 193 193 194 193 193 192 190 190 189 188 187 186 187 187 187 186 185
 181 178 178 172 168 167 166 166 166 165 162 156 148 143 140 139 138 137
 132 130 133 138 145 151 152 153 152 153 155 156 157 158 157 156 155 157
 158 159 158 158 159 159 160 161 162 163 163 163 163 163 163 164 164 163
 162 163 163 162 162 162 161 160 159 159 158 158 159 162 163 170 172 175
 175  28]"
"[ 30  30 204 205 204 203 202 202 202 203 203 204 203 202 202 202 203 202
 202 201 200 201 202 203 202 200 205 199 135 104  98  89  77  76  73  67
  62  60  57  50  53  60  70  73  69  68  67  62  60  61  63  65  65  64
  64  64  65  62  58  55  55  57  58  58  57  57  57  58  59  60  60  60
  60  62  64  66  65  65  65  66  66  66  65  64  66  69  72  73  78  80
  82 122 189 199 198 198 199 198 197 197 198 199 198 198 196 196 196 195
 195 195 195 196 192 192 192 192 192 190 188 186 186 187 187 186 186 187
 184 181 181 173 167 166 166 165 165 164 163 158 151 144 140 138 138 139
 132 130 135 138 145 152 152 154 152 153 154 155 157 158 157 155 155 157
 159 158 158 157 158 158 160 161 162 163 163 163 163 163 164 166 166 164
 161 161 162 162 162 162 162 161 160 160 159 159 162 166 169 174 171 171
 173  29]"
"[ 29  29 203 204 205 203 201 201 199 201 203 203 203 202 202 203 202 204
 204 202 201 203 202 201 200 204 199 189 129  96  97  89  80  74  69  67
  64  61  60  61  64  68  72  74  73  71  68  65  61  63  65  65  64  64
  65  66  63  60  57  55  56  57  57  57  57  55  54  55  57  58  57  57
  58  61  64  64  64  64  65  64  65  67  67  67  68  69  72  76  78  82
  79 110 188 202 195 197 199 199 199 199 199 200 199 198 195 195 196 196
 196 195 194 194 194 194 193 192 191 190 189 188 188 188 187 187 186 184
 183 181 180 175 172 170 166 164 164 163 162 161 156 149 143 140 138 137
 134 133 128 138 142 148 154 153 152 154 156 157 157 157 155 155 158 157
 158 158 157 157 157 157 160 162 163 162 161 163 163 162 163 164 163 162
 163 162 161 163 162 162 161 160 159 160 161 162 171 171 172 171 172 170
 172  29]"
"[ 28  28 203 203 204 203 201 201 200 201 202 203 202 202 202 202 202 203
 203 201 201 202 202 201 201 201 199 182 117  87  88  86  74  71  69  69
  68  65  63  63  68  71  73  71  70  69  67  65  60  63  66  66  65  64
  64  64  65  62  58  56  55  55  54  53  54  53  54  56  56  57  57  57
  58  60  63  65  65  65  65  66  64  66  68  69  68  65  68  76  76  82
  81  98 172 201 199 197 199 199 199 199 200 200 198 195 195 195 195 196
 196 195 195 195 195 194 194 193 192 191 190 188 188 187 186 185 184 183
 181 180 180 180 178 170 165 166 166 162 162 162 160 154 148 144 141 139
 137 134 132 137 143 146 153 151 153 153 154 156 158 158 156 155 156 157
 158 158 158 158 158 159 161 162 163 162 162 163 163 163 162 164 163 162
 163 163 162 163 162 162 160 159 159 161 164 166 171 171 171 171 171 170
 171  28]"
"[ 28  28 203 204 204 204 202 202 202 202 202 202 202 202 203 203 203 203
 202 200 200 201 201 200 201 200 203 179 111  89  83  82  76  75  74  74
  72  69  65  64  70  72  74  72  70  68  65  62  60  63  65  65  64  64
  65  65  66  64  60  57  55  54  52  51  50  51  54  56  56  56  57  58
  59  60  62  66  66  65  64  64  64  64  65  67  67  63  66  74  79  80
  79  84 151 199 202 198 199 199 198 199 201 201 199 197 196 196 196 196
 196 195 195 195 195 195 195 195 194 193 191 189 189 187 186 185 184 183
 182 180 179 182 180 172 167 168 169 164 164 165 163 158 151 145 140 138
 138 134 134 136 144 146 154 152 153 153 153 156 159 159 157 155 155 156
 158 159 159 158 159 160 161 161 162 162 162 162 163 164 161 162 162 162
 163 163 162 163 162 162 162 161 163 166 169 171 172 171 170 170 171 170
 172  28]"
"[ 29  30 204 205 206 206 205 204 203 203 203 203 202 203 204 205 205 205
 202 200 199 200 201 201 202 201 203 168 109 100  88  82  83  81  78  76
  73  69  66  65  69  71  72  70  68  67  64  59  56  61  64  65  65  65
  65  66  64  62  59  57  55  54  53  52  50  51  54  57  57  57  58  59
  60  60  62  66  66  63  60  60  61  59  57  59  63  64  66  71  79  79
  79  81 130 194 201 201 199 198 197 197 198 199 199 198 197 197 197 197
 197 195 195 195 195 195 195 195 195 194 192 191 191 189 187 186 186 186
 185 183 183 180 179 177 172 168 167 167 166 167 165 159 152 146 141 138
 138 135 136 136 142 147 154 153 153 153 154 156 159 159 157 156 156 157
 159 160 160 159 159 161 161 160 161 162 162 161 162 164 162 163 162 162
 164 164 162 163 161 163 165 166 168 170 172 173 172 171 170 170 172 171
 173  30]"
"[ 30  30 204 205 206 206 205 205 203 204 205 204 203 203 205 207 207 205
 203 201 200 201 202 203 203 204 195 146  99 103  94  87  87  83  78  74
  70  68  68  68  69  69  69  67  66  64  62  59  54  59  64  66  66  65
  64  63  61  60  58  57  56  55  54  54  53  54  55  58  60  60  59  59
  57  57  59  63  64  61  58  58  57  56  53  52  57  62  67  71  74  79
  84  87 115 189 202 202 201 201 200 199 198 199 200 200 199 198 199 199
 198 196 195 195 195 195 195 195 195 194 193 192 193 191 189 188 188 188
 187 186 187 181 180 181 176 170 166 165 165 166 165 161 156 151 146 142
 140 138 136 137 137 146 150 152 152 154 156 158 158 158 157 157 158 159
 161 161 160 159 159 160 162 161 161 163 163 162 163 165 163 164 163 163
 165 164 163 163 161 163 166 168 170 171 172 172 172 171 170 170 172 171
 173  30]"
"[ 29  29 202 203 204 204 204 204 203 204 205 204 204 204 206 207 205 203
 201 200 201 202 203 203 202 205 184 126  95 100  94  89  89  85  79  73
  70  69  70  71  68  68  68  69  68  64  59  56  58  61  63  62  62  63
  64  63  61  60  59  58  57  56  56  56  56  55  56  59  62  63  61  59
  54  55  57  61  62  61  59  59  56  57  54  50  52  59  66  71  73  80
  84  90 106 184 206 198 198 200 201 201 201 201 201 201 200 200 200 200
 199 197 196 195 195 195 195 195 195 195 193 193 194 192 190 189 188 188
 187 186 186 183 182 181 178 176 172 166 163 164 164 162 159 155 149 143
 139 138 136 135 134 146 149 152 152 155 157 159 158 157 158 158 158 158
 160 160 159 158 158 159 161 161 162 162 162 162 163 164 163 164 163 163
 164 164 163 164 165 166 168 169 169 171 171 171 171 171 171 171 172 170
 172  29]"
"[ 29  28 201 202 203 203 203 203 203 203 204 204 204 205 205 205 202 201
 200 201 202 202 202 202 201 203 171 114 101  97  92  88  88  86  81  76
  73  72  71  71  70  67  67  70  69  64  59  57  63  64  62  59  58  61
  64  64  61  61  60  58  56  55  55  55  57  56  58  62  67  68  65  63
  58  59  60  61  61  61  60  59  57  57  53  50  51  55  62  69  74  77
  80  86  94 165 203 197 194 196 198 199 200 201 201 201 202 201 201 201
 200 198 197 197 197 196 196 195 195 194 193 193 193 192 190 189 188 187
 186 185 183 184 183 180 179 180 177 169 165 164 163 162 161 158 151 144
 140 138 137 133 133 145 150 153 153 155 158 159 158 158 158 159 157 157
 158 158 158 157 158 158 161 162 162 162 162 163 163 163 163 164 163 163
 164 164 164 165 169 170 171 170 170 171 171 171 171 171 171 171 172 170
 172  28]"
"[ 30  29 202 203 203 203 203 203 203 202 202 203 205 205 203 202 201 201
 201 203 204 204 202 201 204 200 157 106 106  96  91  89  85  84  82  79
  76  75  73  72  74  67  63  64  64  61  60  63  62  64  64  61  61  62
  62  60  61  60  59  56  54  53  53  53  57  57  61  67  72  73  72  69
  65  65  64  62  61  61  60  59  58  54  49  48  51  53  58  63  72  73
  77  82  80 139 196 201 201 201 201 201 202 203 203 203 202 202 201 201
 200 199 199 199 198 198 197 196 195 194 193 192 191 191 190 188 188 187
 186 185 184 184 183 181 179 179 177 171 168 166 163 162 163 162 155 149
 144 140 141 132 134 143 150 152 153 155 157 159 159 159 159 160 157 157
 158 159 159 159 159 160 161 163 164 163 163 164 164 163 164 165 165 164
 165 166 166 168 170 171 172 172 172 171 170 169 170 171 172 172 173 171
 173  29]"
"[ 29  28 201 202 203 202 201 201 205 204 203 202 202 202 202 202 201 202
 202 201 200 201 203 204 204 190 138 101 105  94  94  89  83  83  81  77
  74  72  71  70  68  66  65  64  62  61  62  62  60  61  63  65  64  60
  58  59  62  61  59  57  55  53  52  52  55  57  64  73  79  80  76  70
  70  67  66  65  63  61  59  57  54  51  48  49  50  50  54  56  64  69
  73  79  74 129 193 204 202 201 202 200 200 201 201 201 203 202 201 199
 199 199 199 198 197 197 196 195 195 195 194 192 193 190 189 189 188 188
 188 187 184 184 182 179 178 179 177 174 171 169 166 163 162 162 158 155
 146 141 139 133 137 135 148 154 153 154 155 156 157 158 159 159 159 158
 156 155 156 159 160 159 162 163 165 165 164 162 162 162 161 163 164 165
 167 171 172 170 171 171 171 171 171 171 171 171 172 171 170 170 170 173
 171  29]"
"[ 29  28 202 203 203 203 202 203 204 203 203 202 202 202 202 202 201 201
 201 201 201 201 202 202 204 181 129 104 104  97  94  91  83  80  76  73
  72  72  71  71  66  64  65  65  62  61  61  60  57  57  59  61  59  57
  57  58  63  60  57  55  54  53  53  54  55  55  68  81  82  81  79  72
  67  65  67  69  68  64  59  54  53  49  46  44  45  48  52  55  59  68
  70  77  82 124 186 207 202 199 199 199 199 199 200 201 202 201 200 199
 200 201 201 201 197 197 196 196 196 195 194 193 193 190 189 190 188 188
 189 187 185 185 183 181 180 181 179 177 172 170 167 164 163 162 158 154
 149 143 140 135 137 133 148 152 153 154 154 155 158 160 160 160 159 158
 157 157 158 160 160 159 160 162 164 164 163 162 162 162 161 163 166 167
 168 171 172 171 172 171 171 171 171 171 171 171 171 170 170 171 171 173
 172  29]"
"[ 30  29 203 203 204 203 203 204 204 204 203 203 202 202 202 202 202 201
 201 202 203 201 201 201 198 161 115 107 103 100  93  90  87  80  74  71
  71  71  71  71  67  65  65  64  61  59  59  58  55  56  57  58  57  56
  57  60  61  58  54  52  52  52  52  51  54  54  72  88  85  82  82  74
  67  65  66  68  69  68  65  60  56  51  48  41  42  48  49  52  61  65
  68  70  71 106 174 207 205 199 198 200 200 199 200 200 203 202 201 201
 201 201 201 201 196 196 196 196 196 196 195 193 192 189 189 190 188 187
 188 187 186 186 184 182 181 182 181 180 175 172 168 165 164 163 160 157
 154 148 142 140 137 130 148 152 154 154 154 155 159 161 162 160 158 158
 158 159 160 160 160 160 160 162 164 165 164 162 162 162 161 164 167 168
 169 171 172 171 172 171 170 171 171 171 171 171 171 171 171 172 171 173
 172  29]"
"[ 29  29 203 203 203 202 202 203 204 204 203 202 202 202 202 202 203 201
 201 203 202 200 200 201 194 143 107 108 102  98  92  88  87  79  73  71
  72  71  71  72  70  67  65  63  59  57  58  58  58  57  57  57  58  58
  60  62  62  58  54  52  52  53  52  50  52  56  74  88  85  82  81  75
  71  67  66  67  68  69  70  68  64  56  55  49  50  56  52  55  60  60
  63  64  62  86 145 201 206 200 196 198 199 199 201 200 203 203 202 201
 201 202 201 201 197 197 196 196 196 196 195 194 192 190 190 190 188 187
 188 187 187 186 185 183 183 183 182 180 179 176 172 168 166 164 163 162
 158 152 146 144 137 129 148 154 154 154 155 156 159 161 161 160 158 157
 157 160 161 160 160 161 162 163 165 165 163 162 161 161 164 166 168 169
 170 171 172 171 171 170 170 170 171 172 172 172 173 174 174 174 172 173
 171  29]"
"[ 28  28 203 204 204 203 202 203 204 203 202 201 200 201 201 201 201 200
 201 202 201 199 200 204 191 133 108 107 102  96  93  89  81  75  71  70
  71  70  69  71  69  66  65  63  59  58  59  59  60  58  57  57  59  60
  60  60  58  56  52  49  49  51  52  51  54  62  75  82  82  81  79  75
  71  69  69  69  67  67  68  67  65  56  58  56  59  62  55  57  60  64
  64  67  72  75  98 170 201 201 195 194 197 198 201 200 201 201 201 201
 201 202 203 202 199 198 197 196 195 195 195 194 194 192 192 192 190 189
 189 188 188 187 186 185 184 183 182 181 181 180 177 174 170 167 165 165
 162 155 146 144 138 132 145 151 153 154 156 157 159 161 161 160 160 159
 159 161 161 160 160 162 162 163 163 163 163 163 163 163 170 170 170 171
 172 172 172 172 171 170 170 170 171 171 172 172 174 174 174 173 171 172
 170  29]"
"[ 29  29 204 205 206 205 205 205 204 203 202 201 201 201 201 201 200 200
 201 201 200 199 202 206 174 120 111 107 105  97  92  85  77  74  71  69
  68  65  64  64  64  63  63  63  60  59  60  61  60  57  55  55  56  57
  56  55  54  53  50  47  47  51  54  56  58  66  74  78  79  79  78  76
  70  68  67  66  63  62  65  66  64  58  59  61  63  63  57  58  63  70
  72  73  76  79  77 123 188 204 201 196 197 199 202 200 201 201 201 200
 201 201 201 200 201 200 198 196 195 196 196 195 194 192 193 193 191 189
 189 187 187 187 187 186 184 183 181 180 180 179 179 178 174 169 165 163
 165 156 146 143 141 137 141 146 151 153 156 158 159 160 161 161 162 162
 162 163 162 161 162 163 162 162 162 163 165 167 168 168 172 172 171 171
 172 172 172 171 171 171 171 170 170 170 171 171 172 173 173 172 170 172
 170  29]"
"[ 30  29 204 205 207 207 206 206 204 204 203 203 202 202 201 201 200 201
 201 200 199 199 202 204 154 109 110 104 103  96  87  78  76  74  71  67
  65  63  61  59  60  59  60  60  57  57  59  59  58  56  54  53  53  53
  52  51  55  57  57  54  54  56  60  61  60  62  70  75  75  78  79  75
  68  65  63  61  57  57  61  63  65  64  64  65  66  65  63  63  64  69
  73  72  73  84  84  94 155 194 204 199 201 201 202 201 201 201 201 200
 200 200 199 198 200 199 198 196 195 196 195 195 194 192 192 192 191 190
 189 187 187 187 186 186 184 182 181 181 179 179 179 179 177 172 166 163
 166 161 153 146 144 140 137 145 151 153 156 158 159 160 161 161 161 163
 163 162 162 162 162 162 162 162 162 164 168 171 172 171 172 172 171 172
 172 171 170 170 171 171 171 170 169 169 170 171 171 172 172 172 171 173
 171  29]"
"[ 29  28 202 203 205 205 204 205 203 203 204 203 203 202 200 200 200 201
 200 198 197 198 199 199 148 108 108  98  96  93  82  73  73  72  69  65
  64  63  61  59  60  58  57  56  53  53  56  57  57  57  55  52  51  51
  51  50  54  59  61  60  57  58  59  60  60  56  66  75  73  76  81  75
  67  64  63  60  56  55  56  57  60  63  63  63  63  63  66  65  69  72
  71  71  76  77  80  83 118 175 200 199 202 202 202 202 200 200 200 200
 200 201 200 199 199 198 197 196 195 195 195 194 194 191 192 193 192 191
 190 188 188 187 187 186 185 183 183 183 182 179 178 180 180 176 171 167
 166 166 162 152 146 141 135 147 152 154 156 157 159 160 161 160 158 161
 162 161 160 161 162 162 163 162 162 165 169 172 172 171 171 172 172 173
 172 170 170 171 170 171 171 170 169 169 170 171 171 172 172 173 172 174
 171  29]"
"[ 30  29 202 202 203 204 203 203 203 201 203 204 202 201 201 200 200 201
 203 200 198 196 199 196 131 108 107 100  97  87  82  72  74  68  65  65
  64  60  58  59  56  56  55  53  51  53  57  60  57  56  54  53  53  53
  54  58  57  61  61  56  53  56  59  60  60  59  64  69  71  75  78  76
  67  62  60  61  58  51  51  55  56  60  60  63  68  65  60  63  66  67
  70  73  74  75  78  80  84 139 196 203 197 198 204 201 201 201 200 200
 201 201 200 200 200 198 197 197 197 196 196 196 195 194 193 193 193 193
 191 188 188 188 188 187 186 185 186 186 181 180 179 180 180 178 174 172
 167 166 164 155 147 143 141 145 153 154 154 156 159 160 160 161 161 161
 162 162 162 161 161 161 161 163 166 169 171 170 170 170 169 172 173 172
 171 169 169 171 170 171 171 170 170 170 171 171 172 172 175 173 173 172
 171  29]"
"[ 29  28 202 201 202 203 203 203 204 202 202 202 200 200 201 200 201 201
 202 200 200 198 200 196 130 112 110 102  96  82  81  76  72  68  65  64
  63  59  56  56  59  58  57  55  55  58  61  63  59  58  56  56  59  60
  61  65  65  65  64  61  58  57  57  57  59  59  63  67  67  70  74  73
  65  60  59  60  57  51  50  54  55  58  59  62  66  64  60  62  66  65
  66  69  73  77  80  83  79 103 175 201 194 199 204 199 199 199 199 200
 201 200 200 199 201 199 196 196 195 193 193 194 195 194 193 192 193 192
 190 188 188 188 188 188 186 186 186 187 183 182 181 181 180 179 177 175
 172 168 165 157 150 144 141 146 150 152 154 156 159 160 160 161 161 161
 161 161 159 159 160 162 162 164 167 170 171 171 171 171 170 171 170 168
 168 168 168 171 171 171 171 170 171 171 171 171 172 170 172 171 173 172
 172  29]"
"[ 29  29 203 202 203 204 204 204 204 203 202 201 199 199 201 201 202 201
 201 200 201 200 202 194 132 118 110 102  94  78  78  77  72  68  65  64
  63  61  60  60  64  63  60  58  59  63  64  62  61  60  57  58  62  65
  66  68  67  65  63  64  64  62  60  60  60  61  64  65  64  66  70  72
  64  60  59  59  56  51  51  55  54  57  58  59  62  61  58  61  65  64
  64  65  69  74  79  83  82  89 148 197 200 200 198 200 199 200 201 202
 202 202 201 200 200 198 196 195 195 195 195 196 196 195 194 193 193 192
 190 188 189 189 189 188 188 187 187 187 184 183 183 182 181 180 179 177
 175 171 167 160 156 148 141 146 149 154 157 159 161 162 162 163 162 161
 161 160 158 159 161 164 165 166 168 171 171 171 171 171 169 170 168 167
 167 168 168 171 172 171 170 171 172 172 172 171 172 169 170 170 173 174
 173  30]"
"[ 29  29 203 203 203 204 204 204 202 202 202 201 199 199 201 201 203 202
 201 200 200 199 201 189 130 119 105  96  92  79  79  75  74  71  68  65
  64  64  65  66  65  65  62  60  62  65  64  61  62  60  58  59  63  65
  66  67  65  62  61  62  64  64  64  63  61  63  65  65  63  64  68  70
  66  63  61  60  57  53  53  56  54  56  56  55  57  56  57  60  63  64
  65  64  65  70  76  81  79  85 111 180 202 199 197 202 200 201 202 203
 203 202 201 201 200 199 197 197 197 197 198 198 196 196 195 194 194 194
 192 190 190 190 189 188 188 187 187 186 185 185 184 183 182 180 179 178
 176 175 171 165 162 154 144 144 150 155 159 161 163 164 163 164 162 161
 160 160 160 162 165 168 169 168 168 169 170 170 170 169 167 168 168 168
 170 170 170 171 172 171 171 171 172 172 172 172 173 170 171 171 173 174
 174  30]"
"[ 29  29 202 202 202 202 202 202 200 200 201 201 199 200 200 199 200 200
 200 199 198 196 199 184 125 117 101  92  90  82  81  77  76  74  70  68
  66  65  65  65  63  64  63  62  64  66  65  63  61  62  60  60  63  65
  66  67  65  63  61  60  61  63  64  63  64  65  66  65  65  65  66  68
  67  66  65  64  61  56  55  56  55  55  54  52  52  53  55  58  63  63
  62  62  64  70  76  79  81  80  86 150 194 200 201 199 199 200 201 201
 201 201 201 201 202 201 199 198 197 197 197 196 196 196 195 194 194 195
 194 192 191 190 189 188 187 187 186 185 185 185 185 184 182 180 179 178
 178 179 177 170 167 161 147 141 147 154 159 160 162 162 161 162 161 160
 160 162 164 166 168 170 171 168 166 167 169 170 169 169 167 168 169 169
 171 171 170 171 171 171 171 172 171 171 172 173 174 172 173 172 174 173
 172  30]"
"[ 29  29 202 201 202 202 201 200 200 200 202 202 200 201 200 197 196 197
 197 197 195 194 198 180 125 118 104  94  89  84  82  80  74  73  72  71
  69  65  64  64  64  65  65  65  66  66  65  64  61  62  61  60  63  65
  66  68  65  65  62  60  61  63  64  64  68  69  68  66  67  66  65  66
  67  67  67  67  64  60  56  54  55  55  54  51  50  52  54  56  60  58
  56  58  64  73  77  78  85  83  82 114 182 203 199 198 200 200 201 201
 201 201 201 201 201 201 199 198 197 197 196 195 196 196 195 194 194 195
 194 193 193 191 190 189 189 188 187 185 186 186 186 185 183 181 180 179
 180 181 182 176 171 165 151 140 146 153 158 159 161 162 162 162 161 161
 162 165 167 168 169 170 171 168 165 165 168 169 170 170 169 170 169 169
 171 171 170 172 171 170 171 172 171 170 171 173 174 173 174 173 173 172
 171  29]"
"[ 29  28 201 201 203 203 202 200 199 199 201 201 200 202 201 197 195 196
 195 197 195 194 199 178 125 114 103  96  90  85  80  81  75  73  72  73
  70  66  64  66  68  67  67  67  67  66  65  65  63  64  61  59  62  65
  66  67  65  63  63  64  65  65  65  66  69  71  69  67  68  66  64  66
  65  65  66  66  64  61  57  55  56  56  55  53  51  51  52  51  53  53
  55  58  64  72  75  74  77  81  80  86 154 198 198 201 201 202 203 203
 202 201 201 200 199 199 198 197 197 198 198 197 196 196 195 194 194 194
 194 194 193 192 190 189 190 190 188 187 186 186 185 184 183 181 180 180
 180 179 183 181 174 170 159 145 146 153 158 159 161 163 163 163 162 164
 167 169 169 169 169 169 169 167 166 166 167 169 170 171 171 172 171 170
 171 171 171 172 171 170 170 172 172 171 172 173 175 173 174 172 172 171
 171  29]"
"[ 29  27 200 200 202 203 201 200 197 197 198 198 198 201 201 197 196 197
 195 197 196 196 200 178 122 105  97  94  90  87  80  82  79  75  73  73
  69  64  63  66  68  66  65  68  68  67  66  68  67  66  62  59  62  64
  65  65  65  62  63  67  69  67  65  66  68  70  68  65  67  65  63  66
  65  64  63  62  61  60  58  57  57  57  58  56  52  51  50  47  47  52
  58  62  65  69  71  71  74  78  80  81 121 187 201 199 201 202 203 203
 201 199 198 197 198 198 197 195 195 197 197 196 197 197 196 194 194 194
 195 194 192 190 189 189 189 190 188 187 186 185 183 182 182 181 181 180
 181 177 184 185 178 175 166 154 146 153 157 158 160 162 162 162 164 167
 171 172 171 168 168 169 168 168 168 168 167 168 169 171 170 172 172 172
 173 172 172 173 172 170 170 172 173 172 172 173 175 173 173 171 172 172
 172  30]"
"[ 29  29 197 204 199 201 200 200 195 196 196 194 193 194 197 198 197 197
 195 198 195 197 201 172 128 105 105  95  92  84  84  80  79  74  68  65
  65  65  65  65  67  65  64  65  66  66  67  69  69  66  60  58  59  62
  66  65  62  60  63  68  69  69  69  68  72  70  69  68  66  66  66  64
  66  61  56  56  59  59  58  57  57  59  57  56  52  46  47  50  50  58
  63  63  63  66  67  65  72  76  80  83  96 167 200 197 198 200 200 201
 199 195 197 196 196 196 197 196 196 196 197 198 196 196 196 195 194 194
 195 194 194 191 189 189 191 190 188 186 186 184 183 183 183 181 181 181
 180 182 185 184 181 180 172 159 151 153 156 159 160 161 164 168 169 171
 171 170 169 170 169 166 167 168 168 167 167 169 170 171 171 171 171 171
 171 172 173 174 171 171 171 171 172 173 174 174 174 174 173 172 171 173
 171  28]"
"[ 30  28 190 194 191 193 195 197 190 192 193 193 192 193 193 194 192 194
 192 198 193 195 198 171 121 110 106  97  93  83  79  80  77  73  70  68
  67  66  65  65  65  64  64  65  66  66  67  67  66  66  61  60  60  61
  65  65  63  62  65  69  70  71  71  69  68  66  67  68  66  65  66  65
  60  55  49  47  47  48  46  43  52  57  56  56  54  50  50  51  57  60
  62  60  61  64  66  65  69  75  82  81  81 132 188 202 195 197 198 198
 195 194 196 196 197 197 197 196 196 197 197 196 197 195 194 195 195 193
 192 193 193 191 189 189 190 190 189 189 186 185 184 184 183 182 181 182
 184 183 183 182 181 182 179 170 155 154 156 160 163 165 167 169 168 169
 170 168 168 169 169 167 167 168 168 168 168 169 169 170 171 171 171 171
 171 171 172 172 172 172 171 171 172 172 173 173 173 174 173 173 171 173
 171  29]"
"[ 29  27 180 180 180 180 182 184 182 183 184 183 181 180 179 178 180 182
 180 187 180 184 186 161 114 114 103  97  96  84  77  79  74  72  71  69
  67  65  64  64  64  65  65  65  65  66  66  64  64  66  64  63  62  61
  65  65  67  67  68  69  69  70  71  69  66  64  65  67  67  66  67  66
  60  56  49  44  43  43  39  34  48  57  59  59  60  59  60  59  62  61
  59  58  60  64  67  69  72  76  82  84  79 106 173 201 201 198 197 195
 194 197 198 197 199 198 195 193 194 197 197 195 196 194 194 197 198 195
 194 195 193 192 189 188 187 186 187 187 185 184 183 183 182 182 181 181
 183 181 182 184 183 181 177 172 162 158 157 162 166 167 168 169 168 169
 169 168 168 169 170 169 166 167 168 168 168 168 169 169 170 171 171 171
 171 171 171 171 172 172 172 171 172 172 173 173 174 174 174 174 172 174
 172  30]"
"[ 30  30 177 177 179 177 178 178 176 177 177 177 177 177 178 177 177 178
 176 177 172 177 182 155 112 113  97  96  95  87  80  77  74  72  71  69
  67  65  65  65  66  68  68  66  67  68  67  64  65  67  65  66  66  66
  68  67  70  69  69  68  67  70  72  70  67  66  66  66  67  69  68  64
  60  59  53  46  43  42  37  31  47  59  64  64  65  66  69  67  64  61
  59  60  62  65  68  71  73  73  77  85  84  91 142 180 192 188 189 188
 188 190 189 189 187 190 191 190 191 192 189 183 187 187 189 192 192 190
 188 187 188 187 184 182 181 181 181 181 184 183 182 181 181 181 181 181
 180 179 182 187 188 185 182 180 171 165 162 166 169 169 168 168 169 170
 169 169 169 170 170 169 167 168 169 169 169 170 171 171 171 171 171 170
 170 170 171 171 171 171 171 171 172 172 172 173 172 173 174 174 172 173
 172  30]"
"[ 29  30 177 177 182 180 180 180 180 180 179 179 180 181 181 181 180 181
 179 174 173 177 184 151 115 112  94  95  90  86  83  76  75  73  71  70
  69  67  65  64  67  69  69  67  67  69  69  65  67  67  65  67  71  72
  74  71  70  68  67  66  66  70  74  73  68  68  67  65  67  71  69  60
  59  60  57  50  45  43  39  33  44  58  65  66  66  66  68  67  65  63
  62  64  65  64  66  69  71  71  72  82  83  81 105 147 176 179 181 181
 181 180 177 179 181 180 175 170 170 175 179 180 180 182 183 182 180 180
 179 177 179 179 177 176 176 178 178 177 175 174 172 172 172 173 174 174
 174 172 172 175 176 174 173 175 176 170 167 169 171 169 168 168 168 169
 169 169 169 170 169 169 169 170 171 170 170 171 172 172 171 171 170 169
 168 168 170 171 171 170 170 170 171 171 171 171 171 171 172 173 171 171
 170  29]"
"[ 28  29 177 176 180 181 180 181 183 183 183 181 181 180 179 178 179 180
 180 173 175 176 182 145 118 112  98  98  87  83  83  76  74  73  72  72
  70  67  64  62  63  66  66  65  66  68  68  66  67  67  64  67  72  74
  75  72  71  69  67  66  67  70  73  72  68  68  67  65  66  71  69  60
  59  61  60  54  49  46  42  38  37  49  56  61  64  64  66  65  64  63
  64  66  66  64  65  67  71  71  68  75  80  80  83 119 175 183 179 177
 181 180 178 178 178 180 179 177 177 179 180 179 179 181 180 176 175 178
 179 177 177 177 176 174 175 176 176 174 175 175 173 172 173 174 175 175
 175 174 172 171 171 169 167 169 173 170 168 169 169 169 169 169 167 168
 169 170 171 171 170 170 170 171 171 170 170 171 171 171 172 172 171 169
 168 168 170 171 172 171 171 171 171 171 171 170 170 171 172 172 170 170
 169  29]"
"[ 31  29 181 178 180 183 182 184 183 184 183 182 182 182 181 180 180 179
 180 177 178 176 180 145 118 112 102 100  91  83  82  78  74  73  73  71
  68  65  62  61  62  63  64  64  66  68  68  67  68  68  66  68  71  72
  74  71  72  68  68  69  70  72  73  71  71  69  68  68  68  71  70  64
  62  62  59  54  50  48  44  41  34  39  43  51  60  64  67  67  66  64
  63  64  63  62  63  65  68  67  63  67  74  80  75  94 160 183 179 176
 181 179 180 178 180 180 179 177 177 178 179 180 178 178 176 175 176 178
 179 177 177 178 178 175 174 175 175 174 175 175 174 173 173 174 174 173
 170 173 171 170 173 172 170 170 169 168 167 167 168 169 169 168 167 168
 170 171 172 171 170 170 170 171 171 170 170 170 170 170 171 172 172 171
 170 170 171 172 172 171 170 171 171 171 171 170 170 170 171 171 168 168
 168  29]"
"[ 29  26 182 178 180 185 183 187 187 187 185 183 181 180 180 179 181 179
 178 181 179 177 179 148 118 112 103 100  96  87  81  78  75  75  74  71
  67  63  63  64  63  64  66  67  68  70  70  69  70  72  71  71  71  71
  72  71  68  65  67  71  74  75  75  74  74  71  71  72  71  71  70  69
  66  65  60  55  52  51  48  44  38  36  33  43  56  62  66  67  70  67
  63  61  60  59  60  61  65  66  66  66  70  76  72  80 129 174 182 180
 181 176 179 179 182 181 179 179 180 180 180 180 181 179 177 178 180 180
 178 176 175 177 178 175 173 174 176 176 175 176 175 174 174 174 174 172
 169 173 171 168 171 172 170 170 168 168 167 166 167 169 169 167 168 168
 169 171 171 170 169 169 169 171 171 171 171 171 171 170 168 170 171 172
 171 171 172 172 170 169 169 169 170 170 170 169 169 169 169 170 166 166
 166  28]"
"[ 28  28 183 182 182 183 183 185 187 185 183 182 181 181 180 180 181 178
 178 177 178 174 175 150 116 111 102  96  94  86  84  76  75  73  71  69
  66  64  62  62  65  66  68  67  65  68  71  72  71  71  72  71  70  72
  73  71  64  65  69  73  74  72  72  74  73  72  73  75  74  70  68  68
  66  65  62  58  56  56  52  47  43  38  32  31  40  52  57  56  62  61
  60  58  58  58  57  56  58  60  63  65  67  71  75  76 102 162 183 177
 180 182 179 179 181 180 179 179 180 181 181 180 180 180 179 177 178 180
 179 178 174 176 177 177 178 179 177 174 175 174 174 173 171 172 173 172
 167 170 171 170 169 170 170 168 168 168 169 168 167 167 167 168 168 168
 168 170 170 169 168 168 167 169 171 172 171 171 170 170 169 170 171 171
 171 170 170 171 170 169 168 166 166 166 167 168 169 167 166 166 166 166
 163  28]"
"[ 30  29 184 182 182 183 183 185 185 183 182 182 181 180 180 180 179 178
 179 179 180 177 177 147 114 110 103  97  96  88  86  79  78  72  67  65
  65  66  65  64  68  68  68  67  64  66  69  70  71  71  71  71  71  72
  72  69  66  68  72  73  70  66  66  70  74  76  76  75  73  71  68  64
  66  62  62  66  66  59  53  53  49  43  35  30  33  42  48  48  52  56
  59  59  57  56  56  56  60  61  63  65  67  72  76  79  84 141 180 180
 177 175 179 181 182 182 180 180 180 181 180 179 179 179 178 177 178 179
 179 177 176 177 177 175 175 176 174 172 172 172 172 172 170 171 172 171
 167 169 170 169 169 169 169 167 167 168 170 170 169 167 167 167 168 167
 167 168 169 168 167 167 169 169 170 170 170 169 169 169 169 169 170 170
 169 169 169 171 169 168 166 165 164 165 166 167 166 166 166 165 164 164
 162  29]"
"[ 30  29 183 182 181 181 181 183 182 182 182 181 181 180 180 180 179 179
 178 178 180 179 183 149 113 108 104  99  96  89  87  81  77  72  67  65
  64  64  65  68  70  68  68  67  64  65  68  70  72  71  72  73  71  71
  70  66  65  70  74  75  70  66  66  70  73  77  78  75  73  73  70  65
  64  61  64  72  73  65  60  61  59  54  46  39  38  42  46  47  51  56
  60  62  60  59  59  59  59  61  63  65  68  72  76  79  77 117 170 185
 180 179 182 182 182 182 181 180 180 181 180 179 179 179 179 178 179 180
 179 178 176 177 176 173 172 172 172 171 170 170 171 171 169 170 171 170
 167 168 169 168 168 169 168 166 166 167 169 170 169 168 167 167 168 167
 166 167 167 167 168 168 169 169 168 167 168 168 168 168 168 168 168 168
 167 166 168 169 169 167 165 163 163 163 164 165 164 164 164 163 162 162
 161  30]"
"[ 29  29 183 182 180 180 179 181 180 180 181 181 180 179 179 180 180 181
 178 178 179 179 184 147 113 108 105 101  96  89  87  82  77  74  72  70
  67  64  65  68  68  67  68  69  66  66  69  71  72  72  74  74  70  68
  67  64  66  69  74  76  74  71  70  71  74  76  77  75  74  73  70  66
  63  63  66  71  74  73  70  67  66  65  62  57  53  53  55  55  60  62
  63  63  64  64  64  63  59  60  62  65  68  72  74  76  76  94 149 184
 179 180 181 179 180 180 180 180 180 181 180 179 178 178 178 178 179 179
 178 178 174 174 174 172 170 171 171 171 171 171 172 171 169 168 169 167
 168 168 168 167 167 168 168 167 166 168 169 169 169 168 168 168 169 167
 166 166 166 167 169 169 168 167 166 166 166 167 168 168 167 166 166 166
 165 165 166 167 168 167 165 163 162 162 162 162 164 163 163 162 161 160
 160  29]"
"[ 29  29 184 182 181 180 179 180 179 179 180 180 179 178 178 179 180 181
 181 180 180 178 180 144 112 105 105 100  95  89  87  81  79  75  72  72
  71  68  65  64  65  65  67  70  69  68  70  71  70  71  73  73  69  66
  66  66  68  70  73  75  74  73  72  73  77  76  76  75  74  70  67  65
  67  68  69  72  76  79  76  72  70  72  73  70  66  64  63  62  68  68
  66  65  64  65  66  66  62  61  61  63  67  69  71  72  78  85 131 187
 181 181 181 185 179 179 179 179 179 179 178 177 177 176 177 177 177 177
 176 176 172 173 172 171 170 170 171 171 171 171 172 171 169 168 168 166
 167 167 166 165 166 167 168 168 169 169 169 168 167 167 168 169 168 167
 166 165 165 166 167 168 167 166 165 165 166 166 167 167 165 166 166 166
 165 164 164 166 166 165 164 164 163 163 162 161 164 162 161 161 160 160
 160  29]"
"[ 29  29 183 182 181 181 179 180 180 180 181 181 180 179 179 180 180 180
 181 179 181 180 180 154 110 100 102  98  93  88  86  81  77  75  72  70
  69  67  65  65  64  65  68  71  70  69  70  70  66  67  70  71  67  65
  67  69  68  71  73  72  71  72  76  80  80  76  74  76  75  70  68  69
  74  72  73  78  80  79  77  76  75  76  77  75  72  69  67  66  70  72
  72  69  65  64  65  67  67  64  62  62  64  66  69  71  74  77 108 178
 181 180 178 183 180 180 179 178 177 177 176 175 176 175 175 176 176 175
 175 175 172 172 172 171 171 171 171 171 171 170 170 170 168 168 169 166
 166 166 165 164 165 166 167 168 169 168 167 165 163 163 165 167 168 168
 166 164 164 165 166 166 166 166 165 165 165 165 165 165 164 165 166 166
 165 164 164 165 164 163 163 163 164 164 163 162 162 160 160 160 160 160
 160  29]"
"[ 29  28 182 181 180 181 179 179 180 180 181 181 180 180 180 182 181 179
 181 176 180 181 181 166 113 100 102  98  94  89  86  81  74  75  73  69
  65  65  66  67  67  68  71  71  70  70  71  70  65  65  67  67  65  65
  68  70  68  69  70  70  70  74  79  83  79  75  73  75  75  72  72  74
  77  75  76  80  80  77  75  77  80  79  77  74  72  71  69  68  71  74
  75  71  67  65  65  67  67  65  63  63  63  64  67  71  76  79  92 166
 187 183 180 181 180 180 179 177 176 176 176 175 176 175 175 175 175 173
 173 174 173 172 171 171 171 170 171 171 170 168 168 168 167 168 168 166
 166 165 165 165 165 165 166 167 168 167 165 163 161 161 163 165 166 166
 165 164 164 165 165 164 164 165 165 164 164 164 164 165 163 164 165 165
 164 163 163 164 162 162 161 162 163 163 162 161 160 159 160 160 159 158
 158  29]"
"[ 30  28 180 179 180 181 180 180 179 179 179 179 179 179 180 181 181 179
 182 177 181 179 177 167 118 104 105 101  96  92  88  81  76  76  73  69
  68  69  69  67  69  71  73  72  70  72  73  71  67  64  65  65  64  64
  67  68  68  67  67  68  72  77  79  80  79  74  72  73  74  72  72  75
  76  76  77  78  77  74  75  78  81  78  75  73  72  71  70  69  73  73
  72  70  67  65  64  63  64  64  65  66  64  63  66  71  75  80  82 155
 186 179 179 178 179 179 178 177 176 177 177 177 175 174 173 174 173 172
 171 173 173 171 170 170 170 170 171 171 169 167 167 167 166 168 167 165
 166 166 166 166 166 165 166 167 167 166 165 163 162 162 164 165 163 164
 163 162 163 164 165 163 163 163 164 164 164 164 164 165 162 162 163 164
 163 162 162 162 162 161 160 161 161 161 160 159 159 159 160 161 158 156
 157  29]"
"[ 29  28 178 179 182 182 180 179 178 180 181 179 177 178 181 184 182 180
 180 178 178 179 180 161 124 115 106 107  96  92  88  83  79  75  73  72
  69  68  69  69  70  72  72  70  70  73  73  72  68  66  63  61  60  63
  67  71  71  71  72  72  75  79  80  78  76  74  74  75  76  75  76  78
  74  79  82  79  78  79  79  77  75  74  73  72  72  69  68  70  73  74
  72  69  68  70  67  63  64  64  65  65  64  64  67  71  73  77  79 140
 181 176 176 174 175 174 174 175 174 176 177 176 175 173 171 174 173 171
 174 173 171 171 170 169 169 171 171 170 167 167 165 164 164 165 166 166
 165 165 165 165 164 163 164 166 166 167 165 163 163 165 165 163 162 161
 161 162 164 164 163 161 162 164 165 163 161 163 163 162 162 162 162 162
 162 163 162 162 162 160 159 160 160 160 159 159 159 160 161 157 156 155
 154  29]"
"[ 29  29 179 179 181 180 179 178 179 180 180 179 179 180 181 182 180 180
 180 179 178 179 179 154 124 115 108 107  96  92  88  83  81  77  74  73
  71  69  69  68  65  66  68  69  70  71  70  69  67  64  62  62  62  62
  66  71  74  75  75  75  76  80  81  81  80  83  85  81  76  75  77  80
  77  79  80  78  77  78  78  76  74  74  73  71  69  69  69  69  71  72
  73  71  71  71  69  66  66  68  68  66  64  66  68  70  72  73  72 121
 172 179 174 173 175 173 173 174 173 174 175 174 172 172 171 175 174 172
 174 172 170 170 169 168 168 169 169 168 167 166 165 163 163 164 165 164
 164 164 164 164 164 162 162 163 164 165 164 163 164 165 166 165 163 164
 164 164 164 163 162 162 162 164 164 163 161 162 162 162 162 162 162 161
 161 161 161 160 160 159 159 159 160 160 159 159 159 159 159 155 155 154
 153  29]"
"[ 29  29 179 179 180 179 178 178 179 179 179 179 180 181 181 180 178 180
 180 180 178 181 184 155 122 114 109 106  95  92  88  82  78  74  73  72
  71  70  70  69  66  66  68  71  72  72  71  71  68  65  64  64  63  61
  64  70  75  78  81  80  81  83  84  84  83  85  85  82  80  81  82  80
  80  79  77  76  76  76  76  75  72  72  73  71  67  69  71  69  69  71
  73  73  72  71  69  68  67  69  69  65  64  66  68  67  70  73  72 105
 165 182 175 176 175 173 173 173 172 173 174 172 173 173 172 174 172 171
 173 170 169 169 168 168 168 168 167 166 167 166 165 164 164 165 165 165
 164 164 164 165 165 164 162 162 163 162 163 163 164 165 165 164 163 164
 165 165 163 162 161 162 163 163 163 162 161 160 160 161 161 161 161 160
 160 160 160 159 158 157 157 158 159 158 158 158 158 157 156 153 153 153
 153  29]"
"[ 28  29 180 179 180 180 179 180 180 180 180 180 181 182 181 179 178 180
 179 180 178 181 188 161 118 110 108 105  96  93  88  82  76  73  72  72
  70  69  70  70  68  65  65  68  70  69  69  70  68  66  65  65  64  63
  66  71  76  80  85  86  87  88  88  86  84  82  79  81  85  88  85  80
  81  78  75  74  74  74  75  76  73  71  73  71  66  69  73  71  71  71
  72  74  73  70  69  68  67  67  66  64  64  65  66  66  65  73  72 100
 161 178 173 177 175 173 173 173 172 173 173 172 172 173 171 170 168 168
 171 169 168 168 168 168 168 168 167 167 167 167 166 165 165 166 166 165
 165 164 163 164 165 164 163 162 162 161 161 162 163 162 162 162 161 162
 163 163 162 160 160 161 162 162 162 162 160 159 158 159 160 160 159 158
 159 160 160 160 155 155 156 157 157 156 156 156 156 154 153 151 152 153
 153  30]"
"[ 28  29 180 180 181 180 180 181 180 180 181 180 181 181 181 180 179 179
 178 180 177 177 184 165 116 107 108 105  99  95  89  83  79  76  74  72
  69  67  68  69  67  64  63  66  66  65  65  66  65  66  67  66  67  70
  73  76  80  84  87  88  90  91  90  87  85  83  82  85  86  85  82  81
  80  77  75  74  73  73  75  78  75  71  72  73  68  68  73  73  73  72
  72  74  74  71  70  70  68  65  64  65  65  64  65  67  69  74  70 104
 164 176 174 175 174 172 173 173 172 173 173 172 169 170 168 169 168 169
 172 169 168 168 168 168 169 168 168 168 167 167 166 165 165 165 165 164
 165 163 162 162 163 162 161 160 162 161 160 161 162 161 161 161 161 161
 161 162 161 161 160 160 161 161 161 161 160 158 158 158 158 158 158 157
 157 159 160 160 154 154 154 155 155 154 154 154 155 153 152 150 152 152
 152  29]"
"[ 29  30 180 180 181 180 180 181 180 180 180 179 179 179 180 179 179 178
 180 181 179 177 182 171 118 106 108 105 101  96  89  83  79  75  73  71
  67  65  67  67  66  64  64  66  67  65  64  65  66  68  69  68  70  75
  78  79  87  88  89  88  89  90  89  86  85  83  84  86  85  82  79  79
  78  77  76  74  73  74  76  79  78  73  73  73  69  68  71  72  72  71
  71  73  73  72  71  72  70  66  64  67  67  66  67  71  77  74  70 117
 170 176 177 173 173 171 172 172 171 172 172 171 170 170 169 171 171 170
 171 168 169 168 168 168 169 168 167 167 167 166 165 164 164 164 164 163
 164 163 162 161 161 160 160 160 162 161 161 161 161 162 161 161 162 161
 161 161 162 162 161 160 160 160 160 160 160 159 158 158 156 157 157 156
 156 157 157 157 154 154 154 154 155 154 154 154 154 153 152 150 151 151
 151  29]"
"[ 29  30 180 179 180 179 179 180 180 180 178 177 178 179 179 179 180 178
 181 180 181 181 182 178 124 108 109 106 103  96  87  81  77  73  71  70
  68  67  68  68  64  64  64  66  66  65  64  64  69  70  71  72  74  77
  79  80  89  91  90  88  88  89  88  86  85  83  82  83  84  83  79  76
  76  76  75  74  73  74  76  78  77  76  75  73  70  69  69  69  69  70
  71  72  72  73  73  74  72  69  67  67  68  67  69  72  74  72  83 139
 173 171 173 170 172 171 171 172 171 171 171 169 172 170 169 172 171 168
 168 165 166 166 166 168 168 167 165 165 164 164 164 163 163 163 163 162
 163 163 162 162 161 160 160 161 161 162 162 161 162 163 162 160 161 161
 160 161 161 161 160 159 159 159 159 158 157 158 158 157 154 155 157 157
 157 157 155 154 154 153 153 153 154 154 154 154 154 152 152 150 151 150
 150  29]"
"[ 29  29 179 178 179 179 179 180 183 181 178 177 178 180 180 179 182 180
 182 177 180 182 181 181 130 111 112 107 105  97  87  81  80  75  73  73
  72  71  70  69  67  67  67  67  67  67  67  68  69  69  71  74  77  79
  81  82  88  90  91  89  89  89  88  86  86  86  85  83  83  84  81  77
  74  74  74  72  72  74  75  76  75  77  75  72  71  70  68  67  68  70
  72  72  72  73  75  76  73  71  69  67  67  68  70  71  68  73 102 163
 178 168 171 172 173 171 172 172 171 171 171 169 170 167 165 169 169 166
 167 165 163 163 164 167 167 166 164 164 161 161 161 160 161 162 162 162
 161 161 162 162 161 160 161 163 160 162 163 161 162 163 161 158 159 159
 159 159 159 159 159 159 157 158 157 155 155 157 158 157 153 155 157 158
 159 157 155 153 153 152 151 152 154 154 154 154 154 152 151 150 150 150
 151  30]"
"[ 29  28 179 179 179 179 180 179 181 180 179 179 179 179 180 181 180 180
 180 180 180 180 181 181 129 111 116 109 101  97  89  83  82  77  75  75
  73  75  75  71  71  71  68  66  69  71  70  69  68  70  73  76  79  84
  85  85  91  92  92  91  88  87  86  87  84  84  84  84  85  86  83  80
  78  77  75  74  74  74  74  73  74  74  74  72  70  68  66  66  66  66
  70  75  74  73  74  74  73  69  70  68  66  68  69  68  62  89 150 182
 173 170 173 170 171 171 171 171 172 173 171 169 169 168 167 167 168 169
 168 168 167 163 162 164 164 161 160 162 162 161 161 161 162 162 162 161
 163 162 162 162 161 161 161 162 161 161 161 162 161 158 157 158 158 159
 159 159 159 160 160 159 159 157 155 155 157 159 158 157 154 155 156 158
 158 157 155 153 154 152 151 151 151 152 152 152 152 152 152 153 152 151
 154  29]"
"[ 30  29 180 180 179 179 181 181 181 180 179 179 179 179 180 181 180 180
 180 180 180 180 180 180 141 113 115 109 100  96  90  88  80  75  75  77
  74  73  74  72  73  74  70  67  70  72  71  70  71  72  73  75  81  87
  89  89  89  90  90  91  90  89  88  87  85  85  84  83  83  84  83  81
  79  78  76  75  74  74  73  71  71  70  70  70  70  69  68  67  67  69
  71  72  70  71  74  74  72  67  65  65  68  71  67  64  92 151 182 174
 168 170 170 171 169 169 170 171 171 171 169 167 167 167 166 167 167 167
 167 166 167 165 163 163 162 161 161 161 160 160 161 161 160 160 160 160
 160 161 162 163 162 161 160 159 160 160 160 161 160 158 157 157 158 159
 159 159 159 160 160 159 158 156 155 155 156 157 157 156 153 154 155 156
 156 155 153 152 151 150 148 148 148 150 150 150 150 151 151 151 151 150
 153  29]"
"[ 29  29 181 180 179 179 181 182 181 179 178 179 179 179 179 180 178 179
 180 180 179 179 179 180 149 114 112 105  96  96  91  90  80  76  77  79
  75  71  71  72  73  75  72  69  71  72  71  70  75  74  74  77  84  91
  93  92  90  91  92  93  94  93  90  88  86  87  87  85  84  85  84  83
  80  78  76  75  75  75  72  70  66  65  63  65  67  69  69  69  67  69
  71  69  67  70  73  73  72  72  70  67  66  61  70 100 155 178 176 168
 171 170 171 171 169 168 169 170 170 168 166 166 166 165 166 166 166 166
 164 163 164 165 164 161 160 161 162 160 159 160 160 160 159 158 158 159
 158 159 160 161 161 160 158 157 159 158 159 159 159 157 156 156 158 158
 158 158 159 159 159 158 157 156 154 154 155 155 155 155 154 154 154 154
 153 152 152 151 148 147 146 145 147 148 149 149 148 149 149 149 149 148
 152  29]"
"[ 29  29 180 179 179 179 181 181 182 180 179 179 179 179 178 179 178 179
 180 180 180 180 180 181 154 119 113 105  96  99  94  89  83  81  80  79
  75  71  70  71  73  73  72  72  73  72  71  73  78  78  79  82  88  94
  95  93  94  94  95  95  95  94  91  89  88  90  90  88  85  84  83  82
  79  78  75  74  74  73  71  68  66  64  61  61  64  67  68  68  66  68
  71  70  68  69  71  71  68  71  72  68  64  72 106 152 180 173 167 167
 166 168 174 171 171 168 167 169 169 166 164 164 165 165 165 165 166 165
 163 162 162 164 164 161 159 161 162 161 159 160 160 159 158 158 158 159
 158 158 158 159 158 158 157 157 156 156 157 158 159 158 156 155 156 156
 157 157 157 158 157 156 156 155 154 154 154 154 154 154 155 155 154 153
 152 150 149 149 147 146 146 147 148 149 149 148 147 148 148 147 146 147
 152  29]"
"[ 29  28 179 179 180 180 181 180 182 180 179 179 179 179 179 180 179 180
 180 180 180 180 181 182 160 126 115 111 102 103  96  90  87  85  80  76
  74  72  71  71  73  72  71  75  76  72  72  77  81  82  83  86  91  95
  97  95  95  95  95  95  93  91  89  89  89  90  89  85  83  81  80  79
  79  77  74  73  72  71  68  65  68  66  64  63  64  64  65  64  64  66
  70  73  71  69  69  69  68  72  76  69  75 113 156 179 172 169 170 168
 167 168 167 172 172 167 165 166 166 165 164 164 165 165 165 165 164 164
 163 162 162 163 163 162 161 160 160 161 159 159 158 158 159 159 159 158
 157 157 157 157 157 156 156 156 154 155 156 157 158 158 156 155 154 154
 155 155 155 156 156 155 156 155 154 154 153 153 154 154 153 153 153 152
 150 149 147 146 146 147 148 149 150 150 149 148 148 148 148 147 146 146
 151  29]"
"[ 30  29 180 180 181 181 181 179 180 179 179 179 179 179 179 180 180 180
 180 179 179 179 180 181 165 128 109 112 107 103  96  93  89  86  79  74
  74  74  73  73  74  71  71  75  76  73  73  79  81  82  84  86  90  95
  97  96  94  95  95  93  90  88  87  88  90  89  86  82  81  80  80  78
  79  77  74  71  70  69  67  65  64  64  65  65  65  65  64  63  65  65
  70  75  73  70  69  68  72  75  69  73 112 159 176 180 173 166 167 167
 170 170 164 170 169 166 163 163 164 164 163 164 164 164 164 163 163 163
 162 162 162 161 161 161 160 157 157 159 159 158 157 157 158 159 159 158
 157 157 158 158 158 156 155 154 153 154 156 157 157 158 157 156 154 154
 154 154 154 155 154 154 155 154 154 153 153 154 154 154 152 152 152 152
 151 150 148 146 146 147 149 151 150 149 148 147 148 148 148 148 147 147
 152  29]"
"[ 30  29 181 181 181 180 180 179 179 179 180 180 180 179 180 181 180 180
 179 179 178 178 179 179 173 136 103 108 107 101  97  94  91  88  79  75
  76  75  73  75  76  74  72  72  74  73  75  80  80  82  84  87  91  95
  96  95  92  93  93  91  88  86  86  86  88  86  83  81  81  81  80  77
  76  74  71  68  67  67  66  65  61  62  62  64  65  65  65  65  65  65
  68  71  71  71  70  67  68  68  74 106 158 182 174 172 170 170 171 167
 163 167 169 166 166 165 164 163 163 163 162 162 162 162 162 162 162 161
 161 161 161 160 160 160 158 156 156 157 158 158 157 157 157 158 158 158
 157 158 159 159 158 157 155 153 154 156 156 156 156 157 157 157 156 156
 155 154 154 154 154 153 154 154 153 153 153 154 154 154 152 152 151 151
 152 151 149 147 146 148 150 150 148 147 147 147 147 148 149 150 150 150
 153  29]"
"[ 29  29 182 182 181 179 180 179 180 181 183 183 182 181 181 182 180 180
 180 180 180 180 180 180 186 149 106 105 106 102  99  93  95  89  81  77
  78  74  72  76  78  77  74  71  73  75  77  81  80  82  86  90  95  98
  96  93  91  91  91  90  87  85  84  83  83  81  79  79  81  81  78  73
  71  70  66  64  63  64  64  63  65  63  62  62  63  65  65  65  64  64
  66  67  68  71  71  68  62  71 119 168 179 173 169 170 170 172 169 171
 169 164 166 164 165 166 167 165 162 162 161 160 161 161 161 161 161 160
 160 160 161 161 160 159 158 157 157 158 158 158 158 158 157 157 158 159
 159 159 159 159 158 157 155 154 156 157 157 155 155 156 158 158 158 158
 156 154 154 154 154 153 154 153 152 153 154 154 154 154 152 151 150 150
 151 150 148 146 147 149 150 149 147 146 146 147 146 148 150 152 153 152
 154  29]"
"[ 29  30 181 180 181 179 178 178 180 180 181 182 183 183 183 183 181 181
 180 180 180 181 180 179 181 163 117 106 105 100  99  96  91  87  82  78
  75  74  75  75  77  76  74  73  71  72  75  77  80  83  88  92  95  97
  96  93  88  88  91  91  88  85  83  82  80  79  80  81  80  78  75  74
  74  70  67  65  63  64  65  65  66  64  61  62  64  63  62  64  66  67
  66  71  69  71  74  63  73 119 165 180 175 171 171 171 172 171 169 168
 167 166 166 165 166 164 163 164 164 162 161 161 161 161 161 160 160 160
 160 159 159 159 159 159 159 159 158 156 157 157 157 157 158 158 157 156
 157 157 157 157 157 157 156 156 153 154 154 154 154 156 158 159 158 157
 155 153 153 155 157 157 156 154 153 152 152 153 154 154 152 152 151 151
 151 151 151 151 150 150 150 151 151 151 149 148 151 151 155 156 157 159
 164  28]"
"[ 29  29 179 179 180 179 180 181 180 180 180 181 182 182 183 184 181 182
 182 182 181 180 179 178 180 168 122 107 106 103  96  92  90  86  81  77
  76  76  76  76  79  78  76  74  72  73  75  77  83  86  90  93  96  97
  96  93  89  88  89  89  85  82  81  79  77  77  79  79  78  76  74  74
  74  69  66  66  65  65  66  64  64  64  64  64  64  62  62  65  64  70
  74  68  74  73  65  89 127 164 180 171 171 173 170 170 170 169 168 167
 167 167 167 166 165 164 163 164 164 162 162 162 162 162 162 160 159 159
 158 157 157 159 159 158 158 157 156 156 153 154 156 158 158 158 157 156
 156 156 156 157 157 158 158 157 155 155 155 155 155 156 157 158 157 156
 155 154 154 155 156 155 157 156 156 157 157 157 157 157 156 155 154 153
 152 152 152 153 152 152 152 153 153 153 153 152 156 157 160 161 163 164
 168  31]"
"[ 29  29 180 180 181 180 181 183 182 181 181 181 181 181 182 183 181 183
 184 182 181 180 179 179 180 175 130 106 105 105  98  94  90  86  80  77
  77  78  77  76  78  78  77  74  73  73  75  76  84  88  91  94  96  96
  94  92  89  87  87  86  83  80  78  76  75  76  78  79  78  76  75  75
  72  68  65  65  65  65  66  64  62  65  66  66  64  61  61  65  67  68
  70  73  78  69  81 132 165 178 176 168 170 172 170 173 170 170 169 168
 168 168 167 167 165 164 163 163 164 163 162 161 161 162 162 161 161 161
 160 159 157 159 160 159 157 157 157 157 156 157 159 160 159 158 158 158
 158 158 159 159 160 161 161 160 159 159 159 158 158 158 159 159 161 161
 160 159 160 160 159 158 158 158 158 158 158 158 158 158 158 156 155 154
 154 154 154 154 153 152 152 153 154 155 155 155 157 158 162 163 165 166
 169  30]"
"[ 28  30 182 182 182 181 180 181 184 183 181 181 181 181 181 181 181 182
 183 182 181 181 180 180 181 182 144 108 106 105 100  97  92  87  80  78
  79  79  78  77  76  77  76  73  73  74  76  77  86  89  92  94  96  96
  93  90  89  87  86  86  82  79  77  75  75  76  77  78  78  77  76  76
  71  67  64  63  62  63  64  64  61  65  67  66  65  62  61  65  69  68
  73  76  76  88 132 172 179 172 171 174 172 170 171 173 172 171 170 169
 168 167 166 165 166 165 164 164 165 164 163 162 162 163 164 163 163 163
 163 162 160 162 163 162 161 161 162 162 162 162 162 162 161 162 163 163
 163 163 163 163 163 163 163 162 162 163 162 161 161 161 161 160 162 162
 161 161 162 162 160 158 159 159 158 156 155 155 156 157 156 154 153 153
 153 154 154 154 152 152 152 152 153 154 155 155 155 156 160 161 164 165
 168  28]"
"[ 29  30 181 182 183 180 180 180 184 182 182 182 182 181 180 180 182 182
 181 181 181 182 183 183 184 189 164 120 113 106 103  98  94  88  82  79
  80  81  80  78  77  77  77  74  74  76  78  79  88  91  94  96  97  96
  93  89  89  87  87  86  82  79  77  74  74  75  75  75  76  76  75  73
  69  66  64  61  58  59  62  64  62  65  66  67  67  66  65  68  71  72
  78  70  89 131 165 178 175 171 172 173 170 170 172 171 171 170 170 169
 168 167 166 165 165 165 164 164 165 165 163 162 167 167 167 166 166 165
 165 164 165 166 166 166 166 166 166 166 164 163 162 162 164 165 167 167
 165 165 165 165 164 163 162 162 163 163 163 162 162 162 161 160 162 162
 161 161 162 162 160 159 159 159 157 155 154 154 155 155 154 153 152 152
 153 154 154 153 152 152 152 153 153 154 154 155 157 157 161 161 164 167
 169  28]"
"[ 29  29 180 180 181 180 180 181 182 181 181 182 183 182 181 181 184 182
 181 180 181 184 185 185 181 186 171 125 109 102 102  98  96  91  84  80
  81  82  81  80  79  80  79  76  75  78  80  81  88  91  94  95  95  95
  91  88  90  88  87  86  81  77  75  73  73  74  74  73  73  73  72  70
  67  65  64  60  56  56  60  63  63  65  66  68  71  72  71  72  73  73
  70  88 142 169 176 176 168 173 174 173 174 172 170 173 172 172 173 173
 172 172 171 171 173 173 173 173 173 173 173 171 170 170 170 169 169 169
 169 168 168 167 166 166 166 167 166 165 165 164 164 164 166 166 165 165
 164 164 164 164 163 162 162 161 162 162 162 162 162 162 161 160 161 162
 162 161 161 161 161 160 159 159 158 158 157 156 156 155 154 154 153 154
 154 154 154 153 152 152 152 153 153 153 154 155 160 160 162 162 166 168
 170  29]"
"[ 29  29 179 180 182 181 181 181 183 182 182 183 185 185 184 183 184 183
 181 180 180 182 184 185 185 187 177 137 110 106 108 107  99  93  86  82
  81  81  82  81  81  82  80  76  75  79  81  82  85  87  90  91  92  92
  90  87  88  86  86  84  79  75  74  72  72  74  74  72  69  69  68  67
  66  65  64  62  57  56  60  63  63  65  65  68  72  74  73  73  64  70
  90 136 184 183 182 181 180 181 182 184 184 178 173 177 177 178 178 178
 177 176 176 175 173 175 175 173 173 172 172 171 172 172 171 170 170 170
 171 170 167 167 165 164 165 165 164 163 165 166 166 166 166 164 163 161
 163 163 164 163 163 162 162 162 162 162 162 162 162 162 161 159 158 159
 160 159 159 159 159 159 159 159 158 158 158 157 157 157 155 155 154 154
 154 154 154 154 152 152 152 152 152 153 154 155 160 160 162 162 166 169
 171  28]"
"[ 29  29 180 182 184 183 181 180 185 184 184 185 186 186 186 185 183 183
 181 179 179 180 183 184 183 184 178 145 108 106 105 103 101  96  88  83
  81  81  81  81  80  81  80  75  75  78  81  81  82  84  87  88  90  91
  90  88  86  84  84  82  77  73  73  72  71  74  74  71  67  66  66  65
  65  64  65  63  58  57  60  63  61  63  64  67  72  73  72  71  72  94
 161 190 195 195 194 191 193 187 189 191 186 185 185 180 181 182 182 180
 178 176 175 174 176 178 178 175 174 173 172 171 174 173 171 169 168 168
 168 167 167 166 165 164 164 165 164 164 164 165 166 166 164 163 162 162
 162 163 163 163 162 162 162 162 162 162 162 162 162 162 160 159 158 160
 160 160 159 159 160 160 161 159 157 156 156 157 157 157 155 155 154 153
 153 153 154 154 153 153 153 152 152 153 155 157 160 160 162 162 167 170
 172  29]"
"[ 28  30 182 184 184 184 185 185 184 186 187 187 187 187 186 184 186 186
 184 183 182 181 182 185 185 185 182 159 105 108 103 105 103  93  85  84
  83  79  79  82  82  81  78  76  75  75  76  77  81  83  86  89  91  90
  88  86  84  82  82  82  80  76  74  74  73  72  72  70  66  65  66  64
  64  65  64  62  60  60  63  66  66  62  67  70  71  72  69  70  95 171
 195 194 193 191 191 193 190 189 188 188 188 188 186 185 185 183 180 179
 179 178 176 175 176 176 175 174 173 172 172 171 172 171 169 167 168 169
 169 167 163 162 163 165 165 164 164 165 165 167 167 166 166 165 165 165
 165 165 166 166 164 162 162 162 163 162 161 160 160 161 161 160 161 161
 162 161 159 160 161 159 160 159 157 156 157 158 158 159 157 157 155 153
 153 154 155 153 151 151 152 153 154 154 155 156 159 159 162 166 169 168
 172  28]"
"[ 30  30 183 185 185 186 186 185 185 187 189 189 187 186 184 183 180 183
 185 187 188 186 184 185 187 188 189 171 115 112 104 104  98  91  85  84
  83  79  78  79  81  81  79  76  75  78  80  79  82  81  83  88  89  87
  83  83  81  81  79  77  75  75  74  74  68  68  69  68  64  63  64  64
  65  66  66  63  61  60  62  63  63  63  68  66  73  73  73 103 165 193
 193 193 193 193 192 190 191 190 188 187 187 187 186 185 183 182 181 180
 179 178 177 176 176 175 175 174 173 172 172 171 173 173 171 170 170 171
 170 168 167 166 166 167 168 167 166 167 164 165 166 165 165 165 165 165
 165 165 165 165 163 161 161 161 161 162 161 161 161 162 162 161 161 161
 162 161 160 161 161 159 158 157 157 157 157 157 158 158 157 157 156 155
 154 155 155 154 152 152 152 153 153 154 155 156 158 158 161 164 167 168
 173  29]"
"[ 29  28 185 187 188 190 189 188 187 189 191 190 189 189 192 194 188 191
 192 194 196 196 196 198 192 192 196 184 124 113 103 100  96  92  88  86
  84  81  79  79  79  81  80  76  75  79  81  80  81  79  80  85  87  83
  80  80  79  80  78  74  72  74  74  71  65  66  68  65  60  59  60  60
  63  65  66  63  60  59  60  61  68  67  67  72  76  70 100 171 202 198
 191 194 193 195 195 191 191 189 188 187 187 187 185 183 182 182 182 181
 180 179 178 177 176 176 175 174 174 173 173 173 173 173 172 171 171 171
 170 168 168 166 166 167 168 168 167 166 165 165 165 165 165 166 166 165
 166 165 165 165 164 162 162 162 161 162 163 162 162 162 162 162 160 160
 161 161 160 161 162 159 157 157 158 159 159 159 158 158 158 158 158 157
 156 156 156 155 153 152 152 153 153 153 155 156 158 159 160 163 166 169
 173  29]"
"[ 30  30 194 195 197 200 199 199 200 202 203 200 197 197 200 204 208 208
 206 204 203 201 200 203 203 201 204 196 137 113 103 101  98  96  92  89
  86  83  81  79  78  80  80  77  77  79  80  79  81  80  81  85  86  83
  81  80  79  81  79  75  73  74  71  67  65  65  64  61  56  56  58  58
  60  62  63  61  59  58  59  61  64  70  67  64  70 114 178 198 198 193
 195 197 192 194 193 188 190 190 189 189 189 187 184 182 183 182 182 182
 181 180 179 179 176 176 176 176 175 175 174 173 172 172 172 171 171 170
 169 168 166 165 165 165 166 167 166 166 166 166 166 165 165 166 165 164
 165 165 165 166 165 164 163 163 163 164 164 163 162 162 162 162 160 160
 161 161 160 162 162 160 156 157 159 160 160 160 159 159 158 158 158 158
 157 156 156 156 153 152 152 152 153 153 155 157 159 160 162 163 166 170
 174  28]"
"[ 29  29 202 203 204 205 204 205 205 208 210 209 205 202 202 204 205 207
 207 208 210 208 207 208 205 202 204 199 147 110  97  99  98  98  95  90
  86  83  80  77  77  77  79  80  80  79  79  80  83  85  87  87  86  85
  83  81  80  79  78  77  74  71  68  66  64  61  59  56  53  55  58  58
  58  59  60  58  57  58  60  61  65  60  56  85 130 177 206 191 196 193
 197 195 193 195 193 188 192 191 190 190 189 187 185 183 184 183 181 181
 182 182 180 179 176 176 176 176 176 175 174 173 173 173 172 172 171 171
 170 169 167 167 167 167 167 167 167 167 167 166 165 164 164 165 164 163
 163 163 164 165 165 163 162 162 164 164 164 162 161 161 161 161 160 160
 161 161 160 162 162 159 154 156 158 160 159 159 158 158 157 157 156 156
 155 155 155 156 154 153 152 153 154 155 157 158 159 161 163 164 167 170
 174  28]"
"[ 28  29 205 207 206 207 205 207 203 206 208 209 207 205 205 207 209 210
 210 210 210 207 205 205 207 206 207 206 169 118 100 103  96  97  95  90
  86  82  78  74  76  75  78  82  83  82  81  83  85  88  90  88  86  85
  83  80  81  78  75  75  73  68  66  65  64  60  56  53  51  53  55  55
  55  56  56  55  55  56  58  59  62  59  78 129 184 204 198 197 196 193
 194 192 196 195 195 194 193 192 190 188 186 186 186 186 186 184 182 181
 182 182 181 179 178 177 177 178 178 177 175 173 174 173 172 172 172 171
 171 171 169 171 171 170 169 169 168 167 166 166 165 164 164 165 165 165
 164 163 164 165 165 163 161 161 163 163 162 161 160 161 161 161 162 162
 162 161 160 161 160 157 155 156 158 158 159 158 158 157 157 156 155 155
 155 155 156 157 155 154 153 154 156 157 159 160 159 160 163 165 167 169
 173  29]"
"[ 30  30 210 211 210 210 208 210 211 211 211 211 209 207 207 208 210 210
 208 208 209 209 209 211 206 205 206 209 189 127 103 106  96  95  92  88
  84  82  79  76  76  76  78  81  83  84  83  84  83  86  87  87  86  84
  81  78  81  78  75  74  72  68  65  64  63  60  56  52  50  51  52  51
  52  53  53  54  54  55  56  55  55  78 139 192 204 199 194 195 198 195
 195 194 196 191 194 194 192 192 190 188 186 185 186 186 186 185 184 183
 184 183 182 181 180 179 179 178 178 178 176 175 174 173 172 173 172 171
 171 172 171 172 172 171 171 170 169 167 166 166 166 165 164 165 166 166
 166 165 165 165 165 164 163 163 162 162 161 161 161 161 161 161 163 162
 162 162 161 161 160 157 158 158 158 158 159 159 158 158 157 155 155 156
 156 156 157 158 156 155 155 155 157 158 159 161 160 160 163 166 168 168
 172  29]"
"[ 29  27 210 210 209 210 207 210 210 210 211 212 211 207 203 202 210 210
 209 208 209 208 207 209 208 207 206 211 203 135 107 109  96  93  89  84
  82  81  80  80  78  79  79  79  82  84  84  82  81  82  83  86  86  84
  81  79  81  79  77  75  73  69  65  63  61  58  56  53  50  51  52  51
  51  52  53  54  55  56  55  54  79 144 191 203 200 195 197 199 199 196
 196 195 196 192 198 194 192 192 192 191 188 186 186 187 186 186 186 186
 185 185 184 183 181 180 178 178 178 177 176 175 174 173 173 174 173 172
 171 172 170 171 171 171 171 171 169 166 165 165 165 164 163 164 165 166
 167 165 165 165 165 165 165 165 162 162 162 162 162 162 162 161 163 162
 162 162 161 162 161 158 160 159 158 158 158 159 159 158 157 155 154 155
 157 157 157 159 157 156 155 156 157 158 159 160 162 162 164 167 168 167
 172  30]"
"[ 29  28 208 208 210 209 210 211 210 210 211 211 210 207 205 205 208 206
 202 206 209 208 208 206 209 206 208 210 205 148 108 103  92  89  86  89
  80  79  79  79  75  76  77  78  80  82  82  83  83  82  82  84  84  83
  82  82  82  79  76  74  72  68  63  60  59  57  58  57  54  53  53  52
  52  51  53  55  56  58  59  79 140 183 201 197 199 196 196 200 197 196
 195 195 195 194 194 194 190 191 191 189 188 187 186 185 187 188 187 185
 185 186 184 180 182 181 180 179 178 177 176 176 176 173 172 172 170 171
 173 172 171 171 171 170 171 171 171 170 167 169 167 166 165 164 165 167
 166 165 165 164 165 165 165 164 163 161 160 161 163 162 162 162 161 162
 162 161 161 161 159 157 160 159 159 159 160 160 159 158 158 158 157 157
 157 158 158 158 157 156 155 157 159 161 160 159 161 162 163 166 168 171
 177  29]"
"[ 29  28 208 208 210 209 211 212 211 211 211 212 211 209 208 208 209 207
 203 203 205 205 209 210 210 210 209 210 211 174 123 106  86  86  81  84
  80  78  77  77  75  76  78  79  80  82  83  83  82  81  82  83  84  83
  81  80  83  79  74  72  71  69  67  66  64  62  61  61  58  55  53  51
  55  55  57  56  56  64  74 101 166 193 201 196 197 196 197 198 197 196
 195 196 196 195 194 194 193 193 192 191 190 189 187 187 187 188 187 186
 186 187 185 183 183 182 180 179 178 178 177 177 176 175 175 174 172 172
 172 171 171 171 171 171 171 171 170 169 168 169 168 167 167 166 165 167
 167 166 166 166 166 165 164 164 162 160 159 161 162 162 162 162 160 161
 161 161 161 161 159 158 159 159 159 160 159 158 158 159 159 158 157 157
 157 158 158 158 158 157 157 158 160 161 161 161 162 163 164 167 169 172
 178  29]"
"[ 29  29 209 209 210 210 212 214 212 211 211 211 211 210 210 210 213 209
 201 202 206 208 211 210 209 212 209 209 213 197 132  93  89  91  82  81
  80  77  75  76  77  78  79  80  81  82  83  83  81  80  80  81  82  82
  81  80  82  78  74  71  71  70  69  68  68  65  64  64  61  58  54  50
  51  54  58  59  59  67  79 104 167 188 194 195 197 197 199 196 197 196
 196 196 196 195 194 194 194 192 190 190 190 188 187 187 188 188 188 188
 188 187 186 186 185 183 180 179 179 179 178 178 175 175 177 178 175 173
 173 171 171 171 171 171 171 171 169 167 168 169 168 167 167 166 165 166
 166 166 166 167 166 166 164 163 164 162 161 161 162 162 161 161 160 161
 161 161 161 161 160 158 159 160 161 161 159 158 158 160 159 158 157 156
 157 157 158 158 158 158 158 159 160 160 161 162 162 165 166 167 168 172
 178  29]"
"[ 29  29 209 210 211 210 212 213 213 212 211 211 211 210 209 209 213 210
 204 205 209 211 211 208 208 211 209 208 209 206 150  94  90  94  85  80
  79  77  78  79  80  81  82  83  85  86  85  83  82  80  78  77  78  80
  81  81  79  77  74  73  72  70  67  65  67  65  65  65  63  61  58  54
  53  57  62  67  69  74  79  93 157 187 195 198 200 199 198 196 196 195
 195 195 195 195 195 195 194 191 190 191 191 188 188 189 189 188 189 190
 189 186 185 186 185 183 180 179 179 180 179 177 174 175 177 178 175 174
 174 172 171 171 171 170 171 171 169 167 169 169 167 166 167 166 165 166
 166 166 166 167 166 166 165 164 166 164 163 162 162 162 162 162 163 163
 162 161 161 160 159 158 160 160 162 162 160 158 159 160 159 158 157 157
 157 157 158 158 158 158 158 159 159 160 161 161 162 166 168 169 170 173
 178  28]"
"[ 29  29 211 211 212 210 211 212 213 212 211 211 211 210 208 208 209 211
 209 210 210 209 211 210 210 210 208 208 207 210 183 128  94  94  90  83
  81  79  79  80  81  82  83  85  89  91  89  85  84  82  79  77  78  79
  80  79  75  74  73  73  72  69  65  62  65  64  66  67  65  63  63  61
  59  60  63  69  71  77  79  86 146 190 195 195 200 200 198 200 195 194
 194 195 195 195 195 195 195 193 193 195 194 191 191 193 191 189 190 192
 191 187 185 186 185 183 180 179 180 180 178 177 174 174 176 177 174 173
 174 173 172 171 171 170 171 171 170 169 171 170 167 166 167 167 166 167
 167 167 167 167 166 166 166 166 164 163 162 162 162 163 163 163 164 163
 162 161 160 160 160 160 161 161 161 161 161 159 159 160 159 158 157 157
 158 158 158 158 158 158 158 158 160 161 161 161 162 166 169 171 172 175
 179  29]"
"[ 29  30 211 212 213 211 211 211 211 210 211 211 211 210 209 208 210 212
 210 211 211 210 212 211 211 209 210 211 208 210 204 163 106  89  88  84
  82  80  77  77  79  80  81  84  89  92  90  85  84  83  81  79  79  79
  77  74  71  70  69  70  69  67  65  63  64  63  65  67  65  64  65  65
  59  62  64  68  67  73  76  81 129 183 191 192 198 200 198 201 196 195
 194 195 196 195 195 196 195 195 195 196 195 193 193 195 191 190 191 192
 192 188 186 187 186 183 181 180 181 180 179 177 177 176 177 177 175 174
 175 174 172 172 172 171 171 171 171 170 171 171 168 166 167 167 167 168
 169 169 168 168 167 167 167 167 165 164 163 162 162 162 162 161 162 162
 162 161 160 161 162 162 162 162 161 161 161 160 159 159 158 157 157 157
 158 158 158 158 158 158 158 158 160 161 161 161 162 164 167 171 173 175
 179  29]"
"[ 29  29 211 211 213 211 211 211 209 209 210 211 211 210 210 210 212 212
 209 210 212 213 214 210 210 210 211 211 210 209 208 188 136  91  84  82
  80  79  75  76  76  78  80  82  86  90  89  85  84  83  82  80  79  79
  75  71  70  68  67  67  67  66  65  64  63  62  64  66  64  63  64  64
  63  66  67  70  68  73  79  82 114 174 190 196 198 200 199 199 198 197
 196 197 197 196 196 196 195 195 195 195 194 194 194 194 192 191 190 191
 191 189 187 187 187 185 182 181 181 181 180 179 179 178 179 179 177 176
 176 174 173 174 174 173 172 172 172 171 171 171 169 168 169 168 167 168
 170 170 169 168 167 167 167 168 168 168 166 164 163 163 162 160 161 162
 162 162 162 163 164 165 164 163 163 163 162 161 160 160 157 157 157 158
 159 159 159 158 158 159 159 159 160 161 162 162 164 164 166 171 173 174
 178  29]"
"[ 29  29 210 211 212 211 211 211 210 210 211 212 212 211 212 213 210 212
 210 210 210 211 213 210 212 211 210 209 211 213 211 208 182 112  93  87
  81  79  74  76  75  78  80  81  84  88  88  85  83  82  80  78  77  78
  75  71  70  68  66  66  65  64  64  63  62  62  64  65  64  63  63  63
  66  68  67  69  68  77  84  87 100 163 187 198 195 197 201 202 201 199
 198 198 198 197 197 197 197 197 195 194 194 195 195 194 193 191 190 190
 189 189 187 186 189 186 183 182 182 182 181 180 179 178 179 180 178 176
 175 173 174 175 176 174 173 172 172 171 171 172 171 171 171 170 168 169
 168 169 168 168 167 167 167 168 169 170 169 166 166 166 165 163 161 163
 164 164 164 165 166 166 165 165 165 165 163 161 161 161 159 159 159 160
 161 161 161 160 159 160 161 162 161 162 163 164 168 166 167 172 174 174
 178  30]"
"[ 28  29 210 209 210 213 214 210 211 211 212 213 213 215 215 211 210 211
 210 210 211 210 210 212 210 209 209 210 210 210 211 212 199 144 103  89
  80  74  72  75  76  77  79  80  82  87  88  83  81  79  79  78  75  74
  72  68  63  66  67  64  63  64  64  63  61  62  64  65  64  63  63  63
  65  71  73  70  73  81  86  85  94 143 188 193 195 198 200 199 200 200
 200 199 199 199 198 197 197 196 195 194 195 195 195 194 193 192 191 190
 189 189 188 188 188 188 187 184 182 182 181 179 178 179 180 180 179 177
 176 175 175 175 176 176 175 174 173 172 171 171 171 171 169 169 170 167
 168 169 170 169 168 168 170 171 170 169 168 167 167 167 166 164 165 165
 165 165 165 165 165 165 164 163 163 162 162 162 161 161 160 160 160 161
 161 160 160 161 158 160 162 162 162 162 164 166 167 169 171 171 171 174
 178  29]"
"[ 29  29 210 210 211 213 214 211 211 210 211 212 212 214 215 213 212 212
 211 211 212 212 211 212 214 213 212 211 210 209 209 210 210 176 117 106
  90  75  73  74  74  75  76  79  83  88  89  84  81  76  74  74  74  73
  68  62  62  65  65  62  61  62  61  58  59  61  63  65  65  65  64  64
  66  71  73  72  73  79  82  82  91 131 182 196 195 193 196 200 200 200
 200 199 199 199 199 198 197 196 195 195 195 196 195 194 194 193 192 191
 190 190 189 189 189 190 189 187 185 184 181 177 180 180 181 182 181 179
 178 177 177 177 177 177 176 175 174 173 171 171 172 172 171 171 171 169
 168 169 169 170 170 171 171 171 168 168 168 167 168 168 167 165 164 164
 164 164 164 165 165 165 162 162 162 162 162 162 161 160 159 159 159 160
 161 161 161 161 159 161 162 163 163 163 165 166 170 170 172 171 172 176
 178  29]"
"[ 30  29 210 211 212 212 213 212 211 211 211 211 211 213 215 214 212 211
 210 211 212 211 210 210 214 213 212 212 211 209 209 209 212 197 145 103
  94  81  75  73  73  72  73  76  81  87  87  82  79  74  71  73  73  71
  66  62  63  64  63  61  61  62  60  56  58  60  63  65  67  67  66  66
  67  70  72  72  73  77  80  80  90 116 170 195 197 197 199 201 201 200
 200 199 199 200 200 199 198 197 196 196 196 196 195 194 194 194 193 192
 192 191 190 190 189 190 189 189 189 188 185 181 182 182 183 183 183 181
 180 178 179 179 178 178 177 176 175 174 171 171 173 173 172 172 171 169
 169 169 169 169 170 171 171 169 167 168 168 168 169 169 168 166 164 164
 164 164 164 165 165 165 162 162 163 163 164 163 161 160 159 158 158 159
 160 160 160 160 160 161 162 162 163 164 165 166 171 171 172 171 173 177
 179  29]"
"[ 29  28 210 212 213 211 212 212 214 213 213 213 211 212 214 214 214 213
 213 214 212 211 211 211 213 212 212 212 211 209 208 208 207 205 170 107
  96  90  81  76  74  71  71  73  77  82  83  80  75  72  73  74  72  69
  68  67  64  63  62  61  63  64  63  59  59  60  63  65  67  67  67  66
  68  69  70  71  72  76  80  83  87 103 157 189 193 198 199 198 200 200
 200 200 200 200 200 199 200 199 197 196 196 196 195 195 195 194 194 193
 193 192 191 190 190 190 189 188 188 189 188 186 185 184 184 183 183 182
 180 179 179 179 179 179 179 178 176 176 173 173 174 174 172 171 170 168
 170 170 169 169 169 170 169 167 168 168 168 168 169 169 168 167 166 166
 165 165 165 165 164 164 163 163 163 164 164 163 161 160 160 158 158 159
 160 159 159 159 161 161 161 162 163 164 165 165 170 170 171 171 173 177
 180  29]"
"[ 29  28 211 214 214 212 212 212 214 214 214 214 212 212 213 213 214 213
 215 215 211 210 212 211 213 213 213 213 212 209 207 206 207 213 185 135
 104  97  87  79  77  74  73  74  75  78  80  79  74  72  73  74  71  68
  68  69  65  63  60  60  63  65  65  63  60  61  63  64  65  65  65  65
  69  69  70  72  74  77  82  87  90 101 152 192 196 199 201 202 200 200
 200 200 201 201 200 199 199 198 197 196 196 196 196 196 196 195 194 194
 194 193 192 191 191 191 191 189 187 187 187 187 187 186 184 183 182 181
 180 179 179 179 179 180 179 178 177 176 177 176 176 175 172 172 171 169
 172 172 171 169 169 169 169 168 168 168 168 168 168 168 168 167 166 166
 166 165 165 164 164 164 164 164 163 163 162 161 160 159 159 158 157 158
 159 159 159 159 161 161 161 162 163 164 165 165 168 169 172 173 174 177
 179  29]"
"[ 29  29 212 215 215 213 214 214 214 213 214 215 213 212 213 213 214 212
 215 215 210 210 213 213 212 212 213 213 212 211 209 209 209 210 201 148
 105 101  91  83  81  78  77  76  75  77  79  80  78  74  73  73  71  68
  68  66  66  63  59  59  61  65  66  65  63  63  64  65  65  65  66  66
  70  71  73  76  77  79  83  87  89  91 133 185 199 198 198 201 200 201
 201 201 202 202 200 199 197 197 196 196 196 197 198 198 197 196 195 195
 194 194 193 192 190 191 191 190 188 187 187 188 188 187 185 184 182 181
 180 180 180 180 179 179 179 178 177 175 177 176 176 174 172 172 172 171
 171 172 171 170 168 169 169 170 168 167 167 167 167 167 167 167 166 166
 166 166 165 166 166 166 165 165 164 163 162 161 160 159 158 157 157 158
 159 160 160 160 162 162 162 162 164 165 166 167 169 170 173 174 175 177
 179  29]"
"[ 29  30 212 215 214 214 216 216 214 212 213 215 213 213 214 213 215 212
 215 216 213 214 217 216 212 211 211 212 212 211 211 212 208 205 212 158
 113 107  97  89  86  82  80  80  78  78  80  80  79  76  73  71  69  68
  67  64  66  62  59  58  60  63  64  65  65  65  65  65  65  67  68  70
  72  73  75  76  77  79  82  85  91  89 117 175 200 202 201 202 201 202
 202 202 202 202 201 199 198 198 198 198 198 199 199 199 198 198 196 196
 195 195 194 194 191 191 191 191 190 189 188 189 188 188 187 185 184 182
 181 181 181 180 179 179 179 179 178 177 176 175 175 174 172 173 174 172
 171 172 171 170 169 170 170 170 169 168 168 169 168 167 166 167 167 167
 166 166 166 166 166 166 166 165 164 163 162 162 161 160 158 157 157 158
 159 160 161 162 162 162 162 162 164 165 167 168 170 170 173 174 175 178
 180  29]"
"[ 29  30 213 214 213 214 216 216 215 212 213 215 214 213 214 214 213 209
 211 213 211 213 217 214 214 213 211 211 211 210 211 211 208 212 211 186
 131 114 105  97  89  84  82  82  80  79  80  80  77  75  73  70  67  66
  66  64  64  61  57  56  58  60  63  64  64  65  65  65  65  67  70  73
  74  74  74  74  75  77  81  84  90  92 112 165 193 199 201 201 202 202
 202 202 202 202 201 200 200 200 201 201 201 200 200 199 200 199 197 196
 196 195 195 194 195 194 192 191 190 189 188 188 187 188 188 187 185 183
 182 182 181 180 178 178 179 179 179 179 176 175 175 175 173 174 175 174
 173 173 173 172 171 172 171 170 171 170 170 171 169 167 166 166 167 167
 166 165 165 165 165 165 165 164 163 163 162 161 160 159 158 157 158 158
 159 159 161 162 161 161 161 162 163 165 167 168 170 170 171 172 175 179
 181  29]"
"[ 29  28 214 215 214 213 213 215 214 215 214 213 212 212 213 214 214 215
 216 216 215 215 215 214 214 213 212 210 210 211 212 213 209 211 207 201
 146 117 105 100  90  90  87  83  82  82  80  76  80  77  74  73  72  71
  69  67  66  63  60  58  58  58  59  59  61  66  65  64  68  71  72  74
  72  75  75  74  74  76  80  85  88  98 105 142 185 191 201 202 202 202
 201 202 202 202 202 202 201 201 201 201 202 202 200 199 197 197 197 196
 195 195 195 195 195 194 193 193 193 192 190 188 190 188 187 187 185 183
 182 182 181 182 181 179 179 179 178 179 176 175 175 175 176 176 174 173
 173 174 174 173 172 171 172 173 171 171 170 169 167 167 167 168 166 166
 165 165 165 166 166 165 165 165 164 163 162 161 159 158 154 156 158 159
 159 158 159 160 160 162 162 160 161 165 168 168 171 171 171 175 178 179
 181  29]"
"[ 29  29 215 216 215 214 214 215 215 215 215 215 214 214 214 214 215 215
 214 214 214 215 216 216 213 214 214 214 215 214 214 213 213 210 203 210
 171 117 105 102  97  91  84  82  83  84  82  79  81  79  77  76  74  71
  69  68  65  64  63  63  62  60  59  58  59  62  60  61  67  71  71  73
  73  75  75  74  76  77  80  84  91  96  95 124 175 185 202 199 201 201
 201 202 202 203 203 202 202 202 202 201 201 201 200 199 199 198 197 196
 196 195 195 195 194 193 193 193 193 193 191 190 190 188 187 186 185 183
 182 182 182 183 182 180 181 180 179 179 178 177 177 177 176 176 175 174
 174 173 173 172 172 172 172 172 169 169 169 169 168 168 168 169 166 166
 166 165 165 165 165 164 163 162 162 161 161 160 159 158 155 156 157 158
 159 159 160 160 161 162 161 159 160 165 169 171 171 171 171 175 178 179
 181  28]"
"[ 29  29 215 216 216 215 213 213 214 215 216 216 216 215 214 214 215 214
 213 213 214 215 216 216 213 214 214 216 216 216 214 213 213 207 209 209
 191 134 108 108 103  93  85  85  86  85  84  83  81  81  81  79  76  72
  70  71  68  68  68  67  65  63  61  60  61  61  61  65  71  74  73  73
  75  77  77  77  80  81  82  85  90  93  90 107 165 184 207 203 201 201
 201 202 202 203 202 201 203 203 202 201 200 200 200 200 200 198 196 195
 196 196 196 195 194 194 193 193 194 193 192 191 191 189 187 187 186 184
 183 183 183 184 183 182 182 181 179 179 179 179 179 178 176 175 175 175
 173 172 171 171 171 171 171 170 168 167 168 170 170 168 167 169 168 168
 168 166 165 165 165 164 163 162 161 161 162 162 161 160 158 158 157 158
 160 161 160 160 160 161 161 160 161 165 169 171 171 171 171 175 178 179
 181  28]"
"[ 29  29 214 216 216 216 213 212 214 214 215 215 215 215 214 214 215 214
 214 214 215 214 214 214 215 214 213 214 214 215 215 214 213 209 212 205
 200 148 111 111 102  96  90  88  88  86  85  85  80  81  82  80  75  72
  71  73  72  72  70  68  65  63  64  65  65  65  67  72  76  76  75  76
  78  79  80  81  83  83  83  86  92  96  97 101 150 179 198 198 201 201
 201 202 202 202 201 200 203 203 203 201 200 200 201 201 200 198 196 195
 196 197 197 197 195 195 194 194 194 194 193 192 193 190 188 188 187 185
 184 184 184 185 184 182 182 181 179 179 179 179 179 178 177 175 175 174
 172 171 170 170 171 171 170 169 168 167 168 171 171 168 166 168 168 169
 169 167 166 165 165 164 164 163 162 161 162 162 161 160 160 159 159 159
 160 160 160 159 159 160 162 162 163 166 168 170 171 171 171 175 177 178
 181  28]"
"[ 29  29 215 216 217 217 215 213 215 215 215 215 215 215 215 215 215 215
 215 215 215 213 213 214 217 215 214 213 214 215 215 215 215 214 206 210
 208 153 113 108 101  97  92  88  87  87  85  83  81  82  82  79  74  71
  72  75  74  73  70  66  63  62  65  67  68  68  71  75  75  74  76  78
  79  80  80  81  82  81  82  86  93  98 103 100 138 180 191 196 201 201
 201 202 202 202 201 200 203 203 203 201 200 201 201 202 200 199 198 197
 196 197 198 198 196 195 195 194 194 194 194 193 193 190 188 188 188 186
 185 185 186 186 184 182 181 181 179 179 179 178 178 178 178 177 175 173
 172 172 172 172 171 171 171 171 169 168 169 172 172 168 166 167 167 168
 168 167 165 164 164 163 163 162 160 160 159 159 158 157 159 159 159 159
 159 159 158 158 159 161 162 162 163 165 167 168 172 171 171 174 177 178
 179  29]"
"[ 28  29 214 216 217 217 216 214 216 216 216 216 216 216 216 217 217 216
 215 215 215 214 215 217 217 216 215 215 215 215 215 214 215 214 211 215
 213 173 122 109 104 100  92  86  87  90  88  82  83  83  81  77  72  70
  72  75  74  73  71  67  64  63  66  68  69  68  70  73  71  72  77  81
  80  81  80  81  82  81  82  86  90  93 100  98 128 183 194 202 201 201
 201 202 202 202 202 201 203 203 203 202 201 202 202 202 199 199 198 197
 196 196 197 197 196 196 195 195 194 194 195 195 192 189 187 188 188 187
 187 187 187 188 185 182 182 181 180 180 179 178 178 179 179 178 176 174
 173 173 173 172 172 171 171 171 169 168 169 171 172 169 167 168 167 168
 168 167 166 165 165 164 164 162 161 159 158 158 157 157 158 159 160 159
 159 159 159 159 161 161 162 162 162 164 166 168 171 171 171 174 177 178
 179  29]"
"[ 28  29 214 216 216 218 217 215 217 218 218 217 217 217 218 218 219 217
 216 217 218 217 217 217 216 216 217 217 217 216 215 215 214 213 217 213
 213 200 141 114 106 102  95  89  90  92  89  84  84  82  79  75  71  70
  71  74  73  73  71  68  65  65  67  69  68  67  70  73  72  75  81  82
  84  82  81  82  84  83  84  88  88  92  95  94 115 171 191 199 201 201
 201 202 203 203 203 202 203 203 203 203 203 203 202 201 200 199 198 197
 197 197 197 197 197 197 196 195 195 194 195 195 192 189 187 188 188 188
 187 187 187 188 186 183 183 181 180 180 179 179 179 179 179 178 176 175
 173 173 172 172 172 172 170 170 169 169 169 170 170 169 168 167 167 167
 167 167 167 167 166 165 164 164 162 161 159 159 159 159 159 159 159 159
 159 159 160 160 162 162 162 163 163 164 166 168 171 171 172 175 177 178
 179  29]"
"[ 29  30 215 217 217 219 219 217 218 218 219 218 217 217 218 219 220 217
 216 219 221 220 217 216 217 217 218 218 217 217 217 217 215 217 213 211
 214 208 160 118 105 103  98  93  91  91  89  86  82  80  76  73  70  69
  71  74  73  72  71  68  65  65  67  69  68  66  70  75  76  79  83  82
  86  84  81  83  86  86  86  90  89  96  96  95 109 161 191 197 203 202
 202 202 203 203 203 203 203 204 204 204 204 203 202 200 202 200 199 199
 199 200 199 198 198 198 197 196 195 194 194 194 194 191 188 188 189 188
 187 187 186 187 185 183 183 181 179 179 179 180 180 179 178 177 176 175
 175 173 172 172 173 173 171 169 169 169 169 169 169 169 168 167 166 166
 166 166 167 167 166 164 164 163 162 161 159 159 159 160 160 159 158 158
 158 158 159 159 160 161 163 164 165 164 165 166 170 171 173 176 178 179
 180  28]"
"[ 29  28 215 218 218 218 219 219 220 217 215 216 218 218 218 218 219 219
 217 218 220 219 217 216 216 216 218 219 219 218 219 220 220 217 216 213
 216 213 180 121 108 103 100  92  91  88  86  85  83  79  76  75  75  73
  71  71  73  74  72  69  67  68  68  67  67  66  67  71  77  79  82  86
  88  87  84  83  86  88  88  88  90  94  95 103 105 150 189 193 200 201
 202 202 203 203 203 203 203 203 203 203 202 202 202 202 201 200 199 200
 200 199 198 198 195 195 195 195 196 195 194 193 194 192 190 190 190 190
 189 189 187 187 186 185 182 181 181 181 180 180 180 179 178 177 176 175
 177 176 174 172 173 173 172 170 171 170 169 168 168 167 168 168 168 167
 166 165 165 165 167 169 166 164 162 162 162 162 161 161 159 158 157 158
 159 159 159 160 160 161 163 165 167 166 165 166 169 171 172 175 178 179
 179  29]"
"[ 30  29 215 219 218 218 219 218 221 219 217 218 219 218 218 218 218 219
 218 218 220 219 217 217 218 218 219 220 219 216 217 220 218 217 216 215
 217 216 189 130 112 107 101  97  95  88  87  89  87  83  80  79  77  75
  73  72  72  73  72  71  71  70  67  65  65  67  68  72  77  80  83  88
  88  89  86  85  88  90  91  92  95  97  99 106 103 133 179 190 200 202
 203 203 204 204 204 204 203 204 204 203 203 202 202 201 203 202 201 200
 199 199 199 199 196 196 196 196 196 195 194 194 193 192 191 192 192 190
 188 187 187 187 186 185 183 182 181 181 180 181 180 179 179 178 176 175
 177 176 175 174 175 175 173 171 171 169 168 168 170 170 169 169 166 167
 167 168 167 166 166 166 165 164 162 162 162 162 161 160 159 158 158 158
 159 159 160 161 161 162 161 163 165 165 166 168 170 172 173 176 179 178
 179  29]"
"[ 29  29 215 219 218 218 218 218 220 219 218 219 219 218 218 219 219 220
 219 218 219 219 219 220 220 219 220 221 218 215 216 220 217 217 216 216
 218 217 200 143 111 108 101  99  94  89  88  89  88  85  82  81  80  77
  75  74  73  72  73  73  73  71  67  64  65  68  70  74  78  80  84  90
  91  92  90  88  89  91  92  94  92  95  97 103 101 121 178 196 199 201
 203 203 203 203 204 203 203 203 203 203 202 202 200 200 201 203 203 201
 199 199 199 198 196 196 196 196 196 195 194 194 192 192 192 192 191 189
 187 186 187 187 187 186 185 183 182 182 180 181 180 180 179 178 176 174
 176 176 175 175 176 176 174 171 171 168 167 168 170 171 169 168 165 166
 167 168 167 166 165 165 164 163 162 162 162 162 160 159 158 157 157 158
 158 159 160 161 161 162 161 162 164 165 166 169 171 174 174 177 179 178
 179  29]"
"[ 29  28 215 218 218 219 219 219 217 218 219 219 219 219 219 220 221 222
 221 218 219 220 221 223 221 219 219 221 219 216 217 221 218 220 217 218
 217 217 208 157 109 108 104 100  94  94  93  90  87  85  83  82  81  79
  77  76  75  74  73  74  73  71  68  68  68  70  72  75  79  82  86  91
  94  96  93  89  89  90  90  92  90  94  96  99 100 111 170 188 199 201
 202 202 202 202 203 203 203 203 203 203 203 202 200 199 199 201 202 201
 200 200 199 196 197 196 196 195 195 195 195 194 194 193 192 191 189 187
 187 187 188 188 187 186 185 184 183 182 181 181 180 179 179 178 176 174
 175 175 175 175 175 175 173 171 171 169 168 168 170 170 168 166 166 167
 167 166 166 166 166 165 164 163 162 162 162 162 160 159 158 157 157 158
 159 159 160 160 161 162 162 163 165 165 166 168 172 175 175 177 178 177
 178  29]"
"[ 30  29 215 218 218 219 220 220 217 219 220 220 219 219 220 221 221 223
 222 220 220 221 221 222 222 219 218 220 219 218 219 221 221 222 218 219
 217 217 214 172 112 103 103 101  96  96  95  90  89  87  85  83  82  81
  79  78  75  75  76  76  74  71  70  71  71  73  73  75  79  84  88  93
  96  99  96  91  89  88  88  88  88  93  96 101 102 104 153 178 200 201
 203 202 202 203 203 204 203 203 203 203 204 203 202 201 200 201 201 199
 199 200 199 196 198 197 196 196 195 195 195 195 196 195 193 191 189 188
 188 189 188 187 186 185 184 183 182 181 182 181 180 178 178 178 176 174
 175 175 175 174 174 174 172 170 171 171 170 169 169 169 168 166 166 167
 166 165 165 166 166 166 163 163 162 162 163 162 160 159 158 157 158 159
 160 160 160 160 160 162 162 163 165 165 166 169 172 175 175 175 176 175
 178  29]"
"[ 30  29 215 218 217 218 219 218 219 221 222 221 219 218 219 219 219 222
 222 221 222 222 220 219 222 220 219 219 219 218 219 220 219 221 219 218
 217 217 217 186 127  99 102 103  99  96  94  92  90  88  87  85  83  80
  78  76  74  76  78  78  76  73  72  71  72  72  71  72  78  83  89  93
  97 100  98  93  90  90  89  88  90  91  95 103 105 105 144 187 199 201
 202 202 202 203 204 204 202 202 203 203 203 203 202 202 203 203 200 198
 198 200 199 198 199 198 197 196 196 196 196 196 196 195 194 193 191 189
 188 189 189 188 187 185 184 183 182 182 182 181 180 179 178 177 176 175
 175 175 175 174 174 173 172 170 170 171 171 169 168 169 168 167 164 165
 166 165 165 166 165 164 163 162 162 162 162 162 160 159 158 157 157 159
 159 160 160 160 160 161 161 161 163 165 167 170 172 174 174 174 175 175
 178  30]"
"[ 29  29 216 219 219 219 219 218 220 222 223 221 219 218 218 218 219 222
 221 219 222 223 221 219 222 222 220 219 218 218 218 218 218 219 219 218
 218 217 216 196 144 100 106 105 101  98  96  94  88  87  87  85  83  80
  77  75  74  76  78  78  77  75  74  71  71  71  70  70  75  81  87  92
  98 102 100  95  94  93  92  91  95  93  94 100 103 109 133 185 196 198
 200 201 202 203 203 203 201 201 202 202 202 202 202 202 204 203 201 199
 199 199 199 200 200 198 197 196 195 196 196 196 195 195 194 194 192 190
 189 189 189 189 187 187 186 185 184 183 182 182 181 180 179 178 177 175
 175 176 175 175 174 174 172 171 170 171 170 168 167 168 168 167 164 166
 166 165 165 166 165 163 163 162 161 162 162 162 160 159 158 157 156 157
 158 158 159 159 161 162 162 162 164 165 166 169 171 173 173 174 175 175
 178  29]"
"[ 29  29 217 222 221 221 221 219 218 221 222 221 219 218 219 218 221 222
 220 217 220 224 223 222 221 223 222 219 217 217 218 217 218 219 220 218
 219 217 215 201 151  99 106  99  97  97  95  90  85  86  86  85  84  81
  78  75  75  77  78  76  76  77  75  72  71  72  71  70  75  80  86  92
  99 103 102  98  96  96  95  93  91  90  90  95 101 112 120 171 193 196
 198 201 203 204 203 202 202 202 202 202 201 201 202 202 201 201 201 201
 200 199 199 200 199 198 196 195 194 195 195 195 195 194 193 192 191 189
 189 189 189 188 187 187 187 186 184 183 182 183 182 181 180 178 177 176
 175 175 175 175 175 174 172 171 171 172 171 168 168 169 168 166 167 168
 167 165 165 167 167 164 162 162 161 161 162 161 160 159 159 158 156 157
 157 158 159 160 161 163 164 165 166 165 165 167 171 173 172 173 175 175
 178  29]"
"[ 28  31 216 224 219 221 218 220 219 220 220 221 220 220 219 219 221 222
 222 221 220 220 222 224 222 219 218 220 220 220 220 219 219 221 219 218
 219 217 222 204 160 105 104 102 100  99  95  94  87  87  87  86  85  83
  80  78  77  76  75  76  76  78  74  68  70  75  73  71  76  79  82  90
  96 102 105 102  98  97  97  95  95  92  95  97  97 106 111 157 188 197
 196 200 202 201 199 203 200 201 201 202 201 200 201 202 201 201 201 200
 200 201 200 199 196 196 195 195 195 195 195 195 195 195 194 193 191 190
 190 190 189 188 188 188 187 185 184 184 185 183 183 182 180 178 179 178
 178 175 173 173 173 172 171 171 172 170 169 168 168 167 167 167 168 168
 167 165 165 167 166 164 161 161 161 160 160 160 160 160 159 158 157 157
 157 159 160 162 162 163 163 164 164 165 167 168 172 173 171 173 175 173
 176  30]"
"[ 31  25 217 217 222 220 222 218 217 219 221 220 218 218 220 222 222 222
 222 221 220 220 221 222 222 219 219 220 221 222 222 221 219 220 219 219
 218 218 222 211 167 113 109 105 100  98  95  93  91  89  86  84  82  80
  77  75  77  76  75  75  74  75  72  67  69  72  71  72  75  74  78  89
  97 102 106 104 100  98  96  95  95  92  93  95  97 105 109 148 186 200
 200 198 198 199 198 199 200 200 201 201 201 200 200 201 201 201 200 199
 199 200 199 198 198 196 195 195 195 195 194 194 196 195 196 195 193 191
 189 188 189 188 187 187 186 184 183 183 182 180 180 181 180 179 180 179
 178 176 174 174 173 172 171 171 171 170 169 168 167 167 166 166 167 168
 168 167 167 168 166 163 162 162 161 160 160 160 160 159 158 158 157 156
 157 157 158 159 160 160 161 162 163 165 166 167 168 171 173 174 170 175
 175  28]"
"[ 28  33 215 216 220 217 217 223 219 220 220 219 218 218 221 223 224 224
 224 223 221 220 221 221 221 219 219 221 222 223 224 223 222 221 220 220
 215 218 220 216 186 124 113 111 104  98  95  94  94  90  86  83  83  83
  81  79  79  78  78  76  74  74  73  69  70  71  72  74  75  72  77  90
  96 101 105 104 101 100  98  96  98  95  94  95  96 102 102 129 173 189
 193 198 200 201 199 201 200 200 200 201 200 200 200 201 202 202 201 200
 200 200 199 198 199 198 196 196 196 197 196 195 195 195 196 196 195 193
 191 190 189 188 187 187 186 184 183 182 183 181 181 182 180 180 180 179
 177 176 174 174 174 172 171 171 172 171 171 170 169 169 168 167 165 166
 166 166 166 166 164 161 163 163 162 161 161 162 161 160 158 158 158 158
 158 159 160 160 158 159 160 161 162 164 166 167 169 176 169 170 180 174
 175  27]"
"[ 29  29 213 220 221 215 224 217 222 220 218 217 218 219 221 221 223 224
 224 223 222 221 221 221 221 218 219 220 221 222 222 221 224 221 221 219
 213 218 216 219 194 130 111 109 102  98  99 100  93  90  86  83  82  80
  79  77  80  79  78  77  74  73  73  71  71  72  73  75  75  73  78  89
  96 101 104 104 102 100  99  97  95  94  94  96  98 103 102 119 164 190
 199 195 192 198 201 201 199 199 200 201 201 200 200 200 199 200 200 200
 200 199 198 197 198 196 195 195 196 196 195 194 193 193 193 194 194 194
 193 192 191 190 188 188 187 186 184 183 185 182 181 181 180 179 179 178
 178 176 175 174 174 173 172 171 171 170 169 168 168 167 166 166 166 167
 166 166 166 167 166 164 164 163 162 162 162 162 161 160 158 157 157 156
 156 157 158 158 158 159 160 161 162 164 166 167 166 171 172 173 171 171
 179  29]"
"[ 30  28 217 220 217 221 220 224 225 223 221 220 220 221 222 223 224 225
 225 225 225 225 225 225 223 221 221 222 222 222 223 222 221 218 218 218
 213 218 215 220 197 136 109 108 108 106  99  89  93  92  89  87  85  83
  81  81  79  78  78  76  73  73  74  73  74  74  74  75  75  76  81  87
  97 101 106 107 105 103 100  98  96  95  96  97  99 103 105 114 152 181
 195 199 198 201 199 197 198 198 199 201 201 200 199 198 199 200 201 201
 201 201 200 199 198 197 195 196 197 197 196 195 195 194 194 195 195 195
 194 194 191 189 188 187 187 186 184 183 185 181 180 180 179 180 181 180
 180 179 177 176 174 174 173 172 173 172 170 169 167 167 166 166 167 166
 166 166 166 166 165 164 163 162 161 160 160 160 159 158 158 157 156 155
 155 155 156 156 158 159 160 161 163 164 166 167 171 168 172 177 172 175
 168  30]"
"[ 30  30 213 220 222 220 220 218 222 222 222 221 219 219 221 224 223 223
 224 225 225 225 225 225 223 221 221 221 220 220 221 220 224 221 222 220
 219 221 217 221 203 148 116 112 104  96  95  96  92  92  91  88  85  82
  80  80  77  76  76  75  73  73  74  74  75  75  75  74  75  77  81  83
  93  98 104 107 107 105 102 100  97  96  96  96  95  99 103 108 138 174
 194 198 195 198 199 201 197 197 198 200 200 199 197 197 197 198 200 200
 200 200 199 198 198 197 195 195 196 196 195 194 194 194 194 195 194 192
 190 189 189 188 187 187 187 186 185 184 185 182 181 181 180 180 181 181
 180 180 177 175 173 173 172 172 173 172 171 169 167 166 166 166 167 167
 167 167 168 166 164 162 163 163 161 160 160 160 158 157 156 155 154 154
 155 156 158 159 159 160 161 162 163 165 167 168 168 170 171 167 171 171
 175  30]"
"[ 30  28 210 215 218 219 217 218 216 217 217 217 215 215 217 219 217 217
 218 218 218 219 219 219 218 217 217 217 216 216 217 216 216 215 216 214
 214 213 211 212 203 155 116 111 108 101  97  96  94  94  93  90  86  82
  80  80  77  75  75  75  74  75  75  75  76  75  75  75  75  77  79  79
  94  98 102 105 106 105 104 103  97  96  96  98  97  99 106 106 119 170
 197 197 192 198 199 195 197 197 197 198 199 198 197 197 194 196 197 197
 197 197 196 196 196 195 194 194 194 194 194 193 193 193 193 193 192 190
 189 189 186 185 185 185 184 184 184 184 183 180 181 181 179 179 179 179
 178 178 177 175 174 174 174 173 172 172 171 170 169 168 168 168 166 165
 165 166 167 165 163 162 161 161 161 160 159 159 158 157 153 153 153 153
 155 156 158 159 159 160 161 161 162 162 163 164 167 164 170 168 172 172
 167  27]"
"[29 29 28 31 27 29 29 29 29 29 29 29 29 29 29 28 29 29 29 29 29 29 29 29
 30 28 29 29 28 29 30 29 28 29 31 28 32 28 29 29 30 28 28 31 28 28 30 29
 28 29 29 29 29 29 29 30 31 28 28 29 28 29 29 28 30 28 29 30 29 29 30 29
 28 28 29 29 29 28 29 29 29 28 28 31 29 27 32 28 29 33 26 27 30 30 28 29
 29 29 28 29 30 29 28 28 28 29 30 29 29 29 29 29 29 29 29 29 29 29 29 29
 30 29 29 29 28 28 29 30 30 29 29 30 29 29 29 30 29 28 29 30 28 28 29 29
 29 30 30 28 28 29 29 28 28 29 29 29 28 28 29 29 30 29 28 28 29 29 29 29
 29 29 30 29 29 29 29 28 30 29 29 29 29 29 29 29 29 29 30 29 29 29 29 29
 29 27 28 30 28 29 29 30]"
