"[29 33 28 29 30 30 27 30 30 30 29 27 29 29 29 29 29 29 30 30 29 28 29 30
 29 30 30 29 28 29 29 29 29 29 28 28 29 30 29 27 27 31 27 30 28 29 28 30
 29 29 28 28 29 29 30 30 28 29 30 30 29 30 29 29 28 29 30 29 29 29 29 30
 28 30 32 28 28 31 29 28 29 30 30 30 29 29 29 28 29 31 29 29 29 29 30 28
 29 28 27 28 30 30 29 30 29 29 31 29 29 29 28 30 29 29 29 30 30 29 29 29
 28 29 30 28 28 32 28 29 29 29 28 28 30 30 29 29 30 30 29 30 28 29 29 29
 29 27 30 30 29 29 28 28 30 29 29 29 29 29 29 29 29 29 29 28 29 30 30 28
 28 29 29 30 30 29 29 28 28 29 30 30 29 29 29 29 29 29 29 30 29 28 29 28
 28 31 27 31 30 30 28 31]"
"[31 26 33 28 28 29 31 29 27 29 29 29 30 30 29 30 28 29 29 28 29 31 30 28
 29 29 29 29 29 30 29 27 29 30 31 29 28 28 30 31 28 31 28 30 30 29 28 28
 29 29 29 29 29 28 27 26 30 31 29 28 29 30 30 31 29 30 29 29 30 31 30 28
 32 26 27 29 30 29 28 32 29 29 29 28 29 30 29 28 28 26 29 29 29 30 28 31
 29 30 31 29 27 28 29 29 30 27 29 28 28 30 29 30 30 28 27 27 28 29 29 30
 29 29 30 29 28 31 30 31 29 29 30 29 28 28 30 31 30 32 29 30 29 29 31 29
 29 29 27 29 28 27 31 28 29 28 29 29 29 28 28 29 28 29 30 28 28 29 29 28
 30 29 28 28 29 30 29 28 29 29 29 29 28 28 29 29 29 28 29 29 28 28 30 29
 30 29 29 31 27 26 34 26]"
"[ 30  34 114 118 119 118 114 115 115 117 117 117 118 117 116 118 120 117
 114 115 117 120 121 121 121 120 119 121 122 122 120 118 122 124 125 128
 132 136 141 144 149 152 152 152 154 148 146 144 136 133 130 130 133 139
 147 152 159 180 205 224 238 243 242 246 245 247 247 246 246 246 245 243
 243 246 248 245 245 246 245 244 247 247 248 248 248 248 246 243 220 201
 186 165 151 146 136 140 133 130 129 128 124 122 120 115 125 123 127 132
 136 139 136 135 128 127 125 123 120 116 115 116 116 105  93  80  64  46
  33  19  18  15  16  17  16  18  19  15  14  17  15  16  18  16  17  13
  14  17  18  14  17  18  28  62  90  86  80  74  66  60  55  53  56  59
  60  60  60  59  52  44  36  35  35  37  40  42  40  38  39  40  40  41
  42  44  46  47  47  46  47  47  47  47  49  50  56  56  59  61  81 101
  99  31]"
"[ 28  29 110 114 116 111 119 115 116 117 116 116 118 118 119 122 123 117
 113 115 115 114 115 119 118 117 116 118 120 120 118 116 119 115 113 116
 122 125 126 124 130 134 138 142 150 149 152 151 152 148 143 140 137 136
 138 140 134 141 145 151 161 171 184 198 226 234 244 249 250 250 251 253
 251 250 253 252 252 252 251 253 252 251 251 251 252 253 253 253 254 250
 250 245 235 218 193 181 159 147 141 138 132 130 131 130 129 124 124 121
 114 114 121 130 135 135 137 138 135 128 122 119 118 111 108 110 109  99
  96  82  66  52  38  26  16  16  18  14  21  18  18  15  17  17  17  18
  16  16  15  17  13  29  71  91  83  77  70  65  61  59  58  57  59  63
  65  64  61  57  48  38  39  36  35  38  42  45  45  43  44  43  44  44
  44  44  45  47  46  46  47  47  46  47  47  51  55  62  74  83  96 105
 106  30]"
"[ 31  28 109 108 113 115 112 112 114 113 113 114 116 113 112 115 117 114
 114 115 115 113 115 118 117 116 116 117 118 117 117 116 115 111 109 113
 119 122 121 118 115 114 112 112 121 125 136 139 141 143 147 152 153 150
 147 146 144 143 139 138 138 136 135 138 144 154 170 188 203 217 233 247
 252 252 254 252 251 252 251 251 251 253 253 254 253 252 251 249 251 253
 254 254 254 253 253 251 243 232 217 193 163 146 142 139 141 130 131 131
 122 114 111 113 114 113 117 126 132 133 130 128 123 117 115 115 113 107
 112 105  96  95  94  82  59  44  36  28  18  10  15  12  15  15  12  17
  19  14  17  15  32  72  87  82  79  71  62  57  56  57  58  58  60  65
  66  59  52  48  47  47  46  42  38  38  41  45  46  45  46  46  46  47
  47  46  47  48  49  49  50  47  47  47  47  55  59  73  91 109 112 106
 101  29]"
"[ 29  30  85  82  83  83  98 103 113 111 110 113 114 109 105 106 108 110
 110 108 108 113 117 117 115 113 113 114 115 114 114 115 119 116 115 116
 117 115 112 111 109 112 114 117 120 116 114 110 118 114 111 113 117 123
 131 138 141 139 141 145 145 142 143 145 139 136 134 134 135 139 146 152
 168 187 211 223 234 248 252 254 252 253 252 251 250 251 254 254 251 254
 252 251 252 252 255 253 254 254 254 254 254 252 237 216 194 169 152 142
 132 127 124 122 128 119 110 105 105 106 109 114 113 113 118 124 123 115
 107  96 100  95  94  98 101 101  90  75  68  50  44  27  23  17  10  12
  12  19  16  40  78  88  81  74  74  66  57  54  56  58  60  60  62  62
  59  53  47  46  47  49  49  48  47  48  50  51  50  49  45  45  46  49
  49  49  49  50  52  51  52  48  48  51  53  66  90 108 111 110 103 104
 102  30]"
"[ 30  28  90  86  85  82  80  80  85  82  82  91 100 104 106 111 108 107
 105 105 108 111 112 113 111 109 109 112 113 112 113 114 114 112 112 113
 112 109 108 109 111 113 109 112 114 115 116 116 107 107 110 114 115 113
 111 112 118 120 131 140 138 137 143 146 143 143 142 141 141 139 136 132
 131 130 138 147 154 165 181 200 226 233 243 250 253 254 252 250 254 252
 251 251 252 252 251 251 251 253 253 250 251 254 255 253 254 243 237 222
 197 176 156 141 137 129 123 124 124 119 113 109 111 105 102 105 109 112
 103  95  94  95  95  94  95  95  93  89  91  84  79  70  69  55  43  28
  24  24  47  76  88  83  73  73  64  59  53  53  55  58  58  58  59  53
  48  47  49  50  48  45  43  45  48  51  51  49  47  45  48  48  49  50
  50  47  47  48  49  49  50  46  50  58  67  86 102 106 104 105 104 105
 101  28]"
"[ 29  29  97  97  96  92  94  90  86  76  67  67  72  73  75  81  94  89
  91 102 109 106 104 106 105 104 104 107 110 110 110 111 109 107 107 108
 109 108 108 109 108 111 106 110 111 113 112 112 112 110 111 114 114 112
 111 113 117 112 118 123 117 117 126 130 132 136 139 140 143 147 146 141
 138 130 126 125 126 128 128 133 136 145 161 183 206 229 245 253 253 249
 254 254 253 252 249 253 253 252 251 252 253 251 250 253 255 250 254 254
 252 251 239 221 209 181 151 137 135 131 122 114 113 107 100  97  98 103
  91  87  90  93  92  89  90  90  87  84  79  77  68  68  79  73  74  56
  46  66  84  89  83  79  75  67  56  54  52  54  56  58  58  57  52  45
  40  42  48  51  50  48  46  48  49  49  48  46  45  45  48  47  48  50
  50  48  48  50  54  54  57  54  61  75  88 112 109 103 101 101 101 102
 102  30]"
"[ 30  29 112 110 103  98  96  98  98  96  95  92  86  80  76  73  75  70
  68  74  80  82  90 102 103 101  95  95 102 103 100 103 106 102 105 106
 103 107 114 112 107 112 106 105 106 105 109 110 109 107 109 111 109 107
 108 109 113 110 108 110 110 106 108 116 115 120 124 122 117 116 120 126
 130 134 138 138 134 133 132 131 129 130 127 124 124 130 143 156 187 215
 227 239 250 251 254 251 251 254 254 252 252 252 251 252 252 252 251 252
 255 255 254 254 252 254 254 240 204 183 171 145 128 124 115 112 114 110
 101  91  81  82  86  74  75  77  76  81  76  72  61  61  68  69  67  67
  82  89  78  81  82  72  68  56  51  50  50  54  58  57  53  48  40  38
  38  40  45  48  48  48  47  45  44  45  45  44  45  48  50  52  52  50
  50  50  50  53  54  59  61  66  80  98 107 105 105 101  99 101 100 102
 102  28]"
"[ 28  32 121 122 121 123 121 118 111 106 102  99  96  94  93  92  92  92
  89  85  84  82  78  76  80  79  75  77  88  95  99 107 102  97  99  95
  96 101 111 110 103 108 107 106 106 107 108 108 105 104 105 107 108 108
 107 103 105 108 109 108 108 107 109 113 111 113 113 110 108 110 113 114
 113 114 116 117 118 125 133 137 138 139 138 136 134 130 126 125 125 133
 137 149 164 184 215 233 238 244 249 252 254 255 253 252 251 253 252 251
 253 253 252 251 254 253 250 254 254 251 248 239 231 205 169 147 133 118
 111 108  99  99  98  83  69  70  69  69  64  62  64  60  64  65  73  80
  84  90  81  77  70  60  60  57  56  54  53  56  59  56  48  41  39  37
  36  38  41  44  45  45  44  44  45  47  48  48  50  52  52  53  54  55
  56  54  52  52  56  59  67  83 101 110 110 105 103 101  99 101 101 102
 102  29]"
"[ 28  31 120 123 126 130 131 129 125 120 116 114 111 107 103  98  93  97
  96  93  95  98  95  90  89  85  75  69  68  67  67  71  81  80  85  82
  87  89  99  98  98 101 105 103 101 104 105 105 106 108 108 107 106 108
 109 107 108 107 105 103 103 105 106 106 108 109 107 105 106 110 111 111
 108 107 107 106 105 110 116 118 128 130 129 128 131 133 132 132 132 127
 127 129 125 124 132 138 148 172 192 202 218 239 251 251 251 254 254 253
 253 253 252 253 253 253 252 253 254 251 253 254 252 252 249 248 235 207
 177 154 136 122 113 106  92  92  87  82  68  59  63  59  69  74  81  82
  81  85  78  68  59  53  56  59  59  57  56  56  55  49  41  35  36  34
  33  35  38  42  46  48  46  46  47  48  50  52  54  55  54  54  54  55
  58  58  57  59  64  74  90 103 108 107 103 100 101 100 100 101 101 102
 102  29]"
"[ 30  26 109 111 109 107 106 108 112 110 113 117 118 117 112 107 105 105
 102 100 101 100  97  97  98  96  90  86  84  81  79  80  75  74  77  75
  76  72  74  75  75  78  91  97  98 103 104 106 103 107 108 106 104 103
 102 102  99 101 104 105 100  96  99 104 106 106 105 104 103 104 105 106
 107 106 106 106 104 103 101  99 105 107 106 104 107 112 114 114 129 126
 129 129 129 130 125 123 125 126 124 121 123 134 155 174 193 205 221 236
 246 250 252 255 252 251 252 252 250 253 254 250 252 254 252 250 250 251
 250 244 232 212 187 164 131 110 102 101 102  96  89  79  83  81  84  81
  76  73  68  59  56  56  57  59  59  58  57  54  48  42  38  36  34  33
  34  36  40  45  51  55  53  51  49  48  50  54  55  54  56  56  55  56
  58  59  63  69  75  94 109 108 101 100 102 103  99  99 100 102 101 102
 102  28]"
"[ 32  30 115 117 113 107 104 105 104 103 105 109 111 112 112 111 108 107
 105 106 106 103 100 102 103 102  99  97  96  95  92  91  91  88  83  83
  75  71  68  72  76  70  75  75  73  79  88  98 103 102  99  99 103 103
 102 104 105 102 102 102  98  97 100 103 103 101 100 101 101 101 103 106
 103 101 100 102 101 101  99  96 104 104 101  98 100 102 100  97 103 106
 111 114 124 130 124 126 128 127 128 128 124 116 115 122 125 129 136 148
 163 180 201 219 234 242 251 253 251 254 255 255 255 254 252 253 251 250
 251 247 247 248 246 237 214 183 173 171 162 142 105  86  90  88  83  74
  72  65  59  54  55  60  58  57  58  56  53  50  46  43  41  42  38  39
  41  45  47  49  54  58  59  56  52  51  53  56  56  54  56  58  59  59
  60  63  71  80  93 105 110 104  99 102 105 103  99 100 102 103 102 103
 103  29]"
"[ 29  30 118 119 117 116 114 113 114 111 110 109 107 106 107 107 108 108
 106 105 106 105 104 105 107 105 102 100 101 102 103 102  98  94  90  94
  83  81  78  81  78  73  73  71  66  63  63  67  66  70  76  85  95  98
  98 103 106 101  99  97  94  97 100  98 103  99  96  98 100 101 102 104
 101  98  97  97  97  97  96  93  96  98  98  97  99 101 102 102 100 100
  97  92  97  98  94 104 111 120 127 128 129 131 130 129 122 119 114 112
 112 113 119 129 139 153 173 197 225 239 240 247 250 251 252 252 251 251
 250 240 243 244 243 249 244 220 227 240 245 204 141 103  90  84  78  75
  66  60  56  53  54  59  59  56  55  51  47  46  46  47  47  46  44  46
  50  53  53  51  52  55  60  58  56  57  60  61  59  56  58  60  59  59
  65  74  85  94 105 106 104 101 101 103 103 100 101 103 104 105 103 105
 104  29]"
"[ 29  31 118 119 117 116 115 114 116 114 114 115 113 112 113 113 108 107
 103 101 103 105 105 106 106 105 104 102 103 105 108 107 106 104 106 111
 103 102  99  97  87  85  80  78  78  74  73  71  68  68  61  55  58  62
  69  79  84  87  96  97  90  91  99 103 100 100  98  96  95  95  95  95
  97  94  94  95  93  92  93  93  90  93  95  96  97  97  97  99 101 101
 101 100  99  96  93  98  99  97  96  96  95  96 103 114 122 123 123 122
 123 121 117 116 113 111 111 111 119 127 137 154 172 184 201 216 224 232
 236 226 236 236 233 242 238 227 243 253 238 174 119  86  79  76  65  61
  58  56  56  55  54  55  57  53  48  46  45  46  47  48  48  49  50  52
  55  57  55  52  53  58  62  61  61  63  63  62  60  60  62  62  61  66
  79  92 100 103 101 100 100 102 103 103 103 103 103 105 105 106 104 106
 105  29]"
"[ 30  29 117 122 121 117 115 117 119 117 117 117 115 114 114 113 115 111
 107 107 109 107 105 107 105 105 105 104 102 102 103 101 104 104 111 114
 110 112 114 107 106 108  99  97  99  94  88  80  80  81  72  64  66  66
  65  67  68  58  58  63  62  67  79  87  90  97 100  97  94  96  98  97
  96  93  93  91  88  88  92  95  95  92  88  89  94  97  97  98  96  96
  97  98  95  96  96  93  96  97  97  97  98  97  96  97  95  98 100 104
 115 124 124 122 118 108 110 109 105 108 107 105 105 106 116 131 141 156
 181 194 208 218 220 236 240 246 246 224 169 109  90  75  73  69  59  58
  55  56  57  58  54  52  52  46  41  44  47  49  47  46  48  51  55  55
  57  58  55  54  59  66  66  65  65  65  64  60  60  62  64  66  68  78
  96 108 107 101  99 101 103 104 103 103 104 104 104 105 105 106 104 106
 105  29]"
"[ 28  31 117 124 122 120 117 117 121 121 120 118 116 116 116 117 115 110
 109 112 111 112 111 106 110 107 106 105 103 100  99 100 103  98  94  95
 102 109 111 110 110 109 105 107 111 114 114 103  96  91  87  87  81  80
  73  75  73  67  65  68  68  66  65  66  66  68  73  78  82  86  93  99
  96  92  95  93  87  85  82  79  83  84  90  88  93  96  98  97  97  92
  93  97  95  91  89  87  93  93  97  99  96  96  97  96  96  97  96  93
  90  89  92  96 104 106 109 109 111 112 111 108 103 103  96  93  96  95
 103 121 134 157 180 206 221 227 208 154 101  75  79  67  69  60  55  54
  58  60  59  53  48  48  48  47  46  49  51  51  50  50  51  51  55  58
  60  58  58  62  67  69  68  64  64  65  65  61  58  64  64  68  79  96
 108 106 102 103 101 102 104 104 104 105 105 105 104 104 104 105 107 105
 107  28]"
"[ 28  31 119 123 119 118 119 120 123 123 121 119 116 116 116 117 116 112
 112 113 113 114 114 111 110 110 109 107 106 105 104 103 104 100  95  93
  94  96  96  95 101 103 100 100 101 105 112 110 102 100 100 101  96  96
  92  97  93  86  79  74  69  69  69  67  63  64  64  63  61  59  58  59
  63  70  83  87  87  89  88  85  78  75  77  78  87  91  92  94  92  92
  93  93  89  87  89  91  94  93  93  92  91  93  97  97  96  97  97  95
  92  88  86  86  83  84  88  93  94  93  96 102 105 105 102 101 102  96
  91  94 101 106 109 121 133 141 131  93  79  66  71  62  59  57  56  56
  58  58  55  50  48  48  48  47  51  53  55  54  53  53  54  55  58  61
  62  61  61  64  68  70  66  67  68  64  64  64  62  63  68  88 103 104
 102 103 103 102 103 104 105 105 105 105 106 105 106 105 104 105 107 106
 107  28]"
"[ 31  29 121 123 123 124 121 119 125 124 123 121 119 118 117 116 115 114
 115 116 114 114 115 114 116 117 115 112 109 109 107 105 104 104 103 101
 100 100 101 101 100 102 102 101  96  96 101 102 100  99 101 103 101 102
 100 105 102 100  95  87  83  85  84  78  71  70  68  64  62  61  61  60
  54  55  59  57  55  62  71  78  72  71  73  71  76  74  78  89  94  95
  94  93  95  93  87  82  86  90  90  89  90  91  90  90  95  94  94  93
  91  90  88  87  86  83  83  85  85  82  83  86  88  87  88  92  99 103
 104 104  98  98  93  98 103 103  97  73  69  63  64  59  57  59  59  56
  55  52  48  45  46  47  48  48  51  54  56  56  55  56  58  59  61  61
  63  64  66  67  69  72  71  70  69  65  63  61  64  73  92 104 111 106
 101 101 102 104 105 106 106 106 106 107 107 107 107 106 104 105 109 108
 108  28]"
"[ 29  25 126 127 125 123 116 110 116 116 117 118 120 121 120 117 113 115
 118 119 118 117 116 115 115 116 115 113 112 111 109 107 105 106 106 104
 101 100 101 101 102 101 102 103 100  99  99  98 100  96  97  99 101 103
  99  99  96  98  98  94  93  96  94  87  84  83  79  73  70  70  68  66
  58  53  55  55  50  45  46  53  48  53  57  55  61  59  64  79  87  95
  96  95  96  94  88  84  82  88  87  84  87  90  90  92  93  92  91  90
  89  88  87  87  89  87  84  83  84  85  83  81  77  73  72  73  73  78
  84  87  88  95  96 100  99  91  85  72  67  61  59  59  60  58  59  56
  49  44  40  40  42  44  46  48  48  51  54  55  55  56  59  61  61  61
  64  68  70  70  70  72  72  69  69  68  68  71  82  98 113 108 103 103
 105 103 103 106 106 107 108 108 108 109 109 109 108 107 106 108 112 111
 110  29]"
"[ 30  30 147 146 141 138 132 129 130 128 125 124 124 123 118 113 114 117
 120 120 120 119 118 117 117 116 116 116 115 112 110 109 112 112 111 107
 104 103 103 103 106 101 101 102 102 103 103 103 102  97  97  98 102 102
  98  96  98  97  96  95  94  96  96  92  87  88  88  87  87  89  87  84
  79  72  70  69  67  61  57  61  56  56  54  48  55  52  47  51  55  61
  66  74  88  95  92  87  82  87  86  82  81  81  78  78  81  82  83  83
  82  81  81  82  80  80  79  78  78  80  81  80  76  73  75  75  68  62
  63  63  65  73  75  77  73  65  63  59  56  54  55  56  59  54  58  54
  44  40  36  36  38  41  44  47  47  50  53  55  55  57  60  63  62  62
  65  70  72  70  69  70  70  71  73  72  79  92 102 111 108 106 103 103
 107 107 105 105 107 108 109 109 109 109 109 109 108 109 109 111 115 114
 112  29]"
"[ 28  28 157 156 154 153 150 148 146 142 138 137 138 137 133 128 126 128
 126 123 123 122 120 120 118 116 115 117 117 114 112 112 110 110 109 106
 105 106 106 107 108 104 104 103 102 103 102 103  99  96  98  96 100  99
  97  96  98  95  94  96  95  94  94  94  92  93  93  92  92  92  91  89
  93  90  88  86  85  79  66  62  60  59  57  53  62  63  56  53  56  57
  53  48  48  52  59  65  69  74  77  78  80  80  77  75  75  76  78  77
  75  75  78  81  82  79  77  76  75  74  74  74  67  64  68  73  70  66
  65  63  62  66  66  65  61  57  56  53  49  52  54  52  58  56  55  46
  41  38  36  36  38  40  44  47  49  52  55  55  56  58  61  63  64  64
  65  68  69  67  65  65  69  70  74  81  93 103 104 106 103 104 104 105
 107 108 107 108 108 109 110 109 109 108 108 107 108 110 110 111 115 113
 112  29]"
"[ 31  30 164 163 162 163 159 157 160 158 155 153 152 150 145 140 135 136
 131 127 128 127 123 122 117 116 115 116 116 116 116 115 115 114 112 109
 108 109 110 110 107 104 106 105 104 106 104 104 101  98 100  97 100  99
  98  98  94  90  91  95  94  91  91  90  92  92  92  91  91  90  90  90
  89  89  89  89  94  95  90  90  81  79  77  68  69  65  59  55  54  50
  50  52  54  54  52  50  44  44  47  53  61  69  74  74  73  74  73  69
  65  64  67  70  73  74  75  75  75  75  73  71  68  66  65  66  65  65
  64  63  61  61  60  59  55  51  51  48  51  53  52  50  52  52  45  39
  39  37  36  37  39  42  45  47  52  54  55  56  57  60  63  66  66  65
  64  65  65  64  64  64  71  72  82  94 105 107 104 106 107 105 104 106
 109 107 107 110 109 110 110 109 108 108 108 107 109 111 111 110 112 111
 110  29]"
"[ 29  29 171 169 167 169 168 169 164 165 166 167 166 163 158 154 155 156
 151 149 152 152 147 144 132 131 127 122 120 120 118 115 116 116 114 111
 110 110 112 112 113 108 108 105 104 108 105 103 105 100 101  98 102 100
  98  96  99  94  93  94  92  90  89  90  89  90  92  93  91  88  86  85
  87  84  81  80  83  82  81  88  88  87  90  85  87  87  87  86  87  75
  68  66  63  61  60  57  50  45  45  48  49  52  52  48  54  56  57  55
  52  49  49  51  51  64  72  70  68  72  72  68  59  60  61  60  60  61
  61  60  58  54  52  50  44  43  47  48  50  51  50  50  42  40  33  38
  37  36  36  37  40  44  47  48  53  54  55  56  58  62  67  69  67  66
  64  64  64  65  67  68  81  90 101 105 109 111 108 108 106 108 108 108
 110 109 107 107 109 110 110 109 109 109 109 109 111 113 111 109 110 109
 110  30]"
"[ 32  26 173 173 171 168 171 169 165 165 167 168 165 164 167 167 169 167
 164 163 164 164 161 158 151 149 146 139 140 132 127 121 121 120 117 116
 108 112 111 108 115 114 109 109 109 114 111 109 108 103 102 101 101 100
  98 100  99  98  98  97  94  93  93  90  91  91  93  94  92  88  85  84
  83  81  83  81  81  82  79  82  84  83  83  83  85  87  88  88  91  86
  82  80  78  74  71  71  64  60  58  57  57  59  56  51  49  49  46  37
  33  37  40  37  41  40  41  44  49  57  64  69  59  62  59  53  54  56
  55  56  55  52  49  45  42  42  45  48  48  47  44  41  37  34  35  39
  41  40  39  41  45  50  52  53  53  54  57  61  64  66  68  69  67  65
  63  62  64  65  71  81  94 101 107 108 109 111 110 107 107 107 109 110
 110 109 109 109 111 110 110 110 109 109 109 109 110 114 113 110 112 111
 110  29]"
"[ 28  30 143 151 157 157 157 158 173 171 171 172 170 169 169 168 167 168
 167 163 161 162 164 165 161 160 156 151 155 156 153 147 147 145 139 132
 122 125 126 123 123 121 117 117 117 119 114 110 110 108 108 107 106 105
 101 102 104 100  97  95  93  94  96  96  95  93  92  93  94  91  87  85
  86  84  85  83  82  83  80  82  82  81  80  80  80  81  81  82  82  80
  80  82  85  85  86  87  83  80  77  74  70  67  63  58  53  54  52  43
  35  35  39  40  39  35  32  33  33  33  34  37  48  52  52  49  48  45
  45  48  51  48  44  41  40  40  42  43  43  39  36  36  38  39  39  40
  39  41  43  47  50  53  55  56  53  57  61  65  66  68  69  71  67  65
  64  66  65  66  76  92 104 108 111 111 111 112 111 110 109 109 110 112
 113 112 111 110 113 112 111 111 111 111 111 110 111 115 114 111 113 112
 111  30]"
"[ 29  33 135 137 138 136 136 140 143 145 150 154 154 155 159 161 165 168
 169 168 168 168 167 164 164 167 164 161 162 169 167 162 157 159 161 162
 156 157 152 145 145 140 132 131 130 130 123 119 120 117 115 110 108 108
 106 107 110 106 103 101  99  99 100 100 101  98  95  94  94  93  92  90
  88  85  85  84  84  83  80  81  82  81  80  81  79  77  75  76  77  76
  76  78  80  79  79  80  81  81  82  80  77  76  74  71  72  71  69  61
  50  45  45  45  39  34  30  31  31  27  25  26  20  23  25  27  28  27
  29  33  42  38  35  34  34  34  33  33  37  33  31  33  36  39  39  39
  39  43  48  52  54  54  55  56  56  60  64  65  65  66  67  68  65  67
  67  68  75  88 101 112 113 113 113 113 112 112 112 112 112 111 112 114
 115 114 112 111 114 113 112 112 113 113 112 111 111 114 114 111 113 112
 112  30]"
"[ 28  26 163 160 155 146 142 137 138 138 138 137 135 137 145 150 151 152
 153 155 160 166 166 163 163 169 170 169 164 170 170 169 170 165 163 163
 160 161 162 159 158 155 150 153 153 152 144 140 136 134 130 122 118 120
 118 118 119 115 114 113 110 108 107 106 106 104 100  98  96  96  96  97
  95  91  89  88  88  86  83  82  81  80  80  81  80  76  73  72  77  76
  75  75  75  74  73  74  73  74  76  77  75  74  75  73  77  74  72  69
  65  63  60  55  49  44  39  38  37  33  29  28  25  24  22  21  22  22
  23  24  24  23  22  24  26  29  31  32  31  31  32  33  35  38  40  42
  43  46  50  53  53  53  54  55  61  64  65  64  63  64  66  67  69  69
  68  73  89 105 113 115 115 114 113 114 113 112 112 114 113 113 114 115
 115 113 112 112 115 114 113 113 113 113 113 112 112 114 114 112 113 113
 113  30]"
"[ 32  26 184 185 186 181 178 169 160 155 152 150 147 144 143 141 141 138
 132 129 132 140 145 145 149 152 153 156 153 161 165 168 171 166 166 167
 165 162 166 168 167 164 159 161 160 160 155 153 151 150 148 140 137 137
 135 133 131 126 124 123 119 117 116 115 117 115 113 110 109 108 106 104
 102  98  93  92  91  88  85  82  84  82  81  83  83  81  79  78  79  78
  77  76  75  75  75  76  75  74  75  76  74  73  73  72  72  69  67  66
  68  71  68  61  57  55  52  49  47  45  40  35  32  29  26  23  22  24
  25  24  24  23  22  20  19  19  21  24  26  28  32  34  37  41  45  47
  47  49  51  52  53  54  56  58  63  65  66  66  65  66  68  69  73  72
  76  90 105 110 111 114 115 114 115 116 116 114 114 116 115 115 116 116
 115 113 113 114 114 115 115 114 114 113 114 114 114 114 114 114 114 114
 114  30]"
"[ 29  28 174 177 180 180 184 181 182 181 182 183 181 178 175 172 166 159
 149 145 145 145 142 138 139 135 132 132 129 136 141 141 145 146 158 165
 165 162 169 173 173 171 166 167 165 166 161 159 162 161 160 154 152 154
 152 152 151 147 146 147 144 141 139 137 134 131 129 127 125 122 115 108
 113 110 104 104 103  99  95  91  89  87  84  84  85  85  85  84  84  83
  80  78  76  75  75  76  77  75  75  76  74  74  74  73  73  71  68  64
  63  66  66  61  58  59  59  58  58  58  54  48  44  42  41  35  29  27
  27  24  22  22  21  20  20  20  23  26  24  26  30  33  38  43  46  47
  48  49  51  52  54  57  60  62  65  66  68  69  69  68  69  71  74  82
  94 106 113 113 113 117 116 116 117 119 118 116 116 117 117 117 118 118
 117 115 116 117 115 116 117 116 114 114 115 116 114 114 115 114 114 115
 115  29]"
"[ 27  32 173 176 176 173 176 175 180 179 180 180 178 179 183 186 189 183
 179 180 181 178 170 164 161 155 151 143 138 138 139 132 136 133 136 135
 135 138 150 156 155 158 159 165 167 170 165 161 164 163 163 160 160 163
 163 165 160 156 157 159 159 156 154 153 148 148 146 143 140 135 129 123
 124 122 116 115 113 107 102  95  95  94  91  87  85  85  84  82  86  85
  82  80  78  79  79  79  79  77  77  77  74  72  72  71  70  69  68  64
  60  60  60  58  57  57  57  56  56  54  51  48  43  42  44  45  40  38
  37  35  30  28  26  25  24  23  23  23  25  27  30  33  38  42  44  44
  46  49  53  56  58  60  62  64  65  66  69  72  72  70  73  77  87 100
 110 111 112 114 115 115 118 119 120 119 118 117 118 119 120 120 120 120
 119 118 117 118 116 117 117 116 115 115 116 116 115 114 115 115 114 115
 115  29]"
"[ 29  27 175 174 177 176 180 176 175 175 177 180 179 179 180 179 180 177
 176 178 179 178 179 181 183 182 186 179 175 174 174 163 148 141 140 133
 131 129 133 129 132 132 129 133 138 149 151 151 153 154 158 159 160 161
 160 161 167 162 160 162 163 163 165 166 161 164 165 161 156 153 151 151
 146 144 136 134 130 120 113 104 104 106 104  97  91  88  85  81  88  87
  84  81  80  80  80  79  81  78  79  79  76  73  73  73  71  69  69  68
  62  58  56  54  56  53  51  50  48  45  43  43  46  40  42  47  45  41
  38  35  34  31  28  28  30  30  27  24  25  29  33  35  37  41  43  45
  44  50  56  61  62  62  63  64  65  65  69  74  75  75  81  89 106 112
 114 114 115 118 120 122 121 121 121 120 118 118 120 121 123 122 121 121
 121 120 117 116 117 116 116 116 116 116 116 116 116 114 116 116 115 116
 116  29]"
"[ 30  28 187 183 183 182 180 180 176 175 176 177 179 180 179 178 174 174
 174 175 176 177 176 176 175 177 177 176 178 179 181 183 182 178 173 172
 173 170 163 157 148 142 139 131 131 130 132 126 130 138 144 145 145 143
 145 153 151 155 161 166 168 172 175 175 167 171 172 172 171 168 164 162
 158 156 153 150 147 143 140 139 136 126 122 121 115 110 107 102  98  94
  87  86  87  83  79  81  81  80  80  80  79  77  77  77  74  71  70  70
  68  63  60  60  56  54  50  48  47  44  42  41  43  41  39  38  37  35
  33  32  32  32  32  31  29  26  24  24  24  28  32  33  34  39  43  45
  47  54  54  60  64  63  65  63  64  67  74  77  80  85  95 111 115 117
 119 121 121 122 122 122 122 122 123 122 121 121 121 122 122 122 122 122
 121 121 119 116 117 115 114 113 114 116 117 117 118 115 115 117 118 118
 116  30]"
"[ 30  28 188 185 185 185 184 184 185 184 183 182 181 180 178 177 172 172
 173 174 175 175 175 174 175 177 176 175 175 174 174 176 177 174 173 174
 177 179 180 179 179 176 177 170 167 159 152 142 139 137 136 140 144 140
 129 122 129 135 141 140 137 140 148 153 156 164 169 170 173 175 174 172
 169 166 163 162 162 161 159 157 158 148 144 145 137 126 118 114 114 110
 104  99  97  93  89  88  86  83  80  80  82  82  80  79  75  74  73  73
  72  71  69  67  61  57  53  49  46  44  44  46  44  41  38  36  35  33
  31  29  28  29  28  27  25  25  25  24  24  25  28  31  33  36  42  48
  51  57  58  60  62  63  66  67  74  72  74  79  88  97 105 116 118 119
 121 123 123 123 123 123 123 123 123 123 122 121 121 122 120 121 122 122
 122 121 118 116 117 117 117 116 116 116 117 118 119 116 116 117 118 117
 116  29]"
"[ 29  28 188 186 187 187 187 187 186 186 185 185 185 185 185 185 179 179
 179 179 178 177 176 175 174 175 174 174 174 172 171 174 174 174 174 173
 172 172 173 173 175 173 175 174 177 178 179 175 178 176 175 171 163 154
 146 139 124 127 131 131 128 128 131 132 129 133 136 138 143 148 153 158
 169 171 169 166 165 167 163 157 162 156 152 152 149 142 138 137 133 127
 121 116 112 109 105 100  95  91  86  83  83  82  81  80  81  80  78  76
  75  74  71  67  67  61  59  58  52  48  47  47  43  41  38  36  35  34
  32  30  26  26  24  22  21  23  24  24  24  24  27  33  36  37  43  51
  57  58  61  63  64  62  64  72  77  77  81  87 100 111 116 122 124 125
 127 128 128 128 127 127 127 127 126 125 124 124 123 123 121 121 122 122
 122 122 120 118 118 120 121 120 118 117 117 118 118 117 117 117 118 117
 116  29]"
"[ 29  28 189 186 187 188 188 187 188 188 187 187 186 187 188 188 188 187
 186 185 184 182 181 180 182 181 180 179 177 173 171 174 169 170 171 171
 171 171 171 172 172 171 172 172 173 174 175 173 174 172 176 178 177 179
 180 177 181 174 165 157 151 147 145 142 142 136 130 130 128 122 124 132
 128 130 135 141 148 154 158 161 157 160 159 155 153 151 147 144 141 134
 130 127 127 129 125 116 113 111 107 102  97  95  95  95  92  90  88  84
  81  76  71  66  67  60  60  61  55  49  48  45  44  43  40  38  36  35
  34  33  29  26  23  23  24  23  23  25  24  25  30  37  40  41  45  51
  58  60  66  65  65  66  66  74  76  84  95 101 111 119 123 127 129 130
 130 130 130 131 131 131 131 129 127 126 126 125 124 123 123 122 121 121
 121 122 122 121 120 121 123 122 120 119 118 119 117 116 117 117 117 117
 116  30]"
"[ 30  29 190 188 189 189 188 188 188 188 188 187 186 186 186 187 187 187
 186 186 186 186 186 186 188 187 186 185 184 180 179 182 180 178 175 172
 171 170 170 170 172 172 173 174 172 172 171 169 173 171 173 176 175 177
 176 170 171 172 174 176 174 173 173 171 167 161 156 156 152 142 137 142
 139 129 124 128 128 123 124 132 128 137 143 144 145 146 143 140 140 137
 135 133 131 133 130 122 118 118 116 111 106 105 105 106 103 101 100  98
  93  85  79  77  73  64  62  64  58  54  52  48  45  45  43  40  37  34
  33  33  34  27  24  27  28  25  23  25  24  28  35  40  43  44  47  50
  56  61  67  64  66  72  73  77  82  95 109 113 118 124 127 132 132 131
 130 130 130 131 133 134 132 130 128 126 126 125 124 122 123 122 121 120
 121 122 122 121 121 122 122 122 121 120 120 120 118 117 117 117 117 117
 116  30]"
"[ 29  28 190 189 190 190 188 187 186 186 187 187 187 187 187 188 186 186
 185 186 186 187 187 187 186 187 186 187 187 186 186 189 188 186 185 185
 186 186 185 183 181 179 177 176 171 172 171 171 167 169 172 172 171 173
 174 172 173 171 172 171 168 168 171 172 171 172 172 174 176 173 170 170
 164 156 148 143 139 133 126 123 124 125 127 128 128 129 131 133 133 135
 135 132 128 127 127 125 121 120 118 115 114 114 112 111 110 108 107 107
 103  95  89  88  85  77  75  74  69  63  57  51  47  47  45  42  39  36
  36  36  36  28  25  28  29  25  23  23  27  32  37  40  42  47  50  52
  57  58  62  67  71  74  80  90 100 109 119 121 125 130 133 137 136 134
 133 133 133 134 136 136 134 132 130 128 127 126 125 124 123 123 123 123
 124 124 123 121 122 122 122 122 122 121 121 120 120 119 119 117 117 118
 116  29]"
"[ 28  28 191 190 191 190 188 187 187 188 189 189 188 188 187 187 188 188
 187 188 188 187 186 186 186 188 188 187 187 186 185 187 188 188 189 189
 190 189 187 185 185 186 185 187 181 181 179 179 183 181 176 173 176 177
 173 170 172 170 171 172 170 167 166 163 166 168 168 167 168 168 167 167
 170 173 172 168 169 172 168 160 153 145 140 134 127 123 123 121 119 123
 123 120 117 115 116 118 116 117 117 115 114 114 113 111 112 110 109 108
 105 100  96  94  92  89  86  85  81  73  64  58  58  56  53  49  46  44
  44  43  39  34  29  29  30  27  25  24  27  32  37  39  42  47  52  54
  59  58  62  74  81  82  93 107 114 121 128 128 131 136 137 140 139 138
 138 138 138 138 138 138 138 136 133 131 130 129 128 127 125 125 125 125
 125 125 124 122 123 122 122 122 122 121 121 121 122 121 120 118 118 119
 117  29]"
"[ 30  30 192 192 193 191 189 187 187 188 189 190 191 190 189 189 188 188
 188 189 189 188 186 185 183 187 187 187 188 188 187 188 189 189 189 188
 187 187 188 189 186 186 186 189 183 185 184 185 185 187 183 180 183 183
 180 179 179 175 174 173 169 166 165 165 165 166 166 167 168 166 165 168
 166 166 166 165 163 161 161 163 165 163 166 166 162 161 157 146 137 138
 133 127 123 119 115 116 110 114 116 115 113 113 115 115 112 111 108 106
 105 105 102  99  98  97  93  90  88  83  76  73  73  69  63  58  54  52
  50  48  45  42  37  33  32  32  30  28  26  30  34  38  41  45  51  54
  57  67  71  78  87  95 110 116 118 125 133 134 137 139 138 141 140 139
 140 140 140 140 139 138 140 139 136 134 132 131 131 130 127 126 125 124
 124 125 125 123 122 123 123 122 122 121 121 122 122 121 120 119 119 121
 119  30]"
"[ 29  29 192 194 194 193 190 188 187 189 191 192 191 190 189 190 190 190
 189 188 187 187 185 184 184 186 188 188 188 189 188 187 189 190 190 188
 188 188 188 187 185 186 186 185 185 186 187 186 187 188 187 185 185 186
 186 185 182 182 181 181 182 182 183 183 175 173 171 170 169 167 165 163
 165 164 161 163 162 159 161 161 161 161 161 162 163 161 159 157 156 153
 153 151 147 147 148 145 131 125 122 123 119 112 108 110 105 102 100 106
 110 108 106 103 102 100  98  96  92  89  85  80  80  75  71  66  61  59
  58  56  53  49  43  39  39  39  36  32  33  28  33  39  42  45  48  54
  61  69  75  83  97 111 120 124 127 133 138 138 139 140 141 143 143 141
 140 139 140 142 143 143 141 142 140 137 133 131 130 130 128 128 127 125
 124 123 124 126 125 125 125 124 121 121 122 122 122 123 121 121 121 122
 121  29]"
"[ 30  29 193 194 194 193 192 191 191 191 192 192 191 190 189 189 190 191
 190 189 189 190 191 191 189 189 188 188 188 188 189 189 189 189 190 190
 189 188 188 187 186 187 186 185 186 187 188 187 188 188 186 184 183 185
 187 187 187 187 185 185 184 183 183 182 182 181 179 178 176 173 172 171
 167 167 165 166 165 161 162 162 164 163 161 161 160 159 157 156 157 154
 154 154 152 153 153 151 151 148 146 145 143 139 139 141 131 126 117 114
 111 107 106 105  97 101 106 104  96  91  90  89  81  77  74  71  68  67
  65  60  56  54  52  50  49  46  42  38  36  35  37  37  37  43  50  59
  67  75  84  94 107 120 126 129 132 136 139 140 141 142 142 143 144 143
 142 141 142 144 145 144 144 144 143 140 137 134 132 131 130 129 128 127
 125 124 124 125 124 123 125 125 122 122 123 123 123 123 121 121 122 123
 122  29]"
"[ 30  29 193 195 193 193 194 195 196 195 194 193 193 193 191 190 194 195
 194 191 190 190 190 189 191 190 189 189 189 189 189 189 189 189 190 191
 191 188 187 188 188 188 188 186 186 188 189 188 188 188 187 185 184 186
 188 189 188 188 187 187 186 186 185 184 183 182 182 181 180 179 178 179
 180 179 177 177 173 168 168 166 166 164 162 161 160 158 156 155 162 156
 153 152 150 148 146 144 144 144 145 145 144 144 146 147 147 147 144 142
 137 128 124 121 125 121 115 106  96  93  94  94  94  89  83  79  75  72
  67  60  58  57  55  53  50  46  44  44  38  37  38  37  41  51  58  65
  76  86  96 105 117 125 128 129 136 139 140 141 143 145 144 144 145 145
 144 144 144 145 146 146 145 144 143 141 139 136 133 131 131 130 129 127
 125 124 124 123 123 123 125 125 123 123 124 123 124 123 121 121 122 123
 122  29]"
"[ 29  29 193 195 194 194 195 196 197 196 195 194 195 194 193 191 192 194
 194 193 192 193 190 187 189 189 190 192 192 190 189 190 191 190 191 193
 192 189 188 189 190 190 189 187 187 189 189 189 187 188 188 188 187 187
 187 187 187 187 186 186 187 187 187 187 182 182 181 181 181 181 181 181
 179 181 180 181 179 176 176 175 175 174 174 174 173 171 168 167 163 158
 154 153 151 148 146 146 145 143 142 141 141 142 144 146 142 145 145 148
 149 147 149 149 146 143 139 135 129 122 113 105 104  97  92  91  89  86
  83  79  73  71  67  63  57  51  49  50  45  41  38  38  46  59  69  77
  86  96 106 113 121 127 129 131 138 141 142 142 145 146 146 146 146 146
 146 146 146 147 147 147 145 145 143 141 139 137 135 133 132 131 130 129
 128 127 126 125 125 124 126 127 125 124 125 123 125 124 122 122 122 123
 121  28]"
"[ 29  29 193 194 194 194 195 195 195 195 195 194 194 193 192 192 193 194
 194 194 194 195 191 187 189 190 192 195 193 191 190 192 194 192 193 194
 193 190 189 191 192 192 191 189 189 190 190 189 186 187 188 188 187 186
 186 186 188 187 186 186 186 187 187 187 186 184 183 183 183 182 182 181
 178 180 180 181 181 179 180 179 176 175 176 176 176 174 173 172 177 172
 167 164 161 156 152 152 154 148 141 140 139 138 141 144 146 146 143 143
 142 140 143 142 141 138 137 136 134 135 135 132 124 115 110 109 104  97
  94  92  84  83  80  77  71  66  63  63  57  54  53  54  61  70  77  87
  95 105 113 118 124 129 134 137 139 143 144 143 145 146 146 147 146 146
 147 147 147 147 147 146 147 147 145 142 139 138 137 137 134 132 131 130
 131 131 129 128 127 126 128 128 127 126 126 125 125 125 124 123 123 123
 122  29]"
"[ 30  29 192 194 195 195 195 194 194 195 195 195 194 193 192 192 195 194
 193 193 194 194 192 190 192 193 194 195 194 192 193 195 195 194 193 194
 193 192 191 192 193 193 192 191 190 191 191 190 189 188 187 187 187 187
 187 188 188 187 186 185 186 186 187 187 188 186 184 184 185 185 184 184
 183 184 182 183 182 180 181 179 179 177 176 176 176 176 176 176 174 173
 170 169 170 168 166 168 163 157 152 153 152 150 149 151 144 146 144 146
 145 142 142 139 138 136 135 133 129 127 126 122 122 116 114 117 113 107
 105 106 103 101  97  90  85  81  79  78  73  69  66  66  74  80  83  92
 104 111 116 119 123 128 134 140 139 143 144 143 144 144 144 146 146 147
 147 147 147 147 147 146 147 147 145 142 140 138 138 137 134 132 130 130
 131 131 130 129 127 126 127 128 126 127 128 127 124 124 124 124 124 124
 122  29]"
"[ 30  29 193 194 195 195 195 195 195 195 195 195 194 193 194 194 192 191
 191 193 194 194 195 196 194 195 195 194 194 195 195 195 195 194 193 193
 193 193 193 192 193 194 194 192 192 193 192 191 191 189 187 188 189 189
 189 190 188 187 186 186 186 187 187 188 186 185 184 184 185 185 186 186
 182 183 180 181 182 181 182 180 180 179 177 177 176 176 176 177 174 175
 171 170 172 170 166 166 166 164 164 165 165 163 161 160 154 155 151 150
 148 146 147 145 136 134 133 133 131 130 128 124 119 115 114 114 111 108
 106 105 104 105 103  99  98 101 104 104  90  84  74  68  76  85  90  98
 108 112 115 117 121 127 133 138 140 143 144 143 145 145 145 145 147 147
 147 147 148 148 148 146 145 145 145 143 142 141 139 137 135 133 130 130
 131 132 130 129 127 126 126 127 126 127 129 128 125 125 124 125 126 126
 124  29]"
"[ 30  29 194 195 195 195 196 196 195 195 194 194 194 194 194 195 194 193
 194 195 194 192 193 195 194 195 195 194 195 197 196 194 194 193 193 192
 193 195 194 192 193 194 194 193 193 194 194 192 190 188 187 188 190 189
 189 190 191 190 189 188 188 188 187 187 187 186 186 185 185 184 185 186
 187 186 182 182 182 181 182 179 180 180 179 179 178 177 176 176 175 175
 171 170 173 173 168 167 166 166 164 162 161 162 162 160 160 161 158 157
 155 154 156 154 152 151 150 146 141 136 133 128 122 119 115 111 107 105
 104 101  98 102 102  98  95  97  97  95  96  98  94  86  89  94  95 101
 108 111 113 116 122 129 134 139 141 144 145 145 147 148 147 147 148 148
 148 148 149 149 148 147 145 145 145 146 146 145 143 140 139 136 133 132
 134 134 133 131 129 127 127 127 127 128 131 130 128 127 125 127 129 130
 126  30]"
"[ 30  28 194 196 196 197 196 197 197 196 195 195 194 194 195 195 195 195
 195 195 194 194 194 194 194 194 194 195 195 196 195 194 194 195 195 194
 193 193 193 193 193 193 194 195 194 192 191 191 192 192 191 190 190 189
 189 188 192 192 191 190 189 188 188 188 187 187 187 186 186 187 187 187
 188 187 186 184 184 185 184 181 181 180 179 179 179 179 178 178 178 176
 174 174 175 173 172 171 168 169 165 163 161 160 162 161 161 162 161 159
 158 157 158 158 155 155 156 154 148 143 141 138 137 132 127 120 111 106
 106 105  98 101 101  98  94  94  95  95  96  98  95  93  97 100 102 106
 109 112 116 117 119 128 136 139 141 144 146 146 146 147 148 148 148 148
 147 147 148 150 148 146 147 147 147 146 145 144 143 143 139 139 137 135
 133 132 131 131 132 130 129 128 127 129 131 129 131 130 129 129 131 129
 128  29]"
"[ 30  28 194 195 196 196 195 196 196 196 195 195 195 195 195 195 195 195
 196 196 195 195 195 194 194 194 194 195 195 195 195 194 195 195 195 194
 193 193 193 193 194 194 195 195 194 192 191 191 193 193 192 190 189 188
 189 189 190 191 191 192 191 190 189 188 187 188 188 187 186 187 188 188
 187 187 186 185 186 187 186 183 183 182 182 182 181 180 180 180 179 177
 176 177 177 176 174 173 169 168 163 162 161 160 162 161 161 162 162 160
 159 158 159 159 159 158 159 157 153 150 148 145 144 141 138 133 126 122
 120 117 109 108 105  99  94  93  93  94  96 101 101  99 102 105 107 110
 113 115 119 120 123 129 137 139 141 143 146 146 147 148 148 147 147 148
 148 147 149 150 150 149 148 148 147 146 145 144 144 144 141 140 138 136
 133 132 132 133 133 130 130 129 128 130 131 130 130 129 129 130 131 129
 128  28]"
"[ 30  28 194 195 195 196 195 195 196 196 196 195 195 195 195 194 196 196
 197 197 197 196 196 195 196 196 195 195 195 195 195 195 196 196 196 195
 194 194 194 193 195 195 195 195 194 193 192 192 193 193 193 191 188 187
 188 189 188 190 192 193 193 192 190 188 188 190 190 188 186 186 187 188
 187 188 187 187 188 189 188 186 184 185 185 184 182 182 182 182 180 178
 178 179 180 179 177 176 170 167 162 163 163 161 163 162 161 162 162 160
 159 159 160 160 158 156 156 155 152 151 150 148 144 142 140 137 133 129
 126 122 121 117 111 106 101  98  97  98  96 103 104 102 104 109 113 115
 115 116 120 123 125 130 137 140 141 143 145 146 147 148 147 146 147 148
 149 148 149 150 150 149 149 149 148 146 145 145 145 146 143 141 139 136
 134 133 133 134 133 131 130 130 130 131 131 130 129 129 130 130 131 128
 128  28]"
"[ 30  29 194 195 195 196 195 195 196 196 195 195 195 195 195 195 196 197
 198 199 199 198 197 195 196 197 196 196 195 195 196 197 196 197 197 196
 195 195 194 193 195 195 195 195 195 193 193 194 194 194 194 192 190 189
 190 191 190 191 193 194 194 193 191 190 190 191 192 190 188 187 188 189
 189 189 188 188 189 189 188 186 185 185 186 185 183 182 182 182 180 180
 179 180 180 180 178 177 174 169 164 167 167 164 165 165 162 163 162 160
 159 159 160 160 159 156 155 154 153 153 153 150 146 143 140 136 133 130
 128 124 122 117 112 109 106 102  99  99  98 103 104 102 104 111 116 118
 117 117 121 124 125 129 137 141 143 144 145 146 147 147 146 146 146 148
 148 148 149 150 150 148 149 149 148 146 146 146 146 147 145 144 141 138
 136 135 135 135 134 132 131 132 131 131 131 129 129 130 130 130 131 129
 128  29]"
"[ 29  29 195 195 195 197 195 195 196 196 195 195 195 195 195 196 196 197
 199 200 200 199 197 196 196 196 196 196 195 196 196 197 196 197 197 197
 197 196 195 194 194 194 195 195 195 194 194 195 195 195 194 194 193 193
 193 192 194 194 194 194 194 193 192 192 192 193 192 191 189 189 189 189
 189 189 188 188 188 188 188 187 185 186 186 185 183 182 182 183 182 181
 180 180 180 180 179 178 179 174 169 172 172 167 166 166 164 164 162 160
 159 160 161 161 161 158 156 155 154 154 154 151 149 145 141 137 134 132
 130 126 121 117 114 112 110 105 102 101 101 104 106 104 105 112 118 118
 121 122 125 126 125 128 136 141 145 145 145 146 147 147 146 146 146 147
 148 149 151 152 151 148 147 147 147 146 146 145 146 147 148 147 145 143
 141 139 138 138 136 134 133 134 133 132 131 130 130 131 131 130 131 129
 130  30]"
"[ 29  29 196 196 196 198 196 195 196 195 195 195 195 195 196 196 196 198
 199 200 199 198 197 196 196 196 195 195 195 195 196 197 195 196 197 197
 197 197 196 194 194 194 194 195 195 194 195 196 195 194 194 194 195 194
 194 193 195 195 194 193 192 192 192 192 193 192 191 190 190 190 189 188
 188 188 187 187 188 188 188 188 187 187 186 186 185 184 183 183 183 182
 182 180 180 180 180 178 180 177 173 175 174 168 166 165 166 165 163 161
 161 161 162 163 161 158 156 155 154 154 153 151 149 146 144 139 135 133
 130 125 127 123 119 116 113 109 106 105 103 105 107 108 108 113 118 118
 123 124 127 127 126 130 138 143 145 144 145 146 147 146 147 148 149 150
 150 150 152 152 150 146 147 148 148 147 147 146 147 147 148 148 147 146
 144 142 140 138 137 134 134 135 133 131 131 130 130 132 131 130 131 130
 131  30]"
"[ 28  30 196 197 197 199 197 195 195 195 195 195 195 195 196 196 196 198
 199 200 199 197 196 196 196 196 195 195 196 196 196 196 195 195 196 196
 197 197 197 196 195 195 195 195 195 195 195 196 194 194 194 194 194 194
 194 194 195 194 193 192 192 192 193 193 193 192 192 191 190 191 190 189
 188 187 187 188 189 189 189 189 189 188 187 187 187 186 185 184 183 183
 183 182 181 181 181 179 179 178 176 178 176 169 167 166 167 166 165 164
 164 164 165 165 163 161 161 160 158 157 157 155 152 150 148 144 138 136
 133 128 128 126 121 116 112 109 107 105 106 105 108 110 108 111 117 119
 122 124 127 128 128 134 142 144 144 144 145 147 147 146 146 148 152 152
 152 151 151 151 150 147 150 150 150 149 148 148 148 148 147 147 147 147
 146 143 140 138 136 134 134 135 133 131 131 131 131 132 132 130 132 131
 131  30]"
"[ 28  30 196 198 198 200 197 196 195 195 195 195 196 196 196 196 195 197
 199 199 198 196 196 196 197 197 196 196 196 196 196 195 195 195 195 195
 196 197 197 196 196 195 195 195 195 194 195 196 195 196 196 195 194 194
 195 196 194 194 194 194 194 194 195 195 193 194 193 192 192 192 192 191
 188 188 188 190 190 190 189 189 190 188 187 187 188 188 186 184 182 183
 183 182 182 182 181 179 179 179 179 181 178 173 171 169 167 167 167 166
 166 167 167 166 164 163 163 162 160 159 159 157 154 153 151 146 140 137
 134 130 127 126 122 117 113 111 109 107 108 106 109 110 107 110 118 122
 124 126 128 129 130 137 143 143 144 144 146 147 147 145 145 147 150 151
 151 151 151 152 152 150 152 151 151 150 149 148 148 148 147 148 148 148
 147 144 141 139 136 134 135 136 133 131 132 132 130 132 132 130 132 132
 131  30]"
"[ 29  29 197 197 199 198 198 197 196 195 195 196 197 197 197 197 198 198
 197 196 196 195 196 196 198 200 198 196 197 197 197 197 194 195 195 195
 195 196 196 196 195 194 194 195 196 197 195 194 195 194 194 195 195 195
 195 195 195 194 193 192 192 194 195 195 194 194 193 193 193 193 193 193
 189 189 190 190 189 189 189 190 190 189 189 189 189 187 185 185 182 183
 184 183 182 181 181 182 180 181 180 178 178 177 174 170 167 166 166 167
 168 168 167 165 164 162 163 163 160 159 159 159 158 155 152 148 145 144
 140 134 129 125 123 122 119 116 114 112 111 112 111 113 109 112 123 124
 126 129 130 133 135 138 143 142 143 146 147 146 147 150 151 150 150 151
 151 152 153 154 153 151 150 151 151 151 150 149 148 148 149 147 146 147
 148 148 146 144 139 137 136 136 135 133 132 132 133 132 133 132 131 130
 132  30]"
"[ 29  29 197 197 198 196 196 196 197 197 197 197 197 196 196 195 196 197
 197 197 197 197 197 197 197 199 197 195 197 197 196 196 194 195 195 195
 195 196 196 195 195 195 195 196 197 197 196 195 196 195 195 196 196 195
 195 195 194 194 194 193 193 194 194 194 194 194 194 193 193 194 194 194
 192 193 193 191 190 189 190 192 191 191 190 190 189 187 186 186 184 185
 185 184 183 181 181 181 181 182 181 179 178 178 175 172 171 170 168 168
 168 168 167 166 165 163 162 161 159 159 161 161 160 157 154 150 147 145
 142 136 130 126 124 123 119 116 114 112 113 113 112 113 111 113 122 123
 128 130 130 132 135 139 144 144 144 146 147 146 147 150 152 152 151 152
 152 152 153 154 153 152 150 148 146 147 150 151 149 147 148 148 148 148
 148 147 145 144 140 138 137 136 135 134 133 133 136 134 134 133 131 131
 131  28]"
"[ 29  29 198 198 198 196 196 196 196 196 196 196 196 196 196 196 194 194
 195 197 197 197 196 196 197 198 196 195 197 197 195 195 195 195 195 195
 195 195 196 195 195 195 195 196 197 197 196 195 196 196 196 196 196 195
 195 195 195 195 195 195 194 195 194 193 193 193 193 193 193 194 194 195
 194 195 194 193 191 190 191 192 192 192 191 190 188 187 187 186 186 186
 186 186 185 183 182 182 182 183 183 181 180 179 178 176 174 172 170 168
 168 168 167 166 166 164 163 163 161 161 163 163 162 159 156 153 149 147
 143 138 132 128 126 125 121 117 115 113 114 114 113 115 113 115 122 124
 129 131 129 132 135 138 144 145 146 147 148 147 148 151 152 153 152 153
 153 153 153 154 154 153 150 148 146 147 150 152 151 149 149 150 151 151
 149 147 146 146 142 140 138 137 138 137 136 136 139 136 136 134 133 132
 132  28]"
"[ 30  30 198 198 198 196 195 195 196 196 196 195 195 195 195 196 194 194
 195 197 197 196 196 196 198 198 195 195 198 198 196 195 195 195 195 195
 195 196 196 196 195 195 195 196 196 196 196 195 196 195 195 196 196 195
 194 195 195 196 196 195 195 195 195 194 194 194 193 193 193 194 195 195
 194 195 194 194 192 191 191 191 192 191 190 189 188 187 187 186 186 186
 186 186 186 186 185 184 183 184 184 182 181 181 180 178 175 173 171 169
 169 168 168 167 167 166 166 167 166 165 165 163 163 161 158 155 150 147
 144 139 135 131 130 128 124 119 116 113 115 114 113 114 115 116 122 125
 130 131 129 132 135 138 144 145 148 149 149 148 149 150 152 152 153 153
 154 153 153 153 153 153 151 151 151 151 150 150 151 152 151 152 153 153
 151 149 147 146 144 142 139 139 139 139 139 138 139 137 137 135 133 132
 133  29]"
"[ 29  29 197 197 198 195 195 195 197 197 196 195 194 193 194 195 196 195
 196 198 199 198 197 198 200 198 195 195 197 197 196 195 194 195 195 195
 196 197 197 197 195 195 195 196 196 196 196 196 195 195 195 196 196 195
 195 195 195 195 195 194 194 195 195 195 196 195 195 194 194 195 195 195
 195 194 195 195 195 193 191 190 190 190 189 187 187 187 187 187 186 186
 186 187 187 187 186 185 183 184 184 184 183 182 181 180 177 175 174 172
 170 169 169 168 168 167 168 169 167 166 165 163 163 161 160 157 153 148
 144 140 137 133 132 131 126 122 119 116 116 114 114 114 115 117 120 125
 130 131 130 133 136 139 144 145 146 147 148 149 149 150 150 150 153 154
 154 153 152 152 152 152 152 154 155 154 151 150 151 153 152 152 153 153
 152 150 148 146 145 143 140 139 139 139 139 139 138 136 136 135 133 131
 132  29]"
"[ 30  29 197 197 198 196 196 197 196 196 195 195 194 195 196 196 196 196
 197 199 199 198 198 201 200 199 195 195 196 195 194 195 195 195 195 195
 196 197 197 197 195 195 195 195 196 195 195 195 195 195 196 196 197 196
 196 196 195 195 195 194 194 195 196 195 196 196 195 195 194 195 195 195
 194 194 194 195 195 194 191 189 189 190 189 187 187 188 188 187 187 187
 186 187 187 187 187 186 184 184 185 185 184 183 181 181 178 178 176 174
 172 170 169 168 169 168 168 168 166 165 165 164 163 162 161 160 156 151
 147 142 138 134 132 132 128 125 122 119 118 117 118 117 118 119 119 126
 130 132 132 136 138 140 144 146 145 146 148 150 151 151 151 151 152 154
 154 153 152 152 152 152 154 153 153 152 152 152 152 151 152 152 153 154
 154 153 150 147 146 145 143 141 140 139 139 141 139 137 137 136 134 132
 132  28]"
"[ 29  29 198 197 198 197 198 198 196 196 196 196 196 197 197 197 196 195
 197 199 198 196 197 200 199 198 196 195 196 194 193 195 195 196 196 195
 196 197 197 197 195 195 195 195 195 195 195 195 195 195 195 196 196 195
 195 195 195 195 195 194 194 195 195 195 196 195 195 194 194 194 194 194
 193 194 194 194 194 193 192 191 190 191 191 188 188 189 189 188 188 187
 187 187 187 187 187 187 186 185 185 185 185 184 182 182 180 180 178 176
 173 170 170 169 170 168 168 168 166 165 166 165 165 163 163 162 159 155
 151 147 142 137 133 132 130 127 125 122 120 119 121 120 121 121 119 126
 131 133 134 138 139 140 144 146 146 147 149 151 152 152 151 152 151 153
 154 154 152 152 153 153 154 153 151 151 152 153 152 151 153 153 154 154
 155 153 151 149 147 147 146 144 141 139 140 142 143 139 138 137 136 135
 134  29]"
"[ 29  28 197 196 198 197 198 199 199 199 198 198 198 197 196 195 196 196
 197 199 198 195 195 198 197 197 196 196 197 195 194 197 196 196 196 195
 195 196 196 196 196 196 196 196 195 195 195 195 195 195 195 195 195 194
 194 194 195 195 195 194 194 194 194 193 196 196 195 195 194 195 195 195
 194 194 195 195 194 194 194 196 192 193 192 190 189 190 190 188 188 187
 187 187 187 187 188 188 187 186 185 185 185 184 183 182 182 182 180 177
 174 172 172 172 171 169 169 170 168 167 167 166 166 164 164 164 161 158
 155 151 146 140 135 133 130 128 126 123 119 119 121 121 122 121 118 126
 130 133 134 138 139 139 144 147 146 147 150 152 152 151 151 151 151 153
 155 154 153 153 154 154 154 153 152 151 151 152 153 153 153 154 154 154
 154 152 149 148 148 148 147 145 141 139 140 143 144 140 138 137 138 137
 135  29]"
"[ 30  29 195 197 198 200 199 200 199 197 196 197 198 196 195 195 196 196
 197 198 198 197 197 198 196 197 197 196 195 195 195 195 197 197 196 195
 195 195 195 196 195 195 195 196 196 195 195 195 195 195 196 195 194 194
 194 194 194 195 195 195 194 193 193 193 194 195 196 196 196 195 195 195
 195 195 194 194 194 194 194 194 196 195 193 190 189 190 190 189 189 188
 187 188 188 188 187 186 187 187 186 184 183 183 183 184 182 182 182 181
 177 173 171 172 172 171 169 168 167 168 168 167 167 165 163 163 161 161
 158 153 144 140 137 134 131 128 126 123 122 123 123 123 121 121 123 125
 134 133 135 137 139 143 146 146 145 147 149 150 151 152 151 150 154 154
 154 155 155 154 154 155 154 153 152 152 152 153 153 154 155 154 153 153
 153 153 152 152 151 148 147 147 144 142 142 142 140 137 139 139 138 137
 136  28]"
"[ 28  28 195 196 197 199 199 200 200 198 196 197 197 196 196 196 196 196
 197 198 198 197 197 197 196 196 196 195 195 194 195 196 196 195 195 195
 195 195 196 196 196 195 195 195 195 195 195 195 195 195 195 195 195 195
 195 196 195 195 196 195 195 194 194 194 193 193 194 195 195 194 194 194
 195 195 194 194 193 193 193 193 195 195 193 190 189 190 190 189 191 189
 188 188 188 188 187 186 187 187 186 185 183 183 183 183 182 181 181 180
 178 175 172 172 172 171 170 168 167 168 167 167 166 164 163 163 162 162
 159 154 148 144 140 137 131 129 128 127 126 125 125 125 124 122 123 127
 135 136 138 140 142 145 147 147 147 148 149 150 150 150 150 149 152 152
 153 155 155 154 154 154 155 154 153 153 154 154 154 154 154 154 153 153
 152 151 152 152 152 148 147 147 145 144 144 143 142 139 140 140 139 139
 137  29]"
"[ 29  29 196 198 198 199 200 202 200 198 197 197 197 196 196 196 197 197
 197 198 198 198 197 197 196 196 195 195 194 195 195 196 195 195 194 194
 194 195 195 196 196 195 195 195 195 195 195 195 195 195 195 195 195 195
 196 197 195 195 196 195 195 194 194 194 193 193 194 195 195 195 195 195
 195 195 195 195 194 194 194 193 194 194 193 191 190 190 190 190 191 190
 188 188 188 188 187 187 187 187 187 186 185 184 183 183 182 181 180 180
 180 178 175 174 173 172 170 168 167 167 167 166 165 163 162 163 163 163
 160 155 150 147 144 138 131 128 129 130 127 125 125 126 125 122 123 128
 134 137 140 142 143 145 146 147 148 149 150 150 150 151 151 151 151 152
 153 154 155 154 154 154 154 153 153 154 154 154 154 154 154 154 154 154
 152 151 151 153 153 150 149 148 146 146 146 145 144 140 140 140 139 140
 138  29]"
"[ 29  30 196 199 199 200 200 201 199 198 197 196 196 196 196 196 197 197
 197 197 198 198 198 197 196 195 195 195 195 195 195 195 195 195 195 194
 194 194 195 195 195 196 196 195 195 195 196 196 196 196 196 195 195 196
 196 197 195 195 195 195 194 194 194 193 194 195 195 196 196 196 196 196
 195 196 196 196 195 194 194 193 193 193 193 191 190 189 189 189 190 189
 188 188 189 188 187 187 187 187 188 187 186 185 183 183 182 181 180 180
 181 180 178 177 174 173 171 169 168 167 166 165 165 164 164 164 163 162
 160 156 152 149 145 139 131 128 129 130 126 125 125 126 124 123 125 129
 133 137 140 141 142 143 144 146 148 150 151 151 151 152 152 153 152 151
 152 153 154 154 154 154 155 154 154 154 155 154 154 154 154 154 154 155
 154 152 152 153 153 152 152 151 149 148 147 146 145 141 141 140 140 141
 139  29]"
"[ 29  29 196 199 199 200 198 197 198 197 197 196 196 196 196 195 195 195
 195 195 196 198 197 196 195 195 195 195 195 195 195 195 196 195 195 194
 194 194 194 195 195 196 196 194 194 194 195 195 195 195 196 196 195 196
 196 197 195 195 195 195 194 194 194 194 195 195 195 195 195 195 195 195
 195 195 195 195 195 194 193 193 192 192 192 192 190 189 188 188 189 188
 189 190 190 188 187 187 186 187 187 187 186 185 183 182 183 182 181 180
 180 180 179 179 176 175 172 170 168 168 166 165 166 166 167 167 164 163
 161 158 155 150 146 141 134 131 130 129 126 127 127 126 125 126 128 129
 133 138 141 142 143 143 145 148 147 149 151 151 151 152 153 153 153 152
 152 152 153 153 154 155 158 156 155 155 155 154 154 154 153 153 154 155
 156 154 153 152 153 153 154 154 150 148 148 146 147 143 143 141 141 142
 140  29]"
"[ 29  29 196 198 199 199 196 196 197 198 197 196 196 196 196 195 195 196
 196 196 196 198 198 197 196 196 196 195 195 195 195 195 195 195 195 194
 194 194 194 195 194 196 195 193 192 193 193 193 194 195 195 195 195 195
 196 197 195 195 195 195 195 195 195 195 195 195 195 195 194 194 194 195
 195 195 195 195 195 194 194 193 194 194 194 194 192 190 189 189 189 189
 190 191 191 189 188 187 187 187 187 187 186 186 184 184 184 184 182 180
 179 179 179 179 177 176 174 171 169 168 167 166 166 166 168 167 164 164
 163 161 156 152 148 144 138 134 131 128 127 128 128 126 126 128 129 128
 133 139 142 142 145 145 146 151 150 151 153 153 152 153 153 153 155 154
 154 154 154 154 156 157 159 158 156 155 154 153 153 153 153 153 154 155
 156 156 154 153 153 153 155 154 150 149 148 146 148 145 144 142 142 143
 140  29]"
"[ 29  30 196 199 198 198 197 198 199 199 199 197 196 197 197 196 197 199
 199 197 197 199 199 198 198 197 196 195 195 195 195 195 195 195 195 194
 194 194 194 194 193 195 194 192 191 192 194 193 195 195 195 195 194 195
 195 196 195 195 195 195 196 196 196 196 195 195 195 195 194 194 194 195
 196 196 196 195 195 195 194 194 196 195 195 195 194 192 190 190 189 189
 190 191 191 189 188 188 188 188 187 187 187 187 186 186 185 185 183 181
 180 181 180 179 179 178 175 173 171 169 168 166 167 166 167 166 165 164
 164 161 157 153 150 146 141 136 132 129 127 127 127 127 128 129 129 128
 132 139 142 142 146 146 146 152 153 154 154 153 153 154 154 154 156 156
 156 156 155 155 157 159 158 157 156 155 155 154 153 153 153 154 155 156
 157 156 156 156 155 154 154 152 150 151 151 148 148 145 145 143 142 143
 140  28]"
"[ 28  30 197 199 197 197 197 200 201 201 200 197 196 197 197 197 198 200
 200 198 197 199 199 198 199 198 196 194 194 195 196 196 196 196 195 194
 194 193 193 193 192 194 194 192 191 193 195 195 196 196 195 194 194 194
 195 196 195 195 194 195 196 196 196 196 195 195 195 194 194 194 194 195
 195 195 195 195 194 194 194 194 196 195 194 195 194 192 189 189 187 188
 189 190 190 189 189 189 189 188 187 187 187 187 187 187 186 185 183 182
 182 183 182 180 180 179 176 173 171 170 168 167 168 167 166 166 165 166
 165 161 158 154 152 149 143 138 134 130 127 126 126 128 130 130 130 130
 131 139 142 143 147 147 147 152 154 154 154 153 153 154 154 154 154 155
 156 156 155 155 157 159 156 156 155 156 156 155 155 154 154 155 156 157
 157 157 158 159 158 155 153 151 151 153 153 151 149 147 147 144 143 144
 140  29]"
"[ 30  28 194 198 197 197 197 197 198 200 201 198 197 198 197 196 196 199
 200 200 200 200 199 197 197 196 195 195 196 195 195 195 197 196 195 195
 195 195 195 195 195 194 192 193 195 197 196 195 196 194 193 193 194 195
 195 195 197 197 196 195 195 195 195 195 194 195 195 195 194 194 195 195
 195 195 195 195 195 194 194 193 194 196 194 192 193 193 190 189 188 188
 188 189 190 190 189 189 189 188 187 187 186 187 187 187 186 186 185 183
 181 181 182 184 180 180 178 176 174 172 169 167 169 167 166 166 166 166
 165 164 161 157 153 150 145 139 134 131 131 129 127 127 129 131 130 128
 129 139 145 143 147 149 147 151 153 154 154 153 153 153 154 154 154 155
 156 154 153 156 158 156 154 153 154 155 155 154 154 156 156 155 155 155
 154 154 156 157 158 156 154 153 153 153 153 152 151 147 143 145 145 143
 143  28]"
"[ 29  28 196 198 197 197 197 196 197 199 199 198 197 198 197 195 195 197
 198 198 198 199 198 197 198 197 196 195 195 195 196 197 196 196 195 195
 195 196 195 195 195 194 193 193 194 194 194 194 194 194 193 193 194 195
 195 196 196 196 195 195 195 195 195 195 195 195 195 195 194 194 195 196
 195 195 195 195 195 194 192 191 192 194 194 193 193 193 191 191 189 190
 190 189 188 188 189 189 191 189 188 187 188 189 189 188 188 186 185 185
 185 184 182 181 180 180 179 178 176 174 172 170 170 169 167 167 167 166
 165 163 161 159 155 152 147 140 135 133 132 131 129 129 129 130 129 129
 128 136 144 145 147 149 148 151 154 154 154 153 153 153 154 154 154 153
 155 157 156 157 157 155 155 155 155 156 156 154 155 156 157 156 155 154
 154 154 156 157 156 155 155 155 155 154 153 152 152 149 146 147 146 145
 145  30]"
"[ 29  30 198 199 197 198 198 196 197 198 199 198 198 198 197 196 196 197
 198 197 197 198 198 197 197 196 196 195 194 194 195 197 196 196 195 195
 195 196 195 195 195 195 195 194 194 194 194 194 194 194 194 195 195 195
 196 196 195 195 195 194 194 195 195 195 195 195 195 195 194 194 195 195
 196 196 196 196 196 194 192 190 189 193 194 194 193 192 191 192 191 192
 192 191 188 187 189 190 191 189 187 187 189 190 190 189 183 185 187 187
 185 182 180 180 180 180 180 179 177 176 174 172 172 170 168 167 167 166
 164 162 161 160 157 154 150 144 139 137 133 132 131 130 130 130 130 130
 128 133 144 148 148 149 150 153 154 154 154 153 152 153 154 154 154 152
 155 158 158 157 156 155 157 157 157 157 156 154 155 156 157 156 154 154
 154 154 155 157 155 155 154 155 155 154 153 152 153 152 149 149 147 146
 146  29]"
"[ 29  30 198 198 196 199 199 198 197 199 200 199 199 198 198 197 198 199
 199 197 196 197 198 198 196 195 195 195 195 195 195 195 196 195 195 195
 195 196 196 195 195 195 194 194 194 195 195 195 195 195 195 195 195 195
 196 196 194 194 194 194 195 195 195 196 195 195 195 195 195 194 194 194
 195 196 196 196 196 195 192 190 189 193 194 194 193 192 190 191 194 194
 194 193 190 189 190 191 191 189 187 187 188 189 189 189 181 185 188 188
 184 181 180 181 180 180 180 179 178 176 174 172 172 170 168 167 166 165
 163 160 160 158 157 155 152 148 142 138 132 131 131 131 131 131 131 130
 130 132 144 149 147 149 151 153 154 154 154 153 152 153 154 154 156 154
 156 157 156 156 157 156 157 157 158 157 155 154 155 156 157 155 154 154
 154 155 156 156 156 155 154 154 154 154 154 153 153 154 151 150 147 147
 147  28]"
"[ 28  29 196 195 193 197 199 198 197 199 200 200 198 197 197 197 199 200
 199 197 197 198 199 199 197 195 193 194 195 195 195 194 195 195 195 195
 195 195 195 195 195 194 193 194 194 195 195 194 195 194 193 193 194 195
 195 195 194 194 194 194 195 195 196 196 194 195 195 196 195 195 194 193
 194 194 194 195 196 195 193 191 191 193 194 194 194 192 190 191 194 194
 194 193 192 191 190 190 190 189 188 188 187 187 188 189 186 187 187 187
 186 185 183 182 183 182 180 180 179 179 176 173 173 171 168 167 167 166
 163 161 159 157 156 155 154 150 143 138 133 132 130 131 132 132 131 130
 132 131 143 149 146 148 151 152 154 154 153 153 153 154 154 154 156 157
 158 156 154 156 157 156 156 157 158 157 155 155 156 157 156 155 154 155
 156 156 156 157 158 158 157 156 156 155 155 154 154 155 153 151 149 149
 148  29]"
"[ 29  29 195 195 193 197 199 199 196 198 199 199 197 196 196 197 198 199
 198 197 197 198 199 199 198 194 191 191 193 194 194 193 195 195 195 195
 195 195 195 195 196 195 194 194 195 195 195 194 194 193 191 192 193 195
 195 194 194 194 195 195 195 195 196 196 195 195 196 196 196 196 194 193
 193 192 192 193 194 194 193 192 194 195 194 194 195 194 192 193 194 194
 193 193 193 192 190 189 189 189 189 188 187 186 187 188 188 188 188 186
 185 183 183 183 185 184 182 182 182 182 180 177 175 172 169 168 168 167
 165 163 161 160 158 157 156 152 145 139 136 133 131 130 131 132 130 129
 132 132 142 148 146 148 151 151 154 154 153 153 153 154 154 154 154 157
 159 157 154 156 157 155 157 158 158 157 156 156 158 158 156 155 155 156
 157 157 157 158 158 158 159 159 158 156 155 153 153 154 152 152 150 150
 148  29]"
"[ 30  28 195 196 195 197 198 198 196 197 197 197 197 196 196 196 197 197
 196 196 196 198 198 197 197 194 192 193 194 194 193 192 194 195 195 195
 195 195 195 195 196 196 195 195 195 195 194 194 194 193 193 193 194 194
 194 194 195 195 195 195 195 195 195 195 196 195 195 195 195 195 195 194
 193 192 192 192 194 195 194 193 196 196 194 194 195 193 192 194 193 193
 194 194 193 192 190 189 189 189 189 189 188 188 188 188 187 188 189 187
 183 181 182 184 185 185 184 183 183 182 182 181 178 175 170 168 168 168
 167 165 163 162 161 158 156 153 148 143 139 136 132 130 130 131 130 130
 131 132 142 147 147 150 151 151 153 153 153 153 154 154 154 153 154 155
 157 156 154 155 156 155 158 159 159 157 157 158 159 159 157 157 157 157
 157 157 158 158 158 159 159 160 159 157 155 154 154 154 152 153 151 150
 148  29]"
"[ 29  27 195 197 196 197 196 196 197 196 196 197 198 197 197 196 197 197
 196 195 196 198 197 195 196 195 196 197 198 196 194 193 194 195 195 195
 195 194 194 195 195 195 195 195 193 193 194 195 194 195 195 195 194 194
 194 194 195 195 195 195 195 195 195 195 196 195 194 194 194 194 194 194
 195 193 192 192 194 196 196 195 196 196 195 194 194 192 191 194 194 194
 194 194 193 192 191 190 190 190 190 190 191 191 190 189 190 189 187 187
 186 186 185 184 185 185 185 183 182 181 182 182 180 176 170 168 168 168
 168 167 163 163 161 158 155 153 149 145 140 137 133 130 129 130 131 131
 128 131 140 145 148 151 151 151 152 153 153 153 154 154 154 152 155 153
 153 155 154 154 156 156 159 160 159 157 157 158 159 158 158 158 158 158
 157 157 158 159 160 160 160 159 158 158 157 156 157 156 154 155 153 151
 148  29]"
"[ 29  28 197 196 196 196 197 196 196 196 197 196 196 197 196 195 197 197
 196 195 195 196 197 197 194 195 196 197 197 196 195 193 194 195 194 194
 195 193 192 193 194 194 194 194 193 193 193 193 194 195 195 195 194 193
 193 195 194 194 194 194 194 195 195 195 196 195 194 194 195 195 193 192
 194 194 194 195 196 197 196 195 195 196 196 194 192 192 193 194 194 194
 194 194 194 192 190 190 193 192 191 190 190 190 189 188 189 189 188 188
 187 187 187 186 186 186 185 184 182 182 182 181 180 178 174 171 169 169
 167 166 163 161 160 158 156 156 152 146 143 141 136 131 130 131 132 131
 132 130 131 148 147 151 150 152 152 152 154 155 155 154 154 154 155 155
 154 154 153 153 154 156 158 158 159 159 159 159 159 159 158 158 158 158
 158 158 158 158 160 161 161 161 161 161 160 158 159 157 156 153 154 153
 150  30]"
"[ 29  29 198 197 198 198 200 199 196 197 197 196 196 196 196 195 198 198
 197 196 195 196 196 196 195 195 195 196 196 196 195 194 196 196 195 195
 196 195 193 194 195 194 194 194 193 193 194 194 193 194 195 195 194 193
 193 194 194 193 193 194 194 194 194 194 195 195 195 195 196 196 195 194
 194 194 194 195 196 196 196 195 195 195 194 194 193 193 194 194 195 194
 194 194 193 192 192 192 190 190 191 191 190 189 187 186 190 190 190 189
 188 187 187 187 187 188 187 185 184 183 182 181 181 179 176 172 170 169
 167 165 162 161 160 158 156 155 153 147 141 139 135 132 131 132 133 133
 130 131 133 147 146 151 151 151 153 154 155 155 155 154 154 154 155 154
 154 154 154 154 154 155 159 159 158 159 160 160 160 159 159 158 158 158
 158 158 158 158 159 160 160 160 161 160 159 158 158 156 156 153 155 153
 151  29]"
"[ 29  28 198 197 198 198 200 199 196 196 196 196 196 196 196 195 198 198
 198 197 196 196 196 196 196 196 195 195 195 196 195 195 196 197 195 195
 197 196 194 194 194 194 194 193 192 191 192 193 192 193 194 195 195 194
 193 193 194 194 193 193 193 193 194 194 195 195 195 195 195 195 195 194
 194 194 194 195 196 196 195 195 195 194 193 193 194 195 195 194 194 194
 194 194 194 193 193 193 192 192 192 191 190 190 189 189 189 190 190 189
 188 187 187 187 186 187 187 186 186 186 186 185 182 181 179 175 173 170
 168 165 162 161 160 159 157 156 154 150 145 141 137 135 133 132 132 132
 129 133 135 146 146 151 152 151 154 155 155 155 155 154 154 155 155 155
 155 156 157 156 155 154 159 158 158 159 160 160 159 158 159 159 159 159
 159 159 159 159 159 159 160 160 161 161 160 158 157 156 156 154 155 154
 152  28]"
"[ 29  28 198 197 196 196 198 197 196 195 195 195 196 197 197 196 197 198
 198 197 195 195 195 196 196 196 195 195 195 195 195 195 195 196 196 195
 196 195 193 194 194 194 194 193 191 190 190 191 192 192 193 194 195 194
 193 193 194 194 194 193 193 194 194 194 195 195 195 195 195 195 194 194
 194 194 195 195 195 195 195 195 195 194 193 193 195 195 195 194 192 194
 195 195 195 194 193 192 192 192 192 191 191 189 188 187 188 188 189 189
 188 187 187 188 185 186 187 187 187 188 187 186 183 182 181 179 177 174
 170 166 162 161 161 160 158 158 156 153 149 145 140 138 135 131 130 130
 130 133 135 145 147 150 151 151 153 154 155 155 155 155 154 154 155 155
 155 156 158 158 156 154 157 157 158 159 159 159 158 158 158 159 160 160
 160 159 159 159 159 159 160 160 161 161 161 159 158 157 157 156 156 155
 155  28]"
"[ 29  29 199 197 196 195 197 196 195 194 195 196 197 196 196 197 196 197
 197 196 195 195 195 196 195 195 195 195 195 194 194 195 193 196 196 194
 194 194 193 194 195 195 195 194 193 191 191 191 193 192 192 193 194 194
 193 193 195 195 194 194 194 194 194 195 196 196 196 196 195 195 195 195
 194 194 195 195 195 195 195 195 195 195 194 194 194 195 195 195 194 195
 195 194 194 194 193 192 192 192 193 193 193 191 188 185 188 188 189 188
 188 187 187 187 187 187 187 187 187 186 185 183 183 183 181 181 180 177
 172 166 162 161 161 161 159 159 157 154 150 145 141 138 135 132 129 129
 130 132 133 143 147 148 149 151 151 153 155 155 155 155 154 153 154 154
 154 155 157 157 156 153 155 157 159 159 159 158 158 159 158 160 161 161
 161 160 159 159 158 159 159 160 161 161 161 159 159 159 158 158 158 158
 159  29]"
"[ 29  29 198 197 196 194 196 196 196 195 196 197 197 196 195 196 196 196
 196 195 194 194 195 196 195 195 195 195 194 194 194 194 193 196 196 194
 194 194 194 195 195 195 195 195 194 193 193 193 194 193 192 193 193 193
 193 193 194 194 194 194 194 194 194 194 194 194 194 195 195 195 195 195
 194 194 195 195 195 195 195 195 195 195 195 195 194 194 195 195 196 196
 194 192 193 194 194 193 194 193 192 191 191 191 190 189 189 189 189 189
 189 188 187 187 187 187 187 187 188 188 186 184 184 183 182 182 181 178
 173 168 165 163 163 163 161 160 158 156 152 148 143 140 136 133 130 129
 131 131 131 139 146 147 148 150 150 152 154 154 154 155 154 153 154 155
 155 155 156 157 156 154 155 158 160 161 160 159 160 161 159 160 162 162
 162 161 159 159 159 159 160 160 161 162 161 160 160 161 159 160 161 161
 163  30]"
"[ 29  29 197 197 195 194 196 195 196 196 197 199 198 196 195 197 197 197
 196 194 194 195 195 196 195 195 195 195 194 194 194 194 194 196 195 192
 194 195 195 195 195 194 194 193 193 193 193 193 194 193 192 192 192 192
 192 192 193 193 194 194 194 194 193 193 193 193 193 193 194 194 194 194
 194 194 195 195 194 194 195 195 195 195 195 195 195 195 195 195 196 196
 194 192 193 195 195 193 192 191 190 188 187 188 189 191 190 190 189 189
 189 189 188 187 187 187 187 187 188 189 188 186 183 183 183 182 181 179
 175 172 170 167 165 164 162 161 159 157 155 152 147 141 137 134 131 129
 130 131 129 135 145 147 148 148 150 153 154 154 154 155 155 153 153 155
 157 156 157 158 157 155 155 158 160 161 161 160 161 162 161 162 162 162
 162 161 160 159 160 160 161 161 162 162 162 161 161 161 160 163 164 164
 165  29]"
"[ 30  29 199 197 196 194 196 195 195 196 198 200 199 196 196 198 198 197
 196 194 194 195 196 196 195 195 195 195 194 194 194 195 194 195 193 191
 193 196 195 194 196 195 193 192 192 192 193 193 194 193 192 192 192 191
 191 192 192 192 193 193 194 193 192 192 194 193 193 193 194 194 194 193
 193 194 194 194 194 194 195 196 195 195 195 195 195 195 195 195 194 195
 195 194 195 197 195 191 188 191 194 194 193 191 191 191 190 189 188 189
 190 189 188 187 188 187 187 187 187 187 186 184 183 184 183 182 181 179
 178 176 173 168 165 164 161 160 159 157 154 152 147 141 137 135 133 130
 129 131 128 132 143 146 148 146 151 154 155 154 154 155 155 154 152 155
 157 157 157 157 157 155 155 157 160 161 162 161 161 162 163 163 162 162
 162 162 161 160 159 160 160 161 161 162 161 160 161 162 161 164 165 166
 167  28]"
"[ 30  29 196 197 195 195 194 195 196 196 195 196 198 197 195 195 197 196
 196 195 195 195 195 195 195 195 194 194 194 194 195 195 195 194 191 191
 193 195 196 195 195 195 195 193 192 191 192 193 194 194 194 193 192 192
 193 193 193 192 191 190 189 191 193 195 192 193 194 193 192 193 194 191
 195 194 194 194 194 194 193 193 196 196 195 193 194 196 196 195 195 194
 194 194 195 195 194 193 189 191 192 194 194 193 192 191 191 190 189 189
 190 189 188 187 189 188 189 188 187 187 186 184 185 183 182 181 180 180
 179 178 177 168 164 163 162 162 161 157 156 154 149 145 142 138 133 131
 130 129 131 131 144 149 150 152 153 154 155 154 154 154 153 153 154 155
 156 157 158 157 156 156 158 159 160 161 162 162 162 162 162 162 161 161
 161 161 161 161 162 162 161 161 161 161 161 161 161 164 164 166 165 167
 166  28]"
"[ 29  29 196 197 195 196 195 197 197 197 196 196 198 197 195 195 196 196
 195 195 195 195 195 195 195 195 195 195 195 195 195 195 195 194 192 191
 193 194 195 194 194 195 195 194 193 193 194 195 193 194 193 192 192 193
 194 194 193 192 191 190 189 190 192 193 189 188 191 194 194 192 191 191
 192 194 195 194 193 192 194 195 194 195 194 193 194 196 196 195 195 195
 194 194 194 194 194 193 191 192 193 194 194 193 193 192 192 191 190 189
 190 190 190 190 189 189 190 190 188 189 189 188 186 184 182 181 180 180
 180 179 176 171 167 165 163 162 161 159 159 157 152 147 143 137 133 132
 130 130 132 129 141 149 151 152 152 153 154 154 154 154 154 154 158 158
 157 157 157 157 158 158 159 159 159 160 161 162 161 161 161 161 160 161
 161 162 162 162 162 162 161 160 160 161 161 162 163 165 166 166 165 166
 167  29]"
"[ 29  29 196 197 196 196 196 198 198 197 196 196 197 197 195 196 195 195
 195 195 195 195 195 196 195 195 196 196 195 195 194 194 194 194 193 192
 193 193 194 194 194 194 195 195 194 194 195 196 194 194 193 192 192 193
 194 194 192 192 191 190 191 191 193 193 192 191 191 193 192 190 190 191
 195 196 195 194 194 194 195 195 194 194 194 194 194 196 196 195 195 195
 194 194 194 194 193 193 193 194 194 195 194 193 193 193 193 193 192 192
 192 192 192 192 192 192 192 191 188 188 189 187 187 185 182 180 180 180
 179 179 176 175 171 168 165 162 160 161 160 158 154 150 145 138 133 133
 132 133 133 129 138 147 149 149 152 153 153 153 154 154 155 155 157 157
 157 156 156 156 157 158 160 159 158 159 161 161 161 160 161 161 161 161
 162 163 163 163 163 162 160 160 160 162 162 163 163 165 165 165 164 164
 165  29]"
"[ 29  29 196 197 196 197 197 199 197 197 195 195 197 196 195 197 195 195
 195 195 195 195 195 195 195 195 195 195 195 194 194 194 194 194 193 193
 193 193 193 193 195 195 195 195 194 194 195 195 195 195 194 192 191 191
 192 192 191 190 190 190 191 192 193 193 188 190 190 191 192 192 192 192
 196 195 193 192 193 195 195 194 194 194 194 194 194 194 195 196 194 194
 194 193 193 193 194 194 193 194 195 195 194 193 193 193 192 193 194 194
 194 193 192 192 193 193 194 192 188 187 188 186 187 185 183 181 181 180
 179 179 177 178 174 169 167 164 161 163 160 158 155 154 150 141 135 135
 135 134 134 130 135 144 146 146 151 152 153 154 154 154 154 154 154 155
 156 157 156 156 156 157 159 158 158 159 160 161 161 161 162 161 161 162
 162 163 163 163 163 162 161 162 163 164 164 164 163 165 165 164 162 162
 164  29]"
"[ 29  29 196 197 197 197 197 198 197 197 196 195 197 196 196 197 195 195
 195 195 194 194 194 194 195 195 195 195 195 195 195 195 194 194 194 194
 194 193 193 193 195 195 195 194 193 193 194 194 194 194 193 191 190 190
 190 190 190 190 189 189 190 190 191 191 191 190 189 191 193 192 192 196
 189 192 193 192 192 193 194 194 193 193 193 193 192 193 194 195 195 195
 194 194 193 193 194 194 192 194 195 195 194 193 192 193 193 194 195 194
 193 192 192 192 191 191 193 192 189 189 190 189 188 187 185 184 183 182
 180 179 178 180 176 171 170 167 163 163 160 159 157 157 155 147 138 136
 136 134 133 132 134 142 144 146 150 152 154 155 155 155 155 154 153 155
 157 158 157 157 157 157 158 159 160 160 160 161 161 162 161 161 161 162
 162 163 163 162 162 162 163 164 165 165 165 165 164 165 165 165 162 162
 164  29]"
"[ 29  29 196 197 197 198 197 197 198 199 197 197 197 196 195 197 196 196
 195 195 194 194 194 194 195 195 195 195 195 195 195 195 194 193 193 194
 194 193 193 194 195 194 193 193 192 192 193 194 194 194 193 192 191 191
 191 191 192 191 190 189 188 188 188 188 187 187 189 196 196 186 181 188
 186 189 192 193 193 194 194 192 190 190 191 192 191 191 193 195 196 195
 195 194 194 194 194 193 193 194 195 195 195 194 194 194 195 195 194 193
 192 191 192 193 190 191 192 192 189 189 190 189 188 187 186 186 185 183
 181 179 179 179 176 172 171 169 165 162 160 159 158 158 157 151 142 137
 136 132 131 133 134 143 145 148 150 152 155 156 156 156 156 155 154 155
 155 156 155 156 156 157 158 160 161 161 160 160 161 161 160 160 160 161
 162 163 163 162 161 162 164 165 165 165 165 165 165 165 164 166 164 164
 165  29]"
"[ 29  29 196 198 198 199 197 196 198 199 197 197 197 196 195 196 196 196
 195 195 195 194 194 194 195 195 195 195 195 195 194 194 193 192 192 193
 194 193 193 194 194 194 193 192 192 192 192 193 193 194 194 193 192 192
 192 192 192 191 190 188 187 186 186 187 188 191 192 192 187 173 167 173
 170 173 176 177 180 184 186 185 184 185 187 190 190 190 192 194 194 194
 193 193 194 194 193 193 193 194 195 195 195 195 195 195 196 195 194 193
 192 192 193 194 192 192 192 191 188 188 189 189 188 187 187 186 185 183
 181 179 179 178 177 175 174 172 168 162 159 160 158 157 157 154 145 140
 138 134 132 132 132 144 147 148 150 152 154 155 156 156 155 155 154 154
 154 155 155 156 156 157 159 160 161 160 160 160 161 162 161 161 161 162
 162 163 163 162 163 164 165 165 165 164 164 165 165 164 164 166 166 165
 165  29]"
"[ 29  29 196 198 199 200 197 196 197 198 197 196 197 196 194 196 196 196
 195 195 195 195 195 194 194 194 195 195 195 194 193 193 193 191 191 193
 193 193 193 194 194 194 193 193 192 192 192 191 192 193 193 193 192 192
 191 191 189 189 188 186 185 185 186 187 195 193 174 148 134 130 136 147
 141 149 154 154 156 163 173 178 177 179 183 187 188 188 189 192 191 191
 191 192 193 194 193 193 192 193 193 193 194 195 195 195 195 195 194 194
 194 193 193 193 194 193 193 191 188 189 191 191 189 188 187 187 186 184
 182 180 181 179 180 180 177 176 171 163 160 161 159 157 157 156 149 144
 140 137 133 132 130 145 147 146 150 152 154 154 154 154 154 153 154 155
 155 157 158 158 159 159 160 160 159 159 160 161 162 162 163 162 162 163
 163 163 163 162 165 166 166 165 164 163 164 165 166 164 164 167 167 167
 166  29]"
"[ 29  29 196 198 198 198 197 198 197 196 196 195 195 195 196 196 195 195
 195 195 195 195 195 195 195 195 195 195 195 195 194 194 193 193 193 195
 195 194 192 192 194 194 194 193 191 190 191 193 194 193 192 192 193 192
 191 190 189 188 188 186 187 189 184 188 193 157 116  97  94  92  93 101
 105 108 111 117 122 121 130 148 160 167 171 172 176 181 185 187 189 189
 190 193 194 193 193 194 194 194 192 194 195 194 196 195 194 194 194 194
 194 194 195 196 195 193 191 190 190 190 190 190 188 188 187 186 184 182
 182 183 181 180 179 179 178 175 172 170 163 161 158 157 158 157 152 146
 139 139 134 133 133 138 147 147 147 150 153 154 154 154 154 154 154 154
 155 157 157 158 159 161 161 160 159 159 160 161 162 162 162 161 161 162
 162 163 164 165 166 166 165 163 163 165 166 166 165 165 165 167 167 167
 166  28]"
"[ 28  29 196 198 198 198 197 198 197 196 196 195 195 195 195 195 196 196
 195 195 195 195 195 195 196 195 195 195 195 195 194 193 195 194 194 195
 195 193 192 192 192 192 192 191 190 190 190 192 195 193 192 192 192 192
 190 189 188 188 185 187 187 189 188 186 170 125  89  83  88  92  96  97
 101 102 100 101 105 106 111 122 129 135 143 151 160 166 171 177 178 179
 182 186 188 189 191 194 194 193 194 194 194 194 193 194 195 194 195 195
 195 195 195 195 195 193 190 190 191 191 190 189 189 189 188 187 186 184
 183 184 181 180 179 179 179 176 174 172 168 165 161 159 158 158 154 150
 144 141 135 133 131 135 146 147 150 152 153 154 154 155 156 155 154 154
 155 157 158 159 160 162 161 160 160 161 161 162 162 162 162 161 160 160
 162 163 165 166 167 167 165 163 164 165 166 165 166 166 165 167 166 166
 166  29]"
"[ 29  29 198 200 199 199 198 199 198 197 197 196 196 195 195 195 196 196
 196 195 195 195 195 195 196 195 195 195 195 195 194 194 196 195 194 195
 194 193 191 191 191 190 190 190 190 190 191 192 194 192 190 190 191 191
 189 187 186 187 188 184 188 188 192 175 153 109  83  84  83  86  92  91
  97 100 100 100 106 112 116 122 120 119 120 124 130 133 139 148 158 157
 160 165 169 173 181 190 189 188 193 190 191 195 193 196 194 195 195 196
 196 196 195 195 196 193 190 191 193 193 191 189 188 188 188 188 187 185
 184 184 180 180 179 179 179 177 175 174 173 170 165 161 159 158 157 155
 150 143 138 137 132 135 148 151 152 152 151 152 154 157 157 156 155 155
 155 156 157 158 159 161 160 160 161 161 162 162 162 161 161 160 160 161
 163 165 165 166 167 166 165 164 164 165 165 164 166 166 165 166 166 166
 166  29]"
"[ 29  30 199 201 200 199 198 199 197 197 197 197 196 196 195 195 195 195
 195 195 195 195 195 195 195 195 195 195 195 195 196 196 196 195 195 194
 193 192 191 190 191 190 189 190 191 191 192 193 191 191 190 190 190 190
 189 188 187 186 189 187 186 186 182 160 125  98  84  85  81  82  88  89
  88  94  97  99 105 110 114 119 124 119 112 111 113 115 122 130 135 136
 141 148 152 155 163 172 181 183 187 187 189 193 194 195 193 194 195 195
 196 196 196 196 196 194 192 192 193 193 191 188 187 187 187 188 188 187
 185 184 180 180 179 180 179 178 176 175 174 171 167 163 160 159 158 158
 151 142 138 137 131 134 145 150 152 151 151 152 156 159 158 157 157 156
 156 156 158 158 158 159 160 160 160 160 160 160 160 160 160 161 163 164
 165 165 166 165 166 166 165 165 165 165 165 165 167 166 165 166 165 166
 166  29]"
"[ 29  30 199 200 199 198 196 197 196 196 196 195 195 195 195 194 194 194
 194 195 195 195 195 196 195 195 195 195 195 196 196 196 196 195 195 194
 193 192 191 190 190 189 189 190 191 191 192 192 190 191 192 192 190 189
 189 189 188 188 192 192 175 165 138 117 103  93  85  81  82  85  87  87
  88  92  96 100 105 110 113 116 119 115 109 107 110 114 118 123 125 122
 121 124 128 137 151 164 164 172 174 182 187 188 194 192 194 195 195 195
 195 195 196 195 195 195 194 193 192 192 190 188 188 187 188 189 189 187
 185 183 182 181 180 181 180 178 177 177 174 172 169 166 162 160 158 157
 155 144 141 139 133 133 140 146 152 151 152 154 158 160 159 157 158 157
 157 158 159 159 159 159 160 160 160 159 159 159 160 160 160 163 165 165
 164 164 165 166 166 165 165 166 166 167 166 166 167 166 165 165 165 165
 166  29]"
"[ 29  29 199 199 197 196 194 196 196 196 195 195 195 195 195 195 194 194
 194 194 195 195 195 196 196 196 196 196 196 195 195 195 195 195 195 194
 193 192 191 189 189 188 188 189 190 190 190 190 188 190 192 191 189 187
 188 189 185 193 192 145 110  93  99 105 103 104  96  88  89  90  87  87
  88  86  87  93 101 108 111 112 112 110 104 102 106 110 113 115 120 121
 124 126 126 125 129 134 136 146 149 167 178 180 190 187 191 194 196 195
 194 195 196 195 194 195 195 193 191 191 189 188 188 188 188 189 189 186
 183 182 182 181 181 181 180 179 178 178 175 174 172 170 166 162 158 156
 156 149 146 143 138 136 139 147 151 152 153 155 157 158 157 155 157 157
 157 159 160 159 159 160 161 161 160 159 159 160 161 162 163 165 166 163
 162 163 165 166 165 164 164 165 166 166 166 166 167 166 165 165 165 165
 166  29]"
"[ 29  30 199 199 198 197 195 197 197 197 196 196 195 195 195 195 195 195
 195 195 195 195 195 195 195 195 196 196 195 195 194 195 195 195 195 194
 193 192 190 188 188 188 188 189 190 189 188 188 187 189 190 189 187 186
 188 189 192 186 161 101  89  82  99 102 103 107 105 101 101  98  94  94
  95  91  89  92  97 103 105 103 106 102  96  95 100 107 111 114 113 117
 122 125 126 127 128 130 116 121 125 143 156 162 172 173 179 185 190 192
 193 194 195 195 193 195 195 192 191 190 190 188 188 188 188 188 187 185
 183 183 181 180 180 180 180 179 178 179 177 175 174 173 170 165 160 157
 155 151 149 143 138 135 135 147 150 152 154 155 155 155 155 154 157 157
 157 158 159 159 159 160 161 161 160 160 160 161 163 165 164 166 166 164
 163 164 166 166 164 163 163 165 166 165 165 166 167 166 165 166 165 166
 166  29]"
"[ 29  30 199 199 198 197 196 198 198 197 196 195 195 195 195 195 196 195
 195 195 195 195 195 195 193 194 195 196 195 195 194 194 195 196 196 194
 194 193 190 187 189 189 190 191 191 189 188 188 187 188 188 187 187 187
 189 190 187 170 122  90  86  88  91  96 103 104 107 112 113 109 104 102
 103 101  99  97  97 101 103 100  96  93  88  89  95 101 104 107 110 115
 119 121 121 121 120 118 116 113 114 125 136 143 150 155 166 174 182 187
 189 192 193 193 193 194 194 191 190 191 190 188 189 188 188 188 187 186
 185 186 181 181 181 181 181 180 180 180 177 176 174 174 172 167 162 159
 158 157 154 145 139 134 133 147 150 152 154 154 154 154 155 155 158 158
 158 159 158 158 159 160 160 160 160 160 161 162 165 166 165 166 167 166
 166 167 166 164 166 164 164 166 166 166 166 167 167 167 165 166 165 166
 166  29]"
"[ 29  30 198 198 196 196 196 198 197 198 198 196 195 195 196 195 195 195
 196 195 195 195 195 196 193 194 196 196 195 192 190 189 192 193 195 195
 194 192 191 191 192 190 189 190 190 189 189 189 187 187 187 187 188 188
 187 187 176 156 126  85  88  85  89  94 100 105 107 110 113 118 113 116
 118 115 112 110 108 104 101  98  88  86  82  83  91  97  98  98 105 111
 113 113 117 116 109 106 108 110 113 116 117 121 129 137 148 158 166 169
 177 185 187 187 195 193 197 192 189 192 189 189 186 190 187 188 188 188
 190 185 184 183 182 181 181 180 180 180 180 177 176 174 172 172 170 167
 161 159 155 150 142 135 137 145 151 152 154 156 157 157 158 159 160 159
 159 158 158 159 161 159 161 161 161 162 162 164 165 166 165 165 166 167
 167 166 164 163 165 165 165 165 165 165 164 164 167 168 167 167 166 166
 166  30]"
"[ 29  29 196 197 196 197 196 197 197 198 198 196 195 195 195 195 195 195
 195 195 194 194 195 196 197 196 194 194 193 192 191 191 191 193 195 195
 194 193 192 192 192 190 189 189 190 189 188 189 187 187 187 187 188 189
 189 188 175 154 121  89  88  86  86  88  94 100 103 106 106 112 111 118
 122 120 118 116 113 107 102 100  89  90  88  86  88  92  96 101 101 106
 109 111 113 108 100  96 103 101 102 107 113 118 123 127 125 138 148 152
 158 167 172 175 187 187 186 186 187 191 192 188 187 191 189 189 187 186
 188 186 187 186 184 181 180 180 180 180 179 178 177 175 172 171 171 168
 163 160 157 154 147 137 136 142 150 151 153 154 155 157 159 160 161 159
 159 159 156 155 158 160 160 161 162 164 164 165 165 164 165 164 164 165
 165 164 164 165 164 164 165 165 165 165 165 165 167 168 167 167 166 166
 166  29]"
"[ 29  28 195 195 196 197 196 196 198 198 198 197 196 196 195 195 195 195
 195 194 194 194 195 196 199 196 193 193 193 193 193 192 191 193 194 195
 194 193 192 192 191 190 189 189 189 188 188 188 187 187 187 188 189 189
 189 188 176 160 126 102  86  83  84  89  88  90  92  94  97 104 104 110
 118 118 118 119 116 112 109 109 102 101  97  92  90  91  92  95  97 102
 106 109 108 101  92  88  90  90  93  98 104 108 113 118 124 125 124 127
 138 151 156 157 161 168 171 177 181 186 194 190 188 190 188 187 186 185
 187 188 187 187 185 183 182 182 181 180 180 179 178 176 172 172 172 171
 168 164 160 159 153 141 137 142 150 153 155 154 155 158 161 161 161 159
 159 159 154 152 156 162 162 163 164 166 166 166 165 164 164 163 163 164
 164 163 164 165 163 163 165 166 166 166 166 166 167 168 167 167 166 167
 166  29]"
"[ 29  29 195 196 197 198 196 195 197 197 197 197 196 196 195 194 196 195
 195 194 194 195 195 196 195 193 192 193 194 194 193 193 193 194 195 195
 194 193 192 192 192 191 190 190 189 188 188 188 187 188 188 189 189 189
 188 187 179 169 140 120  93  82  81  84  81  79  79  83  89  97 100 104
 111 114 116 116 115 115 115 116 115 115 110 104 100  96  92  92  95  97
 101 104 102  94  86  84  80  80  84  89  94  98 104 109 117 126 132 130
 123 116 115 121 137 144 148 153 157 164 175 175 181 184 185 186 186 187
 188 188 186 186 186 185 185 183 182 181 180 179 179 177 173 172 173 173
 173 169 163 160 155 146 141 142 151 155 157 156 156 160 162 161 161 159
 158 156 153 153 159 163 166 165 165 164 165 165 165 165 161 162 164 165
 165 163 162 162 162 163 164 166 167 167 167 166 166 167 166 167 166 167
 166  29]"
"[ 29  29 196 197 197 198 196 196 195 195 195 196 196 195 194 194 195 195
 194 194 194 195 195 195 192 191 192 193 194 193 192 192 193 193 194 194
 193 193 192 192 192 192 192 191 189 188 188 187 187 188 189 190 191 190
 188 186 183 174 155 140 117  98  88  79  79  75  76  77  81  86  91  97
 107 111 112 109 109 114 118 118 118 122 123 118 112 105 101 101  99  98
 100 100  95  87  83  82  76  74  75  81  87  92  97 101 109 111 116 122
 120 110 101 100 110 110 115 118 125 140 149 155 159 169 180 184 185 186
 186 186 187 186 186 187 186 182 181 182 180 179 180 177 173 173 174 174
 175 173 167 160 157 151 144 140 148 153 156 156 157 160 161 159 159 158
 157 156 156 160 163 162 164 163 162 162 163 163 164 164 162 163 164 166
 165 163 162 162 162 163 164 166 167 167 166 166 165 166 165 166 166 167
 167  29]"
"[ 28  29 196 197 197 197 196 197 195 194 194 195 196 195 195 195 194 193
 193 193 193 194 194 194 193 192 192 193 193 192 193 194 191 191 192 192
 192 192 193 193 192 193 192 191 190 189 188 187 187 188 189 191 191 190
 189 187 186 180 169 158 145 130 117 103  81  72  73  74  79  84  90  95
  98 102 103 101 104 113 120 122 119 124 126 125 122 117 112 110 105 101
  99  95  87  79  77  76  73  72  73  77  81  86  93  99 103 109 117 121
 113  98  88  89  97  96 104 104 105 114 119 127 139 152 170 178 182 185
 187 190 187 187 187 187 185 182 181 182 180 180 180 178 175 174 176 175
 175 176 172 165 162 157 148 140 147 151 155 157 159 162 162 160 157 158
 159 160 161 165 165 160 161 161 161 162 163 164 164 163 164 164 164 165
 165 164 163 164 163 164 165 166 166 166 166 166 165 166 165 166 166 167
 167  29]"
"[ 29  29 196 196 196 197 196 197 195 194 194 195 196 195 195 195 193 193
 192 193 193 193 193 193 194 193 193 193 193 192 193 194 191 191 191 190
 190 191 191 191 191 191 191 190 189 190 188 186 187 187 188 189 190 189
 188 187 187 186 181 171 164 160 149 140 121 104  96  87  84  81  82  83
  90  91  91  93  98 108 117 121 117 121 123 124 126 123 119 118 113 108
 103  96  85  77  75  72  71  71  72  74  77  81  89  96 104 106 103  94
  84  78  81  89  85  89  99 103  99 100 106 114 115 117 129 141 153 163
 170 179 183 187 189 187 184 184 183 182 181 180 180 178 176 176 177 175
 176 178 176 172 170 164 153 144 148 150 154 157 160 162 162 161 159 160
 162 163 164 166 166 162 162 162 162 163 164 165 164 164 165 164 164 164
 165 165 165 166 165 165 166 166 166 166 166 165 165 166 166 167 166 166
 166  29]"
"[ 30  29 195 194 195 196 195 196 195 193 193 194 194 193 193 194 193 193
 193 193 194 194 193 193 193 192 191 192 193 192 192 192 193 192 191 190
 189 189 188 188 190 190 189 189 189 190 188 186 187 187 187 188 188 188
 186 186 186 188 185 178 174 177 162 155 154 137 126 109  96  87  88  90
  89  87  86  88  93  99 106 112 111 118 122 123 123 122 124 127 126 120
 115 106  94  86  84  80  71  67  66  69  75  80  85  89  96  95  85  73
  68  72  78  83  87  89  91  97  94  90  98 103 103  91  92 105 126 144
 156 169 176 185 190 188 186 187 186 181 179 178 178 177 175 175 176 174
 176 177 176 175 173 167 156 149 148 149 151 155 158 160 160 160 163 162
 164 165 164 164 166 165 164 163 163 163 164 165 165 164 164 164 164 165
 166 166 166 166 167 167 167 166 166 166 165 165 166 167 167 168 166 166
 166  29]"
"[ 30  30 195 195 194 192 195 196 196 194 193 193 191 191 192 192 193 192
 192 192 194 194 193 191 191 192 192 192 192 192 190 190 192 192 191 189
 188 188 188 188 190 190 190 188 189 191 191 188 187 187 186 186 186 187
 187 186 187 188 186 185 189 191 189 186 174 163 148 138 119 106 105  94
  86  85  86  89  93  97 100 103 107 111 116 118 119 121 123 124 124 125
 124 118 109 105 103 100  87  85  80  75  73  75  81  87  88  75  66  66
  66  67  71  74  76  81  82  86  87  87  95 102  98  85  82  89 105 123
 139 157 170 175 178 178 178 175 180 180 180 178 178 179 178 177 176 175
 175 175 178 181 181 173 161 153 144 148 152 155 157 160 161 162 162 163
 163 164 164 165 165 164 165 165 164 164 164 165 164 163 163 164 164 164
 166 167 167 165 167 167 167 166 166 166 165 165 166 168 166 166 166 167
 166  30]"
"[ 29  29 191 192 192 190 191 188 194 193 193 192 189 187 188 187 190 190
 190 192 193 193 191 190 192 192 193 192 191 189 189 189 192 190 188 188
 189 189 187 185 186 189 189 188 187 188 189 189 188 188 187 186 186 187
 187 186 185 186 185 185 187 188 186 186 186 182 176 175 161 147 139 123
 107  94  84  83  88  93  95  97 101 105 109 111 112 115 118 121 123 122
 122 122 122 124 124 120 124 116 110 100  82  71  70  70  59  56  56  60
  62  65  67  67  67  69  70  78  84  83  81  80  74  69  74  81  91 100
 107 117 123 132 140 140 137 137 156 169 181 179 179 180 179 178 176 173
 176 177 178 178 179 177 170 163 149 149 151 156 160 160 161 162 162 163
 164 164 164 164 165 164 165 165 164 164 164 165 165 164 163 164 164 164
 164 165 164 163 165 165 166 166 166 165 165 165 166 168 166 166 165 165
 164  29]"
"[ 29  28 180 180 182 181 184 178 179 180 182 183 180 179 180 180 177 178
 180 182 185 186 187 187 183 181 180 182 184 185 184 182 187 186 185 185
 186 186 185 183 185 186 186 185 183 184 184 183 180 180 180 180 181 183
 184 184 185 186 186 186 187 185 184 186 182 181 181 183 176 168 161 145
 138 124 110 104  99  95  94  95  94  98 104 109 113 115 114 113 117 115
 116 120 127 135 138 135 128 122 120 112  95  85  75  60  51  54  58  59
  60  63  63  60  61  61  60  70  79  77  70  62  59  63  72  77  79  80
  80  82  85  80  76  78  90 103 132 152 168 172 176 177 175 174 174 175
 176 178 178 177 178 179 176 171 157 152 152 159 163 162 161 163 162 163
 164 164 164 164 164 164 165 165 164 164 164 165 164 164 163 164 165 164
 165 165 164 163 165 165 166 166 166 166 166 166 166 168 166 166 165 165
 164  29]"
"[ 29  28 173 173 174 175 178 171 170 172 176 177 175 176 178 178 175 174
 174 174 174 175 176 177 174 172 171 173 178 180 178 175 172 174 175 175
 173 173 174 175 180 178 177 176 177 177 174 171 176 176 175 174 174 174
 174 174 176 176 176 176 176 173 172 175 178 177 175 176 174 173 172 162
 152 142 133 123 109  97  90  87  90  92  96 100 104 107 109 109 105 103
 105 109 116 125 131 131 128 124 122 118 105  89  69  52  50  53  57  58
  58  61  60  57  54  56  55  61  65  63  61  57  59  63  69  72  70  68
  67  69  72  67  68  74  82  86 104 118 153 162 171 175 175 174 175 178
 173 175 177 177 177 176 174 171 163 157 156 161 165 163 161 162 162 163
 164 164 163 164 164 165 165 165 165 164 164 164 164 163 163 164 165 165
 165 165 165 165 165 166 166 167 167 167 166 166 167 167 165 165 165 165
 165  30]"
"[ 28  30 175 175 176 176 176 170 173 175 178 178 175 175 177 178 177 176
 175 173 172 173 174 174 174 175 176 177 177 176 176 176 174 174 176 176
 174 173 175 178 178 177 177 178 179 179 176 173 175 175 174 173 172 172
 172 171 173 174 173 174 175 172 171 173 175 174 174 173 172 173 173 167
 167 159 152 144 131 121 110  99  89  91  94  96  98 100 102 103  98  96
  96 100 107 116 123 124 123 118 114 110  93  61  42  44  47  49  53  57
  58  57  54  49  52  56  57  58  59  57  59  60  64  64  66  69  68  65
  67  70  72  69  71  77  82  84 102 118 144 153 162 168 173 173 171 171
 170 170 173 175 174 169 167 166 165 162 161 163 165 164 162 161 162 163
 164 163 163 164 164 164 165 166 165 164 164 164 164 163 162 163 164 165
 166 166 165 165 165 165 166 166 167 167 167 167 167 166 162 162 163 164
 164  29]"
"[ 29  30 176 176 176 176 175 173 177 177 178 176 173 173 175 175 176 176
 175 175 175 175 175 175 176 178 179 179 179 177 176 176 177 175 174 175
 175 175 175 176 174 175 177 178 177 176 175 174 174 175 175 175 175 175
 175 175 172 173 173 173 174 173 172 173 176 176 177 176 174 175 174 171
 173 168 167 163 154 146 135 121 109 102  95  92  94  97  96  93  92  89
  89  94 103 112 117 117 115 115 106  95  77  51  40  51  49  48  52  56
  57  55  52  49  55  61  63  65  64  62  63  64  68  67  67  71  72  70
  73  74  73  69  70  76  83  82  95 104 131 143 153 160 166 166 164 165
 167 166 168 170 168 163 162 164 165 165 164 163 164 164 163 161 162 163
 163 163 163 164 165 164 164 165 165 164 164 164 164 164 164 164 165 166
 167 166 165 165 165 165 165 166 166 166 167 167 168 166 161 162 162 162
 162  28]"
"[ 29  29 175 175 174 177 175 178 179 179 179 176 174 175 177 176 177 177
 176 175 175 174 173 173 176 175 176 177 179 179 177 176 178 176 175 176
 177 175 175 175 176 177 179 179 178 177 177 177 178 179 178 176 175 174
 174 173 173 176 176 175 176 176 175 176 175 174 174 174 173 174 174 174
 175 172 176 177 167 161 155 144 141 126 106  93  90  91  89  85  81  79
  81  87  93  99 104 105 108 109  99  80  64  51  46  47  47  48  51  54
  55  57  59  59  61  66  67  69  70  67  67  67  71  72  70  73  74  73
  75  73  70  70  72  75  80  81  96 105 123 138 150 157 162 163 163 167
 166 165 165 165 163 161 161 164 164 164 163 162 162 163 163 161 162 162
 162 162 164 165 165 164 164 165 165 164 164 164 164 164 165 164 165 167
 168 166 165 165 166 165 165 165 165 165 165 166 166 165 162 162 162 161
 162  28]"
"[ 29  29 179 179 179 182 176 181 179 179 178 176 174 176 178 175 177 176
 175 174 175 176 178 178 174 176 178 178 178 177 178 179 177 177 178 179
 177 175 175 178 175 174 174 177 179 179 179 178 178 178 178 177 176 176
 176 176 174 178 178 176 176 176 175 176 175 174 175 176 177 179 179 181
 180 174 177 180 172 169 168 162 154 146 132 116 101  90  82  77  75  77
  82  86  87  90  95  98  95  95  88  73  58  51  49  47  48  52  58  59
  59  61  65  66  68  73  72  73  73  71  73  73  75  78  74  74  75  75
  76  71  71  70  70  74  83  88 101 107 122 136 146 153 161 163 161 164
 165 165 165 163 161 161 163 164 163 162 161 161 161 162 162 162 162 162
 162 162 164 165 165 164 164 165 165 164 163 164 164 164 164 163 164 166
 167 166 165 164 166 165 164 163 162 162 163 163 163 163 162 163 162 160
 161  29]"
"[ 29  29 179 178 179 178 178 178 178 178 177 177 177 177 177 176 176 176
 176 177 178 179 180 180 177 177 177 177 177 178 178 178 180 179 179 179
 179 179 178 177 178 178 178 177 177 178 179 179 178 179 179 177 176 176
 177 178 179 179 179 178 176 174 175 176 174 175 176 178 178 179 179 178
 179 179 178 177 176 174 173 172 167 164 155 144 132 118  99  84  75  74
  84  85  82  86  88  88  80  77  70  62  57  56  53  49  59  65  66  64
  68  71  69  68  70  74  73  70  72  72  71  74  74  76  75  74  76  76
  74  73  71  70  69  73  81  89  98 107 117 136 148 154 158 160 164 161
 164 164 164 163 163 163 163 164 164 164 163 162 162 162 162 162 162 162
 161 162 164 165 165 164 164 164 164 164 165 165 164 163 163 164 165 166
 166 165 164 164 164 163 162 161 161 162 161 160 161 160 161 160 163 163
 158  29]"
"[ 29  30 179 178 180 179 179 178 179 178 177 176 176 178 178 178 178 177
 176 176 177 178 179 180 178 178 178 178 178 179 179 179 179 179 179 179
 179 179 178 178 178 178 177 176 176 177 178 179 179 179 178 177 177 178
 179 179 179 179 179 179 178 176 176 177 174 175 176 177 178 178 178 178
 178 178 178 178 178 177 175 174 177 175 171 164 156 145 129 116 103  93
  88  81  79  85  84  81  74  67  59  57  59  61  58  54  62  66  66  67
  71  72  71  71  71  74  72  70  70  69  68  69  72  75  74  72  73  74
  72  72  72  72  72  75  81  88  97 107 117 134 144 150 154 156 161 160
 162 163 163 162 162 162 163 163 162 161 161 161 161 161 162 162 162 162
 161 161 163 164 164 163 162 162 162 162 163 163 164 164 163 164 165 165
 165 164 163 162 162 162 161 161 161 161 160 159 158 159 160 159 162 161
 157  30]"
"[ 29  29 178 177 179 179 179 178 179 178 176 175 176 178 178 178 179 178
 176 176 176 177 178 179 179 179 179 179 179 179 179 179 179 179 179 179
 179 179 179 178 179 178 177 176 176 176 178 179 179 178 177 178 179 179
 179 178 179 179 179 180 179 178 178 178 176 177 178 179 179 179 179 179
 177 177 177 178 179 178 176 174 175 176 175 173 171 165 154 145 142 127
 110  96  89  87  82  80  75  69  64  64  65  64  62  60  60  61  62  64
  68  68  68  70  69  71  69  67  67  65  62  63  65  69  69  67  67  68
  68  68  71  73  74  76  79  84  94 105 114 128 138 146 150 153 158 159
 161 161 162 162 161 161 161 162 160 161 161 161 161 162 163 163 162 162
 162 161 161 162 163 162 162 162 162 162 161 162 163 164 164 164 164 164
 163 163 162 161 161 161 160 160 160 160 159 158 157 157 159 158 159 158
 156  30]"
"[ 30  28 177 175 177 179 179 179 180 178 176 175 176 178 179 178 179 178
 177 176 176 176 177 178 179 179 179 179 179 179 179 179 180 179 179 179
 179 179 179 178 179 178 178 177 177 177 177 179 178 177 177 178 179 178
 177 177 178 178 179 179 178 178 178 179 178 178 179 179 180 179 179 179
 177 177 177 178 178 177 176 174 174 175 175 175 176 175 170 165 158 152
 144 135 123 104  88  83  78  73  69  67  66  64  64  65  61  62  63  64
  65  66  66  68  69  68  66  65  64  61  59  59  59  63  65  66  67  66
  66  69  70  72  72  73  76  80  89 100 108 120 132 141 148 152 156 159
 160 161 161 161 161 161 161 161 161 161 162 162 162 163 163 164 162 162
 162 161 161 161 162 162 163 163 162 162 161 161 161 162 163 163 162 162
 162 162 161 161 161 161 160 159 158 158 157 156 157 157 157 156 157 156
 154  29]"
"[ 30  29 176 174 177 178 179 179 179 178 177 177 178 180 180 179 179 179
 178 177 177 177 177 177 178 179 179 179 179 178 179 179 181 180 179 179
 179 179 178 178 178 178 178 178 177 176 177 178 177 178 178 179 178 176
 176 176 177 178 178 178 176 175 177 178 178 178 179 179 179 179 178 178
 176 177 179 179 178 177 176 176 178 178 178 178 179 180 179 176 171 169
 162 153 140 119  97  84  81  76  70  65  64  65  65  65  64  66  66  65
  63  65  67  66  66  62  60  60  57  54  53  52  53  55  59  63  65  63
  63  68  69  70  70  71  73  77  85  95 100 112 126 138 146 152 154 158
 158 159 160 161 161 160 161 161 161 161 161 161 162 162 162 163 162 163
 163 162 161 161 162 162 163 162 161 161 161 160 160 159 161 161 160 161
 161 162 161 161 161 161 159 157 156 156 156 155 157 156 155 154 155 155
 153  29]"
"[ 30  29 176 174 176 177 178 178 176 176 176 177 179 180 179 178 179 179
 179 179 178 178 177 177 178 179 179 179 179 178 179 179 180 180 179 179
 179 179 179 178 179 178 178 179 179 177 177 178 178 178 179 180 178 175
 175 176 178 178 179 178 177 176 177 178 179 179 179 179 179 179 178 178
 177 178 180 180 179 178 178 178 178 178 179 179 179 179 178 177 178 181
 178 172 164 145 113  80  74  73  69  66  65  65  65  64  61  62  64  63
  61  64  66  64  60  55  53  53  50  46  45  45  50  50  52  57  60  59
  60  66  67  68  68  70  72  75  81  89  95 106 122 133 144 152 154 158
 157 157 159 159 160 160 161 162 162 161 161 161 161 162 161 161 161 162
 162 161 161 161 161 161 162 161 160 160 160 160 159 158 159 159 159 159
 160 161 160 159 160 160 158 156 155 155 155 154 156 154 153 152 154 154
 153  29]"
"[ 29  28 177 175 176 177 177 177 176 176 177 178 178 179 177 176 178 179
 179 179 178 178 178 178 178 179 179 179 178 178 178 179 179 179 178 178
 179 179 179 179 179 178 179 180 179 177 177 179 179 178 178 179 177 174
 175 177 179 179 179 180 179 178 178 178 180 180 180 179 179 179 179 178
 178 179 180 180 179 179 179 179 178 179 179 179 178 178 177 177 176 177
 174 171 167 156 133 103  77  72  67  64  63  61  62  63  59  57  58  60
  59  60  60  57  51  46  46  48  45  42  42  42  49  49  47  49  53  57
  61  65  66  68  69  71  73  74  79  86  91 102 117 127 139 150 153 158
 158 158 159 160 160 160 161 162 162 161 160 161 161 162 161 160 159 160
 161 161 161 161 160 160 160 160 159 159 159 159 159 159 158 158 157 158
 159 159 158 156 158 158 157 155 154 154 154 154 154 152 153 152 153 152
 151  29]"
"[ 29  29 179 177 178 178 177 177 178 179 179 179 179 179 177 175 177 178
 178 178 178 177 177 178 178 179 179 179 177 177 177 177 178 178 177 177
 178 179 179 179 179 178 178 179 178 176 177 179 179 178 177 177 175 174
 174 177 179 178 178 179 180 180 177 176 179 179 179 179 178 178 178 178
 179 179 179 179 179 179 179 179 179 179 179 179 178 177 178 179 178 177
 175 177 170 160 149 130 106  89  70  62  60  57  57  57  58  52  52  54
  53  50  47  43  39  34  35  40  38  35  37  38  44  44  40  38  43  52
  58  62  66  69  71  74  75  76  79  86  88  97 112 121 134 148 152 158
 160 160 161 161 160 161 161 162 162 161 159 160 161 161 160 159 158 159
 160 160 160 160 160 159 158 158 158 157 156 156 157 158 158 157 157 157
 158 157 155 154 157 157 156 155 154 154 154 153 153 152 153 152 152 150
 149  28]"
"[ 29  29 179 178 179 178 177 178 178 178 178 179 179 179 178 177 176 177
 178 179 178 177 177 178 178 178 178 179 179 178 177 177 178 178 178 178
 179 179 179 178 179 179 180 180 178 175 176 179 178 177 176 175 174 174
 176 177 178 179 179 179 179 178 177 176 179 180 180 177 175 175 177 178
 179 179 180 180 178 178 179 180 179 179 180 179 178 177 178 180 178 175
 175 177 177 170 163 158 139 123  97  68  51  52  55  52  49  50  51  49
  50  43  32  34  28  22  25  32  29  28  28  26  27  26  29  32  36  41
  49  62  68  71  73  73  74  76  78  82  88  88 101 110 129 137 151 155
 158 160 161 162 161 160 160 159 160 160 160 160 160 160 160 159 157 157
 158 159 159 158 157 157 157 155 155 156 156 155 155 157 155 157 157 157
 157 158 158 158 155 155 154 154 154 154 153 153 153 153 151 153 152 151
 148  29]"
"[ 29  29 179 178 179 178 177 177 178 178 178 178 178 178 178 177 177 177
 177 178 178 178 177 178 178 178 177 178 179 178 178 178 179 179 179 179
 179 179 179 178 178 178 178 179 177 175 176 179 177 177 176 176 176 175
 176 178 179 178 178 179 179 179 178 177 178 179 178 176 174 175 176 178
 178 178 178 179 178 178 178 178 178 178 178 178 178 177 177 178 180 177
 176 177 176 173 170 169 163 148 102  60  53  56  52  52  50  51  49  46
  46  40  29  28  30  23  25  29  27  26  25  22  24  23  24  25  31  40
  49  61  65  69  71  73  78  80  78  78  84  89 101 108 123 131 145 152
 159 160 161 161 161 160 159 158 158 159 159 159 158 158 158 158 158 157
 156 156 156 156 157 157 156 154 154 155 155 154 154 155 154 156 156 155
 155 156 157 156 154 154 154 153 152 152 152 152 152 152 151 153 153 151
 148  29]"
"[ 29  29 179 178 179 178 178 178 179 178 178 178 178 178 178 177 178 178
 177 178 179 178 178 179 179 178 177 178 178 178 179 179 179 179 179 179
 179 179 178 176 178 178 178 179 177 176 177 179 178 178 178 178 178 177
 177 178 179 178 178 178 179 179 179 178 179 179 178 176 175 176 178 179
 179 178 178 178 179 178 178 178 179 178 177 178 179 178 177 176 176 175
 174 174 173 171 172 174 170 136  82  53  58  59  55  60  59  59  58  53
  52  47  36  33  31  29  30  30  25  24  26  25  26  25  25  25  32  43
  50  59  67  71  72  73  76  76  72  68  79  90 100 109 119 128 140 151
 159 160 161 161 161 161 159 157 158 158 159 158 158 157 157 158 158 156
 155 154 154 154 156 157 156 153 152 153 154 153 153 154 154 155 154 153
 153 154 155 155 153 153 153 153 151 151 151 151 150 151 150 152 152 151
 148  29]"
"[ 29  29 178 178 179 179 179 179 180 180 179 179 179 179 178 178 179 178
 178 178 178 177 178 179 179 178 177 177 177 177 178 178 179 179 179 179
 178 178 177 176 179 179 179 179 178 177 178 179 179 179 179 179 179 178
 178 179 179 179 178 178 179 179 179 178 180 180 179 177 177 178 179 180
 179 178 178 178 179 178 178 178 179 178 177 178 179 178 177 176 175 175
 175 175 174 172 173 174 163 112  71  65  65  61  63  69  64  66  68  65
  66  65  59  57  47  45  43  38  30  27  26  24  22  23  26  28  35  43
  48  56  64  70  72  71  73  73  72  71  75  89  97 107 116 127 136 148
 158 161 163 163 162 161 159 157 158 159 159 159 158 157 157 158 155 155
 155 154 154 154 154 154 155 153 151 152 152 152 153 153 155 155 154 153
 153 153 153 154 154 154 154 153 152 150 149 148 148 149 148 149 148 147
 146  29]"
"[ 29  29 178 177 179 179 179 180 179 180 180 180 179 179 179 179 178 178
 179 178 176 175 176 178 179 178 177 177 177 177 177 177 178 179 179 179
 179 180 179 178 179 179 179 179 178 178 178 179 179 178 178 178 179 179
 179 179 179 179 178 179 179 179 178 178 179 179 179 178 178 179 179 179
 179 178 178 178 177 177 178 179 176 176 177 177 177 176 175 174 176 176
 176 176 175 174 173 173 149 104  77  75  68  67  73  73  76  78  80  76
  73  72  66  65  65  60  53  48  45  42  37  31  26  27  32  36  40  42
  45  54  59  65  69  69  71  73  74  75  75  86  90 100 109 122 130 143
 154 159 164 165 163 162 160 159 158 158 157 157 157 155 155 156 154 154
 155 155 154 154 154 153 154 153 151 151 152 152 152 152 154 154 154 154
 153 152 152 152 153 153 152 152 152 151 148 146 146 146 145 145 143 143
 144  28]"
"[ 29  28 177 176 178 178 178 178 178 178 179 179 179 179 179 179 178 179
 179 178 177 175 176 178 178 177 177 177 177 177 176 176 176 177 178 179
 180 181 180 179 178 178 177 178 178 179 179 180 177 176 176 177 178 178
 179 180 179 179 178 178 178 178 178 178 179 179 179 179 179 179 179 178
 178 178 178 178 177 177 178 179 175 175 176 176 175 174 174 174 177 176
 175 175 174 174 172 171 140 104  76  71  72  74  76  76  76  77  81  79
  76  76  73  73  70  67  62  58  58  57  53  49  47  46  48  49  49  45
  43  49  56  61  64  67  70  71  72  73  79  83  84  93 102 115 125 138
 148 155 162 164 163 163 162 161 159 157 157 157 156 155 154 155 155 155
 154 154 154 154 154 154 155 154 152 152 152 153 153 153 153 153 153 154
 153 151 149 149 150 150 150 150 151 150 147 145 145 146 145 145 142 142
 144  29]"
"[ 29  28 177 176 178 177 176 176 175 176 178 179 179 178 178 178 179 179
 179 179 179 178 178 179 178 178 178 179 179 178 176 176 175 176 177 178
 180 180 180 179 178 178 177 177 178 179 180 179 177 176 175 176 177 178
 179 179 179 178 177 177 178 178 178 178 179 180 179 179 178 179 179 179
 178 177 177 178 178 178 177 177 175 175 176 176 176 175 175 175 177 177
 176 176 175 175 174 172 145 112  79  71  77  77  76  79  82  80  83  81
  77  75  72  72  74  73  70  66  63  61  59  61  64  62  62  61  60  55
  49  51  58  62  65  68  68  67  70  75  80  80  82  90  98 110 122 134
 142 150 158 161 163 164 164 163 161 158 157 157 157 155 154 154 154 154
 154 154 154 154 154 154 154 154 153 152 152 153 153 153 152 152 152 153
 152 149 148 148 147 148 148 148 148 147 146 146 145 146 145 146 144 145
 146  30]"
"[ 29  29 178 177 179 177 175 174 174 176 177 178 179 178 178 178 180 178
 178 179 180 180 179 179 179 179 180 180 180 178 176 175 177 177 178 179
 180 180 179 178 179 179 178 177 178 180 180 179 178 177 177 177 178 178
 178 178 178 177 177 176 177 178 179 179 179 179 179 178 178 178 179 179
 177 176 176 177 179 178 176 175 176 175 175 176 176 175 175 175 174 175
 175 175 174 173 171 169 144 117  88  75  74  77  80  81  83  79  82  81
  78  76  73  74  74  72  69  67  67  65  64  66  68  67  68  69  73  73
  66  64  70  74  77  74  67  61  65  74  75  74  80  90  97 106 119 131
 138 146 154 159 162 165 166 164 161 158 156 157 157 155 154 154 153 153
 154 155 155 154 153 153 152 153 152 151 151 151 151 151 152 151 152 153
 151 149 147 148 146 147 148 147 145 145 145 146 143 144 144 146 146 147
 146  29]"
"[ 29  28 179 179 178 176 177 177 178 178 177 177 178 179 179 178 179 179
 180 179 178 178 178 179 179 179 179 178 178 178 179 180 180 180 179 180
 180 180 180 180 177 178 178 178 178 178 179 179 177 177 177 177 179 180
 179 177 178 178 179 179 179 180 180 180 180 179 178 179 179 179 177 176
 176 176 176 176 177 176 175 175 176 176 176 176 177 179 177 174 175 175
 175 174 174 173 172 172 147 120 104  77  72  82  83  79  81  81  82  81
  79  77  75  73  73  73  71  68  64  63  65  67  66  69  70  69  70  73
  76  76  82  84  82  84  74  63  58  66  72  72  80  86  94 106 117 125
 132 142 151 156 162 167 167 165 165 162 159 156 154 153 153 154 154 154
 155 154 151 151 152 152 154 153 151 150 151 152 152 151 151 151 151 152
 151 149 150 152 149 148 147 146 144 144 145 147 145 143 141 145 146 147
 146  29]"
"[ 29  28 178 178 177 176 177 178 178 178 178 177 178 178 178 177 178 179
 179 179 178 178 178 179 179 179 179 178 177 177 178 179 179 179 178 179
 179 180 179 179 178 178 178 178 178 178 179 179 178 178 178 179 180 180
 179 177 177 178 178 179 179 180 180 179 179 179 180 179 179 178 177 177
 176 176 176 176 176 176 176 176 176 176 176 177 178 179 177 175 176 176
 176 175 174 173 172 171 161 137 117  94  82  79  82  82  81  81  81  80
  80  79  78  78  73  71  68  65  64  64  65  65  65  66  66  68  73  79
  82  82  82  92  99 100  91  62  46  59  65  69  77  82  90 103 112 121
 128 136 141 145 152 159 163 165 165 162 159 157 155 154 153 152 152 152
 153 153 151 151 152 151 153 152 151 150 151 151 150 149 150 149 149 149
 149 147 148 149 147 147 146 146 145 144 144 144 144 143 142 145 145 145
 145  29]"
"[ 30  28 177 176 176 176 177 177 179 179 179 178 178 178 177 176 176 178
 179 178 178 178 179 179 179 179 179 178 177 177 177 178 179 178 178 178
 179 180 179 178 178 179 179 179 179 178 178 178 178 178 179 179 180 180
 179 177 176 177 178 178 179 179 179 178 179 180 181 180 179 178 177 178
 177 177 176 176 175 175 176 176 177 175 175 176 177 177 175 175 175 175
 175 175 174 173 171 170 167 153 138 120 105  91  87  84  79  78  78  76
  74  74  74  75  73  70  65  64  65  65  63  62  63  62  62  66  73  80
  82  80  86  96 104 108 110  70  42  50  59  65  73  76  86  97 106 116
 124 131 138 144 151 157 162 166 167 165 161 158 156 154 151 150 150 150
 152 153 152 152 153 151 152 152 151 151 151 150 149 148 148 147 147 147
 146 145 145 145 144 144 145 146 146 144 143 143 144 143 142 145 144 144
 145  29]"
"[ 30  28 178 176 175 174 176 177 179 179 179 179 178 178 177 175 175 177
 178 178 178 178 179 179 179 179 179 178 178 178 178 178 179 178 178 178
 180 180 180 179 178 179 180 180 179 178 178 178 178 179 179 179 180 180
 179 178 177 178 178 178 179 179 179 178 179 180 181 180 179 178 177 178
 179 178 177 177 176 176 176 176 177 175 174 175 175 173 172 173 174 174
 175 175 174 172 171 170 166 162 156 142 129 114  95  82  74  75  75  72
  69  68  69  72  68  64  61  61  64  64  61  57  62  62  62  67  73  79
  79  77  85  98 107 114 115  67  47  53  55  61  66  69  80  90  97 109
 116 124 134 143 150 154 158 163 167 166 163 160 157 155 152 151 149 148
 150 151 151 152 152 151 150 150 150 150 150 149 148 147 147 146 145 145
 144 143 143 143 141 142 144 145 145 144 143 143 143 144 143 145 144 144
 145  29]"
"[ 30  29 179 177 174 174 176 178 179 179 179 179 179 179 177 176 174 177
 178 178 177 179 179 179 179 179 178 178 179 179 179 178 180 179 178 179
 180 180 180 179 179 179 180 180 179 179 178 178 179 179 179 179 180 181
 180 180 178 179 179 179 179 180 180 180 179 179 179 179 179 178 177 177
 178 177 177 178 179 179 178 177 177 175 175 175 175 173 172 173 173 174
 174 174 174 173 171 171 171 167 166 156 147 131  96  79  69  69  69  68
  67  67  66  66  58  56  55  57  60  61  58  55  56  57  58  62  68  73
  75  76  86  97 108 125 114  60  51  53  54  56  58  62  74  84  91 105
 115 121 130 138 145 150 156 164 167 167 166 162 158 155 154 153 149 148
 148 149 148 149 150 148 148 147 147 147 147 147 147 146 146 146 145 144
 144 143 143 142 139 141 143 144 143 142 142 143 142 144 143 144 144 144
 145  29]"
"[ 29  28 179 178 176 175 178 180 179 179 179 179 179 179 178 177 174 177
 179 178 178 179 179 178 180 179 179 179 180 180 179 179 179 179 179 179
 179 179 179 179 179 179 180 180 179 179 179 179 179 179 179 179 179 180
 180 180 179 179 179 179 179 179 179 179 179 178 178 179 179 179 178 176
 175 174 175 177 179 180 179 177 176 176 175 175 174 173 173 174 173 173
 173 173 173 172 171 171 173 167 169 167 159 135  90  79  73  71  70  71
  73  72  68  64  60  59  58  59  61  60  58  55  58  57  58  61  65  71
  76  79  88  93 105 127 103  54  50  50  54  54  55  59  70  81  90 102
 114 121 130 139 146 152 158 165 168 170 170 165 159 155 152 151 151 149
 148 148 146 147 147 146 146 146 146 146 146 146 146 146 146 146 146 145
 144 144 143 143 141 142 144 144 142 140 140 141 142 143 143 144 144 145
 146  28]"
"[ 29  28 179 179 178 177 179 180 179 179 179 179 179 179 178 177 175 178
 180 179 178 180 180 179 179 180 180 180 179 178 178 179 179 179 180 179
 179 179 179 179 179 179 179 179 179 179 179 179 179 179 179 179 178 179
 179 179 178 179 179 179 178 179 178 178 178 178 178 179 179 179 178 177
 173 174 175 177 178 178 177 177 176 176 176 174 173 174 174 174 173 173
 173 172 172 171 171 170 171 167 168 171 157 123  83  81  81  81  81  83
  83  81  76  72  71  69  66  65  65  65  63  61  58  56  56  60  66  73
  77  80  83  91 100 109  72  45  47  52  51  52  55  56  64  78  89  97
 108 117 127 136 145 150 155 159 166 169 170 167 162 157 153 150 151 149
 148 148 146 146 147 146 146 146 146 146 146 146 147 147 146 147 146 145
 143 144 144 143 143 143 144 144 143 141 140 140 142 143 143 145 146 148
 148  29]"
"[ 30  28 179 179 180 179 179 178 179 179 179 178 179 179 178 177 176 179
 181 179 179 180 180 179 179 180 181 180 178 177 177 179 180 180 181 180
 179 179 179 180 179 179 179 179 179 179 179 180 180 180 180 180 179 179
 179 178 179 180 180 180 180 179 179 178 178 178 179 179 179 178 178 178
 174 176 178 178 177 176 176 176 176 178 177 175 173 174 174 174 174 174
 174 173 172 171 171 171 170 170 165 165 145 108  79  83  80  84  88  89
  86  83  80  80  77  74  70  69  69  70  69  68  66  65  66  72  81  88
  92  93  88  91  86  78  44  46  47  48  46  49  54  52  57  74  85  90
 104 113 123 131 140 147 152 156 159 164 168 168 165 162 157 153 149 148
 147 147 145 146 147 146 146 146 146 146 146 146 146 146 145 146 146 144
 143 143 144 143 144 143 143 144 144 142 140 139 143 144 144 146 148 151
 149  30]"
"[ 28  29 180 179 180 179 178 179 179 179 179 179 179 179 179 179 179 179
 179 179 179 179 179 179 179 180 180 179 178 178 180 181 180 179 179 180
 180 179 179 179 179 179 179 179 179 179 179 179 180 179 179 179 179 179
 179 179 179 179 179 179 178 178 178 179 178 178 178 179 179 179 179 178
 178 178 176 174 174 175 176 176 174 175 175 175 175 175 174 174 173 173
 172 172 172 172 170 169 170 169 166 166 137 103  84  84  86  86  87  90
  89  86  82  80  75  75  74  72  71  71  71  71  68  68  74  84  88  96
 106 104  94  87  68  48  48  50  50  49  49  48  50  53  61  71  78  87
  97 112 122 129 133 143 148 153 159 161 164 166 166 164 160 156 155 150
 146 146 146 145 145 146 146 145 145 146 148 148 147 146 147 146 145 145
 145 145 145 146 145 146 146 146 144 144 144 145 145 145 147 151 152 154
 159  28]"
"[ 29  30 180 180 180 179 179 180 179 179 179 179 179 180 180 180 180 180
 180 180 180 179 179 178 179 179 179 179 178 179 181 182 180 179 179 180
 180 180 179 179 179 179 179 179 178 178 179 179 180 179 178 179 178 178
 178 178 179 179 179 179 178 179 179 179 179 179 179 179 179 179 179 179
 178 178 176 174 174 175 176 175 174 174 174 174 173 173 172 172 175 174
 172 171 171 171 171 170 172 167 164 162 133 101  87  89  85  85  86  88
  89  87  83  80  75  74  73  73  73  73  73  73  75  79  81  87  95 104
 113 113  99  66  48  43  47  48  49  50  48  48  51  53  59  67  73  82
  86 103 116 127 132 141 144 147 158 160 164 166 167 166 164 162 155 150
 146 146 147 148 148 148 149 148 148 149 150 150 149 148 147 146 147 148
 148 148 147 146 146 146 147 146 146 146 146 147 148 150 152 156 157 159
 163  29]"
"[ 29  30 181 180 180 179 179 181 180 180 180 180 180 180 181 181 180 180
 180 180 179 179 178 177 178 179 179 178 178 179 181 182 181 179 179 179
 180 180 180 180 180 180 179 178 178 178 179 179 179 179 179 179 178 178
 178 179 179 179 179 179 179 179 179 179 180 179 179 179 179 179 179 178
 178 178 178 176 175 175 176 176 176 176 175 175 174 173 173 172 171 171
 172 172 173 172 171 171 172 167 164 162 134 104  92  91  87  86  85  86
  87  87  84  80  76  74  73  73  73  73  74  74  78  84  84  87  97 105
 115 122 104  53  39  43  45  46  49  49  51  53  56  56  59  64  69  78
  82  97 111 123 129 137 138 139 152 155 159 162 163 165 165 165 159 154
 149 148 150 151 151 151 151 151 151 152 153 153 152 151 149 148 148 149
 149 149 148 148 148 148 148 147 147 147 148 150 152 154 156 159 160 163
 165  29]"
"[ 29  30 180 179 179 178 179 181 179 180 181 181 181 181 181 181 180 179
 179 179 178 178 178 177 179 179 179 179 178 179 180 182 182 181 179 179
 179 179 179 180 180 180 179 179 179 180 179 179 180 179 179 180 179 179
 179 180 179 179 179 179 180 180 180 179 180 179 178 178 179 179 178 178
 178 179 179 177 176 176 176 177 175 174 174 173 173 173 172 172 172 172
 173 173 173 172 171 171 170 166 167 165 140 114  99  88  89  85  82  82
  82  81  78  76  76  75  74  73  72  72  72  74  78  82  84  89  95 102
 116 125  89  48  44  44  44  48  50  51  55  57  60  58  58  62  67  75
  86  98 109 119 126 135 137 139 146 151 155 158 160 163 166 168 165 160
 156 154 154 153 153 153 152 152 152 153 153 153 152 151 152 150 148 147
 147 147 148 149 150 150 149 147 147 147 149 150 154 156 156 157 158 163
 165  29]"
"[ 29  29 180 179 179 179 179 180 179 180 181 181 181 181 181 181 180 179
 179 178 178 178 179 179 180 180 180 180 180 181 182 183 183 181 179 179
 180 180 180 180 180 180 180 180 181 181 181 180 180 180 180 180 179 179
 179 180 179 179 179 180 180 180 179 179 180 179 179 178 179 179 178 178
 179 179 179 178 176 175 175 176 175 175 174 174 175 174 174 173 176 175
 173 172 171 170 170 170 168 166 167 163 145 125 108  88  88  84  82  82
  81  78  75  76  76  75  74  73  70  68  69  71  76  78  82  88  91 100
 110 109  62  44  49  46  47  52  53  56  57  59  61  58  57  61  65  73
  85  94 102 113 120 131 135 140 140 145 150 153 156 160 164 167 168 165
 162 159 156 154 153 153 152 152 152 152 152 151 150 150 151 148 146 145
 145 146 147 148 150 149 148 147 146 147 148 149 153 155 155 155 158 164
 167  29]"
"[ 29  29 180 179 180 180 180 180 179 180 182 182 181 181 181 181 180 179
 179 178 179 180 181 182 182 181 181 181 182 183 184 184 183 181 179 180
 181 181 181 181 180 180 180 181 182 182 182 181 181 180 180 180 179 178
 178 179 180 180 180 180 180 180 180 179 180 180 180 179 179 179 179 180
 180 179 179 178 176 175 175 175 175 175 175 176 177 176 175 174 172 173
 174 175 174 172 170 169 169 168 167 161 150 135 119  97  86  83  81  80
  78  75  73  74  73  72  72  71  67  64  64  67  71  74  77  80  83  94
  97  80  52  48  54  51  55  56  54  59  60  61  62  59  59  64  67  73
  82  90  97 107 114 124 129 135 136 139 144 147 151 157 162 165 166 166
 165 162 158 155 153 153 152 152 152 152 151 150 149 149 147 146 145 145
 146 146 146 146 148 148 147 147 147 148 149 150 151 153 154 156 159 165
 167  29]"
"[ 29  29 179 179 181 181 180 180 180 181 183 183 182 181 181 181 180 179
 179 179 179 180 181 182 183 182 182 182 183 183 184 185 183 181 179 180
 181 182 182 182 181 180 180 181 182 183 182 181 181 181 181 181 180 179
 180 182 181 181 181 180 180 180 180 180 180 180 180 179 179 179 180 181
 179 178 178 178 177 176 176 177 175 175 176 178 179 179 177 176 173 176
 179 180 179 177 174 172 174 174 174 169 162 146 131 112  86  83  78  72
  68  68  68  67  66  65  65  65  63  60  60  62  68  72  72  73  77  83
  80  65  58  57  59  56  60  57  55  60  64  64  63  60  62  66  68  72
  81  89  95 105 110 118 123 130 134 136 139 142 147 153 159 162 164 165
 166 164 161 157 155 153 152 152 152 151 151 150 149 148 145 145 145 146
 147 146 146 146 146 146 147 147 148 149 150 150 151 153 154 157 160 164
 166  29]"
"[ 29  29 179 179 181 181 180 179 180 182 183 184 182 181 181 181 179 179
 178 178 179 180 181 181 183 183 182 182 182 183 183 183 183 181 180 181
 182 182 182 181 182 181 180 181 182 182 182 181 182 182 182 183 182 182
 183 185 182 182 181 180 179 179 180 181 179 179 180 179 178 178 179 181
 177 176 175 177 177 177 178 179 180 181 182 185 187 187 186 184 185 185
 184 182 181 180 180 180 179 181 183 180 174 155 139 123  94  91  81  68
  63  66  67  65  61  59  58  60  60  58  57  58  63  67  64  66  70  68
  65  62  58  58  58  55  58  56  58  62  66  65  62  59  62  66  66  68
  74  81  88  97 102 110 115 123 130 131 132 134 139 146 152 155 164 165
 167 166 164 161 157 154 151 152 152 151 150 149 148 147 146 146 146 146
 147 146 146 146 146 146 147 148 149 150 151 151 154 154 154 157 159 163
 165  29]"
"[ 28  29 179 181 181 181 181 178 180 182 184 184 182 180 179 180 180 178
 179 180 180 182 181 179 183 186 187 184 182 183 185 185 185 182 181 183
 184 182 180 181 180 182 182 182 182 183 183 182 185 185 185 183 181 182
 185 188 185 182 182 186 188 188 188 190 189 190 189 187 187 188 188 190
 192 193 196 198 197 194 191 190 192 195 195 194 193 191 189 190 188 188
 188 187 186 186 187 187 185 182 180 181 179 172 156 140 122 103  83  69
  63  66  66  65  57  58  57  59  60  55  52  57  59  62  63  59  59  63
  64  61  60  61  61  61  59  58  59  61  65  66  66  64  64  67  71  74
  76  82  85  90  97 102 108 117 122 127 129 129 132 138 144 146 154 161
 165 168 168 164 160 154 152 152 151 152 151 150 149 149 148 148 146 145
 146 147 147 146 145 147 148 147 147 148 150 153 153 155 157 159 160 164
 167  29]"
"[ 31  31 181 182 182 182 183 180 181 182 183 184 183 182 182 182 182 181
 182 182 182 184 186 184 182 186 187 184 183 185 187 187 184 184 185 186
 184 182 183 186 186 187 187 187 187 188 189 189 192 192 192 191 190 191
 194 196 196 194 195 198 200 198 196 196 195 196 195 194 195 195 194 195
 195 195 196 197 197 195 193 192 192 194 194 193 192 190 189 190 189 189
 188 188 187 186 187 187 185 182 180 180 180 176 165 153 132 116 101  84
  75  71  68  66  55  58  59  59  60  56  52  53  58  58  58  57  58  60
  62  62  62  62  63  63  61  59  59  60  65  67  68  66  65  68  72  74
  79  82  85  90  96  98 102 110 117 122 127 128 130 136 143 147 151 158
 163 167 169 166 164 159 155 154 153 153 152 151 150 150 149 148 147 146
 147 148 148 148 147 147 147 146 147 149 151 153 152 154 156 159 160 165
 168  29]"
"[ 29  28 180 181 181 182 184 182 186 185 184 185 186 186 186 186 185 185
 187 187 186 187 188 187 190 193 193 190 188 189 190 190 193 194 196 198
 196 194 196 200 199 200 200 199 199 200 201 202 198 198 198 198 198 199
 201 202 200 198 198 201 201 198 196 195 197 198 198 197 198 198 197 197
 197 195 194 195 196 196 195 194 193 195 194 193 192 191 190 191 190 190
 190 189 188 187 187 187 186 182 180 179 179 179 175 168 152 133 117  97
  85  73  69  66  60  61  61  62  61  56  55  58  62  58  56  58  60  61
  62  64  63  63  63  63  62  60  60  60  64  67  68  66  67  70  74  74
  82  84  87  92  96  95  97 105 110 118 124 126 127 132 139 143 146 153
 159 165 168 168 168 165 158 157 155 153 152 151 151 151 148 148 147 146
 147 148 149 150 149 148 146 146 147 150 152 153 153 154 156 159 161 166
 168  29]"
"[ 29  29 187 189 189 189 193 193 197 196 195 195 195 195 196 196 197 198
 200 201 199 199 198 196 197 199 201 200 201 204 206 207 201 200 200 202
 204 203 203 204 200 201 200 199 198 199 200 201 200 200 199 200 201 202
 202 202 201 198 197 198 198 196 195 196 195 197 196 196 197 197 195 195
 196 194 194 195 196 196 195 195 194 196 195 193 193 192 191 192 191 191
 191 190 188 187 187 187 187 184 182 180 179 180 179 176 169 149 136 113
  96  74  68  67  68  66  65  65  62  57  61  70  69  63  58  58  60  62
  64  66  65  63  61  61  61  62  63  64  65  68  70  69  70  75  78  79
  86  90  92  95  97  95  97 105 108 115 122 123 124 127 133 137 142 148
 154 161 166 167 170 168 161 159 156 153 151 151 151 151 148 147 146 146
 147 147 148 150 150 149 147 146 147 149 151 152 154 155 157 160 162 166
 167  28]"
"[ 29  31 197 199 198 197 201 202 203 202 202 202 201 201 202 203 200 200
 202 202 201 201 200 196 202 203 203 201 200 201 202 201 203 201 200 201
 202 202 201 200 201 201 201 201 199 199 200 201 202 201 201 201 202 202
 201 200 201 199 197 197 197 197 197 197 196 197 196 196 197 197 196 195
 195 195 196 197 197 195 195 195 194 195 194 192 193 192 191 192 191 191
 190 189 188 187 186 186 187 185 184 182 180 180 181 179 174 163 160 139
 113  80  70  71  69  69  69  67  62  62  68  76  72  67  60  57  58  62
  65  65  66  63  61  61  62  64  66  68  69  72  74  74  76  81  85  86
  89  96  97  96  97  97 100 107 110 114 119 121 122 124 128 131 138 144
 149 156 162 164 168 168 165 163 158 154 151 151 152 152 149 148 148 148
 148 147 148 150 150 149 148 148 147 148 150 151 154 156 159 162 162 165
 167  28]"
"[ 28  30 200 204 202 199 203 203 202 202 203 203 202 201 202 203 204 203
 204 204 203 204 205 203 203 204 204 203 203 204 205 205 201 201 201 202
 202 202 202 202 201 200 200 200 200 199 200 201 202 202 201 201 201 201
 200 199 199 198 197 197 197 196 195 195 197 198 197 196 197 197 196 196
 195 197 198 199 198 196 195 195 194 195 194 193 193 192 191 192 192 192
 192 190 189 187 187 187 187 185 184 184 181 181 181 180 177 170 169 153
 129  99  85  82  71  74  74  68  64  68  74  74  74  70  63  58  59  64
  67  67  66  64  62  62  63  65  66  67  72  75  77  79  82  86  91  93
  93  99 100  96  96  98 102 108 112 114 117 119 120 123 127 129 135 140
 144 151 157 161 166 167 166 165 161 155 151 151 152 152 151 151 151 151
 150 148 148 150 150 150 150 149 148 148 150 151 154 156 160 163 162 166
 168  29]"
"[ 29  30 203 207 206 202 206 205 205 205 206 207 206 204 203 204 207 206
 206 206 204 205 207 206 207 206 205 204 203 202 201 200 199 200 201 201
 202 202 202 203 203 202 202 202 201 200 201 202 200 201 201 201 200 200
 199 199 199 199 198 197 197 197 196 196 196 198 198 197 197 197 196 196
 195 196 198 199 198 196 195 196 195 196 195 194 194 193 192 193 193 193
 192 191 189 188 188 188 187 184 184 184 183 183 183 181 180 175 171 159
 146 131 115 104  91  85  78  71  67  72  75  72  75  72  67  62  63  67
  70  71  68  66  63  62  63  64  66  67  71  73  76  81  85  89  94  98
  98 101  99  96  98 100 104 110 115 115 116 117 118 121 124 126 131 135
 138 146 153 157 164 166 166 166 164 158 153 152 152 151 153 152 152 152
 150 147 148 151 151 151 151 151 150 150 151 152 154 156 159 163 163 167
 168  29]"
"[ 29  29 203 208 208 205 208 207 207 207 208 209 208 205 203 203 207 208
 209 208 205 205 206 205 206 206 205 205 205 205 205 205 203 202 202 201
 202 202 200 199 204 202 201 201 200 199 199 200 199 200 201 201 200 199
 200 200 200 199 197 196 196 196 197 197 196 199 198 197 198 197 196 196
 194 195 196 197 197 196 196 196 195 196 195 194 195 194 192 193 193 193
 191 190 188 187 187 187 189 186 185 185 184 185 185 183 180 180 178 170
 163 159 144 129 115  96  80  74  71  72  75  75  75  72  68  65  66  68
  71  72  72  68  64  62  62  64  67  69  69  70  75  82  87  91  96 100
 102 101  98  97 101 102 105 112 117 116 116 115 116 118 121 124 127 131
 134 143 150 155 162 165 166 168 167 161 155 153 153 152 152 151 151 151
 148 146 147 151 152 152 152 151 151 152 153 154 155 156 159 163 164 168
 169  29]"
"[ 30  29 205 208 208 208 207 207 207 207 206 206 207 208 206 204 206 209
 205 206 203 206 208 208 206 206 206 206 206 205 204 203 203 203 202 202
 201 201 200 200 202 202 201 200 199 199 200 200 199 200 200 200 200 199
 199 200 199 200 199 198 197 198 198 198 196 198 198 197 197 198 198 195
 196 196 196 196 196 196 195 195 195 195 195 195 195 195 194 193 192 192
 190 190 190 190 188 186 188 187 187 187 187 187 187 187 182 181 178 176
 178 176 165 153 142 118  98  86  74  70  76  80  75  73  71  69  71  74
  73  71  71  70  65  63  65  67  69  71  68  67  71  81  90  95 100 104
 103  98  96  96 102 103 106 106 112 116 116 114 112 114 119 125 127 131
 132 138 146 151 159 164 166 167 166 162 158 155 153 152 151 152 151 150
 149 148 149 150 153 152 150 150 151 153 154 154 156 159 160 161 163 164
 169  28]"
"[ 29  28 205 207 207 207 207 207 208 208 208 208 208 209 208 206 207 208
 203 204 202 205 208 208 207 207 207 206 206 206 204 204 203 203 202 202
 201 201 201 201 201 201 201 200 200 201 201 201 200 200 200 200 199 199
 200 200 201 201 200 199 198 199 199 200 196 197 197 196 196 197 197 196
 196 196 196 195 195 195 195 195 195 195 195 195 195 194 194 194 192 192
 192 191 192 191 189 187 187 187 187 187 187 187 187 187 183 182 180 179
 180 179 173 164 153 139 126 113  94  82  80  79  81  77  73  69  69  71
  72  71  70  71  69  66  65  65  67  70  70  71  73  80  89  99 105 108
 102  95  92  92 100 102 106 107 108 111 113 113 113 113 116 121 126 130
 131 136 142 146 154 159 165 166 166 164 161 157 154 152 151 152 151 150
 149 148 150 151 151 151 150 151 152 153 154 155 157 159 160 161 164 165
 171  29]"
"[ 29  29 206 208 208 207 208 209 209 210 210 209 209 209 208 207 207 207
 202 204 203 206 208 208 209 208 207 207 206 206 205 205 203 203 203 202
 201 201 202 203 201 201 201 201 201 201 201 200 200 200 201 200 199 199
 200 201 201 201 200 199 198 199 200 200 198 198 197 197 197 196 196 196
 196 196 196 195 195 195 195 195 195 195 195 195 194 194 194 194 192 192
 192 192 193 192 189 187 188 187 187 187 186 186 186 185 183 183 182 180
 180 181 179 175 166 159 151 136 114  97  86  78  81  78  75  74  73  72
  71  72  72  72  70  67  65  65  68  70  72  75  77  81  91 103 109 110
 101  93  89  89  98 102 106 106 107 108 109 112 114 113 115 119 124 129
 131 136 141 144 152 158 163 165 167 167 165 161 156 153 151 151 151 150
 148 147 148 150 149 150 151 151 152 153 154 155 158 159 160 161 164 166
 171  30]"
"[ 29  30 207 209 208 208 209 210 209 210 210 209 208 208 208 207 206 208
 204 207 206 208 208 207 209 208 208 207 207 207 206 206 204 204 204 202
 201 201 202 204 202 201 201 201 201 201 200 200 200 201 201 200 199 199
 200 201 199 200 200 199 199 199 200 200 200 199 199 199 198 196 196 197
 197 197 196 195 194 194 195 196 196 195 195 194 194 194 194 194 193 192
 192 191 191 191 189 187 189 189 188 187 187 186 185 185 184 184 183 181
 180 181 180 179 178 172 165 152 137 124 109  95  83  78  76  76  76  73
  71  71  70  70  71  70  67  66  67  68  72  76  80  84  94 105 109 108
 100  93  89  89  98 101 105 105 107 107 107 109 112 112 115 121 123 130
 135 141 145 147 154 159 162 164 167 168 168 164 159 154 151 152 152 151
 149 148 148 149 149 150 151 152 152 153 154 156 159 160 160 162 165 167
 171  29]"
"[ 29  30 207 210 207 206 208 209 208 209 210 209 208 208 208 208 207 209
 206 209 207 208 208 207 208 208 208 208 208 208 207 206 205 205 204 203
 202 202 203 203 203 202 200 200 200 201 200 200 200 201 202 201 200 200
 200 201 199 200 201 201 201 201 201 201 199 199 199 200 199 197 197 198
 197 197 197 196 195 195 196 196 196 195 195 194 194 194 194 194 194 193
 191 190 189 189 189 187 190 190 189 189 188 188 187 187 187 186 184 183
 182 182 181 180 181 178 172 165 159 151 138 124 115 106  96  89  81  72
  66  64  67  69  75  76  72  70  70  68  70  72  77  85  94 102 105 106
  99  93  89  88  95  97 102 104 106 106 105 107 108 109 114 121 124 131
 136 143 148 149 153 156 160 162 165 168 169 167 162 158 153 153 154 153
 152 151 151 151 150 151 152 153 152 153 155 156 161 162 162 164 168 169
 172  29]"
"[ 28  30 207 210 208 206 207 208 207 209 209 209 209 210 210 210 209 209
 205 208 206 207 208 209 208 207 207 208 208 208 207 207 206 205 204 203
 202 202 203 203 202 201 200 200 200 201 201 201 200 201 201 202 201 201
 200 200 199 201 202 202 202 202 201 201 197 198 199 199 198 198 198 198
 197 197 197 196 196 196 196 197 196 195 195 194 194 194 194 195 195 194
 192 190 189 190 190 189 189 189 189 189 188 188 188 188 188 186 185 185
 185 183 182 181 179 179 177 174 171 165 154 144 131 124 116 111 105  96
  89  87  79  74  72  73  73  74  72  66  67  68  72  80  89  96 100 103
  96  90  87  85  90  92  99 103 103 104 105 106 108 108 113 120 122 128
 132 140 147 150 153 154 159 161 163 166 169 168 165 162 154 154 153 153
 153 152 152 152 152 153 153 153 153 154 156 157 161 162 163 165 168 169
 172  28]"
"[ 29  30 209 211 209 208 208 209 207 209 209 209 210 211 211 211 210 209
 204 207 206 207 209 210 208 208 207 207 207 207 207 206 205 204 203 202
 203 203 203 203 203 202 201 201 201 201 201 201 201 201 201 201 201 201
 200 200 200 201 202 202 201 201 200 200 196 198 199 197 197 197 198 197
 197 197 197 196 197 197 197 196 196 196 195 195 195 195 195 195 195 195
 193 192 191 192 192 191 190 190 190 189 189 188 188 188 187 186 185 186
 186 183 181 182 180 181 180 179 178 173 166 162 150 147 144 141 135 128
 121 118 110  97  86  80  75  73  70  62  65  66  69  75  82  88  93  96
  88  84  83  82  87  89  96  99 100 102 104 105 108 110 115 120 120 123
 126 136 147 152 156 156 159 160 163 165 168 168 166 164 157 155 153 152
 152 152 153 153 153 154 154 154 154 155 157 158 160 161 163 164 167 168
 171  28]"
"[ 28  30 208 212 210 209 209 209 208 209 210 209 210 211 211 211 211 209
 204 207 207 209 210 210 209 208 207 206 206 206 206 206 205 203 202 202
 203 204 204 203 203 203 203 202 202 201 201 200 201 201 200 200 201 201
 201 200 201 202 202 201 200 200 199 199 197 199 199 197 195 197 197 197
 197 197 196 197 197 197 197 196 196 196 196 195 195 195 195 195 194 194
 194 193 193 193 193 192 193 192 192 191 190 189 188 188 187 186 186 187
 186 183 181 182 181 180 178 179 181 180 177 177 177 174 171 167 160 154
 150 148 144 133 122 107  87  75  69  62  64  66  69  72  77  83  87  88
  81  79  81  82  88  89  94  96  97 100 101 103 107 112 117 122 122 123
 124 134 147 154 158 159 160 161 163 165 167 168 166 164 160 157 153 151
 151 152 152 152 153 154 155 155 155 156 158 159 160 161 163 164 167 168
 172  29]"
"[ 30  29 210 211 211 210 211 209 209 209 211 212 211 212 212 210 211 211
 209 208 208 208 208 209 208 209 208 206 205 206 205 203 203 203 203 203
 203 204 204 203 205 204 202 202 202 201 200 198 200 200 201 201 200 199
 200 200 199 200 200 200 200 200 200 199 199 199 199 198 197 196 196 196
 197 196 197 197 196 195 195 196 195 195 194 195 195 195 194 192 192 193
 194 194 194 194 193 193 192 192 191 191 190 189 189 188 187 187 187 186
 184 184 185 186 183 181 181 181 180 179 178 175 176 175 174 175 174 171
 168 167 161 152 143 131 116 105  92  76  75  64  67  72  76  82  81  79
  74  74  76  79  81  82  87  93  93  96  98 102 107 113 118 120 121 124
 127 133 144 153 158 161 162 163 164 165 166 167 165 162 160 160 157 153
 153 153 153 153 154 154 154 155 156 157 158 159 160 161 161 162 166 167
 171  29]"
"[ 29  28 209 209 209 209 211 210 209 208 210 211 211 213 213 211 211 210
 210 209 208 208 208 209 209 209 208 208 207 205 205 206 205 204 203 203
 204 205 204 204 206 204 202 201 201 200 199 199 200 201 201 201 201 200
 200 200 199 200 200 200 200 200 200 199 199 199 199 198 197 197 197 197
 196 196 196 197 197 195 195 197 197 196 195 195 195 195 193 192 193 194
 195 195 194 194 193 193 193 192 192 191 191 190 190 189 188 188 188 186
 185 184 185 186 185 184 184 183 181 180 179 178 177 175 174 174 173 171
 169 169 168 164 161 150 137 128 116 100  86  69  65  68  72  75  71  67
  68  68  70  72  72  73  79  85  89  92  96 102 108 113 117 118 122 125
 126 129 139 149 156 161 162 161 162 164 165 165 164 164 163 163 158 154
 154 153 152 152 153 154 154 155 156 157 159 160 160 161 162 163 167 169
 172  29]"
"[ 29  28 209 208 208 209 211 211 210 209 210 212 212 214 214 212 210 211
 211 210 209 209 209 209 210 208 208 210 209 206 206 208 205 204 203 203
 204 204 204 203 206 205 202 201 201 201 201 201 201 201 202 202 202 201
 200 199 199 200 200 200 199 199 200 200 199 199 199 198 197 197 197 197
 196 196 197 197 197 196 196 197 198 197 196 195 195 194 193 192 194 195
 195 195 194 193 193 193 193 192 192 192 193 192 191 190 189 189 189 188
 187 186 186 187 186 185 185 184 180 179 180 179 178 176 174 173 172 171
 170 171 170 172 173 166 156 152 143 129 120  96  79  73  69  67  64  63
  65  65  67  68  68  70  77  84  85  87  93 101 108 112 115 118 121 125
 127 130 137 145 151 155 162 161 162 164 164 163 164 167 167 165 160 155
 154 153 151 151 154 154 154 155 156 158 159 160 160 161 162 164 168 169
 172  29]"
"[ 29  28 210 210 209 210 213 213 213 210 211 213 213 214 213 211 210 211
 212 212 211 210 210 210 210 209 209 210 210 209 208 209 206 205 205 204
 204 203 203 203 205 204 202 201 201 202 202 202 202 202 201 202 202 201
 200 199 199 200 200 199 198 198 199 200 199 200 200 199 198 197 197 197
 197 197 196 197 197 197 197 198 198 197 196 195 195 195 195 194 195 195
 195 195 194 194 194 194 193 193 193 193 194 194 192 191 190 191 191 190
 189 188 187 187 185 185 185 184 180 178 179 179 179 178 176 174 173 172
 173 173 171 172 173 170 165 164 160 152 146 123 102  88  74  64  63  67
  65  65  66  67  67  69  75  81  84  85  90  98 105 109 114 118 121 126
 130 132 137 142 146 150 160 161 162 163 162 162 164 167 168 166 161 156
 155 153 152 153 154 154 154 154 155 157 159 160 160 161 163 165 169 170
 173  29]"
"[ 29  29 211 211 211 212 214 214 214 211 212 214 214 213 212 210 210 211
 213 213 212 211 211 211 211 211 210 209 210 211 210 207 207 208 208 206
 204 203 203 204 203 202 201 201 201 201 201 202 203 202 200 200 201 201
 200 199 199 200 199 198 197 197 198 199 198 199 200 200 199 198 197 197
 197 196 195 195 197 198 199 199 197 196 196 195 196 196 196 196 195 195
 195 195 194 194 195 196 194 194 194 194 194 193 192 190 191 191 191 190
 189 188 188 187 187 186 186 185 181 179 181 181 181 180 179 177 176 176
 176 175 174 173 172 172 171 170 168 165 155 141 126 112  93  76  70  71
  70  69  68  68  68  70  73  76  81  82  86  94 102 106 112 116 121 126
 130 131 135 139 144 148 155 159 162 161 160 163 165 166 168 167 164 159
 156 153 153 155 155 154 154 154 155 157 158 160 161 162 164 166 171 172
 174  29]"
"[ 29  29 211 212 212 213 215 214 214 212 213 215 214 212 212 211 209 211
 212 213 213 212 211 210 212 213 212 210 210 211 209 206 207 208 208 207
 204 203 203 204 203 203 202 202 202 201 201 201 202 201 200 200 201 201
 200 199 198 199 198 197 196 196 197 198 195 196 198 198 198 197 197 197
 197 196 195 196 197 200 200 200 196 196 196 196 196 196 196 196 195 195
 195 194 194 194 195 195 196 195 195 195 194 193 191 190 192 191 191 190
 189 188 188 187 188 187 187 186 183 182 182 182 182 182 180 179 179 179
 177 176 176 173 172 173 173 171 169 169 165 158 145 133 115  94  79  72
  75  73  72  71  71  72  74  75  76  78  83  90  97 103 109 113 116 122
 127 130 134 138 141 143 151 157 161 160 161 165 167 167 167 168 166 162
 158 154 152 154 154 154 154 155 155 157 158 160 161 162 163 166 171 172
 173  29]"
"[ 30  29 211 212 213 213 215 214 214 212 213 214 212 211 212 213 210 211
 212 214 214 213 212 211 212 213 212 212 211 210 208 207 208 207 207 206
 205 204 204 204 204 204 204 203 203 203 203 203 202 201 200 201 201 201
 200 200 199 200 199 198 197 197 198 198 196 196 197 196 196 196 196 196
 197 196 196 196 198 200 200 198 196 196 196 196 196 196 196 196 196 195
 195 194 193 194 195 195 196 196 195 195 195 194 193 192 193 192 192 191
 190 189 189 188 189 188 187 187 185 184 184 182 182 181 180 179 179 179
 178 175 175 174 173 173 173 171 169 169 172 168 155 145 131 111  91  76
  77  75  73  71  71  72  73  73  74  75  79  84  91  99 105 109 111 118
 124 128 133 137 138 139 149 154 158 159 161 165 167 167 166 168 168 166
 163 157 152 153 151 153 155 156 157 157 159 160 161 162 163 165 170 171
 173  28]"
"[ 31  29 211 212 213 214 215 214 215 213 213 214 211 210 212 214 211 212
 213 214 214 214 213 212 212 211 212 213 211 208 208 210 208 207 206 206
 206 206 205 205 204 204 203 203 203 203 204 204 201 201 201 201 202 202
 201 200 201 201 200 199 199 199 199 199 198 198 198 197 196 195 196 196
 196 196 195 195 197 198 197 194 195 195 196 196 196 196 197 197 198 197
 197 195 195 195 196 196 195 195 195 195 195 195 195 195 195 194 193 192
 191 190 190 190 190 188 188 188 186 186 186 183 183 182 180 179 179 180
 178 175 175 177 175 173 173 173 171 171 171 171 162 155 146 128 107  88
  83  80  77  74  73  72  72  72  74  75  76  79  85  95 103 107 113 117
 121 124 129 134 137 140 148 151 155 158 160 162 164 166 167 169 170 171
 168 161 155 154 149 152 156 158 158 158 159 161 161 162 163 166 170 172
 173  28]"
"[ 30  29 213 211 211 213 214 214 213 211 210 211 211 211 211 213 212 212
 213 213 213 212 213 213 214 213 213 214 212 210 209 210 208 207 207 208
 206 206 206 204 203 203 203 203 203 204 205 205 200 202 203 202 202 202
 201 200 201 201 201 200 199 198 199 199 200 199 197 197 197 197 198 197
 197 196 195 195 196 196 196 195 196 197 196 196 196 198 197 195 198 198
 198 197 196 195 196 196 196 196 196 195 194 194 194 195 194 193 193 192
 192 191 190 190 191 190 189 188 187 186 185 184 184 182 181 181 181 180
 177 174 175 176 176 174 173 173 172 171 173 171 169 165 159 142 123 100
  91  83  77  75  73  70  70  71  72  74  76  79  84  90  98 103 107 116
 119 123 127 129 135 138 145 150 156 159 160 163 165 165 165 168 172 172
 169 165 160 153 150 152 155 157 158 158 159 160 163 165 167 169 171 171
 173  30]"
"[ 30  28 213 213 213 213 213 214 213 212 212 213 213 212 212 214 213 213
 213 213 213 213 213 214 214 215 215 213 211 210 210 210 210 208 209 209
 208 208 207 205 204 205 204 203 203 204 204 205 200 202 202 201 201 201
 201 200 201 201 200 199 199 198 199 199 197 197 197 197 197 197 197 197
 197 196 197 197 198 198 198 197 195 196 196 196 197 197 197 196 197 197
 197 196 195 194 195 196 196 196 196 196 195 194 195 195 194 193 192 192
 193 193 191 190 190 190 189 188 187 187 186 185 181 181 182 181 180 178
 178 178 178 178 178 176 175 174 173 172 171 170 170 168 166 152 137 117
  98  82  76  78  74  71  72  72  73  74  76  78  82  88  95 100 106 114
 117 121 125 127 133 135 142 148 154 157 159 161 163 163 164 167 170 170
 169 167 164 158 153 154 155 156 157 159 159 160 162 164 167 169 172 172
 173  29]"
"[ 29  28 213 215 215 214 213 214 213 213 214 215 215 213 213 215 214 214
 213 213 213 214 214 215 214 216 216 213 211 212 212 211 210 209 209 210
 209 209 208 206 207 207 206 204 203 203 204 204 202 203 202 201 201 201
 201 200 201 200 199 198 198 198 199 199 197 197 197 197 197 197 197 198
 197 197 199 200 200 200 198 197 196 196 197 199 199 197 197 198 198 198
 197 196 196 195 195 196 196 196 196 196 195 195 195 195 195 194 193 193
 194 194 193 191 190 190 189 188 187 187 186 185 182 182 182 181 181 180
 180 180 179 179 178 177 175 174 173 172 172 171 172 171 170 160 149 133
 116  91  80  80  74  72  75  74  75  75  75  76  78  84  91  96 102 110
 114 119 124 126 131 134 140 145 151 154 156 159 161 163 165 166 168 168
 168 169 167 162 159 156 154 154 156 159 160 160 161 164 166 169 172 172
 173  29]"
"[ 30  28 212 215 216 215 214 216 214 214 216 217 216 214 214 215 215 214
 213 213 214 215 215 215 214 215 214 213 212 213 213 213 212 209 209 210
 209 210 210 207 208 208 207 205 203 203 204 204 205 204 203 203 203 203
 201 200 200 199 198 197 198 199 199 200 200 199 198 197 196 197 198 200
 197 198 199 200 200 199 197 196 198 197 199 201 200 197 197 199 199 199
 198 198 198 197 197 196 197 197 196 196 195 195 195 195 196 195 194 194
 194 194 193 193 191 190 189 188 187 188 187 186 186 184 181 181 183 183
 180 178 179 179 178 176 175 174 173 172 173 172 172 171 171 164 158 146
 130 105  88  83  79  76  77  75  77  76  75  74  76  81  87  91  96 104
 111 116 122 126 129 132 139 143 148 151 154 157 162 165 166 166 167 167
 168 170 170 165 162 159 154 153 154 157 159 160 162 164 167 169 172 171
 173  28]"
"[ 30  28 212 214 215 214 214 217 215 215 217 217 216 214 214 215 216 215
 213 213 214 215 215 215 214 211 210 212 213 213 213 214 214 211 210 210
 210 211 211 209 208 208 207 206 204 204 204 204 205 204 203 203 203 203
 201 199 199 198 197 197 198 199 200 200 200 200 199 197 197 197 199 200
 197 198 199 200 199 198 197 197 199 198 199 202 200 197 197 199 199 199
 199 200 200 199 197 196 196 196 196 196 195 195 195 195 194 195 195 194
 193 192 192 193 191 191 189 188 188 188 188 187 188 185 183 182 182 182
 179 177 179 178 178 177 176 174 173 173 173 172 172 171 172 168 166 158
 135 118  97  86  84  81  77  76  78  77  75  74  75  79  84  88  94 101
 108 112 117 122 126 130 137 140 145 149 153 157 162 165 166 166 167 168
 169 172 172 168 165 162 157 154 154 156 159 160 163 165 167 168 171 171
 173  29]"
"[ 29  28 211 213 214 214 215 217 216 216 216 217 216 214 214 215 216 215
 214 214 214 215 216 216 214 210 209 213 215 213 213 215 215 212 211 211
 211 211 212 210 208 208 207 206 206 206 205 205 204 202 201 202 202 201
 199 198 198 198 198 198 199 200 200 200 199 199 200 199 199 199 199 199
 197 197 198 199 199 199 199 198 199 198 199 201 199 196 196 199 200 200
 200 200 201 200 198 196 195 196 196 196 196 196 196 196 194 195 196 195
 193 192 192 193 192 192 190 188 188 188 188 187 187 187 186 185 182 180
 179 179 179 179 179 179 178 176 174 174 173 172 172 171 172 168 170 165
 145 132 107  88  84  80  77  79  79  78  76  75  75  78  82  85  94  99
 105 107 111 117 122 128 132 135 142 148 153 157 160 163 165 166 167 168
 168 171 173 170 167 165 162 159 157 157 160 162 164 165 166 167 170 170
 173  29]"
"[ 29  28 213 214 215 216 216 216 217 216 216 216 216 215 215 217 216 216
 216 216 215 216 216 216 215 213 213 215 216 214 214 216 215 213 213 213
 212 212 212 210 209 209 207 206 206 207 206 205 203 201 201 201 201 200
 199 198 199 199 200 200 200 200 200 199 199 199 199 200 199 199 198 197
 198 198 198 199 200 200 200 199 198 197 198 199 198 197 197 199 201 200
 199 199 200 200 198 197 196 197 197 197 196 195 195 196 195 196 196 195
 194 193 193 194 193 193 191 189 188 188 187 187 186 187 188 186 183 181
 180 181 180 179 179 180 179 176 174 173 173 172 173 172 171 167 170 166
 158 146 121  97  84  79  78  81  78  77  76  75  76  78  81  84  89  94
 102 103 107 113 117 125 128 131 138 146 153 157 159 161 163 164 166 166
 166 169 171 170 168 167 165 162 160 159 160 162 163 164 165 166 169 170
 172  29]"
"[ 28  29 215 216 217 218 217 216 217 216 215 216 216 216 216 218 217 217
 217 217 216 216 216 217 215 216 216 216 215 214 215 215 216 215 216 216
 214 214 213 211 211 209 207 206 206 207 207 206 204 202 201 202 201 200
 199 200 199 200 201 202 201 200 199 199 200 199 198 197 197 197 196 196
 199 198 198 199 200 200 199 198 198 197 198 198 198 198 198 200 200 199
 197 197 198 198 197 196 198 199 199 198 196 195 195 195 195 195 195 194
 194 194 194 194 194 193 191 189 188 188 187 186 187 187 186 185 184 182
 180 179 179 178 179 180 178 175 172 172 171 171 173 172 172 167 171 167
 163 151 133 111  90  81  81  80  77  77  76  75  76  78  81  83  81  88
  98 100 104 111 113 121 127 130 135 144 151 156 159 162 161 163 165 164
 163 166 169 169 167 166 165 163 160 159 159 159 162 163 164 166 169 169
 172  29]"
"[ 30  30 214 216 216 216 217 219 218 217 216 216 217 217 217 217 217 216
 216 217 216 215 216 219 217 216 215 216 216 215 217 220 218 217 216 216
 215 215 214 213 213 210 208 207 208 208 207 205 203 202 202 201 202 202
 201 199 199 200 200 199 198 199 199 199 200 199 197 197 197 196 196 196
 198 198 199 199 199 197 196 196 198 198 198 197 196 196 197 198 200 199
 197 196 197 199 198 196 197 198 198 197 196 196 196 196 196 195 194 194
 194 193 193 193 194 194 192 189 188 188 188 188 187 187 186 185 186 186
 183 180 181 180 179 178 177 174 173 173 171 171 171 170 170 171 171 171
 167 158 146 126 104  80  83  74  75  74  76  79  79  80  81  82  81  83
  90  95 102 107 110 117 123 127 129 143 152 153 159 158 160 163 163 164
 166 168 168 169 167 168 168 165 161 158 158 158 162 163 165 165 168 171
 172  29]"
"[ 29  29 215 216 216 217 217 219 219 218 217 218 218 217 217 217 216 216
 216 217 217 216 216 217 218 217 217 218 218 216 217 219 217 216 215 215
 215 214 214 214 215 212 209 208 208 208 207 206 205 203 202 202 202 202
 200 199 196 197 197 198 199 200 200 200 200 198 197 197 197 196 197 197
 198 198 198 199 199 198 197 197 197 197 198 197 196 196 197 198 197 196
 195 195 197 198 197 195 197 197 197 197 196 196 196 196 196 195 195 195
 195 194 194 194 194 193 191 189 188 188 188 187 188 187 186 186 186 185
 183 181 181 180 179 179 178 176 175 175 173 172 172 172 171 171 171 171
 170 162 153 136 114  87  86  78  76  75  77  78  78  78  80  79  78  80
  85  89  97 104 109 117 121 126 128 140 147 148 155 156 158 161 162 163
 165 167 167 169 169 171 171 169 165 162 160 159 160 161 165 166 168 169
 170  28]"
"[ 29  29 216 217 218 218 218 220 218 218 219 219 218 217 216 217 216 216
 216 218 219 218 217 217 218 217 218 219 218 217 216 217 217 216 215 214
 214 215 215 215 216 213 209 208 208 209 208 208 206 203 202 202 202 200
 198 197 196 196 197 198 199 200 199 198 199 198 197 197 197 197 197 199
 198 198 198 199 200 200 199 198 197 197 198 198 197 197 197 198 197 197
 196 197 198 199 199 197 197 197 196 196 196 196 196 196 196 195 195 195
 195 195 194 195 196 194 192 190 189 189 188 187 189 187 186 187 186 184
 183 183 182 181 180 179 179 179 178 177 174 174 173 173 172 171 171 171
 169 162 156 148 132 105  94  80  79  78  78  77  77  79  80  79  77  78
  81  84  91  99 105 114 118 123 126 135 140 143 151 154 156 159 161 161
 164 165 166 168 170 172 173 171 168 165 161 159 160 160 165 167 169 168
 169  29]"
"[ 29  30 217 219 219 219 219 220 217 218 220 221 220 218 217 218 218 217
 218 219 220 221 220 220 217 217 218 219 219 217 217 217 217 217 216 215
 215 215 215 216 214 212 210 209 209 210 211 210 207 204 201 202 201 199
 196 196 195 197 198 199 200 200 200 199 199 198 197 197 196 197 198 199
 198 198 197 198 199 200 199 198 197 198 198 198 197 197 197 197 197 197
 197 198 199 200 201 200 198 197 196 195 196 197 197 197 196 196 195 195
 195 194 195 195 196 195 192 190 190 190 189 188 188 186 186 187 186 183
 182 183 183 182 180 179 179 179 179 178 175 174 173 173 172 171 171 171
 167 162 159 154 143 120 104  87  82  81  80  77  75  77  80  79  79  79
  81  83  89  95 100 109 114 119 123 130 135 139 148 151 156 159 160 160
 161 163 165 167 170 171 173 172 170 167 163 160 160 159 163 167 169 168
 169  29]"
"[ 29  30 216 219 219 219 219 219 218 219 221 221 220 218 218 219 220 219
 218 218 220 221 221 220 218 218 218 219 219 219 219 219 218 218 217 216
 215 215 215 215 214 213 211 210 211 211 211 211 207 204 202 202 202 200
 198 198 194 197 199 201 201 201 202 202 199 198 197 197 197 197 197 198
 198 197 197 197 198 199 198 197 198 198 198 197 197 196 195 195 196 196
 196 196 197 199 200 200 198 197 196 196 197 198 197 197 197 196 195 195
 194 194 194 195 194 193 191 190 190 190 190 188 188 186 186 188 186 183
 182 183 184 183 181 179 178 178 177 176 174 174 173 172 171 171 171 171
 169 169 166 157 146 130 114  98  82  81  81  79  75  75  76  75  79  79
  81  83  87  92  96 103 109 115 119 126 131 138 146 149 156 159 160 159
 160 161 163 166 169 171 172 173 172 170 166 163 161 158 160 164 168 167
 168  29]"
"[ 29  29 215 218 219 219 218 218 218 219 220 220 219 217 217 218 221 220
 219 218 218 219 219 218 218 218 218 219 219 219 219 219 218 218 217 216
 215 215 215 215 214 213 212 211 210 209 208 208 206 205 203 202 202 201
 200 200 196 199 202 202 201 201 201 201 199 197 197 197 197 197 197 198
 198 198 197 198 198 199 198 198 199 199 198 197 197 196 195 195 195 196
 196 196 196 198 199 199 198 197 196 196 197 198 198 197 198 196 195 195
 194 193 193 194 194 193 191 190 190 190 190 189 188 187 187 188 187 184
 183 183 184 184 182 179 177 177 176 174 174 174 173 172 171 171 171 171
 168 170 168 162 155 144 124 106  82  81  81  81  78  76  75  74  75  76
  79  81  84  88  90  97 105 110 117 122 129 137 144 148 154 158 159 158
 159 160 161 164 167 169 171 172 172 172 169 167 163 159 160 162 167 167
 168  29]"
"[ 29  29 215 218 219 219 219 219 219 219 219 219 218 217 217 218 221 221
 220 219 219 220 219 218 218 218 218 218 219 219 219 218 218 218 218 217
 216 216 215 216 214 214 213 211 210 208 207 207 207 207 206 203 202 202
 202 200 199 201 203 202 201 200 199 199 199 197 196 197 198 198 198 197
 198 198 198 198 198 199 199 199 200 199 198 198 197 197 196 196 196 197
 197 197 197 198 199 199 197 197 196 197 198 198 197 196 197 196 196 195
 195 193 193 193 193 193 192 190 190 190 189 189 188 188 188 187 186 185
 184 183 182 184 183 180 178 177 177 175 174 174 174 173 173 172 172 171
 168 169 167 166 166 157 134 114  91  85  83  83  81  78  76  75  73  74
  77  78  81  84  85  91  98 104 112 117 123 133 140 144 150 154 157 157
 159 160 160 162 165 167 169 171 172 172 170 168 166 162 163 163 166 167
 169  29]"
"[ 29  29 215 218 220 221 220 220 220 219 219 219 219 218 219 220 220 221
 221 221 221 222 221 219 219 219 219 219 220 220 219 218 218 219 219 218
 217 217 216 216 214 214 214 212 211 210 209 209 209 210 209 204 202 203
 202 200 199 200 201 201 201 200 200 199 198 197 196 197 199 199 198 197
 197 197 197 197 197 198 198 199 199 199 198 197 197 196 196 196 195 196
 197 196 196 196 197 197 196 196 196 197 197 197 197 196 196 195 196 196
 196 194 193 193 192 192 191 189 188 188 188 187 188 188 187 185 185 185
 184 182 180 182 183 180 179 179 179 178 175 175 175 175 174 173 172 171
 172 171 169 167 167 160 140 126 103  92  85  83  80  76  74  73  74  74
  76  77  79  81  82  88  91  98 107 111 117 127 134 140 147 152 155 157
 159 160 160 161 164 166 169 171 172 172 171 169 167 164 164 163 165 165
 168  28]"
"[ 29  32 214 223 219 221 219 219 219 219 219 219 219 219 221 223 222 220
 220 221 222 222 221 219 220 219 218 218 218 218 218 218 219 219 219 219
 218 217 216 215 216 215 214 213 212 211 210 210 210 209 207 203 203 205
 204 202 201 200 199 200 200 201 200 199 200 199 199 199 199 199 198 196
 196 197 197 197 196 196 197 197 199 199 199 198 196 195 195 195 195 196
 196 196 196 197 197 196 196 196 196 195 195 196 196 196 195 195 195 195
 194 193 193 194 193 194 193 192 191 190 189 188 188 187 186 187 187 187
 185 183 183 182 181 180 180 179 177 175 175 173 174 176 175 174 173 171
 171 172 170 166 166 165 153 136 115  96  87  82  83  74  72  75  73  74
  77  79  80  80  81  81  88  94 101 107 112 121 130 137 146 149 154 157
 158 159 159 160 162 162 166 172 173 173 173 173 171 167 163 163 161 166
 162  29]"
"[ 30  26 218 218 223 221 222 218 219 219 220 220 220 220 221 223 222 221
 221 222 222 222 220 219 219 219 219 220 220 221 220 220 219 219 218 217
 217 216 216 216 215 214 213 212 212 211 211 211 208 208 205 202 202 203
 202 200 201 200 200 200 200 200 200 199 199 199 198 198 198 198 196 195
 195 196 196 196 196 195 196 196 197 197 197 196 195 195 195 195 194 195
 196 195 195 196 196 196 196 196 196 196 195 195 195 195 195 195 194 193
 193 192 193 193 194 195 195 194 193 192 190 189 188 188 187 187 188 187
 184 182 182 181 181 181 182 181 179 177 176 175 176 177 175 174 174 172
 171 170 170 168 167 164 154 142 124 103  94  89  81  78  76  71  74  74
  74  76  77  79  79  79  80  88  97 105 111 120 130 138 142 147 153 157
 159 159 160 161 162 162 166 171 172 173 175 175 173 170 170 162 164 163
 157  31]"
"[ 28  33 219 219 222 219 215 222 219 219 221 222 221 221 221 222 221 221
 221 221 220 219 218 217 219 218 219 219 219 219 218 217 222 222 221 220
 219 219 219 219 216 215 214 212 211 210 210 209 207 207 205 202 202 203
 202 201 201 200 199 199 199 200 199 199 199 200 199 198 198 197 196 195
 196 197 197 197 197 197 197 197 197 197 197 196 196 195 196 196 195 196
 196 195 195 196 197 197 195 195 195 195 195 195 194 194 195 195 195 194
 193 193 194 194 193 194 194 193 191 190 189 188 188 187 187 187 188 186
 184 182 181 181 181 181 181 180 178 176 176 176 177 178 175 173 174 173
 172 171 172 173 171 167 161 154 138 116 103  90  83  79  77  73  75  74
  72  73  75  76  77  77  75  82  90  97 104 113 122 128 139 145 154 158
 159 157 157 157 161 161 165 169 170 171 174 174 170 174 168 163 161 159
 162  27]"
"[ 30  28 217 221 222 219 222 216 218 219 220 221 221 220 220 220 223 224
 224 223 221 220 219 219 221 220 220 220 220 220 219 219 221 220 219 218
 217 217 218 218 217 216 215 214 212 211 211 210 207 207 205 203 203 203
 203 202 201 200 199 198 199 199 200 200 198 199 199 197 196 195 195 194
 196 196 196 196 196 196 196 196 196 196 195 195 194 194 195 195 195 195
 194 194 194 196 196 196 195 196 196 197 197 197 196 196 194 194 194 194
 193 193 194 194 194 195 195 194 191 190 189 189 188 188 187 188 188 187
 185 184 183 182 182 181 181 180 178 177 176 175 176 177 174 173 173 172
 170 169 171 172 171 168 164 161 152 131 108  87  92  83  78  79  75  73
  72  71  73  74  75  75  78  81  85  91 100 111 120 125 126 135 148 156
 159 159 158 158 160 160 163 167 168 171 172 171 172 173 168 171 161 156
 158  32]"
"[ 31  27 221 221 218 225 219 226 221 221 221 221 221 220 220 220 221 222
 222 221 219 219 220 221 219 219 218 218 218 219 219 219 220 220 220 219
 219 218 218 218 215 215 214 213 212 212 211 211 209 208 206 204 203 202
 202 201 202 201 200 199 199 199 200 200 199 200 200 198 197 196 196 196
 197 197 197 197 197 197 197 197 198 197 197 196 195 195 196 196 197 196
 194 194 196 198 198 196 194 194 195 195 196 195 195 195 195 196 196 196
 195 194 194 194 193 194 194 192 190 190 190 190 188 188 187 187 187 187
 186 185 184 183 182 181 180 180 179 179 179 177 177 178 176 175 174 172
 172 171 172 171 170 169 167 163 156 141 114  91  89  87  78  77  75  75
  74  73  73  73  74  75  79  80  81  85  92 103 113 120 121 131 144 153
 157 156 155 154 157 156 158 162 166 171 173 172 175 173 174 171 169 168
 157  26]"
"[ 30  29 217 221 221 221 222 224 221 221 220 221 220 219 219 220 221 222
 222 221 221 221 223 224 222 221 220 219 219 219 219 219 219 219 219 219
 219 218 217 217 217 216 215 214 213 212 211 211 210 209 207 205 203 201
 200 199 201 200 199 198 197 197 197 197 198 199 198 197 196 196 196 196
 196 196 196 196 196 196 196 196 197 197 197 196 195 195 195 196 196 195
 193 193 195 197 196 195 196 196 197 197 197 196 196 195 194 195 195 195
 194 193 192 192 193 194 193 192 191 192 193 194 190 189 188 187 187 187
 187 186 186 184 183 181 180 179 179 179 180 178 177 178 176 175 174 172
 172 172 172 169 167 168 166 161 159 156 138 116  87  92  84  78  75  75
  75  74  73  73  74  74  73  76  78  80  84  93 105 113 118 126 138 148
 153 154 155 155 155 153 154 157 162 169 173 173 175 170 174 174 170 162
 166  29]"
"[ 28  29 213 216 217 219 219 221 217 216 217 217 217 216 216 217 216 216
 215 215 216 217 218 218 218 217 216 214 214 214 213 213 214 214 214 214
 214 213 213 212 212 211 210 210 208 208 207 207 205 204 203 202 201 200
 199 199 199 198 198 197 197 197 197 197 196 196 196 195 194 195 195 195
 195 195 194 194 195 195 194 194 195 195 195 195 194 194 194 195 194 194
 193 193 193 194 194 193 194 194 194 194 193 193 193 193 193 194 194 194
 193 192 191 191 191 191 191 190 190 191 192 192 187 187 186 186 186 186
 185 185 185 184 183 181 181 180 179 179 179 177 178 178 176 175 175 174
 173 172 172 170 168 169 168 164 162 162 152 132  96  93  85  78  75  75
  75  75  75  75  75  74  73  76  79  81  84  90  98 104 115 120 129 137
 144 149 152 154 155 154 155 156 158 163 167 166 169 179 177 173 172 172
 157  28]"
"[30 30 27 31 27 29 30 27 29 28 28 29 29 29 28 29 30 29 28 28 29 29 29 29
 29 29 28 28 29 29 29 29 29 29 29 29 29 29 28 28 29 29 29 29 29 29 29 29
 30 29 29 30 29 29 29 29 29 29 29 29 28 29 29 29 30 30 29 28 28 29 29 29
 30 29 29 29 29 29 29 28 29 29 29 29 29 29 29 29 29 29 29 29 28 29 29 29
 29 29 29 29 29 29 29 29 29 29 29 29 29 29 29 29 29 29 29 28 29 29 29 29
 29 29 29 29 29 29 29 29 29 29 29 29 28 29 29 29 30 29 30 30 28 28 29 28
 30 29 30 30 28 29 29 27 29 27 31 27 30 30 30 29 29 28 28 28 29 30 29 28
 29 29 29 28 29 30 29 28 29 29 30 30 30 29 29 29 28 28 29 29 28 29 31 29
 30 27 27 29 30 29 27 31]"
