"[31 32 29 29 29 29 29 30 28 29 29 29 29 30 30 29 27 29 30 29 29 29 29 28
 29 30 29 28 29 29 28 29 29 27 30 31 28 29 32 28 31 29 28 30 29 29 30 29
 28 30 29 28 29 29 29 30 29 28 31 29 28 29 28 30 29 30 29 27 27 29 29 28
 30 30 28 28 29 28 29 28 28 29 29 29 30 30 30 31 30 30 30 30 30 30 29 29
 30 29 28 28 29 30 29 29 30 29 30 30 30 29 30 29 29 30 31 28 28 29 28 31
 29 30 29 28 29 29 29 31 29 28 29 31 29 28 29 29 29 30 29 29 31 29 27 29
 30 28 27 31 27 29 29 30 30 28 29 30 29 28 29 29 29 29 29 29 29 29 29 29
 29 30 29 29 29 29 29 30 29 29 29 29 29 29 29 28 29 28 29 29 27 28 30 29
 31 28 29 30 29 31 30 28]","[29 26 29 30 30 26 34 26 28 30 30 30 30 30 29 28 31 31 30 28 28 29 29 28
 27 29 29 29 29 28 28 30 32 30 27 28 30 28 27 29 29 29 30 29 27 28 30 28
 28 29 29 30 31 30 28 28 30 27 30 31 31 32 28 27 29 28 29 31 31 28 28 31
 28 27 27 30 31 29 29 29 32 30 29 28 28 29 28 28 29 30 30 29 27 27 28 29
 29 27 30 29 32 26 28 29 28 28 29 29 28 28 28 30 29 27 28 28 30 32 28 27
 27 28 29 29 31 31 28 28 30 28 29 29 28 28 30 29 29 29 28 28 30 30 29 30
 28 30 30 28 30 30 28 27 30 28 28 28 29 31 31 30 30 30 30 29 29 29 28 28
 28 30 29 29 30 29 27 27 28 30 30 28 28 30 30 29 30 29 28 30 32 30 27 29
 25 35 26 29 31 23 30 30]","[ 32  29  95  95  95 101  91  98  96  97  95  92  89  90  94  96  95  96
  96  95  95  96  97  98  99 102 104 105 106 105 104 105  97 102 103 108
 117 115 119 135 131 135 139 142 148 153 151 142 145 138 128 123 124 125
 129 135 144 151 172 194 212 228 238 243 244 245 244 243 245 246 246 243
 245 247 248 245 244 246 245 245 245 245 248 248 247 247 248 247 248 239
 225 208 192 174 158 148 146 140 135 130 127 118 115 115 110 112 111 112
 116 116 114 116 115 114 120 121 116 115 116 118 118 118 116 100  83  67
  52  50  39  33  26  21  19  22  23  21  18  17  17  17  15  15  17  17
  17  17  20  14  14  22  59  96 100  97  93  86  81  80  80  76  77  76
  75  75  74  72  71  70  63  64  63  63  65  64  62  62  65  68  69  68
  69  74  77  76  75  74  74  74  74  73  75  79  82  81  90  98 123 148
 151  28]","[ 28  29  81  93  97  95  96  91  93  95  96  97  96  95  95  94  96  97
  98  95  92  91  94  96  98  99  99  99 101 101 101 103  98  97  92  96
 107 104 101 109 112 114 114 109 108 116 126 129 137 135 133 135 135 131
 127 129 134 131 131 132 135 147 161 171 188 210 234 244 247 250 252 252
 253 250 251 252 254 251 251 254 252 251 250 251 250 251 254 252 254 253
 253 254 252 243 231 221 192 182 164 159 146 143 132 131 119 120 113 109
 111 110 106 108 114 106 110 113 113 115 115 114 115 113 114 108 107 105
  95  94  89  82  67  48  31  26  27  26  16  15  18  20  17  17  19  18
  19  12  15  15  24  59  95  98  94  92  89  82  76  76  80  81  78  77
  76  76  74  72  70  69  65  65  63  63  65  65  65  67  71  72  72  71
  72  76  77  76  75  75  78  78  73  75  81  82  82  89  97 128 147 153
 146  30]","[ 30  29  78  84  88  95  89  95  95  92  88  88  91  93  94  94  96  95
  94  92  91  91  94  96  95  94  91  89  92  94  94  96  98  95  94  98
 102 101  98  99  94  99 105 106 104 105 109 111 116 117 119 125 130 130
 131 135 138 138 138 138 133 130 133 135 137 143 152 161 172 190 214 234
 247 251 254 251 251 254 252 249 252 252 250 253 254 253 253 249 251 251
 251 252 252 253 253 254 252 254 247 245 226 208 177 160 150 146 134 124
 123 121 119 122 117 106 106 109 109 111 110 107 113 114 115 109 106 108
 108 113 107 106 106 104  99  89  68  48  30  23  21  21  20  21  21  17
  15  21  19  32  65  96 100  97  92  87  82  77  72  72  76  79  80  76
  74  74  74  72  72  72  73  73  70  69  70  71  71  73  75  73  72  73
  76  77  77  77  77  77  77  80  83  82  81  83  99 115 140 155 162 148
 147  30]","[ 28  28  63  72  77  80  70  68  67  71  76  80  82  83  84  85  92  89
  86  86  89  91  93  94  94  94  92  92  95  94  91  90  91  93  99 100
  96  94  96  98 101  98  99 101 101  99  97  94 103 104 104 105 106 104
 103 107 125 127 131 139 139 136 137 135 142 136 131 132 134 136 134 133
 148 169 197 207 218 236 246 251 250 254 253 253 253 250 253 253 253 253
 253 253 253 253 253 252 255 255 255 251 253 252 254 252 238 223 196 173
 161 150 137 130 125 116 114 111 108 108 107 105  95  96  94  96 103 108
 106 102 102 104 106 104 103 108 111 110  98  80  60  47  40  36  29  22
  27  14  33  82 101 103  95  88  87  79  75  74  73  75  79  82  81  76
  72  73  75  76  78  79  75  76  74  72  72  71  70  71  73  70  70  74
  77  78  78  79  79  82  77  80  90  87  87 103 122 137 146 152 145 148
 143  29]","[ 28  32  59  60  50  50  56  59  55  58  63  66  67  69  74  80  80  80
  82  84  85  85  86  88  88  89  89  90  92  90  86  85  90  89  90  94
  95  95  95  95  95  95  98  99  96  94  97 100  98  99  97  95  96  96
  99 102 108 109 112 121 124 124 129 130 132 135 138 140 142 143 141 138
 132 127 134 136 137 145 162 188 208 224 231 242 251 250 252 254 254 252
 250 250 252 253 253 252 250 251 254 251 254 250 254 253 254 255 250 246
 240 225 201 181 166 151 136 125 121 118 109 104  98 104 101 103 105 103
 104  99  95  98 102 103 102 103 104 103 107 104 100  99  97  86  68  56
  45  43  68 101 106  99  96  92  81  77  74  72  71  73  77  78  76  71
  69  72  76  77  78  79  75  76  75  74  73  71  70  71  75  75  75  77
  78  78  77  76  80  82  81  82  89  97 112 131 146 143 149 147 148 144
 146  27]","[ 29  28  64  63  55  59  63  64  64  60  58  58  57  53  49  47  55  64
  75  81  81  80  83  89  86  85  82  80  82  83  84  86  87  87  87  90
  93  92  92  97  95  95  97  98  95  94  96  97  95  97  96  96  97  97
  97  98 104 104 102 105 102 101 111 115 126 122 124 130 133 134 138 145
 143 137 138 133 132 133 124 123 125 134 134 153 186 210 232 246 249 250
 254 254 254 254 253 253 254 253 252 253 252 251 251 252 251 253 254 254
 253 254 254 251 240 223 197 169 149 135 122 117 120 122 109 106 105 100
 101  92  90  95 101 102  99  99 103 104  97  98  96  96  99  97  94  96
  79  88 104 106 102  96  92  81  74  75  75  71  67  70  75  76  71  67
  67  72  77  77  75  74  72  74  73  71  70  69  70  72  73  75  78  78
  79  80  80  79  82  78  86  90  91 116 144 148 146 147 148 146 146 144
 147  28]","[ 29  30  87  80  70  67  70  75  75  72  67  59  64  69  66  55  54  62
  65  60  56  61  66  68  76  78  77  81  84  84  88  86  82  86  86  89
  90  88  91  95  95  99  95  95  98  96  92  87  90  95  94  93  92  90
  89  93  98 100  97  98 104 104  98  98  99  98 101 107 110 107 105 106
 113 119 127 135 141 142 138 132 135 129 130 130 129 129 132 138 149 178
 205 222 236 248 253 252 251 254 253 252 253 253 253 253 251 253 253 251
 251 253 253 251 254 252 253 255 250 239 213 183 169 156 135 131 116 119
 114 104 102  98  95  99  88  84  89  95  94  93  97  95  95  99  97  97
 105 102  98  95  94  91  83  72  67  74  77  74  73  73  69  64  57  61
  67  72  74  74  70  67  66  68  72  74  74  73  74  76  76  76  78  80
  81  81  79  84  85  86  90 105 130 148 151 147 147 147 148 151 149 145
 144  30]","[ 28  32  94  95  92  88  83  79  86  80  77  74  80  80  78  72  62  57
  56  59  61  59  56  54  65  67  66  68  70  71  75  74  80  84  84  86
  86  83  85  88  87  96  96  94  97  97  93  87  87  94  94  88  89  92
  91  90  95  97  94  92  99 105 102  98  98 100 103 103 101  97  93  91
  90  96 103 109 113 117 121 123 129 131 138 138 136 136 133 133 131 129
 135 148 158 166 187 213 227 235 243 250 254 254 252 251 253 251 251 253
 253 253 252 253 251 252 254 254 251 253 254 252 242 237 215 187 163 147
 138 125 119 117 116 120 110  98  89  88  94  93  97  93 100 102 106 105
 104  99  94  93  93  91  83  73  72  76  77  75  73  67  59  54  59  62
  65  67  69  69  68  68  69  70  73  77  79  78  76  75  75  79  82  79
  80  82  83  87  91  91 110 133 152 155 144 146 145 148 150 153 152 150
 148  30]","[ 30  30  89  90  91  91  90  87  92  88  89  91  94  88  81  75  73  65
  63  70  73  67  63  63  64  66  64  62  62  63  67  66  73  72  67  68
  72  73  77  80  81  88  89  90  92  91  90  85  85  88  89  90  92  91
  91  94  97  95  91  90  94 100  99  96  97 100 100  95  90  91  93  94
  92  95  98 100 101 103 108 113 109 112 122 126 129 134 136 139 139 139
 140 132 127 129 132 141 143 152 168 189 209 225 241 254 252 254 255 253
 252 253 253 251 253 252 251 253 254 254 253 251 253 254 253 251 246 226
 207 193 155 144 130 122 117 116 113 117 110 101  91  92 102 104 108 109
 103  97  93  90  87  84  81  76  72  73  73  74  73  66  58  56  61  61
  63  66  68  69  70  72  75  74  75  78  82  81  78  75  77  77  80  80
  80  81  86  98 103 116 137 149 154 152 145 146 146 149 151 153 153 153
 150  28]","[ 30  28  86  86  86  88  88  88  86  87  91  91  94  89  82  74  71  72
  75  79  78  74  72  72  69  71  68  61  59  63  64  61  65  64  58  60
  65  63  60  56  56  60  67  80  89  89  90  89  85  84  87  91  91  88
  88  93  95  89  87  89  90  91  93  95  95 100 102  97  93  93  95  95
  96  94  93  93  94  96 100 105 102  96  99 101 101 104 109 117 122 124
 131 128 131 140 140 147 145 138 133 133 131 129 140 158 175 188 205 220
 232 244 252 255 251 253 252 250 253 253 252 254 252 252 249 254 252 249
 244 246 235 226 210 188 167 147 131 130 126 119  99 103 103 107 103 103
  98  90  84  82  80  79  79  78  77  75  72  72  71  66  63  64  65  64
  66  71  75  75  75  76  81  79  78  79  82  82  81  79  80  82  85  83
  84  89  97 109 125 145 148 148 145 143 151 146 147 149 149 151 151 152
 149  29]","[ 29  29  87  87  88  89  89  88  88  86  85  82  83  79  79  77  73  76
  81  83  82  78  72  69  73  77  74  65  64  71  71  64  72  72  66  65
  66  61  56  51  51  51  53  60  63  63  69  72  72  75  79  80  80  83
  88  91  91  89  88  88  84  82  86  90  90  93  94  92  90  89  91  92
  94  90  86  85  85  88  95 101 101  95  97  99  98  99 102 108 111 107
 110 108 112 119 118 127 133 135 139 141 136 128 129 138 141 134 133 143
 155 169 189 207 221 235 243 246 252 253 250 253 250 251 253 253 246 246
 241 235 238 238 239 232 218 200 197 209 210 178 130 115 103 100  93  92
  86  76  70  73  78  80  80  78  76  75  72  70  71  70  71  74  75  73
  75  80  82  81  79  78  82  81  80  81  82  83  84  84  83  79  81  87
  92  97 106 123 146 152 145 147 147 142 149 146 146 146 146 150 150 150
 148  30]","[ 30  28  84  85  87  90  90  88  90  84  82  79  78  72  74  78  81  79
  79  81  79  74  72  73  77  80  80  73  74  82  80  74  75  77  72  68
  63  58  58  57  54  55  53  50  46  49  60  63  66  64  68  72  71  73
  81  88  83  88  89  84  79  80  85  88  90  88  86  86  85  85  87  90
  90  90  89  87  84  85  91  97  96  95  98  96  94  96  96  96  96  98
 102 100 103 106  99  97 105 118 128 132 133 133 134 136 148 137 129 128
 128 126 126 130 128 142 154 170 195 216 228 236 241 236 247 246 245 242
 245 238 232 229 229 233 232 222 232 244 237 200 151 114 102  99  96  83
  76  70  68  72  76  79  79  78  70  72  71  72  75  78  80  82  82  80
  80  84  86  86  83  82  80  80  81  82  82  82  83  84  82  76  77  85
  99 112 124 139 149 146 145 145 146 146 144 148 148 148 148 151 150 149
 146  28]","[ 28  28  87  88  90  90  87  83  82  80  82  82  83  77  79  83  82  77
  74  75  74  71  73  77  77  77  80  77  79  83  79  77  77  84  85  83
  78  71  69  68  67  71  72  70  63  62  66  62  62  55  57  63  59  52
  57  65  64  73  75  70  71  75  81  86  89  87  87  89  89  87  84  82
  80  84  87  85  81  81  86  90  86  86  91  90  88  90  93  95  98  96
  95  97  98  96  93  94  98 102  99  93  93  99 106 110 113 116 120 124
 129 131 127 122 122 123 119 115 117 120 124 130 138 147 179 195 209 209
 216 221 226 226 222 227 235 237 246 240 216 149 104  95 100  88  81  76
  74  73  74  75  73  73  74  75  72  74  75  77  81  82  81  81  82  82
  83  85  87  88  87  86  82  81  81  82  84  84  83  83  79  84  89  94
 115 140 147 145 145 144 147 142 143 147 144 150 152 152 149 150 150 151
 148  27]","[ 29  29  88  87  86  85  83  82  81  84  89  86  86  84  86  86  85  82
  79  80  82  82  81  81  77  76  80  80  80  80  74  75  75  81  83  85
  85  84  84  84  84  81  80  80  76  74  75  71  64  62  65  69  63  59
  59  60  54  60  59  56  58  60  64  72  80  79  78  79  82  84  84  83
  83  86  86  81  77  78  82  84  87  84  88  89  85  84  87  94  93  96
  95  96  97  94  92  91  94  95  95  96  98  98  98 100 102 103 106 109
 113 119 126 132 129 123 115 113 116 116 116 118 122 122 123 121 131 146
 154 163 181 204 216 224 233 235 233 200 150 117 103  98  87  81  77  76
  77  76  75  74  70  69  71  71  75  76  77  82  86  85  81  81  81  83
  85  86  87  88  88  86  89  86  84  85  87  87  85  84  82  81  95 121
 144 151 145 144 147 147 145 145 147 146 147 150 153 152 148 147 149 154
 153  31]","[ 30  29  86  89  89  87  89  88  88  88  87  89  87  89  87  89  89  85
  85  83  87  85  84  81  78  79  80  81  81  81  78  74  72  75  79  80
  81  84  85  82  82  82  84  83  80  82  82  77  71  71  73  75  73  69
  67  67  65  59  56  57  50  50  48  53  51  53  61  68  66  64  72  83
  90  89  86  81  76  74  76  80  81  79  83  89  88  86  89  93  91  92
  94  95  94  91  90  91  94  94  92  89  95  98  93  93  94  95  94  93
  92  92  94  96 105 106 108 109 110 112 116 120 116 115 109 106 106 105
 108 116 131 147 160 184 196 212 177 133 105 104  99  90  82  78  78  80
  76  74  73  72  68  66  70  75  80  78  78  84  88  85  81  81  82  83
  85  87  88  89  89  90  89  88  85  84  88  89  87  88  87 113 136 152
 154 145 143 148 146 145 144 146 149 150 150 149 151 148 150 151 152 152
 152  28]","[ 29  28  89  91  94  90  90  92  88  90  91  89  88  87  88  88  89  88
  86  87  87  86  82  80  80  80  80  78  78  80  80  79  75  73  76  80
  82  81  79  75  80  80  82  82  80  82  85  82  77  77  79  81  81  79
  78  77  71  67  65  66  59  57  50  51  46  49  55  60  57  55  57  60
  58  68  76  75  70  68  71  74  76  77  80  81  80  83  87  88  91  90
  92  95  95  91  88  87  90  91  89  86  91  95  91  89  85  90  94  95
  92  89  91  93  95  95  95  95  96 100 108 115 109 111 113 115 116 112
 109 110 120 115 111 120 125 132 117 100  99  96  89  79  72  71  74  76
  75  72  69  67  65  65  70  76  78  76  75  80  83  81  79  82  85  87
  87  85  87  92  95  95  95  88  86  83  81  90  98  95 116 138 149 149
 147 146 149 150 146 145 146 148 150 151 151 152 153 151 151 148 149 151
 153  29]","[ 29  27  96 100 105  99  94  92  90  86  87  87  91  88  90  91  93  92
  88  90  87  88  84  84  79  80  81  81  81  83  84  83  81  77  80  86
  86  82  80  81  80  79  81  81  77  78  83  83  81  82  82  84  85  86
  85  84  85  82  83  84  80  79  72  69  68  68  67  64  60  59  59  56
  59  57  52  48  48  53  59  64  70  71  71  68  65  69  76  80  85  90
  95  95  92  90  89  89  89  89  90  88  89  90  87  88  89  88  90  91
  90  88  89  91  90  89  89  89  90  92  96  99  97  95  97 100 102 105
 109 111 112 104 103 114 120 115 103  97  89  88  83  76  71  71  73  73
  72  70  67  66  66  68  74  79  79  77  76  79  82  81  82  86  87  88
  89  90  92  94  95  95  92  93  87  82  86  90 101 119 145 151 149 147
 146 148 153 152 147 147 148 149 150 151 152 153 155 154 153 148 148 152
 154  29]","[ 30  28 112 114 112 106 103  97  97  89  88  91  94  88  89  92  92  91
  87  89  89  91  87  85  89  90  90  89  88  87  86  85  85  82  83  88
  86  82  83  85  82  80  81  80  75  74  79  81  82  83  84  84  85  85
  83  82  82  80  82  82  81  83  80  77  74  75  75  74  73  73  70  64
  62  59  58  58  56  53  55  58  57  56  59  63  63  62  62  63  80  86
  89  88  90  95  94  89  83  80  83  88  91  90  87  90  86  83  84  89
  91  90  89  90  89  89  88  89  92  94  91  87  90  86  87  88  88  92
  97  99  95  93  95 105 109 103  90  85  82  82  80  76  74  74  74  72
  68  68  67  67  67  70  75  79  82  80  79  81  83  83  85  90  89  87
  90  95  96  92  90  92  93  92  91  85  79  90 121 147 151 149 146 147
 148 149 153 152 149 149 150 150 149 149 150 152 154 154 155 152 151 152
 153  28]","[ 31  28 131 130 119 116 121 113 113 109 104 106 102  97  92  93  98  96
  95  95  99  97  94  88  91  91  89  87  88  90  90  90  90  86  85  87
  87  86  84  82  83  80  81  80  75  75  80  82  81  82  84  85  84  82
  81  80  82  81  83  81  81  83  83  81  80  79  80  81  81  83  82  79
  79  72  64  63  68  69  65  58  53  49  50  55  59  60  58  54  47  58
  68  72  76  81  87  89  88  83  85  86  86  83  76  74  75  74  75  79
  81  82  86  90  87  87  85  84  88  93  93  89  87  84  85  85  82  83
  86  86  83  84  81  84  80  79  74  75  79  79  77  73  72  73  72  70
  66  68  68  66  65  67  72  76  82  81  80  81  82  81  83  88  92  89
  89  93  92  89  89  92  94  85  85  99 119 139 150 150 145 149 150 148
 146 147 152 150 150 151 151 151 150 149 150 152 154 152 154 154 153 152
 153  29]","[ 30  28 144 148 140 137 140 129 132 131 124 123 122 124 114 104 102 100
 100  97 102 101 102  99  94  94  92  90  91  92  91  89  89  89  90  91
  90  89  88  85  86  83  82  80  76  77  81  82  80  80  82  84  83  80
  79  79  82  80  84  81  82  82  82  81  82  79  78  77  77  80  83  84
  81  86  87  80  77  79  75  68  68  67  63  57  55  61  64  61  50  54
  61  65  60  54  55  60  57  62  72  74  74  77  77  76  74  73  73  76
  77  76  77  80  83  85  86  85  86  89  89  88  84  82  81  80  78  80
  83  84  77  74  71  76  73  75  73  76  77  76  75  74  73  71  69  67
  69  71  70  66  64  66  72  76  82  82  81  81  82  80  81  84  90  91
  91  90  89  90  91  90  92  88  90 113 141 146 142 146 145 147 147 148
 147 145 149 152 152 152 152 152 151 151 152 153 154 152 153 154 153 152
 153  30]","[ 30  28 153 161 160 155 153 146 151 148 142 140 142 145 138 129 130 129
 124 114 107 102 100  99  93  94  94  95  96  98  97  96  89  90  93  94
  91  89  91  91  91  87  85  82  78  81  85  83  82  80  80  82  81  78
  77  79  81  78  83  81  83  82  82  81  78  77  78  78  78  81  84  84
  78  80  79  76  79  83  80  73  80  84  84  77  71  72  73  70  67  59
  55  58  60  54  45  40  37  43  56  61  58  60  63  67  69  70  73  75
  73  70  65  63  73  75  82  90  92  88  83  82  81  81  80  79  81  80
  78  77  76  67  65  69  70  71  73  74  74  72  71  72  72  70  68  68
  71  72  71  67  66  70  76  79  82  82  81  81  82  81  81  84  86  90
  92  91  90  92  92  90  92  90 112 142 152 150 148 145 148 148 144 148
 151 147 149 154 153 152 152 153 153 153 154 155 154 152 153 152 152 153
 154  30]","[ 28  32 159 164 164 155 157 164 165 161 159 153 151 145 148 149 148 154
 154 149 137 134 131 131 126 124 119 112 106 103 101 100  98  95  95  96
  95  94  94  94  93  89  87  83  82  86  90  87  86  81  79  82  81  78
  77  80  83  79  83  81  83  81  82  81  82  80  77  72  71  76  81  81
  78  76  76  78  81  81  80  79  80  80  80  81  80  80  79  75  80  78
  74  71  72  73  69  63  56  49  55  60  55  47  43  46  54  57  57  53
  48  49  54  60  60  60  71  89  97  90  81  79  77  77  73  71  76  77
  75  75  73  65  67  65  65  65  73  73  72  67  64  65  66  66  69  72
  68  70  70  68  69  74  79  81  82  81  80  80  82  82  83  85  88  89
  91  91  90  90  91  93 106 126 143 150 151 148 147 149 146 155 153 149
 152 152 153 154 154 153 152 153 154 154 154 155 153 153 154 151 152 154
 155  28]","[ 28  31 143 147 153 152 158 169 167 163 160 159 155 155 159 154 154 157
 157 161 148 144 142 148 136 144 145 131 121 123 122 118 117 112 107 105
 100 104 111  99  90  87  90  85  93  87  87  91  88  91  87  88  91  88
  85  83  83  80  83  79  81  79  81  83  84  80  79  72  72  72  78  78
  76  74  75  79  81  79  79  80  78  83  80  78  82  80  76  77  82  84
  82  78  79  84  83  78  73  68  64  64  63  58  50  45  47  49  51  47
  39  42  48  47  51  54  59  64  65  64  68  73  79  81  77  76  74  71
  69  66  65  65  63  63  64  65  66  70  65  60  60  62  63  67  73  74
  71  72  71  71  73  78  80  80  77  80  80  81  81  82  83  82  81  84
  89  90  92  89  93 115 133 142 150 151 151 152 152 149 152 152 152 153
 153 153 154 154 154 152 152 152 152 151 152 154 151 153 154 153 152 153
 155  28]","[ 28  29 139 130 126 125 132 145 147 154 157 160 164 165 163 156 158 159
 158 157 153 156 158 160 152 152 155 155 152 148 144 146 149 142 134 127
 124 127 128 125 116 113 111 104 105 100  95  94  97 102  99  94  95  96
  95  89  88  86  90  89  85  81  82  85  84  78  76  75  77  75  78  78
  78  76  75  79  82  80  75  71  76  79  81  82  84  80  76  76  77  80
  81  81  83  85  85  83  84  83  81  79  74  67  63  61  59  57  57  54
  49  49  48  43  45  45  45  44  41  40  46  52  60  65  65  64  62  59
  61  62  59  59  60  62  62  60  62  67  64  61  62  64  64  68  72  73
  72  73  74  75  77  80  81  81  78  82  84  83  82  83  85  86  85  83
  86  93  97  96 111 141 140 145 150 150 151 153 153 152 154 154 154 154
 154 154 154 154 154 153 153 153 153 153 154 156 157 156 154 153 153 154
 156  29]","[ 32  25 134 124 126 128 125 129 128 133 129 128 129 126 132 143 152 157
 161 159 159 161 161 155 160 155 155 158 160 159 155 157 157 153 153 148
 148 145 134 136 136 138 137 133 131 129 117 110 104 111 112 109 103 101
 101  95  97  91  94  95  87  86  89  94  91  85  82  78  80  80  83  83
  82  82  80  79  80  83  84  83  80  79  80  81  78  73  71  72  72  75
  78  80  80  79  78  78  72  76  81  83  81  79  80  82  78  75  71  68
  65  61  54  49  49  49  49  47  42  39  41  44  41  42  37  36  37  36
  39  40  44  48  49  49  50  52  58  64  61  60  63  66  67  70  73  74
  74  75  77  79  80  81  81  82  82  83  85  87  89  88  85  82  83  89
  88  93 110 128 142 153 151 150 150 150 151 153 154 154 154 154 154 154
 154 154 154 154 154 153 153 154 154 154 155 157 160 158 154 152 153 155
 157  30]","[ 29  30 162 162 163 160 147 146 144 139 129 125 124 119 121 126 127 132
 136 138 137 142 147 148 150 148 154 163 169 170 167 170 168 159 154 152
 155 155 151 155 152 151 149 146 147 149 142 138 133 127 122 121 114 110
 114 115 111 102 105 113 104 102  97  96  95  98  96  89  89  91  91  89
  82  84  84  82  83  86  87  84  81  80  80  81  79  77  77  76  74  77
  80  81  80  76  74  73  72  75  78  79  78  76  74  74  77  76  75  74
  74  71  67  68  62  62  61  61  58  52  46  42  45  43  37  37  39  37
  35  32  33  38  37  31  31  40  51  59  59  61  64  67  69  71  73  75
  74  75  76  78  78  79  81  83  86  84  86  89  93  93  87  83  89  92
  93 113 137 148 153 154 154 151 148 148 150 153 154 155 153 153 154 154
 154 155 155 155 152 152 152 153 154 154 155 157 158 156 153 152 154 155
 156  29]","[ 28  31 170 169 168 165 160 165 163 164 160 154 145 142 140 129 127 126
 125 130 123 124 126 133 127 121 126 135 140 140 143 154 157 152 151 160
 162 159 160 157 160 155 157 156 159 161 160 159 153 142 138 144 142 135
 136 136 139 125 123 129 123 121 111 103 109 111 105  97  96 100  98  97
  93  91  88  87  91  95  93  89  79  80  81  82  82  84  82  76  78  80
  81  81  81  80  77  74  75  76  76  76  75  75  74  74  73  72  71  73
  74  73  73  76  77  73  70  71  74  72  65  58  50  48  42  41  42  40
  40  39  37  38  33  26  25  30  40  49  58  63  68  71  72  72  72  72
  74  74  75  75  77  80  84  88  89  88  91  91  91  93  91  92  95 104
 116 139 153 150 150 152 151 148 146 147 150 152 154 155 154 154 155 156
 156 157 157 157 153 153 153 154 154 154 155 156 156 155 154 154 155 155
 156  29]","[ 29  27 167 169 170 166 161 160 157 163 169 169 162 163 171 168 158 154
 150 156 145 139 130 132 128 123 120 117 117 121 127 137 130 132 133 138
 137 138 154 160 164 161 168 171 172 171 171 173 181 175 168 167 163 159
 165 169 167 152 146 147 146 148 140 132 127 125 116 113 112 110 104 104
 110 105  99  96  97  97  95  93  88  89  86  84  85  88  86  81  81  81
  81  80  80  81  79  76  78  79  78  75  72  72  74  76  77  73  70  70
  71  71  71  70  71  67  65  68  74  76  72  67  59  57  52  54  57  54
  52  50  47  43  38  37  34  30  34  45  54  61  68  72  74  73  72  73
  73  75  76  76  79  85  91  94  92  90  95  94  94  95  92  95 103 127
 144 149 149 152 154 152 154 151 150 150 151 153 153 154 155 155 156 157
 157 157 158 158 155 155 155 156 156 154 155 156 155 156 157 158 157 155
 156  29]","[ 30  29 166 164 162 160 164 163 162 161 161 166 167 165 167 166 169 166
 163 167 162 161 158 158 162 161 159 149 143 141 136 133 134 135 129 122
 115 113 118 126 134 133 140 147 147 154 162 172 179 182 181 180 176 170
 173 177 166 160 159 157 159 160 153 144 140 144 141 144 141 134 121 121
 126 121 117 117 112 103  95  92  98  97  91  85  87  89  87  86  90  87
  84  83  83  82  81  81  75  77  77  76  75  76  78  79  74  70  69  70
  69  69  69  65  66  65  65  67  69  69  66  62  62  63  63  70  75  69
  61  55  53  48  44  45  44  38  39  46  52  60  65  67  70  70  71  74
  74  78  80  81  84  90  94  94  94  91  96  96  97 101 100 105 128 140
 153 152 150 152 154 158 158 157 155 154 155 156 156 156 157 157 157 158
 157 157 157 156 155 155 155 156 156 154 154 155 156 156 157 159 158 156
 156  29]","[ 29  29 166 164 164 164 166 160 164 168 163 161 164 163 164 166 161 162
 163 162 161 164 167 166 161 160 164 167 168 166 160 158 156 153 146 138
 144 141 126 124 129 130 131 133 119 123 123 131 141 143 144 152 160 160
 164 170 171 169 170 161 162 161 158 153 156 164 162 161 157 155 150 155
 147 138 132 135 135 127 119 116 121 120 111 104 103  98  92  93  95  89
  85  86  85  82  82  84  79  80  81  80  81  81  79  76  76  73  76  76
  71  69  68  63  60  63  65  64  63  61  61  61  58  60  60  64  65  61
  61  61  54  52  48  45  45  46  46  47  55  61  63  61  63  65  68  73
  75  81  84  84  87  92  94  91  93  92  97  95  96 104 112 126 149 150
 156 154 151 152 153 160 158 157 155 155 157 160 161 160 160 160 159 159
 158 157 156 156 153 153 154 155 155 154 154 155 156 155 155 158 158 156
 155  28]","[ 28  30 180 178 175 172 170 165 170 169 167 167 167 167 165 162 161 161
 160 162 167 168 166 167 164 158 158 161 160 160 162 161 162 164 162 160
 163 167 165 159 154 153 148 141 137 135 130 124 123 123 125 123 119 121
 131 139 140 140 147 151 167 167 172 166 158 161 165 167 172 175 167 168
 161 160 168 173 165 155 149 144 145 142 137 124 116 115 104  96  98  92
  89  90  87  85  87  89  84  82  81  82  84  84  80  76  74  76  75  72
  70  70  69  68  67  68  65  65  62  60  63  58  54  54  55  57  57  56
  54  53  55  51  48  46  45  46  48  50  53  54  56  57  57  59  67  74
  80  84  80  83  87  90  89  90  95  97  98  96 104 121 133 144 152 151
 151 153 154 155 157 160 161 160 158 157 158 159 161 162 161 161 160 156
 154 154 155 155 153 154 155 156 155 155 154 153 159 156 156 159 158 154
 154  29]","[ 29  30 181 181 181 180 178 173 176 177 174 171 170 171 170 166 162 164
 165 166 167 164 161 161 159 158 157 155 156 160 163 161 159 159 159 161
 165 169 169 167 163 163 160 154 152 155 157 157 150 144 138 135 133 133
 132 129 130 129 130 127 130 133 140 143 146 150 159 165 171 174 171 174
 172 172 178 182 180 175 169 163 161 157 154 146 137 128 116 112 111 114
 112 102  95  97  98  95  91  88  86  87  90  91  88  86  84  83  80  76
  75  76  76  76  77  74  70  69  67  64  61  54  54  52  51  52  53  53
  52  52  51  48  45  43  42  43  47  50  52  53  57  61  65  68  71  74
  82  83  78  81  86  92  91  91 100 103 102 107 131 145 146 156 153 153
 154 155 155 156 158 160 161 161 161 160 160 161 161 161 161 161 160 158
 156 156 155 155 156 156 156 155 154 153 153 153 158 157 157 159 159 156
 155  29]","[ 29  28 180 181 184 185 182 177 177 179 177 173 174 178 178 175 170 172
 172 173 173 169 164 164 170 171 168 165 164 163 161 158 161 159 159 162
 164 163 161 161 161 162 161 159 158 160 160 160 164 159 155 154 154 153
 150 145 140 138 137 131 125 124 120 123 122 116 117 122 131 141 145 147
 160 162 167 173 179 182 180 176 169 168 169 164 156 147 139 138 134 133
 132 128 121 113 105 100 104 101  97  95  95  93  91  88  83  80  78  78
  79  80  81  81  82  76  73  69  66  64  60  58  54  52  49  49  51  54
  55  55  50  47  44  41  38  39  43  47  53  58  63  65  67  72  78  82
  83  81  77  83  87  93  96 104 110 109 116 131 149 158 156 158 159 160
 161 160 160 160 161 162 162 163 163 162 161 161 161 162 160 160 160 160
 160 159 158 158 157 157 158 157 156 156 157 158 157 157 157 158 158 157
 157  29]","[ 30  29 181 180 182 183 181 179 179 180 178 176 176 179 179 176 182 181
 179 180 184 182 178 176 174 175 174 174 175 170 166 168 161 159 159 163
 165 165 165 166 165 162 158 157 159 163 164 163 162 162 163 163 161 160
 159 156 155 154 159 157 152 152 144 146 149 144 141 132 122 120 121 119
 128 127 124 126 134 142 147 151 164 168 171 167 160 156 152 151 143 134
 129 131 129 119 112 113 115 113 110 106 103 101  98  96  98  94  90  89
  86  81  76  73  78  71  72  68  65  65  61  63  56  55  53  51  50  51
  51  50  51  49  46  43  39  38  42  47  50  61  71  74  74  76  80  82
  83  83  83  89  93 102 104 109 113 118 133 148 156 160 162 164 166 168
 169 167 165 164 164 163 164 163 162 160 159 159 161 163 161 160 160 162
 161 159 159 160 157 157 158 158 159 159 160 160 157 158 158 157 158 158
 158  29]","[ 30  29 184 182 181 182 180 182 179 178 177 178 179 179 178 178 179 178
 176 178 182 181 178 177 175 175 174 176 179 177 176 180 179 177 173 169
 167 167 167 167 167 165 162 161 162 165 164 163 162 161 161 162 162 162
 160 155 156 155 163 158 156 156 154 161 161 156 151 147 145 148 146 137
 130 128 125 124 124 122 124 129 123 130 136 139 140 142 145 145 139 138
 133 130 131 128 126 126 121 121 118 114 110 107 107 107 105 101  98  97
  96  93  88  86  77  71  73  74  74  73  66  63  62  64  65  62  59  56
  55  54  53  51  48  46  43  42  45  48  53  62  70  73  74  77  80  81
  83  87  92  94  98 112 111 109 126 139 147 153 161 161 164 172 169 172
 172 170 167 166 165 164 164 163 161 159 157 158 160 162 163 162 162 162
 160 157 157 159 159 158 157 157 158 158 158 157 159 159 158 157 158 158
 159  29]","[ 29  29 185 184 181 182 180 184 179 178 178 180 182 181 181 182 179 181
 181 182 183 180 178 179 177 180 181 179 179 179 179 178 178 180 179 177
 176 177 176 174 175 177 177 175 172 170 167 166 165 164 164 165 165 167
 164 159 156 154 160 158 157 156 153 157 156 159 158 155 155 161 171 172
 166 165 164 161 151 139 134 135 130 129 125 124 122 118 121 122 127 129
 126 124 128 129 125 122 124 124 122 118 115 114 116 118 116 111 105 102
 100  97  95  93  88  84  85  84  81  78  74  71  64  68  70  67  61  57
  56  55  57  53  49  48  46  45  44  45  54  62  67  67  67  72  79  84
  82  85  94  97  98 112 119 128 151 155 155 157 159 163 168 169 171 172
 172 170 168 167 166 166 164 164 163 161 160 159 160 161 163 163 162 162
 160 159 159 160 161 159 156 156 157 158 159 158 160 160 159 158 159 159
 158  29]","[ 29  28 186 185 183 184 180 183 185 185 184 183 182 180 181 181 180 182
 183 183 182 180 178 179 177 179 182 181 179 180 180 177 174 178 181 182
 181 181 179 177 180 180 179 176 174 173 175 177 172 172 173 172 171 171
 168 162 155 155 157 163 163 163 158 158 159 160 156 156 158 158 160 159
 160 158 160 161 156 155 160 162 163 158 148 143 139 135 135 132 124 124
 118 116 122 122 117 117 122 122 122 121 121 122 123 124 118 115 111 107
 105 104 102 100  99  99  96  91  83  80  82  81  78  82  82  76  68  64
  63  64  66  60  54  53  53  51  48  46  49  58  67  70  69  71  75  79
  81  82  94 102 105 123 137 152 162 158 159 163 162 168 177 171 173 172
 172 171 169 168 167 168 167 167 166 165 163 162 162 161 162 162 162 162
 162 162 161 160 158 157 157 158 159 160 160 160 159 158 158 158 160 159
 158  30]","[ 31  29 186 187 186 187 180 182 185 187 187 183 181 182 184 184 183 183
 182 182 184 183 181 181 184 181 183 185 182 181 184 185 180 181 182 182
 180 180 180 179 181 180 180 179 179 179 179 178 181 180 180 180 180 181
 176 169 176 177 170 173 162 162 160 164 162 165 161 163 162 154 155 159
 157 157 161 162 157 158 160 158 157 160 155 154 157 159 159 149 146 153
 150 143 140 132 123 120 120 120 120 121 120 119 116 114 112 113 112 110
 109 108 105 101 103 103  97  93  88  84  87  82  83  86  86  80  75  75
  78  80  74  67  61  60  62  61  57  54  52  57  63  67  71  74  75  75
  79  86  99 105 118 148 156 155 161 165 164 168 171 172 178 180 175 173
 172 172 170 168 168 169 171 170 168 166 165 164 164 163 162 163 162 162
 162 162 159 154 153 155 158 159 159 158 157 157 156 155 156 158 160 159
 159  30]","[ 29  30 187 190 187 185 182 181 186 186 187 187 186 186 187 187 187 186
 184 182 180 179 180 181 185 186 187 185 183 183 183 183 182 181 181 184
 184 182 180 179 182 181 180 179 179 180 180 181 182 181 180 181 182 182
 180 178 179 179 180 181 178 174 172 172 176 176 174 172 167 163 161 161
 162 160 162 163 159 158 160 159 159 155 152 154 158 159 158 158 156 156
 155 155 155 155 153 151 142 138 134 133 135 132 123 114 115 122 116 113
 114 109 108 106 104 106 105  98  94  96  95  89  88  88  87  87  87  85
  81  79  77  76  72  71  71  70  66  65  63  57  61  69  73  75  75  80
  88  95 107 125 143 157 154 160 163 168 170 171 173 175 177 180 179 175
 173 173 172 172 170 167 171 171 170 168 166 166 165 165 162 161 161 161
 160 158 156 155 154 153 156 159 158 154 154 158 158 159 159 158 159 161
 160  29]","[ 29  30 188 191 189 188 186 186 187 188 188 188 187 186 186 185 187 187
 186 185 184 182 182 182 187 188 188 186 185 184 184 184 182 181 181 183
 185 185 183 182 185 184 182 180 179 179 180 181 180 179 179 181 183 184
 182 180 180 179 179 181 181 180 177 176 176 178 179 179 176 172 170 170
 168 166 168 168 163 161 161 159 155 151 150 154 159 161 159 156 153 152
 152 154 155 155 154 153 152 151 151 152 152 150 144 140 143 144 133 127
 127 120 115 111 107 106 107 108 112 115 109  98  95  90  87  90  94  92
  86  80  84  79  74  74  76  75  72  72  68  60  60  65  71  76  82  93
  97 108 134 150 154 163 164 161 165 170 172 172 174 176 178 181 178 176
 176 175 174 173 172 170 169 170 170 169 169 169 168 166 163 162 162 161
 160 157 155 154 156 155 155 157 159 160 159 158 158 159 159 159 160 161
 160  29]","[ 30  29 187 190 189 189 188 188 189 189 189 189 188 187 185 184 186 186
 187 188 188 187 186 187 189 190 190 188 187 186 186 186 184 183 183 184
 186 189 188 186 188 187 185 184 183 182 183 183 180 179 179 181 184 185
 184 182 183 182 181 182 182 181 179 178 177 180 182 183 182 179 178 179
 176 174 174 174 171 170 169 168 162 163 164 163 163 162 161 160 160 157
 156 157 158 156 154 153 151 150 151 153 153 150 147 146 149 152 150 152
 155 149 142 139 129 129 130 130 129 127 120 111 103  98  97 101 103 101
  96  91  87  80  76  82  86  82  73  68  68  64  64  68  74  79  87 104
 110 130 151 156 160 162 163 163 171 174 175 174 175 175 176 179 178 177
 178 178 176 175 174 173 171 172 172 172 172 172 172 171 164 164 165 164
 161 159 157 157 158 158 157 156 159 162 162 159 159 160 160 160 161 160
 159  30]","[ 30  29 186 189 188 188 187 188 190 190 190 190 190 188 186 185 186 187
 188 189 189 188 188 188 189 190 189 188 187 187 187 187 186 187 186 186
 188 190 190 188 188 188 188 188 187 186 186 185 182 181 181 182 183 183
 183 182 183 183 183 183 182 181 180 181 179 180 181 182 181 180 180 181
 178 176 175 175 174 174 175 175 175 178 179 174 169 168 170 171 171 166
 163 163 162 159 156 156 156 152 150 152 153 151 148 148 148 149 150 152
 155 152 152 155 152 151 150 146 138 134 132 131 126 120 119 120 117 112
 107 103 107  97  92  94  92  84  77  75  77  75  73  73  78  82  93 115
 130 144 155 153 161 163 166 169 174 177 177 176 176 177 177 179 179 179
 180 181 178 178 177 175 173 173 172 171 170 171 172 172 167 167 168 167
 165 162 162 162 159 161 162 159 158 160 161 161 161 160 160 160 160 158
 157  29]","[ 30  30 187 189 187 187 187 187 189 190 190 191 191 190 188 187 188 188
 189 189 188 187 186 187 188 188 188 186 186 186 186 186 186 188 188 187
 187 188 189 188 187 187 188 188 188 187 186 186 184 183 183 183 182 181
 181 182 183 182 182 183 184 184 184 183 180 179 179 180 180 180 180 180
 180 179 177 176 177 176 175 175 179 180 180 177 176 177 178 179 176 171
 167 168 168 165 163 164 161 157 154 155 155 154 154 155 150 150 153 155
 154 148 143 144 145 143 144 145 145 147 152 154 152 146 142 141 140 136
 132 129 123 117 116 115 106  98  98 100  92  91  93  97 105 108 114 130
 142 145 154 156 160 166 175 171 173 176 177 177 179 179 180 182 182 181
 181 182 181 180 179 177 175 175 174 172 171 171 172 172 168 168 168 167
 165 162 162 162 160 162 163 162 160 158 160 162 162 161 160 160 159 157
 157  29]","[ 29  29 187 188 186 186 186 187 187 188 188 189 189 189 189 188 189 189
 189 189 188 187 187 188 188 189 189 187 186 186 187 187 186 188 189 188
 187 187 187 187 188 188 188 187 187 187 187 187 186 186 185 185 184 183
 183 185 186 184 182 183 187 189 186 183 179 179 179 181 181 181 180 179
 180 180 179 179 180 178 175 176 178 180 180 179 177 177 178 178 178 174
 171 172 173 172 171 171 169 167 166 165 163 161 162 165 164 157 154 153
 153 153 151 152 148 146 146 146 144 144 145 144 146 146 142 140 142 141
 141 143 145 139 138 136 129 123 122 120 120 109 100  99 110 120 129 142
 145 148 152 155 159 164 172 173 174 178 179 179 180 180 180 182 183 181
 180 181 180 180 180 177 175 175 175 174 173 173 173 172 169 167 166 165
 163 161 159 159 160 159 160 162 162 161 160 161 162 161 161 160 160 159
 158  29]","[ 29  29 185 188 186 186 186 187 188 188 188 188 188 189 189 190 191 190
 190 190 189 188 189 190 190 191 191 189 187 187 188 188 188 188 189 189
 188 187 187 188 189 189 189 188 188 189 189 189 188 187 187 188 188 186
 186 188 187 186 185 185 187 188 185 181 180 181 182 183 182 181 180 181
 178 180 178 178 180 178 176 178 179 180 181 180 177 174 175 177 180 177
 174 174 176 176 174 173 171 171 170 169 167 166 166 166 163 158 160 160
 160 159 154 152 151 151 153 152 148 146 147 146 145 148 142 136 139 139
 139 144 148 141 139 138 138 144 150 148 139 129 124 123 129 136 137 140
 147 155 152 154 161 165 170 176 175 178 180 180 181 181 181 181 183 180
 179 179 179 180 180 178 174 173 172 172 173 174 173 170 170 168 166 165
 164 163 161 160 161 159 159 162 164 163 161 161 161 162 162 161 162 162
 160  29]","[ 30  29 186 188 187 187 187 188 190 190 190 190 189 190 191 192 195 194
 193 192 190 188 188 189 191 192 192 189 187 186 187 188 190 188 188 189
 189 187 187 188 188 189 189 190 190 190 189 189 188 186 186 189 190 188
 187 188 183 186 188 187 185 185 184 182 184 184 185 185 183 181 181 183
 183 183 180 178 180 179 179 182 181 178 176 177 178 178 178 178 179 177
 175 175 176 177 175 172 172 172 171 172 173 174 171 168 168 166 170 169
 166 164 159 159 160 159 159 158 156 155 155 153 150 151 141 135 144 146
 141 144 139 138 139 136 131 136 143 141 137 136 143 147 151 154 151 148
 147 151 152 159 159 168 175 173 173 177 179 180 183 183 183 184 183 180
 180 180 179 180 181 180 179 176 172 172 175 177 176 173 171 169 167 167
 168 167 166 165 162 162 163 164 164 164 163 163 160 162 163 162 164 164
 162  30]","[ 30  29 187 186 187 186 188 187 188 188 189 189 188 190 192 192 193 194
 195 194 192 190 188 187 189 192 190 188 189 189 188 186 189 188 189 188
 187 188 189 188 189 191 193 193 192 190 189 188 187 189 189 188 189 189
 187 186 185 188 189 188 186 186 187 187 187 184 183 184 184 182 183 185
 188 186 183 181 182 183 182 180 179 180 178 177 177 180 180 178 181 181
 180 179 178 176 173 172 173 173 172 170 170 171 171 170 170 170 169 168
 167 166 165 164 163 163 164 164 162 160 157 157 159 158 153 151 152 149
 145 144 143 141 139 137 132 130 137 145 141 138 140 138 152 152 155 151
 147 153 157 157 159 165 171 174 174 178 177 176 179 184 186 186 181 182
 181 180 181 183 181 178 179 177 176 175 174 174 174 175 171 169 169 171
 172 170 167 166 165 165 164 163 164 166 166 165 161 162 162 163 162 162
 164  28]","[ 30  29 187 187 187 186 188 187 187 187 189 190 188 189 191 191 194 195
 195 193 191 189 188 187 189 192 192 190 190 191 190 189 190 191 193 193
 191 191 190 189 186 188 191 192 192 191 190 189 188 190 189 187 187 187
 186 186 189 189 189 187 187 187 187 186 186 184 183 184 184 184 185 186
 185 185 185 185 186 187 185 182 181 181 180 178 179 181 181 180 179 179
 179 179 179 178 177 176 172 171 171 170 170 170 170 170 170 170 168 166
 165 165 165 165 165 165 165 165 164 163 161 160 160 158 154 152 153 153
 149 147 145 145 143 138 136 136 137 137 139 139 141 140 150 152 154 151
 151 155 157 157 160 166 170 172 174 178 178 177 181 185 187 187 183 185
 185 183 183 183 182 181 179 178 178 177 176 175 173 173 173 170 170 172
 173 171 169 168 166 165 164 163 164 166 166 165 163 162 162 163 162 162
 163  28]","[ 30  29 188 188 189 187 188 188 187 187 190 191 189 189 190 190 193 194
 194 194 192 190 188 187 188 191 192 190 191 191 190 190 189 190 193 193
 191 190 190 188 186 188 190 191 191 189 187 186 187 189 188 186 187 187
 186 187 187 186 185 184 186 188 188 186 186 185 184 182 183 184 185 186
 183 185 186 187 188 188 186 184 184 183 182 181 181 180 180 181 180 179
 179 179 179 178 177 176 173 171 170 171 171 170 170 170 171 171 169 166
 164 165 166 167 167 166 165 165 164 163 161 161 159 157 155 153 154 155
 153 148 145 147 147 142 138 137 137 137 141 145 146 145 148 153 155 153
 153 157 160 159 158 162 168 172 174 179 180 180 182 185 184 183 183 185
 186 186 184 182 182 183 183 181 180 179 177 175 172 171 173 171 170 172
 173 172 171 170 169 167 165 164 165 166 165 164 163 161 159 161 161 160
 162  29]","[ 29  29 188 189 190 188 189 189 188 188 190 192 191 190 190 189 189 191
 193 194 193 191 188 187 188 191 191 190 191 190 189 189 188 187 188 189
 188 189 190 189 188 189 190 191 191 189 186 184 188 189 188 188 189 189
 187 187 186 185 183 183 185 188 189 187 187 187 185 182 181 183 184 183
 185 185 185 185 185 185 185 186 185 184 184 183 182 179 179 180 181 180
 180 179 178 177 176 175 177 173 172 173 173 171 170 172 172 172 171 168
 166 167 168 169 168 167 165 164 162 160 159 159 158 156 155 155 154 157
 154 146 145 145 145 144 141 138 139 142 142 147 146 145 144 153 154 151
 154 158 160 159 158 161 167 172 173 178 181 181 183 184 182 180 181 183
 186 187 185 183 183 185 187 184 181 179 177 174 173 172 171 170 170 171
 171 171 171 171 170 169 166 165 165 166 164 162 161 158 157 160 160 160
 162  29]","[ 29  29 189 191 192 189 190 190 190 188 189 191 191 190 190 188 186 188
 190 191 191 190 188 188 189 191 190 190 192 191 189 189 190 188 187 188
 189 192 193 191 187 189 191 193 193 192 190 188 191 191 189 188 189 188
 186 187 188 188 187 186 187 189 189 187 188 188 186 182 182 184 185 183
 187 186 185 184 183 183 184 186 186 186 186 185 182 179 178 179 180 180
 179 179 180 180 179 179 179 175 173 174 174 173 172 174 172 173 172 170
 169 169 170 170 169 169 168 166 163 160 159 159 160 158 158 157 156 158
 155 146 146 143 141 141 141 140 138 137 143 147 146 146 143 155 157 154
 157 157 157 158 161 166 169 170 173 177 179 180 183 184 183 183 183 183
 185 187 187 186 185 185 187 185 182 180 178 175 174 174 170 169 170 170
 171 171 171 171 170 168 166 165 166 166 164 162 161 159 159 162 162 162
 163  29]","[ 29  29 190 192 193 190 190 190 190 187 188 190 190 189 188 186 187 188
 188 188 188 188 188 189 189 190 189 190 191 191 190 190 191 189 188 190
 192 194 193 189 188 189 192 193 193 192 191 190 191 189 187 186 187 187
 187 189 187 188 188 187 187 188 188 188 187 188 186 184 185 187 187 185
 185 185 185 185 183 182 183 185 186 187 187 185 182 179 178 179 179 179
 179 180 180 181 182 181 179 176 174 175 176 175 175 175 173 174 174 173
 172 171 171 171 170 170 170 169 166 163 162 162 163 161 161 160 160 159
 155 148 151 153 152 148 146 147 145 140 145 147 147 148 146 158 162 159
 158 158 160 161 165 169 171 173 176 179 179 179 181 183 184 186 185 185
 186 187 188 187 185 184 183 183 182 182 180 178 176 176 172 172 172 172
 172 172 172 172 169 167 166 165 165 166 165 163 164 164 164 165 165 165
 165  30]","[ 29  29 190 192 193 189 189 188 190 187 188 190 189 187 187 186 188 189
 189 189 189 189 189 189 189 190 190 189 190 188 188 190 191 188 188 189
 191 193 192 188 188 190 192 193 192 191 190 190 189 188 185 185 187 186
 185 187 185 186 187 186 186 187 188 188 187 187 186 186 187 189 188 187
 184 184 185 186 185 183 182 183 184 187 187 184 180 179 179 180 180 179
 179 179 180 181 181 181 178 177 176 176 177 178 177 175 175 175 175 173
 173 173 173 172 171 170 170 170 169 168 166 166 165 164 162 161 162 160
 155 152 150 153 153 148 144 145 144 141 144 145 146 147 145 156 162 159
 157 160 164 166 167 169 173 176 178 181 180 179 180 181 183 185 186 187
 187 187 187 187 185 182 182 182 182 182 181 179 178 178 176 176 176 174
 173 173 173 173 170 169 167 166 166 167 166 165 166 167 167 167 165 166
 166  29]","[ 29  29 190 192 193 188 188 187 189 188 190 191 189 187 187 187 188 189
 191 192 192 191 190 190 189 191 191 190 188 186 187 191 191 188 188 188
 189 191 191 188 187 189 191 193 192 192 191 191 190 189 187 187 188 185
 181 181 189 189 188 187 186 187 188 187 187 186 186 187 188 188 187 186
 184 184 185 186 185 183 182 183 183 186 186 182 179 179 180 180 179 179
 179 179 180 181 181 182 179 179 178 178 179 179 177 175 175 175 174 172
 172 172 173 172 173 171 170 171 172 171 169 168 166 166 163 162 164 161
 156 155 155 152 149 148 148 148 146 145 147 146 149 148 147 155 161 158
 159 161 164 167 169 172 173 174 175 179 180 180 182 182 183 184 187 188
 188 187 187 188 186 182 183 183 182 181 180 178 179 181 179 179 178 175
 173 173 173 174 173 172 169 167 166 167 168 167 166 168 168 166 164 166
 166  29]","[ 29  27 188 188 189 188 188 188 189 190 189 188 190 192 192 189 189 187
 186 188 190 191 191 192 193 192 191 189 187 188 188 188 191 188 187 189
 191 189 188 187 189 191 194 193 189 186 188 190 192 190 187 185 188 187
 182 185 187 189 189 188 187 187 187 187 187 186 186 186 184 183 184 186
 187 187 187 187 185 184 182 182 185 185 183 180 181 183 183 182 180 180
 179 178 179 181 180 180 178 180 180 178 178 178 177 174 175 176 175 172
 171 172 174 174 172 172 172 172 172 171 170 170 168 166 165 166 165 162
 159 158 153 152 153 153 151 148 147 147 147 147 149 149 148 153 159 159
 161 162 164 167 170 173 174 174 175 176 178 181 182 182 183 184 186 187
 188 187 187 188 187 186 182 182 183 184 182 179 179 181 180 179 177 174
 174 175 175 175 173 171 170 169 169 170 170 169 169 167 166 166 162 164
 167  29]","[ 29  28 189 187 187 186 186 187 187 187 187 187 189 192 192 191 188 185
 183 185 189 191 190 188 190 193 193 189 187 189 190 189 188 186 187 189
 189 189 189 190 194 192 191 190 190 190 190 190 191 190 189 187 188 186
 181 183 187 188 188 186 185 186 188 188 185 185 186 185 184 184 185 187
 188 187 185 185 185 183 182 181 183 183 182 181 182 184 184 182 180 180
 179 179 179 180 179 177 174 176 177 177 178 179 179 177 173 175 176 174
 173 173 174 174 173 173 172 172 171 170 170 169 169 167 166 166 165 163
 160 158 155 154 154 154 152 149 148 147 148 150 153 153 152 153 156 157
 160 161 165 169 172 174 175 174 174 173 176 180 184 185 186 187 185 186
 186 186 186 188 187 185 185 185 185 185 182 179 179 180 179 178 175 173
 172 173 174 175 175 174 172 171 171 170 169 168 168 167 166 166 165 166
 167  29]","[ 30  28 188 186 186 185 185 187 188 188 187 186 188 190 189 188 187 186
 186 187 188 188 187 187 188 193 194 189 187 189 191 190 187 187 188 188
 187 187 188 191 196 193 191 191 192 192 192 192 191 190 190 188 188 186
 182 185 187 188 188 186 186 186 187 188 186 186 186 186 185 184 185 186
 188 185 183 183 183 183 182 182 182 182 182 181 182 184 184 182 182 182
 180 180 180 180 178 175 176 178 179 179 180 180 179 178 175 177 178 177
 175 174 174 173 173 173 172 171 171 171 171 171 171 170 168 166 165 165
 162 160 158 156 155 155 154 152 149 148 148 153 156 158 156 154 154 159
 160 162 165 169 173 175 176 176 177 175 177 181 185 187 187 188 186 186
 185 185 187 189 189 188 188 187 185 184 182 180 179 180 180 179 178 175
 173 174 175 177 176 175 174 173 172 171 169 167 169 169 167 166 167 167
 166  30]","[ 30  28 188 187 186 185 185 187 190 189 187 186 187 188 187 185 188 188
 189 189 188 186 186 187 187 191 192 189 187 188 190 189 188 188 189 188
 187 186 189 192 192 192 193 193 192 191 192 193 193 190 189 187 187 186
 185 188 187 188 189 188 188 187 186 186 187 187 186 186 186 185 185 185
 186 184 182 182 182 183 184 185 184 184 182 181 182 183 182 180 184 182
 181 180 180 180 177 175 179 181 182 181 180 180 179 178 174 175 175 175
 175 174 174 174 173 172 172 171 171 172 173 174 174 173 170 167 166 167
 165 161 159 159 158 157 156 154 152 150 150 153 156 158 159 155 156 163
 165 165 167 169 171 174 177 179 179 178 179 182 185 186 186 185 187 187
 186 186 189 192 192 191 189 187 185 184 183 181 180 180 179 179 178 175
 173 173 174 175 174 174 174 173 172 171 169 167 170 172 168 166 166 166
 164  29]","[ 29  28 189 188 188 187 186 187 189 188 187 187 188 189 188 187 189 188
 187 189 190 190 189 187 189 189 190 190 189 188 189 189 188 188 188 188
 188 189 191 193 190 190 191 190 188 188 190 192 193 189 189 188 187 188
 186 188 188 188 188 188 188 187 186 185 186 185 185 185 185 185 185 186
 184 182 181 181 182 183 185 187 187 185 182 180 180 181 180 179 182 181
 179 179 179 179 178 176 177 179 180 180 179 180 180 180 181 179 177 175
 174 174 173 173 172 172 171 171 171 172 173 174 174 173 170 167 167 167
 165 162 160 161 161 160 158 156 154 153 152 153 153 155 158 156 159 167
 170 170 170 170 171 173 176 178 179 178 179 182 184 184 185 186 188 188
 188 188 190 192 192 191 189 187 185 184 184 183 182 181 180 180 180 178
 175 174 174 174 174 174 174 174 173 171 169 168 169 172 169 168 167 165
 163  28]","[ 28  28 189 190 191 189 187 187 187 186 186 186 187 188 187 187 188 188
 189 191 193 192 191 191 189 188 188 190 190 189 189 190 190 190 189 188
 188 189 191 192 192 190 188 187 186 187 189 191 193 189 190 191 189 189
 187 187 188 186 184 185 186 186 187 187 187 185 184 184 184 183 183 183
 183 182 181 181 181 182 184 186 187 184 180 179 179 180 180 179 180 179
 179 178 179 180 179 178 177 178 179 180 181 181 181 181 185 182 178 176
 174 172 171 171 173 172 171 171 171 171 172 172 172 171 169 167 166 166
 164 163 161 162 163 161 159 157 156 155 155 154 152 154 156 157 161 168
 171 172 172 171 171 171 173 175 180 180 182 184 184 184 185 187 190 191
 190 190 191 193 192 189 189 188 187 186 185 185 183 181 182 182 182 180
 179 178 177 175 175 175 175 174 173 172 170 170 169 172 172 172 171 169
 166  29]","[ 29  28 190 191 193 191 188 186 186 186 186 187 187 186 185 185 186 189
 192 194 194 192 191 191 188 188 188 189 189 189 189 190 191 191 190 188
 187 188 189 189 192 190 188 186 187 188 190 192 192 188 191 191 189 189
 188 187 187 184 181 182 185 186 187 187 188 186 183 182 182 182 182 182
 183 181 181 181 182 182 183 184 186 182 179 178 178 179 179 179 178 179
 179 179 179 180 180 179 177 177 179 181 182 181 181 180 175 174 173 173
 173 172 172 173 174 173 173 172 172 172 171 171 171 170 169 169 168 166
 165 164 164 164 163 161 159 159 157 156 157 154 154 155 155 157 162 166
 170 171 172 171 171 171 173 175 181 181 182 184 185 185 186 187 190 191
 192 192 192 192 191 188 188 188 188 187 187 186 183 181 181 181 180 179
 179 178 176 174 176 176 175 174 173 172 172 171 171 171 172 174 172 172
 170  29]","[ 29  28 190 192 194 191 188 186 186 186 187 188 188 187 187 187 189 189
 190 193 195 193 189 186 188 189 189 187 187 188 189 188 189 190 189 188
 187 188 189 189 188 188 189 188 187 187 190 194 189 185 189 189 185 186
 187 188 186 182 180 183 186 187 186 186 186 184 182 182 183 184 184 185
 182 180 179 180 182 182 183 183 185 181 178 177 178 179 179 178 178 179
 180 179 179 179 178 177 174 174 177 180 181 181 179 179 176 176 177 178
 176 173 172 173 175 175 174 174 173 173 172 172 171 170 171 171 170 167
 166 167 166 165 163 161 159 159 158 156 156 154 157 158 155 157 162 164
 169 170 171 171 172 173 177 180 178 178 180 183 185 186 187 189 188 190
 191 191 192 191 189 187 186 187 187 187 187 186 184 181 183 181 180 179
 180 180 179 176 176 176 175 174 173 172 172 172 172 169 169 171 170 171
 171  29]","[ 29  30 189 191 192 190 189 185 186 187 187 188 188 188 188 188 187 189
 190 193 195 191 187 187 186 188 189 188 187 187 187 186 188 189 189 187
 186 187 189 189 190 188 187 187 188 186 185 189 187 186 187 188 188 186
 186 187 186 184 183 185 187 186 185 185 184 181 180 181 182 181 183 185
 181 179 179 182 183 182 181 182 182 182 180 177 178 181 181 179 179 179
 179 179 179 179 177 175 174 177 180 180 178 178 177 177 180 180 178 175
 173 173 174 175 174 175 174 173 173 174 174 173 172 171 172 172 171 169
 166 165 168 166 163 160 159 160 160 158 158 155 154 156 159 160 161 162
 169 171 171 172 175 177 177 180 181 181 183 185 187 188 188 189 187 189
 190 190 190 190 188 186 187 187 187 187 187 187 186 184 182 182 181 181
 180 180 179 178 177 176 174 172 170 170 172 174 174 170 171 172 174 172
 171  30]","[ 29  30 188 189 190 189 188 186 187 187 187 187 187 187 187 187 188 189
 189 189 191 189 187 187 187 188 187 186 186 186 186 185 186 188 189 189
 188 188 189 189 189 188 186 186 187 186 185 187 187 186 187 187 186 183
 182 183 186 184 182 183 184 184 184 185 180 179 180 181 181 180 183 187
 182 182 182 184 184 182 181 181 181 180 178 176 178 180 180 178 179 179
 179 179 179 179 179 178 179 180 180 178 177 176 176 176 175 175 174 173
 172 173 174 175 174 174 174 172 172 173 173 172 172 171 171 171 170 169
 167 167 167 166 165 163 162 162 162 161 158 157 156 158 161 163 164 166
 169 172 173 175 178 179 179 181 181 181 181 184 186 186 187 187 187 188
 189 189 189 188 187 185 185 186 186 186 187 187 187 186 182 181 180 180
 180 179 178 178 177 177 176 176 175 174 172 171 173 170 171 171 172 171
 170  29]","[ 29  29 187 187 189 188 189 187 188 187 186 186 186 187 186 186 187 189
 188 187 188 189 188 188 188 188 187 186 186 186 186 185 184 187 189 188
 187 187 188 188 188 188 186 185 186 186 185 186 187 187 186 186 184 181
 181 183 186 183 181 181 182 181 182 183 182 183 184 184 181 179 182 186
 184 184 184 185 184 182 181 182 181 179 178 177 178 179 179 179 179 179
 179 179 179 179 180 180 182 181 179 176 175 175 176 175 174 174 173 172
 171 172 173 173 173 173 173 173 173 173 173 171 172 171 171 171 171 169
 168 167 166 166 165 163 161 160 159 158 158 158 158 158 159 162 164 165
 170 173 175 177 179 180 179 180 182 182 183 185 187 188 187 187 186 188
 189 189 189 190 189 188 187 188 188 187 187 187 187 186 184 182 181 181
 180 179 179 179 178 177 177 178 179 178 173 170 172 170 171 171 171 169
 169  28]","[ 29  29 186 186 188 188 191 190 188 186 185 185 186 186 186 186 185 188
 187 185 187 189 188 187 188 188 188 187 187 187 185 184 184 186 188 187
 186 186 187 188 187 187 185 183 184 186 185 186 187 187 186 185 183 182
 183 185 185 183 182 182 181 180 181 182 186 187 188 186 182 179 181 184
 187 186 184 182 182 182 182 182 181 179 178 179 180 179 179 180 179 179
 179 179 179 179 179 179 179 178 176 175 174 175 176 176 176 175 174 172
 171 172 172 172 172 172 172 172 173 173 172 171 171 171 171 172 172 170
 167 166 166 165 164 162 161 159 158 158 157 158 158 158 158 161 163 165
 169 174 176 177 179 179 178 179 180 180 181 184 187 187 186 185 187 188
 189 189 189 190 191 190 190 190 190 188 187 187 187 186 186 183 182 182
 181 179 179 180 178 177 176 178 179 179 176 172 173 172 173 172 171 169
 169  28]","[ 29  29 187 187 189 189 191 190 189 187 186 185 186 187 186 186 184 187
 186 184 186 188 187 186 187 187 188 188 188 187 184 183 183 185 187 187
 187 186 187 187 187 187 183 181 183 185 186 186 185 186 187 187 185 184
 184 185 183 182 182 183 183 182 181 182 183 184 185 184 182 181 182 184
 188 186 183 181 181 182 182 180 181 179 178 179 179 179 178 179 180 179
 179 179 180 179 178 177 176 176 175 175 174 175 175 176 176 175 174 172
 172 173 174 174 171 171 171 172 173 173 172 172 172 171 170 171 170 169
 168 167 167 165 163 162 162 163 163 163 158 159 159 160 160 162 165 167
 168 173 176 176 178 178 178 179 180 180 181 185 187 188 186 185 187 188
 189 189 189 190 190 191 191 190 189 188 187 187 188 188 185 183 182 182
 181 179 179 181 179 178 177 178 179 179 177 175 175 174 175 173 173 171
 171  30]","[ 29  30 188 188 189 188 190 188 190 189 187 187 187 187 187 187 187 188
 186 184 186 187 187 187 186 187 188 190 189 187 184 183 180 183 185 187
 186 186 185 184 186 186 183 182 184 184 184 185 183 186 188 189 187 184
 182 181 180 179 181 183 184 183 182 182 181 181 182 182 182 182 183 183
 183 183 181 181 183 185 184 181 180 180 179 179 179 179 178 177 180 180
 180 180 180 179 178 176 176 176 176 176 175 175 175 175 176 176 174 172
 171 172 173 174 172 172 172 173 173 173 173 173 172 170 169 168 168 168
 169 170 168 165 162 162 162 162 162 162 161 160 160 161 162 162 163 165
 168 174 177 176 177 179 179 180 180 180 182 185 187 188 187 186 186 187
 189 190 190 192 194 194 191 191 189 187 187 187 186 185 182 182 182 181
 181 180 181 181 179 179 180 180 180 179 177 176 176 174 175 173 173 173
 172  29]","[ 29  30 188 187 188 187 188 187 188 187 187 187 188 188 188 188 188 189
 187 187 188 188 187 188 187 187 188 189 189 186 185 185 182 183 185 185
 185 185 184 183 185 185 184 184 185 183 181 183 183 185 187 188 186 184
 181 179 179 179 180 183 184 184 182 182 181 182 182 182 182 182 182 182
 180 181 181 180 182 185 185 182 181 181 181 179 179 179 179 177 178 179
 180 180 179 178 177 177 178 176 175 176 176 175 174 174 176 176 174 172
 170 171 171 172 173 173 173 173 172 171 172 173 173 171 169 169 169 169
 170 171 168 166 164 163 162 160 160 160 162 158 158 160 161 159 159 161
 169 176 179 178 178 179 179 180 180 180 180 182 184 184 185 185 186 188
 189 190 191 192 193 194 191 191 189 188 188 187 185 183 182 184 184 182
 181 182 182 181 180 180 180 180 180 179 178 178 176 174 173 172 173 174
 173  29]","[ 28  29 187 187 187 186 188 187 185 185 186 186 187 188 189 189 187 187
 188 189 191 189 186 187 187 187 187 188 187 185 185 186 188 187 186 184
 184 185 185 184 184 184 185 187 187 182 179 180 183 184 185 185 184 184
 183 181 182 180 180 183 185 184 183 183 180 181 182 182 182 183 183 183
 182 184 182 178 179 182 182 180 181 182 182 179 179 180 179 176 175 178
 179 179 178 176 177 178 178 175 173 174 176 176 175 175 174 174 174 172
 170 171 172 172 172 172 172 172 170 168 169 171 173 172 172 172 172 171
 170 170 168 167 166 166 165 163 162 163 159 155 155 159 162 160 160 162
 171 177 180 179 178 179 178 179 184 183 183 184 185 186 187 188 187 189
 190 189 188 187 187 187 189 189 189 189 190 189 187 184 183 185 185 182
 181 182 182 180 181 180 179 179 179 179 179 179 177 174 173 172 174 175
 174  29]","[ 28  31 186 186 186 188 187 187 187 188 186 184 187 187 186 188 189 188
 188 190 190 189 188 188 186 189 190 188 186 185 184 184 187 188 188 185
 184 186 187 187 188 187 187 186 185 184 182 180 183 182 182 183 184 183
 183 182 182 181 181 182 184 184 182 181 182 181 182 186 186 182 180 182
 182 182 182 182 181 180 180 181 179 179 180 181 181 179 176 172 174 174
 176 178 177 175 173 172 174 174 175 175 176 178 178 177 176 175 174 174
 173 172 172 174 173 172 172 173 171 169 169 170 172 172 173 173 173 172
 170 169 167 167 167 167 165 162 161 161 159 157 158 162 164 165 165 164
 168 174 179 179 178 179 180 181 184 185 187 187 186 186 187 187 188 191
 192 190 188 188 188 188 188 188 189 190 189 188 188 186 186 185 184 184
 183 182 181 181 182 182 181 179 179 180 179 178 179 175 174 175 176 175
 175  28]","[ 28  30 186 187 187 188 187 188 184 187 188 188 189 188 187 188 188 187
 188 189 189 188 187 188 187 188 189 188 185 184 184 185 186 187 187 186
 186 187 188 187 189 188 186 183 182 181 181 182 180 181 182 183 181 180
 181 183 182 181 181 182 183 183 182 181 179 180 182 184 184 182 182 183
 182 183 183 183 182 180 179 179 179 179 179 179 179 178 175 173 173 174
 176 178 179 177 175 174 170 171 173 174 176 179 180 179 176 175 175 175
 174 173 174 175 173 171 171 171 172 172 172 173 172 172 172 173 173 172
 170 169 164 163 163 163 163 161 161 163 160 158 159 163 164 165 166 165
 167 172 177 179 179 179 180 180 183 185 186 186 186 187 187 187 187 189
 190 189 189 189 190 190 191 190 191 191 189 189 188 186 186 186 186 186
 185 183 183 183 183 182 180 178 178 179 180 179 179 176 174 175 176 176
 175  29]","[ 29  30 186 188 187 187 186 187 185 185 186 185 183 184 188 189 187 187
 187 188 188 187 187 187 188 188 188 188 186 183 183 184 184 185 187 186
 187 188 188 187 186 185 183 180 179 180 182 183 179 180 182 182 181 181
 182 184 182 181 181 182 182 181 181 181 181 183 184 182 180 179 179 179
 181 182 183 183 182 180 178 177 179 178 178 179 179 177 176 175 173 174
 176 178 178 176 174 173 171 171 172 173 175 177 177 177 175 174 174 175
 174 174 174 175 175 173 170 169 170 172 172 171 171 171 172 173 173 172
 171 170 165 164 164 164 163 162 163 165 163 160 160 162 163 164 165 164
 167 171 176 178 179 179 180 180 183 185 186 186 186 186 187 187 187 188
 188 189 190 191 192 192 191 190 190 191 189 189 189 187 186 187 187 187
 186 185 184 184 183 182 180 179 179 180 180 180 179 176 175 175 177 177
 176  30]","[ 29  30 186 189 188 185 183 185 187 185 185 182 178 181 186 187 186 187
 187 188 187 186 187 187 188 187 187 188 187 183 182 184 182 184 185 186
 187 188 188 187 185 184 182 181 181 181 181 182 180 179 179 181 182 183
 182 182 182 181 181 181 181 180 180 182 181 182 182 181 180 180 180 180
 179 180 181 181 181 179 178 177 178 178 178 179 179 178 177 177 173 174
 175 177 176 175 173 173 173 173 173 173 174 175 175 175 173 173 174 174
 174 174 174 175 176 175 171 169 169 171 171 169 170 171 172 173 173 173
 172 171 168 167 167 167 166 164 164 165 165 161 161 162 161 162 163 162
 167 171 176 179 179 179 179 181 184 186 187 186 186 186 186 186 188 187
 187 188 190 191 191 190 188 188 189 189 188 188 190 190 188 187 187 187
 187 186 184 184 182 182 182 181 181 181 179 178 179 177 176 177 178 178
 177  29]","[ 30  29 186 188 188 185 183 184 186 185 187 187 183 183 185 182 187 187
 188 187 187 187 187 187 187 186 187 189 187 184 182 184 183 184 185 186
 187 187 188 187 189 187 185 184 183 183 181 180 181 180 180 181 182 181
 180 180 182 181 181 181 180 179 180 182 185 183 181 182 182 180 179 180
 179 180 180 179 178 179 178 178 178 177 177 179 178 176 175 175 175 175
 175 176 176 175 175 175 173 173 174 174 175 176 176 175 172 173 174 174
 174 175 176 177 175 175 173 171 171 173 173 172 172 173 174 174 174 173
 172 171 169 167 167 166 165 163 163 165 166 162 161 162 161 161 162 162
 168 172 178 180 179 178 179 181 183 185 187 187 186 186 187 187 187 186
 186 188 189 189 188 187 187 188 190 190 187 188 191 192 190 188 186 186
 187 187 185 184 183 183 183 183 183 181 179 178 179 178 178 178 179 178
 176  29]","[ 30  29 185 187 187 186 184 184 185 186 188 189 187 187 186 183 188 188
 188 187 187 187 187 187 187 186 187 187 185 183 183 185 186 185 186 186
 187 187 187 186 189 188 186 184 184 184 183 183 181 182 183 183 181 179
 179 181 182 181 180 181 180 178 179 182 187 184 181 182 181 178 176 176
 179 180 180 177 176 177 178 178 179 177 177 179 179 176 174 174 175 175
 175 176 176 176 176 177 173 174 174 174 174 175 175 174 171 172 173 173
 174 175 177 177 174 175 174 173 172 173 173 173 173 174 175 175 173 172
 170 169 168 166 164 163 162 162 163 166 165 162 162 163 162 162 162 162
 168 172 178 180 179 177 178 180 181 183 186 187 187 187 188 187 187 186
 187 188 190 189 189 188 190 190 192 191 189 189 191 192 191 188 186 186
 187 187 186 185 185 184 183 183 182 181 180 179 179 179 179 178 178 177
 177  28]","[ 30  29 183 183 184 186 184 184 184 186 187 187 188 188 187 188 188 189
 188 187 186 187 187 186 187 187 186 183 182 182 184 186 187 186 186 186
 186 185 184 184 185 185 185 184 184 184 185 185 182 183 184 184 182 180
 181 182 182 180 180 181 181 179 179 181 181 180 180 180 180 180 178 177
 177 179 180 177 175 176 178 178 180 178 178 180 180 177 175 175 175 174
 175 176 176 176 176 176 175 175 174 173 173 174 173 172 171 172 172 171
 172 174 175 175 175 174 173 173 172 171 171 171 173 174 174 174 172 170
 168 167 167 165 164 164 163 162 163 165 164 162 162 164 162 162 162 162
 167 170 176 180 180 178 177 178 179 182 185 187 187 188 188 187 188 187
 188 190 191 190 190 191 193 192 192 192 190 190 190 189 190 188 187 187
 187 187 186 186 185 184 183 184 183 181 180 180 179 180 180 178 177 177
 177  29]","[ 31  30 181 180 181 184 184 183 182 186 187 186 188 188 187 189 189 189
 188 186 186 187 187 186 187 187 185 180 178 181 185 188 187 186 186 186
 185 184 182 182 183 185 187 187 185 183 184 185 182 181 181 182 183 183
 182 182 182 180 180 181 181 179 179 181 180 182 182 180 180 181 179 176
 176 179 180 178 177 178 179 179 181 178 177 180 181 179 177 177 175 175
 175 176 176 175 175 176 175 175 175 174 175 175 175 174 172 173 172 170
 170 172 173 173 174 172 171 172 172 171 170 171 171 172 173 172 171 169
 168 167 167 166 166 166 165 163 162 162 164 161 162 163 162 161 161 160
 166 168 173 179 180 178 176 175 179 182 185 187 187 188 187 187 188 188
 189 190 191 190 191 193 194 191 191 191 190 190 189 186 187 187 187 187
 187 186 186 187 184 183 184 185 185 182 180 179 179 180 180 177 176 176
 177  30]","[ 29  29 187 182 181 185 182 183 184 186 187 187 187 186 186 187 187 186
 186 186 187 187 185 183 183 185 188 188 185 183 184 186 184 186 187 186
 184 182 181 181 183 186 186 183 182 182 181 179 181 182 181 179 180 180
 180 181 180 180 182 182 180 178 178 178 179 179 179 180 180 179 179 178
 179 179 179 180 180 179 178 179 180 179 177 176 175 176 177 177 176 174
 173 175 174 171 171 173 174 176 172 174 178 176 173 172 172 172 173 172
 170 172 175 174 172 170 171 172 172 172 172 171 172 172 172 171 169 168
 167 166 168 169 169 167 166 165 163 161 163 162 162 162 161 161 161 162
 162 166 173 178 179 179 179 179 180 183 184 185 187 186 185 186 187 188
 188 187 188 190 190 188 190 190 189 188 188 189 188 187 188 187 186 185
 186 186 184 181 181 183 185 185 183 181 181 182 183 180 179 180 176 177
 175  28]","[ 29  30 188 185 183 184 182 184 185 184 184 184 184 185 184 184 182 183
 184 185 186 187 186 184 182 184 186 188 187 185 184 184 182 184 186 186
 185 184 182 180 183 184 184 181 181 183 185 183 181 182 180 178 180 180
 180 181 182 180 178 178 178 179 179 180 178 178 178 178 178 178 177 178
 179 179 179 179 179 179 180 180 179 178 176 175 175 176 176 176 176 175
 176 178 177 174 173 174 174 177 174 174 173 174 173 175 173 171 172 173
 174 174 172 168 171 170 171 171 171 172 174 174 173 173 172 170 169 167
 167 166 167 168 167 166 165 165 164 163 163 163 163 163 162 162 163 165
 165 168 173 178 180 180 181 182 182 182 181 182 186 187 186 185 187 188
 188 187 188 188 188 187 187 188 190 190 190 190 188 186 187 187 186 186
 186 186 184 182 182 184 184 184 182 181 180 180 181 181 180 179 176 177
 175  30]","[ 28  30 185 185 184 182 183 185 186 185 185 185 187 187 185 183 180 181
 182 183 185 187 186 185 183 183 185 187 188 186 184 182 182 184 187 188
 187 186 183 181 181 182 181 179 180 183 185 184 180 180 177 176 178 178
 178 180 181 178 175 175 177 179 179 180 179 178 178 178 177 176 176 177
 178 179 178 177 177 179 181 180 180 178 176 176 176 177 176 175 175 175
 178 180 179 176 173 174 178 179 178 180 176 176 172 171 171 171 172 175
 175 174 171 169 168 168 170 172 171 173 175 176 172 172 171 170 169 168
 167 166 168 168 167 165 165 165 165 164 163 163 164 163 162 162 164 166
 168 170 174 178 180 180 180 180 181 182 181 180 183 187 188 188 187 188
 188 188 188 187 187 186 185 188 190 191 190 189 187 186 186 186 186 186
 186 186 184 181 181 182 182 182 182 182 181 180 181 180 177 179 180 178
 171  29]","[ 28  29 180 183 183 181 185 186 184 183 184 186 188 188 185 183 182 182
 181 181 182 185 186 186 185 184 184 185 186 185 182 180 183 185 187 188
 186 184 182 180 179 180 180 180 181 183 183 181 182 182 180 179 181 181
 179 180 179 177 176 177 178 179 178 178 179 179 179 179 178 177 176 176
 178 179 179 176 175 178 180 180 180 179 177 177 178 179 177 174 172 173
 176 178 177 174 172 172 176 175 174 177 170 171 169 175 171 171 170 172
 173 172 170 170 166 167 171 173 173 174 174 173 169 169 171 171 171 170
 168 166 166 166 165 164 164 165 165 165 162 162 162 162 161 161 162 164
 166 168 173 178 181 181 179 178 180 185 185 182 182 184 187 189 187 188
 189 189 188 187 187 186 187 188 189 188 188 187 187 187 187 187 187 186
 186 185 183 181 181 181 181 182 182 182 181 180 183 180 178 180 181 173
 163  28]","[ 30  29 179 183 183 181 183 184 183 183 184 186 187 188 187 187 185 183
 180 178 179 182 185 187 187 185 184 184 183 182 181 181 184 186 187 185
 182 180 179 178 180 181 181 181 182 183 182 181 182 182 181 181 182 181
 178 178 179 178 178 178 178 177 177 176 178 179 180 181 179 177 176 176
 178 180 180 176 175 177 179 179 178 178 177 178 179 179 177 174 172 173
 175 175 174 172 171 172 176 175 176 177 171 168 166 175 175 173 169 171
 176 176 171 170 168 168 171 174 174 175 174 171 167 168 169 171 171 170
 168 167 164 164 164 164 164 164 165 165 162 161 160 161 161 161 161 161
 162 164 169 176 181 183 182 181 182 187 187 184 183 184 186 187 187 188
 189 189 188 188 187 188 188 189 189 187 186 187 189 190 189 189 189 188
 187 186 184 183 184 184 183 183 182 180 179 178 183 184 183 178 172 162
 156  30]","[ 30  29 182 184 184 181 179 179 183 183 183 184 185 186 188 189 186 185
 181 179 179 182 185 187 186 184 183 182 182 181 181 182 186 187 187 185
 182 180 179 179 181 181 181 180 181 182 183 183 179 180 179 180 181 178
 175 175 180 178 177 177 176 175 176 176 176 177 178 179 179 177 176 176
 178 180 180 177 176 177 177 177 176 176 176 176 177 177 176 174 175 175
 176 175 174 172 172 173 171 176 178 162 143 131 134 153 161 166 169 172
 177 177 173 173 171 170 172 173 174 174 174 172 170 169 169 169 169 169
 168 168 167 166 166 166 165 164 163 163 162 160 159 160 162 161 160 159
 162 163 167 173 179 182 182 181 181 183 183 182 185 188 187 186 187 187
 188 188 188 187 187 188 188 189 189 188 187 188 190 192 190 191 190 189
 187 186 185 184 185 185 184 183 183 182 180 179 184 183 178 167 160 157
 154  29]","[ 30  28 185 185 183 182 178 179 180 180 180 181 182 183 185 186 186 185
 183 181 181 183 185 186 184 183 183 182 182 181 182 183 186 186 185 184
 183 182 181 180 180 180 180 179 180 181 182 183 181 181 181 182 183 180
 177 178 180 178 176 175 175 175 176 177 175 176 177 177 176 174 174 175
 177 176 176 177 177 177 176 175 174 174 175 174 174 175 175 174 175 176
 177 176 174 172 172 173 174 164 147 116 111 106 104 113 133 149 162 167
 172 171 170 173 171 170 171 172 172 173 174 172 172 170 169 168 168 169
 168 168 169 168 167 167 166 163 162 162 162 160 160 160 162 162 161 161
 163 164 168 174 178 180 180 179 178 179 179 180 185 187 187 187 187 186
 187 189 189 188 187 187 188 189 189 188 188 189 191 192 190 191 191 189
 187 187 187 186 186 184 183 183 185 185 183 181 181 171 163 156 154 155
 153  28]","[ 30  29 187 185 183 184 179 183 182 182 183 184 185 186 185 185 184 185
 184 183 183 183 183 183 184 183 182 183 183 182 181 181 183 182 182 182
 183 183 181 178 179 179 180 180 180 180 181 182 181 181 181 182 182 179
 178 180 180 178 177 176 177 177 178 179 177 176 176 175 173 172 173 174
 175 173 173 175 178 177 175 173 173 174 174 173 172 173 175 175 175 176
 177 175 173 171 171 171 165 163 152 117 116 111 109 116 121 141 157 165
 171 172 170 171 169 169 171 172 171 171 173 172 171 170 169 169 169 169
 168 167 166 164 164 165 165 164 164 165 162 160 160 160 161 161 162 163
 163 165 170 176 181 182 181 180 178 180 179 180 182 183 183 185 187 187
 188 190 190 189 187 187 189 189 188 186 186 188 190 191 191 191 191 190
 188 188 188 189 189 186 184 184 186 186 183 180 173 156 151 152 153 150
 150  31]","[ 28  29 185 185 183 183 183 182 181 181 181 183 185 186 185 183 184 186
 186 184 182 183 184 184 184 185 184 182 182 185 184 180 181 182 183 182
 182 183 182 180 180 181 182 182 182 182 181 180 178 179 181 181 181 180
 179 179 180 177 177 178 178 178 179 178 178 176 174 172 172 173 174 174
 173 172 172 173 177 180 177 172 173 172 173 175 175 173 173 175 174 177
 177 174 172 172 171 170 165 165 149 124 114 108 109 113 122 136 152 163
 167 170 171 170 167 163 165 169 168 171 173 170 169 169 168 167 167 168
 168 167 166 164 162 163 165 163 162 164 162 161 159 159 160 162 162 161
 163 165 168 172 177 180 180 178 179 181 181 181 182 182 183 186 189 188
 188 188 187 187 187 187 190 189 188 187 185 184 187 191 193 191 190 189
 188 187 185 185 186 188 183 181 181 180 174 157 155 154 152 152 150 147
 149  28]","[ 29  30 186 186 183 183 183 182 182 183 183 184 185 186 185 183 186 185
 183 183 185 187 187 185 185 184 183 183 185 187 185 180 180 182 182 181
 180 179 179 178 180 181 181 181 181 182 182 182 181 181 181 180 180 179
 179 179 179 177 178 179 178 178 180 180 179 177 175 173 172 171 172 172
 172 172 171 173 176 178 176 173 172 172 173 176 177 177 176 176 174 174
 176 177 176 172 169 169 164 157 139 119 115 112 112 113 122 135 151 162
 168 171 171 171 169 165 168 171 170 172 173 170 170 170 170 169 169 169
 168 167 165 164 161 162 163 161 159 162 163 162 160 160 161 163 163 163
 165 165 166 168 173 178 180 179 180 181 181 181 181 181 182 185 187 187
 187 187 187 187 187 187 186 186 189 190 190 189 191 194 191 190 189 188
 188 187 186 186 183 181 180 182 179 171 163 153 153 151 148 148 150 148
 151  28]","[ 29  30 187 186 183 183 183 182 184 185 185 184 183 183 183 183 183 184
 184 183 183 186 187 187 186 183 182 184 187 188 185 181 181 181 182 181
 179 178 178 180 180 181 182 182 182 183 183 184 183 182 180 179 179 179
 180 180 179 178 179 179 177 176 178 179 176 176 176 175 174 173 172 172
 173 172 172 173 175 177 176 175 176 176 175 175 175 174 172 169 170 171
 173 173 171 169 169 170 158 146 128 113 113 110 110 113 122 136 153 163
 167 169 171 172 171 168 169 172 171 172 172 169 170 170 170 170 170 169
 168 168 165 164 163 162 163 162 161 164 162 161 160 160 161 162 163 163
 167 166 165 166 172 178 180 180 181 182 181 180 181 180 180 183 185 186
 187 187 187 187 187 188 185 186 188 190 190 189 190 192 190 189 188 187
 187 187 186 186 182 181 184 181 170 161 156 157 153 150 146 147 151 152
 154  30]","[ 29  30 187 186 184 183 182 181 185 186 187 184 181 180 181 182 182 184
 184 182 181 182 184 185 185 183 182 185 187 186 184 183 182 181 182 183
 182 180 180 182 179 181 182 181 181 182 182 183 181 180 178 178 178 179
 180 181 181 179 179 178 174 172 174 175 174 176 178 178 177 175 173 173
 174 174 174 175 176 176 176 175 174 174 173 172 173 173 172 171 171 174
 173 170 171 174 171 165 156 140 123 114 116 112 113 115 122 135 151 161
 167 170 172 172 171 169 170 172 171 171 171 169 169 169 168 169 168 168
 167 167 166 166 164 164 166 164 162 163 162 162 161 160 160 162 163 164
 167 167 167 168 173 178 180 180 181 181 181 180 181 180 179 181 184 185
 186 187 187 187 187 188 188 188 188 188 187 186 187 189 191 190 188 187
 187 187 187 186 181 179 178 165 154 153 153 156 154 151 148 149 153 154
 155  30]","[ 29  29 186 187 185 185 183 182 186 187 187 184 180 180 181 183 186 185
 183 181 181 183 182 180 184 183 184 185 184 182 182 184 183 182 182 183
 183 181 181 182 180 181 181 180 179 181 183 184 180 179 178 178 178 179
 179 179 180 177 177 176 174 172 173 173 176 178 179 178 176 174 173 173
 174 175 175 176 176 175 175 174 172 173 172 171 172 174 175 175 174 174
 171 169 171 170 157 141 129 112 100  99 109 110 112 113 120 131 145 158
 167 173 173 171 171 170 170 171 172 172 171 171 168 167 166 166 166 166
 167 168 168 168 165 165 167 166 161 159 163 164 163 162 162 163 165 166
 165 167 168 169 172 176 179 180 179 180 180 180 182 181 180 181 182 184
 185 186 186 186 187 188 190 190 189 188 187 187 189 191 191 190 189 187
 187 188 187 185 179 171 164 151 147 153 153 152 151 150 149 150 153 153
 154  29]","[ 29  29 186 186 185 186 185 183 186 186 185 183 180 181 183 184 186 186
 185 183 182 183 183 181 183 183 184 184 182 180 181 183 184 183 182 183
 183 182 181 181 185 184 182 180 180 183 187 189 182 181 180 180 179 179
 179 179 179 175 174 175 175 175 175 174 176 176 176 174 173 173 174 176
 174 174 175 176 176 174 173 172 175 174 173 172 171 172 173 174 175 172
 169 166 161 148 131 119 104  94  90  93 102 105 112 115 118 132 149 160
 165 169 172 172 170 169 169 170 171 171 171 171 170 167 165 166 167 168
 169 170 169 169 166 165 169 169 165 161 164 164 164 163 162 163 165 166
 166 167 168 168 170 174 179 181 179 179 179 180 183 182 181 182 183 184
 185 185 186 186 187 188 189 189 190 189 188 188 189 190 189 189 188 187
 187 187 183 179 171 162 155 151 150 153 153 152 147 149 149 150 152 152
 153  29]","[ 30  28 184 184 184 187 187 185 187 186 183 181 180 181 182 183 183 185
 186 185 183 183 184 185 182 183 183 183 182 180 180 181 184 184 184 182
 181 181 181 181 185 184 183 181 181 183 186 187 182 181 180 179 179 179
 179 179 179 175 173 175 175 175 175 174 173 173 172 171 171 172 175 177
 173 172 173 175 175 173 172 171 171 169 169 170 171 171 172 174 175 173
 170 166 155 137 120 111  98  96  97  95  96  96 105 111 116 133 152 162
 165 166 169 171 168 168 168 169 171 171 170 171 173 168 166 167 169 169
 170 171 169 169 166 164 168 170 168 165 163 163 163 162 161 162 164 165
 166 167 166 166 169 174 179 181 179 179 178 180 183 183 182 183 182 183
 183 184 185 186 187 188 188 189 190 189 188 187 187 187 188 188 187 185
 184 181 173 166 157 154 152 153 151 148 149 149 146 149 150 151 152 151
 153  28]","[ 30  27 182 182 183 187 187 186 187 185 182 179 179 180 181 181 182 183
 183 183 185 187 186 185 182 182 182 182 182 182 181 179 182 184 184 181
 179 180 181 181 180 180 180 179 179 180 180 179 179 179 178 177 176 177
 179 180 181 176 174 175 174 174 173 172 173 172 172 171 171 172 173 175
 173 171 172 174 175 173 171 171 169 166 166 170 171 171 170 171 171 170
 168 164 157 143 121 103  96  95  98  96  96  96 105 110 116 129 146 159
 167 170 169 166 167 169 169 170 172 172 170 171 173 168 165 166 168 169
 169 169 170 170 166 162 164 167 165 163 162 162 162 161 160 161 163 163
 166 166 165 165 169 174 178 179 180 180 178 179 182 183 183 184 181 181
 181 181 182 184 185 186 188 189 190 189 188 188 188 188 187 187 186 183
 180 174 163 154 153 153 151 153 151 148 150 145 148 151 152 152 152 151
 152  27]","[ 30  29 183 182 182 182 181 182 183 185 184 180 180 183 183 181 180 181
 181 181 182 185 186 186 182 181 182 182 181 179 179 182 182 180 181 182
 180 179 180 180 180 180 179 179 179 179 179 179 180 180 178 176 175 176
 177 179 178 176 175 176 177 176 174 171 172 171 170 170 171 171 171 171
 171 171 173 173 172 171 170 170 169 168 167 169 170 168 169 174 171 169
 165 163 166 143 121 115 102 100 101 100  97  96 101 104 114 120 139 157
 166 167 166 170 168 169 170 170 171 170 170 169 167 167 167 169 169 168
 167 167 168 165 162 161 163 165 165 164 164 164 164 163 162 161 161 163
 165 164 168 167 162 169 179 180 178 176 175 179 183 184 183 183 183 182
 183 185 185 183 183 185 187 188 191 186 186 190 188 191 187 188 186 178
 167 159 155 153 153 150 150 153 153 149 146 146 150 152 152 151 150 150
 149  31]","[ 29  29 182 181 179 180 181 184 185 185 184 181 180 182 184 184 181 181
 181 180 181 183 184 184 182 180 180 181 180 179 180 182 182 180 181 182
 180 180 181 181 178 179 180 180 180 179 179 178 179 178 176 176 176 176
 176 176 174 173 173 175 176 176 175 174 172 172 171 171 170 169 169 168
 168 170 172 172 170 168 168 169 169 168 167 169 171 170 171 175 171 170
 167 163 162 143 127 123 114 110 109 108 101  95  99 106 109 115 137 157
 165 166 165 169 168 169 170 170 170 170 169 168 168 167 167 167 168 168
 168 169 167 165 162 161 162 164 165 165 167 166 166 166 166 164 163 163
 164 164 167 166 162 168 177 179 178 177 177 180 182 182 182 183 184 183
 183 186 187 186 185 185 186 185 188 190 189 188 186 187 191 186 173 159
 154 156 155 150 151 151 152 152 150 148 149 151 151 152 150 152 152 153
 151  30]","[ 28  29 183 180 178 179 181 185 187 186 185 183 182 180 181 182 181 181
 181 180 180 181 182 182 181 180 179 180 180 180 181 183 182 181 182 183
 181 180 181 181 180 180 178 177 176 177 178 180 179 177 175 175 177 178
 177 175 174 174 174 174 174 174 174 174 172 172 172 171 169 168 168 168
 166 169 171 171 169 167 168 170 171 170 168 170 172 171 170 172 169 168
 168 165 165 152 136 124 116 113 114 114 108 103 104 107 107 111 135 159
 167 168 167 168 168 169 169 170 170 169 168 168 168 168 167 167 167 168
 169 170 168 166 164 162 162 163 165 166 168 167 167 167 168 166 163 162
 164 163 165 165 162 168 176 177 178 178 179 180 180 180 182 184 184 182
 182 185 187 186 184 183 185 185 187 190 188 187 191 189 181 170 158 152
 152 153 152 151 150 151 151 150 150 152 153 152 151 153 152 153 153 153
 150  29]","[ 29  29 183 181 180 181 182 184 185 184 184 183 182 180 178 177 179 180
 180 181 181 182 182 182 182 181 180 181 181 181 182 183 181 181 183 183
 181 180 180 179 180 179 177 175 174 174 177 179 180 178 175 175 177 179
 179 178 178 177 175 174 173 173 172 172 172 172 172 171 170 169 169 170
 168 169 171 170 169 168 169 172 171 170 168 169 171 170 168 169 170 168
 169 167 168 160 145 127 117 116 115 114 112 114 113 109 112 112 135 161
 170 172 170 167 168 169 169 170 170 169 168 167 168 168 168 167 167 168
 169 170 169 168 167 164 162 162 163 164 165 164 164 165 166 165 163 162
 165 164 165 165 164 168 175 176 178 179 180 180 180 180 182 185 185 182
 181 183 185 185 184 183 185 187 186 187 185 188 190 178 159 154 152 155
 155 152 150 153 150 151 151 151 151 151 150 149 150 153 154 155 152 150
 148  29]","[ 29  28 182 182 184 185 183 183 179 180 180 180 181 182 180 176 177 178
 180 182 182 182 182 182 182 182 182 182 182 181 181 181 181 182 184 184
 181 180 180 178 177 178 179 178 176 175 174 174 179 178 176 175 176 177
 178 178 178 176 173 172 172 173 173 173 175 174 172 170 170 171 171 172
 171 170 169 169 168 168 169 171 169 169 167 168 171 170 168 169 171 169
 171 167 166 161 152 138 122 119 117 113 112 114 114 110 116 115 137 161
 169 171 169 167 168 169 169 169 169 168 168 167 168 169 169 168 168 168
 168 167 167 167 167 164 162 162 163 164 164 163 162 163 163 163 163 164
 166 166 166 166 166 170 174 176 180 180 180 180 180 181 183 185 185 183
 182 182 183 184 186 187 187 187 185 187 185 183 175 154 146 150 152 152
 150 150 151 151 148 150 151 151 148 145 146 148 149 152 153 154 151 149
 147  29]","[ 29  27 181 182 185 186 184 182 180 180 179 179 181 183 182 179 177 178
 180 182 183 182 180 180 182 182 182 181 181 180 179 179 181 182 184 184
 180 180 180 178 178 178 179 178 177 175 174 174 176 176 176 175 174 174
 173 173 176 174 171 170 171 172 173 172 177 175 172 171 171 171 172 172
 172 170 168 167 167 167 168 169 169 170 168 168 169 169 168 170 171 169
 170 167 168 164 157 145 130 126 125 126 123 119 119 120 114 118 139 159
 165 167 167 168 168 168 169 169 169 168 167 167 168 169 168 167 167 167
 166 164 164 165 165 164 163 164 165 166 165 164 163 163 162 162 163 165
 166 167 166 166 168 170 173 176 181 181 180 180 180 181 182 183 183 183
 183 182 181 183 186 188 187 186 186 186 178 168 159 149 146 146 147 148
 148 148 149 151 147 146 145 146 147 147 149 151 149 150 149 152 152 151
 148  29]","[ 30  27 180 180 182 183 183 183 182 182 181 181 182 182 181 180 179 179
 181 183 183 181 179 179 182 182 182 181 179 178 178 178 180 181 182 181
 178 178 179 178 179 178 177 175 175 175 176 176 174 175 175 174 172 171
 171 171 174 173 172 171 171 171 171 171 174 173 173 172 171 171 172 172
 172 170 168 167 167 166 167 168 170 171 169 168 167 167 167 170 169 167
 167 166 170 166 161 153 133 126 124 126 123 117 115 116 111 116 135 153
 162 166 166 168 167 167 168 168 168 168 167 167 168 168 166 164 164 166
 165 163 163 164 164 163 164 165 166 167 165 164 163 163 162 162 163 165
 166 167 166 166 168 170 172 176 181 180 180 180 180 181 182 182 181 182
 182 181 180 182 184 186 185 183 182 175 164 156 152 155 149 146 146 150
 151 149 149 152 149 147 143 143 147 151 152 152 148 148 146 150 151 150
 148  29]","[ 30  28 181 178 178 179 181 183 181 180 181 183 183 179 178 179 181 181
 182 184 184 181 180 180 182 183 182 180 178 178 178 178 179 180 180 178
 175 177 179 178 176 176 176 176 176 175 175 175 174 174 173 172 171 171
 172 173 172 172 172 172 171 171 171 171 170 171 172 172 172 172 172 173
 173 171 169 168 167 167 167 167 167 169 168 166 166 166 168 172 168 168
 168 165 166 162 163 164 148 136 126 121 119 118 115 111 108 113 129 146
 161 167 165 165 167 167 167 168 168 167 167 167 168 167 164 161 162 164
 164 162 163 163 163 162 163 164 166 166 164 163 162 162 162 161 162 162
 165 166 166 166 168 169 171 176 179 180 180 179 180 181 182 182 180 182
 183 182 181 181 182 183 182 178 173 161 154 154 149 151 152 153 152 150
 150 152 152 150 153 153 151 147 147 150 151 149 146 147 147 149 148 147
 146  30]","[ 30  30 181 179 179 179 181 181 182 180 180 180 181 180 180 180 180 181
 181 180 179 180 180 180 180 181 182 181 180 178 177 177 179 179 179 179
 177 175 175 175 177 180 179 174 173 177 179 177 176 173 172 172 172 170
 169 169 169 170 172 173 173 171 170 169 170 170 170 170 169 170 173 176
 175 172 168 167 168 167 167 167 169 169 168 167 167 168 169 170 166 166
 166 166 165 163 162 161 155 142 131 122 116 114 110 107 108 112 127 144
 158 165 167 167 166 167 167 166 165 165 166 166 167 167 167 165 163 163
 164 165 161 161 162 163 163 163 164 165 162 162 162 162 162 162 162 163
 166 164 164 164 166 167 168 176 179 177 179 182 180 181 182 180 181 182
 183 181 179 179 179 180 174 163 154 152 151 148 147 149 151 153 153 152
 151 149 149 152 153 154 154 152 149 150 151 149 149 148 145 146 147 149
 148  28]","[ 28  28 179 178 177 178 180 180 181 180 179 179 180 180 180 181 180 181
 180 179 177 178 179 179 179 179 179 179 179 179 178 178 179 179 180 179
 176 175 176 179 179 180 178 174 172 175 176 174 174 173 172 173 173 172
 172 172 172 172 172 172 172 171 170 169 172 171 170 168 167 167 169 171
 172 171 170 170 170 171 170 169 170 170 170 169 168 167 167 167 167 165
 165 167 168 167 163 160 157 140 129 121 119 119 112 108 110 112 122 136
 150 162 167 167 165 165 165 166 165 165 165 165 167 167 166 165 164 164
 165 165 162 163 163 163 162 162 163 164 163 163 163 163 162 162 162 162
 164 162 163 163 163 164 166 175 180 179 179 180 180 181 181 180 182 182
 182 181 180 177 174 171 161 154 150 151 151 148 147 149 147 149 149 148
 148 147 147 151 152 153 155 153 149 150 150 148 148 149 147 148 148 148
 147  28]","[ 30  30 182 181 180 181 183 183 181 180 179 179 179 179 179 180 179 180
 179 178 176 177 178 179 180 178 176 177 178 179 179 178 179 179 178 178
 176 175 175 176 180 180 177 174 173 174 173 172 173 172 173 174 174 174
 173 174 174 173 172 171 171 171 171 170 174 172 170 167 166 166 166 167
 165 167 168 167 168 169 170 169 170 172 172 171 169 168 168 167 168 166
 166 167 168 166 161 158 154 136 128 121 120 122 114 113 116 116 120 130
 145 160 168 168 166 164 164 166 166 165 165 165 166 166 165 165 166 166
 166 165 166 166 166 165 164 163 164 165 164 163 162 162 162 161 161 161
 162 161 163 162 162 163 165 174 177 178 178 179 182 182 181 182 183 183
 182 180 175 169 163 158 154 152 152 153 153 151 149 148 146 148 147 147
 147 146 147 150 152 153 155 154 151 150 149 147 148 149 148 151 149 147
 146  29]","[ 29  30 182 181 180 180 182 182 181 180 179 179 178 178 178 178 178 179
 179 178 177 177 179 180 179 177 175 174 176 178 178 178 179 178 178 179
 180 179 176 175 179 177 176 175 175 174 173 172 173 173 173 173 173 173
 173 173 173 173 171 169 169 171 172 171 174 172 169 167 166 167 167 166
 163 165 165 164 164 166 168 167 169 170 172 171 169 169 169 169 167 167
 167 167 166 163 161 161 152 138 134 128 126 128 122 123 121 120 120 127
 139 154 166 166 166 164 164 165 165 164 164 166 166 165 165 166 166 166
 166 165 165 164 163 163 162 162 162 163 162 161 161 161 161 160 160 161
 162 161 162 162 163 164 165 173 174 178 179 179 182 182 180 182 182 182
 180 175 166 157 152 150 151 153 154 154 153 151 149 148 147 149 148 147
 147 146 147 151 152 153 155 155 151 150 149 147 148 148 149 152 151 148
 146  29]","[ 28  29 182 181 180 180 180 180 180 179 179 179 179 178 178 178 178 179
 179 178 177 177 178 178 177 176 174 174 174 175 177 178 179 179 180 181
 181 180 179 178 176 175 174 175 176 176 173 172 173 174 174 173 172 172
 172 172 171 172 172 169 168 170 172 172 171 169 167 166 167 168 168 167
 165 167 167 165 165 167 168 167 167 168 168 167 167 168 169 170 167 166
 166 166 166 166 166 166 148 138 136 130 128 129 123 123 121 121 118 122
 131 144 160 164 165 164 164 164 163 162 164 166 165 165 166 165 165 165
 165 166 166 164 162 161 162 162 161 161 162 161 160 160 160 160 160 160
 162 160 161 161 164 165 165 170 174 179 179 179 181 181 179 181 182 179
 173 166 158 151 148 147 147 150 151 149 148 148 148 147 147 148 147 146
 147 146 147 150 152 153 155 154 151 150 150 148 148 148 148 152 152 149
 147  29]","[ 30  30 183 182 182 181 181 180 178 178 179 180 180 180 180 180 178 179
 179 177 176 176 176 175 175 175 176 175 174 174 176 178 178 179 180 178
 175 173 174 177 175 174 173 174 176 176 174 172 172 173 174 173 172 172
 172 173 171 173 173 170 168 170 171 171 167 166 165 165 166 167 168 167
 166 168 169 168 169 169 169 167 166 167 166 165 166 167 169 169 169 166
 164 165 167 168 166 164 154 145 139 134 134 135 130 124 123 121 117 122
 126 136 155 163 164 165 164 163 162 163 165 167 165 165 165 164 164 164
 165 166 168 165 163 162 163 163 162 162 163 161 160 160 161 160 160 160
 162 160 161 162 165 166 165 168 173 177 178 178 180 181 181 182 178 171
 162 157 154 151 149 147 148 150 150 148 146 146 147 146 146 147 146 146
 147 146 147 150 152 152 154 153 150 148 149 148 148 147 146 150 151 150
 148  29]","[ 29  29 180 180 180 180 180 178 176 176 177 179 179 179 179 180 178 178
 177 176 175 175 174 173 174 176 177 176 174 174 175 177 176 177 177 175
 171 169 170 173 174 173 172 172 174 175 174 172 169 172 174 174 172 172
 172 172 172 173 172 169 168 170 170 168 165 165 166 166 167 168 168 168
 167 167 167 168 169 169 168 167 166 166 166 165 166 168 168 168 167 165
 164 166 167 166 162 159 153 147 136 132 133 135 133 123 123 121 117 124
 125 129 149 160 164 165 165 163 163 165 167 167 166 165 163 162 163 164
 165 166 165 163 161 160 160 160 160 161 163 161 160 160 161 161 160 160
 163 162 163 164 166 167 164 167 171 173 176 178 180 182 181 177 165 158
 151 151 153 153 150 149 151 151 151 149 148 147 147 146 146 147 146 146
 147 146 147 149 152 152 152 152 148 146 147 147 147 147 146 147 148 149
 147  28]","[ 29  29 179 179 180 180 181 179 173 173 174 175 175 175 176 177 178 178
 176 174 174 174 174 173 173 175 177 176 174 172 173 174 175 174 174 175
 176 175 174 174 174 173 171 170 172 174 174 172 167 171 174 174 172 172
 172 171 172 172 170 167 167 170 169 167 165 166 167 168 168 169 169 170
 170 167 165 166 167 168 167 167 165 165 165 165 166 167 168 167 162 163
 166 168 167 163 160 158 151 148 135 131 132 135 138 127 120 118 115 124
 124 123 141 153 162 164 164 162 163 167 168 166 166 164 161 161 162 164
 166 166 163 162 161 160 160 160 162 164 162 160 159 160 161 161 161 161
 163 163 165 165 166 166 163 166 171 171 176 180 181 181 176 167 152 148
 145 148 151 151 150 150 148 149 150 149 149 148 147 147 146 147 147 146
 147 146 146 148 152 151 152 151 147 145 146 146 146 147 145 146 145 147
 147  28]","[ 27  33 176 170 175 177 179 172 171 172 173 173 172 171 171 171 175 171
 172 175 174 173 175 174 175 176 177 174 172 172 173 173 176 177 177 176
 177 175 172 171 172 171 171 171 171 170 168 168 168 168 171 174 174 171
 169 170 171 169 170 172 172 169 168 169 167 170 171 170 168 167 166 164
 165 168 168 165 164 166 166 164 164 164 164 165 168 168 166 163 163 161
 166 168 164 163 161 155 147 142 134 129 129 130 130 129 122 117 115 119
 124 126 133 144 155 163 164 161 165 166 165 167 166 163 161 162 164 165
 165 165 163 162 159 158 159 159 160 163 162 160 159 159 161 161 162 162
 162 162 162 163 166 167 166 163 166 171 173 172 173 172 161 147 146 147
 147 147 149 151 150 146 150 150 150 150 150 150 150 151 148 149 148 147
 146 147 147 147 149 150 151 150 149 147 147 147 145 145 146 146 145 146
 145  30]","[ 30  30 170 169 173 167 168 167 163 164 166 167 167 166 165 164 167 165
 169 172 171 169 169 168 179 177 175 172 171 173 174 173 170 173 173 172
 172 171 168 168 168 167 167 167 166 165 163 162 163 164 167 171 170 167
 165 165 167 166 167 169 170 168 167 166 164 163 163 163 162 160 160 161
 161 162 163 163 162 162 162 162 158 160 162 162 162 162 163 164 160 160
 166 168 163 160 156 148 142 136 128 122 121 124 126 126 122 119 117 119
 124 126 131 139 148 161 164 161 162 163 162 164 162 162 162 163 163 163
 162 161 160 160 158 157 158 158 158 161 159 160 161 160 158 157 158 161
 163 163 164 164 165 164 164 163 164 172 175 170 162 156 149 143 145 145
 145 145 146 147 145 142 146 148 150 151 151 150 150 150 149 150 150 149
 148 147 146 146 147 148 149 148 147 146 146 146 146 145 146 147 145 146
 144  28]","[ 31  27 165 165 168 160 159 161 160 161 163 164 165 164 162 161 156 156
 161 166 165 164 165 165 166 163 164 166 168 172 173 169 162 166 167 165
 165 165 163 162 164 163 163 163 163 162 160 159 159 160 162 165 164 162
 160 161 162 161 160 161 163 163 161 159 161 158 157 158 158 157 157 160
 157 156 157 160 159 156 156 158 156 158 160 159 158 159 161 162 159 159
 161 159 155 154 153 147 139 133 125 119 119 124 129 131 126 124 121 121
 125 127 130 134 144 154 159 159 161 161 158 158 158 160 162 162 161 160
 158 155 155 156 156 155 156 155 156 158 158 159 160 159 156 154 155 157
 160 161 163 164 163 162 162 164 165 169 169 164 158 153 150 148 146 145
 145 145 145 145 143 141 145 147 147 147 146 146 149 151 151 152 152 150
 148 147 147 147 145 146 146 147 147 147 147 146 146 146 147 148 146 146
 144  28]","[ 29  27 164 162 164 162 161 160 160 159 160 161 162 162 162 161 158 157
 159 162 162 161 161 162 160 157 159 162 163 166 166 160 159 162 161 159
 160 161 159 157 162 162 162 162 162 162 161 160 158 157 157 158 158 157
 157 158 158 158 156 155 156 156 155 153 154 152 152 154 155 154 154 155
 155 154 155 156 155 151 150 153 151 151 150 150 152 153 152 151 148 147
 147 144 141 143 145 142 135 130 123 118 118 123 128 132 129 126 122 121
 123 123 123 125 139 146 152 155 157 155 153 155 154 157 159 157 156 155
 152 149 149 151 151 151 151 151 151 154 155 153 152 152 153 152 151 151
 153 154 157 160 159 156 156 159 163 160 156 153 151 149 146 144 146 145
 145 146 146 145 144 145 146 146 145 144 143 145 148 150 151 152 152 150
 148 147 148 149 147 147 147 147 147 147 147 146 146 146 147 148 146 145
 143  29]","[ 29  29 163 161 163 164 162 161 161 159 158 158 160 162 163 164 162 161
 160 163 164 163 162 162 164 161 161 161 161 164 165 161 161 162 160 158
 160 162 159 157 161 162 161 161 161 162 162 161 158 156 154 154 156 156
 156 155 158 158 157 155 155 155 155 154 152 152 152 152 153 154 154 153
 154 154 154 153 152 149 148 147 149 149 148 150 153 154 152 149 147 148
 149 148 146 147 146 143 138 134 128 122 120 122 127 129 131 128 125 127
 128 124 121 122 132 142 151 151 149 148 150 153 151 152 151 149 149 150
 148 145 145 146 147 146 146 145 146 149 149 146 144 145 148 148 147 145
 148 149 152 154 153 149 147 148 146 144 144 145 146 146 148 149 147 145
 145 145 146 145 146 147 145 146 147 147 147 147 147 147 149 150 151 150
 148 147 147 147 149 148 147 147 147 146 145 144 146 146 147 147 143 142
 142  29]","[ 30  28 161 162 161 161 159 160 161 159 157 157 159 162 165 166 163 162
 161 162 165 162 159 160 160 161 161 161 163 165 164 163 163 162 160 160
 162 162 160 159 162 162 161 160 160 161 161 160 159 157 156 156 158 158
 156 154 157 157 157 157 157 158 158 158 155 155 154 152 152 154 155 154
 152 153 153 151 150 150 148 146 145 147 150 151 151 151 151 151 149 150
 150 150 149 147 144 142 143 141 137 131 127 127 129 131 133 131 131 134
 135 129 125 126 130 142 149 146 145 150 152 149 148 148 146 145 146 147
 146 144 144 146 145 145 145 143 144 147 146 145 144 145 145 145 146 146
 146 146 148 149 148 145 143 143 145 145 146 146 145 144 143 144 147 147
 146 145 145 146 146 146 147 147 147 147 147 147 147 147 145 148 150 149
 148 146 145 144 146 146 145 145 146 146 146 145 146 145 146 145 141 140
 140  28]","[ 30  27 160 162 160 159 157 159 159 158 157 157 159 161 163 164 166 165
 162 162 163 158 153 154 158 163 162 160 163 162 159 159 162 162 161 162
 164 162 160 161 161 162 161 160 160 161 161 159 160 159 158 158 158 159
 157 156 156 155 155 158 159 158 157 157 154 153 153 153 152 152 153 153
 153 153 152 151 151 152 150 148 152 154 156 155 154 154 154 155 153 152
 150 150 150 148 145 145 145 144 140 134 129 127 128 130 130 130 130 132
 133 130 127 129 133 140 145 145 147 153 153 146 148 146 145 145 146 147
 146 145 145 147 146 145 145 144 144 146 146 146 147 147 146 146 146 147
 145 146 146 145 145 144 144 144 143 143 143 143 143 144 144 145 147 147
 146 145 145 146 145 144 146 146 146 145 144 144 146 147 144 146 147 147
 146 145 145 144 144 144 144 144 145 146 146 147 147 144 144 144 141 140
 141  29]","[ 29  29 162 162 160 162 160 161 162 162 162 162 164 164 165 165 162 163
 161 161 163 160 158 161 161 166 162 158 162 162 159 163 162 162 163 165
 166 163 161 164 160 161 161 159 159 161 160 158 160 160 158 156 156 157
 157 157 156 153 154 157 159 156 154 154 154 153 155 157 157 154 154 155
 154 153 151 152 153 153 152 151 156 157 156 154 153 152 152 152 154 152
 151 152 154 151 147 147 148 148 144 136 129 126 126 127 130 132 130 128
 129 130 131 133 134 136 142 148 149 149 149 148 147 146 146 147 147 146
 145 144 146 147 146 146 145 144 143 145 147 146 146 147 147 146 145 145
 146 146 145 143 142 143 144 145 146 146 145 142 139 139 143 146 145 146
 146 144 144 145 144 141 142 145 147 147 146 144 144 144 145 145 144 143
 143 145 146 147 147 147 146 145 145 145 145 145 147 143 143 144 143 143
 143  30]","[ 30  28 162 163 165 167 162 159 162 162 162 164 166 166 165 164 163 161
 159 159 159 160 161 163 162 163 162 160 160 161 162 161 162 163 164 165
 163 161 161 162 160 161 162 162 160 158 158 160 159 158 155 156 158 158
 158 160 161 158 158 160 159 155 153 154 151 152 155 158 157 155 155 157
 154 152 152 153 153 151 151 152 152 151 152 152 151 153 154 152 154 152
 150 153 157 155 150 147 144 142 140 134 129 127 122 121 131 131 130 129
 130 131 131 130 136 135 145 149 150 152 148 145 145 145 145 145 146 146
 145 145 146 145 145 146 146 145 145 147 147 146 146 145 144 143 145 147
 147 146 145 143 143 143 144 144 145 146 146 142 140 140 142 142 148 147
 146 146 145 143 141 140 143 146 145 146 145 142 144 146 147 145 145 146
 145 146 147 146 149 148 146 145 143 143 144 145 146 145 142 140 140 143
 143  29]","[ 29  29 164 165 166 168 164 162 162 162 163 164 164 164 163 164 165 163
 161 160 160 161 162 162 164 163 162 162 161 160 162 163 163 164 165 165
 164 162 161 162 160 161 162 162 160 158 158 158 157 157 156 158 160 159
 156 157 158 158 158 158 156 155 154 155 154 153 155 157 156 154 153 154
 152 150 150 152 152 151 152 153 155 151 150 152 151 151 154 157 158 151
 147 150 155 155 149 143 143 140 141 137 129 121 116 118 124 128 131 130
 129 128 128 127 130 133 144 149 148 150 148 147 146 147 147 147 147 147
 146 145 147 146 147 148 148 147 146 146 143 144 144 145 144 143 143 144
 142 143 143 143 144 144 145 144 146 146 145 143 142 142 143 143 144 144
 145 145 145 144 143 144 145 146 145 147 146 143 146 146 147 144 144 146
 146 146 145 143 145 146 148 147 144 142 143 145 144 143 141 139 139 142
 142  30]","[ 28  30 165 166 165 165 161 160 160 161 163 164 163 162 162 163 164 162
 161 160 160 161 161 161 163 161 161 164 163 161 162 165 164 164 165 165
 164 163 161 161 160 159 160 161 162 160 158 156 154 154 155 158 160 158
 154 153 156 158 158 156 154 154 154 154 154 153 153 154 155 154 153 154
 155 153 152 151 150 148 149 151 155 155 155 152 150 150 146 138 118 107
 100 103 114 128 138 138 135 133 134 129 120 112 107 110 116 123 128 128
 128 129 129 128 130 132 142 147 147 148 146 146 147 147 148 149 148 148
 147 146 145 145 145 147 146 144 142 140 141 142 143 144 144 143 142 141
 138 140 142 143 144 144 144 145 146 145 143 141 140 141 142 142 142 143
 145 146 145 144 145 146 147 146 145 148 146 145 149 148 145 141 141 144
 144 144 143 142 140 142 145 146 144 142 141 142 142 140 139 139 138 139
 140  30]","[ 29  30 165 165 164 164 160 160 159 160 162 163 163 162 162 163 161 160
 160 159 160 161 161 161 159 160 162 165 166 164 163 164 165 164 163 163
 163 162 161 161 160 159 158 160 162 161 158 156 154 154 155 157 160 158
 154 153 156 157 158 157 155 154 154 154 155 154 153 154 154 154 153 153
 152 152 151 151 150 149 150 152 153 154 153 151 150 146 133 116  96  91
  93  99 106 117 127 127 131 129 128 121 115 113 110 109 113 118 122 123
 126 130 131 128 132 132 137 143 147 148 146 145 145 146 147 148 148 147
 146 145 145 145 146 146 146 144 141 138 141 141 142 143 144 143 142 140
 138 139 141 142 142 142 143 144 147 145 142 140 139 140 142 143 144 145
 146 148 147 146 145 146 147 144 144 147 145 145 151 149 144 138 137 139
 140 141 142 143 140 139 140 143 144 143 140 138 142 140 139 140 139 137
 138  29]","[ 29  29 163 164 164 166 164 163 159 160 161 163 163 161 160 160 160 160
 160 160 160 161 162 162 159 162 164 165 166 166 165 164 163 162 161 161
 162 162 162 162 162 159 158 159 161 160 159 157 157 157 157 160 162 160
 156 155 157 156 157 159 158 155 154 155 158 157 155 154 153 152 152 152
 151 151 151 151 150 149 150 150 150 144 145 150 148 138 124 114 106 100
  98  98  99 110 122 125 122 117 114 111 111 111 105 101 110 115 119 121
 124 127 128 127 130 131 133 140 146 148 147 147 144 145 146 146 146 145
 143 142 144 144 145 146 146 145 143 140 141 141 140 140 142 144 143 142
 140 139 140 140 139 139 141 143 146 145 144 143 141 141 143 145 147 146
 146 146 147 146 146 146 147 143 142 145 141 142 148 147 143 139 138 139
 139 140 142 143 142 141 140 142 143 142 140 138 141 140 140 141 140 137
 137  28]","[ 29  28 162 162 163 165 163 163 160 160 160 162 162 161 159 158 160 162
 162 160 160 161 162 162 162 164 166 165 165 166 166 165 161 160 159 160
 161 162 162 163 163 161 158 158 159 159 159 159 157 158 158 160 162 159
 155 154 156 154 156 159 159 155 154 156 156 156 154 153 152 152 152 151
 152 152 151 151 150 149 149 148 147 144 147 150 146 134 121 111 103  98
  96  97 101 109 117 118 109  98  97 103 106 100  90  89  99 107 116 121
 122 123 125 127 129 131 132 139 146 146 147 148 146 146 146 147 146 145
 143 142 142 142 143 144 145 146 145 143 140 140 139 138 140 143 144 143
 140 139 138 138 137 137 139 141 141 143 144 144 143 141 142 143 146 143
 141 142 144 145 145 145 145 143 142 142 139 138 143 143 144 142 142 143
 142 142 143 142 143 144 145 144 141 139 139 140 140 139 140 142 140 138
 138  29]","[ 29  29 162 161 161 163 162 162 161 161 161 161 161 160 159 159 160 163
 163 161 159 160 161 162 163 164 165 166 166 165 164 163 161 160 160 161
 161 161 162 163 162 160 158 157 157 158 159 161 158 158 157 157 157 154
 152 153 154 154 156 158 157 155 154 156 154 153 151 151 152 153 153 152
 150 150 150 151 152 153 153 152 147 149 152 150 145 136 120 104 105 103
 101 100 102 106 108 107 102  89  88  95  98  91  83  86  89  97 109 117
 119 119 121 124 125 128 129 138 147 146 146 147 147 147 146 147 147 146
 144 142 143 144 145 144 145 145 145 143 140 140 139 138 140 143 143 142
 140 138 138 139 138 137 137 139 140 141 142 143 142 140 139 140 142 140
 139 140 142 143 143 142 142 143 141 142 139 137 140 142 144 143 144 144
 144 145 144 140 141 143 145 145 142 138 138 139 138 139 139 140 139 138
 139  29]","[ 29  29 162 162 162 165 164 165 162 162 161 161 161 160 161 161 160 163
 164 161 159 160 162 162 162 162 164 168 167 163 161 162 163 162 162 162
 162 161 161 161 161 159 158 157 157 158 161 163 162 160 157 155 154 152
 152 154 152 155 157 156 154 153 154 155 155 154 151 151 153 154 153 151
 153 153 152 152 153 154 153 151 151 148 147 149 147 137 121 105 102 104
 102 100 100 101 101 102  91  81  78  80  82  78  76  81  85  91 101 111
 115 115 115 117 119 121 121 134 148 149 147 145 146 145 144 145 146 146
 144 142 142 143 143 142 141 140 139 138 140 141 141 140 141 143 142 139
 140 139 139 141 141 138 137 138 144 143 142 143 142 140 139 140 140 139
 140 143 145 144 142 140 138 142 142 142 141 138 141 145 144 143 143 142
 143 145 144 139 138 139 142 144 142 140 137 136 138 138 139 138 137 138
 139  29]","[ 30  29 159 160 162 165 165 163 163 161 159 159 160 160 161 162 161 163
 164 163 160 157 158 160 160 161 162 162 162 162 162 161 164 162 161 162
 163 162 159 154 159 159 157 158 160 163 162 161 160 161 159 155 153 155
 153 150 152 151 152 154 154 152 152 153 154 154 152 149 150 153 155 153
 153 153 153 152 153 155 153 150 151 147 144 145 141 136 120 112 111 106
 107 110 108 102  98  97  84  75  74  70  68  72  74  77  81  87 100 104
 106 111 112 119 118 115 116 129 146 149 145 146 146 144 143 143 143 144
 143 141 138 138 141 142 140 136 137 141 141 141 141 141 141 140 140 140
 140 138 138 141 141 138 137 138 140 142 143 143 143 142 140 137 138 141
 143 142 143 145 143 139 141 139 140 142 143 142 142 143 143 141 140 139
 137 133 131 131 138 136 138 141 140 138 138 138 137 139 138 136 137 138
 139  29]","[ 29  28 159 161 162 164 164 162 163 161 159 160 160 160 160 160 160 161
 162 162 161 160 159 160 161 161 162 162 163 163 162 161 163 163 163 161
 159 160 162 161 160 159 159 160 162 162 161 159 158 159 158 156 154 154
 154 153 155 154 154 153 150 148 151 155 156 155 152 149 148 150 153 154
 153 153 152 153 154 154 153 150 148 146 147 142 140 135 127 122 117 113
 113 118 119 113 101  89  77  71  70  65  63  68  69  68  81  86  94  99
 105 112 113 114 117 117 120 128 138 143 144 144 144 143 143 143 143 144
 145 144 139 138 139 141 141 139 139 140 143 142 141 141 142 143 143 142
 140 138 137 138 139 138 138 139 139 140 140 141 143 144 142 140 137 138
 140 142 143 141 139 138 140 138 138 142 145 144 142 142 141 140 139 138
 138 137 137 139 138 134 134 138 140 140 139 137 136 137 137 136 137 137
 138  29]","[ 29  29 160 161 161 162 162 161 161 160 159 159 160 159 158 158 157 158
 159 161 161 161 160 159 162 161 161 161 162 163 162 160 165 166 165 160
 155 157 161 161 159 158 158 161 162 161 158 156 156 158 159 158 156 156
 156 157 157 157 155 153 150 148 151 155 155 155 154 151 149 148 150 152
 152 150 150 152 154 154 152 150 150 150 154 145 140 131 124 119 116 115
 117 120 123 120 104  85  81  72  66  61  59  63  65  66  76  80  85  96
 104 108 112 113 117 121 125 127 132 139 144 143 143 142 143 144 142 143
 144 143 141 139 139 141 143 144 142 139 143 141 139 140 142 143 143 142
 139 138 137 138 139 139 139 139 138 137 137 138 141 143 142 140 138 137
 139 142 142 137 135 137 138 137 139 142 144 143 140 140 138 137 136 136
 136 136 137 138 137 134 134 136 138 140 140 137 137 138 137 138 138 137
 137  30]","[ 30  30 160 159 157 158 159 160 159 158 158 158 159 159 158 158 156 157
 158 160 161 162 162 161 162 161 161 160 160 161 161 160 161 162 161 158
 158 162 165 162 157 155 156 160 161 159 157 156 156 156 158 159 158 156
 156 158 158 156 154 154 153 152 152 152 152 153 154 153 151 148 147 148
 148 147 148 151 153 152 150 149 149 150 151 142 138 133 129 126 117 119
 122 122 122 119 108  93  88  81  81  86  84  76  68  68  74  81  84  89
  93  98 108 111 118 120 124 126 128 137 144 142 142 141 142 144 142 142
 141 139 141 141 140 140 143 144 142 138 141 140 138 139 140 141 140 139
 138 138 139 140 141 141 139 138 137 137 136 136 138 139 139 139 140 139
 141 142 139 133 133 136 137 138 140 142 141 138 137 139 138 137 136 136
 137 137 136 135 134 135 137 137 135 137 140 139 136 136 136 136 135 132
 133  28]","[ 29  29 160 159 157 157 158 158 160 158 158 158 159 159 159 158 158 159
 160 160 161 162 163 163 162 162 161 160 158 159 160 160 160 159 158 157
 158 164 165 161 157 155 155 158 159 158 157 157 155 155 156 157 157 154
 154 155 156 155 155 155 156 154 152 151 151 151 152 153 152 148 146 145
 146 145 147 150 152 150 148 147 148 152 151 143 132 129 122 121 120 122
 124 122 118 115 109 101 100  95  93  97  96  85  79  80  76  85  84  80
  82  93 109 112 115 115 118 122 126 134 140 138 139 138 141 144 144 142
 141 138 139 140 140 139 140 141 140 137 140 140 140 140 140 139 139 139
 137 138 140 140 141 140 139 137 138 138 137 136 135 135 136 137 139 140
 141 139 135 131 132 135 137 136 136 138 139 137 137 138 136 134 133 134
 137 139 137 135 134 136 138 137 133 134 137 138 135 136 136 136 132 129
 132  29]","[ 29  29 161 161 160 160 160 159 161 160 159 160 161 160 160 159 159 161
 161 160 159 161 163 163 162 163 162 160 158 159 160 161 160 159 158 155
 155 159 161 159 157 155 154 156 157 157 157 157 156 155 156 156 155 153
 152 153 154 155 156 156 154 153 153 153 152 152 153 153 152 150 148 147
 147 147 148 150 150 149 147 146 147 149 146 137 122 119 114 117 116 119
 122 121 117 115 112 107 110 111 109 110 109 102  98  96  91  90  87  87
  88  92 102 109 111 111 114 119 125 131 136 137 139 138 141 145 144 142
 140 138 139 140 141 139 138 139 139 138 139 140 141 141 139 138 139 140
 139 138 138 138 137 137 137 138 138 138 138 137 136 134 136 138 138 140
 140 137 134 133 135 137 136 133 132 135 139 139 137 136 136 134 132 132
 135 138 137 135 135 134 135 135 133 133 134 134 134 135 135 135 132 129
 133  30]","[ 29  29 161 161 161 162 161 160 160 160 160 161 162 162 161 160 159 160
 160 158 157 159 161 160 161 162 162 160 160 160 161 162 158 156 156 156
 157 160 162 161 157 156 155 155 156 157 157 157 158 158 158 158 155 153
 153 153 154 155 156 155 154 153 152 152 153 154 154 153 152 152 150 148
 149 150 150 149 148 148 147 146 147 141 130 114 101  97  95  97 108 115
 122 123 121 122 122 118 122 124 118 115 114 111 114 118 115 104  99  98
  94  88  87  95 104 108 112 116 122 128 133 137 140 140 143 145 143 140
 140 140 142 142 140 139 138 138 138 138 137 138 140 139 138 138 139 140
 140 138 137 137 135 133 135 138 138 138 138 138 137 136 136 138 138 139
 139 137 136 137 138 139 135 132 132 136 138 138 136 135 138 138 136 135
 136 138 138 136 133 131 132 134 133 132 132 131 131 132 132 131 130 129
 132  28]","[ 30  29 158 158 158 160 161 160 159 158 159 161 163 162 161 160 159 160
 159 157 157 159 160 158 160 160 160 160 161 161 162 161 162 159 157 159
 162 164 163 158 158 158 157 156 157 159 159 158 158 160 161 159 155 153
 153 154 155 154 154 154 155 155 152 149 151 154 155 153 152 152 150 147
 150 151 151 148 147 147 148 147 142 133 129 119 116 109 101  95 100 112
 122 124 122 124 127 125 125 130 130 135 133 123 122 126 122 115 108  95
  88  88  86  88  95 105 110 112 117 123 130 137 138 138 142 144 142 140
 142 145 145 142 140 138 138 138 137 136 136 137 138 138 138 138 140 141
 140 138 137 137 135 132 133 137 138 137 138 138 138 136 137 138 139 138
 137 138 139 139 140 140 133 134 136 138 137 134 133 135 134 136 137 137
 136 136 136 134 131 130 132 135 133 130 131 132 132 133 132 133 133 133
 135  28]","[ 29  30 157 154 156 161 161 160 158 158 159 161 163 163 163 163 158 159
 159 158 157 158 159 160 160 160 160 160 161 162 162 162 161 160 158 159
 162 163 160 156 158 159 159 159 159 160 159 158 155 159 160 156 152 152
 153 154 157 156 154 152 152 152 152 151 150 153 153 151 151 150 149 149
 152 152 151 148 146 149 149 144 138 133 129 128 124 115 107  99 100 104
 115 124 125 124 126 128 131 131 136 142 143 138 135 137 129 124 118 109
  97  90  89  89  94 101 108 112 111 117 132 138 137 139 140 140 141 140
 142 146 145 140 137 138 139 137 134 133 136 135 134 136 138 139 140 139
 139 141 140 138 134 132 132 137 137 139 140 139 137 136 136 137 138 136
 134 134 136 139 139 138 135 135 133 131 130 131 132 131 132 134 135 136
 136 136 134 133 134 133 133 132 131 130 130 131 132 135 136 134 132 132
 134  28]","[ 29  30 158 157 158 160 159 158 158 157 158 160 162 163 162 161 160 160
 160 159 159 160 162 163 162 161 160 160 161 161 161 161 159 158 157 158
 159 161 158 155 158 160 161 161 160 159 157 155 153 156 157 154 151 151
 153 154 155 154 153 152 153 153 151 149 150 152 152 152 152 150 148 149
 151 152 153 151 147 147 144 139 136 133 130 129 128 124 116 105  99  99
 105 113 119 123 126 127 131 136 139 140 142 144 142 137 137 134 128 118
 108 102  95  88  90  94 100 104 105 112 125 130 134 136 137 138 140 140
 140 143 140 139 138 137 135 134 135 137 135 132 130 132 138 142 141 139
 137 138 138 137 136 134 134 137 137 138 139 137 136 136 137 137 135 132
 130 132 134 136 137 139 139 137 133 130 129 130 131 131 132 135 136 135
 132 130 130 131 132 132 132 131 131 132 132 133 135 135 134 134 133 131
 133  28]","[ 29  28 157 157 158 158 157 157 159 159 159 160 162 162 161 159 159 160
 161 160 160 161 163 164 163 162 161 160 159 159 159 159 158 158 158 158
 158 158 157 156 157 159 160 160 160 159 157 156 154 156 156 154 152 152
 154 154 155 153 151 151 152 152 150 148 151 152 152 153 153 150 148 150
 152 152 153 152 147 144 141 137 136 135 132 130 130 131 124 111 104 101
 105 113 119 123 124 123 129 131 134 138 141 143 143 142 141 138 132 123
 118 117 110  99  95  92  92  94  98 109 124 133 135 136 136 137 139 139
 138 139 139 141 140 137 133 133 135 137 134 131 129 131 137 141 142 140
 138 137 134 133 135 135 136 138 137 138 138 136 135 135 136 137 137 133
 131 132 133 132 134 137 138 135 132 131 131 131 132 133 135 136 136 133
 130 128 128 129 130 130 131 132 133 134 135 135 136 132 130 133 133 129
 131  29]","[ 29  28 156 156 157 157 156 157 161 161 161 162 162 162 160 158 157 159
 160 161 161 162 163 163 163 162 161 160 159 158 158 157 158 160 161 160
 159 157 157 156 157 158 158 158 158 159 159 160 157 158 157 156 154 154
 155 154 155 153 151 151 151 151 151 150 152 152 152 153 154 150 148 149
 152 150 150 149 144 141 138 136 136 136 136 132 131 133 126 117 106 104
 106 113 118 120 122 122 125 127 130 134 137 141 145 148 146 143 137 128
 123 123 117 105  96  86  81  83  89 100 115 130 136 137 137 136 138 138
 137 137 138 140 139 136 135 135 135 134 132 132 132 132 133 135 138 139
 138 137 135 135 137 136 135 135 135 137 137 135 133 132 133 134 137 135
 133 133 132 131 132 134 131 130 131 133 132 129 128 130 136 134 132 131
 130 129 127 125 128 129 130 132 134 135 136 136 134 130 129 133 134 132
 133  29]","[ 30  28 157 157 158 157 156 158 160 161 162 161 161 160 158 157 157 159
 161 162 162 162 162 161 160 160 160 160 159 158 158 158 159 160 162 162
 159 157 156 156 157 157 157 157 157 158 159 160 158 158 158 157 156 156
 155 154 154 154 153 154 154 152 152 152 153 153 152 153 153 150 147 149
 151 148 147 145 142 138 136 134 135 135 140 137 134 133 125 119 111 104
 101 104 108 111 114 114 113 116 117 117 125 136 142 142 147 146 143 137
 131 127 121 112 101  88  85  89  94  98 107 124 133 136 137 137 138 138
 136 136 133 135 136 135 136 137 136 132 130 131 132 132 130 131 133 135
 135 136 136 138 139 136 132 131 132 134 136 134 131 130 131 132 132 133
 133 132 131 132 133 132 132 133 136 138 135 129 127 129 132 130 129 129
 129 127 124 123 127 128 131 132 133 133 134 134 132 131 131 134 136 136
 137  29]","[ 29  29 158 159 160 158 156 157 159 161 160 159 158 159 158 157 157 159
 160 161 162 163 161 160 158 159 160 160 160 160 160 160 159 160 161 161
 159 157 156 156 157 157 158 158 157 156 156 157 155 155 156 156 156 155
 154 154 154 154 156 158 157 154 152 152 154 155 154 154 153 150 148 149
 151 149 148 147 142 138 135 132 133 134 143 142 137 132 121 116 113 102
  95  97 102 107 109 107 111 105 103 110 123 135 142 143 144 144 145 142
 136 133 130 126 116 102  99 101 104 103 106 122 132 136 138 138 139 137
 134 132 130 135 138 138 136 136 134 131 131 131 131 131 131 131 131 131
 134 134 133 133 134 133 131 132 131 133 135 134 132 131 130 130 130 132
 133 131 131 133 132 129 132 135 137 138 135 131 130 132 130 130 130 130
 129 126 124 125 127 129 132 133 132 131 131 131 132 133 133 134 137 139
 139  28]","[ 28  29 159 159 160 160 159 160 162 162 159 157 157 160 160 159 158 158
 158 159 161 162 162 160 158 159 160 161 161 161 161 161 160 159 159 160
 159 158 157 158 158 158 159 159 157 154 153 154 153 153 153 154 155 155
 154 154 154 153 155 157 157 155 152 152 154 155 154 153 152 150 149 150
 151 151 152 149 142 137 134 131 131 132 142 143 140 136 123 116 113 101
  93  95 102 109 112 111 109  97  93 105 119 125 132 139 143 145 147 144
 139 136 135 132 123 111 105 101 103 103 103 116 131 135 136 136 138 137
 132 129 132 136 139 139 136 134 132 130 131 130 130 130 131 131 131 130
 135 133 129 127 128 129 131 134 132 132 133 133 133 132 130 128 130 131
 131 131 132 133 130 127 126 128 131 132 131 130 130 131 132 131 130 131
 130 128 127 129 129 132 134 133 131 129 130 131 132 134 134 135 138 139
 139  28]","[ 29  29 159 159 160 162 163 165 167 164 160 157 158 162 162 161 160 159
 157 158 160 163 163 162 160 161 162 161 161 161 161 162 161 159 158 160
 160 160 159 160 158 157 158 158 156 154 153 155 153 153 153 154 154 154
 154 154 155 153 152 154 155 153 152 152 151 154 153 150 150 149 148 149
 150 151 153 148 140 135 133 131 130 130 140 141 142 143 130 123 122 109
  97  94  96 103 110 113 110 101  97 104 112 118 124 131 138 143 148 148
 144 142 138 132 127 117 111 104 106 108 104 113 128 131 131 131 135 137
 134 131 132 134 136 137 137 135 132 129 129 130 131 130 130 129 130 131
 133 132 129 128 130 130 130 131 132 131 130 131 132 132 128 125 129 128
 128 130 132 132 129 127 125 127 130 131 131 131 131 131 133 129 126 128
 130 130 129 129 132 134 136 134 131 129 130 132 134 134 134 137 140 140
 139  30]","[ 29  27 157 157 158 161 163 165 166 163 159 156 158 161 162 161 159 159
 158 158 159 161 162 161 162 164 162 158 159 161 161 160 157 157 159 160
 160 158 159 161 154 155 155 154 154 155 154 153 154 154 155 155 155 156
 156 155 154 153 153 153 154 153 151 151 151 151 149 147 147 149 150 151
 151 152 151 147 140 137 134 129 130 128 133 137 140 139 131 125 122 108
 102  94  89 101 110 106 101  96  94  90  96 104 122 131 139 145 144 145
 146 143 139 136 128 125 115 112 114 106 101 112 124 128 130 131 132 133
 133 132 131 134 135 134 132 132 131 131 131 131 132 132 130 129 131 134
 135 132 130 130 132 132 132 133 136 131 128 131 134 130 128 130 129 129
 130 132 134 134 132 130 122 127 131 130 130 132 133 131 130 131 133 133
 133 133 133 132 134 134 136 138 138 135 133 132 132 134 139 142 143 145
 144  29]","[ 30  29 158 158 159 161 163 164 162 161 160 159 159 158 158 159 158 158
 158 158 159 160 160 160 161 163 161 158 158 158 158 158 158 157 158 158
 158 158 159 161 157 156 156 157 158 156 155 154 155 155 155 155 156 158
 158 158 156 154 153 152 152 150 149 148 148 149 147 145 145 147 150 152
 150 150 150 146 141 138 136 132 130 127 131 134 136 137 132 128 121 111
 106  97  87  92 103 109 105 103  96  81  75  87 111 125 135 143 142 140
 141 140 139 135 131 130 122 119 120 114 109 114 123 127 130 131 131 131
 130 130 132 134 135 134 132 131 130 130 131 131 131 131 129 128 130 132
 134 132 132 134 136 136 136 136 135 131 129 132 137 135 133 134 134 132
 130 133 137 138 134 131 127 130 132 132 134 137 139 138 136 136 135 135
 136 137 137 137 138 138 139 141 140 138 136 135 135 136 139 142 142 145
 145  30]","[ 30  29 159 159 159 160 160 160 159 160 161 162 159 156 157 160 160 160
 159 159 159 160 160 160 160 162 161 160 159 158 158 160 160 159 157 157
 157 158 159 161 156 154 154 158 159 157 156 157 156 156 155 155 157 158
 158 157 158 155 154 154 154 153 152 151 148 149 148 146 145 147 150 153
 150 149 150 148 142 138 135 132 129 128 132 133 133 134 130 127 121 117
 114 101  90  93 105 116 115 108 100  90  74  74  93 117 133 143 144 141
 141 141 141 137 131 130 125 122 122 120 116 114 120 125 131 134 133 131
 131 132 133 135 135 134 132 130 130 130 131 132 134 134 132 130 131 132
 133 133 134 136 138 139 138 137 136 132 129 132 137 139 137 136 138 136
 137 139 140 138 137 136 138 137 136 136 136 138 138 137 139 137 135 134
 137 139 139 138 137 137 138 140 140 139 138 138 138 139 141 142 142 145
 145  30]","[ 29  29 159 160 159 159 158 157 157 159 161 161 158 156 157 161 161 161
 160 159 159 161 162 162 161 162 161 161 162 160 159 162 162 160 158 157
 157 157 157 158 154 153 154 156 157 157 157 158 155 155 155 156 157 159
 159 157 157 154 152 153 154 154 153 152 151 152 151 149 148 150 153 155
 153 151 150 149 143 137 133 130 133 130 132 129 127 130 130 131 130 130
 124 106  96 100 107 115 115 114 108  98  80  79  89 103 122 132 136 137
 136 136 136 132 130 128 125 121 120 120 119 116 121 128 136 140 139 136
 136 137 136 137 137 136 133 132 132 133 132 135 138 139 138 135 134 134
 136 136 136 137 138 139 138 137 137 135 131 132 137 139 138 138 137 136
 138 140 139 137 136 137 139 138 137 137 137 137 138 139 138 136 135 135
 137 139 138 136 136 136 138 138 138 138 139 139 140 141 142 143 143 145
 144  28]","[ 30  29 160 161 161 160 158 156 155 159 161 159 157 157 157 157 159 159
 159 159 160 162 162 162 162 161 160 161 162 161 160 163 162 161 159 158
 158 158 157 155 154 156 157 157 156 157 157 154 155 155 155 156 157 159
 160 160 158 156 155 155 155 154 152 151 153 153 153 152 152 153 154 155
 155 151 148 146 141 136 133 131 132 131 133 129 127 129 130 130 131 132
 126 111 103 105 109 118 120 118 109  99  82  82  91 103 119 127 133 138
 139 137 139 137 131 127 126 126 122 121 121 120 122 130 141 145 143 139
 138 139 139 139 139 138 135 134 134 135 134 137 139 140 139 137 136 136
 139 138 137 137 137 138 138 137 136 136 134 134 136 137 136 135 133 131
 131 134 137 135 133 131 136 136 137 137 137 136 136 138 139 138 137 136
 136 137 136 135 137 138 139 138 137 137 138 139 142 142 142 141 141 145
 144  28]","[ 30  28 159 160 161 160 159 157 155 159 162 161 159 158 156 154 157 158
 159 161 162 163 162 161 163 162 161 161 163 161 160 161 162 162 161 160
 161 161 159 157 153 157 159 157 157 158 156 152 159 159 158 155 154 155
 156 157 159 158 158 158 157 155 154 153 152 153 153 153 153 154 154 154
 154 150 146 142 137 136 136 135 134 132 131 125 123 127 129 129 128 127
 125 118 109 106 110 122 131 124 115 103  87  85  97 112 117 121 127 134
 135 135 139 137 130 128 129 130 127 123 121 119 117 128 139 143 141 139
 139 139 139 139 138 137 135 132 132 133 137 138 139 137 136 137 137 138
 137 136 135 133 134 135 136 135 130 132 133 133 134 132 130 129 130 130
 131 133 134 134 132 131 133 134 136 136 135 133 134 136 138 137 134 132
 131 132 133 133 135 137 138 137 136 137 139 140 144 142 140 138 139 145
 145  29]","[ 29  28 158 159 160 161 160 159 157 159 161 161 160 158 156 154 158 158
 158 159 161 163 162 161 161 162 162 162 162 161 160 161 162 162 161 161
 162 163 162 160 156 157 157 156 157 158 156 153 158 160 161 158 154 152
 152 153 154 155 157 158 156 154 153 153 153 155 155 155 154 154 154 154
 152 151 148 142 136 136 137 137 137 128 118 107 106 119 129 136 135 132
 131 125 113 105 105 115 125 127 120 100  89  96 110 114 121 123 127 132
 133 135 139 134 129 128 129 130 128 123 117 115 115 126 136 139 139 139
 140 139 137 138 138 138 135 132 130 131 137 138 138 136 136 137 138 138
 135 135 134 132 132 133 133 132 129 130 131 131 132 129 126 127 131 134
 135 134 134 135 135 134 130 132 134 134 134 134 136 138 136 134 131 129
 129 130 132 133 132 135 136 135 135 136 139 141 142 140 138 137 140 146
 147  29]","[ 31  29 158 159 160 162 163 162 159 158 159 160 159 156 155 156 160 157
 155 154 157 161 162 161 158 161 162 162 162 161 160 161 162 162 161 160
 161 163 162 161 164 160 156 154 155 156 155 153 154 158 162 161 157 153
 153 153 155 157 160 160 158 154 153 153 156 158 159 158 156 155 155 156
 152 154 153 146 138 135 136 135 124 115 106  98 100 115 127 133 140 137
 136 128 116 108 106 109 115 113 108  94  90  97 114 120 125 128 130 133
 134 137 138 131 129 130 128 127 127 122 116 112 119 130 139 139 138 140
 140 138 138 139 141 142 139 135 133 133 135 137 138 137 136 138 138 138
 138 138 137 134 134 134 133 131 133 133 131 131 131 129 127 129 135 135
 134 133 135 138 137 133 136 137 137 135 133 134 135 136 136 134 132 130
 131 134 135 135 135 138 139 137 135 136 138 139 139 138 138 138 142 148
 147  28]","[ 29  28 163 161 163 162 161 162 162 159 159 160 159 158 158 157 159 161
 160 156 154 158 162 162 161 161 161 161 162 162 161 159 162 161 162 164
 162 160 162 167 165 162 157 155 156 159 161 162 161 162 164 165 163 160
 160 162 160 161 161 161 160 156 155 158 162 163 164 164 161 160 160 163
 159 158 154 143 138 132 129 124 117 116 114 115 117 117 121 131 138 141
 143 139 132 115 106  98  99  96  97  90  87 105 120 122 125 130 133 134
 135 137 137 134 134 130 131 130 124 122 117 107 119 132 136 137 140 138
 137 138 137 139 139 138 136 135 134 132 138 138 137 137 137 138 139 140
 139 138 138 137 135 133 132 132 132 133 133 132 131 131 131 129 133 134
 135 136 135 135 135 135 138 136 134 133 131 130 132 134 135 135 135 133
 133 134 135 134 135 139 139 135 132 135 136 136 137 140 140 140 140 144
 147  29]","[ 30  29 163 160 162 161 163 167 161 162 162 157 154 157 160 159 162 165
 164 161 160 163 165 164 162 161 161 163 165 166 163 161 165 165 166 167
 166 165 167 170 168 166 164 163 165 168 170 171 167 167 168 169 167 164
 163 165 165 166 167 166 166 163 161 163 162 164 166 166 164 161 161 162
 162 159 156 147 143 135 132 128 122 123 122 122 121 117 118 126 131 142
 144 146 141 123 104  97  97  97  99  94  98 117 129 129 128 133 137 138
 139 141 141 140 136 131 130 128 123 120 117 109 120 133 136 137 139 137
 137 138 137 138 138 137 137 137 138 137 137 137 138 139 138 137 136 135
 136 136 137 137 136 133 132 131 134 136 136 133 131 130 131 131 132 133
 133 134 135 136 136 136 136 135 134 132 131 131 132 134 135 135 134 133
 134 135 134 132 132 135 137 136 136 138 138 136 136 140 141 142 141 144
 146  29]","[ 31  29 164 161 162 162 164 168 167 167 165 160 157 161 167 167 166 168
 169 167 167 169 169 167 165 166 167 168 169 168 167 166 170 170 171 171
 171 170 171 172 171 171 171 170 171 173 174 174 171 171 171 171 169 166
 165 167 168 169 169 169 168 166 164 165 164 166 168 168 166 164 162 162
 164 159 156 149 144 135 131 127 125 126 126 125 120 112 109 112 125 138
 137 144 145 132 112 106  93  95  97  95 105 123 130 130 130 136 140 141
 141 143 143 142 141 134 130 128 122 118 116 111 123 135 137 137 139 137
 138 138 139 139 138 137 136 137 138 139 136 137 138 139 138 135 132 130
 133 134 135 136 135 134 133 134 134 136 137 134 131 131 133 135 132 132
 132 134 136 137 136 136 136 135 134 132 131 134 136 137 135 134 133 133
 134 135 133 131 130 132 135 137 139 140 139 137 137 142 143 144 143 145
 146  29]","[ 30  29 168 168 169 168 169 170 172 171 174 178 178 177 175 174 171 172
 173 173 173 173 172 170 171 173 174 173 171 169 170 172 173 174 175 174
 173 172 172 171 171 172 172 172 172 173 173 172 171 171 170 169 168 166
 167 168 168 169 167 166 166 164 163 163 164 166 167 166 165 164 163 163
 163 159 156 149 145 137 133 129 127 126 125 123 117 107 101 101 112 123
 129 142 148 136 114 102  89  91  93  94 108 123 127 129 134 138 141 142
 143 142 141 139 141 134 130 128 124 119 117 115 127 136 137 137 138 138
 138 137 139 139 139 137 136 137 138 139 137 137 137 137 136 134 131 130
 132 132 133 134 134 134 134 136 134 137 137 134 131 132 134 136 134 133
 133 135 137 138 137 135 138 137 134 131 131 134 136 137 133 133 132 132
 133 134 132 131 131 132 134 138 139 139 139 138 139 143 145 146 145 146
 147  30]","[ 29  29 171 175 177 176 175 173 177 172 171 173 173 174 178 180 176 176
 175 176 176 175 173 171 175 175 175 173 171 171 173 174 173 175 175 175
 174 173 171 169 170 171 171 170 171 172 172 171 169 169 168 167 166 166
 167 169 169 168 165 163 163 162 162 163 164 164 163 162 162 163 164 164
 162 161 159 151 148 144 142 137 132 128 125 122 117 109 104 101 107 112
 124 134 136 124 111  96  91  93  95 100 114 126 131 137 138 141 143 145
 145 144 140 136 134 130 128 129 127 123 121 121 130 136 137 137 138 139
 140 137 137 138 139 139 138 138 139 140 138 137 137 136 135 134 134 133
 132 132 133 134 133 132 132 133 136 137 136 132 130 131 133 134 136 135
 135 136 138 139 138 136 137 136 133 131 130 131 132 131 131 131 131 131
 132 132 132 132 132 133 136 139 140 139 138 139 142 144 144 146 146 147
 147  29]","[ 29  29 171 175 177 176 175 172 171 175 180 180 176 176 177 176 177 176
 175 175 175 173 172 171 175 173 170 170 172 174 174 173 172 173 175 174
 174 174 173 171 173 173 171 169 170 171 171 168 166 167 167 166 165 165
 167 168 168 168 165 163 163 163 162 163 164 163 162 160 161 164 165 165
 162 163 161 151 147 144 144 141 136 129 125 123 118 114 109 105 104 103
 110 111 106  98 101  94  97 100 104 108 120 130 134 142 142 143 145 147
 147 145 140 136 131 129 128 129 128 123 121 122 131 137 139 140 140 141
 142 138 137 138 139 140 138 137 137 138 138 138 137 137 137 137 136 136
 136 136 136 136 136 133 131 129 134 134 133 130 129 131 134 135 136 135
 136 137 138 139 138 137 134 132 132 133 134 133 132 131 130 130 130 131
 131 131 131 132 131 134 138 141 141 139 139 139 143 144 143 145 146 147
 146  28]","[ 30  29 171 175 174 173 173 170 171 175 180 179 174 172 174 174 175 173
 172 173 174 172 171 172 174 172 169 170 173 174 174 172 172 172 173 174
 174 174 174 175 176 174 171 168 169 172 170 166 164 166 167 167 165 165
 166 166 165 167 165 163 163 163 162 162 163 163 162 160 162 165 165 164
 163 162 159 149 143 139 141 141 137 130 126 124 120 117 114 110 108 109
 110 110 103  98  99  97 101 107 113 116 124 133 136 140 143 144 145 147
 147 144 140 136 133 133 131 129 127 122 120 121 130 137 142 144 142 142
 144 140 139 139 139 140 138 136 136 137 138 138 137 136 136 137 137 138
 140 139 138 138 138 136 134 132 133 134 133 131 130 132 135 136 134 135
 136 137 137 138 138 138 133 130 130 134 136 135 134 134 131 130 130 132
 133 132 131 132 132 135 138 140 140 139 139 140 143 144 144 146 146 146
 146  29]","[ 29  29 172 176 174 174 175 172 175 174 178 181 178 173 172 173 173 171
 171 173 174 173 173 174 173 173 173 173 173 172 172 173 172 172 173 174
 174 174 175 177 175 173 169 168 170 174 172 167 163 166 169 169 167 166
 165 165 161 165 165 164 164 163 162 161 161 162 161 160 162 164 164 161
 162 160 158 148 142 136 140 143 139 132 129 128 124 121 118 114 114 117
 111 112 108 104  98  97 103 111 119 121 127 137 140 139 143 143 145 146
 145 142 139 136 135 135 133 129 126 122 120 123 127 136 143 145 142 142
 144 140 138 138 139 139 138 137 138 140 139 138 135 134 134 135 137 139
 142 139 136 136 137 138 137 137 137 138 137 133 130 131 134 135 133 134
 135 136 136 136 136 137 136 131 129 131 133 131 132 134 132 131 130 133
 134 133 132 131 133 135 136 136 137 138 139 140 143 145 145 147 146 146
 146  29]","[ 30  29 173 177 179 178 176 173 171 172 174 175 173 171 171 172 175 173
 170 170 173 173 173 174 174 173 173 175 175 174 173 174 175 174 173 173
 174 173 174 174 174 172 169 169 170 171 172 172 170 169 170 171 169 166
 164 162 162 164 166 165 165 164 163 161 162 162 162 163 163 162 162 162
 161 160 157 152 143 136 137 141 134 132 130 129 127 124 119 115 115 116
 114 113 112 108 103 100 105 113 120 125 133 138 139 140 143 144 146 147
 146 142 138 137 135 136 135 132 128 121 119 122 131 138 141 138 139 140
 139 136 136 139 140 138 137 140 143 144 143 138 134 135 136 135 135 137
 132 132 134 135 136 136 136 137 135 136 136 135 133 132 132 133 133 135
 136 135 135 135 134 133 133 130 128 130 133 133 132 135 137 135 134 135
 135 134 133 133 135 134 133 134 136 138 139 138 143 145 144 146 146 147
 147  28]","[ 30  28 172 175 177 178 177 175 171 172 173 174 173 171 171 173 173 172
 168 167 171 174 174 174 174 173 173 175 176 176 175 175 174 173 173 173
 172 172 172 173 173 171 169 169 170 170 171 172 172 169 168 167 165 166
 168 169 166 166 166 166 166 167 164 162 160 161 162 162 162 162 162 162
 161 159 157 153 147 141 139 140 137 135 132 130 129 126 121 117 115 116
 114 114 115 113 108 106 104 114 124 131 135 138 139 141 146 146 146 145
 143 139 137 136 135 136 135 131 126 121 121 126 136 142 144 141 140 139
 137 135 137 139 140 139 138 139 141 142 142 138 135 135 136 136 135 136
 137 137 137 138 136 133 130 130 133 133 133 133 132 130 130 130 130 130
 130 130 131 131 131 130 130 130 129 130 133 134 135 136 137 135 134 135
 135 134 134 134 135 135 134 135 136 138 138 138 142 145 145 146 145 146
 147  29]","[ 30  28 172 173 175 176 176 175 173 173 174 174 174 173 173 174 177 175
 170 168 171 175 174 174 173 172 172 175 177 177 176 176 175 174 173 172
 171 171 171 172 172 171 170 169 169 170 170 171 168 166 166 166 164 166
 168 169 168 166 165 165 167 168 165 162 159 160 162 162 162 161 161 162
 161 159 155 153 150 146 142 140 141 138 134 131 129 126 122 119 116 116
 115 116 118 115 110 108 105 115 126 134 139 141 142 144 146 146 146 144
 141 138 137 137 136 136 133 129 124 119 121 127 137 141 143 141 140 138
 136 137 138 138 139 140 139 138 139 140 141 138 136 136 137 137 137 136
 138 138 138 138 135 132 130 130 134 133 133 134 134 132 131 130 129 127
 127 129 130 130 129 130 131 133 133 131 132 133 133 134 137 136 136 137
 137 136 136 136 137 136 136 136 137 138 138 138 140 144 145 146 144 145
 146  30]","[ 30  29 174 174 174 176 174 174 175 175 175 175 175 174 173 174 179 178
 174 171 173 176 175 174 173 171 171 175 177 178 177 176 176 175 173 172
 171 171 171 173 173 172 171 170 170 170 171 172 166 165 167 167 167 168
 168 167 168 166 165 165 166 167 166 164 161 163 165 164 163 161 161 162
 159 157 153 149 146 143 141 139 143 139 135 132 130 127 124 121 119 119
 119 120 122 118 112 110 114 120 127 135 143 146 145 146 144 145 145 145
 142 139 137 137 136 134 130 126 122 119 121 127 136 139 141 142 141 138
 137 139 139 138 138 140 139 137 137 139 138 138 137 136 138 139 139 136
 137 137 137 136 134 132 134 137 137 135 134 136 137 135 133 132 130 128
 129 132 133 131 130 131 128 131 132 133 133 133 134 137 136 136 136 137
 137 137 137 138 139 138 137 137 138 138 138 138 140 143 143 144 143 144
 146  29]","[ 29  30 177 177 176 178 175 175 176 175 174 174 174 172 171 171 174 175
 174 172 174 175 175 174 173 171 172 175 178 178 177 177 177 175 173 172
 171 171 172 173 173 172 172 171 171 171 172 174 171 169 168 167 167 170
 171 170 169 168 166 165 165 165 165 165 163 165 166 166 164 162 162 162
 161 160 156 152 146 142 141 141 144 141 137 134 132 131 129 127 124 124
 125 127 129 124 118 116 122 127 132 138 144 147 146 146 144 144 144 143
 140 136 134 133 132 129 125 122 122 121 123 128 138 139 141 142 142 138
 137 141 140 139 140 142 141 137 136 138 138 139 139 138 139 140 139 136
 138 138 138 137 134 133 136 141 138 135 134 135 137 136 134 133 132 131
 131 133 132 130 130 133 132 132 133 136 136 132 133 138 137 135 134 134
 134 134 135 137 139 138 138 138 138 139 139 139 141 143 143 143 143 145
 146  29]","[ 28  29 179 178 177 181 178 178 177 176 175 175 174 172 171 171 171 173
 173 173 175 174 172 173 172 171 171 174 177 177 176 175 176 174 172 171
 171 171 172 173 171 171 171 171 171 171 172 174 171 169 168 166 166 170
 171 169 168 168 167 166 164 162 164 166 164 165 165 165 164 163 163 163
 164 163 162 158 151 144 141 143 144 142 140 138 137 136 135 135 132 131
 130 131 131 127 123 123 123 131 137 140 144 147 147 147 147 145 142 139
 134 130 128 127 125 123 119 118 118 120 124 130 137 138 140 142 142 139
 138 141 142 142 144 145 143 139 136 137 141 141 140 139 140 141 140 138
 138 139 140 139 136 134 137 141 139 137 135 135 136 137 136 134 133 133
 133 133 132 131 133 135 138 136 135 138 138 133 131 136 138 135 132 130
 131 132 135 138 139 139 138 139 140 141 142 142 142 143 143 144 145 147
 147  29]","[ 29  29 178 176 175 181 179 181 179 178 177 176 175 173 173 173 173 173
 173 174 175 172 170 172 171 170 171 173 175 174 173 173 174 172 171 172
 173 173 172 172 169 169 170 171 171 170 170 171 168 168 168 167 165 167
 168 166 167 167 167 166 163 162 163 167 165 165 164 164 164 164 163 163
 162 160 160 159 153 144 141 142 145 144 143 141 140 139 139 138 137 133
 129 128 128 125 124 127 128 136 141 142 145 149 149 148 146 143 139 135
 130 126 124 123 121 121 118 115 114 115 123 133 137 139 140 142 143 142
 141 144 144 144 145 145 142 139 138 139 143 142 140 139 140 141 142 142
 139 139 139 139 138 136 138 140 139 139 137 136 137 138 138 135 133 134
 135 135 135 135 136 137 137 135 134 137 140 137 135 138 137 134 131 132
 133 134 137 139 140 139 138 139 141 142 142 142 140 143 143 146 147 148
 148  29]","[ 30  29 178 173 172 179 177 181 181 180 178 177 175 174 174 175 174 172
 171 173 175 172 170 172 171 170 171 173 174 173 172 172 173 171 171 173
 174 174 173 172 168 169 170 171 171 169 168 167 170 170 170 166 163 165
 168 167 167 167 167 167 165 163 165 169 167 165 164 164 165 165 164 163
 165 161 160 161 156 148 145 147 146 145 144 143 141 139 139 139 136 131
 125 123 123 122 125 131 138 144 144 143 148 153 151 147 143 140 136 133
 130 126 123 122 122 123 120 115 111 112 123 136 142 144 144 145 146 145
 144 145 146 146 144 141 138 138 140 142 142 140 137 137 138 140 142 144
 142 140 139 138 137 137 138 139 138 140 139 136 136 139 138 135 132 134
 136 137 139 140 139 137 138 137 135 136 139 137 135 136 133 131 132 135
 137 138 138 139 139 138 137 138 140 141 140 140 138 141 143 146 147 148
 147  29]","[ 29  28 176 173 174 174 177 179 179 178 179 180 179 175 175 176 173 174
 174 173 173 173 173 172 168 172 176 176 175 174 174 173 174 173 172 173
 174 175 174 173 168 169 171 172 171 170 168 167 167 169 169 166 165 166
 168 168 167 163 163 164 163 164 167 168 166 164 162 162 162 163 163 162
 162 161 160 160 158 151 146 147 145 144 145 145 140 138 138 139 134 131
 128 125 124 128 133 137 142 145 145 147 147 148 151 147 139 133 130 129
 127 124 122 120 122 123 119 116 115 113 122 139 145 147 149 148 146 144
 144 143 143 143 142 140 140 142 143 143 139 138 138 137 137 138 140 143
 142 139 137 138 140 141 141 141 140 139 139 139 138 138 138 137 136 136
 137 137 138 138 139 139 138 136 136 137 137 134 132 131 130 134 133 133
 139 139 136 137 138 137 138 139 139 139 140 142 143 143 143 146 147 147
 147  29]","[ 30  29 176 174 175 175 177 179 179 178 177 178 177 176 176 177 175 174
 174 174 174 174 173 171 171 174 176 176 176 175 175 175 174 173 173 173
 173 174 173 172 171 171 172 172 171 169 167 166 165 168 170 169 167 167
 168 168 165 162 163 166 165 163 164 166 167 165 163 162 163 163 163 162
 161 160 161 162 160 153 144 141 142 142 143 142 138 138 137 136 136 135
 134 133 133 134 136 139 143 145 145 146 145 145 147 143 137 133 130 129
 126 124 123 122 121 120 117 114 115 119 130 143 149 151 152 151 148 145
 143 142 143 143 143 141 141 142 143 142 140 139 139 139 139 139 141 143
 141 139 137 137 138 139 139 139 141 140 138 138 138 138 138 138 138 138
 137 137 138 139 138 137 136 136 137 137 136 134 134 135 135 137 134 133
 138 139 137 139 138 138 139 140 141 140 141 142 143 144 143 145 145 146
 146  28]","[ 30  29 176 174 175 175 176 177 179 178 176 175 175 176 177 177 174 174
 174 175 176 176 174 172 172 174 175 175 175 175 175 174 173 172 172 172
 172 172 171 171 172 172 172 171 169 167 166 165 165 169 171 170 167 166
 166 166 165 161 162 166 165 161 162 166 165 164 162 161 162 162 161 160
 158 158 159 160 160 154 143 135 140 140 140 139 137 137 136 131 130 132
 135 137 137 136 135 135 140 143 144 145 143 142 142 137 135 131 130 128
 125 123 123 122 122 120 118 114 113 120 134 144 151 152 153 151 147 145
 143 142 142 143 143 142 142 143 144 143 144 144 144 144 142 140 139 140
 139 138 137 136 137 137 137 137 140 139 138 138 139 139 139 139 139 138
 136 136 137 138 136 134 134 135 136 136 134 133 135 137 136 136 131 130
 135 137 137 139 139 138 138 140 140 140 141 142 144 145 143 145 145 146
 146  28]","[ 29  27 175 173 175 175 175 174 179 178 176 173 173 176 176 175 173 174
 175 176 176 174 172 171 172 173 174 175 175 175 174 174 173 173 173 172
 171 171 171 171 173 172 171 170 168 167 166 166 169 170 171 169 166 165
 166 166 165 161 162 165 164 162 164 166 164 162 161 161 162 162 161 160
 163 163 163 164 163 161 152 142 137 135 135 137 136 136 133 129 128 130
 134 139 141 139 137 135 140 142 141 140 139 140 144 141 134 131 129 129
 126 124 123 121 122 122 123 118 113 121 137 144 149 150 149 148 146 145
 145 145 142 142 142 141 142 144 145 145 145 146 147 146 144 140 138 138
 138 138 137 138 139 139 139 138 138 138 139 140 141 141 140 139 138 137
 136 136 137 138 136 134 132 133 134 133 132 132 134 136 132 131 128 128
 133 136 137 138 139 137 136 138 139 139 140 142 144 145 144 146 146 147
 147  29]","[ 29  27 175 173 176 176 175 175 177 177 175 172 172 175 175 172 173 175
 176 177 174 170 168 167 172 173 174 175 176 176 175 174 174 174 174 173
 172 172 173 173 174 173 172 171 170 169 168 168 172 172 170 168 167 166
 166 166 166 164 164 165 165 166 167 165 164 162 161 162 163 164 163 162
 161 162 163 162 161 162 157 147 136 130 131 136 137 135 133 132 132 132
 135 141 144 142 138 136 137 141 142 143 141 141 144 141 135 130 129 130
 129 127 124 121 121 122 126 123 119 129 143 147 145 147 148 147 146 146
 146 146 143 143 141 140 140 143 145 146 144 145 146 146 144 141 139 139
 140 140 139 140 142 144 142 140 137 138 139 140 142 141 140 138 138 138
 138 137 138 140 139 137 134 134 133 132 132 133 134 134 130 130 130 130
 134 137 137 138 138 137 137 138 139 140 141 142 142 144 145 147 148 150
 148  29]","[ 30  28 176 175 178 178 177 176 176 176 174 172 172 174 174 171 172 174
 176 178 176 172 170 170 172 173 174 175 176 175 174 174 174 175 174 174
 173 173 173 174 174 174 173 172 171 170 169 169 171 170 169 168 168 168
 167 166 166 165 166 167 167 168 168 164 164 163 161 162 163 164 164 164
 161 161 164 164 162 164 161 152 138 131 130 137 139 137 136 138 136 135
 136 141 143 141 138 137 138 142 144 145 142 141 143 139 137 132 130 131
 130 129 127 124 124 124 126 126 126 137 148 146 145 147 149 150 149 148
 146 145 146 145 144 141 142 144 146 146 145 146 146 146 144 141 140 140
 142 142 141 141 143 145 144 141 140 139 138 139 140 140 139 138 137 139
 139 138 139 141 141 139 137 135 133 133 135 137 136 134 132 133 134 135
 135 137 137 137 137 137 139 142 142 141 141 142 141 143 143 146 148 150
 149  29]","[ 30  28 177 176 179 179 177 176 177 176 175 173 173 174 173 172 172 173
 175 178 179 176 174 175 173 173 173 175 174 173 173 173 174 174 174 174
 173 173 172 172 173 173 173 172 171 170 169 169 169 168 167 167 167 167
 167 167 167 165 167 167 166 165 166 164 164 162 161 160 162 163 163 163
 158 157 160 161 159 162 162 154 145 136 134 137 138 137 138 140 140 139
 140 143 143 142 141 142 147 147 145 142 138 140 146 146 142 136 132 131
 130 130 129 127 129 128 127 126 128 139 146 144 146 148 150 151 150 149
 147 145 147 147 146 144 144 146 146 146 147 147 146 145 143 140 140 140
 143 143 142 141 142 145 144 142 142 140 139 139 140 140 139 138 138 139
 138 138 140 142 141 138 138 136 133 134 137 140 138 134 133 134 136 135
 133 134 136 136 138 138 140 142 141 140 140 142 142 143 142 144 147 151
 149  29]","[ 29  28 176 176 178 178 176 175 179 178 176 175 174 174 173 172 173 173
 175 178 179 177 175 174 174 174 174 174 174 172 172 173 174 175 175 175
 175 173 172 171 171 172 172 172 172 171 169 169 169 168 167 167 166 166
 168 169 167 165 165 166 163 161 163 165 164 162 160 160 161 162 162 162
 161 158 160 161 161 165 166 159 150 142 137 136 135 135 137 138 139 138
 140 143 143 141 143 146 145 148 149 149 145 144 147 145 146 140 134 132
 129 129 130 129 131 131 130 127 127 137 145 146 147 148 149 149 148 148
 148 147 145 146 146 145 145 146 146 145 145 144 144 142 141 140 140 142
 145 145 143 141 142 145 146 144 142 141 140 141 142 141 139 137 139 139
 138 137 140 143 141 136 137 135 133 134 138 141 139 134 130 131 133 132
 129 130 133 135 139 139 139 139 138 137 139 142 144 143 141 142 146 151
 150  29]","[ 29  28 177 177 179 177 175 174 175 175 174 175 175 175 176 175 175 176
 175 174 175 176 176 174 175 175 174 173 173 174 173 172 173 173 174 175
 176 177 174 171 170 171 171 171 171 170 169 169 169 168 167 164 163 163
 166 168 167 165 166 168 166 162 162 166 162 161 160 158 159 161 163 163
 162 162 163 162 162 162 161 156 154 145 138 136 135 136 137 136 137 141
 142 141 144 145 144 143 144 147 148 150 153 149 144 145 142 138 138 137
 132 130 130 129 131 132 128 126 131 138 143 149 151 152 153 152 150 149
 148 147 148 146 145 145 146 143 143 147 144 146 140 138 142 140 137 143
 148 145 143 143 143 142 142 143 142 140 139 142 143 142 138 136 137 138
 139 140 140 139 138 138 137 131 129 134 139 138 135 134 131 130 129 128
 128 129 130 131 135 137 138 139 139 139 138 138 140 140 140 143 146 150
 149  29]","[ 29  29 178 177 178 177 175 173 173 173 173 174 176 177 177 177 176 175
 174 174 175 176 175 174 174 174 173 173 174 175 174 173 170 171 172 173
 175 175 174 171 171 171 172 172 171 171 170 169 171 170 169 166 164 164
 166 168 168 166 166 167 167 164 164 166 165 163 161 161 161 161 161 162
 163 161 162 163 162 162 161 159 156 149 144 140 136 136 137 137 143 144
 142 141 144 146 147 147 147 148 147 149 153 152 147 146 142 139 140 141
 136 131 130 132 133 129 123 123 132 142 148 150 151 152 152 152 151 150
 148 147 146 144 142 143 144 142 141 144 145 147 145 143 145 142 139 143
 143 142 142 142 141 140 139 139 138 137 138 141 141 139 137 136 137 138
 139 139 139 138 138 139 141 137 133 134 136 136 134 131 130 130 130 129
 129 129 130 131 133 135 137 138 139 139 139 138 139 141 141 144 146 149
 148  29]","[ 29  29 178 176 177 175 174 174 173 173 173 175 178 180 180 180 176 175
 174 174 175 175 175 175 173 174 174 174 174 175 175 175 170 170 171 172
 174 175 175 175 172 172 173 173 172 171 171 170 171 170 169 167 166 166
 167 168 168 166 165 165 165 165 165 165 165 162 162 164 164 162 162 163
 163 159 160 162 161 161 161 162 159 154 150 145 138 134 135 137 142 142
 140 139 142 145 145 145 145 148 149 148 149 149 148 148 147 144 141 141
 137 129 129 135 137 130 124 125 132 142 148 148 150 150 151 152 152 150
 149 147 146 144 142 143 145 143 141 143 145 145 146 146 145 143 142 143
 143 144 143 142 140 139 138 137 136 136 137 139 139 137 137 138 137 138
 139 139 138 137 138 139 140 137 133 131 132 133 132 130 129 130 132 132
 132 132 133 134 132 135 137 139 139 138 138 138 139 143 144 146 145 146
 147  30]","[ 29  29 178 175 175 174 174 175 176 175 175 176 179 181 181 180 175 174
 174 175 175 173 173 174 175 175 175 174 174 175 175 175 173 173 172 172
 173 175 177 178 174 174 174 173 172 172 172 172 172 170 168 168 168 167
 166 165 166 166 165 163 163 164 164 164 164 163 163 164 164 163 163 163
 161 159 159 161 161 161 163 163 162 158 155 150 141 135 135 135 141 140
 137 137 142 146 147 148 147 152 154 152 150 150 150 150 148 145 141 139
 137 130 129 136 137 133 130 129 129 137 146 147 147 147 148 149 149 149
 147 146 147 146 144 144 146 144 142 143 143 142 143 144 142 143 145 144
 146 147 146 142 139 139 139 138 137 137 138 138 137 137 139 142 139 139
 138 138 137 137 137 139 138 135 132 130 130 131 132 132 130 132 134 135
 134 134 133 134 134 136 138 139 138 136 135 135 139 143 145 146 143 143
 145  30]","[ 29  29 177 175 175 174 176 177 179 178 177 177 178 179 178 177 175 175
 176 176 175 172 172 174 176 176 175 174 173 174 175 175 175 175 174 173
 173 175 176 177 176 175 174 172 172 172 172 172 174 171 168 167 168 168
 165 162 166 167 166 164 163 164 164 164 166 167 167 164 164 165 163 161
 160 161 162 162 160 162 164 163 163 160 158 153 145 138 137 136 136 135
 132 132 137 143 147 150 152 154 155 153 152 152 151 146 143 143 140 140
 140 136 133 135 133 131 130 127 125 133 144 148 145 145 145 146 147 146
 146 146 148 148 147 147 147 144 142 144 144 141 143 144 142 144 146 143
 145 146 145 142 139 139 139 138 138 138 138 138 137 137 139 143 142 140
 138 137 137 137 137 138 139 135 132 132 131 130 132 135 134 135 136 137
 136 134 132 130 136 136 137 138 137 135 134 135 138 142 143 143 139 139
 142  28]","[ 29  29 177 175 176 175 177 178 181 180 178 178 178 178 177 175 177 177
 178 178 176 175 174 175 175 176 175 174 173 173 175 176 175 176 177 177
 176 176 175 174 176 175 173 172 171 171 172 172 171 168 166 166 168 168
 165 162 166 167 166 164 164 164 165 165 166 168 168 165 165 167 166 162
 161 163 164 162 160 161 163 161 162 159 158 155 148 142 139 137 135 137
 138 139 144 147 150 154 153 155 157 155 151 151 150 146 145 143 140 139
 140 138 136 135 133 131 127 123 122 130 141 147 148 147 147 148 148 147
 146 147 149 150 150 149 149 146 144 145 145 143 146 146 144 144 145 141
 143 144 144 143 141 140 140 139 138 138 139 139 138 137 138 140 142 140
 137 136 137 137 138 138 138 133 131 132 132 131 132 136 135 136 137 138
 137 136 133 132 136 135 136 137 137 136 136 138 140 142 143 143 139 139
 142  28]","[ 29  29 178 177 177 177 177 178 180 179 178 178 178 178 178 177 179 179
 178 178 178 179 178 177 175 176 177 176 174 174 175 176 176 177 178 178
 178 177 176 174 176 175 174 172 172 171 171 172 169 168 166 167 169 170
 168 166 166 165 165 165 165 165 166 166 165 167 167 166 166 168 167 164
 162 162 164 163 159 159 161 162 161 159 158 156 150 143 139 136 134 137
 139 140 142 143 146 150 155 157 159 157 151 150 152 151 150 143 139 138
 137 135 135 135 135 134 128 123 123 130 138 144 152 150 150 151 150 147
 147 147 148 149 149 149 150 147 145 144 143 145 147 147 144 143 143 140
 142 142 142 142 141 140 140 142 142 140 139 139 138 137 137 138 140 138
 136 136 136 137 138 138 138 135 132 132 132 131 131 133 133 134 136 137
 137 136 134 134 135 133 133 135 137 138 140 142 143 144 144 145 143 142
 144  30]","[ 29  29 179 178 179 178 177 177 176 176 176 177 178 179 179 179 180 179
 177 176 178 180 180 177 176 178 179 178 176 176 176 177 177 177 177 177
 177 177 176 175 176 176 175 174 173 172 172 172 172 172 171 171 171 170
 169 168 166 164 163 165 167 167 167 167 167 167 167 167 167 166 164 163
 163 162 163 164 160 159 161 164 162 160 160 158 151 144 139 136 138 139
 138 136 135 137 143 151 155 153 153 152 148 149 151 148 147 138 137 140
 137 134 134 134 134 136 132 126 127 131 137 144 153 151 151 152 150 147
 145 146 146 147 147 147 149 147 144 143 142 145 148 146 144 143 143 143
 142 140 139 139 138 138 139 142 146 143 139 138 138 138 138 140 139 137
 136 136 136 136 138 139 142 141 137 134 133 132 130 128 132 133 135 135
 134 132 131 131 132 129 129 132 136 138 141 144 145 145 144 146 145 145
 145  30]","[ 29  29 180 180 180 180 178 175 175 175 176 177 178 179 179 180 181 177
 174 176 178 177 177 179 178 179 179 178 177 176 177 178 178 177 178 180
 181 179 176 174 178 177 175 173 173 173 172 172 171 171 171 170 171 171
 170 169 166 165 163 163 167 168 167 166 164 166 166 166 166 167 166 164
 162 161 161 163 164 164 163 162 163 163 161 158 155 150 139 130 133 133
 131 130 132 135 141 148 152 154 155 153 150 148 147 146 143 139 143 146
 140 133 132 132 136 137 136 131 125 125 135 145 150 154 151 149 148 147
 147 145 145 146 148 150 148 146 144 144 144 144 143 141 143 146 145 142
 142 142 138 138 135 139 138 138 141 138 137 138 140 139 138 138 138 138
 137 136 137 139 139 139 140 138 137 136 132 131 131 130 130 133 133 133
 132 130 129 130 131 130 130 131 134 138 141 143 142 143 145 147 142 143
 147  29]","[ 29  29 180 180 179 179 178 176 177 177 178 178 179 179 180 180 181 178
 177 178 179 178 177 177 176 176 176 176 176 177 178 180 179 178 177 176
 176 175 175 175 178 177 175 174 174 174 174 173 173 172 172 172 171 169
 167 167 164 164 162 162 165 165 164 164 163 165 166 166 167 167 167 166
 164 163 163 164 165 164 163 162 162 162 161 159 157 150 138 128 130 131
 131 130 131 134 139 146 152 153 152 151 149 146 144 142 140 139 141 141
 138 136 135 135 137 135 132 127 122 123 131 141 146 150 147 146 147 147
 149 149 146 146 147 148 148 147 145 145 144 143 141 140 141 144 146 146
 144 144 141 140 139 141 139 137 139 137 136 136 138 138 138 138 138 138
 139 138 138 139 139 139 135 133 132 132 132 133 133 130 130 132 131 131
 132 131 130 130 131 131 131 133 135 137 139 139 142 142 144 146 142 143
 146  28]","[ 29  29 180 179 178 178 179 178 179 180 180 180 180 180 180 181 182 181
 180 179 179 179 177 175 176 175 175 175 175 177 178 179 178 179 179 179
 178 176 176 176 179 177 175 174 174 175 175 174 172 171 171 171 169 165
 163 163 161 162 161 161 162 162 162 163 166 166 167 167 165 163 163 163
 163 163 163 164 164 164 163 162 163 162 160 159 158 154 144 134 131 132
 132 132 134 136 141 148 153 154 153 150 146 144 142 141 138 141 140 137
 138 139 138 136 137 134 131 127 124 124 130 137 146 148 146 146 147 146
 149 151 148 147 147 147 148 147 146 146 146 145 143 142 142 143 145 146
 145 144 143 139 142 143 143 138 138 138 137 136 137 139 140 139 138 138
 138 138 138 138 139 139 135 133 132 132 133 135 133 129 130 131 130 131
 133 133 130 130 130 131 133 135 137 137 137 136 139 139 140 143 142 143
 146  29]","[ 29  29 180 178 178 178 179 179 179 180 180 180 179 179 180 180 181 182
 181 179 178 179 178 176 176 176 175 176 177 178 179 179 178 179 180 180
 179 178 177 176 178 177 175 175 175 175 174 173 171 169 168 170 169 164
 162 162 162 162 161 161 163 163 163 164 168 167 168 167 165 161 160 161
 162 162 161 162 163 163 164 164 164 161 157 156 158 158 152 145 138 138
 136 136 138 139 144 151 152 154 154 150 145 142 143 145 140 145 143 140
 142 143 139 136 135 133 132 130 128 127 129 134 146 149 148 149 150 147
 149 150 150 149 148 147 147 146 145 145 146 145 145 145 144 143 144 145
 147 145 144 137 141 142 143 139 139 140 140 138 138 139 140 139 138 138
 137 137 138 138 138 139 138 134 134 136 136 134 132 129 130 131 131 132
 135 134 131 130 130 131 134 136 138 138 137 136 137 138 138 141 141 142
 145  30]","[ 29  29 179 178 178 179 180 179 179 179 179 179 179 179 179 179 179 180
 180 178 178 181 181 179 176 176 177 178 179 180 180 180 179 179 177 175
 174 176 176 176 176 176 175 175 175 174 173 172 172 169 167 169 169 166
 164 164 164 164 162 162 165 165 165 165 167 166 167 167 165 163 163 164
 164 163 162 161 162 163 165 166 163 160 156 155 158 159 154 147 142 140
 137 138 142 143 145 150 151 151 150 148 145 145 147 148 145 147 145 143
 145 144 138 136 132 131 131 131 129 127 129 132 145 149 149 151 152 149
 150 151 149 148 147 147 145 144 144 144 143 143 144 146 145 144 144 146
 146 146 145 138 139 138 140 137 138 140 140 138 138 139 139 137 139 138
 138 139 140 139 137 136 135 130 132 137 137 132 130 130 131 132 131 131
 133 133 132 132 131 132 134 137 138 139 138 137 139 140 139 140 139 139
 141  28]","[ 29  29 179 179 179 180 180 179 180 180 180 180 180 180 180 180 180 182
 181 178 178 180 180 179 179 179 179 179 180 179 178 177 180 180 178 176
 176 176 176 174 175 174 173 174 174 174 172 171 172 169 166 167 167 165
 163 163 166 166 163 162 165 165 164 165 165 165 165 165 165 164 164 165
 166 165 163 162 161 162 164 165 161 161 160 160 161 159 151 142 138 135
 135 139 145 147 147 150 152 149 146 146 148 151 151 149 147 146 143 142
 144 142 139 137 132 131 130 130 129 127 129 132 145 150 150 151 151 148
 149 150 146 146 146 145 144 143 143 144 145 145 145 145 145 145 145 145
 141 142 143 140 139 138 139 138 137 138 139 139 138 139 138 138 138 138
 139 140 140 136 134 133 134 129 131 137 136 131 129 130 132 132 131 130
 131 132 133 135 134 134 134 136 137 138 138 137 136 138 136 138 137 137
 139  27]","[ 29  29 181 181 180 180 181 180 180 180 179 179 180 180 180 179 180 181
 181 179 178 178 178 178 181 180 180 179 178 177 175 174 178 180 181 179
 178 178 176 174 174 173 172 172 173 173 172 171 171 169 168 166 165 164
 163 163 167 167 164 163 164 164 164 166 166 165 163 162 163 164 163 162
 165 164 163 162 162 162 163 163 161 162 163 163 164 161 153 144 137 135
 135 142 150 151 151 153 153 150 147 148 151 153 152 149 147 144 143 142
 143 144 143 139 134 131 130 129 129 127 128 130 141 148 150 151 151 149
 149 148 146 145 144 144 144 144 144 145 148 148 147 145 145 146 145 142
 137 139 139 141 140 140 140 141 138 137 138 139 139 139 138 139 137 137
 138 139 136 133 132 134 136 133 134 136 135 133 131 130 131 132 130 130
 133 134 134 135 135 134 133 134 136 137 137 136 134 136 135 137 140 139
 140  29]","[ 28  30 183 182 181 180 181 181 179 178 177 178 178 179 178 177 175 176
 178 179 179 179 179 179 178 178 178 177 177 176 176 175 177 179 179 176
 174 175 176 175 176 174 172 171 171 172 171 171 172 172 171 169 166 165
 165 165 168 168 166 164 165 165 166 169 167 166 163 161 162 164 164 162
 162 162 163 163 163 163 163 163 161 162 163 163 165 164 158 151 145 142
 141 146 152 153 152 155 153 153 152 151 151 151 150 149 147 145 146 145
 145 148 148 142 133 130 128 128 128 126 125 126 135 144 149 152 154 152
 152 150 147 145 144 144 145 145 146 147 147 147 147 145 146 147 145 141
 140 140 138 142 139 140 139 142 138 137 137 138 139 138 138 139 138 138
 138 136 132 130 134 139 138 136 136 136 136 136 135 132 130 131 131 133
 136 136 134 134 135 133 132 133 135 137 137 136 137 139 137 140 143 143
 142  30]","[ 28  32 180 183 183 176 182 177 180 179 179 180 181 181 180 179 177 178
 179 179 178 179 179 178 179 177 177 178 178 176 176 177 175 177 178 175
 174 176 176 175 175 175 173 171 171 171 172 173 172 171 171 170 169 167
 165 164 166 168 168 165 164 167 168 167 167 166 164 163 163 163 162 162
 161 160 160 161 163 164 162 160 160 162 163 162 161 162 161 158 151 147
 145 147 150 153 154 154 155 153 152 152 150 148 148 150 149 148 146 145
 147 149 147 142 132 131 129 126 126 126 125 124 128 141 148 149 153 153
 149 150 147 146 145 145 145 146 147 147 146 144 143 145 146 145 143 142
 139 139 140 139 139 139 138 137 135 133 133 137 139 137 137 139 136 137
 137 135 133 134 137 140 138 138 136 133 135 137 136 132 129 130 132 133
 134 135 133 131 132 132 133 133 133 133 134 136 137 138 138 142 144 143
 141  29]","[ 32  27 181 183 175 182 178 178 176 178 178 178 180 182 182 181 179 180
 180 179 178 179 180 180 178 175 173 175 178 179 178 177 176 178 178 177
 176 178 180 180 176 175 173 172 172 173 173 172 171 171 172 172 170 168
 167 167 164 166 167 165 164 164 164 164 167 167 166 165 164 163 161 160
 162 161 161 162 164 165 164 163 161 162 162 161 161 161 159 155 150 146
 143 146 151 155 155 153 152 152 152 152 150 148 149 152 151 151 149 147
 148 149 145 140 131 129 127 127 128 129 129 128 130 142 147 149 152 152
 150 152 147 146 145 145 145 146 146 147 145 144 143 143 144 143 142 141
 143 143 142 140 138 137 136 134 136 135 135 138 140 139 138 138 137 136
 136 135 136 138 138 137 136 136 134 133 134 136 135 132 132 132 133 132
 132 131 131 130 130 129 129 130 132 134 135 137 139 141 136 135 142 140
 145  27]","[ 29  31 181 182 182 179 178 177 177 179 179 177 177 180 181 179 181 181
 181 179 179 179 180 181 179 177 175 176 179 179 177 176 178 179 179 177
 176 177 178 178 177 176 175 174 175 175 172 169 167 168 170 170 168 165
 164 165 166 164 163 164 167 169 167 164 166 167 168 168 166 164 161 160
 160 160 161 162 162 162 162 161 162 162 161 161 161 161 158 154 150 144
 138 140 147 154 155 154 151 152 153 153 151 149 151 154 153 152 150 148
 149 151 148 144 138 134 130 130 132 132 131 130 132 141 146 147 150 151
 150 152 148 147 146 145 146 146 146 146 147 146 145 145 145 144 144 144
 143 143 141 139 138 137 136 135 137 136 137 138 139 139 138 136 139 138
 137 138 139 139 137 134 135 136 134 133 133 135 134 132 131 131 130 129
 127 128 129 131 129 128 127 129 132 134 137 138 138 134 139 144 143 138
 144  30]","[ 32  25 179 181 183 186 184 179 176 178 179 179 180 182 183 182 180 180
 179 179 178 179 179 179 179 179 179 179 177 176 175 175 176 177 178 176
 174 174 174 174 174 175 175 176 177 176 173 170 171 171 172 172 171 168
 167 167 165 160 158 160 164 165 165 165 164 165 167 167 165 163 161 159
 162 163 164 165 164 162 160 159 161 161 161 160 161 161 159 156 152 145
 138 138 145 153 156 155 153 154 155 154 153 151 153 155 155 154 150 147
 147 148 147 145 143 136 130 130 132 132 130 130 130 137 142 146 151 153
 152 153 148 147 146 145 145 146 146 145 145 145 145 145 145 144 143 144
 141 141 141 139 139 139 139 139 138 139 139 139 139 139 139 137 138 139
 139 138 136 135 133 132 132 133 133 132 132 133 133 132 131 129 127 126
 126 127 129 131 133 132 131 132 133 135 138 140 144 138 140 138 134 140
 139  26]","[ 29  33 178 181 180 179 178 180 178 178 179 181 180 179 179 180 179 179
 179 180 180 180 179 179 178 179 180 180 179 178 177 176 174 176 178 178
 176 175 174 174 171 173 176 177 178 178 175 173 172 171 171 171 171 168
 166 165 167 166 165 164 162 161 164 168 166 167 168 167 166 164 163 162
 162 163 164 163 161 160 159 158 159 159 159 158 158 159 159 159 154 149
 143 142 147 152 155 154 154 154 154 154 154 153 153 153 154 153 150 148
 148 148 148 147 142 135 128 128 130 130 130 131 128 132 137 144 150 151
 149 148 149 148 148 147 147 147 147 147 145 146 147 147 147 145 145 146
 142 142 140 138 137 138 138 137 137 139 140 137 136 137 137 137 137 138
 137 135 134 134 133 132 129 131 131 130 131 132 132 132 132 129 127 126
 127 128 130 131 136 136 136 136 135 135 137 139 136 139 139 135 139 140
 140  31]","[ 30  29 181 177 186 183 179 181 181 180 180 181 179 175 173 175 179 179
 180 182 182 181 180 180 180 180 179 179 180 181 178 175 175 177 178 179
 177 175 173 173 173 175 177 178 177 176 174 172 174 172 171 171 171 169
 167 166 165 165 165 165 162 160 161 165 166 165 165 164 163 162 161 161
 162 162 162 160 159 159 160 161 159 159 159 159 158 158 160 161 158 154
 148 143 145 150 154 155 154 154 154 154 155 155 154 153 153 153 152 151
 150 149 147 146 146 140 134 131 130 130 130 130 127 129 135 143 149 152
 150 149 148 147 147 146 146 146 146 146 143 143 145 146 145 144 144 145
 144 144 142 140 139 139 138 138 138 141 141 139 137 138 139 139 139 137
 135 134 136 138 137 135 134 134 134 133 132 131 131 131 129 127 125 127
 130 131 132 132 135 136 137 137 135 134 135 137 140 139 138 135 141 139
 147  26]","[ 30  28 175 181 177 179 177 178 179 178 179 180 181 179 178 179 179 178
 178 180 181 180 179 179 180 179 178 178 178 179 178 175 176 177 178 178
 177 175 174 174 177 178 178 178 176 175 174 173 172 171 170 171 171 169
 168 168 164 163 163 163 164 163 163 163 167 166 166 165 165 165 164 163
 162 162 162 161 160 160 162 163 160 160 159 159 159 159 160 161 160 157
 152 147 147 152 156 157 155 155 156 156 157 158 156 155 155 155 155 153
 150 148 145 144 144 141 137 133 131 130 130 130 128 128 132 140 146 149
 150 150 148 148 147 147 147 147 147 146 143 143 144 145 144 143 143 144
 142 142 141 140 139 139 139 139 139 140 140 139 138 138 139 140 137 135
 133 133 135 137 137 135 136 136 135 134 132 131 131 130 128 126 126 129
 131 132 132 133 132 133 135 135 134 132 132 133 135 138 140 138 143 143
 135  31]","[30 29 29 29 29 27 31 29 29 29 30 29 29 29 29 28 30 28 28 29 30 29 29 29
 28 30 30 29 28 29 30 30 29 29 29 30 29 28 28 30 29 29 29 28 28 29 30 29
 30 29 29 29 29 28 28 29 30 30 30 29 28 28 29 30 29 29 29 29 30 29 28 28
 29 29 30 30 29 28 28 29 30 29 28 29 29 29 29 30 28 29 29 28 28 30 30 28
 28 29 29 29 30 30 29 27 27 28 29 29 29 29 29 30 29 30 29 28 28 29 30 30
 30 27 28 30 30 29 29 29 29 29 28 28 29 29 28 28 29 29 30 30 29 28 29 29
 30 30 29 29 28 29 29 29 29 29 29 29 29 29 29 29 29 30 30 29 28 28 29 29
 29 29 29 29 29 29 29 29 30 28 28 30 30 28 28 29 29 29 30 31 30 29 28 28
 29 31 26 29 29 27 30 29]"
