"[33 30 30 31 28 31 30 30 29 29 30 30 29 28 29 30 29 28 28 31 31 29 28 30
 30 29 30 30 28 29 30 29 29 30 29 29 31 29 29 29 31 29 29 29 28 29 28 31
 29 29 29 29 29 29 29 29 28 29 30 30 30 30 29 28 30 29 28 28 29 30 29 27
 28 29 29 29 29 30 30 29 30 29 29 29 29 29 29 29 28 29 29 29 29 28 29 29
 28 28 28 30 29 28 28 30 29 28 28 29 30 29 29 29 29 29 28 28 30 29 28 29
 29 29 29 29 29 30 30 29 30 30 29 28 28 29 29 29 29 29 29 29 28 28 29 29
 29 29 29 28 28 29 29 29 29 29 29 29 28 29 29 28 29 29 30 30 29 30 30 29
 29 29 29 29 29 29 29 29 28 29 29 28 28 29 30 29 29 29 29 29 29 29 29 29
 29 29 30 29 31 34 28 30]","[30 29 33 25 31 28 26 29 31 30 29 29 29 29 29 30 29 30 30 28 27 28 29 30
 28 27 29 30 29 29 29 26 30 30 27 29 29 27 27 31 28 29 31 29 29 30 27 27
 29 29 29 29 30 30 29 29 29 29 28 28 28 29 30 30 28 30 31 30 29 28 30 30
 29 29 29 29 29 29 28 27 29 29 30 30 30 30 29 29 28 29 30 30 29 28 29 29
 31 29 28 29 29 28 28 28 30 29 29 29 30 30 29 29 30 30 29 29 29 28 28 30
 29 28 28 29 29 30 29 29 28 29 30 30 29 29 28 27 29 29 29 29 30 30 30 30
 29 29 30 29 29 29 29 28 30 31 30 30 29 29 29 28 30 29 29 29 27 28 29 27
 30 30 29 29 29 29 29 29 29 30 30 29 28 28 28 28 28 29 30 30 29 28 28 29
 28 28 29 29 28 26 32 30]","[ 30  30 110 113 107 110 115 110 107 105 104 105 108 109 110 110 112 123
 136 144 151 158 161 160 161 162 165 165 163 163 163 161 160 162 159 159
 153 152 147 150 154 156 159 155 154 157 155 154 153 152 151 150 149 148
 146 144 143 142 140 138 137 137 138 138 136 137 137 136 135 135 134 133
 130 131 130 130 129 129 127 125 122 122 122 120 117 114 112 111 108 108
 108 106 103 101 100 100 100  98  96  95  97  98  97  95  93  92  91  91
  91  90  90  90  87  87  88  88  87  86  85  86  88  88  87  86  85  83
  82  81  79  80  81  82  83  84  84  84  85  84  84  85  86  87  86  85
  84  85  86  85  85  85  85  84  84  84  82  81  79  77  76  75  71  70
  70  71  71  73  74  73  65  64  63  64  65  66  65  64  66  65  65  65
  64  62  62  63  68  69  72  74  75  74  77  80  85  81  84  84  86  90
  88  28]","[ 33  27 119 112 108 114 115 116 116 114 112 113 114 114 113 113 111 113
 112 108 108 113 117 118 127 132 139 143 144 149 156 159 159 166 163 164
 156 160 154 155 157 158 161 157 156 157 155 155 155 155 155 155 154 153
 153 153 151 151 150 148 147 146 145 144 143 143 142 142 142 142 140 138
 138 138 138 137 137 136 133 131 131 132 132 131 128 126 124 124 123 122
 121 118 113 110 108 107 110 108 106 104 105 106 104 101  99  99  98  96
  96  96  95  95  91  92  94  95  92  88  87  85  87  87  86  86  86  85
  85  84  85  84  83  81  81  83  84  84  83  83  83  83  84  85  84  83
  83  83  83  83  83  83  83  83  84  85  85  85  85  86  85  85  88  85
  84  81  78  76  74  71  73  73  73  73  73  73  72  71  68  66  65  66
  66  63  62  63  64  63  64  65  64  63  64  67  71  75  78  79  84  79
  78  30]","[ 28  32 117 116 125 120 118 116 119 117 116 115 115 114 114 115 116 116
 115 114 113 113 113 114 109 111 115 116 116 118 123 124 123 129 129 136
 135 144 146 152 160 161 165 165 164 163 161 163 160 160 159 157 154 153
 153 154 153 153 152 151 151 151 149 147 144 146 147 146 145 145 146 146
 145 145 145 145 145 144 142 140 138 138 139 139 137 136 136 136 133 133
 133 130 127 125 124 123 123 122 118 115 114 113 110 107 108 107 106 104
 104 104 103 102  99  98 100 101  96  93  91  89  91  90  90  90  89  88
  88  88  90  88  85  83  83  84  85  86  84  84  84  84  84  84  84  84
  84  83  82  81  80  81  81  81  80  81  82  83  84  86  86  86  87  86
  87  87  87  87  86  83  80  81  81  80  78  76  74  73  74  71  69  71
  72  70  68  68  69  67  65  64  62  60  60  61  64  57  58  59  56  65
  71  28]","[ 30  31 136 136 131 126 127 122 123 122 120 118 117 117 118 120 120 117
 115 115 114 113 114 116 115 114 114 115 115 116 115 111 109 109 107 114
 112 111 109 117 121 121 128 133 138 144 149 156 158 158 158 156 155 156
 158 160 161 159 157 156 155 155 153 151 151 152 153 152 151 150 150 150
 151 151 152 151 150 150 149 148 147 147 146 145 143 142 142 142 141 141
 141 140 139 138 137 137 137 136 133 131 129 128 125 123 117 117 115 111
 109 108 106 104 104 102 104 104 100  99 101  99  99  98  97  96  94  92
  91  91  90  89  88  87  88  89  89  88  87  87  87  86  86  86  86  87
  86  85  83  81  80  80  80  80  82  82  82  81  82  82  83  82  85  84
  86  86  86  86  85  82  82  84  85  84  82  80  79  79  78  75  74  75
  77  76  74  73  70  68  66  65  66  66  65  64  67  64  58  60  59  56
  50  29]","[ 30  25 149 145 148 147 140 142 139 137 134 132 129 126 125 125 122 120
 120 120 119 117 118 120 121 119 118 119 118 117 115 110 113 113 114 118
 118 114 111 114 114 113 115 114 115 120 123 127 129 129 131 134 138 144
 148 151 156 155 155 155 158 160 159 157 156 157 156 155 153 152 152 152
 153 154 154 153 153 153 153 153 152 152 152 152 152 151 151 152 147 147
 146 146 146 145 144 144 142 140 138 137 138 137 135 135 136 136 133 129
 126 124 121 118 117 112 113 113 109 109 111 109 103 103 103 102 101 100
 100 100  99  98  97  96  95  95  93  91  90  89  88  87  87  87  87  87
  86  86  85  83  82  82  81  80  81  81  81  81  81  82  83  83  83  83
  83  83  82  83  83  81  80  81  82  82  82  81  81  82  81  81  81  81
  82  82  81  80  76  76  74  72  72  73  72  69  67  69  67  65  60  66
  63  26]","[ 30  30 165 168 168 159 161 158 157 156 155 154 151 147 143 141 142 141
 141 138 134 129 128 129 125 125 126 125 123 122 122 121 114 118 119 116
 118 120 119 116 110 113 117 116 116 118 117 116 113 111 109 108 110 112
 113 113 120 121 125 132 140 147 148 147 156 160 163 160 154 153 156 161
 154 155 155 154 153 153 154 155 154 154 154 154 154 154 154 154 152 152
 151 151 152 152 151 150 152 148 145 146 147 146 145 145 143 144 143 140
 138 137 134 131 136 131 131 129 122 120 121 117 114 113 112 111 109 107
 107 107 104 104 102 101 101 102 101  99  95  93  91  90  90  90  89  88
  88  89  89  88  87  87  85  84  86  86  84  83  82  82  83  83  84  83
  83  82  81  82  84  83  82  82  82  82  82  82  81  81  80  81  82  81
  81  81  81  80  80  82  81  79  79  81  79  75  74  74  72  76  74  69
  65  31]","[ 30  28 176 174 172 172 173 173 174 172 169 169 170 168 164 161 162 160
 158 156 154 152 149 148 145 146 146 143 140 137 136 135 136 134 130 127
 128 131 131 130 130 128 126 125 126 127 124 121 121 118 117 118 121 120
 117 115 117 116 113 110 109 111 112 112 115 118 121 126 132 138 145 152
 154 157 159 160 159 156 156 160 154 156 155 154 158 159 156 157 157 156
 155 155 156 157 155 153 153 152 152 154 154 152 151 151 152 149 146 145
 146 146 145 143 142 142 143 143 138 135 133 131 131 129 127 125 122 123
 122 119 115 116 116 113 107 101 100 102 103 104 105 102  99  98  97  97
  97  95  92  92  93  93  93  92  90  89  87  87  87  87  86  85  86  85
  86  86  83  83  84  84  82  80  80  82  81  81  82  80  81  81  81  81
  81  81  81  82  83  81  81  81  79  79  81  80  79  81  79  79  77  76
  77  28]","[ 29  28 178 176 176 175 177 177 178 176 175 176 178 177 176 175 174 173
 172 170 167 165 163 163 163 162 159 156 153 151 149 147 146 146 143 141
 140 142 141 139 138 138 138 137 135 134 135 136 137 132 128 127 128 128
 126 124 122 121 118 115 114 115 115 114 117 116 113 112 114 114 113 114
 112 116 119 122 128 133 137 141 145 152 156 158 160 159 159 163 159 157
 155 157 158 157 156 156 156 154 153 155 156 155 154 155 153 153 153 155
 156 155 152 149 147 147 150 151 149 146 144 141 139 138 138 137 136 136
 136 134 132 129 126 124 122 119 118 117 114 114 113 111 109 107 105 104
 104 102 100 100 100  98  96  95  95  94  92  91  91  91  90  89  90  89
  89  88  86  86  86  84  86  83  84  84  83  83  83  82  81  81  82  82
  81  81  81  81  82  81  82  82  80  80  81  79  78  81  80  81  81  80
  79  28]","[ 29  29 179 179 179 179 180 179 181 180 179 180 181 181 180 180 180 180
 180 180 179 177 177 178 177 175 171 168 167 166 164 162 161 161 159 155
 154 153 151 149 143 143 143 142 140 136 137 140 138 135 132 133 135 135
 133 131 130 129 127 125 125 126 126 125 120 120 118 115 113 110 109 110
 115 115 114 112 113 116 117 115 110 114 117 119 122 125 132 140 149 149
 152 158 161 161 162 164 160 157 157 159 160 158 156 157 157 156 155 155
 156 156 155 155 156 154 154 153 151 152 154 154 152 151 148 145 144 145
 146 146 143 139 137 136 136 136 134 133 129 127 125 123 121 119 117 114
 108 106 106 107 107 104 103 103 103 101  99  98  98  98  97  95  94  92
  91  91  90  90  89  87  88  86  86  86  84  84  84  83  83  83  83  83
  82  81  81  80  81  80  81  81  80  80  81  79  80  81  77  77  78  79
  79  29]","[ 29  29 180 180 179 179 180 179 180 180 179 180 180 179 179 180 180 180
 181 182 182 182 182 183 184 182 180 179 179 180 180 178 180 179 177 173
 171 171 170 170 167 163 161 161 160 156 153 154 151 148 146 146 146 144
 140 136 138 138 137 136 136 138 137 135 131 133 131 128 127 125 125 126
 122 120 118 117 116 117 115 111 111 110 109 111 113 113 113 115 115 117
 122 129 136 141 145 148 156 155 157 161 163 161 160 162 159 160 161 162
 162 161 159 157 157 156 157 157 156 157 158 157 154 154 153 153 155 155
 154 154 151 150 149 148 147 146 144 143 142 140 137 135 134 132 130 128
 126 123 121 120 118 114 113 115 112 111 108 106 106 105 103 100  99  97
  97  97  96  97  97  95  94  91  91  91  88  88  88  87  88  87  86  85
  85  84  83  82  82  80  81  81  81  81  82  80  82  82  77  76  76  78
  79  29]","[ 29  29 179 179 179 178 179 179 179 179 180 181 181 180 181 182 182 181
 181 182 183 182 182 182 181 180 180 179 180 181 182 181 180 180 179 178
 178 178 179 179 180 176 174 175 174 170 167 167 171 168 164 162 161 158
 155 153 151 150 149 146 146 146 144 142 142 140 136 133 136 137 135 135
 136 131 130 131 129 126 124 122 117 114 113 116 118 119 117 114 114 113
 111 109 109 112 114 114 116 118 123 130 134 137 140 144 154 155 157 159
 161 161 162 162 159 159 161 160 159 159 160 158 157 157 154 153 156 156
 155 156 155 155 154 154 154 154 154 153 151 149 148 147 146 144 142 142
 141 138 137 136 134 130 129 130 124 124 122 119 117 116 112 108 110 108
 107 106 104 104 105 104 102 100  99  98  96  95  96  96  95  93  90  90
  91  91  89  87  86  84  83  83  82  83  83  81  81  84  81  80  80  81
  80  28]","[ 29  28 179 179 179 178 180 179 179 179 180 181 181 180 180 181 181 180
 180 181 183 183 182 182 183 184 184 183 182 183 183 183 181 181 182 182
 182 182 182 181 181 180 181 182 180 178 177 179 178 176 175 175 174 173
 171 170 167 167 165 162 160 160 159 157 153 152 147 144 145 147 146 145
 143 136 137 139 136 133 134 133 132 130 129 128 126 126 125 121 120 121
 119 116 117 120 119 116 114 114 113 112 110 110 110 110 114 115 117 122
 127 134 139 142 148 152 159 163 164 166 167 164 160 160 157 156 158 156
 154 156 161 159 157 156 158 159 159 157 155 153 153 153 152 150 149 150
 145 146 146 147 146 144 143 143 138 139 137 134 131 129 125 121 122 120
 118 116 112 111 111 110 110 107 106 105 102 102 102 102 102  99  96  96
  97  98  96  95  93  90  89  88  86  86  86  84  82  85  82  81  82  83
  81  29]","[ 29  28 179 179 179 179 180 179 180 179 179 179 179 178 179 180 179 179
 180 181 182 182 183 183 182 182 182 181 181 181 181 180 182 182 182 183
 183 182 181 181 181 181 182 182 181 180 181 184 181 181 182 182 181 179
 178 177 178 178 177 175 174 174 175 174 170 171 167 163 161 161 160 160
 162 155 154 154 148 145 144 141 135 137 140 139 136 137 136 130 128 128
 127 126 127 128 125 121 122 123 121 118 117 117 116 113 111 112 112 113
 112 109 106 104 110 109 109 108 111 121 133 138 146 153 156 159 163 160
 157 161 163 163 162 161 160 160 159 157 158 156 155 156 156 153 152 153
 155 156 156 155 154 154 152 149 150 151 151 147 145 144 141 138 137 134
 132 130 127 126 125 122 123 119 117 115 112 111 111 110 109 108 106 105
 105 105 104 104 101  99  98  97  95  94  93  91  89  90  86  85  86  87
  84  30]","[ 29  29 180 179 179 178 179 178 179 179 179 179 179 180 181 182 181 181
 182 182 182 181 181 183 183 182 181 181 182 183 183 182 181 180 180 180
 181 182 183 184 183 183 182 180 180 181 182 182 182 181 180 179 179 179
 181 183 180 181 180 177 177 178 180 180 176 176 173 171 174 176 174 171
 175 170 171 171 166 165 165 159 157 154 152 146 141 145 147 142 142 137
 133 132 133 133 132 131 127 129 129 127 128 130 127 121 122 121 120 119
 118 116 113 111 111 114 117 116 112 112 113 111 113 118 117 117 122 123
 127 138 144 151 157 159 159 160 162 163 162 159 158 160 160 157 155 155
 156 158 158 156 157 159 158 156 155 158 158 155 154 154 153 150 150 147
 146 145 144 143 142 138 138 134 130 128 125 123 122 121 116 116 116 114
 112 110 110 111 109 107 106 105 104 103 102  99  97  98  94  94  96  95
  87  29]","[ 29  29 180 179 179 179 180 180 179 179 178 178 179 180 180 181 182 181
 181 181 181 181 181 182 183 182 182 182 182 182 181 180 181 181 180 181
 182 182 183 183 181 181 181 181 181 182 182 183 183 182 182 183 182 181
 181 182 180 180 179 179 179 179 179 179 179 180 181 181 180 179 178 179
 178 179 180 179 177 175 173 172 172 170 167 165 163 161 160 159 156 159
 161 158 151 146 145 147 145 143 139 137 138 139 135 130 131 130 129 128
 127 125 124 124 122 122 120 118 117 117 117 116 113 116 119 118 115 114
 112 107 109 114 117 117 118 125 132 136 145 152 159 163 163 162 161 160
 162 161 159 158 159 161 161 160 157 160 159 160 160 160 160 157 156 155
 154 153 153 154 152 150 146 148 147 144 144 142 138 136 134 133 129 128
 124 122 122 118 118 115 113 111 110 107 104 102 104 105 105 105 104 100
 100  28]","[ 30  29 180 180 179 179 180 179 179 179 179 179 179 180 181 182 182 181
 181 181 181 181 181 182 182 182 182 182 182 183 182 182 182 182 181 181
 182 182 182 182 182 181 181 181 181 181 182 183 181 181 181 181 181 180
 180 181 181 181 180 180 180 180 180 179 180 181 181 182 182 181 181 182
 183 180 178 178 180 181 180 179 179 179 179 179 180 179 176 174 171 169
 168 168 169 168 164 161 157 157 157 157 155 152 150 149 142 139 135 132
 132 132 131 130 131 131 130 129 128 128 126 124 125 123 123 122 119 118
 118 117 118 119 118 114 111 111 111 111 106 108 111 113 117 125 133 139
 144 152 159 163 165 167 166 163 164 167 165 166 165 163 164 161 160 161
 161 161 160 159 158 158 158 159 157 154 153 152 149 147 147 147 146 146
 144 142 141 134 128 128 129 128 127 123 117 113 114 113 113 115 114 109
 108  30]","[ 30  29 180 180 180 179 179 178 179 179 180 180 179 180 181 182 182 181
 181 181 181 181 182 182 182 182 182 182 183 183 184 184 183 183 183 183
 182 182 182 182 182 182 182 181 181 182 182 182 181 181 181 181 181 180
 180 181 181 181 180 181 181 181 181 181 181 181 181 181 182 181 182 183
 180 181 181 181 179 179 179 180 179 178 178 179 180 179 176 174 176 175
 174 175 176 176 174 172 171 170 171 172 170 166 165 166 162 160 158 153
 149 146 147 148 146 145 144 142 141 138 134 130 132 129 130 132 130 129
 129 129 121 121 121 120 120 121 119 117 114 115 115 113 111 110 110 110
 112 116 118 116 120 130 139 142 148 152 154 158 160 162 166 166 166 167
 167 164 160 159 159 159 158 160 159 159 160 160 158 158 153 154 152 152
 152 153 155 149 146 146 143 139 136 135 133 131 129 125 123 125 123 119
 119  31]","[ 29  29 180 180 180 179 179 179 179 180 180 180 180 180 181 182 182 181
 182 183 183 182 182 182 183 183 183 183 183 184 185 185 185 185 185 184
 183 183 183 183 184 184 184 183 183 183 182 182 182 182 183 182 181 181
 181 181 181 180 180 180 181 182 182 182 181 180 180 181 181 180 181 182
 182 181 181 181 182 182 180 178 181 180 178 178 179 180 180 180 178 179
 180 179 177 176 177 178 179 175 174 174 175 175 174 173 175 176 176 173
 169 165 165 166 160 160 159 156 153 150 146 142 136 133 133 134 133 132
 131 129 134 133 131 130 129 129 126 123 120 121 121 120 119 118 117 116
 114 115 113 109 108 110 109 107 108 109 107 110 116 125 137 143 148 154
 160 165 166 167 167 167 165 166 165 163 163 160 157 157 158 160 158 156
 154 156 157 152 152 153 152 150 149 149 148 146 144 141 139 139 136 133
 132  28]","[ 29  29 181 181 181 180 181 181 180 181 182 182 181 181 182 183 182 182
 184 185 185 184 182 182 185 185 184 184 184 184 185 186 186 186 186 186
 185 185 185 185 185 185 185 185 185 183 182 181 183 183 183 183 181 181
 180 180 181 180 180 180 181 182 182 181 181 180 180 181 181 181 181 181
 181 181 182 181 181 182 184 185 179 179 179 178 178 178 179 179 181 180
 180 180 179 179 178 178 180 178 175 174 176 179 178 176 176 176 176 177
 179 178 176 174 174 174 174 172 170 169 168 167 165 162 158 154 151 151
 150 147 143 142 139 138 137 137 137 136 133 132 130 128 127 127 127 126
 125 123 119 117 116 117 119 120 113 115 114 115 113 109 109 108 109 109
 108 108 112 119 126 130 137 143 150 157 163 165 165 166 165 166 163 160
 158 159 164 161 157 158 158 156 155 154 153 151 151 152 153 153 152 151
 149  31]","[ 29  30 182 182 181 181 183 184 183 183 184 184 183 183 183 183 183 183
 185 186 186 185 184 183 186 186 186 185 185 185 186 186 187 187 187 187
 187 186 186 187 185 185 186 186 186 184 183 182 184 185 184 183 183 182
 181 180 182 181 181 181 181 182 182 181 181 180 180 181 181 181 181 181
 179 180 180 179 177 175 173 173 178 179 180 180 180 179 179 178 179 178
 177 178 179 180 179 177 178 180 179 178 178 180 180 178 176 176 176 177
 179 179 178 177 174 175 176 174 173 174 175 176 178 176 175 171 169 170
 168 164 163 161 157 154 151 149 148 148 144 143 142 139 138 136 133 131
 130 129 129 128 125 122 123 126 123 123 120 120 118 116 118 118 114 113
 112 110 109 109 107 106 110 110 108 108 113 119 128 136 140 146 153 160
 162 163 165 161 160 160 160 159 159 159 158 159 156 159 157 154 154 153
 153  28]","[ 29  30 183 182 181 180 183 185 185 185 185 185 184 184 183 183 183 183
 185 186 187 186 185 185 187 187 187 186 186 186 186 187 187 187 187 187
 187 187 187 187 186 186 187 187 187 186 185 185 186 187 186 185 185 185
 184 181 182 182 182 182 183 183 183 183 183 182 181 181 181 181 181 182
 180 180 183 190 199 201 197 192 182 181 179 178 179 180 180 180 178 179
 180 180 180 180 180 180 178 179 180 180 179 179 179 179 178 179 180 179
 178 178 179 180 179 180 179 178 178 178 179 180 174 173 175 176 175 175
 174 171 173 171 169 168 167 165 165 165 163 161 157 153 150 149 148 146
 143 143 141 137 133 131 131 132 128 129 129 131 131 127 128 127 123 122
 120 118 118 118 116 115 111 113 113 112 109 106 105 109 108 108 107 112
 115 121 130 133 146 147 152 158 162 161 161 161 160 164 159 156 158 155
 155  29]","[ 29  30 183 182 180 179 182 185 185 185 185 185 184 184 183 183 183 183
 184 186 187 187 187 187 187 187 187 187 187 187 187 188 187 187 187 187
 188 188 187 186 187 187 187 187 188 188 188 188 187 187 186 186 186 187
 185 182 182 182 182 183 184 185 186 186 186 184 182 181 181 181 181 182
 188 195 202 204 201 199 201 204 205 198 188 182 179 179 180 180 180 180
 180 180 180 180 179 178 181 178 178 179 180 179 178 179 178 178 178 178
 180 180 180 179 179 179 179 178 179 179 179 179 180 176 176 177 175 174
 175 175 178 176 175 176 176 175 173 173 173 173 172 170 169 168 166 163
 163 162 158 153 151 149 146 142 142 141 138 139 137 132 132 130 130 130
 130 129 129 129 127 125 121 123 122 120 116 113 113 118 115 113 112 115
 114 111 112 109 108 107 108 114 117 119 122 126 131 138 140 146 155 152
 154  29]","[ 29  29 181 181 181 181 182 183 183 183 184 183 183 183 183 183 184 183
 184 185 186 187 187 187 187 187 187 187 186 187 187 188 188 188 189 189
 187 187 187 188 187 188 188 189 189 189 188 188 189 187 187 187 188 187
 185 183 184 184 184 185 185 185 185 185 186 186 182 184 183 183 179 191
 189 177 165 142 126 122 126 142 168 187 193 189 183 179 182 180 181 181
 181 180 180 180 179 179 179 179 179 179 179 179 179 178 179 179 179 179
 179 180 179 178 179 179 179 179 179 179 179 179 179 178 178 176 175 175
 177 178 176 176 176 176 176 175 175 175 176 175 175 174 173 173 174 174
 172 168 165 165 165 163 162 163 160 159 157 154 153 151 147 144 141 142
 143 141 137 133 130 129 125 126 128 128 126 125 124 124 122 121 121 121
 120 118 115 115 116 113 111 109 108 108 107 106 104 104 105 110 111 115
 119  29]","[ 29  29 181 182 182 181 183 183 182 183 183 183 182 182 182 181 183 183
 183 184 186 187 187 186 187 187 187 187 186 186 187 187 187 188 189 189
 188 187 187 187 187 188 189 189 189 189 188 187 188 187 186 187 188 188
 187 186 187 187 187 187 187 187 187 187 187 187 183 183 181 184 184 184
 151 112  88  78  75  80  83  88 105 121 156 188 188 182 182 178 181 181
 181 180 180 180 180 179 179 179 179 179 179 179 179 179 179 179 179 179
 180 179 179 179 179 179 179 179 179 179 179 179 179 180 179 178 177 177
 178 179 178 178 177 177 177 176 176 175 175 175 174 174 174 174 174 175
 174 172 171 173 174 174 175 177 174 172 169 167 167 167 165 164 159 158
 156 153 150 147 145 144 139 139 138 135 132 129 128 127 129 127 126 127
 127 125 124 123 123 123 122 122 122 121 119 117 115 115 109 110 115 112
 111  31]","[ 29  29 182 182 182 182 183 183 182 182 182 182 183 182 182 181 183 183
 183 184 185 185 185 185 186 186 186 186 186 186 186 187 187 188 189 189
 188 187 187 187 187 188 189 190 190 189 188 187 187 187 187 187 188 189
 189 189 187 187 187 187 187 186 186 186 186 186 185 183 180 183 187 163
 106  76  71  73  67  71  78  81  83  88 106 148 180 189 177 180 182 181
 181 180 181 181 180 180 180 180 179 179 180 180 180 180 179 179 179 179
 179 179 179 179 179 179 179 179 179 179 179 179 179 180 180 179 178 178
 178 179 179 178 177 177 177 177 176 175 174 174 174 174 174 175 175 175
 176 175 175 175 174 173 173 175 176 174 172 171 172 173 173 172 171 169
 167 166 165 164 162 161 160 159 157 154 152 149 148 147 144 141 139 138
 137 135 133 132 130 130 129 129 129 130 130 130 131 126 124 124 123 119
 117  29]","[ 29  29 182 183 183 183 183 182 182 182 182 182 183 184 184 183 183 183
 183 183 184 184 184 184 185 186 186 186 185 186 186 187 187 188 188 188
 188 187 187 187 188 188 189 189 189 188 187 187 187 187 187 187 187 188
 188 188 188 188 188 188 188 187 187 187 186 186 187 184 181 185 185 133
  80  68  73  74  66  71  77  78  80  88  87 110 155 187 178 185 183 182
 181 181 182 182 181 181 182 181 181 181 182 182 181 180 180 180 180 180
 179 179 179 180 180 180 180 180 180 180 180 180 179 179 179 179 178 178
 178 179 179 178 177 177 177 177 176 175 174 174 174 174 175 175 175 175
 175 175 175 175 174 173 173 174 173 173 172 172 172 173 173 171 172 171
 170 171 172 172 170 168 165 165 165 165 165 163 162 160 161 158 156 154
 152 149 146 145 146 145 142 139 136 135 134 135 132 130 132 130 128 130
 129  29]","[ 29  29 182 182 183 183 183 182 182 182 182 182 183 183 184 184 183 183
 183 183 183 183 183 183 185 185 185 185 186 186 187 188 187 187 188 187
 187 187 187 187 188 188 188 188 187 187 187 187 187 187 187 187 187 187
 187 187 187 187 187 188 188 187 187 187 188 187 187 186 185 188 182 107
  72  69  69  68  67  72  74  74  78  84  88  96 121 174 188 183 184 184
 184 184 184 184 184 183 184 183 183 183 184 183 182 181 181 181 182 181
 181 180 181 181 181 180 180 180 180 180 180 180 180 180 179 179 178 178
 179 179 180 179 178 178 179 179 178 177 175 175 175 175 175 175 175 174
 175 175 175 176 176 176 175 175 175 175 174 173 174 175 174 174 174 173
 173 172 172 171 170 169 173 173 173 173 173 173 172 170 170 169 168 167
 166 165 163 161 161 161 160 158 154 151 149 148 143 146 141 134 139 139
 135  30]","[ 29  29 182 182 182 182 183 182 183 183 183 183 182 182 183 183 183 183
 183 183 183 182 183 183 184 185 185 185 185 186 187 188 187 187 187 187
 187 187 187 187 187 187 187 186 186 187 187 187 186 186 187 187 187 187
 187 187 186 186 186 187 187 187 187 187 188 186 185 186 186 190 177  92
  67  69  69  68  69  70  73  80  83  82  88  89  99 159 193 181 185 186
 186 187 187 187 186 186 185 185 185 185 185 185 183 182 182 182 182 182
 181 181 181 182 181 181 181 181 180 180 180 180 180 180 179 179 178 178
 179 179 179 179 178 178 179 179 179 178 177 176 176 176 176 176 175 174
 176 175 174 175 175 175 174 172 176 175 174 173 173 175 175 175 176 175
 173 172 172 172 172 172 174 173 172 172 172 173 173 172 172 172 172 172
 172 172 172 170 167 168 168 168 167 167 167 168 166 163 160 159 158 154
 151  30]","[ 29  29 181 182 181 181 182 182 182 183 184 184 183 182 182 182 183 183
 183 183 183 183 183 184 185 185 185 185 185 185 186 187 187 187 187 187
 187 187 187 187 186 186 186 186 186 187 187 187 186 186 186 186 187 187
 187 187 188 188 188 188 188 188 188 188 187 186 185 186 185 189 169  83
  71  69  64  64  66  68  73  78  77  82  91  92  98 148 190 187 184 186
 187 188 188 187 187 187 186 186 185 185 185 185 185 185 184 183 183 183
 183 183 183 183 183 183 183 182 181 181 181 180 181 180 180 180 179 179
 179 179 179 179 179 179 179 179 179 179 178 178 177 178 178 178 176 175
 175 175 175 176 177 178 177 176 177 176 175 174 174 175 176 176 175 174
 173 173 173 174 174 174 174 173 173 172 173 173 174 174 172 173 173 172
 172 173 173 172 173 172 171 170 169 170 171 173 172 166 169 175 171 168
 170  30]","[ 29  29 181 181 180 180 182 182 181 183 185 186 184 182 182 183 182 183
 183 183 183 183 184 185 185 185 185 185 185 185 185 186 187 187 188 188
 188 188 187 187 186 186 186 187 187 187 187 187 187 187 186 186 186 187
 187 187 187 187 187 187 186 186 186 186 186 187 187 188 185 187 163  79
  67  67  66  67  67  71  75  75  82  83  89  91 100 144 188 185 183 185
 187 188 188 187 186 187 187 186 186 185 185 185 186 187 186 185 185 185
 186 186 186 185 185 184 184 183 183 182 182 181 182 182 182 182 182 181
 180 180 180 180 180 180 180 180 179 179 179 178 178 179 179 179 178 176
 178 178 178 178 178 178 178 177 175 176 176 175 175 176 175 174 175 174
 174 174 175 175 174 172 174 174 175 175 174 174 173 173 173 175 175 173
 173 174 175 175 172 173 173 174 174 173 173 173 172 175 170 172 173 172
 173  27]","[ 29  30 182 182 181 181 182 182 182 182 183 183 184 184 183 182 182 183
 183 183 183 185 186 186 184 186 186 186 185 184 185 186 187 187 188 188
 188 187 187 187 187 186 185 185 186 187 187 187 187 187 187 186 186 187
 187 188 188 187 186 187 187 190 185 183 181 186 190 184 184 189 137  76
  67  65  62  61  64  71  76  78  80  82  87  90  95 149 188 185 184 185
 186 186 187 187 187 187 188 187 187 187 187 187 186 186 186 186 185 185
 186 187 186 185 185 185 185 184 183 182 182 183 182 184 185 185 184 183
 182 180 181 180 180 180 180 180 180 180 179 179 180 179 178 178 178 178
 178 178 179 179 179 178 177 177 177 178 177 176 175 176 176 177 175 175
 175 175 176 176 175 175 175 175 175 175 175 175 175 175 176 175 174 173
 173 174 174 174 174 174 175 175 175 175 174 174 175 174 174 174 173 171
 173  28]","[ 29  30 182 182 182 181 182 182 183 182 182 182 183 183 182 181 182 182
 182 183 184 185 186 186 185 185 185 185 185 185 185 185 186 187 188 188
 188 187 187 187 188 187 186 186 186 187 188 188 187 187 187 187 187 187
 187 187 190 187 188 189 185 186 189 193 194 199 200 195 198 184 121  66
  69  65  61  61  66  72  76  77  79  83  87  90  99 154 188 186 185 185
 186 186 186 186 186 186 186 186 186 186 186 186 186 186 186 186 185 185
 186 187 187 186 186 185 185 185 184 183 182 182 184 185 186 185 184 184
 183 182 182 181 181 181 181 181 181 180 179 179 180 180 179 179 179 179
 179 179 180 180 179 178 177 177 177 178 178 177 177 177 178 178 178 178
 177 178 178 178 177 177 177 176 175 175 176 177 176 175 177 176 174 174
 174 174 174 174 174 174 175 175 175 175 175 174 175 174 175 174 173 171
 173  28]","[ 29  29 182 182 182 181 182 182 183 182 182 182 182 182 182 181 181 182
 182 182 184 185 186 185 185 184 184 184 185 185 184 183 184 186 188 188
 187 187 187 187 187 187 186 186 186 187 187 187 187 187 187 188 188 188
 187 187 186 185 188 187 187 191 198 198 203 200 200 196 195 169 112  68
  67  63  60  61  65  69  74  77  79  84  87  89 104 161 189 186 186 186
 186 186 186 186 186 186 186 186 186 186 187 187 186 186 185 185 184 184
 185 186 186 185 186 185 184 185 186 185 183 182 184 185 185 184 183 183
 184 184 182 182 181 181 181 181 181 181 180 180 181 181 181 181 181 181
 181 181 181 180 180 179 178 178 177 179 180 179 179 179 179 179 180 180
 179 179 180 179 179 178 179 177 176 176 178 179 177 176 177 176 175 174
 174 174 174 174 174 174 174 174 175 175 175 175 176 175 175 174 173 172
 173  28]","[ 29  29 182 182 181 181 182 183 183 182 182 182 182 182 181 181 182 182
 182 182 184 185 185 184 185 184 183 183 184 184 183 182 183 185 187 188
 187 187 187 188 186 186 186 186 186 186 187 187 187 187 187 187 187 187
 187 187 186 188 186 185 190 188 174 152 136 116 114 117 126 123 100  70
  63  61  60  62  64  66  72  77  80  86  87  87 109 167 189 186 186 186
 185 185 185 185 186 186 187 186 186 186 186 186 185 185 185 184 184 183
 184 185 185 185 185 184 184 185 186 184 183 183 183 184 184 183 182 183
 184 184 183 182 182 182 182 183 182 182 181 182 182 182 183 182 182 182
 183 183 182 182 181 180 180 180 179 181 181 181 180 180 180 179 180 180
 180 180 180 180 179 179 181 179 178 178 179 179 178 177 178 177 176 176
 176 176 176 176 174 174 174 174 175 175 175 175 176 175 175 175 175 174
 174  28]","[ 29  29 181 181 181 181 183 183 183 183 183 183 183 182 182 181 183 183
 183 183 184 185 185 184 183 183 183 182 182 182 182 182 183 184 186 187
 187 187 187 188 186 186 186 186 186 186 187 187 187 187 187 186 186 186
 186 187 188 187 182 185 181 153 117  89  85  79  83  81  82  85  87  78
  61  59  58  61  64  66  71  76  80  84  85  84 111 172 188 186 185 185
 185 185 185 186 186 186 186 185 185 185 185 185 185 184 186 185 184 183
 183 185 185 185 183 183 184 185 185 183 183 183 183 184 184 183 182 183
 184 184 183 182 182 183 183 184 184 183 182 182 182 183 183 183 182 182
 183 182 182 182 181 181 181 181 181 182 182 181 181 181 181 181 180 180
 180 180 180 180 180 180 181 180 180 180 180 180 179 179 180 179 179 179
 179 179 179 179 176 176 176 175 175 175 174 174 175 175 176 176 177 176
 175  28]","[ 29  29 181 181 181 181 183 183 183 183 184 184 183 182 182 182 184 184
 185 184 184 185 184 184 182 183 183 182 182 181 182 183 183 184 185 186
 186 187 187 187 186 186 186 186 186 187 187 188 187 187 186 186 186 185
 186 186 185 183 182 187 153 103  73  68  65  68  68  67  75  77  73  66
  63  58  56  58  64  69  71  73  78  81  84  83 114 176 188 186 185 185
 185 186 186 186 186 186 185 185 185 185 185 186 186 185 186 186 184 183
 183 184 185 185 182 183 184 185 184 183 183 184 183 183 183 182 182 182
 183 183 182 182 182 182 183 183 182 182 181 181 181 182 182 182 182 181
 181 181 181 181 181 181 181 181 180 181 181 181 181 182 182 183 181 181
 181 181 181 181 182 182 180 180 180 180 181 181 181 181 181 180 180 180
 181 181 180 180 179 179 179 178 177 176 175 174 176 176 177 178 179 178
 176  28]","[ 29  30 182 182 182 181 183 183 183 184 184 183 183 182 182 183 182 184
 185 184 183 183 184 184 183 183 183 182 182 182 182 183 183 183 183 184
 185 186 186 186 186 185 184 185 186 187 188 188 187 186 186 186 185 185
 185 184 186 184 187 185 120  71  62  69  64  67  64  64  67  71  70  70
  65  61  57  57  63  69  72  73  78  79  85  86 117 180 189 185 186 186
 186 186 186 186 186 185 186 185 185 185 185 186 186 186 185 185 184 184
 183 184 185 185 183 183 184 185 185 184 184 184 183 183 183 182 181 182
 182 182 182 182 182 182 182 182 181 180 181 180 181 181 182 182 182 182
 181 181 181 181 181 181 180 180 180 181 181 181 181 182 182 182 182 182
 182 182 181 181 182 182 181 180 180 181 182 182 182 182 181 180 180 180
 181 180 179 179 181 181 181 180 179 178 177 176 178 178 179 179 180 179
 177  29]","[ 28  30 183 183 183 182 182 182 183 184 183 183 182 182 183 183 181 183
 184 183 182 182 182 183 183 183 182 182 182 183 183 183 183 182 182 183
 185 186 186 185 185 184 183 183 185 186 187 187 186 186 186 186 186 185
 184 184 183 182 186 178 103  68  68  65  63  59  60  68  64  67  68  63
  66  64  62  59  61  67  73  76  80  79  88  90 121 182 189 185 186 186
 187 187 186 186 185 185 187 186 184 184 184 185 185 186 185 185 186 185
 185 186 186 185 184 184 183 185 185 185 185 184 184 185 184 182 182 182
 183 183 184 184 183 183 183 182 181 180 181 180 181 182 183 183 183 183
 181 181 181 181 181 181 180 180 180 181 181 181 181 181 181 181 182 182
 182 181 181 180 181 181 182 181 180 181 182 183 183 181 181 181 181 181
 181 180 179 178 180 181 181 182 181 181 180 179 179 180 180 179 180 180
 178  29]","[ 29  29 184 183 182 182 182 183 185 184 183 182 182 182 182 183 182 182
 181 181 182 183 182 181 181 182 183 183 183 184 184 183 183 183 183 184
 185 186 186 187 183 183 183 184 185 185 186 186 186 186 185 184 183 183
 183 184 184 182 190 180 109  65  61  65  64  62  61  61  63  65  66  66
  67  66  64  63  64  67  73  80  80  83  87  91 120 180 186 186 186 187
 188 187 187 186 187 187 187 186 185 185 185 186 186 185 186 185 185 186
 186 186 186 185 185 184 185 186 186 186 186 185 187 186 185 184 183 183
 183 183 184 185 185 184 184 184 183 183 183 183 183 183 183 183 182 182
 182 181 180 180 181 181 181 181 181 181 181 181 182 182 183 183 181 181
 181 181 181 181 182 182 182 182 181 181 181 181 182 182 180 181 181 181
 180 180 180 180 181 182 183 182 181 181 180 180 179 180 179 180 180 180
 180  28]","[ 29  29 184 183 182 182 182 183 184 183 183 182 182 182 182 182 182 182
 181 181 182 183 183 182 182 183 184 184 184 185 185 185 183 183 183 183
 184 185 185 185 182 182 183 184 185 185 186 186 185 185 184 184 183 183
 183 183 185 183 181 184 122  74  67  67  64  62  61  60  62  64  65  65
  66  66  65  64  65  66  71  78  81  82  89  92 120 180 189 187 186 187
 187 187 187 186 187 187 187 187 186 185 185 185 185 186 186 186 186 186
 186 186 185 185 184 183 183 184 185 186 186 186 187 186 185 184 183 183
 183 183 185 186 186 186 186 186 186 185 183 183 182 183 183 183 183 183
 183 182 182 182 182 182 181 181 181 181 182 182 182 183 183 182 181 181
 181 181 181 181 181 180 180 180 180 180 180 180 181 181 181 181 182 182
 181 180 180 180 179 181 182 182 182 182 182 181 181 181 180 181 181 181
 181  29]","[ 29  29 184 183 182 182 182 183 183 183 182 182 183 183 182 182 182 182
 181 181 181 182 183 183 182 183 184 184 185 186 186 185 183 183 182 183
 183 183 183 183 181 182 183 184 184 185 185 186 184 184 184 184 183 183
 183 183 183 183 178 188 147  88  68  66  64  62  60  59  60  62  64  65
  65  66  66  65  64  65  69  75  80  82  89  91 121 180 190 186 187 187
 187 187 187 187 187 187 187 187 187 186 185 185 185 186 187 187 186 186
 187 187 186 186 185 184 184 184 185 186 187 188 187 187 186 185 185 185
 185 185 186 186 187 187 187 187 187 186 185 184 183 183 184 184 185 185
 184 184 184 184 184 183 182 181 181 181 181 182 183 183 182 182 182 182
 183 183 182 181 181 180 181 180 180 180 180 180 180 180 180 181 181 181
 180 179 178 178 178 180 181 181 181 182 182 182 182 182 181 182 182 181
 181  29]","[ 29  29 183 183 182 182 181 182 183 182 182 182 183 183 182 182 181 182
 182 181 181 182 182 182 181 182 183 183 184 185 185 184 183 183 182 182
 182 182 182 181 181 182 183 184 183 183 184 185 185 185 186 185 184 183
 182 182 182 182 181 187 171 109  68  67  62  61  59  58  58  60  62  64
  65  66  66  65  65  64  66  71  77  83  88  91 130 182 189 186 188 188
 187 187 187 187 187 187 187 187 187 187 186 186 186 186 187 186 186 187
 187 188 187 187 187 186 185 185 186 186 187 188 187 187 186 186 186 186
 186 187 186 186 187 186 186 186 186 185 185 185 184 183 184 184 185 185
 184 185 185 186 185 184 183 182 181 181 181 183 184 184 183 182 183 183
 184 184 184 183 182 181 182 182 182 181 181 180 180 179 179 180 180 180
 180 178 177 177 179 179 180 179 180 181 181 181 181 182 181 181 181 181
 180  28]","[ 29  29 183 183 182 182 181 182 182 182 182 183 183 183 183 182 182 183
 184 183 182 182 182 182 181 182 183 183 184 185 185 184 184 183 182 182
 182 182 181 181 180 181 182 183 182 182 183 184 186 186 187 186 185 184
 184 184 184 182 183 183 183 138  72  69  61  61  59  58  57  58  59  61
  65  66  66  68  69  67  66  68  73  84  86  91 145 189 187 187 188 188
 187 187 187 187 187 187 188 187 187 187 187 188 187 187 186 186 186 186
 187 187 187 187 187 186 185 186 186 186 186 187 187 186 186 185 185 185
 185 185 186 186 187 186 186 186 186 186 185 184 184 183 184 183 183 183
 184 184 185 185 185 184 183 182 182 182 182 184 185 185 184 183 182 183
 184 185 184 183 182 182 183 183 182 182 181 181 180 180 180 181 181 181
 181 180 179 178 180 179 179 178 178 180 181 181 181 181 180 181 181 181
 181  29]","[ 29  29 183 183 182 182 181 182 182 182 183 183 183 183 183 183 183 184
 185 184 183 183 183 183 183 183 183 184 185 186 185 183 183 183 182 182
 182 182 181 181 180 181 181 182 182 183 184 185 186 187 187 187 186 186
 186 186 186 184 183 183 187 166  88  65  63  63  62  60  58  57  59  60
  64  66  68  71  73  71  68  68  71  83  84  94 158 193 186 188 188 188
 187 187 186 186 187 187 188 187 187 187 188 189 188 187 188 187 187 187
 187 187 187 187 187 186 186 187 188 187 187 188 188 187 187 186 185 185
 184 184 185 186 186 186 186 187 187 187 186 185 185 185 184 184 183 182
 182 183 184 184 184 183 183 182 184 184 184 185 186 186 185 184 183 184
 185 186 185 184 183 183 183 183 183 183 183 182 182 182 181 181 181 182
 182 182 181 180 180 179 178 177 178 180 181 182 181 181 181 182 182 182
 181  30]","[ 29  29 183 182 182 182 181 181 181 182 183 183 182 182 183 183 183 184
 184 184 184 184 184 183 185 185 185 185 186 186 185 183 183 182 182 182
 182 182 182 181 181 181 181 181 182 183 185 186 186 187 187 187 186 186
 186 187 186 185 185 184 189 184 125  73  64  65  64  62  59  58  60  62
  65  67  68  72  74  73  72  74  74  81  84  99 167 195 185 187 188 188
 188 187 186 186 186 187 187 187 187 188 188 188 188 187 188 188 187 188
 188 188 188 188 188 187 187 188 188 188 188 188 188 188 187 186 186 185
 185 185 184 185 185 185 185 186 187 186 187 186 186 186 185 185 184 183
 182 183 183 183 183 183 184 184 185 185 185 185 186 185 185 184 184 185
 186 186 185 183 183 183 183 183 183 183 183 183 183 183 180 180 180 181
 182 182 182 181 181 180 179 179 179 181 182 182 182 182 181 182 182 182
 181  30]","[ 29  29 183 182 182 182 181 181 181 182 183 183 182 182 182 183 182 183
 183 182 183 183 184 184 185 185 185 185 186 186 185 183 182 182 182 182
 182 182 182 181 183 182 181 181 182 184 185 187 187 187 187 187 186 186
 186 186 187 185 188 181 189 190 164  94  63  64  64  62  59  58  60  63
  66  67  68  69  72  73  76  80  79  81  85 104 170 195 187 187 187 188
 188 187 185 185 186 187 187 188 188 188 187 187 187 187 188 187 187 187
 188 188 189 188 189 188 187 187 187 187 187 187 187 187 186 186 186 186
 186 186 185 186 186 185 186 186 186 186 187 186 186 186 185 185 184 183
 183 183 184 183 183 184 185 186 185 185 185 185 185 184 184 184 184 185
 186 185 183 182 182 182 182 182 182 182 182 182 182 181 180 180 180 181
 182 183 183 182 182 182 181 180 181 182 182 182 182 182 181 182 182 182
 181  29]","[ 29  28 183 182 182 182 181 181 182 182 182 182 182 182 183 183 185 185
 185 184 184 184 183 183 184 183 184 186 187 186 184 183 183 182 181 182
 183 183 182 181 180 180 181 181 182 185 186 187 186 187 187 187 186 186
 187 187 188 186 188 183 188 188 185 128  69  71  63  64  64  60  64  63
  66  67  68  68  70  75  80  82  84  82  87 107 180 191 186 188 186 187
 187 186 185 185 186 188 189 188 187 187 187 188 189 189 189 189 189 188
 188 188 188 188 188 187 187 187 187 187 187 187 188 187 187 187 187 187
 187 187 186 186 185 185 185 186 186 186 187 187 187 186 186 185 185 184
 186 186 186 186 186 186 185 185 184 185 186 186 186 185 184 183 185 184
 183 184 184 183 183 184 183 183 183 184 184 183 184 185 182 182 183 184
 183 182 182 183 185 184 183 181 181 181 182 183 184 185 184 184 182 183
 183  29]","[ 29  29 183 183 183 183 182 182 182 182 182 182 182 182 183 184 186 185
 184 183 183 183 183 183 183 183 184 185 185 184 183 182 183 182 182 182
 183 183 182 181 179 180 180 181 183 185 186 186 187 187 187 186 185 185
 186 186 187 186 189 185 187 188 191 158  86  66  67  66  66  65  64  65
  64  66  67  69  71  75  80  84  87  89  87 112 182 191 187 189 187 187
 187 186 186 186 187 187 188 188 188 187 188 188 188 188 188 189 188 188
 188 188 188 188 188 187 187 187 187 187 187 187 188 188 187 187 187 187
 187 187 187 187 186 186 186 186 187 187 187 187 187 186 186 186 186 185
 185 186 186 186 186 186 185 185 185 185 186 186 186 185 184 184 185 183
 182 182 183 182 182 182 182 182 182 183 183 182 183 184 183 183 183 184
 184 183 182 182 183 183 182 182 181 181 182 183 183 183 183 184 183 184
 183  28]","[ 29  29 183 183 183 183 182 182 182 182 183 183 183 183 184 185 186 185
 184 183 183 184 184 184 182 183 185 185 184 182 182 183 183 183 182 182
 182 183 183 182 180 180 181 181 183 185 185 185 185 185 185 185 185 185
 185 186 185 186 188 185 185 186 193 184 131  71  72  68  62  63  63  64
  65  66  69  71  72  73  78  83  90  97  90 117 182 189 186 188 188 187
 187 187 187 187 187 188 187 187 187 188 188 187 187 187 187 188 188 188
 188 188 188 188 187 187 187 187 187 187 187 187 188 188 187 187 187 187
 187 187 187 187 187 187 187 187 187 187 187 187 187 187 187 187 187 186
 186 186 186 186 186 186 186 185 187 187 187 186 186 186 186 186 185 184
 182 183 183 183 182 182 182 182 182 183 183 183 184 185 185 184 183 184
 184 184 182 182 182 183 183 183 183 183 183 183 183 183 184 185 186 186
 184  29]","[ 29  28 183 182 182 182 181 182 182 183 184 184 185 185 185 185 185 185
 184 183 184 185 185 185 183 185 186 185 184 184 184 184 183 182 182 182
 182 183 183 183 182 181 181 182 183 184 184 183 184 184 184 184 184 185
 186 187 186 186 186 185 186 186 186 190 163  83  70  74  66  63  65  62
  66  67  70  73  74  74  76  81  89 101  98 118 179 188 186 187 187 187
 187 187 187 187 188 188 187 187 188 188 188 188 187 187 187 188 188 188
 188 188 188 188 187 187 187 187 187 187 187 187 188 188 188 188 188 187
 187 187 187 187 187 187 187 187 187 187 187 188 188 187 187 187 187 187
 187 187 187 187 187 187 187 187 187 187 187 187 187 187 186 186 187 185
 184 185 185 185 184 182 183 183 183 185 185 185 185 186 186 185 184 185
 184 183 182 182 184 184 185 185 185 184 184 184 185 185 186 187 187 187
 184  30]","[ 29  28 182 181 181 182 181 182 182 183 185 186 186 186 185 184 183 183
 183 183 184 185 185 186 185 186 186 185 185 186 186 185 184 183 182 182
 182 183 183 183 182 182 182 182 183 184 184 182 183 183 183 183 184 186
 187 188 187 188 186 186 188 187 181 186 181 117  73  68  67  65  66  63
  65  66  69  73  75  75  77  80  84  98 108 119 178 189 188 188 188 187
 187 187 187 187 187 187 188 188 188 188 188 188 188 188 187 188 188 188
 188 188 188 188 186 187 187 187 187 187 187 187 188 188 188 188 188 187
 187 187 187 187 187 187 187 187 187 187 188 188 188 187 187 187 187 187
 187 187 187 187 187 187 187 187 186 186 186 186 186 186 186 185 186 186
 185 186 187 187 184 182 183 183 184 186 186 186 185 185 186 185 185 185
 184 183 183 183 184 185 186 186 186 185 185 184 185 186 187 187 185 185
 184  29]","[ 30  29 183 182 182 183 182 183 183 183 185 186 187 186 185 184 182 182
 183 184 185 186 186 186 185 185 185 184 185 186 186 185 184 183 183 183
 183 183 183 183 182 182 182 182 183 184 184 184 183 183 183 183 184 185
 186 187 186 188 187 186 187 186 182 186 192 164  95  62  67  66  63  65
  65  66  68  71  73  73  74  76  77  91 111 123 179 188 189 188 188 188
 188 187 186 186 186 186 187 187 187 187 187 187 187 187 187 188 188 188
 188 188 188 187 186 186 186 187 187 187 187 187 188 188 188 188 188 187
 187 187 187 187 187 187 187 187 187 187 188 188 188 187 187 187 187 187
 187 187 187 187 187 187 187 187 186 186 186 186 186 186 186 186 185 185
 185 186 186 186 184 182 182 182 183 185 186 185 184 184 186 186 186 186
 185 183 183 184 183 184 185 185 185 185 185 186 186 187 187 187 184 184
 184  29]","[ 29  29 183 183 183 183 182 183 183 183 184 185 185 185 184 183 182 182
 183 185 186 187 187 186 185 185 184 183 183 185 185 183 182 183 183 183
 183 184 184 184 182 182 182 182 183 184 184 184 184 184 183 183 184 185
 186 186 186 186 186 186 186 184 186 186 186 185 129  74  71  69  63  63
  65  66  67  67  68  69  71  72  74  85 107 133 183 186 187 187 188 188
 188 187 186 186 187 188 187 187 187 187 187 187 187 187 187 188 188 187
 187 188 187 187 185 186 186 187 187 187 187 187 188 188 188 188 187 187
 187 187 187 187 187 187 187 187 188 188 187 188 187 187 187 188 188 188
 188 188 187 187 187 187 187 187 187 187 187 186 186 186 187 187 185 185
 186 185 186 187 185 184 184 183 183 185 185 185 185 185 186 186 186 186
 186 185 185 185 184 184 185 185 185 185 186 187 186 187 187 187 186 186
 184  30]","[ 28  28 183 183 183 184 182 182 183 183 183 184 184 184 183 182 182 182
 183 184 185 186 186 186 184 185 185 182 182 183 184 183 181 181 182 183
 184 185 185 185 183 183 183 182 182 183 184 184 185 184 183 183 184 185
 186 186 189 185 185 186 186 184 189 185 187 188 151  85  67  66  65  62
  62  64  65  64  64  66  70  73  75  83 103 143 188 184 186 186 187 187
 187 187 186 187 188 190 188 188 188 188 188 188 188 187 187 188 188 187
 187 187 187 186 185 185 186 187 187 187 187 187 188 188 189 188 187 187
 187 187 186 186 186 187 187 187 187 187 187 187 187 187 187 188 189 188
 189 188 188 188 188 188 188 188 187 187 186 185 185 186 187 187 186 187
 187 186 186 187 187 186 186 185 184 185 186 186 186 186 187 186 186 186
 187 186 186 185 185 185 185 185 185 185 186 187 186 186 186 187 187 187
 185  30]","[ 29  29 183 182 182 183 181 182 183 182 182 182 183 184 183 182 183 184
 184 183 183 185 185 185 187 186 184 183 182 182 182 182 180 181 182 183
 185 186 186 185 182 183 183 182 182 184 186 186 185 184 183 183 184 185
 186 186 186 186 186 186 186 186 187 186 184 190 153  82  76  70  65  59
  59  58  60  63  64  65  68  72  72  78  87 125 183 189 187 185 188 187
 186 186 187 187 187 187 188 188 187 187 188 188 188 188 188 187 187 187
 187 187 187 186 186 186 186 187 187 188 187 187 187 187 187 187 187 187
 186 186 184 185 187 187 187 187 187 187 187 187 187 187 187 187 188 189
 189 189 189 188 188 188 187 187 186 187 186 186 186 187 187 187 186 186
 187 187 188 188 187 186 186 186 186 186 186 186 186 185 186 186 187 186
 186 186 186 186 186 186 186 186 185 185 186 186 185 186 186 187 187 187
 185  29]","[ 29  29 183 182 182 182 181 181 182 181 181 182 183 184 183 182 182 183
 184 183 183 184 184 183 184 184 184 183 182 181 182 182 181 181 182 183
 184 185 186 186 186 186 184 182 183 184 184 183 185 185 185 185 185 185
 186 186 187 187 187 186 185 186 186 185 185 189 148  80  75  66  64  61
  59  58  60  62  64  64  67  71  75  80  81 109 162 189 189 188 188 188
 188 187 188 188 189 189 188 188 187 187 188 188 188 188 188 188 188 188
 189 188 187 187 186 186 187 188 188 188 188 187 187 187 187 187 187 187
 187 186 186 186 187 187 187 187 187 187 188 188 188 188 188 188 189 189
 189 189 189 189 188 188 187 187 187 187 187 186 186 187 187 187 187 186
 187 187 188 188 187 186 187 186 186 186 186 186 186 185 186 186 186 186
 185 185 185 186 187 187 187 186 185 185 185 186 186 186 186 187 187 188
 185  29]","[ 29  29 183 182 182 182 180 181 181 181 181 182 183 184 183 183 182 183
 183 183 183 183 183 182 182 183 184 183 181 180 181 182 182 182 182 182
 182 183 185 186 186 185 183 182 183 184 184 183 185 186 186 186 185 185
 186 186 188 188 187 186 185 185 184 184 186 186 134  76  76  65  65  63
  60  59  60  62  63  64  66  70  73  80  78  95 136 183 189 187 187 189
 189 188 188 190 190 190 189 188 188 188 188 189 189 188 188 188 188 189
 189 188 187 186 187 187 188 189 189 189 188 187 186 187 187 187 187 187
 187 187 187 188 188 188 187 187 187 187 188 188 188 188 188 188 189 189
 190 190 190 189 188 188 187 187 187 187 187 187 187 187 188 187 187 187
 187 187 187 187 187 187 187 187 186 186 186 186 186 185 186 186 186 186
 185 185 185 185 186 187 187 186 186 185 185 185 185 186 186 187 187 188
 185  29]","[ 29  29 182 182 182 182 181 181 182 181 182 182 183 184 183 183 183 183
 183 182 182 182 182 181 182 182 183 182 181 181 181 181 181 181 181 181
 181 182 183 185 184 184 183 184 185 185 185 184 185 186 186 186 186 186
 186 186 186 187 187 186 185 184 184 183 186 183 117  73  75  71  68  64
  62  61  61  63  64  64  67  70  72  79  80  89 113 166 189 187 187 188
 189 188 188 190 190 190 189 189 188 188 188 189 189 189 188 188 188 188
 189 188 187 186 187 187 188 189 189 189 188 187 186 186 187 187 187 187
 187 188 189 189 189 189 188 188 188 188 188 188 188 188 187 188 188 189
 190 190 189 189 188 188 187 187 187 188 187 187 187 187 188 187 187 187
 187 187 187 187 187 188 188 187 187 187 186 186 186 186 186 186 186 186
 186 185 185 185 185 186 186 186 186 186 185 185 185 186 186 187 187 188
 185  29]","[ 29  28 182 182 182 182 181 182 182 182 183 183 184 184 183 183 183 183
 183 182 182 182 182 182 182 181 181 182 182 183 182 181 182 182 182 182
 181 182 183 184 184 185 186 186 185 184 184 184 185 185 185 186 186 187
 186 186 185 186 186 186 186 185 184 183 185 180 106  72  72  74  69  65
  65  64  64  65  66  67  70  72  75  80  83  87  95 139 186 193 187 188
 188 187 188 190 190 190 190 189 188 188 189 189 189 189 189 189 188 188
 188 188 188 187 187 187 187 188 188 189 188 187 187 187 187 187 187 188
 189 190 190 190 190 189 189 188 189 189 190 189 189 188 187 188 189 190
 189 189 189 188 188 188 188 188 187 187 187 187 187 187 187 187 188 188
 188 187 187 188 188 188 188 188 188 187 187 186 186 186 186 186 186 186
 186 186 186 186 186 186 186 187 186 186 185 185 186 186 187 187 187 188
 185  29]","[ 29  28 182 181 181 182 182 182 183 183 183 183 183 183 183 183 183 183
 183 183 183 182 182 183 182 181 181 182 183 184 184 183 182 183 183 183
 183 183 183 183 183 184 185 186 185 183 183 184 185 184 184 185 186 186
 186 185 185 186 187 187 186 186 185 183 185 178 103  74  67  71  68  67
  66  65  65  66  68  70  72  75  75  78  84  88  88 114 171 194 190 189
 188 188 188 189 190 190 190 189 189 188 189 189 189 188 189 189 188 188
 188 188 188 187 187 187 187 188 188 188 188 187 187 186 185 185 186 188
 189 190 190 191 190 190 189 189 189 189 190 189 189 188 187 187 188 189
 189 189 188 188 188 188 188 188 187 187 187 187 187 187 187 187 188 188
 188 188 188 188 188 189 188 188 188 188 187 186 186 187 186 186 186 186
 187 187 187 187 186 186 186 186 186 185 184 184 187 187 187 188 188 188
 186  30]","[ 29  29 182 181 181 182 181 182 182 182 183 183 183 183 182 182 183 182
 183 185 185 183 182 183 182 182 182 182 183 184 184 184 183 183 183 183
 183 183 183 183 183 183 184 185 185 184 184 185 185 185 185 185 185 185
 185 185 185 186 186 185 185 185 184 183 187 171 100  73  66  67  67  68
  67  66  66  66  67  69  71  73  73  75  80  85  86  98 146 187 192 189
 187 188 189 189 189 191 190 189 189 188 189 189 189 188 189 188 188 188
 188 188 188 187 187 187 188 188 189 189 188 187 187 185 183 183 185 187
 189 190 190 190 190 190 190 189 189 190 189 189 189 188 187 187 188 188
 189 189 188 188 188 187 187 187 187 187 187 187 187 187 187 187 187 188
 188 188 188 188 188 188 188 188 188 188 187 187 187 187 187 187 187 187
 187 187 187 187 187 187 186 186 186 186 185 184 187 188 188 188 188 188
 185  29]","[ 30  29 182 181 181 181 180 181 181 181 182 182 182 182 182 182 182 182
 183 186 186 184 182 182 184 183 183 183 183 183 183 184 183 183 182 182
 182 183 183 183 186 185 185 186 186 185 185 185 185 185 186 185 184 184
 185 185 186 186 185 184 183 183 182 181 189 164  96  70  67  65  68  69
  68  67  65  65  65  67  68  70  73  73  75  79  84  90 126 181 194 189
 186 188 189 188 188 191 190 189 189 188 189 189 188 188 189 189 189 189
 190 189 188 188 188 188 188 189 190 189 188 188 187 185 182 182 185 188
 189 190 189 190 190 190 190 190 190 190 189 189 190 189 189 188 188 188
 190 189 189 188 188 187 187 187 187 188 188 187 187 187 187 187 187 188
 189 189 188 188 188 188 188 188 188 188 187 187 187 187 188 187 187 187
 187 187 187 186 189 188 187 187 188 188 188 187 187 187 187 188 187 188
 185  29]","[ 29  30 182 182 182 181 181 181 180 181 182 181 181 182 182 181 182 182
 183 183 183 183 183 183 182 183 183 184 184 184 184 184 184 183 183 183
 184 184 183 182 183 184 184 185 185 185 185 185 185 185 185 185 183 183
 183 184 184 183 182 183 183 182 181 180 183 160  87  75  69  63  68  67
  68  66  65  66  66  65  67  70  71  76  75  79  84  86 103 160 191 188
 190 188 188 189 187 189 191 191 190 189 189 189 189 189 189 190 190 189
 189 189 189 188 188 188 189 189 189 188 188 187 187 187 187 187 187 187
 189 190 190 190 190 189 190 190 190 190 190 190 190 189 189 188 188 188
 189 188 188 188 188 188 187 187 187 187 188 188 188 188 188 188 188 189
 189 188 188 188 188 188 188 189 189 189 188 188 188 188 187 188 188 188
 187 187 187 187 187 187 187 187 187 187 187 187 187 187 187 188 188 188
 186  30]","[ 29  30 182 182 182 181 182 181 181 182 182 182 182 182 182 181 181 182
 182 182 182 182 183 183 183 183 183 184 184 184 184 184 183 183 183 183
 183 184 184 183 182 182 183 184 185 186 186 186 184 185 185 185 184 183
 184 184 183 183 183 183 183 182 182 182 186 154  88  73  69  64  67  68
  69  66  65  65  64  64  65  67  71  74  72  74  80  83  91 131 188 191
 188 188 188 189 189 189 190 190 189 189 189 189 189 189 189 190 190 189
 189 189 189 188 188 188 188 189 188 188 188 187 187 187 187 187 187 188
 189 190 190 190 189 189 189 190 190 190 190 190 189 189 189 188 188 187
 188 188 188 188 188 188 188 187 188 188 188 187 188 188 188 188 187 188
 188 188 188 188 188 188 187 188 188 188 188 187 187 188 187 188 188 188
 187 187 187 187 187 187 187 187 187 187 187 187 187 187 187 188 187 188
 185  29]","[ 29  29 181 182 182 181 182 181 182 182 181 181 182 182 182 181 180 181
 181 181 181 182 183 183 183 183 183 183 183 183 183 183 183 183 184 184
 184 184 185 185 184 183 183 184 185 185 185 185 184 185 186 186 185 184
 184 184 183 183 184 184 182 181 182 183 186 141  85  69  68  63  66  69
  70  67  64  64  64  64  64  65  69  73  73  75  80  85  89 112 169 191
 185 186 187 189 190 190 189 189 189 189 189 189 189 190 189 190 190 189
 189 189 189 188 188 188 188 188 188 188 187 187 188 188 187 187 187 188
 189 190 190 190 189 188 188 190 190 190 190 190 189 189 189 188 187 187
 187 187 188 188 188 188 188 188 188 188 188 187 187 188 188 189 188 188
 188 188 188 188 188 188 187 188 189 189 188 188 188 188 187 187 187 187
 187 187 187 187 188 188 188 187 187 187 187 187 187 187 187 188 187 188
 185  29]","[ 29  29 181 181 181 181 182 182 181 181 180 180 181 182 181 180 180 180
 181 181 181 181 182 182 182 182 182 182 182 182 182 182 183 183 184 184
 184 184 185 186 186 185 183 183 184 184 184 183 184 185 186 186 184 183
 183 183 183 183 183 183 181 180 180 182 186 131  79  68  65  61  65  66
  69  67  65  64  64  64  64  65  64  69  73  74  78  83  89 105 144 194
 191 188 189 189 188 188 189 189 189 188 188 189 189 189 189 190 190 189
 189 190 189 189 188 187 187 187 187 187 187 187 188 188 188 187 187 187
 188 189 189 189 188 188 188 189 190 189 190 190 190 189 189 188 187 187
 187 188 189 189 189 188 188 188 188 188 188 187 187 188 188 188 189 189
 189 189 188 188 188 188 188 189 189 189 189 188 188 188 187 187 187 187
 187 188 187 187 187 188 188 188 188 188 187 187 187 187 187 187 187 188
 185  30]","[ 29  29 180 181 181 181 182 182 182 181 180 180 181 182 181 180 180 180
 181 181 181 180 180 181 182 182 182 182 183 183 183 183 182 183 183 183
 182 182 183 184 185 183 182 183 185 185 185 184 183 184 185 184 183 182
 182 183 184 183 182 182 181 180 180 181 188 128  74  70  62  57  61  62
  67  66  66  65  64  63  63  64  64  68  73  74  77  79  87  99 115 187
 194 187 188 188 186 189 189 189 189 188 188 189 189 189 189 190 190 189
 189 190 189 189 188 188 187 187 187 187 187 187 187 187 187 187 187 187
 188 188 188 189 188 188 189 189 189 189 190 190 190 190 189 188 188 187
 188 188 189 189 189 188 188 188 187 187 187 188 188 188 188 188 188 189
 189 189 188 188 188 188 189 189 189 189 188 187 187 187 187 187 186 187
 187 188 187 187 187 187 188 188 189 188 188 188 187 187 187 187 187 188
 185  30]","[ 29  29 180 180 181 182 182 182 182 182 181 181 181 182 181 180 180 180
 181 181 181 180 180 180 182 182 182 183 183 184 184 184 182 182 183 182
 181 181 182 184 184 183 182 183 185 186 185 184 183 184 184 184 184 183
 184 185 185 183 181 181 182 182 182 182 184 120  70  69  60  56  58  60
  68  68  67  66  64  63  63  64  68  70  74  76  81  81  87  93  99 170
 191 188 187 188 187 190 189 189 188 188 188 188 189 189 189 190 190 189
 189 190 189 189 188 188 188 188 187 187 187 187 187 187 187 187 187 187
 187 188 188 188 188 188 189 189 189 188 189 189 190 190 189 189 188 188
 188 189 189 189 188 188 188 187 187 187 187 187 188 187 187 187 187 187
 188 188 188 188 188 188 189 189 189 188 188 187 187 188 187 187 187 187
 187 187 187 187 187 187 188 188 189 189 188 188 188 188 187 188 187 187
 184  29]","[ 29  29 180 180 181 182 182 182 182 182 182 181 181 181 181 181 180 180
 181 181 180 180 180 180 182 182 182 182 183 183 183 183 182 182 183 182
 182 182 183 184 184 183 183 184 185 185 184 182 182 183 185 185 184 184
 184 185 185 183 181 181 181 181 181 182 178 109  68  63  59  55  55  60
  71  70  68  66  65  64  65  65  67  69  72  74  81  80  85  89  98 146
 183 192 188 187 187 188 188 188 188 188 188 188 189 189 189 189 190 189
 189 189 189 189 188 188 188 188 188 188 187 187 187 187 187 187 187 187
 187 188 188 188 188 188 188 189 189 189 188 189 189 190 189 189 188 188
 189 188 188 188 188 188 188 188 187 187 187 187 187 187 187 187 186 187
 188 188 188 188 188 188 189 189 188 188 187 187 188 188 188 188 188 187
 187 187 187 187 187 187 188 188 188 188 188 187 188 188 187 187 187 187
 184  29]","[ 29  29 180 180 181 182 182 182 182 182 182 181 180 181 181 180 180 180
 180 180 180 180 180 180 182 182 182 182 182 182 182 182 182 182 182 181
 181 182 183 184 182 182 183 184 185 185 184 183 181 182 184 184 184 183
 183 183 185 183 181 180 180 180 180 181 175 103  70  59  58  54  51  59
  72  70  67  65  64  65  65  65  66  70  73  73  80  80  86  89  87 115
 166 189 186 187 189 186 187 187 187 188 188 189 189 189 189 189 189 189
 189 189 189 189 189 189 189 189 188 188 187 187 187 187 188 188 187 187
 188 188 188 188 188 187 188 189 190 189 188 188 189 189 189 189 188 188
 188 188 187 187 188 188 188 188 187 187 187 187 187 187 187 188 187 188
 189 189 188 188 188 188 188 187 187 186 186 186 187 188 188 188 188 188
 187 187 187 187 187 187 188 188 188 187 187 186 187 187 187 187 187 187
 184  29]","[ 29  29 180 180 181 182 183 182 183 182 181 181 182 182 181 180 179 180
 181 180 179 179 179 180 181 182 183 182 181 182 183 183 183 182 182 182
 182 183 183 183 184 183 183 183 184 185 184 183 183 184 184 184 183 182
 183 183 183 181 181 180 181 180 178 183 171  95  75  64  60  53  52  56
  65  71  71  67  65  66  66  66  67  69  72  74  77  81  85  86  87 100
 143 188 189 186 187 186 187 187 187 187 188 188 189 189 189 188 188 188
 189 189 190 190 190 190 189 188 188 188 187 187 188 187 187 187 188 188
 188 188 188 188 188 187 187 188 188 188 188 188 188 188 189 189 189 188
 188 188 188 188 188 188 188 188 188 188 188 188 188 188 188 188 188 188
 188 188 188 188 188 188 188 188 188 188 187 186 188 190 189 189 189 189
 189 188 188 187 187 187 188 188 188 187 187 187 187 187 187 187 187 187
 184  29]","[ 29  29 180 180 180 181 182 180 181 181 180 181 182 182 181 180 179 180
 181 181 180 179 180 180 181 182 182 182 181 182 183 183 183 182 182 182
 182 183 182 182 183 182 182 183 184 184 184 183 183 184 185 185 184 183
 183 183 183 182 182 181 181 180 179 184 168  92  72  63  61  56  54  56
  65  71  71  67  65  65  65  65  66  68  70  73  76  80  83  85  86  91
 127 180 188 186 187 187 187 187 187 187 187 188 189 189 189 189 188 188
 189 189 190 190 190 189 188 188 188 188 188 187 187 187 187 187 188 189
 188 188 188 188 187 187 187 188 188 188 188 188 188 189 189 189 189 188
 188 188 188 188 188 188 188 188 188 187 187 187 187 187 188 188 189 189
 189 189 189 189 189 189 188 188 188 187 187 187 188 190 189 189 189 189
 189 188 188 188 189 188 188 188 187 187 187 187 187 187 187 187 187 188
 185  29]","[ 29  29 180 180 181 181 182 180 181 180 180 180 181 181 181 180 180 181
 181 181 180 180 180 181 180 181 181 181 181 182 182 182 182 182 182 182
 183 182 182 181 182 182 182 182 182 183 183 183 183 184 185 185 184 183
 182 183 182 182 183 182 182 181 180 186 167  90  71  63  63  59  57  56
  65  70  71  68  66  64  64  65  66  66  68  71  75  78  81  84  88  85
 110 172 189 186 187 187 187 187 187 187 187 188 188 188 189 189 189 189
 189 189 190 190 190 189 188 188 188 189 188 187 187 186 187 188 190 190
 189 188 187 187 187 187 187 187 188 188 188 188 189 189 189 189 188 188
 188 188 188 188 188 188 189 189 189 188 188 188 188 188 189 189 189 189
 189 189 189 189 189 189 188 188 187 187 187 187 188 189 189 189 189 189
 189 188 188 188 189 189 188 187 187 187 187 187 187 187 187 188 188 188
 185  29]","[ 29  29 181 181 182 182 183 181 181 181 180 180 180 180 180 180 180 180
 181 181 180 180 180 181 181 181 181 180 181 182 182 182 182 181 181 182
 182 182 182 182 182 182 182 182 181 181 182 182 182 183 184 184 183 182
 182 181 181 181 183 182 182 181 181 187 165  90  73  66  64  61  60  58
  64  69  70  68  66  64  64  65  65  65  67  71  74  77  80  83  87  84
 102 164 189 186 186 187 187 187 187 187 187 187 188 188 189 189 189 189
 189 189 190 190 189 188 187 188 189 189 188 188 188 188 188 190 192 192
 190 189 187 187 187 186 187 187 188 188 188 189 189 189 189 189 188 188
 188 188 188 188 188 188 188 188 189 189 189 189 189 189 189 190 189 189
 189 189 189 189 189 189 188 187 187 187 187 188 188 189 189 189 189 189
 189 188 188 188 188 188 188 187 187 187 187 188 187 187 188 188 188 188
 185  29]","[ 29  29 181 181 182 182 183 181 181 181 180 179 179 179 180 180 180 180
 180 180 180 180 180 181 181 182 181 181 181 182 182 182 181 181 180 181
 181 182 182 182 182 182 182 181 181 181 181 181 182 182 183 183 182 182
 181 181 181 181 183 182 181 181 181 187 161  89  75  67  63  60  61  60
  61  68  70  68  65  63  63  64  65  65  68  72  75  77  80  81  82  85
 100 154 187 186 186 186 187 187 187 187 187 187 188 188 189 189 189 189
 189 189 190 190 189 189 188 188 189 189 189 188 189 189 189 191 192 192
 190 189 188 187 187 186 187 187 188 188 188 189 189 189 189 189 188 188
 189 189 189 188 188 188 187 187 188 188 188 189 189 189 189 189 188 188
 188 188 188 188 188 188 188 187 187 187 187 187 188 189 188 188 188 188
 188 188 188 188 188 188 188 188 188 187 187 187 187 187 188 188 188 188
 185  29]","[ 29  29 180 180 180 181 181 179 180 180 180 179 178 178 180 181 179 179
 180 180 180 180 180 180 181 181 180 180 180 181 181 181 181 180 180 180
 181 182 182 182 182 182 181 181 181 181 180 180 182 182 182 182 182 181
 181 181 180 180 182 181 181 180 180 186 156  85  74  67  62  60  61  59
  58  67  71  68  64  63  62  63  65  67  70  73  76  78  80  80  78  87
 100 140 184 187 186 187 187 187 187 187 187 187 187 187 188 189 189 189
 189 189 189 190 189 189 188 188 189 189 189 189 189 189 189 190 191 191
 190 188 188 188 187 187 187 187 187 188 188 188 189 189 188 188 188 189
 190 189 189 188 187 187 187 187 187 188 188 189 189 189 189 189 188 188
 187 187 187 187 187 188 188 188 187 187 187 187 187 188 188 188 188 188
 188 188 188 188 188 188 188 188 188 187 187 187 187 187 187 188 188 188
 185  29]","[ 29  29 180 179 179 180 180 179 179 180 180 179 178 178 178 179 179 179
 179 180 180 180 180 180 182 181 180 179 179 180 180 180 180 180 180 180
 181 181 182 182 182 181 180 180 181 181 181 180 181 181 180 180 180 180
 181 181 180 180 182 181 180 180 179 185 153  82  73  67  63  62  62  56
  53  65  71  67  64  63  64  64  66  70  73  73  75  79  81  80  80  90
  99 125 180 187 185 187 187 187 187 187 187 187 187 187 188 189 189 189
 188 188 189 190 189 189 189 189 188 188 188 189 189 188 188 188 189 190
 189 189 190 189 188 187 187 187 187 187 188 188 188 188 188 188 189 189
 189 189 188 188 187 187 187 187 187 188 188 189 189 189 189 189 188 188
 188 187 187 187 188 188 189 188 188 188 187 186 187 188 188 188 188 189
 189 189 189 189 188 188 188 187 187 187 187 187 187 187 187 187 187 188
 185  29]","[ 29  29 179 179 179 180 181 179 179 180 180 180 178 177 177 177 179 179
 179 180 180 180 180 180 183 182 181 180 180 181 181 180 180 180 180 180
 181 181 181 181 181 180 179 180 181 181 181 181 180 179 179 179 179 179
 180 180 181 180 182 181 180 179 178 184 153  82  72  68  65  64  62  54
  49  64  71  67  64  65  65  65  67  71  74  73  75  79  82  80  85  93
  97 114 177 186 182 186 186 186 187 187 187 187 187 187 187 188 189 189
 188 188 189 189 189 189 189 189 188 188 188 189 188 188 188 188 189 189
 190 190 190 190 188 187 187 187 187 187 188 188 188 188 187 188 189 190
 189 189 188 187 187 187 187 187 187 187 187 188 188 189 189 189 189 188
 188 188 188 188 188 188 189 189 189 189 187 186 187 188 188 188 189 189
 189 189 189 189 188 187 187 187 187 187 188 188 187 187 187 187 187 187
 185  29]","[ 29  28 179 179 180 180 180 179 179 179 179 179 178 176 175 175 175 177
 179 179 180 180 180 180 182 181 181 180 180 180 180 180 180 180 180 180
 181 181 181 180 180 179 179 179 180 181 181 180 180 179 179 178 177 178
 179 180 178 179 180 180 177 178 181 178 145  74  74  70  64  64  61  55
  53  60  69  69  64  63  65  64  67  69  71  73  74  76  79  81  88  90
  98 102 161 188 184 186 187 187 187 187 187 187 187 187 187 188 189 189
 188 188 189 190 189 190 190 189 188 188 188 188 188 188 188 188 188 189
 189 190 189 188 187 187 187 187 187 187 188 187 187 187 187 187 188 188
 188 189 189 188 187 187 187 187 187 187 187 188 188 188 188 188 187 187
 188 188 188 188 188 188 189 189 189 188 188 188 188 188 189 188 188 188
 189 189 189 188 188 188 187 187 187 187 187 187 187 187 187 188 188 188
 185  29]","[ 29  28 179 179 180 179 180 179 179 179 179 179 178 176 175 174 174 176
 178 179 180 180 180 180 181 181 180 180 180 180 180 180 180 180 180 180
 181 182 181 180 179 180 180 180 181 181 181 181 182 177 178 181 179 178
 179 175 181 180 174 179 181 176 180 180 138  75  73  66  63  62  59  57
  53  58  66  70  68  67  67  66  66  67  69  71  72  75  79  81  88  90
  97 101 153 187 185 185 187 187 187 187 187 187 187 188 187 188 188 188
 187 187 188 189 190 190 190 190 189 188 188 189 188 188 188 188 188 189
 189 189 189 188 187 187 187 187 187 187 188 187 187 187 187 187 188 188
 188 188 188 188 188 187 187 187 187 187 187 187 188 188 188 188 187 188
 188 188 188 188 188 188 189 189 188 188 188 188 188 188 189 188 188 188
 189 189 189 188 188 188 188 188 187 187 187 188 187 187 187 188 187 188
 184  29]","[ 29  28 179 179 179 179 180 179 179 179 180 180 179 176 174 173 175 177
 178 179 180 180 180 180 180 180 180 180 180 180 180 180 180 181 181 180
 181 182 181 180 179 179 180 181 181 181 180 180 179 177 179 178 174 180
 185 181 179 184 181 176 175 176 178 178 127  72  70  63  63  61  57  58
  53  54  61  70  71  68  67  66  66  67  68  70  72  76  80  82  88  90
  95  99 138 185 186 184 187 187 187 187 187 188 188 188 188 188 188 187
 186 187 188 189 189 189 189 189 188 188 188 188 188 188 188 188 188 188
 189 189 189 188 187 187 187 187 187 187 188 188 187 187 187 187 188 188
 188 188 188 188 188 188 187 187 187 187 187 187 187 187 187 187 187 187
 187 187 188 188 188 188 188 188 188 188 188 188 188 188 188 188 188 188
 189 189 188 188 188 188 187 187 187 187 187 187 187 187 187 187 187 188
 184  29]","[ 29  28 179 179 179 179 180 179 179 179 180 180 179 177 175 175 177 178
 179 179 179 180 180 180 180 180 180 181 181 180 180 180 181 181 181 181
 181 181 181 180 178 179 180 180 179 179 179 179 181 177 178 184 188 188
 185 181 189 181 184 184 182 181 177 180 119  65  65  62  62  59  56  57
  53  51  57  68  71  67  65  64  66  67  68  71  73  77  81  83  87  89
  93  98 123 178 188 184 187 187 187 187 187 187 188 188 188 188 187 187
 186 187 188 190 188 188 188 188 188 188 188 188 188 188 188 188 188 188
 189 189 188 188 188 187 187 187 187 187 188 188 188 187 187 187 187 188
 188 188 188 188 189 189 188 187 187 187 187 187 187 187 187 187 187 187
 187 187 188 188 188 188 188 188 188 188 188 188 188 188 188 188 188 189
 189 188 188 188 187 187 187 187 187 187 187 187 187 187 187 187 187 187
 184  29]","[ 30  29 179 179 179 179 180 179 179 179 179 180 179 178 177 177 179 179
 179 178 179 180 180 180 180 180 181 181 181 180 180 179 181 182 182 181
 181 181 181 180 179 179 179 179 179 179 180 181 180 188 183 171 166 159
 144 133 129 119 122 136 151 169 181 175 119  60  61  62  60  57  57  54
  52  50  55  65  69  67  65  64  65  66  68  71  74  77  80  82  85  88
  91  97 111 167 189 184 188 187 187 187 187 187 187 187 187 187 187 187
 187 187 188 188 188 188 188 188 188 188 188 188 187 187 188 188 188 189
 189 189 189 188 188 188 187 187 188 188 188 188 188 188 187 187 187 187
 187 187 188 188 189 189 188 187 188 188 188 188 188 188 188 188 188 187
 187 187 188 189 189 189 189 189 189 189 189 189 189 189 188 188 189 189
 188 188 188 188 187 187 187 187 187 187 187 187 187 187 187 187 186 187
 184  29]","[ 30  29 179 179 179 179 180 179 179 179 179 179 179 179 179 179 179 179
 179 178 179 180 181 181 180 181 181 181 181 180 180 179 180 181 182 181
 181 181 181 181 180 180 180 180 180 181 182 182 181 174 147 115  99  91
  81  75  72  77  72  81  93 123 162 159 121  62  61  60  57  55  58  53
  50  48  52  60  64  65  65  64  64  66  68  71  74  76  79  81  84  87
  91  96 104 152 187 183 187 187 187 187 187 187 187 187 187 187 188 187
 187 187 187 187 187 187 187 188 188 188 188 188 187 188 188 188 189 189
 189 189 188 188 188 188 187 187 188 188 188 188 188 188 187 187 187 187
 187 187 187 188 188 188 187 187 187 187 187 187 187 187 187 188 187 187
 186 187 188 189 189 188 188 188 189 189 189 189 189 189 188 188 189 189
 188 188 187 187 187 187 187 187 187 187 187 187 187 187 186 187 186 187
 184  29]","[ 29  28 179 178 179 178 179 178 179 179 179 179 179 179 179 180 179 179
 179 178 179 180 180 180 180 180 180 180 180 180 180 180 180 181 182 181
 181 181 181 181 180 180 179 180 180 180 181 181 167 120  80  68  62  52
  51  57  60  64  62  69  71  81 119 143 112  62  60  56  55  52  54  51
  48  47  49  54  59  64  65  63  64  66  69  72  74  76  79  80  83  87
  90  96 100 138 185 182 185 186 187 187 187 187 187 186 188 188 188 188
 188 187 187 187 187 186 186 187 188 189 189 188 189 189 189 189 189 189
 189 189 188 188 188 188 187 187 187 188 188 188 187 187 187 186 186 186
 186 187 187 187 187 187 187 187 186 186 186 186 186 187 187 187 188 187
 187 188 189 189 188 187 188 188 188 188 189 189 189 188 188 188 189 189
 188 187 187 187 187 187 187 187 187 187 187 187 187 187 186 187 186 187
 184  29]","[ 29  28 178 178 178 178 179 178 179 179 179 179 179 179 179 179 179 179
 179 179 179 180 179 178 180 180 180 180 180 180 180 180 180 181 182 181
 181 181 180 180 179 179 179 179 179 179 178 177 124  83  59  59  54  50
  54  54  57  56  65  69  72  72  81 112  98  59  57  50  52  50  49  47
  48  47  47  50  56  63  65  61  64  66  69  72  73  75  78  80  83  87
  90  96  98 128 183 181 184 185 186 187 188 187 187 186 187 187 187 187
 187 187 187 187 187 187 187 188 189 190 190 189 190 190 190 189 189 189
 189 189 187 187 188 187 187 186 187 187 187 187 187 187 187 186 185 185
 186 187 187 187 186 186 187 187 187 187 187 187 187 188 188 189 190 189
 189 189 190 190 189 188 189 189 189 189 190 190 190 190 188 188 189 189
 188 187 187 187 187 188 188 188 188 188 188 188 187 187 186 186 186 187
 184  29]","[ 30  29 179 178 176 175 177 177 180 180 179 179 180 180 180 179 179 180
 180 180 180 179 179 179 178 179 180 180 180 180 181 181 182 181 181 180
 180 180 180 180 180 177 179 182 177 178 183 149  82  60  56  56  53  53
  50  55  57  60  58  62  70  70  72  83  81  64  51  49  49  46  45  47
  46  45  45  48  53  59  62  63  64  66  67  70  73  75  77  81  84  89
  88  94  99 125 174 187 184 185 186 187 187 188 187 186 186 187 187 188
 187 187 187 187 188 188 188 189 189 189 188 188 189 189 189 189 189 188
 188 188 187 187 187 187 187 187 187 187 188 188 188 187 187 186 186 186
 186 186 186 186 187 188 187 187 185 185 185 185 185 186 186 187 187 187
 188 189 189 188 187 187 187 187 188 189 189 189 188 187 187 187 187 187
 187 187 188 188 188 188 188 187 187 187 187 187 187 187 187 187 187 187
 184  29]","[ 29  28 178 177 176 175 176 177 178 179 179 179 179 179 179 179 178 179
 179 179 179 178 178 178 179 180 180 181 180 180 181 181 182 181 181 180
 180 179 179 179 181 180 179 181 179 183 171 102  62  56  58  54  48  50
  52  55  57  60  61  62  68  70  72  79  79  64  51  47  46  45  45  44
  44  42  40  41  47  54  60  61  61  63  65  68  72  74  77  81  83  89
  89  91  93 113 159 187 184 185 187 187 187 187 187 187 186 186 187 187
 187 187 187 187 187 187 188 188 188 188 189 189 189 189 189 189 189 188
 188 188 187 187 187 187 187 187 187 187 188 188 187 187 187 186 186 186
 185 185 185 185 186 186 186 186 186 185 185 185 185 186 186 187 187 187
 188 188 189 188 188 188 188 188 188 189 190 190 189 188 188 188 187 187
 187 187 187 187 187 187 187 187 187 187 187 187 187 187 187 187 187 187
 184  29]","[ 29  28 179 178 177 176 177 178 179 179 179 179 179 179 179 179 179 179
 179 179 179 179 178 178 180 180 180 180 180 180 180 181 181 181 181 181
 181 180 179 179 178 180 178 180 179 185 163  76  58  59  57  52  49  51
  53  53  57  62  64  64  67  72  74  74  74  61  50  45  42  43  44  41
  44  42  39  38  41  49  54  56  57  60  63  66  70  72  75  80  82  87
  89  90  91 104 143 188 185 185 186 187 186 186 187 187 186 187 187 187
 187 187 187 187 187 187 187 187 188 188 189 189 190 189 189 189 189 189
 189 188 188 188 187 187 187 187 187 187 188 187 187 187 187 186 186 186
 185 185 185 186 186 186 186 186 186 185 185 185 186 186 186 186 187 187
 187 187 187 188 188 189 188 188 188 189 190 190 189 188 188 188 188 187
 187 187 187 187 188 187 187 187 187 187 187 187 188 188 187 188 187 188
 184  29]","[ 29  28 180 179 178 176 178 179 179 179 179 178 178 179 180 179 180 180
 179 180 180 180 179 179 179 179 179 180 180 180 180 180 181 181 181 181
 181 180 180 180 181 181 179 179 179 180 145  67  66  62  53  51  52  50
  52  54  58  61  65  65  66  72  75  72  70  57  47  43  39  40  42  39
  41  43  42  40  40  45  50  51  55  59  63  66  69  71  74  77  82  85
  88  89  93 102 129 187 186 185 185 185 186 186 186 187 186 187 187 187
 187 187 187 187 187 187 187 187 187 188 188 188 189 189 189 189 188 188
 188 188 188 188 187 187 187 187 187 188 188 188 187 187 187 187 186 186
 185 185 186 186 187 187 186 186 186 185 184 185 186 187 187 187 187 187
 187 187 187 187 188 188 187 187 188 188 189 189 188 188 187 187 187 187
 187 187 187 187 187 187 187 187 188 188 188 188 188 188 187 188 187 187
 184  29]","[ 29  28 179 178 177 176 178 179 180 178 177 176 178 179 179 178 179 179
 179 179 179 179 179 178 178 178 179 179 180 180 180 181 180 180 179 179
 179 180 180 180 181 179 179 178 184 176 122  62  63  60  53  52  50  47
  51  56  58  57  62  64  64  70  74  73  69  56  46  41  38  37  38  38
  38  42  45  43  42  44  47  49  54  58  62  65  69  71  73  76  82  84
  87  87  92  98 117 181 187 185 182 183 184 185 186 186 185 186 186 186
 186 186 186 186 186 186 186 187 187 187 187 187 188 188 188 187 187 187
 187 187 187 187 187 187 187 187 187 187 188 188 187 187 187 187 186 186
 185 185 186 186 186 186 186 186 185 185 184 185 186 188 188 187 187 187
 187 187 187 187 187 188 187 187 187 188 189 189 188 188 187 187 187 187
 187 187 186 186 187 187 187 187 187 187 187 187 187 187 187 187 186 187
 184  28]","[ 30  28 178 178 177 176 178 179 180 178 177 176 178 180 180 179 179 179
 179 179 179 179 179 178 179 179 179 179 180 181 181 181 181 180 180 179
 179 179 180 180 178 179 180 177 184 172 109  67  60  57  54  51  48  48
  50  52  55  54  57  61  63  68  73  74  71  60  46  39  37  35  35  37
  40  44  47  46  44  43  45  48  52  56  59  62  68  71  73  75  79  82
  86  85  88  95 110 172 187 183 181 181 183 184 185 186 185 186 186 186
 185 185 186 186 187 187 187 188 188 188 187 187 188 188 188 188 187 187
 187 187 187 187 188 188 188 187 186 186 187 187 187 187 187 186 186 186
 185 185 185 185 185 185 186 186 185 184 184 185 186 187 188 187 188 188
 188 188 188 188 188 187 187 187 187 188 189 189 189 188 187 187 187 187
 187 186 186 185 186 187 187 187 187 187 187 187 187 187 187 187 187 187
 184  29]","[ 30  28 177 176 176 176 177 178 178 178 178 178 178 180 180 180 179 179
 179 179 179 179 179 179 179 179 179 179 180 181 181 181 181 181 180 180
 180 180 180 181 181 183 181 178 181 162 104  76  66  55  51  46  44  50
  49  48  51  52  54  57  61  67  72  73  72  63  46  35  34  34  34  37
  41  44  48  50  48  46  46  48  51  53  55  58  65  71  73  74  75  79
  83  84  86  95 103 154 185 182 180 181 182 182 183 185 186 186 186 186
 186 185 186 186 187 187 187 188 188 188 189 189 188 188 188 188 188 188
 188 188 185 186 187 188 188 187 187 186 186 186 186 186 186 186 185 185
 184 185 184 184 184 184 185 186 185 185 185 185 186 187 187 187 187 187
 187 188 188 188 188 188 187 187 187 188 188 188 188 188 187 187 187 187
 187 186 186 185 187 187 187 187 187 187 187 187 187 187 187 188 187 188
 184  29]","[ 30  27 176 174 175 175 176 176 176 178 179 178 178 178 179 179 178 179
 179 179 179 179 179 180 179 179 178 179 179 180 180 180 179 179 180 180
 181 181 181 181 180 179 176 179 181 158 106  83  72  53  47  40  39  46
  46  49  47  50  52  53  58  65  70  71  71  66  46  30  32  34  33  37
  38  40  45  51  52  49  49  50  50  52  52  55  63  70  72  73  75  78
  81  83  86  95  96 135 183 181 181 182 182 181 182 185 185 185 186 185
 185 185 185 185 186 186 186 186 187 188 188 189 187 187 186 186 186 187
 187 187 181 182 184 186 187 187 186 186 185 185 185 185 185 185 185 185
 183 183 183 182 182 182 183 184 185 185 185 186 186 186 186 187 186 186
 186 186 187 187 187 187 187 187 187 187 187 188 187 187 186 187 187 187
 187 187 186 186 186 186 186 187 187 186 186 186 186 186 186 186 186 187
 184  28]","[ 30  29 173 175 174 171 170 174 176 177 178 177 178 179 180 180 180 179
 179 179 179 179 179 178 178 179 179 179 179 179 179 180 180 179 178 180
 179 178 180 178 179 178 178 180 179 166 145 131 126 116  96  72  49  38
  39  45  46  48  52  55  58  63  68  71  69  68  43  29  32  31  33  33
  33  36  42  48  51  50  49  50  49  50  51  55  61  65  68  71  73  73
  80  81  85  89  97 121 178 183 180 183 180 182 183 185 185 186 186 186
 186 186 186 185 186 186 186 187 187 187 187 187 187 187 187 188 188 188
 187 186 184 183 184 185 187 187 186 185 184 184 185 185 185 185 185 185
 183 183 183 184 184 183 184 185 186 186 186 187 188 188 188 187 187 187
 186 186 187 187 187 187 188 187 187 187 187 187 187 188 188 188 188 188
 188 188 187 187 188 188 187 187 186 186 186 186 185 186 186 187 186 187
 184  29]","[ 29  29 173 174 170 166 166 170 174 175 176 177 177 178 179 179 179 179
 179 179 179 179 179 179 179 179 179 179 179 179 180 180 179 179 179 182
 182 180 181 180 181 180 182 185 178 157 133 121 117 121 122 113  98  80
  62  50  40  42  48  53  57  62  67  67  70  68  44  31  32  31  33  34
  32  34  39  45  48  48  48  49  50  50  50  52  58  62  65  68  72  71
  76  76  81  86  92 111 173 185 182 184 184 185 184 185 185 185 185 185
 185 185 185 185 186 186 186 186 187 187 188 188 187 187 187 188 188 188
 187 187 186 185 184 185 186 186 186 185 183 184 184 184 184 184 184 185
 183 182 182 183 183 183 184 185 186 186 186 187 187 187 187 186 187 187
 187 187 187 187 187 187 187 187 187 187 188 188 187 187 187 187 187 187
 187 186 186 186 187 187 187 186 186 186 186 186 186 186 186 186 186 186
 184  29]","[ 29  30 174 173 167 162 162 167 172 174 176 177 178 179 179 179 179 179
 179 179 179 179 179 179 179 179 179 179 179 179 179 179 179 181 178 177
 179 178 177 176 175 180 178 162 134 107  88  81  74  84  95 103 112 118
 115 108  89  71  58  55  53  55  62  68  70  68  46  32  31  29  30  31
  31  32  36  41  44  45  46  48  49  50  49  51  57  60  63  65  72  71
  74  74  79  84  88 101 159 184 183 181 182 182 183 185 183 183 183 184
 185 186 186 185 186 186 185 186 187 187 187 187 186 187 187 188 188 188
 188 187 187 186 184 183 184 184 184 184 184 183 183 183 184 185 185 185
 183 182 182 183 183 184 185 186 187 187 187 187 187 187 187 188 187 187
 187 187 187 187 187 187 186 186 187 188 188 188 187 187 187 187 187 187
 187 187 186 186 186 186 186 186 186 186 186 187 186 187 187 187 186 186
 184  29]","[ 29  30 174 172 167 162 162 167 171 174 176 178 179 180 180 179 179 179
 179 179 179 179 179 179 180 179 179 179 179 179 179 179 177 182 178 176
 179 180 180 176 177 181 165 125  88  73  69  65  67  71  73  76  84  95
 100  98  91  91  85  69  54  55  62  62  70  69  50  33  30  30  30  29
  31  31  34  38  40  42  44  47  47  48  49  51  57  60  62  64  71  72
  76  75  79  84  86  94 146 183 187 180 182 182 184 184 182 182 182 184
 185 186 186 185 186 185 185 186 187 187 186 185 185 186 186 187 188 188
 187 187 187 186 185 183 183 183 184 184 184 183 183 183 184 185 186 186
 185 183 183 183 184 184 185 186 187 187 187 187 187 187 188 189 187 187
 188 187 187 186 186 186 186 186 187 188 188 187 187 187 187 187 188 188
 188 188 187 187 186 186 186 186 186 187 187 187 187 187 187 186 185 186
 184  28]","[ 29  29 172 171 168 165 165 168 171 173 176 177 179 179 179 179 178 178
 179 179 179 179 179 179 180 180 180 180 180 180 180 179 176 180 179 180
 179 178 179 179 181 161 127  90  68  67  70  66  63  65  67  71  76  83
  88  89  81  82  90  93  80  65  61  64  65  67  51  32  27  30  31  29
  31  31  33  36  38  40  43  45  46  48  48  50  55  59  61  64  68  72
  76  77  79  82  85  90 128 173 187 180 182 183 184 179 181 181 182 183
 185 186 185 184 183 184 184 186 187 187 185 184 184 185 186 186 187 187
 187 187 188 187 186 184 183 183 184 184 184 184 183 183 184 185 185 184
 185 184 183 183 183 184 184 186 186 187 187 186 186 186 187 187 187 188
 188 187 186 185 185 185 187 187 187 186 187 187 187 187 187 187 187 187
 187 187 187 187 187 187 187 187 187 187 187 187 187 187 186 186 185 185
 183  28]","[ 29  29 171 172 171 169 169 171 172 174 176 177 178 179 179 179 178 178
 179 179 179 179 179 179 180 180 180 180 180 180 179 179 179 178 178 180
 177 174 179 179 164 125  86  68  60  58  59  57  59  59  60  63  65  70
  76  82  82  83  84  87  86  80  75  75  69  71  57  37  29  31  30  26
  30  30  32  35  37  38  41  43  47  48  47  48  52  56  60  65  64  68
  73  76  76  78  82  85 103 153 186 183 179 178 181 179 181 181 181 182
 183 183 182 181 181 182 184 186 187 187 185 184 183 184 185 186 186 186
 186 186 186 186 185 184 182 182 183 183 184 184 183 183 183 182 182 182
 184 184 183 183 182 182 183 184 186 186 186 186 186 186 186 186 188 188
 188 187 186 185 185 184 186 186 185 185 185 186 186 187 186 187 187 187
 187 187 187 187 187 187 187 187 187 187 187 187 187 187 187 186 185 186
 184  29]","[ 30  29 172 172 172 172 171 173 174 175 176 176 177 178 178 178 177 178
 178 179 179 179 179 179 179 179 179 179 179 179 179 179 180 179 178 178
 178 181 179 161 124  94  72  67  62  57  57  57  54  55  56  58  60  65
  71  76  83  88  91  93  91  87  94 112 101  92  67  36  21  22  27  30
  27  27  30  33  35  36  38  40  46  48  48  48  52  55  59  64  63  66
  69  73  74  75  79  80  87 131 178 185 179 177 181 182 181 180 180 181
 181 181 181 181 182 183 185 186 187 186 184 183 183 184 185 185 185 185
 185 186 185 185 184 182 180 179 180 181 183 183 183 183 182 181 181 180
 183 183 183 183 181 181 182 183 185 185 185 186 186 187 187 187 188 188
 187 187 186 185 184 183 184 183 183 183 183 184 186 187 187 187 187 187
 187 187 187 187 187 187 187 186 186 186 186 186 187 187 187 187 186 186
 185  30]","[ 30  29 172 172 171 171 171 172 174 174 175 175 175 176 176 177 177 177
 178 179 179 178 179 179 179 179 180 180 179 179 179 179 179 181 180 176
 178 184 165 121  84  73  68  65  58  56  57  54  55  56  56  56  58  62
  67  71  80  98 101  90  86  89  99 113 122 121 111  89  67  47  29  20
  24  25  28  31  34  35  36  38  43  47  49  51  53  56  59  63  65  65
  67  72  73  75  78  78  82 112 163 178 179 179 180 179 180 180 180 180
 180 181 182 183 184 185 186 186 186 185 184 183 183 184 185 185 185 185
 185 185 185 185 184 181 179 178 179 181 182 182 183 183 182 181 181 181
 182 182 183 183 181 180 181 183 183 183 183 185 186 187 187 187 188 187
 187 186 186 185 184 183 182 181 181 182 183 184 185 186 186 186 186 187
 187 187 187 187 187 187 187 186 185 185 185 185 186 186 185 185 184 185
 184  29]","[ 30  27 174 172 171 173 172 171 174 174 175 175 175 174 175 176 177 176
 175 177 178 178 178 178 179 181 180 179 178 180 179 178 178 172 176 176
 180 174 124  76  69  75  69  64  63  59  58  55  55  54  55  57  58  59
  62  65  65  75  82  81  79  85  94 100 109 114 116 117 121 117  92  64
  39  27  25  32  32  30  34  39  45  46  48  51  54  57  58  59  64  65
  67  71  74  76  77  76  83  91 147 178 177 175 180 180 179 179 178 179
 181 181 181 182 181 182 183 184 184 183 182 183 184 184 183 182 183 184
 185 185 185 184 183 182 180 178 179 180 181 182 183 182 182 181 181 181
 181 181 182 182 183 182 182 181 181 181 183 184 185 186 186 186 186 186
 186 186 185 185 184 183 182 182 182 182 183 185 186 185 186 185 185 185
 186 187 187 187 186 186 186 185 185 184 184 183 183 184 182 183 183 183
 181  28]","[ 31  31 170 171 171 172 170 171 171 172 173 175 175 174 174 175 174 174
 174 176 178 179 180 181 177 177 178 178 177 176 176 176 174 175 176 178
 177 142  95  69  70  74  69  64  63  62  61  60  57  57  57  55  56  58
  58  56  51  59  65  67  70  79  89  95  99  95  94  99 109 114 110 103
  90  53  31  32  28  32  36  34  42  43  46  49  52  54  56  57  61  62
  65  69  73  75  76  75  79  81 125 173 180 176 177 179 179 180 179 178
 180 180 179 181 181 181 183 184 184 183 183 183 184 184 183 183 183 184
 184 184 185 184 182 181 180 180 181 182 182 182 183 182 181 181 181 180
 181 182 182 182 183 183 182 181 180 180 181 182 184 186 186 185 185 185
 185 185 185 184 184 184 186 185 185 185 185 187 187 187 186 185 184 184
 185 185 186 186 186 186 186 185 185 184 183 182 183 184 183 183 184 183
 181  29]","[ 27  30 167 173 175 174 170 171 170 170 171 171 172 172 173 174 176 175
 175 175 176 176 177 177 179 176 175 178 179 177 174 172 176 177 176 178
 158 108  74  69  66  67  65  59  59  60  58  59  58  60  58  55  56  58
  55  49  42  47  51  54  61  72  82  87  87  80  80  88  93  90  90  95
 104  96  59  30  28  31  28  37  39  41  44  46  48  49  51  52  57  60
  63  68  72  75  75  74  77  77 106 165 183 178 178 179 179 180 179 178
 179 179 178 180 179 180 180 182 182 181 181 181 182 182 182 182 182 183
 183 182 184 182 181 180 180 179 180 181 183 184 183 182 181 180 180 180
 181 181 181 182 183 183 182 182 182 181 181 182 183 184 184 183 184 184
 185 185 186 186 186 186 187 186 186 185 185 186 185 185 186 185 185 185
 185 186 186 186 185 185 185 184 184 182 181 180 181 182 182 183 184 183
 181  29]","[ 31  31 168 167 167 169 170 170 171 170 171 172 173 173 173 173 173 173
 173 173 173 174 175 175 172 173 175 177 175 173 173 175 173 173 176 165
 119  83  69  70  65  64  66  60  57  58  55  58  60  61  60  58  58  58
  53  45  42  45  48  52  59  69  76  78  77  70  70  75  73  65  65  72
  81  98  94  60  32  24  29  31  36  37  40  43  45  47  48  48  54  58
  62  66  71  73  73  71  69  72  90 150 180 176 179 177 179 180 178 177
 178 178 178 180 180 179 179 180 180 180 180 180 181 181 182 182 182 183
 182 182 181 180 180 180 179 178 178 179 180 181 180 179 178 178 178 178
 180 180 180 181 181 182 181 181 181 181 181 181 182 182 182 181 181 181
 181 182 183 184 185 185 186 186 185 184 184 184 184 183 183 183 183 183
 184 185 185 185 184 184 184 183 182 181 181 180 180 181 182 183 183 183
 181  29]","[ 29  27 171 165 165 169 171 167 165 167 170 173 174 173 172 171 171 172
 172 171 170 171 172 173 174 174 174 173 173 174 172 170 173 175 178 138
  87  70  71  68  65  64  67  62  57  56  52  54  58  59  61  61  59  55
  47  41  41  44  47  52  58  65  68  69  64  62  63  64  62  57  59  64
  71  79  98  88  56  25  26  30  32  33  35  39  44  47  49  49  52  56
  61  65  69  71  69  66  68  70  85 142 181 175 179 175 177 178 176 174
 175 175 176 179 179 179 179 179 179 178 179 180 180 181 181 181 181 181
 181 181 181 181 181 181 180 179 180 182 180 180 181 180 180 180 181 181
 179 179 179 179 180 180 179 179 178 179 180 181 180 180 181 182 180 180
 181 181 182 182 183 184 186 186 185 185 185 185 185 184 182 182 183 183
 184 184 184 183 183 183 183 182 182 181 181 181 180 182 182 183 183 183
 181  30]","[ 29  29 169 168 168 171 171 164 165 165 166 168 170 171 172 173 176 177
 177 175 173 174 175 175 175 175 173 173 176 179 178 174 174 172 160  98
  76  70  73  66  65  63  65  63  57  54  51  51  50  52  56  59  58  52
  45  41  41  44  47  51  54  58  58  57  55  57  58  57  56  55  55  56
  66  74  85  95  96  51  23  30  31  31  32  36  42  46  48  49  52  56
  61  65  68  69  66  62  64  65  82 136 179 175 177 175 176 177 175 174
 175 175 175 177 177 177 178 178 177 177 177 179 180 180 181 180 179 179
 179 179 180 180 179 178 176 176 177 179 179 180 180 179 178 178 178 178
 180 180 180 179 180 179 179 178 180 180 181 180 180 180 180 181 182 182
 181 181 181 182 182 183 183 184 183 183 183 184 184 183 182 182 182 183
 183 183 182 182 182 182 181 181 181 181 180 180 180 181 181 182 182 182
 181  29]","[ 30  28 138 138 138 138 140 137 132 131 131 131 131 133 136 138 138 140
 141 139 139 141 144 144 137 143 148 148 146 147 152 157 153 145 119  72
  74  72  70  65  66  63  62  63  59  55  56  53  48  48  50  53  52  48
  45  44  44  45  47  49  51  52  51  50  51  51  51  49  49  51  54  56
  58  66  78  99 111  87  46  25  30  30  31  34  38  43  46  47  52  56
  61  65  67  67  64  58  61  67  86 130 168 174 174 176 178 178 177 177
 178 177 176 177 174 176 178 179 178 177 178 179 180 181 182 182 181 181
 181 181 179 178 178 178 178 178 178 178 177 179 180 180 180 180 180 180
 178 178 178 178 179 179 179 179 181 180 179 178 179 179 180 180 180 180
 179 179 180 180 181 182 183 183 183 183 184 184 184 183 181 181 180 181
 181 181 181 180 181 181 182 182 182 181 180 180 180 181 181 181 181 181
 181  28]","[ 30  28 115 119 118 116 115 116 112 113 115 116 115 113 113 114 115 117
 118 115 114 116 118 118 122 120 119 120 121 119 118 118 121 116  89  72
  76  74  67  69  65  61  57  61  59  55  58  53  52  50  48  47  46  45
  44  44  45  45  45  47  49  51  50  49  47  48  49  51  51  51  53  55
  61  64  68  87  99 107  74  38  27  27  28  31  35  40  44  47  51  56
  61  64  66  66  62  56  56  68  85 114 138 150 148 150 153 154 153 153
 154 153 150 150 147 150 153 155 154 153 153 154 155 157 159 160 160 160
 159 159 158 158 160 164 168 168 167 165 162 164 167 169 172 174 176 176
 174 174 174 175 177 178 179 179 177 175 173 174 177 180 181 181 181 181
 181 181 182 184 185 186 186 186 187 187 187 188 188 187 186 185 184 184
 185 185 186 186 182 183 184 184 184 183 181 180 181 182 181 181 181 181
 181  29]","[ 29  29 118 119 118 118 116 118 117 118 120 121 121 120 119 118 119 118
 117 119 118 117 117 119 119 120 121 119 114 119 115 119 115  99  82  76
  76  71  66  67  65  61  57  57  59  60  58  55  54  50  47  48  48  46
  45  46  46  46  47  49  50  51  50  49  48  47  48  51  53  54  56  58
  64  62  67  77  84  98 100  76  33  25  29  30  34  35  41  47  50  54
  58  61  63  63  58  52  54  70  92 105 120 123 123 124 126 125 124 125
 127 128 127 126 126 125 124 123 122 123 124 125 127 126 125 124 125 128
 130 131 128 129 129 130 131 132 133 133 132 133 135 136 136 135 133 132
 131 133 135 136 136 136 137 138 137 135 134 135 138 140 140 138 139 139
 140 142 144 145 146 146 147 150 153 154 154 154 155 156 154 153 156 162
 166 167 169 173 171 171 170 171 172 172 171 170 168 175 166 169 172 176
 174  31]","[ 29  29 118 119 118 118 117 118 118 118 119 120 121 121 120 119 119 118
 118 120 120 119 119 120 119 120 122 121 117 119 116 114 105  90  77  74
  74  69  65  64  62  59  54  52  52  53  54  53  54  53  51  49  49  48
  47  46  46  46  47  49  50  51  51  50  48  48  50  53  55  57  58  60
  62  65  66  72  78  88  97  92  62  26  29  30  30  37  39  43  49  47
  49  54  55  50  48  48  59  72  84 108 124 126 127 128 130 129 129 129
 130 131 131 131 130 130 129 127 127 127 129 130 129 129 129 128 128 129
 130 131 128 128 128 129 129 130 130 131 128 129 130 130 130 130 129 129
 128 128 128 128 126 126 126 126 125 125 125 127 128 128 127 125 128 128
 128 129 129 129 128 127 127 128 129 129 129 130 132 134 135 132 130 130
 129 127 128 130 130 129 128 128 129 129 128 128 126 124 123 128 128 128
 135  24]","[ 28  29 118 119 118 119 117 119 119 118 119 120 121 121 120 120 119 118
 119 121 122 122 121 121 119 118 119 119 117 116 116 107  91  78  72  72
  70  67  65  62  62  61  58  54  51  51  53  54  54  54  53  51  51  51
  50  47  49  50  50  51  52  53  53  53  49  50  52  55  58  59  60  61
  61  66  64  66  74  78  89 100  94  52  28  27  34  35  36  39  39  39
  42  44  43  43  50  59  68  77  78 110 127 124 127 127 127 127 127 127
 127 128 130 131 129 129 127 126 126 126 127 128 129 130 130 129 129 129
 129 129 129 129 129 129 129 129 129 129 130 130 130 130 130 130 131 132
 131 131 131 130 130 130 130 130 129 130 132 133 132 131 130 130 132 132
 132 133 134 134 132 130 132 131 131 130 130 131 133 134 130 130 130 130
 129 128 128 129 134 133 133 132 132 132 133 133 133 129 132 130 129 131
 132  32]","[ 29  29 118 119 118 119 117 119 117 118 118 119 120 120 120 119 119 118
 119 121 123 122 122 121 122 119 119 119 118 116 119 103  79  69  66  69
  66  65  65  61  60  62  62  58  54  51  50  50  51  52  53  53  53  53
  51  49  53  54  54  54  54  55  55  54  52  53  54  56  58  59  60  61
  62  65  63  66  72  74  79  90 105  92  49  23  31  31  26  28  30  35
  38  38  42  54  67  74  75  80  80 110 126 122 125 126 125 125 125 126
 126 127 129 130 129 128 127 126 125 125 126 127 126 128 129 128 128 128
 128 128 129 129 129 129 130 130 130 129 130 130 130 130 129 130 131 132
 129 128 128 129 130 130 131 130 129 129 130 130 130 129 130 130 130 130
 130 132 134 134 133 132 131 131 131 131 131 131 131 131 128 130 131 130
 130 131 132 131 132 132 132 132 132 132 133 134 131 131 133 129 131 135
 130  25]","[ 29  29 118 119 118 118 116 118 115 116 118 118 118 118 118 118 120 119
 119 120 121 121 121 121 121 118 118 118 119 117 116  96  70  62  61  62
  59  59  61  58  58  62  64  61  56  52  49  47  49  49  50  54  54  53
  51  52  54  55  56  55  54  54  55  54  55  56  56  57  58  60  61  62
  64  63  64  66  70  72  74  78  94 106  89  42  24  29  23  27  29  34
  37  43  57  74  81  78  76  80  88 107 124 124 126 128 126 125 125 125
 126 127 128 128 128 128 127 126 126 125 125 125 126 127 128 128 128 128
 129 129 128 128 128 129 130 130 130 129 130 130 130 129 129 129 130 131
 131 130 130 130 131 131 131 130 130 130 130 131 131 131 131 131 130 130
 130 131 132 132 132 131 131 132 132 132 132 132 130 130 130 131 129 126
 125 128 131 131 131 132 132 132 132 132 133 133 132 131 130 131 134 132
 131  31]","[ 29  30 118 119 118 118 116 117 115 116 117 118 118 118 118 118 119 119
 118 118 119 120 120 120 117 115 116 117 118 115 105  84  64  58  56  54
  51  51  53  51  56  61  64  62  58  54  51  48  48  46  47  51  52  51
  50  52  52  54  56  55  55  55  55  56  57  57  57  57  58  61  63  64
  66  63  66  66  66  70  72  74  83  96 107  82  34  20  26  28  32  37
  45  58  72  82  82  78  76  80  92 101 118 124 125 128 126 125 124 124
 124 125 125 125 127 126 125 125 124 124 124 124 127 128 128 128 128 128
 129 129 128 127 128 129 130 130 130 130 131 131 131 131 131 131 131 130
 129 129 129 129 130 130 129 128 130 130 130 131 132 131 130 129 130 130
 130 130 130 131 131 130 132 132 132 131 131 131 131 131 129 130 130 128
 128 130 132 133 131 132 132 132 131 131 131 132 133 133 129 131 133 129
 131  30]","[ 29  29 118 119 118 118 116 118 117 117 116 117 118 119 118 118 119 118
 118 117 118 119 119 119 117 117 117 117 117 116  96  76  64  60  56  52
  48  47  47  47  49  56  61  60  56  53  50  47  48  46  44  45  47  48
  48  49  51  53  55  56  55  55  56  57  57  58  57  57  58  62  64  64
  65  64  66  64  65  69  69  73  80  86  95 103  67  32  29  30  42  49
  60  71  78  79  78  77  76  80  87  94 111 123 123 124 127 127 127 126
 126 126 126 126 128 127 126 125 125 126 126 127 126 127 128 128 128 128
 128 128 128 127 128 129 130 131 130 130 129 129 129 129 130 130 130 129
 130 130 130 130 131 131 132 131 130 131 131 131 131 131 130 129 130 130
 131 131 130 131 131 132 131 131 131 130 130 130 131 132 131 132 132 132
 132 132 131 131 132 132 132 132 131 131 132 132 131 132 130 130 132 132
 133  26]","[ 29  29 118 119 118 118 117 118 120 118 116 117 119 120 119 118 118 118
 118 117 117 118 119 119 117 117 116 114 113 113  89  70  67  65  60  54
  51  48  46  47  45  54  61  61  57  54  51  49  47  45  42  40  42  45
  47  46  50  52  55  56  55  55  56  57  57  58  57  57  58  61  63  64
  64  65  66  64  68  69  64  69  75  81  84  99 103  76  43  48  58  63
  70  75  77  77  75  74  76  79  80  90 107 124 124 124 125 126 127 127
 126 125 126 128 128 126 125 124 125 126 128 128 125 126 127 127 128 129
 128 128 127 127 127 128 130 130 130 129 130 129 129 129 131 131 131 130
 130 130 130 129 130 130 131 131 131 131 131 130 130 130 131 131 131 131
 131 131 130 130 130 131 131 132 132 131 131 131 132 133 132 131 130 130
 131 131 132 132 132 132 131 130 131 131 132 133 133 131 133 132 131 131
 131  29]","[ 29  30 119 118 119 117 119 119 118 118 117 118 118 117 118 118 117 116
 115 116 117 118 118 118 119 116 115 114 113 102  80  72  69  64  60  57
  52  50  49  48  47  47  56  61  55  53  53  47  46  47  46  44  43  42
  42  42  46  47  53  55  55  56  54  56  57  56  56  57  59  61  62  61
  63  66  65  64  65  66  67  69  72  77  79  88 104 104  83  64  66  70
  71  72  74  70  70  77  78  79  80  90 105 124 124 124 124 125 125 125
 125 125 127 128 125 125 125 125 127 129 128 127 124 124 125 127 129 130
 129 127 128 128 128 128 129 130 129 128 129 129 129 130 130 130 130 130
 131 130 129 129 129 130 131 131 131 131 131 129 129 130 131 132 130 130
 130 130 130 131 131 131 130 131 131 131 131 132 132 133 131 130 130 130
 130 129 129 130 131 131 131 131 131 131 132 132 132 132 133 132 132 131
 131  29]","[ 29  29 117 116 116 114 116 116 116 116 116 117 117 117 117 118 117 116
 115 115 116 117 118 117 117 116 116 114 111  97  74  65  63  59  57  55
  53  51  50  48  46  45  52  59  56  53  52  48  48  48  47  45  44  42
  41  40  40  39  46  52  56  56  54  57  58  57  57  58  60  61  61  61
  63  65  65  64  66  67  68  70  73  75  81  86  95 108 107  92  75  73
  72  69  67  68  72  74  80  85  89  98 109 124 124 125 126 126 126 126
 125 125 126 126 126 125 125 126 127 128 127 126 124 125 125 127 129 130
 129 128 128 128 128 127 127 128 129 129 128 128 128 129 129 129 130 130
 129 129 129 130 130 130 130 130 129 130 131 130 130 130 131 131 130 130
 130 130 130 131 131 131 130 130 130 131 131 131 132 132 131 130 130 130
 130 130 130 131 130 130 130 130 131 131 132 132 132 131 132 131 131 130
 130  29]","[ 29  30 117 114 115 113 116 116 115 115 115 117 117 117 117 117 117 116
 115 115 116 116 117 117 117 117 118 115 109  92  69  59  54  50  48  48
  47  46  46  44  46  44  48  56  58  55  52  52  50  48  47  47  46  44
  41  39  37  32  35  40  45  47  48  52  57  57  58  59  59  60  61  61
  62  65  65  64  66  67  68  70  72  71  75  80  85  98 111 114  91  73
  65  66  67  70  79  83  84  88  93 100 111 124 124 126 125 125 125 125
 125 125 126 126 125 124 124 126 127 126 125 125 125 125 126 127 129 129
 129 128 128 128 128 126 126 127 128 129 128 127 128 128 128 128 129 130
 129 129 130 130 130 130 130 130 129 130 130 130 130 130 130 130 130 130
 130 130 130 130 131 131 130 130 130 130 131 131 131 131 130 130 130 130
 130 130 130 130 130 130 130 130 130 131 131 131 131 130 131 130 130 129
 130  28]","[ 29  30 117 115 115 114 117 118 117 116 116 117 117 116 116 116 117 116
 116 115 116 116 116 116 115 117 118 115 110  91  71  60  55  50  46  46
  45  46  46  44  45  44  45  52  59  58  54  54  50  48  48  49  49  46
  42  40  39  31  27  27  30  36  41  48  54  55  57  58  59  59  60  61
  62  64  64  64  66  66  67  68  70  73  74  76  82  87  98 114 112  91
  76  75  78  83  86  87  87  87  89  95 109 123 124 124 123 123 123 124
 124 124 124 124 123 122 123 126 127 125 124 125 126 126 126 127 128 128
 128 127 126 127 127 127 127 127 128 128 128 127 128 128 128 128 129 130
 131 131 130 129 128 128 129 130 129 129 128 127 127 129 130 130 130 130
 130 130 130 130 130 130 130 130 130 130 130 130 130 130 131 130 130 130
 130 129 129 129 130 130 130 130 130 130 130 130 130 130 130 130 130 129
 130  29]","[ 29  29 116 115 116 115 117 117 118 117 116 116 116 115 115 116 116 116
 116 116 116 116 116 115 113 114 115 113 110  89  73  64  57  52  48  48
  48  49  49  47  45  46  44  47  57  60  56  54  50  48  48  50  51  48
  44  40  38  32  27  22  24  32  39  46  50  52  54  56  58  59  60  61
  62  64  65  65  66  67  66  67  67  74  74  72  75  81  89  99 116 116
 106  94  93  97  95  91  89  87  88  93 108 121 123 123 124 124 123 123
 122 122 121 121 122 121 122 125 126 125 124 126 126 126 126 126 127 127
 126 126 126 126 126 126 127 129 129 129 128 128 128 129 129 129 129 130
 130 130 129 128 127 127 128 129 128 128 127 126 126 128 129 129 129 129
 130 130 130 130 130 129 130 130 130 130 130 130 130 130 130 130 129 130
 129 129 128 129 130 130 130 130 130 130 130 130 130 130 130 130 130 129
 130  29]","[ 29  29 116 115 115 114 116 116 117 116 115 115 114 114 115 115 116 116
 115 115 115 115 115 115 115 114 114 111 107  82  68  61  54  50  48  48
  48  49  49  47  46  47  43  42  52  60  58  54  50  49  48  49  51  49
  44  39  36  33  30  24  24  31  36  40  46  48  52  55  57  58  59  60
  62  64  65  65  67  68  67  68  69  65  68  71  69  75  85  89 101 114
 115 102  93  87  85  89  91  90  94  97 110 119 122 123 123 123 123 123
 122 122 122 122 122 122 123 125 126 125 124 125 125 125 125 125 125 125
 125 125 127 126 125 125 127 129 130 130 128 127 127 128 129 129 129 129
 128 128 129 129 129 129 129 129 127 127 127 127 128 129 128 127 129 129
 130 130 130 130 129 129 129 129 129 129 129 129 129 129 128 127 127 128
 128 128 128 128 129 129 129 130 130 130 130 130 130 129 130 130 130 129
 130  29]","[ 29  29 116 114 115 114 116 115 115 114 114 114 114 114 114 115 115 114
 114 114 113 114 114 115 115 113 114 111 105  74  62  57  54  50  48  48
  48  49  49  47  44  44  38  36  46  57  58  54  50  50  50  49  51  51
  45  39  36  32  29  24  24  29  31  36  41  43  47  52  55  57  58  59
  62  65  65  65  67  67  66  66  71  63  65  71  71  72  80  85  97 107
 117 118 106  92  88  93  94  94  98 101 113 119 122 123 121 122 123 123
 123 122 123 123 122 122 123 124 124 124 124 124 124 124 124 124 124 125
 125 125 126 126 126 126 126 128 129 129 127 126 126 128 129 129 127 126
 127 127 127 128 128 129 128 128 127 127 127 127 128 129 128 127 128 129
 129 130 130 129 129 128 128 128 128 129 129 129 128 128 127 126 127 127
 128 127 127 128 128 128 129 129 130 130 130 130 129 129 130 130 130 129
 130  29]","[ 28  28 115 113 114 113 115 114 114 114 114 114 114 114 114 114 114 113
 113 112 112 112 114 115 112 111 113 111 104  71  61  59  55  50  47  46
  45  46  47  46  41  38  32  31  40  53  57  54  49  51  51  49  51  52
  47  40  38  31  27  23  24  28  31  37  36  39  44  49  53  56  58  59
  62  65  65  65  66  66  65  65  64  67  65  65  70  72  72  76  88  95
 114 128 124 113 103  96  97  95  99 101 114 120 122 122 122 123 124 123
 122 121 121 122 121 122 123 122 122 123 124 123 123 123 123 124 124 125
 125 126 125 126 128 128 127 128 128 128 126 125 125 127 128 128 126 125
 127 126 125 125 125 126 127 127 127 126 125 125 126 127 128 127 128 128
 129 130 130 129 128 128 128 128 128 128 128 128 128 128 128 128 128 129
 129 128 128 128 128 128 129 129 129 129 129 129 128 128 129 130 130 129
 130  29]","[ 29  30 113 113 113 114 113 113 114 115 115 114 112 111 112 114 112 112
 111 111 111 112 113 114 112 110 113 112 103  71  65  59  56  50  45  42
  42  40  37  36  33  32  30  28  32  44  54  55  52  51  50  49  50  51
  48  43  37  32  28  26  25  28  34  36  38  35  36  43  52  58  60  61
  62  62  64  66  66  64  64  66  64  66  66  66  68  69  71  73  77  77
  91 112 127 133 123 101  98  96 100 104 115 118 123 122 122 122 122 123
 122 122 122 123 123 123 122 122 122 123 123 123 123 124 125 125 125 125
 124 124 124 125 126 126 126 126 126 126 126 125 125 126 126 125 125 126
 123 125 126 126 125 126 126 125 126 125 125 125 126 127 128 128 129 127
 127 129 129 128 128 128 128 128 128 127 125 125 127 129 128 128 127 128
 128 128 128 128 129 129 129 129 129 129 128 128 126 128 129 128 130 130
 130  29]","[ 29  30 113 113 113 114 113 113 112 112 113 112 111 111 112 113 111 111
 111 111 111 111 112 112 112 110 109 108  97  68  60  54  47  43  39  37
  36  34  31  30  32  32  32  31  33  42  51  54  54  53  52  50  50  50
  48  45  41  35  30  27  25  28  33  36  35  35  35  39  46  53  58  60
  61  61  63  65  66  65  64  64  65  66  65  65  67  67  68  71  69  68
  72  82  97 116 123 115 102  98 100 104 116 119 123 122 121 121 121 121
 121 121 121 122 122 122 121 122 122 122 123 123 123 124 124 124 124 124
 124 124 124 124 124 124 124 124 124 124 125 124 124 125 125 124 124 125
 125 126 126 126 125 125 125 125 126 125 124 124 124 126 127 127 128 127
 127 127 128 127 126 126 127 127 127 126 124 124 126 128 126 126 126 126
 127 128 128 128 129 129 129 129 129 129 128 128 127 129 129 129 131 129
 129  28]","[ 29  30 112 111 112 113 112 112 112 112 111 111 111 111 111 111 110 110
 111 111 111 111 111 111 111 110 109 110  94  67  54  46  40  38  37  36
  36  34  33  33  35  35  36  36  35  40  49  53  55  54  52  50  49  48
  48  47  45  39  34  29  26  27  32  34  33  35  35  35  39  46  54  57
  58  59  62  65  66  66  65  64  64  65  64  64  65  65  65  67  69  72
  73  71  76  89 105 113 105  98  98 104 116 120 122 121 120 120 120 121
 122 121 122 122 121 121 122 122 122 123 123 124 123 123 123 123 124 124
 124 124 125 124 124 124 124 124 124 124 125 124 124 125 125 124 124 125
 126 127 127 126 125 125 125 125 126 124 123 122 123 124 126 126 128 127
 126 126 127 126 126 126 127 127 126 125 125 125 126 127 126 126 125 126
 127 127 128 128 128 128 129 129 128 128 128 128 128 129 129 128 130 129
 129  29]","[ 29  29 111 110 110 111 110 111 112 111 110 110 111 111 111 110 107 108
 110 111 111 111 110 109 107 108 107 107  85  62  48  41  41  41  41  41
  41  41  40  41  40  39  40  41  38  39  45  50  56  54  51  49  49  50
  50  50  46  42  38  33  28  27  30  31  33  35  36  35  34  39  46  52
  54  57  60  63  64  64  64  64  63  64  63  63  64  64  64  65  67  71
  73  73  72  72  82  96 102  95  96 105 116 121 122 122 121 120 120 121
 122 122 122 122 122 122 122 122 123 123 123 123 123 123 123 123 124 124
 124 124 125 124 124 124 124 125 124 124 124 123 123 124 124 123 123 124
 126 126 126 125 124 125 125 124 124 123 122 122 123 124 125 126 127 126
 126 126 126 126 126 127 127 126 126 125 125 126 126 127 127 126 126 126
 126 127 127 127 126 127 128 127 127 126 126 127 128 129 128 127 129 127
 128  29]","[ 29  28 110 108 108 109 109 110 111 110 109 109 110 110 109 108 105 106
 108 109 110 109 108 107 108 108 106 102  75  57  48  46  46  46  47  46
  45  45  44  44  42  40  41  41  38  37  41  45  58  55  51  49  51  54
  54  53  47  43  39  34  29  27  30  31  34  34  35  35  32  32  38  46
  51  54  58  60  60  60  61  62  62  63  62  62  64  65  64  66  66  67
  66  69  73  71  74  84  95  93  95 107 116 120 120 122 120 120 120 121
 122 122 122 122 121 121 121 122 122 122 122 122 122 122 122 123 124 124
 123 123 123 123 123 123 124 124 124 123 122 122 122 122 122 122 122 122
 124 124 124 123 123 124 124 123 123 123 122 123 124 125 125 125 125 125
 125 125 125 125 126 126 125 125 124 124 125 126 126 126 125 125 125 125
 126 126 126 126 125 126 127 127 126 125 126 127 129 129 127 126 127 125
 127  29]","[ 29  29 110 107 107 108 108 109 109 108 108 108 109 110 109 108 105 106
 107 108 109 108 107 106 108 108 108 100  72  56  51  50  47  47  47  46
  46  46  46  45  43  40  40  40  37  35  37  41  55  55  52  49  51  56
  57  54  49  45  40  34  28  27  31  33  34  32  32  33  31  28  33  41
  49  54  58  59  57  57  58  59  59  60  60  60  63  64  63  65  66  68
  66  66  71  74  76  81  89  92  98 110 116 119 119 121 120 120 121 122
 122 122 121 121 121 121 122 122 122 122 122 122 122 121 122 123 124 124
 123 122 122 122 122 123 123 123 123 122 122 122 122 122 122 122 122 122
 123 123 123 123 123 124 124 123 123 123 123 124 124 125 124 124 125 126
 126 125 125 125 125 125 125 125 125 125 125 126 126 126 124 124 125 125
 126 126 126 125 125 126 127 126 126 126 126 127 130 128 126 125 125 123
 126  28]","[ 29  29 109 106 106 107 107 108 108 108 108 108 108 108 108 108 106 107
 108 108 108 107 106 106 104 103 104  95  69  56  50  48  46  46  46  45
  46  47  46  44  42  40  40  40  36  33  34  36  48  53  52  47  47  54
  57  56  52  48  42  36  29  27  30  32  32  29  28  30  29  29  33  38
  47  52  57  58  57  56  57  57  57  58  58  59  61  62  61  62  61  64
  65  65  68  72  77  82  85  92 100 112 116 119 118 120 120 120 121 122
 121 121 120 120 121 121 122 122 122 122 122 122 121 121 121 122 123 123
 122 121 122 122 123 123 123 122 122 122 122 122 122 122 122 122 122 122
 123 123 123 123 124 124 124 123 122 123 123 124 125 125 124 123 124 126
 126 125 125 126 126 125 126 126 126 126 125 125 125 125 124 125 125 126
 126 126 125 124 125 126 126 126 126 126 126 126 128 127 126 125 125 123
 125  28]","[ 29  28 108 105 105 106 106 107 106 107 107 107 106 106 106 106 107 107
 108 107 107 106 105 104 107 102 102  91  68  56  53  50  48  47  46  45
  46  46  44  41  41  40  40  40  35  31  32  32  42  50  53  47  45  52
  58  58  54  50  46  39  30  27  28  29  30  28  27  27  29  32  35  38
  45  50  55  57  57  57  56  55  57  58  58  59  61  62  61  61  66  64
  64  67  69  71  75  81  83  92 101 113 115 119 118 119 119 119 120 120
 120 118 118 118 120 120 121 122 122 122 122 122 121 121 120 121 122 123
 122 121 122 123 123 122 121 121 122 122 122 122 122 122 122 122 122 122
 121 122 122 122 123 123 122 121 122 122 123 124 125 125 124 124 122 124
 125 124 124 125 126 125 125 126 126 125 124 124 124 124 124 124 125 126
 126 125 124 122 125 125 125 125 125 126 126 126 126 125 125 125 126 124
 126  29]","[ 29  29 107 106 104 106 104 107 108 107 106 106 105 105 105 105 104 105
 106 106 107 108 108 106 105 105 100  87  64  60  56  47  47  47  48  48
  45  44  45  44  43  42  40  36  33  32  32  32  38  48  52  48  47  54
  59  57  53  49  45  40  34  28  26  29  28  26  26  28  31  34  38  41
  43  49  54  56  57  57  56  55  57  58  58  58  58  60  61  62  66  65
  66  69  71  73  76  80  85  94 109 117 115 116 120 117 117 118 119 120
 119 119 119 119 121 121 121 122 122 122 122 123 121 121 121 122 123 123
 122 122 121 122 122 122 121 122 122 123 122 122 122 122 122 122 122 122
 123 123 122 122 122 122 122 122 122 122 123 123 124 124 124 123 123 123
 125 125 125 125 125 125 125 124 124 125 125 124 124 124 124 125 126 126
 125 123 123 123 124 124 125 125 125 126 126 126 125 125 126 126 125 126
 125  29]","[ 28  29 106 105 104 105 104 107 105 105 105 105 105 105 105 105 103 104
 105 105 106 107 107 106 104 104 102  86  62  60  54  48  47  46  47  47
  45  44  45  44  43  41  39  35  32  30  30  30  31  40  47  49  51  55
  58  57  54  50  45  40  33  26  24  26  27  27  29  32  34  36  39  43
  42  46  52  56  55  54  54  56  56  56  56  56  57  59  61  62  64  65
  66  69  72  74  77  81  86  97 112 118 116 117 119 118 116 117 117 118
 118 118 119 119 120 120 120 121 121 120 120 120 121 121 120 121 121 122
 122 122 122 122 122 122 121 121 122 122 122 122 122 122 122 122 122 122
 122 122 122 122 122 122 122 122 122 123 123 124 124 124 124 124 122 123
 124 125 125 124 125 125 123 123 123 124 124 124 124 125 125 125 125 125
 125 123 123 123 124 124 124 125 125 126 126 125 125 125 125 126 125 126
 125  29]","[ 28  29 105 105 104 105 104 105 104 104 105 105 105 105 104 104 103 103
 104 104 105 106 106 105 104 104 105  85  62  61  54  50  47  46  47  47
  45  44  45  43  40  39  37  35  33  32  32  32  31  36  43  48  51  52
  53  54  52  48  43  37  30  24  23  25  27  30  34  37  38  39  42  45
  45  46  50  54  54  52  51  53  54  53  53  53  55  58  60  62  64  66
  68  70  72  75  79  81  84  99 113 116 115 117 117 118 117 117 117 117
 118 118 118 119 119 119 120 121 120 118 118 118 122 121 120 120 120 121
 122 123 122 122 122 121 121 121 121 122 122 122 122 121 121 121 121 121
 121 122 122 122 122 122 122 121 122 122 122 123 123 123 123 123 122 123
 123 124 124 124 124 124 123 123 123 124 124 124 124 125 125 124 123 123
 123 123 123 123 124 123 123 124 125 126 125 125 124 124 125 125 124 125
 124  29]","[ 28  29 103 104 103 104 104 104 104 104 104 104 104 104 103 103 103 104
 104 104 104 105 104 103 104 102 104  82  61  61  54  51  48  47  48  48
  45  44  44  41  38  37  36  35  35  35  35  35  35  36  39  42  45  45
  47  49  47  43  38  32  27  24  25  28  31  34  38  41  43  44  46  48
  50  49  49  51  53  53  52  52  53  53  52  52  54  58  61  62  65  67
  69  71  74  78  80  81  82 101 112 113 115 116 116 117 118 118 118 118
 119 119 118 118 118 119 120 120 119 118 117 118 121 120 119 119 119 120
 121 122 122 122 121 121 121 121 122 122 122 122 122 121 121 121 121 121
 122 122 122 122 122 121 121 120 121 122 122 122 122 122 122 122 122 122
 123 123 123 123 123 123 124 123 123 123 123 123 123 124 124 122 122 122
 123 123 122 123 123 123 123 123 125 125 125 124 123 123 123 124 123 124
 123  28]","[ 28  30 102 103 103 103 104 103 104 104 104 103 103 103 103 103 104 104
 104 104 104 104 103 102 102 100 101  77  61  61  53  51  48  47  48  47
  45  43  41  39  38  38  37  36  36  35  35  35  34  34  34  34  36  39
  42  43  42  38  33  28  24  24  27  32  36  38  40  43  46  48  50  51
  51  52  51  50  52  54  55  55  55  55  55  55  57  59  62  63  65  67
  69  72  76  80  81  80  83 103 113 112 115 116 115 117 118 118 118 119
 119 119 118 118 118 118 119 119 118 117 117 119 118 118 118 118 118 118
 119 119 121 120 120 120 120 121 121 121 121 121 121 120 120 120 120 120
 121 121 122 122 122 121 121 120 122 122 122 122 122 122 122 122 121 122
 122 122 122 122 122 123 123 123 123 123 123 123 123 124 123 122 122 123
 123 123 122 122 123 122 122 123 124 125 124 123 123 122 123 124 122 123
 122  28]","[ 28  30 101 103 103 102 103 102 102 102 102 102 102 102 103 103 105 105
 104 103 103 103 102 101 103 100  99  78  64  61  55  52  49  48  48  47
  43  42  41  39  39  38  38  38  38  37  37  36  33  33  32  30  31  34
  37  38  38  35  30  26  24  26  31  36  41  42  43  45  48  51  53  53
  53  56  57  53  51  52  54  55  56  57  58  58  59  61  62  63  65  66
  69  74  78  81  82  82  87 105 114 113 115 116 115 116 116 116 117 118
 118 118 118 117 117 117 117 118 117 117 117 118 117 117 117 117 117 117
 118 118 119 118 118 118 119 119 120 120 119 119 120 120 119 119 119 118
 119 120 121 121 122 122 122 121 122 121 121 121 121 121 122 122 121 122
 122 122 122 122 122 122 122 122 122 123 123 123 124 124 123 123 123 124
 124 123 122 122 122 122 122 122 123 124 123 123 123 123 123 124 123 123
 122  29]","[ 28  30 100 102 102 101 103 101 100 100 100 101 101 102 102 102 104 104
 103 102 102 103 102 101 102 101  99  80  68  60  56  53  51  49  48  46
  42  40  41  40  39  39  39  39  39  38  38  37  33  33  33  32  31  32
  34  36  35  33  29  26  26  30  36  41  46  47  48  49  51  54  56  56
  56  58  60  58  55  53  52  53  56  59  61  62  62  62  63  63  66  68
  72  77  80  82  83  85  91 105 113 113 114 115 115 115 115 116 116 117
 117 117 117 117 116 116 117 117 117 117 116 117 117 117 117 117 117 117
 118 118 119 118 117 117 118 118 119 119 118 119 119 119 119 119 118 118
 118 119 119 120 121 122 122 122 121 121 121 120 121 121 121 121 121 122
 122 122 121 121 122 122 122 122 122 122 123 123 123 124 123 123 124 124
 124 123 122 122 122 122 122 122 122 123 122 122 123 122 123 124 122 122
 122  29]","[ 28  30  99 102 102 101 103 100  98  99 100 101 101 101 101 101 103 103
 102 102 102 103 102 101 100 100  97  80  68  56  54  51  50  48  47  44
  40  39  40  40  41  40  39  39  38  36  35  33  33  32  33  33  33  32
  34  37  32  31  29  27  28  33  41  46  50  51  52  52  53  57  59  59
  58  56  57  60  60  57  54  52  57  61  64  65  65  65  65  65  68  70
  75  81  82  82  84  87  92 104 112 113 114 116 116 116 116 116 116 116
 115 115 116 116 116 116 117 118 118 117 116 116 117 117 117 116 116 116
 117 118 119 118 117 117 118 118 118 118 118 118 119 120 120 119 119 118
 118 118 119 120 120 121 121 122 121 121 121 121 121 121 122 122 122 122
 122 122 121 121 122 122 122 122 122 122 122 122 123 123 123 123 123 124
 123 122 122 122 122 122 122 122 122 122 122 122 122 121 122 124 122 121
 121  29]","[ 28  29 100 101 102 102  99  99  98  98 100 101 100  97  98 100 102 101
 101 101 102 102 102 102 103 100  92  79  64  58  55  53  50  49  46  42
  39  39  40  39  39  39  39  39  37  35  33  33  32  34  35  35  36  37
  35  33  30  31  29  26  29  38  46  49  53  54  53  53  54  56  59  61
  57  56  55  57  60  60  59  56  57  56  60  65  64  65  67  66  69  72
  76  79  81  83  86  88  94 105 111 113 114 114 116 116 116 115 114 113
 113 114 115 116 115 116 116 117 117 117 116 116 115 116 117 116 116 116
 117 117 117 117 117 117 117 117 117 117 118 118 118 118 119 119 118 117
 118 118 119 119 120 121 122 122 120 119 118 119 120 120 121 122 122 121
 121 121 122 122 120 119 119 120 122 123 123 122 121 121 121 122 122 122
 122 122 122 122 122 122 122 122 122 122 122 122 123 123 123 123 122 122
 121  29]","[ 29  29 100 100 101 100  98  98  98  99 101 102 100  98  98  99 100 100
 101 101 102 102 102 102 102 100  91  77  64  58  54  51  49  48  46  43
  40  41  44  43  41  41  40  39  37  34  32  32  32  34  35  36  37  37
  34  32  31  29  28  29  34  42  48  51  55  56  56  55  56  58  60  61
  59  57  56  55  56  58  58  59  60  59  60  62  63  66  70  72  73  75
  78  80  81  83  86  88  95 106 111 114 115 114 116 116 115 114 113 113
 114 115 115 115 115 115 116 116 116 116 116 115 115 116 116 115 115 115
 116 116 117 117 117 117 117 117 117 117 118 118 118 118 119 119 118 118
 118 118 118 119 120 120 121 122 119 118 118 119 120 120 121 122 122 121
 121 121 121 121 119 118 117 119 120 122 122 122 122 122 122 122 122 122
 122 122 121 121 122 122 122 122 122 122 122 122 122 122 122 122 122 122
 121  29]","[ 29  29 100  99  99  98  97  97  98  99 101 102 101  99  98  98  99 100
 100 101 102 102 102 102 102 102  92  76  68  62  56  53  52  50  48  45
  41  42  45  45  44  43  41  39  36  33  31  31  33  35  37  38  37  36
  34  31  30  25  24  31  41  47  52  56  57  58  58  57  57  58  59  59
  59  58  57  55  55  56  57  59  60  63  64  65  68  70  72  74  78  79
  80  80  81  83  86  89  96 106 111 113 114 113 115 114 114 114 113 114
 116 117 116 116 115 115 115 115 115 115 115 115 116 116 116 115 114 115
 116 116 117 116 116 116 117 117 117 117 117 118 118 118 118 117 118 118
 118 118 118 118 119 119 120 120 118 118 117 118 118 119 119 119 121 121
 120 120 120 120 118 117 117 118 119 120 121 121 122 122 122 122 122 121
 121 121 121 121 122 122 122 122 122 122 121 121 121 122 121 122 122 123
 122  29]","[ 29  29  99  98  98  97  96  97  98  98 100 101 101 100  98  98  98  99
 100 101 101 101 101 101 100 102  92  76  72  66  59  54  53  51  49  46
  43  43  45  44  45  43  41  38  34  32  31  32  35  38  39  39  38  37
  34  31  29  24  25  33  44  51  56  59  58  58  58  57  56  57  57  57
  58  58  58  58  57  57  57  57  61  66  67  67  71  74  74  76  80  81
  80  80  80  82  86  89  98 107 111 112 112 111 113 113 114 114 114 115
 115 116 116 116 115 115 115 115 115 115 115 115 117 117 117 116 115 115
 116 116 116 116 116 116 116 116 116 116 116 117 117 117 116 116 116 116
 117 118 118 119 119 119 119 119 118 118 118 117 118 118 118 117 119 119
 119 119 119 119 119 118 118 119 119 119 119 120 121 122 122 121 121 121
 121 121 121 121 121 122 122 122 122 122 121 121 122 122 121 122 122 123
 122  30]","[ 29  29  98  97  97  97  97  98  97  98  98  98  99  99  99  98  97  98
  99 100  99  99  99  99  96  98  90  74  73  66  59  53  51  48  46  46
  45  45  45  43  43  42  40  37  34  32  32  34  38  39  40  39  37  36
  33  31  29  27  29  35  45  54  58  59  59  59  57  56  55  55  55  55
  55  56  58  60  60  60  58  57  62  66  65  65  70  75  77  81  81  81
  81  80  81  83  87  90 100 109 111 111 112 111 113 113 113 113 114 113
 113 113 114 115 116 116 115 115 115 115 115 115 116 117 117 116 115 115
 115 115 116 116 116 116 116 115 115 114 113 115 117 117 116 115 116 116
 117 118 119 119 119 119 118 118 119 119 119 118 119 119 119 118 118 118
 118 118 119 119 119 119 119 120 119 119 118 119 121 122 121 121 120 120
 121 121 121 120 121 121 122 122 122 121 121 120 123 122 121 121 121 122
 121  30]","[ 29  28  98  97  97  97  97  98  97  97  97  97  97  98  99  99  97  98
  98  98  98  98  98  98  96  96  91  75  73  65  60  53  51  48  47  48
  47  46  44  42  42  40  38  36  35  34  35  37  39  40  39  38  36  35
  33  30  26  28  31  37  47  56  60  60  60  59  57  55  54  55  55  55
  54  55  56  58  61  62  61  61  59  62  64  66  71  75  79  82  81  82
  83  83  83  85  88  90 101 109 111 111 112 112 114 114 113 114 113 113
 112 113 114 115 116 115 115 115 115 115 115 115 115 116 116 116 115 115
 115 114 116 116 116 116 115 115 114 114 113 114 116 117 116 116 117 118
 117 118 118 119 119 119 118 117 118 119 118 117 118 120 120 119 117 118
 118 118 119 119 119 118 119 119 119 118 118 119 121 122 122 121 120 120
 121 121 120 119 120 120 121 122 122 121 121 120 121 121 121 120 120 120
 120  29]","[ 29  28  97  96  97  97  97  98  96  97  97  96  96  97  98  98  97  97
  97  97  97  97  97  97  98  95  92  77  73  64  62  55  53  50  50  50
  47  44  43  41  40  39  37  36  36  36  38  39  40  40  39  37  36  35
  32  29  24  28  34  42  51  59  62  62  60  59  57  55  54  55  55  54
  54  54  55  57  59  61  62  63  60  61  64  69  72  75  79  81  81  83
  85  86  86  87  88  90 101 109 111 112 112 112 114 114 114 113 112 112
 113 114 114 114 115 115 115 115 114 114 114 114 114 115 115 115 114 115
 115 115 115 116 116 116 116 115 115 114 114 115 116 116 116 116 117 118
 117 117 118 118 118 118 118 117 117 117 117 116 117 119 119 118 117 118
 118 118 118 118 118 118 118 118 118 118 118 119 120 120 121 121 120 121
 121 121 119 118 119 119 121 122 122 121 120 120 119 120 121 121 120 120
 119  28]","[ 29  28  97  96  97  97  96  97  96  97  97  95  95  96  97  97  97  96
  96  96  97  97  97  97  99  94  92  77  72  63  62  55  51  49  50  50
  46  43  42  41  40  38  37  37  37  38  39  41  40  40  39  37  36  35
  32  29  28  31  38  47  56  61  62  61  60  59  57  55  54  54  54  53
  54  55  56  57  58  60  61  63  67  63  65  69  69  73  80  83  82  84
  87  88  88  87  88  89 102 110 113 114 114 114 115 114 114 112 110 111
 113 114 114 113 113 114 114 114 114 114 113 113 114 115 115 114 114 115
 116 116 115 115 116 116 116 116 115 115 116 116 116 115 115 115 117 118
 117 117 117 117 117 117 117 118 117 118 117 115 116 118 119 118 117 117
 117 118 118 118 118 118 118 118 118 119 119 119 119 119 120 120 120 121
 122 121 120 119 118 119 120 121 122 121 120 120 118 120 121 122 120 120
 120  28]","[ 30  28  92  94  94  96  96  97  96  97  98  97  95  95  95  96  95  96
  97  98  98  98  98  99  99  96  91  76  72  65  60  58  51  49  49  49
  47  45  42  38  38  39  38  36  37  40  42  42  40  41  39  38  38  35
  31  30  31  37  45  52  56  59  61  63  60  57  54  54  55  55  54  55
  56  57  58  58  57  58  62  65  65  65  66  69  72  74  77  82  85  88
  88  89  89  87  89  89 105 109 111 112 114 114 113 115 114 112 110 110
 112 114 114 114 114 114 114 114 114 114 113 112 115 115 115 115 115 115
 115 115 114 115 116 116 115 115 115 115 117 117 116 115 115 115 116 116
 116 116 116 116 116 115 115 115 117 117 117 116 116 116 117 117 119 117
 117 118 119 117 117 118 117 117 118 118 118 118 119 120 119 119 119 120
 121 122 122 120 117 118 119 120 120 119 118 118 119 119 119 121 121 121
 121  29]","[ 29  28  92  94  94  96  95  96  96  96  96  96  96  96  96  96  96  96
  97  97  97  97  97  98  98  96  92  78  72  67  62  59  53  50  48  48
  46  44  43  41  38  38  38  38  41  43  44  44  40  41  40  40  40  37
  33  32  32  37  45  52  56  58  60  61  60  58  56  55  55  54  55  56
  56  56  57  57  57  58  59  61  64  68  70  72  74  76  78  81  84  86
  88  89  90  89  92  93 104 108 110 111 112 112 112 113 114 112 110 111
 112 113 114 114 114 114 114 114 114 113 112 111 113 114 114 114 114 114
 114 114 114 115 116 115 115 115 115 114 116 115 115 115 115 115 115 115
 116 116 116 116 116 116 116 116 116 116 117 116 116 116 116 116 117 117
 118 119 119 118 118 118 117 117 117 118 118 118 119 121 120 119 119 119
 121 122 121 120 118 119 119 119 119 119 119 119 119 119 118 119 119 120
 120  29]","[ 29  28  93  94  94  95  95  96  95  94  93  94  96  97  97  96  97  97
  97  97  97  97  97  96  97  96  94  80  73  68  64  60  56  52  49  48
  46  45  44  42  40  39  38  41  43  44  43  42  40  40  40  40  40  37
  33  32  34  39  47  52  56  58  59  61  63  61  59  57  55  54  55  56
  55  55  55  56  58  59  59  58  60  68  73  74  77  80  81  82  84  86
  88  89  90  89  91  95 104 108 110 110 111 110 111 113 114 112 111 112
 113 114 114 114 115 114 114 114 115 114 112 110 112 113 114 115 114 114
 114 114 114 115 115 115 114 115 115 115 115 115 114 115 116 116 116 115
 116 116 116 116 117 117 117 117 116 116 117 117 117 117 116 116 116 118
 119 120 120 120 120 118 118 117 117 118 119 120 121 122 121 121 120 120
 121 122 122 121 119 119 119 118 118 119 120 121 120 120 118 119 118 119
 120  30]","[ 29  29  93  95  94  95  95  96  95  94  93  94  96  97  97  97  97  97
  97  97  97  97  97  96  97  97  94  81  72  69  65  61  56  53  51  50
  47  45  43  41  40  38  39  42  43  42  40  39  40  40  39  40  40  36
  32  31  37  42  48  53  56  58  60  62  65  63  61  58  55  53  54  55
  55  55  55  57  59  61  61  60  59  66  72  75  79  81  82  83  86  87
  88  89  91  90  90  96 105 109 110 110 110 110 111 113 112 111 111 112
 114 114 114 114 114 114 113 113 114 114 112 111 112 113 114 115 115 114
 114 114 114 115 115 115 115 116 116 116 116 115 115 115 117 117 117 117
 117 117 118 118 117 117 117 117 117 118 118 119 118 118 118 118 117 120
 121 121 121 122 121 120 120 119 118 119 121 121 122 122 121 121 121 121
 121 122 121 120 118 118 118 118 118 119 120 122 121 120 119 119 118 119
 120  30]","[ 29  29  93  95  94  95  95  96  95  95  95  95  96  96  97  97  97  97
  96  97  97  97  97  97  97  97  95  83  70  68  65  61  57  53  51  50
  48  45  43  40  38  38  40  42  42  40  39  40  40  41  40  40  39  35
  33  34  41  44  49  53  56  59  61  63  65  64  61  57  55  54  53  53
  55  55  56  57  60  62  63  64  63  67  71  75  79  80  80  83  88  87
  88  88  93  93  92 101 107 110 111 110 110 110 110 113 111 111 111 112
 113 114 113 113 114 113 112 112 113 113 113 112 113 113 113 114 115 115
 114 114 114 115 115 115 116 117 118 118 118 117 116 116 118 119 119 119
 118 118 118 119 118 118 117 117 118 118 119 119 119 119 119 120 119 121
 122 121 121 122 122 121 121 119 119 120 122 122 121 121 119 120 121 120
 120 120 119 117 118 118 118 118 118 118 119 119 120 119 118 118 117 118
 118  28]","[ 28  28  93  94  93  94  94  95  95  96  96  96  96  96  96  97  97  97
  97  97  97  98  98  98  97  96  95  85  70  67  64  62  60  56  53  52
  49  47  46  44  41  42  43  43  42  39  39  40  40  40  40  40  39  36
  35  39  44  46  50  54  57  60  62  63  65  64  62  58  56  55  55  55
  55  55  56  57  60  62  64  65  65  67  70  75  80  80  81  85  89  88
  89  88  92  92  90 102 110 113 113 112 112 112 112 114 114 113 113 114
 114 114 114 114 114 114 113 113 114 114 115 115 114 114 114 115 115 116
 115 115 115 115 116 116 117 118 119 118 118 118 117 117 118 119 120 120
 118 118 118 119 119 118 118 118 118 118 118 118 118 118 119 120 120 121
 121 121 120 121 121 121 120 119 119 120 121 120 120 119 119 120 120 120
 119 119 118 116 117 118 118 118 118 117 117 117 119 119 118 118 117 117
 118  28]","[ 28  28  93  94  93  94  94  95  95  96  96  96  96  96  96  96  97  97
  97  97  97  97  98  98  97  96  95  88  71  68  64  64  64  59  56  54
  51  48  47  44  44  45  45  43  40  39  39  39  39  39  39  39  38  36
  38  43  47  48  52  56  59  61  62  62  63  64  63  60  57  56  56  56
  54  54  55  57  60  62  64  64  64  68  72  75  79  81  83  86  88  88
  90  88  90  89  87 102 113 115 115 114 115 114 114 115 115 115 114 115
 115 115 115 115 115 115 115 115 115 115 115 116 115 116 116 116 115 115
 116 117 115 116 116 116 117 118 118 117 117 117 117 117 118 119 119 119
 119 119 118 118 118 118 118 118 117 117 117 117 117 118 119 120 120 119
 119 119 120 119 119 120 119 118 118 118 119 119 119 119 119 120 119 118
 118 118 117 116 117 117 117 117 116 116 116 116 118 118 117 118 117 117
 118  28]","[ 29  29  94  95  94  94  94  95  95  95  96  96  96  96  95  95  97  97
  97  97  97  97  97  98  97  95  96  91  72  68  65  65  65  60  58  55
  51  48  45  42  43  44  44  41  40  40  40  40  39  39  39  39  38  36
  39  46  49  50  53  57  61  62  62  61  62  64  64  60  56  55  55  56
  54  53  53  56  60  63  64  64  65  71  75  75  78  80  82  84  86  86
  90  88  90  88  87 106 114 116 115 114 115 115 114 114 115 114 114 114
 115 115 115 115 114 115 115 115 114 114 114 115 114 116 117 116 114 113
 115 117 116 116 116 117 118 118 118 116 116 116 117 117 117 118 118 118
 121 120 119 118 117 117 118 118 117 117 117 117 117 118 119 120 118 117
 117 118 119 118 118 119 119 117 117 117 118 118 118 119 119 119 118 117
 116 116 116 116 116 116 116 115 115 116 117 118 117 117 116 116 115 116
 117  28]","[ 30  27  96  94  93  95  96  97  95  96  96  96  96  96  96  96  98  97
  96  96  96  97  98  98  95  98 101  97  84  72  66  65  65  61  57  55
  53  48  45  44  42  42  43  43  39  38  40  41  40  41  39  38  39  38
  40  47  50  53  56  60  62  64  64  64  62  61  59  58  57  56  55  54
  53  54  55  57  59  61  63  64  68  70  73  76  80  83  84  84  84  86
  88  87  90  88  88 104 114 115 115 115 115 117 116 114 116 116 115 115
 115 115 115 115 115 115 115 115 115 115 115 114 115 115 115 115 115 115
 116 117 116 116 117 117 117 117 117 117 116 115 115 117 118 117 117 119
 119 118 117 117 116 117 118 118 117 117 117 118 119 119 118 117 117 117
 118 118 118 119 119 118 118 118 117 117 117 117 118 119 118 118 117 117
 117 117 117 117 118 118 117 117 117 117 117 117 117 117 118 117 117 116
 115  29]","[ 30  28  97  96  95  97  98  98  98  98  97  96  97  98 100 101 102 101
 101 101 102 103 103 103 105 103 105 104  97  75  64  64  64  61  57  54
  50  45  43  44  44  43  43  42  39  39  41  43  42  42  40  39  38  38
  41  47  52  53  55  60  62  62  63  64  64  62  60  58  56  55  54  53
  53  53  54  56  58  61  63  64  69  72  75  78  81  83  84  83  86  87
  88  88  89  89  93 108 113 114 114 114 115 116 116 115 116 116 115 115
 115 115 115 115 114 114 114 114 115 115 115 115 116 116 115 115 115 115
 115 116 116 116 117 117 118 118 117 117 116 115 116 117 117 116 116 117
 118 118 117 117 117 117 118 118 117 118 119 119 118 118 118 118 117 117
 117 118 118 119 119 119 118 118 118 117 118 118 118 118 118 117 117 117
 117 117 117 117 118 118 117 117 117 117 117 117 116 116 117 117 116 116
 115  29]","[ 29  29 100 100  99 100 101 101 102 101 101 100 100 102 104 106 104 105
 105 106 106 106 107 107 110 106 108 107 107  76  62  64  64  62  59  55
  49  45  44  45  45  43  44  43  41  41  43  44  45  43  43  42  38  39
  45  50  54  53  54  59  60  60  61  64  64  63  60  58  57  55  54  54
  53  53  54  55  58  61  63  65  70  72  76  79  81  83  83  83  86  86
  86  87  87  88  99 110 113 114 113 113 114 115 116 116 115 115 115 115
 115 115 114 114 114 114 114 114 115 116 116 116 116 116 116 115 115 114
 114 115 116 116 117 117 118 118 118 118 116 116 116 116 116 116 116 116
 117 117 117 117 117 117 117 117 118 119 120 119 117 117 117 118 117 117
 117 117 118 119 119 118 118 118 118 118 118 118 118 118 117 117 117 117
 117 117 117 117 119 118 117 117 116 116 117 117 116 115 117 116 116 116
 115  29]","[ 29  30 103 103 103 103 104 104 104 105 105 105 105 105 105 106 104 105
 107 107 107 107 107 108 108 107 108 107 108  80  64  66  63  63  62  58
  53  48  46  47  45  43  44  45  43  43  45  45  46  43  44  43  39  40
  49  54  55  54  54  56  58  59  60  63  62  61  60  58  57  56  55  55
  54  54  55  56  58  61  63  65  71  73  77  79  82  83  84  84  85  85
  84  87  85  89 104 111 114 114 114 114 114 114 114 114 115 115 115 114
 114 114 114 114 116 115 115 115 116 116 116 116 116 116 116 116 115 115
 115 115 116 116 117 117 117 117 117 117 116 116 116 116 116 116 116 116
 117 117 117 117 117 117 118 118 118 119 120 119 117 116 117 119 118 118
 117 117 117 118 118 117 118 118 118 118 118 118 118 118 117 117 117 117
 116 116 117 117 118 118 117 117 116 116 116 116 117 116 117 116 116 116
 115  29]","[ 29  30 104 105 105 105 105 106 105 106 107 107 106 105 105 105 105 106
 107 108 108 107 107 107 106 110 107 105 106  90  70  65  64  64  62  59
  55  51  50  50  46  44  44  44  43  43  45  45  45  43  44  44  39  41
  50  56  56  57  56  55  56  59  61  62  60  60  59  59  58  57  56  55
  55  56  57  58  59  62  65  67  73  75  78  80  82  83  84  84  84  84
  84  87  87  92 108 111 115 115 115 115 114 114 114 114 115 115 114 114
 114 114 114 115 117 116 116 115 116 116 116 115 116 116 116 116 116 116
 116 116 116 116 116 116 117 117 117 116 115 116 116 116 116 116 117 116
 118 117 117 117 117 117 118 118 118 118 118 118 117 117 118 118 119 118
 118 117 117 118 118 118 118 118 117 117 117 117 118 118 117 118 118 117
 116 116 116 116 117 117 117 117 117 116 116 115 117 117 117 116 116 116
 115  29]","[ 28  30 104 105 105 105 105 105 105 106 106 105 104 104 104 104 105 106
 107 107 107 107 107 106 107 110 107 105 106 101  81  64  66  64  61  57
  54  52  51  50  48  45  43  42  40  41  44  46  46  45  46  44  40  40
  48  55  57  59  58  56  57  61  63  62  60  60  59  59  58  58  57  56
  56  56  57  58  60  64  67  70  74  76  79  80  80  81  82  81  82  82
  84  87  89  98 109 111 114 114 115 115 115 114 114 115 116 115 114 114
 114 114 115 115 116 115 115 115 115 116 116 115 116 116 116 116 116 116
 117 117 117 117 116 116 116 116 116 116 115 116 116 116 116 117 117 117
 118 117 117 116 117 117 118 118 117 117 117 117 117 117 118 117 118 118
 118 118 119 120 120 119 118 118 117 116 116 117 117 118 117 117 117 117
 116 116 116 116 116 116 117 117 117 117 116 115 117 116 116 116 116 117
 116  30]","[ 28  30 103 104 104 104 104 104 105 105 105 104 104 103 104 104 104 104
 105 106 107 107 106 106 108 107 108 106 107 105  94  74  67  66  63  59
  56  53  50  49  48  45  44  43  41  42  45  46  47  48  47  45  41  40
  45  52  57  58  58  57  58  61  62  62  61  60  59  58  58  58  58  58
  57  57  58  58  60  64  69  73  75  77  80  81  81  81  81  80  81  81
  85  87  93 104 110 112 114 114 114 115 115 114 115 116 116 116 115 115
 115 115 116 116 116 115 115 115 115 116 116 116 117 117 116 116 115 116
 117 117 118 117 117 117 116 116 116 116 116 117 117 116 116 117 117 116
 117 117 117 117 117 117 117 117 116 116 117 117 117 117 117 117 117 118
 118 118 119 120 120 119 118 118 117 117 117 117 117 117 117 117 116 116
 116 116 116 116 116 116 116 117 117 117 117 116 117 116 116 116 116 116
 116  29]","[ 29  30 103 104 104 104 104 104 105 106 106 106 105 104 103 103 104 104
 104 106 107 107 107 106 108 103 110 107 107 105 104  87  67  67  66  63
  58  54  50  47  46  45  45  45  44  44  46  47  47  49  47  44  42  39
  42  50  57  57  57  57  58  59  61  62  62  60  59  58  58  58  59  59
  59  59  58  58  60  64  70  74  75  78  81  83  83  82  82  81  81  81
  86  88  96 109 112 114 114 114 114 115 115 114 115 117 116 116 116 116
 116 116 116 116 116 116 115 115 116 116 116 116 117 117 116 115 115 115
 116 117 119 118 118 117 117 116 116 116 116 117 117 116 116 117 116 115
 117 117 117 117 117 117 117 117 116 116 117 117 117 116 117 117 116 117
 117 117 118 119 118 117 118 118 118 117 117 117 117 116 116 116 116 116
 116 117 117 116 116 116 116 117 117 117 117 117 117 116 116 115 115 116
 115  28]","[ 28  30 104 104 103 103 103 103 104 104 104 105 105 105 105 105 104 104
 104 104 105 106 107 107 106 108 108 107 107 106 103  98  74  68  64  64
  58  53  52  47  47  46  46  46  46  46  46  45  48  48  48  46  43  41
  44  47  53  55  57  58  58  57  58  60  58  57  56  57  58  59  59  60
  62  60  59  60  62  65  71  77  75  79  82  83  82  82  82  81  81  82
  80  84  98 110 114 115 113 114 115 114 113 113 113 113 115 114 115 116
 116 116 116 116 116 115 114 114 116 117 117 117 117 116 115 115 115 115
 116 117 118 118 118 118 116 116 116 117 117 118 118 117 117 117 117 117
 116 117 118 119 119 118 117 116 117 117 117 117 116 117 117 118 118 118
 118 118 118 118 117 117 117 117 118 118 118 118 118 118 116 116 117 116
 117 117 117 117 116 116 116 117 117 117 116 116 116 115 115 115 116 116
 115  28]","[ 29  30 103 104 103 103 103 103 104 104 104 105 105 105 104 104 104 104
 105 105 107 107 107 107 105 107 107 107 106 106 104 102  83  71  67  64
  60  58  52  50  49  48  46  45  45  45  45  44  46  46  47  47  45  43
  45  48  51  54  57  58  57  56  57  58  59  58  57  57  57  58  60  61
  60  60  61  62  63  66  70  74  76  79  82  82  81  81  81  81  81  83
  83  89 102 111 114 115 114 114 114 114 114 114 115 115 114 114 114 115
 115 115 115 115 116 115 115 115 116 117 117 117 116 116 116 115 115 115
 116 116 116 117 117 117 116 116 116 117 117 117 117 117 117 117 117 116
 116 117 118 119 119 118 118 117 117 118 118 118 117 117 118 118 119 119
 118 118 118 118 117 117 118 118 118 119 119 118 118 117 116 117 117 117
 117 117 117 116 116 116 116 116 117 116 116 116 116 115 115 115 116 116
 116  29]","[ 29  29 102 103 103 103 103 103 103 103 104 105 105 105 104 103 103 104
 105 106 107 107 106 105 105 106 107 107 106 105 105 106  96  77  71  65
  63  62  52  52  50  49  47  45  44  44  44  44  44  45  47  48  48  46
  47  48  49  52  56  57  56  56  56  57  58  58  57  57  55  56  58  61
  61  62  64  64  66  70  73  75  79  81  82  82  81  81  81  81  82  84
  87  96 107 113 114 115 115 114 113 113 114 115 115 115 116 115 115 116
 116 116 116 117 116 116 117 116 116 116 116 116 115 116 116 116 115 115
 116 116 116 116 117 117 117 116 116 116 117 117 117 117 117 118 117 116
 116 116 117 118 118 118 118 117 118 118 118 119 119 119 118 118 119 119
 119 118 118 117 117 117 117 118 119 119 119 119 118 117 116 117 117 117
 117 117 116 115 115 115 116 116 116 116 116 116 116 115 115 114 115 115
 115  29]","[ 29  29 100 101 102 103 103 103 102 102 102 104 105 105 105 104 104 104
 105 106 106 106 105 104 107 107 107 107 106 104 105 107 105  85  72  65
  64  63  53  52  49  48  46  45  44  44  44  45  45  46  48  51  51  49
  48  48  50  52  54  56  57  57  57  57  57  58  59  58  56  55  57  60
  61  64  65  65  68  74  78  79  81  82  83  82  81  81  81  82  85  85
  89 100 111 115 115 116 115 114 112 112 113 115 115 114 115 114 114 114
 114 114 114 115 116 117 118 117 116 115 115 116 116 117 117 117 116 115
 116 117 118 118 118 118 117 117 116 116 118 118 117 117 118 118 117 116
 116 116 117 117 117 118 118 118 118 118 118 118 119 120 119 119 120 119
 119 118 117 117 116 116 116 117 118 119 119 119 118 118 117 117 117 117
 116 116 116 115 115 115 116 116 116 116 116 117 116 115 114 114 114 114
 114  28]","[ 30  28  99 100 100 102 103 103 103 102 102 103 104 105 104 104 105 105
 105 106 107 107 107 106 108 107 107 107 106 105 105 105 104  89  72  64
  64  61  56  52  48  48  47  46  45  45  45  45  46  47  50  53  53  52
  50  50  53  53  53  55  57  57  57  56  56  58  60  61  59  57  57  58
  59  62  63  65  69  75  79  81  82  83  84  84  83  81  81  81  87  85
  89 101 111 115 116 116 116 114 112 112 113 114 114 114 115 114 113 114
 114 113 114 114 116 117 118 117 116 115 115 116 117 118 118 117 116 116
 117 118 118 118 118 117 117 117 117 117 117 117 117 117 118 118 117 116
 117 117 117 117 118 118 118 118 118 118 117 118 119 120 120 120 119 119
 118 117 117 116 116 116 116 117 118 118 119 118 118 117 118 118 117 116
 116 116 116 116 116 116 117 117 116 116 116 116 115 114 115 114 114 114
 114  29]","[ 30  28  98  98  99 101 102 102 104 103 102 103 103 104 104 103 105 105
 105 106 107 108 108 108 107 107 107 107 107 107 105 104 100  93  75  65
  63  61  58  53  49  49  48  48  47  46  45  45  46  47  50  53  55  54
  53  53  56  55  54  55  56  57  56  55  55  57  59  61  61  59  59  59
  58  60  63  67  71  75  78  80  82  82  83  84  83  82  81  81  86  83
  89 101 110 114 115 115 115 114 113 112 114 115 115 115 116 115 114 115
 115 114 115 116 117 117 117 117 116 115 115 116 118 118 118 117 117 117
 117 118 117 117 117 116 116 116 117 117 116 117 117 117 117 118 117 116
 116 117 117 117 117 118 118 118 117 117 117 117 118 119 120 120 119 118
 118 117 116 116 116 116 117 117 117 118 117 117 117 116 117 117 117 116
 115 115 115 115 117 117 117 117 116 115 114 113 113 113 114 114 114 115
 115  29]","[ 29  28  98  97  98 100 102 102 103 103 103 103 104 104 104 104 105 105
 104 105 106 106 107 107 105 107 107 107 107 108 106 105 101  99  86  68
  63  63  57  54  49  50  50  49  48  47  47  47  47  47  50  53  55  54
  55  55  57  57  56  56  57  57  57  56  56  56  57  59  61  62  62  62
  62  63  66  69  73  75  77  79  82  82  83  84  83  81  81  81  83  82
  91 103 110 113 115 115 115 115 114 114 114 114 115 116 115 114 113 113
 113 113 114 115 118 117 116 116 116 117 116 116 117 118 118 118 117 117
 117 117 116 117 117 116 116 116 116 117 116 117 117 117 118 118 118 117
 116 116 117 117 117 117 117 117 117 117 117 117 118 118 119 119 118 118
 117 117 116 116 117 117 117 117 117 117 117 116 116 116 116 116 117 116
 116 116 115 114 116 117 117 117 116 115 113 112 111 112 113 114 114 115
 115  29]","[ 29  28  98  97  97  99 101 102 101 102 103 104 105 105 105 105 105 105
 105 105 105 105 105 104 104 107 108 106 106 108 107 105 105 104  96  72
  63  65  55  54  50  50  50  50  49  48  48  48  47  47  49  53  54  54
  55  56  57  58  58  58  58  58  58  59  58  56  55  57  61  64  65  66
  67  66  67  71  73  75  77  79  82  81  82  83  82  81  80  81  81  83
  93 105 111 114 116 115 115 115 115 114 113 113 114 115 116 116 115 115
 115 115 115 116 118 117 116 116 117 117 117 117 117 117 117 118 118 117
 116 116 117 117 118 117 116 115 116 116 116 117 118 118 118 119 119 118
 117 117 117 118 118 118 117 117 117 117 118 118 118 118 118 118 118 118
 117 117 116 117 117 117 117 117 117 116 116 116 117 117 116 117 118 118
 118 118 116 115 115 115 116 116 116 115 113 111 112 112 114 114 115 115
 115  29]","[ 29  29  97  97  96 102 101 100 100  98 101 104 105 105 106 105 105 105
 105 105 104 105 105 106 105 105 106 106 106 105 105 106 105 106 103  77
  66  64  57  52  48  51  52  49  48  49  50  50  48  49  50  51  53  55
  57  57  57  58  59  59  58  57  60  63  61  59  57  58  60  63  65  66
  71  71  71  74  74  74  76  79  80  81  81  82  82  82  82  82  82  81
  96 109 110 114 116 115 116 115 114 114 114 115 115 115 115 114 114 114
 115 115 114 114 115 115 116 116 116 117 118 118 118 116 116 117 117 117
 117 116 115 116 117 118 118 117 116 116 116 116 117 118 118 118 118 118
 118 118 118 118 117 117 117 117 117 116 117 118 118 117 119 121 119 118
 117 116 117 117 117 116 116 117 117 117 117 117 117 117 117 116 116 118
 119 118 117 118 116 116 116 115 114 114 114 114 114 114 115 115 115 117
 116  29]","[ 28  29  97  99  97 101 101 101  98  97  99 103 104 104 104 103 104 104
 104 104 103 104 104 105 105 105 105 106 106 105 106 107 105 105 104  87
  68  65  58  52  51  52  52  49  48  49  50  51  48  49  50  51  52  55
  57  57  57  59  61  60  57  57  59  61  64  62  61  61  63  64  65  65
  69  68  70  73  75  75  76  78  80  81  82  82  82  81  81  81  82  80
  96 110 111 114 116 115 116 115 114 114 114 115 115 115 116 115 114 113
 114 115 115 114 115 115 116 116 116 116 117 118 117 116 116 117 118 117
 117 116 116 117 117 118 117 117 116 116 116 117 117 118 118 118 118 118
 118 118 118 118 118 117 117 117 117 117 117 118 118 118 120 121 120 119
 118 117 118 118 117 117 116 116 117 117 118 118 118 118 117 116 116 117
 117 116 116 117 117 117 117 116 115 115 115 114 114 114 115 115 116 117
 116  29]","[ 28  30  96  99  97  98 101 100  99  98  99 103 104 103 102 102 102 102
 103 102 102 103 104 105 105 105 106 106 106 106 107 108 105 104 105  98
  75  68  62  56  53  53  52  49  47  49  51  51  51  51  51  51  53  55
  56  57  56  60  62  60  56  56  58  60  65  64  64  65  65  65  65  64
  65  65  67  71  74  75  76  76  79  81  82  83  81  80  80  80  81  79
  95 110 112 113 115 115 116 115 114 113 114 115 115 115 117 115 113 113
 114 115 115 115 115 116 116 116 116 116 116 117 117 116 116 117 118 117
 117 116 117 117 117 117 117 116 116 116 117 117 118 118 118 118 118 118
 118 118 118 118 118 118 118 118 117 118 118 117 117 119 121 121 120 119
 118 117 118 118 118 118 116 116 117 118 118 119 119 119 117 117 117 117
 117 116 117 117 118 118 117 116 116 116 116 115 114 115 116 115 116 116
 116  29]","[ 29  30  96  99  98  96 100  99 101 101 100 101 103 102 102 103 101 102
 102 102 103 103 104 105 105 105 106 106 106 106 106 107 106 106 105 104
  86  72  65  61  55  54  52  49  48  49  50  51  50  51  52  52  54  56
  57  58  56  60  61  59  56  58  60  60  63  64  65  65  66  65  64  64
  64  65  67  71  74  75  75  76  77  79  81  82  80  80  80  80  82  79
  96 112 113 113 114 115 115 114 113 113 114 115 116 116 117 115 114 113
 114 115 116 115 115 116 117 117 117 116 116 116 118 117 117 117 118 117
 116 116 117 117 117 117 116 116 116 117 118 118 118 118 118 118 118 118
 118 118 118 117 117 118 118 118 117 119 119 117 118 120 120 120 118 118
 117 117 117 118 119 119 118 118 118 118 118 118 118 118 118 118 118 117
 117 116 117 118 118 118 117 116 116 116 116 116 116 116 117 116 116 116
 115  29]","[ 30  29  97  98  98  96 100  99  99 101 100  99 101 102 101 102 101 102
 103 103 104 104 104 105 105 105 105 105 105 105 105 106 106 108 106 103
  98  78  65  59  54  54  52  49  48  48  48  49  47  49  51  53  56  58
  60  60  58  60  60  58  58  60  62  62  63  64  65  65  65  64  64  64
  65  67  70  73  74  75  76  77  78  79  81  81  80  79  80  81  84  81
  97 113 114 114 115 115 115 114 113 113 114 116 117 117 117 116 115 115
 115 116 116 116 116 117 117 117 117 116 116 117 117 116 117 118 118 117
 117 117 117 117 117 117 116 116 116 117 119 119 119 119 118 118 118 118
 118 118 117 117 117 117 118 118 118 119 119 118 118 120 119 118 118 118
 118 118 118 118 119 120 118 118 118 118 118 118 118 117 118 118 118 117
 116 117 117 118 117 118 117 116 116 117 117 117 116 117 118 117 116 116
 115  29]","[ 29  27  99  96  97  96  99 100  98 104 103 100 102 102 100 100 102 103
 104 104 104 104 103 103 105 105 105 105 105 104 104 105 105 107 106 102
 105  85  64  56  54  54  52  49  47  46  47  48  48  50  52  54  56  58
  59  59  61  62  61  60  61  63  64  64  64  65  65  65  65  64  64  64
  65  69  72  74  75  75  76  77  79  80  81  81  80  80  80  81  84  81
  97 112 113 113 114 114 114 114 114 114 115 116 117 117 116 116 116 116
 116 116 116 116 116 117 117 117 117 117 117 117 116 116 116 118 118 118
 118 118 118 118 118 117 116 116 117 117 119 119 119 119 118 118 118 118
 118 118 117 117 117 117 118 118 118 119 119 119 119 119 118 117 119 119
 120 120 119 118 119 119 118 118 117 118 118 119 118 118 118 118 118 118
 117 118 118 118 118 118 118 117 117 118 118 118 116 117 118 117 117 117
 116  30]","[ 29  27 105  97  96  96  97 100 106 113 110 102 102 102 100  99 100 101
 103 104 104 103 103 102 104 104 105 105 105 104 105 106 106 106 106 103
 105  95  71  58  57  55  53  50  47  46  47  49  52  53  55  56  57  59
  59  59  63  62  62  62  63  65  65  65  65  65  65  65  65  65  64  64
  65  68  73  75  76  77  77  77  79  80  81  81  81  81  81  81  82  80
  95 108 109 112 114 113 115 115 116 116 115 115 116 117 116 116 116 116
 116 116 116 117 117 117 117 117 116 117 117 118 116 116 117 118 118 118
 118 118 118 118 118 118 117 117 117 117 118 118 118 118 118 119 119 119
 119 118 118 117 117 118 118 118 119 118 118 119 120 119 118 118 119 120
 121 121 120 119 119 119 118 117 117 117 119 119 119 118 118 119 119 118
 118 119 119 118 118 118 118 117 116 117 117 117 117 117 118 117 117 118
 116  29]","[ 30  30 112 100  97  98  96 101 115 122 116 103 100 101  99  98  98 100
 102 104 104 104 103 102 103 103 104 104 104 104 105 106 108 104 106 105
 103 104  80  65  60  58  54  51  47  47  49  52  53  54  55  57  59  61
  62  62  62  61  62  63  65  65  65  66  65  65  65  65  66  65  65  64
  65  68  73  76  78  79  79  77  77  78  80  81  81  81  81  81  81  80
  95 107 108 111 114 113 115 116 117 117 115 115 115 116 116 116 117 116
 116 116 116 117 117 117 116 116 116 116 117 118 117 117 118 118 118 117
 117 117 118 118 119 118 118 118 118 118 117 117 118 118 119 119 119 120
 119 119 118 118 118 118 118 119 119 118 117 119 120 119 119 119 118 120
 121 121 120 119 119 119 118 117 117 118 119 120 119 118 117 118 118 118
 118 119 119 117 118 118 117 116 116 116 116 116 118 118 118 117 117 118
 116  29]","[ 29  28 106 104  97  96 113 124 136 122 107 102 101 101  99  99  99  99
 103 101 103 105 101 103 102 103 104 105 106 106 105 105 105 109 107 107
 105 104  97  72  61  62  55  54  53  49  51  50  49  52  54  55  58  62
  63  62  62  60  60  61  63  64  65  66  64  65  65  66  65  65  65  65
  65  68  71  74  78  80  79  77  77  78  79  79  80  81  81  80  81  84
  89 104 112 111 114 114 115 116 117 117 116 116 116 116 116 116 115 115
 116 116 117 117 118 117 116 116 117 118 118 118 116 118 119 118 117 116
 117 118 120 118 118 118 118 117 119 121 121 121 120 118 118 119 121 121
 121 122 121 120 118 118 119 120 119 118 118 119 121 122 121 119 121 122
 121 120 118 118 119 120 119 119 119 120 119 118 119 120 119 119 118 117
 118 120 119 116 117 118 119 118 117 117 116 116 118 118 119 119 118 118
 116  29]","[ 30  30  94  99 114 131 139 136 115 107 100  98  98  98  97  96  96 100
 100 100 105 105 101 104 102 103 104 105 105 105 104 104 103 108 106 107
 106 106 104  85  66  62  58  56  52  49  50  47  50  52  53  54  57  61
  63  63  62  60  60  61  63  64  64  64  65  65  65  65  64  64  64  64
  66  67  70  74  78  80  79  77  76  77  78  78  79  80  81  80  81  84
  89 103 111 111 114 115 115 116 116 116 116 116 116 116 117 117 116 116
 116 116 117 118 117 117 116 116 117 118 118 118 117 118 119 119 118 117
 117 117 118 118 117 118 118 118 119 121 121 120 119 118 119 121 122 122
 122 121 120 119 118 118 119 119 119 118 118 119 121 122 122 121 120 121
 121 120 118 118 118 118 119 119 120 120 120 119 119 119 119 120 119 118
 118 119 118 116 117 118 119 118 118 117 116 115 117 118 118 118 118 117
 116  28]","[ 28  31 106 123 135 135 123 113 101  98  96  96  97  97  98  99 100 101
 100 102 102 101 103 105 104 104 104 105 105 105 105 105 105 107 105 106
 104 106 107  96  73  60  57  56  50  50  50  47  48  50  51  52  55  59
  62  62  60  59  58  60  62  63  63  63  66  66  66  65  64  63  63  64
  66  66  68  74  78  79  78  76  76  76  76  76  78  80  80  80  80  82
  88 100 109 111 114 115 115 115 116 116 115 115 116 116 117 117 117 116
 115 115 117 118 117 116 116 116 117 117 118 118 118 118 119 119 119 119
 118 117 117 118 118 118 118 119 120 121 122 120 119 118 120 122 122 121
 123 121 119 118 118 118 118 118 119 118 118 119 121 122 122 122 120 121
 121 120 120 119 119 118 119 119 119 121 121 120 119 119 119 120 121 119
 118 119 118 117 118 119 119 119 118 117 117 116 119 118 118 118 118 118
 116  29]","[ 31  29 127 136 128 112  95  89  89  89  92  98 100  97  94  93  97  94
  96 105 102  98 104 102 104 104 105 105 105 105 106 106 107 107 105 105
 104 105 108 102  85  61  55  55  51  51  49  46  46  47  49  51  54  57
  59  59  58  58  58  59  61  63  63  62  64  65  66  65  63  62  62  63
  65  64  67  72  76  78  77  77  76  76  76  76  78  80  81  81  79  81
  87  98 107 111 113 115 115 115 115 116 116 116 116 116 117 117 117 116
 115 115 116 117 116 116 116 116 117 118 118 119 119 119 119 119 119 119
 119 119 117 119 119 118 119 120 121 120 122 121 120 119 120 121 121 120
 122 121 120 119 118 118 119 119 119 119 118 119 121 122 122 121 121 122
 121 121 120 120 119 118 120 119 119 120 121 121 120 119 119 120 121 120
 120 120 120 119 119 120 120 119 118 118 118 118 120 119 118 117 118 119
 117  29]","[ 31  27 141 136 130 132 131 124 110 104 100 100  92  76  62  57  61  62
  69  89 102 101 103 101 103 104 104 104 104 105 106 107 108 107 106 106
 107 108 110 108 103  71  59  57  53  51  47  45  45  46  47  49  51  54
  56  57  57  58  58  59  60  62  62  61  59  62  65  64  61  59  60  62
  64  64  66  70  74  77  78  79  76  76  76  77  78  79  80  80  80  81
  87  96 105 111 114 115 116 116 116 116 117 117 116 116 117 118 118 118
 117 116 117 118 117 117 116 116 117 118 120 121 120 120 120 119 118 118
 119 120 118 120 120 119 119 121 121 120 121 121 121 120 119 119 120 120
 122 122 121 120 118 118 119 120 120 120 120 121 122 122 122 121 121 121
 121 120 119 120 119 119 121 120 119 120 121 121 121 120 121 120 120 120
 121 121 120 119 121 121 121 119 118 119 119 120 120 118 117 116 117 118
 117  29]","[ 27  34 153 151 139 132 119 102  93  78  62  53  45  38  37  40  36  42
  42  61  93 102  99 103 103 103 104 105 105 106 107 108 108 108 107 107
 109 110 109 109 111  85  66  60  57  53  47  46  45  45  45  45  47  50
  53  55  56  57  57  57  57  58  59  58  56  59  63  63  60  58  59  60
  61  63  65  68  73  77  80  80  77  76  76  76  77  77  78  79  81  81
  87  94 103 112 114 116 117 117 117 118 118 118 117 117 116 117 118 118
 117 117 117 117 119 118 118 118 118 119 120 121 121 121 121 119 118 118
 119 120 121 121 121 120 120 121 121 120 119 121 122 121 120 120 120 121
 121 122 122 121 120 119 120 121 120 121 121 122 123 123 122 121 122 122
 121 119 119 119 120 121 121 120 119 120 121 121 121 121 121 120 119 119
 120 120 119 117 121 121 121 119 118 119 120 120 120 118 117 116 118 119
 117  30]","[ 28  31  84  74  56  40  29  22  19  19  24  33  39  41  42  43  44  45
  41  48  75  96  99 101 103 104 105 105 105 106 107 109 108 108 108 107
 108 109 108 109 109  97  75  64  62  56  50  48  47  46  45  45  46  48
  51  53  55  57  57  55  54  55  56  55  56  58  60  60  59  58  58  59
  59  61  63  66  71  78  81  80  77  76  76  76  76  76  78  80  81  81
  86  90 100 110 113 115 118 118 119 119 120 119 118 117 116 116 117 117
 117 117 117 118 120 120 120 120 119 119 119 119 121 121 120 119 119 119
 120 121 122 120 120 120 120 120 120 121 119 121 122 122 121 121 121 121
 121 121 122 122 121 121 121 122 120 120 121 121 122 122 122 122 122 122
 121 119 119 119 121 122 120 119 119 120 121 121 121 122 120 119 118 118
 119 118 118 117 120 120 120 119 118 118 119 118 118 118 118 118 119 120
 118  30]","[ 30  27  21  18  19  22  23  27  25  29  33  36  38  40  40  40  43  39
  43  43  57  88 104 100 102 103 104 105 104 105 106 107 106 107 108 106
 108 110 109 111 107 107  85  69  66  59  52  49  48  47  47  48  48  49
  51  53  55  57  57  55  53  55  56  56  55  56  57  58  58  57  57  56
  56  59  61  64  71  79  81  78  76  75  75  75  75  76  79  82  81  80
  84  87  97 109 112 115 118 119 119 120 120 120 118 117 117 116 117 117
 118 118 119 119 121 121 122 121 120 119 118 118 120 120 119 119 121 122
 122 121 120 118 117 118 119 118 118 120 120 121 122 122 122 123 122 121
 121 121 121 122 122 122 122 121 119 119 119 120 121 121 122 122 121 121
 121 119 118 119 120 121 119 119 119 121 122 122 121 122 119 119 118 118
 118 117 118 119 118 119 119 118 118 117 117 117 117 117 118 119 119 119
 117  28]","[ 31  27  32  30  31  31  32  31  30  33  36  38  39  40  41  42  39  43
  39  46  48  69 102 100 104 103 103 103 104 105 104 103 106 105 106 107
 108 109 110 111 108 106  92  66  67  62  60  51  51  50  48  48  50  53
  54  53  55  55  55  55  55  55  55  55  54  54  55  55  55  55  55  55
  57  60  62  65  69  75  78  78  75  76  76  77  78  79  80  81  82  81
  82  88  97 107 113 114 119 120 119 118 119 119 118 118 118 118 119 119
 118 118 119 119 120 121 122 122 120 119 119 119 121 121 121 119 118 118
 120 122 119 119 118 119 120 120 119 118 122 121 121 121 122 122 121 120
 121 120 120 121 122 123 122 121 120 118 116 118 120 120 120 120 121 121
 121 119 118 119 120 121 120 119 119 120 121 121 121 121 119 120 119 119
 119 119 119 118 119 119 118 117 116 117 117 117 118 114 119 116 120 119
 117  31]","[ 30  29  37  37  38  37  37  36  37  38  40  41  40  39  39  39  38  38
  36  42  39  48  90 108 104 105 105 105 105 105 106 106 110 109 107 107
 107 108 109 111 108 106 100  76  69  65  61  58  52  52  51  51  52  54
  55  55  54  56  57  56  56  56  56  56  53  53  53  53  54  54  55  55
  53  56  59  63  68  74  79  80  78  78  78  78  78  79  79  79  80  82
  84  86  94 104 112 115 117 119 118 116 117 117 117 119 119 119 118 118
 118 118 118 118 120 120 121 120 119 118 119 119 123 123 122 121 120 120
 120 121 120 120 120 121 122 122 122 121 122 121 121 121 121 121 120 120
 120 120 121 121 122 122 121 121 120 118 118 119 120 120 120 120 121 121
 120 119 119 120 121 121 121 120 120 121 121 121 121 122 120 119 119 119
 120 121 120 119 119 119 119 118 118 118 118 118 115 120 118 116 119 119
 118  27]","[ 30  31  41  41  41  39  38  38  39  40  40  38  34  32  31  31  31  27
  25  31  30  32  76 105 102 104 105 105 104 104 105 106 106 106 107 108
 109 108 107 108 108 105 102  79  65  66  63  64  57  57  56  54  53  54
  55  55  54  56  58  57  55  54  55  56  54  53  53  53  53  54  54  54
  55  56  60  65  70  73  76  78  79  79  79  79  79  79  79  80  80  83
  84  84  90 101 109 110 116 119 118 116 116 116 117 119 122 120 119 118
 119 119 119 118 120 121 120 119 118 118 119 121 122 121 120 120 120 119
 118 118 120 120 121 122 123 123 123 123 123 122 122 122 121 121 120 120
 119 120 122 122 122 122 121 121 119 118 118 119 119 119 119 120 120 120
 120 119 120 121 121 120 121 120 120 120 121 121 121 122 120 120 119 119
 121 122 121 119 118 119 119 119 119 119 119 119 120 117 118 120 116 115
 118  31]","[ 28  30  40  39  38  35  35  35  32  32  31  28  24  21  21  21  24  24
  23  24  23  24  71 105 102 104 106 106 105 105 106 107 105 106 108 111
 111 110 108 107 107 108 106  89  69  70  67  63  61  61  58  56  54  54
  55  55  55  57  58  56  55  54  55  56  55  55  55  55  55  54  54  53
  52  54  59  66  70  72  74  76  77  76  76  76  78  79  80  80  79  80
  80  83  90 100 107 109 115 119 119 118 118 117 117 119 121 120 119 119
 119 119 118 118 119 119 119 118 118 118 119 120 122 121 121 121 122 122
 120 118 119 120 120 121 121 121 121 121 122 122 121 121 121 120 120 120
 120 120 121 121 121 121 121 121 122 122 121 121 121 122 122 122 119 119
 119 118 119 120 120 119 119 119 118 119 119 119 119 119 119 118 118 118
 119 120 119 117 117 118 119 119 119 119 118 118 120 115 121 117 118 121
 116  26]","[ 30  29  36  33  30  26  27  28  25  25  24  21  18  17  18  19  16  18
  20  21  25  28  71 103 100 102 104 106 107 107 107 107 108 108 108 109
 109 108 108 108 107 109 102  94  72  67  71  70  65  62  59  56  55  55
  55  54  55  56  58  58  57  57  56  55  54  55  56  56  57  56  54  52
  55  56  61  67  71  72  75  77  78  77  76  76  77  78  79  80  80  79
  80  83  87  92 101 108 110 115 117 117 118 117 117 119 120 121 121 121
 120 120 120 120 119 119 120 119 119 119 119 120 119 118 118 120 122 122
 120 118 120 121 122 122 122 122 122 123 122 122 122 122 122 122 122 122
 123 122 121 121 122 123 123 123 121 120 120 119 120 121 120 120 119 119
 119 119 120 121 121 120 119 119 120 120 120 120 119 120 119 120 120 119
 119 119 119 118 119 120 120 120 120 120 119 118 116 118 120 115 121 118
 117  33]","[ 30  28  31  25  20  17  17  17  19  19  18  16  15  15  17  18  19  18
  18  18  20  26  69 103 100 101 103 106 107 108 107 107 107 107 108 109
 110 109 108 109 113 112 104 104  80  65  70  73  69  66  62  58  56  56
  55  53  53  55  57  59  60  59  56  54  54  54  56  57  58  57  55  53
  54  55  58  62  66  70  74  77  80  78  76  75  75  76  76  76  78  77
  79  82  83  86  97 109 109 114 117 118 120 120 120 121 117 118 119 119
 119 118 118 118 117 118 119 119 118 118 118 119 119 119 119 120 122 122
 121 119 118 119 120 121 121 121 121 122 121 121 121 121 121 121 121 121
 122 120 119 119 120 121 121 121 121 121 120 119 120 121 121 120 118 118
 118 118 118 119 119 118 118 118 119 120 120 119 118 118 119 120 120 120
 119 118 118 118 117 118 119 119 118 118 117 116 117 120 121 122 121 117
 122  24]","[ 30  27  29  23  20  18  18  17  18  18  17  17  17  17  18  18  15  17
  19  19  16  27  67  99 103 104 105 107 108 108 108 108 105 106 108 111
 111 110 109 109 106 106 105 107  91  74  71  70  66  64  61  58  57  56
  55  54  53  55  56  58  58  58  56  54  55  55  56  57  58  58  56  55
  55  57  60  62  66  71  75  78  79  78  76  75  75  75  75  74  74  75
  78  81  82  85  95 104 111 114 115 116 118 118 117 118 118 119 119 120
 120 119 119 119 118 119 120 120 120 119 120 120 118 118 119 119 120 120
 119 118 119 120 121 121 121 121 122 122 122 121 121 121 122 122 122 121
 121 120 119 119 120 121 121 121 119 120 120 119 119 120 120 119 119 119
 120 119 119 119 120 119 119 119 120 121 120 119 119 120 120 121 121 121
 120 120 120 120 119 119 120 119 119 119 119 118 115 117 117 118 116 122
 117  30]","[31 27 31 28 29 29 30 29 29 29 29 29 29 29 28 28 29 29 28 31 28 28 31 27
 28 29 30 30 29 29 29 29 29 29 28 29 29 29 29 30 30 28 29 29 29 30 30 28
 29 29 29 28 28 28 29 29 29 29 29 28 28 29 29 29 30 29 28 29 29 30 29 28
 27 29 30 29 28 29 29 29 30 29 28 28 29 30 29 28 29 29 29 29 28 28 29 31
 29 30 29 28 30 30 28 29 30 29 29 29 30 30 29 29 28 29 29 29 29 28 29 29
 29 30 30 30 29 29 28 28 29 29 29 29 29 29 29 29 30 29 28 29 29 30 29 28
 29 29 29 29 28 29 29 30 28 30 30 29 28 29 29 29 29 29 29 29 28 29 29 29
 28 28 29 30 29 28 29 30 28 28 28 28 29 29 29 27 28 29 29 29 29 29 29 28
 31 29 27 29 30 28 28 30]"
