"[32 30 30 28 30 28 28 29 30 30 30 29 29 29 29 30 30 29 29 29 29 30 29 28
 30 30 28 30 30 28 29 29 29 30 30 29 29 29 29 29 28 30 28 30 28 29 29 29
 29 29 29 29 28 28 28 28 30 29 28 28 29 30 30 28 29 29 29 29 29 29 29 29
 29 29 29 29 29 29 29 28 29 29 29 29 29 29 29 30 28 30 30 29 28 28 29 29
 27 29 29 29 29 29 29 28 30 30 29 29 29 29 28 28 30 29 28 28 28 29 30 30
 29 29 29 29 28 28 29 30 29 29 29 29 29 29 29 29 29 29 30 30 29 29 29 28
 29 29 29 29 29 29 29 29 29 29 29 29 29 29 29 29 30 28 28 29 28 29 30 28
 28 31 28 29 29 28 31 28 28 28 30 29 28 29 30 28 30 29 29 29 29 29 29 28
 30 28 30 28 31 31 30 30]"
"[29 31 29 28 29 27 33 29 28 28 28 28 29 30 30 28 27 29 30 28 28 28 30 32
 28 28 26 29 30 29 30 29 29 29 28 28 28 29 29 28 29 31 28 30 28 29 30 29
 29 29 29 29 30 31 31 30 27 29 30 30 29 29 29 29 30 30 30 30 30 30 29 29
 30 29 29 29 29 29 29 28 29 29 30 30 30 29 29 28 29 29 29 28 29 30 30 30
 30 30 30 29 29 29 29 28 27 28 29 29 30 30 29 29 28 28 29 30 30 30 28 27
 30 29 29 30 29 29 29 28 30 30 29 28 29 30 30 31 28 28 27 27 28 29 30 30
 29 29 29 29 29 29 28 28 29 29 29 29 29 29 29 29 30 29 29 29 28 28 29 28
 28 29 28 28 29 28 30 29 32 29 28 29 29 29 30 29 26 27 28 28 28 29 30 31
 31 28 29 30 27 26 36 29]"
"[ 30  32 127 123 124 130 126 127 129 129 128 126 125 124 121 120 124 130
 134 137 144 150 154 160 161 166 169 170 169 166 169 169 166 166 167 168
 166 164 162 161 162 166 163 165 163 165 165 164 163 162 161 161 162 163
 161 160 160 160 161 162 161 159 158 159 159 159 158 159 159 160 159 159
 157 156 156 156 156 156 155 155 152 152 152 151 150 148 147 145 144 142
 138 135 133 131 130 128 129 129 128 128 130 132 133 132 129 129 129 128
 127 125 123 122 122 122 122 122 122 122 122 122 119 118 116 115 114 112
 110 108 107 107 105 103 103 103 103 101 106 105 103 101 100  99  97  96
 100 100 100 100 100 101 101 101 106 109 111 112 110 105  99  95  90  87
  84  80  75  74  76  76  75  73  73  72  70  68  64  64  67  63  63  65
  62  54  46  39  51  54  60  65  69  74  79  82  88 100  99  97  97 103
  92  27]"
"[ 31  23 138 129 130 132 135 131 129 130 131 130 128 128 128 129 125 129
 126 126 130 130 127 128 129 137 142 145 146 148 155 157 164 166 168 168
 165 163 163 166 161 167 166 167 164 165 167 167 166 165 164 163 164 164
 164 163 164 162 161 162 163 162 161 161 161 160 160 160 161 162 162 162
 161 160 159 160 160 160 159 159 159 160 160 159 158 156 155 154 156 154
 150 148 147 147 146 144 141 139 136 134 134 134 134 132 133 133 134 133
 133 132 131 130 131 130 128 126 124 123 124 124 124 123 123 122 121 120
 119 118 118 118 117 115 114 114 112 109 106 105 105 105 105 104 101  99
  98  98  97  97  96  96  96  95  94  96 100 103 104 105 104 104 106 107
 109 108 101  94  89  84  84  81  85  85  84  81  74  75  70  66  66  68
  69  68  66  62  58  58  58  57  54  52  52  52  56  68  68  73  80  92
  91  31]"
"[ 31  30 133 133 136 134 129 125 130 131 131 130 129 130 131 132 129 132
 128 127 131 131 128 130 131 131 126 124 125 127 131 130 129 130 132 134
 136 140 146 151 154 163 167 173 169 168 167 165 166 165 164 163 162 162
 163 163 165 164 163 164 163 162 162 162 163 162 162 162 162 163 163 163
 162 162 162 162 162 163 162 162 160 161 161 161 161 161 161 161 159 158
 156 157 158 160 160 159 156 154 150 148 146 145 143 141 139 138 138 137
 137 136 135 135 134 135 135 134 134 132 131 130 125 125 125 124 123 122
 122 122 123 123 122 120 120 121 120 118 117 116 115 114 113 110 107 105
 105 104 102 100  98  96  94  93  98  98  99 100 100 100 100 100 101 101
 102 103 101 101 103 103 103  99 102 100  98  95  87  88  84  81  78  75
  74  76  76  72  74  73  70  68  65  64  63  62  55  56  52  51  47  49
  56  27]"
"[ 29  28 169 164 161 158 151 156 148 145 141 137 136 134 131 128 130 132
 129 127 129 129 130 133 132 132 129 129 130 131 132 130 130 129 127 126
 126 126 125 123 128 132 131 137 138 145 153 159 163 163 163 164 165 166
 169 170 165 168 169 168 164 163 163 164 166 166 165 165 165 164 163 163
 164 164 164 164 164 164 164 165 165 165 165 164 164 165 165 165 163 163
 162 162 162 163 162 161 161 160 159 158 159 160 159 157 152 150 148 145
 142 140 139 138 136 135 135 135 136 136 136 135 136 136 136 134 131 129
 129 129 128 127 125 124 123 123 123 123 120 120 120 121 122 123 123 123
 119 118 116 113 111 109 107 106 102 102 103 103 103 102 100  99 103 102
 104 104 102 101 100  98 100  98  99 100 101 101 100 101  95  98 100  98
  96  96  92  85  85  82  78  75  73  73  73  73  65  68  65  64  64  65
  61  28]"
"[ 30  28 192 189 187 178 184 174 174 172 169 165 163 161 157 154 146 145
 141 136 134 132 131 130 130 131 131 135 135 132 131 128 130 132 131 130
 130 130 127 122 127 128 126 131 129 127 125 125 134 134 136 139 142 146
 148 150 156 160 162 161 162 165 168 168 163 164 166 167 166 165 164 164
 165 165 165 165 164 164 165 166 166 166 166 166 165 165 165 165 165 165
 165 164 164 164 164 164 163 163 161 161 161 162 162 160 161 160 158 156
 154 153 153 153 151 148 145 143 142 141 140 138 138 139 139 138 137 136
 136 135 135 132 131 131 131 128 128 129 126 126 125 124 124 123 123 123
 125 124 123 122 120 119 119 118 120 117 113 110 109 110 109 109 107 104
 103 102 102 104 106 105 101 101 100 100  99  98  99  99 100 100 102 101
 100 102 101  97 101 100  97  93  89  86  84  83  79  78  73  74  74  73
  68  31]"
"[ 29  29 195 194 195 195 196 188 192 195 196 194 191 188 187 187 180 175
 170 168 166 165 160 154 150 146 141 143 144 140 137 132 134 138 138 134
 132 134 136 136 137 134 127 131 129 129 129 131 128 127 126 126 126 126
 124 123 125 126 127 130 140 152 157 157 161 164 168 170 170 169 169 168
 165 166 166 166 164 164 165 166 166 166 167 167 168 168 169 169 167 168
 168 167 166 166 167 167 168 167 165 164 165 166 165 164 164 163 162 161
 161 161 161 161 159 158 158 158 158 155 151 148 146 146 145 145 144 142
 140 138 135 133 135 138 137 133 131 133 132 132 132 131 130 128 127 126
 129 128 127 126 125 125 124 124 126 124 123 122 122 121 118 116 114 112
 113 114 113 110 106 101 103 106 104 105 103 101 103 100  99  97  96  96
  96  97  99  97 100 102 105 105 103 100  98  97  95  96  89  87  83  84
  80  29]"
"[ 29  28 201 202 203 201 199 200 199 198 197 196 195 196 197 197 195 195
 195 193 191 189 188 188 179 178 177 175 173 169 165 161 159 158 156 154
 152 151 149 148 146 147 148 148 147 147 147 147 143 140 137 136 136 135
 134 133 136 131 133 132 124 121 124 123 128 129 127 125 129 135 143 153
 160 163 164 163 163 166 170 172 172 171 170 169 171 172 170 168 168 171
 169 167 169 168 166 167 169 167 166 168 170 168 166 168 167 167 165 163
 163 165 166 165 163 165 165 164 164 162 159 158 160 160 158 156 157 158
 156 152 151 151 147 144 142 138 137 139 138 136 136 137 138 136 134 134
 134 132 132 133 132 129 128 129 130 130 130 129 127 125 126 127 126 122
 121 121 119 118 117 115 114 115 114 111 110 110 110 109 107 105 102 101
 100  99  96  94  96  96  97  97  96  97  98  96  96 100  96 103 102 101
  99  31]"
"[ 30  28 201 203 204 202 201 202 203 202 202 201 200 200 200 200 200 200
 200 199 197 197 197 197 194 194 192 191 190 189 188 186 183 181 178 175
 173 171 168 165 161 156 151 151 154 154 151 147 146 146 146 148 148 148
 147 145 146 140 138 137 131 130 132 132 131 131 129 127 127 125 123 124
 124 128 130 130 132 135 137 138 145 148 154 161 166 169 170 170 172 172
 170 168 169 168 167 169 166 169 168 166 167 169 170 171 167 168 168 168
 169 170 169 168 169 169 167 166 167 166 165 166 163 165 165 165 166 167
 165 161 162 161 159 157 156 153 150 151 150 147 145 145 145 142 139 138
 139 137 136 137 137 136 137 139 139 136 133 133 133 132 130 129 132 129
 128 128 126 125 124 123 124 124 122 119 117 117 116 114 115 114 112 110
 108 105 104 103 102 101 102 101  99 100 100  98  97  98  94  98  94  95
  95  29]"
"[ 29  28 201 203 204 203 203 204 204 204 204 204 203 203 202 202 203 203
 203 203 202 202 203 204 203 202 200 198 198 199 198 197 198 196 194 192
 191 191 188 185 185 181 178 175 175 174 171 169 165 166 165 161 156 153
 148 145 147 143 145 148 146 145 145 142 142 140 139 139 137 136 135 134
 130 132 132 131 130 130 128 126 129 129 130 131 131 132 135 138 147 152
 158 166 171 172 171 174 169 172 174 172 170 167 166 166 171 170 167 166
 167 169 171 171 167 168 168 168 169 167 167 170 168 168 167 166 167 169
 170 169 166 166 164 164 166 164 161 162 161 158 156 155 155 153 151 149
 148 147 145 143 140 137 137 138 143 142 141 140 139 138 138 139 134 132
 132 132 130 128 128 127 128 128 127 125 125 126 125 124 122 122 122 119
 116 114 114 114 111 110 109 107 105 104 105 102 101  99  97  98  92  94
  95  29]"
"[ 29  28 201 202 203 203 203 204 203 203 203 204 204 203 203 203 204 204
 204 204 204 204 204 205 204 204 202 201 201 201 199 198 199 199 198 198
 199 200 199 197 196 198 200 197 193 190 190 192 187 188 187 183 181 181
 179 176 171 165 161 159 156 155 154 152 150 147 146 145 140 141 145 146
 146 144 142 139 137 135 131 128 122 123 126 130 131 129 127 128 126 127
 132 137 139 138 140 144 157 159 161 163 166 171 174 173 172 173 173 173
 172 172 172 173 172 173 172 171 173 172 170 170 171 171 171 171 171 171
 170 170 172 171 169 168 169 169 167 168 167 166 164 164 163 163 161 161
 161 161 160 160 158 155 152 151 145 145 144 143 140 138 138 139 139 138
 139 139 138 138 138 137 137 137 136 133 132 131 130 130 129 130 130 128
 125 123 123 124 122 120 118 116 113 112 112 110 108 105 106 105 100 102
 101  30]"
"[ 30  29 202 202 203 203 203 203 203 203 203 203 203 203 203 203 203 204
 204 204 205 205 205 204 203 203 203 203 204 204 203 202 201 202 202 202
 202 202 202 202 199 201 202 201 199 198 198 199 200 200 198 195 194 194
 193 190 189 188 188 188 186 182 177 172 172 168 167 163 155 152 151 150
 154 151 148 146 146 145 144 141 144 139 136 136 136 132 129 129 130 129
 130 131 127 122 123 126 125 125 130 136 138 141 146 149 147 149 153 156
 159 163 168 173 172 175 175 173 174 175 173 172 172 171 170 171 171 171
 170 171 172 173 171 171 172 172 172 173 171 170 170 168 167 167 167 167
 165 165 166 167 167 165 162 160 161 158 155 154 152 149 145 142 143 143
 143 143 142 142 143 142 143 144 143 141 139 138 138 138 138 138 137 136
 133 132 131 131 132 129 127 125 123 122 122 121 118 113 115 115 111 112
 111  30]"
"[ 29  29 202 202 203 203 202 202 203 203 203 203 203 203 203 203 202 202
 203 203 204 204 204 203 203 203 202 202 203 204 204 203 203 204 205 204
 203 203 203 203 203 203 202 201 201 201 202 203 200 201 200 199 200 201
 199 197 199 199 198 198 199 200 201 202 198 194 191 190 187 184 181 177
 170 167 163 161 160 159 157 155 148 145 145 148 150 149 146 143 139 137
 138 138 132 126 124 124 125 128 129 126 125 121  99  69  65  68  72  77
  84  94 107 116 135 149 161 167 169 170 173 177 174 173 173 174 173 169
 167 167 169 171 171 170 171 170 168 168 171 171 171 170 169 169 170 170
 172 171 170 170 170 169 168 166 166 165 164 164 162 160 157 156 153 151
 150 148 145 144 144 142 144 144 144 144 142 142 143 144 143 142 142 141
 140 139 139 139 138 135 134 133 131 131 131 130 129 125 124 124 121 122
 121  29]"
"[ 29  29 202 202 203 203 202 201 203 203 203 203 203 203 203 203 202 202
 202 202 203 203 203 202 205 204 203 202 203 204 204 203 201 202 203 203
 203 203 202 202 203 204 204 203 201 201 203 204 204 204 204 203 202 201
 200 199 200 202 201 201 201 200 198 197 200 199 196 197 201 201 200 200
 202 199 196 194 192 189 186 184 181 176 169 164 161 159 157 155 147 144
 143 144 142 144 146 145 141 135 139 137 109  74  55  49  46  47  48  47
  45  43  43  45  56  69  89 107 120 125 129 135 142 146 155 165 168 167
 167 169 173 175 174 174 175 175 173 172 171 172 171 170 171 172 172 171
 170 171 170 170 170 171 171 171 168 170 172 173 172 170 171 173 169 167
 165 162 159 159 159 156 156 154 152 150 148 146 145 145 146 146 146 146
 145 144 145 145 143 139 139 140 139 138 138 137 137 136 134 134 132 131
 131  29]"
"[ 30  29 202 203 204 204 203 202 202 202 202 203 203 203 204 204 204 203
 203 203 203 204 203 203 203 203 203 203 204 204 203 202 202 202 202 202
 203 203 202 201 203 203 203 203 204 204 203 203 203 203 203 203 203 202
 203 205 204 205 202 200 202 204 204 205 202 203 201 200 202 201 199 202
 201 201 201 202 201 200 198 197 192 193 193 191 188 184 180 176 176 171
 169 168 165 163 159 152 149 144 132 104  71  58  58  56  51  51  51  52
  51  48  47  48  51  50  61  88 116 127 127 128 124 124 125 128 128 128
 135 143 146 149 151 154 163 169 171 171 175 174 172 171 172 173 171 169
 172 173 174 173 171 171 172 172 173 172 172 173 173 172 172 171 172 170
 169 167 167 169 171 169 168 165 163 161 160 158 156 155 152 153 152 151
 148 147 147 147 146 143 143 144 144 143 144 143 141 142 139 141 139 137
 137  29]"
"[ 28  28 203 205 204 203 203 203 202 203 203 203 203 204 203 203 204 203
 203 202 202 203 203 203 204 204 203 203 202 202 202 202 202 202 203 202
 201 202 203 204 204 203 203 203 202 203 203 203 203 203 203 203 203 203
 203 202 203 203 202 202 203 203 203 203 203 203 204 205 203 201 202 204
 204 202 203 203 202 202 203 203 202 201 200 200 201 199 196 194 197 193
 192 189 185 187 184 173 165 137  98  66  53  55  58  54  51  51  51  51
  51  49  49  49  51  58  59  61  96 125 135 136 131 133 127 126 128 128
 127 125 122 127 130 128 126 127 132 136 142 149 154 157 166 174 175 172
 173 176 178 177 175 174 173 172 172 174 173 172 174 174 173 174 174 173
 172 173 173 171 170 171 171 171 170 169 167 166 166 166 162 162 161 160
 159 158 158 158 154 150 147 146 146 145 143 142 141 142 143 145 144 145
 144  30]"
"[ 30  29 204 206 206 205 205 204 202 203 203 202 202 203 203 203 202 202
 203 203 203 203 203 203 202 202 203 202 202 202 202 202 202 202 202 202
 201 201 202 202 202 202 202 202 202 203 203 203 203 203 203 203 203 203
 203 203 203 202 202 202 203 203 203 203 204 203 202 202 203 204 204 203
 203 202 203 203 201 201 203 203 202 202 203 203 202 200 197 196 193 197
 200 196 194 197 186 163 125  94  65  56  56  57  56  54  53  51  51  51
  50  49  48  48  51  52  51  47  60  96 133 147 137 139 140 139 139 141
 137 131 135 135 133 131 128 127 127 126 125 126 123 122 124 129 137 145
 148 151 157 162 167 172 175 176 176 178 177 177 179 178 174 173 171 173
 173 173 173 174 174 173 174 172 171 171 173 173 172 170 170 169 168 168
 168 167 166 165 166 163 160 158 156 155 154 153 151 151 152 149 145 143
 143  27]"
"[ 30  29 203 207 207 207 206 204 204 204 204 203 203 204 204 204 202 203
 204 205 205 205 204 203 202 203 204 204 203 203 203 203 202 203 203 203
 203 202 202 202 204 203 203 202 202 202 202 202 203 203 202 202 202 203
 203 203 202 202 202 202 203 203 203 203 201 203 204 204 204 204 204 203
 204 203 203 204 204 204 204 202 201 202 203 203 202 200 200 200 198 197
 201 202 194 175 144 115  84  62  49  54  59  56  55  58  55  53  51  51
  50  49  48  47  49  51  52  50  44  64 111 153 154 152 149 145 143 147
 148 144 143 143 142 140 138 137 138 138 136 135 132 130 128 125 125 129
 129 128 127 129 133 138 142 145 148 152 156 162 168 171 170 170 175 179
 181 179 178 178 175 171 171 172 173 174 174 173 173 173 174 173 172 172
 173 173 171 170 167 166 166 166 166 164 162 161 160 158 158 156 159 156
 155  31]"
"[ 29  29 204 208 208 207 206 205 206 206 206 206 206 206 207 206 205 205
 206 206 206 206 205 204 204 205 206 205 204 203 203 203 203 203 203 203
 204 204 204 204 204 204 203 203 202 202 202 202 203 203 202 201 201 202
 202 203 202 202 202 202 203 203 203 203 204 204 203 201 200 200 201 202
 204 203 203 202 200 201 203 202 203 201 199 198 199 200 202 203 204 200
 196 181 144 104  81  74  66  58  55  57  57  55  56  58  55  54  53  52
  51  49  48  48  49  51  49  51  46  45  80 151 177 180 174 171 169 165
 162 157 151 151 149 147 144 143 142 142 145 146 144 141 142 142 140 138
 135 133 131 131 130 127 126 126 125 125 123 123 128 133 138 141 153 158
 164 168 171 175 177 177 178 180 181 180 177 174 173 173 171 171 170 171
 171 171 170 169 171 171 171 172 172 171 169 168 170 166 166 164 169 165
 161  28]"
"[ 29  30 206 209 207 207 207 208 207 208 208 208 208 209 208 208 207 207
 207 206 206 206 206 205 206 206 207 206 204 203 203 203 204 203 203 203
 203 203 204 204 203 203 203 203 203 203 203 203 204 203 202 201 201 201
 202 202 202 202 202 202 203 203 203 203 201 201 201 202 203 203 203 204
 200 201 205 208 206 204 204 204 203 203 203 204 202 196 186 180 160 137
 108  87  74  67  64  63  60  58  57  56  55  57  57  54  54  54  54  53
  51  49  49  50  50  49  47  47  48  41  48 107 169 195 195 195 197 193
 197 193 193 189 184 180 177 173 166 161 154 155 151 146 145 144 143 143
 146 144 143 143 142 140 139 140 138 140 139 137 135 131 127 125 130 130
 130 130 130 130 132 134 140 141 145 153 162 170 175 177 180 178 173 170
 169 170 173 175 174 172 170 170 171 171 170 170 171 170 172 170 173 168
 166  31]"
"[ 29  30 206 208 205 204 207 209 208 209 210 210 210 210 209 208 209 209
 208 208 207 207 207 207 207 207 207 206 205 204 204 205 206 205 204 203
 203 203 203 204 204 204 204 203 203 203 203 202 204 203 203 202 202 202
 202 202 203 203 202 203 203 203 203 202 201 202 202 201 200 201 203 205
 211 201 195 195 195 194 192 190 190 185 177 166 151 130 108  94  74  65
  55  53  57  60  57  53  57  56  56  56  55  56  56  53  54  54  54  54
  52  50  50  51  51  49  52  49  50  46  34  50 117 170 196 203 202 195
 200 198 193 193 193 193 194 193 191 188 186 183 179 177 175 169 164 164
 155 151 147 143 142 142 143 145 139 140 138 137 139 140 140 141 139 138
 137 137 135 131 130 131 129 128 126 126 128 132 134 136 146 151 159 166
 170 173 173 173 176 175 174 175 175 174 173 172 174 174 172 170 172 171
 169  30]"
"[ 29  30 205 206 203 203 206 208 209 210 210 210 210 210 209 208 209 209
 210 210 210 209 209 208 208 208 208 207 206 206 206 206 207 207 207 206
 205 204 205 205 207 206 206 205 204 204 203 203 204 203 203 203 203 203
 203 203 204 203 203 203 203 203 203 202 201 202 201 201 204 208 203 196
 168 145 124 116 116 117 118 118 113 105  92  79  66  55  47  43  41  41
  43  49  54  53  53  56  55  56  58  58  54  53  55  55  54  53  53  53
  52  51  50  51  51  50  51  47  46  46  42  36  49  97 149 180 194 200
 203 202 202 202 199 195 191 190 191 193 195 196 196 196 196 192 186 184
 186 184 181 177 174 172 168 165 162 162 158 155 154 149 144 141 144 144
 145 144 143 141 139 138 138 137 135 132 129 129 129 130 127 127 127 129
 132 136 139 141 148 151 158 164 170 174 177 179 179 179 173 174 173 175
 171  29]"
"[ 29  30 204 206 202 203 206 209 210 211 210 210 209 210 209 209 208 209
 210 211 211 210 209 208 209 208 207 206 206 206 206 206 207 208 208 207
 206 206 206 207 206 206 206 206 206 206 207 207 203 203 203 204 204 204
 204 204 204 204 203 203 204 203 203 202 201 202 201 202 204 190 150 112
  78  62  50  49  48  45  45  47  44  44  44  43  42  43  45  48  50  50
  48  47  50  52  52  54  55  55  56  55  53  53  55  54  55  53  51  51
  52  51  50  50  51  51  47  47  45  36  43  40  38  35  59  84 106 128
 136 141 136 131 124 117 115 118 122 124 129 149 170 183 193 201 204 204
 203 200 196 193 193 194 192 188 186 184 180 178 178 174 167 163 161 160
 156 150 148 149 149 147 146 144 142 142 144 143 140 137 136 135 135 135
 136 135 132 131 126 127 128 128 128 129 133 137 139 146 148 155 157 166
 168  29]"
"[ 29  29 204 206 205 205 206 207 208 208 208 208 208 208 208 207 207 207
 208 209 210 210 209 208 208 207 207 206 205 205 206 207 208 208 209 209
 207 206 206 207 206 206 207 207 207 207 207 207 205 205 205 205 205 204
 203 202 204 205 204 204 206 204 202 203 202 200 207 202 169 118  83  58
  59  59  58  57  56  55  55  55  53  52  51  50  49  48  48  47  48  48
  48  48  48  49  51  54  55  53  53  55  55  54  54  54  54  54  54  54
  53  52  51  51  50  49  48  46  43  40  39  40  44  42  40  39  42  47
  51  54  56  56  52  47  44  44  46  47  52  63  81 105 154 187 206 201
 199 198 196 199 200 198 201 203 202 202 202 200 198 197 196 195 189 185
 181 179 177 175 171 167 159 160 157 153 152 153 152 149 147 147 146 146
 145 145 144 143 141 141 140 139 138 136 132 129 128 133 129 126 128 129
 130  30]"
"[ 29  29 204 207 206 206 207 207 207 207 207 207 207 208 207 207 207 207
 207 208 209 209 208 207 207 207 207 207 206 206 206 207 208 208 209 209
 207 206 206 207 205 206 207 208 208 208 207 207 206 205 203 203 203 204
 204 205 202 204 204 203 203 202 201 201 202 210 201 159 102  65  56  62
  61  60  58  56  55  54  54  54  53  52  51  49  48  48  48  48  48  48
  48  48  48  49  51  53  54  53  52  53  54  53  52  52  53  53  54  55
  54  52  51  52  51  50  48  45  42  40  39  41  45  45  45  46  46  45
  44  42  40  44  47  50  51  52  53  53  50  50  47  49  78 129 180 209
 205 199 200 200 200 202 201 201 202 202 201 199 198 198 198 199 199 198
 196 195 193 191 189 187 188 187 184 179 176 174 171 167 167 162 156 151
 148 147 146 145 144 145 148 150 150 148 144 141 140 144 140 137 135 132
 131  27]"
"[ 29  29 204 207 206 206 207 207 206 206 205 206 207 207 207 207 207 207
 207 207 208 208 207 207 206 207 207 207 207 207 207 207 208 208 208 208
 207 205 205 206 206 207 208 209 209 208 207 207 206 204 203 205 205 204
 204 205 205 203 203 203 202 200 203 209 209 192 143  84  52  58  57  58
  59  57  55  53  53  53  54  55  55  53  51  50  48  48  48  48  48  47
  47  48  49  50  51  52  53  52  52  53  54  53  51  50  51  52  54  55
  54  52  52  53  53  51  48  45  42  40  40  41  41  42  43  45  46  46
  45  44  43  45  48  51  52  52  53  54  54  58  53  50  43  52  95 170
 198 201 200 197 200 202 200 203 202 201 200 200 200 200 201 201 200 200
 201 200 199 198 197 197 197 196 196 195 193 191 188 186 187 186 185 185
 185 183 177 173 171 166 160 155 152 151 151 151 152 150 146 147 151 149
 145  28]"
"[ 29  29 204 207 207 207 207 207 206 205 204 205 206 207 207 207 207 207
 207 207 207 207 207 207 206 207 207 207 207 207 207 207 207 207 207 207
 206 205 204 205 206 207 207 207 207 206 205 205 205 204 205 206 205 202
 200 201 202 202 203 203 202 202 199 194 177 129  78  49  49  62  58  60
  56  54  52  51  51  52  54  54  56  54  52  50  49  48  48  48  47  47
  47  49  49  50  51  51  54  53  52  53  54  54  52  50  50  50  51  52
  52  52  53  55  54  51  48  45  42  40  40  41  42  42  43  43  44  45
  46  46  47  46  47  50  51  52  54  57  53  55  50  53  53  49  52  95
 156 196 208 202 201 199 200 201 201 201 201 201 202 202 201 200 199 200
 200 201 200 200 200 200 199 198 198 200 199 197 196 195 196 195 194 195
 196 195 192 189 189 189 189 188 185 180 174 170 167 166 160 155 151 151
 155  30]"
"[ 29  29 203 207 206 206 206 206 207 205 204 204 205 206 207 206 206 206
 206 206 206 206 206 206 207 207 207 206 206 206 206 206 207 206 207 207
 206 204 203 203 204 205 205 205 204 203 202 202 203 202 202 203 203 202
 203 206 201 205 205 199 195 190 169 141  97  65  54  52  56  56  54  57
  54  53  51  50  51  52  52  53  55  54  52  51  49  49  48  48  48  48
  48  50  50  51  51  52  54  53  53  54  55  54  53  51  51  49  48  49
  51  52  53  55  53  50  47  45  43  41  41  41  42  43  44  45  45  45
  45  44  45  44  46  50  53  53  54  56  55  52  57  53  48  52  47  49
  83 146 198 207 201 200 201 200 201 201 201 201 202 201 201 200 202 201
 201 201 202 202 202 202 203 201 201 202 202 200 200 201 203 201 199 198
 197 197 197 197 198 197 196 195 195 196 196 196 191 195 194 191 187 184
 178  30]"
"[ 29  29 202 206 205 205 205 205 206 205 204 204 205 206 206 206 206 206
 207 207 207 207 207 207 208 207 207 206 205 205 206 206 206 206 206 206
 205 204 203 203 203 204 204 203 203 202 202 202 204 202 200 199 198 198
 197 197 197 191 182 165 139 111  80  54  53  45  54  53  54  57  58  52
  52  51  50  50  51  52  53  53  53  52  51  50  49  49  49  49  49  49
  50  51  51  51  52  53  54  53  53  53  53  53  52  50  51  49  47  47
  49  51  53  54  51  49  46  45  44  43  42  42  42  43  44  45  46  46
  46  47  48  47  48  51  53  53  53  53  56  50  56  53  53  54  52  49
  44  77 151 198 203 202 200 204 203 202 201 200 200 201 201 201 202 201
 200 200 201 201 201 201 201 199 199 200 201 201 201 203 199 200 202 203
 203 202 201 201 201 201 200 200 200 199 199 199 202 200 194 193 197 201
 193  29]"
"[ 30  28 202 204 204 204 204 204 204 204 204 204 205 206 206 206 205 206
 207 208 208 207 208 208 208 207 207 206 205 205 206 207 206 206 206 206
 206 204 203 203 203 203 204 203 203 202 202 202 198 200 201 201 199 192
 179 168 156 132 107  85  61  48  48  51  57  52  54  55  53  52  54  56
  51  50  49  49  51  53  54  54  52  51  50  49  48  48  49  49  50  50
  51  51  51  51  51  53  53  54  53  51  51  51  50  48  50  48  47  48
  49  50  51  52  50  47  45  44  44  44  44  44  46  46  46  45  45  45
  45  46  48  48  48  49  52  55  56  55  52  57  56  50  52  51  52  55
  51  49  97 174 207 202 200 203 203 202 202 201 201 201 202 202 202 202
 201 201 201 202 201 201 202 201 201 201 201 200 200 201 202 201 201 201
 201 201 202 202 203 203 202 202 201 201 201 201 201 203 204 204 202 204
 197  30]"
"[ 30  28 201 204 203 203 204 203 203 203 203 204 205 205 206 206 203 204
 206 206 206 206 206 207 208 207 207 206 205 205 206 207 207 206 206 206
 206 204 203 203 202 202 203 203 202 200 200 199 202 204 202 193 176 148
 112  85  71  59  51  46  43  48  54  53  50  55  51  53  53  54  53  54
  54  52  51  51  52  53  53  53  53  52  50  48  47  47  48  48  49  50
  50  51  50  50  51  52  54  54  53  51  50  50  49  47  48  48  48  49
  49  49  50  51  49  47  44  44  44  45  45  45  44  45  47  47  47  46
  45  45  46  47  49  50  53  56  56  53  57  53  53  56  54  50  51  50
  49  48  63 146 203 200 204 198 201 201 202 203 202 202 202 202 202 202
 203 202 202 201 201 201 200 201 201 202 202 202 202 202 202 202 201 202
 202 203 202 202 202 202 202 203 203 203 203 203 203 203 203 204 202 203
 198  29]"
"[ 29  29 201 203 204 204 203 203 203 203 204 205 205 205 205 204 202 203
 204 205 207 208 208 207 207 207 207 206 204 204 204 204 205 206 207 207
 207 207 205 203 202 204 202 200 200 198 203 206 198 173 139  97  63  52
  47  41  45  46  48  50  50  48  50  52  51  51  52  53  52  51  52  54
  53  53  52  53  54  53  53  53  51  51  49  47  46  45  47  48  50  50
  50  50  49  49  50  51  52  51  51  51  50  48  48  48  48  47  46  47
  47  48  48  48  48  47  45  42  42  44  45  44  44  46  47  46  46  46
  46  45  45  47  49  51  54  55  55  56  55  55  54  54  53  52  50  49
  52  57  53 100 193 207 199 200 201 202 202 202 202 202 202 202 203 203
 202 202 202 202 202 201 200 201 201 201 201 201 202 202 202 202 201 202
 202 202 202 201 202 202 203 203 203 203 203 203 203 203 203 204 203 202
 199  30]"
"[ 29  29 201 203 204 204 203 203 203 203 203 204 204 204 203 203 203 203
 203 204 206 207 207 207 206 206 206 205 204 203 204 204 204 206 207 207
 206 206 205 203 202 200 199 202 200 203 202 181 138  97  64  53  51  52
  49  48  50  49  49  49  48  47  47  48  51  51  52  52  51  50  50  51
  52  51  51  52  52  52  51  51  51  51  50  48  46  46  47  48  48  49
  50  50  51  51  51  51  51  50  50  50  49  48  48  48  48  47  47  47
  48  48  48  48  49  48  46  43  41  42  43  43  44  46  47  45  44  44
  45  45  45  47  48  50  54  55  55  55  55  55  54  54  54  53  52  51
  53  56  51  78 171 207 202 201 202 202 203 203 202 202 202 203 203 203
 202 202 203 203 202 201 202 202 202 202 203 203 203 203 202 202 202 202
 202 203 202 202 202 202 202 203 203 203 203 203 204 203 203 203 203 201
 198  30]"
"[ 29  29 201 203 204 203 203 203 203 203 203 203 203 203 203 203 204 203
 203 203 204 206 207 207 205 205 204 204 203 203 203 204 203 205 207 206
 206 205 205 204 204 206 202 207 207 192 153 103  68  52  47  49  51  52
  50  50  50  50  49  48  47  48  48  48  50  51  52  52  51  50  50  50
  51  50  50  51  51  50  50  50  51  51  50  49  47  47  47  48  47  48
  50  51  52  52  51  50  50  49  49  49  49  49  48  48  47  46  46  47
  48  48  48  49  48  48  45  42  40  40  41  41  41  43  45  44  44  45
  46  48  46  47  48  50  53  55  54  54  55  55  54  54  54  54  52  52
  51  53  53  63 148 207 204 202 202 203 203 203 203 203 203 203 203 203
 203 203 204 203 203 202 203 203 202 203 203 203 203 203 202 202 202 202
 203 203 203 203 201 201 202 202 202 203 203 203 203 203 202 202 202 201
 198  29]"
"[ 29  29 200 203 203 203 203 203 204 204 203 203 203 203 203 203 204 203
 203 203 204 205 206 206 204 204 204 203 203 203 203 203 202 204 205 205
 205 205 205 205 200 201 204 202 167 116  73  54  54  54  58  56  53  54
  52  48  50  51  50  48  47  49  50  50  51  52  53  54  53  53  53  52
  51  50  50  50  51  50  50  50  50  50  50  49  48  48  48  48  48  48
  49  51  53  53  51  50  50  49  48  49  50  49  47  46  45  45  45  46
  47  47  47  48  47  46  44  43  42  41  41  40  39  41  43  44  44  46
  48  49  47  49  49  49  52  53  52  53  55  55  55  55  54  53  51  50
  49  50  54  56 125 204 202 204 203 203 204 204 204 203 204 204 204 204
 205 205 205 205 204 204 204 203 203 203 203 204 204 204 203 203 203 203
 203 203 203 203 201 201 202 202 202 202 202 203 203 203 202 202 202 202
 198  29]"
"[ 30  29 200 203 203 203 203 203 204 204 204 203 203 203 203 203 203 203
 203 204 204 204 205 205 205 204 204 204 203 203 203 203 203 203 203 203
 204 204 204 202 203 202 203 170 107  69  53  53  62  56  55  53  53  55
  53  52  51  53  53  50  48  48  49  49  51  53  54  54  54  54  54  53
  51  50  50  50  50  50  50  50  50  50  50  49  48  48  48  48  48  48
  49  51  53  53  52  51  50  49  49  49  50  48  46  45  45  44  45  46
  46  46  46  46  47  45  44  44  45  44  42  41  40  40  42  43  45  45
  46  46  46  49  49  50  51  51  51  52  53  53  54  54  53  52  49  48
  49  49  50  49  99 197 204 205 203 203 204 204 204 204 204 205 205 206
 206 206 206 206 206 206 206 205 205 204 205 206 206 206 205 205 205 204
 204 204 204 204 203 203 203 203 203 202 202 201 203 203 203 203 204 203
 199  29]"
"[ 30  29 200 202 203 203 203 203 204 203 203 203 203 203 203 203 203 203
 204 204 204 204 204 205 205 205 204 204 204 203 203 203 203 203 202 202
 202 202 201 200 197 205 179 113  57  57  59  58  57  55  56  55  54  53
  52  54  52  53  54  52  49  48  49  50  51  53  54  53  53  54  53  51
  50  49  49  49  49  49  49  50  50  50  49  49  48  48  48  48  47  47
  48  51  53  54  53  52  52  51  51  51  50  49  47  46  46  46  46  46
  46  45  45  45  46  45  44  45  46  44  42  40  40  39  41  43  45  45
  45  45  45  48  49  49  51  51  50  52  51  51  52  52  52  51  49  47
  48  49  48  46  80 186 209 202 202 203 204 204 204 204 205 205 206 206
 207 207 207 206 206 207 207 206 205 205 206 207 207 207 207 207 207 206
 205 205 205 205 206 206 206 205 204 203 202 201 202 203 203 203 204 204
 199  28]"
"[ 29  29 200 202 202 203 203 203 203 203 203 203 203 203 203 203 203 203
 204 204 204 204 204 204 204 204 204 204 204 204 203 203 203 203 203 201
 201 201 200 200 205 178 112  67  54  62  59  58  58  57  56  51  51  53
  50  50  51  51  51  52  51  50  51  52  53  54  55  53  53  53  53  51
  49  48  48  48  48  49  49  50  50  50  49  48  48  47  47  47  47  48
  49  51  53  54  53  53  54  53  51  50  49  48  48  48  46  46  47  47
  46  45  45  46  46  45  44  45  44  42  41  40  40  40  41  44  45  46
  46  47  46  48  48  49  52  52  50  51  50  50  50  50  50  50  48  48
  47  48  49  49  68 164 209 202 202 202 203 204 204 204 205 205 206 206
 206 206 206 206 206 207 206 205 204 204 205 206 207 207 208 208 207 207
 206 205 205 206 207 207 208 208 207 206 204 203 203 204 204 203 204 204
 200  28]"
"[ 29  28 199 201 202 202 202 203 203 203 203 203 203 203 203 203 203 203
 204 203 203 203 204 204 204 203 203 203 204 204 204 203 202 203 203 202
 201 201 201 202 186 138  70  61  61  61  62  60  59  57  56  53  52  50
  48  53  51  50  50  51  51  50  51  53  54  56  56  54  54  54  54  52
  49  48  47  47  48  48  49  50  50  49  48  48  47  47  47  47  48  49
  50  52  54  54  53  52  54  52  50  49  47  47  47  49  45  46  46  47
  47  46  46  47  46  45  45  45  43  41  41  42  44  43  44  45  45  45
  45  47  47  48  48  49  53  53  50  49  50  49  49  49  49  49  48  48
  47  45  49  49  57 141 204 205 201 202 203 204 204 204 205 205 206 206
 206 205 205 205 205 206 206 204 203 203 204 206 206 206 207 207 207 206
 205 205 205 206 206 207 208 209 209 208 207 206 206 207 206 205 205 206
 201  30]"
"[ 29  29 199 202 202 201 203 203 203 203 203 203 203 203 203 203 203 203
 203 203 203 203 203 203 203 203 203 204 203 203 203 203 205 200 201 201
 198 203 197 179 132  73  58  59  63  65  61  59  58  56  54  52  52  52
  51  50  50  51  51  52  52  53  53  54  55  56  55  54  54  53  53  52
  48  48  47  46  46  47  48  49  51  50  49  47  47  46  46  47  49  48
  50  53  54  53  51  50  53  52  51  49  49  49  48  47  46  46  46  46
  47  47  46  46  47  46  45  44  42  41  42  44  45  45  46  46  46  46
  47  49  48  48  49  50  49  48  49  51  50  50  50  49  49  48  47  46
  46  45  50  49  53 122 197 203 202 203 203 203 203 203 203 204 203 203
 203 203 203 203 203 203 205 204 203 203 203 205 207 208 206 207 207 207
 206 205 205 205 207 207 207 208 209 209 208 207 207 207 207 207 207 207
 202  29]"
"[ 29  29 199 202 202 201 203 203 204 203 203 203 203 203 203 203 203 203
 203 203 203 203 203 203 203 203 203 204 204 203 203 203 204 203 204 201
 196 192 190 150  85  61  63  62  61  59  58  62  56  55  53  51  51  51
  51  50  50  51  53  53  52  53  54  55  55  55  54  53  52  52  51  51
  50  49  47  45  45  45  47  48  48  49  48  47  44  43  44  45  47  47
  49  53  55  53  51  49  52  52  51  50  50  50  49  47  46  47  47  47
  47  47  46  46  46  46  45  45  43  43  44  45  45  44  44  45  46  46
  46  47  47  47  47  48  48  47  48  50  49  49  49  48  48  47  47  47
  45  45  49  50  50  99 188 204 202 202 203 203 203 203 203 204 204 204
 204 204 204 204 203 203 204 203 203 203 203 204 205 206 204 204 205 204
 204 203 203 203 205 205 206 207 208 209 208 207 207 207 207 207 207 207
 202  29]"
"[ 29  29 198 201 202 200 202 203 204 204 203 203 203 204 204 204 204 203
 203 203 203 203 202 202 202 203 203 203 203 203 203 203 203 201 199 196
 196 197 173 113  64  60  60  57  61  60  56  54  56  55  53  51  51  52
  52  51  50  51  53  53  52  52  53  55  55  55  54  53  52  52  51  50
  50  49  47  45  44  44  45  45  46  47  48  46  43  42  43  44  47  47
  49  53  54  53  51  50  51  51  50  50  51  50  49  47  46  47  47  47
  46  45  46  46  45  45  45  45  45  44  44  46  46  44  44  45  46  46
  47  47  48  47  47  47  47  47  48  49  48  48  48  47  47  47  47  47
  48  48  50  55  52  78 182 208 202 202 203 203 203 203 203 204 205 205
 205 205 205 204 204 203 202 203 203 203 203 203 203 204 203 203 203 203
 203 202 202 202 203 203 204 205 206 207 207 207 207 207 207 207 207 207
 203  29]"
"[ 29  29 199 201 201 200 202 202 203 203 203 203 203 203 203 203 204 204
 204 203 203 202 202 202 203 203 203 203 203 203 203 203 203 200 200 199
 200 199 129  70  57  61  60  56  58  58  58  58  56  55  54  52  52  53
  53  53  51  52  53  53  53  52  53  54  54  55  55  54  53  52  51  49
  48  48  47  47  46  45  44  43  44  46  47  46  44  43  44  45  47  48
  49  52  52  51  50  51  50  50  50  49  50  50  48  46  46  47  47  46
  44  44  44  45  45  45  46  46  45  43  43  44  45  44  44  45  46  47
  47  48  48  48  48  48  48  48  48  48  47  47  47  47  47  47  47  47
  47  47  47  55  52  68 171 207 202 202 203 203 203 203 203 204 205 206
 206 206 206 205 204 203 202 203 203 203 203 203 203 202 203 203 203 203
 203 203 203 203 202 202 202 202 203 204 205 206 206 206 207 207 206 207
 203  29]"
"[ 29  29 198 200 201 200 202 202 202 202 202 202 202 202 203 203 203 203
 203 203 203 203 202 202 204 203 202 202 203 203 203 203 203 201 201 201
 200 170  85  56  55  57  57  60  56  55  59  58  56  55  54  53  53  54
  54  54  54  55  55  55  55  55  54  54  53  54  55  54  53  52  50  48
  47  47  47  47  47  46  45  44  43  44  45  45  45  44  45  45  46  48
  50  52  50  48  48  50  52  51  50  49  49  49  48  46  46  46  46  45
  44  43  44  44  45  45  45  45  44  42  41  41  42  42  43  44  45  46
  47  49  48  48  49  48  48  48  47  47  46  46  47  47  47  47  47  46
  46  47  47  54  50  65 157 205 202 202 203 203 203 204 204 204 205 206
 207 207 206 205 204 203 203 203 203 203 203 203 203 203 203 203 203 203
 203 203 203 203 203 202 201 201 201 203 204 206 206 206 206 206 206 207
 202  29]"
"[ 30  28 198 199 200 199 201 201 201 201 201 201 201 202 202 202 202 202
 203 203 203 204 204 204 204 203 202 202 203 203 203 203 202 200 200 203
 194 127  64  60  60  53  52  60  57  57  58  54  54  54  53  52  52  53
  54  54  56  56  55  56  56  56  55  54  54  55  55  55  53  52  50  48
  48  47  46  46  46  46  46  45  44  44  44  44  44  44  44  44  45  47
  51  53  51  48  48  49  53  52  51  49  48  48  47  46  46  46  45  45
  44  44  44  45  45  44  44  44  43  41  40  40  40  41  43  44  45  46
  48  50  48  49  50  50  49  49  48  47  46  46  47  48  48  48  47  46
  47  50  51  55  50  65 143 205 203 203 203 203 204 204 204 203 205 205
 206 206 206 205 204 203 204 203 203 203 203 203 203 203 203 202 202 203
 204 204 204 204 204 203 202 201 201 203 205 206 206 206 206 206 205 206
 202  29]"
"[ 30  28 197 199 199 198 200 200 200 200 200 201 201 201 202 202 202 202
 203 203 204 204 204 204 204 203 203 203 203 203 202 201 199 200 203 207
 174  91  53  54  56  53  54  58  54  56  57  59  53  53  52  50  50  52
  53  53  54  54  55  55  55  55  54  54  54  55  55  54  53  52  50  49
  48  47  46  45  45  45  44  43  43  43  43  43  43  43  43  43  44  46
  48  50  50  48  49  50  52  52  51  49  47  47  47  46  47  45  44  44
  45  45  45  44  45  44  44  43  42  40  39  39  40  41  42  44  46  47
  47  49  49  50  51  50  49  48  48  47  47  47  48  48  48  48  47  47
  47  48  49  53  53  61 132 205 203 203 203 203 203 204 203 203 204 204
 204 205 204 204 203 203 203 203 203 203 203 203 203 203 203 203 203 203
 204 205 206 206 204 204 203 202 202 203 205 206 206 206 206 206 205 206
 202  29]"
"[ 30  28 197 198 199 198 199 199 200 200 200 201 201 201 202 202 203 203
 203 204 204 203 203 203 203 203 203 203 204 203 202 200 199 201 203 197
 138  68  52  58  55  55  54  55  54  57  52  54  52  52  51  50  50  51
  52  53  52  53  54  55  55  54  54  54  54  54  54  52  51  51  50  49
  47  47  46  46  46  45  42  40  41  41  41  41  40  40  41  42  44  43
  43  45  46  47  49  51  50  51  50  48  47  46  46  46  47  45  43  43
  45  46  45  44  46  45  44  43  42  40  38  38  40  39  41  43  46  46
  46  46  48  50  50  49  47  47  47  46  48  48  48  48  48  48  48  48
  50  47  46  53  59  61 129 208 203 203 202 203 203 203 203 202 203 203
 203 203 203 203 203 202 203 203 203 203 203 203 203 203 203 202 202 203
 204 206 206 206 203 203 203 202 202 203 205 206 206 206 206 206 205 206
 202  29]"
"[ 29  29 195 196 195 197 197 200 199 200 201 202 201 201 201 202 202 203
 203 203 203 203 203 203 203 204 203 203 203 203 203 201 202 198 205 180
  97  63  56  58  52  52  52  53  55  55  53  50  50  51  51  50  50  51
  52  51  52  52  52  53  53  52  52  54  54  54  53  52  50  49  48  46
  45  45  46  46  46  45  43  41  41  40  39  40  41  41  43  44  44  43
  41  39  39  43  48  50  51  49  48  48  48  46  45  46  46  45  44  44
  44  43  43  43  45  45  45  44  42  39  38  38  38  38  40  43  45  45
  44  45  47  48  49  49  48  47  45  45  46  47  48  47  47  49  49  48
  48  47  49  54  52  58 135 204 203 203 203 203 203 203 203 203 203 203
 204 203 202 202 202 202 203 203 203 203 203 203 204 204 204 204 204 204
 204 204 204 204 206 205 203 202 202 203 204 206 207 206 206 206 206 207
 202  29]"
"[ 29  29 195 196 196 198 198 200 199 200 200 201 201 201 202 202 202 203
 203 202 202 203 203 202 203 203 202 202 202 202 201 200 200 203 200 144
  75  59  58  57  52  51  51  52  54  54  53  51  51  51  51  50  50  50
  50  49  50  51  52  52  51  50  51  53  52  52  51  50  50  50  49  48
  46  46  46  46  46  46  45  44  41  40  39  39  39  40  41  43  43  42
  40  37  38  42  47  49  51  50  49  49  49  47  47  47  46  45  44  44
  44  44  43  42  43  44  45  44  42  39  37  37  36  37  38  41  43  45
  45  45  48  49  49  49  48  47  46  45  47  48  48  48  48  50  51  50
  48  48  48  52  53  58 140 202 203 203 203 203 204 203 203 203 203 203
 203 203 202 202 202 202 203 203 203 203 203 203 203 204 204 204 204 203
 203 204 204 205 205 204 204 204 204 203 204 205 206 205 206 206 206 207
 202  29]"
"[ 29  29 194 197 197 199 198 199 199 200 200 200 200 201 201 202 203 203
 203 202 202 203 203 203 203 203 203 202 202 202 201 200 200 204 181 100
  61  61  61  55  52  50  49  51  53  53  52  52  53  53  52  51  50  50
  50  49  49  50  52  51  50  48  49  51  51  52  51  50  50  50  49  48
  48  47  46  46  46  46  45  45  41  40  39  38  38  38  39  41  42  41
  38  35  36  42  47  50  51  51  51  51  50  48  48  48  47  45  43  43
  43  44  43  41  43  44  45  45  43  40  37  35  34  35  37  38  41  45
  46  46  47  48  48  48  47  47  46  46  48  48  48  48  49  50  51  51
  50  50  49  52  57  60 149 203 203 203 203 204 204 204 203 203 203 202
 202 202 202 202 202 202 202 203 203 203 203 203 203 203 204 204 203 203
 203 203 204 205 204 204 204 205 205 204 204 204 205 205 205 206 206 207
 202  29]"
"[ 29  29 194 197 198 199 198 199 200 200 200 201 201 201 201 201 203 203
 203 202 202 203 204 204 204 204 203 203 203 202 202 200 202 201 155  78
  62  63  61  56  53  50  49  51  53  53  53  54  55  54  53  52  51  51
  50  50  50  51  52  51  49  48  47  48  49  50  51  51  50  50  49  48
  47  46  45  44  44  44  44  44  41  40  40  39  38  37  38  40  41  40
  36  33  35  42  48  50  50  51  51  50  49  48  48  48  48  45  42  42
  43  43  41  40  42  44  46  46  45  41  37  34  33  35  36  36  40  45
  47  46  46  47  48  48  48  47  47  48  48  48  49  49  49  50  51  51
  51  50  49  54  60  62 159 206 203 203 203 203 203 203 203 203 203 202
 202 202 203 203 202 202 202 202 203 203 203 203 203 203 204 204 203 203
 203 204 204 204 203 203 204 205 205 205 204 204 204 204 204 206 206 206
 202  29]"
"[ 29  29 195 197 198 199 198 198 199 199 200 201 202 202 201 201 201 201
 201 201 201 202 203 204 204 204 203 203 202 202 201 200 203 195 129  71
  65  61  58  57  55  52  51  54  55  54  54  56  55  54  53  52  52  52
  51  51  51  51  51  50  49  48  45  44  43  46  49  50  51  50  49  48
  46  45  44  44  44  44  44  43  40  40  40  40  39  37  38  39  40  38
  34  30  33  42  48  50  50  51  52  50  49  48  48  48  48  45  42  42
  42  42  41  39  40  42  45  46  45  43  38  34  32  33  34  35  39  44
  47  46  47  47  48  49  48  48  48  48  48  48  49  50  51  51  51  51
  51  49  49  55  60  62 165 207 202 203 203 203 203 203 203 203 203 203
 202 202 203 203 203 202 202 202 202 203 203 203 203 203 203 204 204 204
 204 204 204 204 203 203 204 205 205 204 204 204 204 203 204 205 206 206
 202  29]"
"[ 29  29 195 197 197 199 197 197 197 198 200 201 202 202 202 202 201 201
 200 200 201 202 203 204 204 204 203 203 202 202 201 200 204 181 100  66
  65  63  59  58  57  55  54  56  57  56  56  57  55  54  53  53  53  53
  53  53  52  52  51  50  49  47  44  41  41  45  48  50  50  50  48  47
  45  44  44  44  44  44  44  44  40  40  41  40  39  37  37  37  38  37
  32  28  31  41  47  48  51  52  53  51  50  49  48  48  47  45  44  43
  43  42  41  40  38  41  43  44  44  43  38  33  31  31  32  34  38  43
  45  45  46  47  47  47  47  46  46  46  46  47  48  51  52  51  51  51
  52  50  51  57  60  66 171 207 202 202 203 203 203 203 203 203 203 203
 203 203 203 203 203 203 202 202 202 203 203 203 203 203 203 203 204 204
 204 204 204 203 203 203 203 204 204 203 203 204 204 203 204 206 206 206
 202  29]"
"[ 29  29 195 196 196 197 196 196 195 197 199 200 201 201 202 202 201 201
 200 200 200 202 203 203 203 203 202 202 202 202 201 199 204 163  80  63
  66  67  61  59  58  57  56  56  56  56  56  56  56  54  53  54  55  54
  54  55  54  54  52  50  49  48  45  43  42  45  49  50  50  49  47  46
  45  44  43  43  43  43  43  42  41  40  40  40  38  37  36  36  35  34
  30  26  31  41  47  48  50  53  54  53  51  50  48  47  45  45  45  45
  44  44  43  43  40  42  43  44  44  42  37  32  30  30  31  34  39  43
  45  45  45  46  46  46  45  45  46  46  47  47  48  50  51  51  51  51
  52  51  53  58  60  74 178 208 202 203 203 203 203 203 203 203 203 203
 203 203 203 203 203 203 203 203 203 203 203 203 204 204 203 203 204 204
 204 204 204 203 203 203 203 203 203 203 203 204 204 204 205 206 207 207
 202  29]"
"[ 29  28 194 195 195 196 195 196 195 197 198 199 200 200 201 202 201 201
 200 199 199 200 202 202 201 201 201 200 200 200 199 198 204 152  76  67
  67  66  59  61  58  57  56  54  54  55  55  54  56  53  52  53  54  54
  54  54  55  55  54  51  49  48  47  45  39  43  47  49  49  48  47  46
  45  43  42  41  40  40  40  40  41  40  39  39  37  36  35  35  33  32
  28  26  31  42  49  50  50  52  54  53  52  50  48  45  45  45  46  46
  45  45  45  46  42  44  45  44  44  42  37  31  30  29  31  35  40  43
  45  46  46  46  46  46  46  46  48  48  49  48  49  51  52  51  51  52
  51  52  55  58  60  81 183 209 202 203 203 203 203 203 203 203 203 203
 204 203 203 203 203 203 203 203 203 203 203 204 204 205 203 203 203 203
 203 204 204 204 203 203 203 203 203 203 203 204 204 204 205 207 207 207
 202  29]"
"[ 30  30 193 195 195 195 195 195 195 196 197 199 200 200 200 200 201 200
 200 200 200 201 201 202 202 201 201 201 200 200 198 197 202 149  66  66
  66  65  62  56  58  57  56  55  55  55  55  55  55  53  53  55  56  57
  57  57  57  58  55  52  50  48  46  42  38  36  42  48  48  47  47  45
  46  45  43  40  40  40  41  42  42  41  39  38  37  37  37  36  35  34
  28  24  31  45  51  48  48  51  53  53  51  50  48  47  46  47  47  46
  45  46  45  45  46  46  44  45  43  39  36  29  24  27  30  34  39  44
  46  46  48  47  47  46  46  47  47  47  47  48  49  51  52  52  52  51
  52  50  54  59  58  94 193 211 203 203 203 203 203 203 203 203 202 203
 203 203 203 203 203 203 203 203 203 203 203 203 203 203 203 203 203 203
 203 203 203 203 203 203 203 203 203 203 203 203 203 204 205 207 208 207
 201  30]"
"[ 29  29 192 194 194 194 194 194 194 195 196 197 198 199 199 199 199 199
 200 200 200 199 200 202 202 201 200 199 199 198 197 196 199 146  63  65
  64  64  63  59  58  57  56  55  55  55  54  54  55  54  53  55  57  57
  57  57  57  57  54  52  51  48  46  40  37  35  40  47  47  47  48  46
  44  43  42  40  39  40  41  41  41  41  40  38  38  37  37  35  34  31
  26  25  32  43  48  48  50  51  52  52  51  50  48  47  45  46  46  45
  43  43  44  44  46  46  44  45  43  39  35  28  24  26  30  34  39  43
  45  47  48  48  47  46  46  46  46  46  48  49  50  51  52  51  51  50
  52  51  52  60  61 112 200 205 203 203 203 203 203 203 203 203 203 203
 203 203 203 203 203 203 203 203 203 203 203 203 203 203 203 203 203 203
 203 203 203 203 203 203 203 203 203 203 203 203 202 204 205 207 208 206
 201  29]"
"[ 29  29 192 194 194 194 194 194 194 194 195 196 197 197 198 198 197 198
 199 200 199 199 199 201 202 201 200 199 198 197 196 196 200 148  65  67
  65  65  63  61  58  58  57  57  56  55  54  54  55  53  52  53  56  57
  57  57  56  57  53  52  51  48  45  38  37  35  40  46  48  48  49  46
  43  43  42  40  40  40  40  40  40  40  40  39  38  37  36  34  33  28
  24  26  33  40  45  48  51  51  50  50  50  50  48  45  43  44  44  42
  41  40  42  44  46  46  45  46  43  39  35  27  25  26  30  35  40  43
  46  48  50  49  48  47  46  46  46  46  48  48  50  51  51  51  50  50
  51  52  53  64  63 133 205 205 203 203 203 203 203 203 203 203 203 203
 203 203 203 203 203 203 203 203 203 203 203 203 203 203 202 202 203 203
 203 203 203 203 203 203 203 203 203 203 203 203 202 204 205 206 207 206
 200  28]"
"[ 29  29 193 194 194 194 195 194 194 194 195 195 196 196 197 197 196 197
 199 200 200 199 199 200 199 199 199 199 199 198 197 197 198 147  66  65
  66  67  63  61  57  58  58  57  56  55  54  54  54  52  51  52  54  56
  56  56  57  57  54  53  51  47  44  39  36  34  39  47  48  48  48  45
  43  43  43  41  40  40  40  39  39  40  40  39  38  37  35  33  32  27
  23  26  32  39  44  48  50  50  50  49  49  48  46  44  44  43  42  40
  39  40  42  44  46  46  45  46  44  40  36  27  24  25  30  37  41  42
  45  49  50  50  49  48  47  46  46  46  46  47  49  50  50  51  52  52
  53  52  56  64  66 155 206 206 203 203 203 203 203 203 203 203 203 203
 203 203 204 204 203 203 203 203 203 203 203 203 203 203 202 202 203 203
 203 203 203 203 203 203 203 203 203 203 203 203 202 203 204 205 206 205
 199  28]"
"[ 29  29 193 194 194 194 194 194 195 195 195 195 195 196 196 197 197 197
 198 200 201 200 199 199 197 197 198 198 199 198 197 197 203 158  76  64
  67  68  63  61  57  57  58  57  56  55  54  54  55  53  52  53  55  56
  56  56  58  58  55  53  50  45  43  40  35  34  39  46  47  47  45  42
  42  42  42  41  40  40  40  39  39  40  40  39  38  37  35  33  32  28
  24  24  31  40  46  48  50  51  51  50  48  47  46  45  45  43  40  39
  40  41  43  45  46  46  45  45  44  42  38  29  23  25  30  37  40  41
  44  47  49  48  48  47  46  46  46  46  47  48  48  49  49  50  52  53
  55  54  59  58  77 179 206 203 202 203 203 203 203 202 202 203 203 203
 203 204 204 204 205 205 203 203 203 203 203 203 203 203 202 203 203 203
 203 203 203 203 203 203 203 203 203 203 203 203 203 203 203 204 204 204
 199  29]"
"[ 29  29 193 194 194 194 194 194 195 195 195 195 196 196 196 196 197 196
 197 199 201 200 199 198 197 197 198 199 200 199 198 197 208 173  92  64
  68  69  65  64  59  59  59  58  57  55  54  54  55  53  53  54  55  56
  56  56  57  57  54  53  49  44  43  40  36  34  40  47  47  46  44  40
  40  40  40  40  40  40  40  39  40  40  40  39  39  38  36  34  32  29
  24  23  30  41  47  48  50  51  52  50  48  46  46  46  46  42  39  40
  42  44  44  45  45  46  45  45  45  43  40  30  23  26  32  37  40  41
  43  46  47  47  47  46  46  46  46  46  47  48  48  48  47  47  48  49
  52  57  62  58  98 196 206 201 202 203 203 203 202 202 202 202 203 203
 203 204 204 205 205 205 203 203 203 203 203 203 203 203 203 203 203 203
 203 203 203 203 203 203 203 203 203 203 202 202 203 203 203 203 204 204
 199  29]"
"[ 30  29 193 194 194 194 194 194 194 195 195 195 195 195 195 195 196 196
 196 198 199 199 198 198 197 198 198 199 200 199 198 197 200 180 105  64
  69  68  67  67  63  62  61  60  58  57  55  54  53  53  53  54  54  54
  54  54  55  55  51  51  48  43  42  39  37  36  41  48  47  45  44  40
  39  40  40  39  40  40  40  40  40  40  39  38  38  38  37  35  32  28
  23  24  31  41  47  48  50  51  51  49  47  45  45  46  44  41  39  41
  44  45  45  45  44  46  45  46  46  45  41  31  24  28  33  37  39  41
  44  46  47  46  46  46  45  45  46  46  46  47  48  48  47  46  47  47
  51  58  60  67 130 205 204 203 202 203 203 203 202 202 202 202 203 203
 203 204 204 204 204 204 203 203 203 203 203 203 203 203 203 203 203 203
 203 203 203 203 203 203 203 203 203 203 202 202 203 203 203 203 204 204
 199  30]"
"[ 29  28 192 193 193 193 193 193 194 194 195 195 195 195 195 195 195 195
 196 198 198 198 197 198 197 197 197 198 199 199 198 198 202 192 121  70
  73  67  65  65  65  63  62  60  58  57  55  53  53  53  53  54  54  53
  53  54  53  52  49  49  47  43  41  38  37  36  41  47  46  44  43  40
  40  40  40  40  40  40  40  40  40  40  39  37  37  37  36  35  33  27
  22  24  32  41  46  48  50  51  50  47  45  45  45  45  43  40  40  43
  46  46  45  45  43  45  45  46  46  45  41  30  25  29  34  36  37  40
  43  45  45  45  45  44  44  44  44  44  45  47  48  49  48  48  48  49
  55  55  51  75 158 210 202 202 202 203 204 203 202 201 202 202 203 203
 203 203 203 203 203 203 203 203 203 203 203 203 203 203 203 203 203 203
 203 203 203 203 203 203 203 203 203 203 203 203 202 203 203 203 204 204
 199  29]"
"[ 29  29 193 194 193 192 193 192 192 194 195 195 194 194 194 194 195 195
 196 196 196 196 198 200 200 199 199 199 199 199 198 198 200 195 146  76
  73  71  67  66  65  62  60  60  60  58  56  55  53  54  54  54  53  53
  53  54  53  52  51  48  46  43  40  38  36  40  45  48  47  44  41  39
  39  39  40  40  40  40  40  41  39  39  38  37  37  37  37  36  31  29
  24  25  33  41  45  48  50  50  49  47  45  44  45  46  44  42  39  40
  42  45  45  45  42  44  43  45  46  46  42  32  26  29  32  35  38  40
  43  46  46  46  46  44  43  45  45  45  46  47  48  48  48  47  47  49
  51  58  58 105 188 207 203 202 202 202 202 202 202 203 203 203 203 203
 203 203 203 203 203 203 203 203 203 203 203 203 203 204 203 203 203 203
 203 203 203 203 203 203 203 203 203 203 203 203 203 203 203 203 204 204
 199  29]"
"[ 29  28 191 192 192 192 193 193 193 194 195 195 195 194 194 194 195 195
 195 195 195 195 197 198 200 199 199 199 199 198 197 197 194 204 173  93
  74  72  70  63  65  62  61  60  59  57  55  54  54  54  54  54  54  53
  53  54  52  52  50  48  46  43  40  37  35  39  44  47  46  43  40  38
  39  39  40  41  40  39  38  37  37  37  37  37  36  36  35  34  30  27
  23  24  32  40  44  46  48  48  47  46  45  45  45  45  45  43  41  40
  41  42  43  42  43  44  44  46  47  46  42  32  28  30  32  34  37  40
  42  43  42  43  42  42  43  44  45  44  44  45  47  48  48  48  49  50
  55  52  66 142 201 205 201 203 202 202 202 202 202 203 203 203 203 203
 203 203 203 203 203 203 203 203 203 203 203 203 203 203 203 203 203 203
 203 203 203 203 203 203 203 203 203 203 203 203 203 203 203 203 204 204
 199  29]"
"[ 29  28 191 192 192 192 194 194 193 194 194 195 195 195 194 194 193 193
 193 194 195 195 196 197 198 198 198 198 198 198 197 196 195 202 188 120
  71  66  72  70  65  63  62  61  60  58  56  55  55  54  53  54  54  53
  53  53  52  51  49  47  45  43  40  36  35  39  44  46  45  43  40  38
  38  39  40  40  40  39  37  36  36  37  37  37  36  35  33  31  29  26
  22  23  31  39  43  45  46  45  45  45  45  45  45  44  44  43  41  40
  40  40  41  42  43  46  46  47  48  47  43  33  30  30  30  33  36  39
  40  41  40  40  40  40  42  43  44  43  43  44  45  47  48  48  49  51
  54  50  89 182 209 202 200 202 201 202 202 201 202 203 203 203 202 202
 203 203 203 203 203 203 203 203 202 202 203 203 203 202 202 202 202 203
 203 203 203 203 203 203 203 203 203 203 203 203 203 203 203 203 204 203
 199  29]"
"[ 29  28 191 192 192 193 194 194 193 193 193 194 194 194 194 193 192 192
 192 194 195 195 196 196 196 197 197 198 198 198 197 197 200 200 199 163
  89  67  73  71  67  65  63  62  60  59  58  57  55  54  53  53  53  53
  52  52  51  50  48  46  45  44  40  37  36  41  45  46  44  42  39  37
  38  38  38  38  38  38  38  38  37  37  37  37  36  35  32  30  29  26
  22  23  32  40  43  45  45  44  44  44  44  44  44  44  42  41  40  39
  38  39  41  43  43  46  46  47  47  46  43  33  30  29  30  32  36  39
  40  40  39  40  40  40  40  41  42  43  44  44  45  47  47  47  49  50
  50  56 121 202 205 201 201 200 201 201 201 201 202 203 203 203 202 202
 202 203 203 203 203 203 204 203 202 202 203 203 203 202 202 202 202 202
 203 203 203 203 203 203 203 203 203 203 203 203 203 203 203 203 203 203
 199  29]"
"[ 29  28 190 191 191 192 193 192 193 192 192 193 193 194 193 192 193 192
 192 193 195 195 195 195 196 196 197 198 198 197 197 197 195 195 199 185
 120  74  70  71  67  66  64  62  61  61  60  59  55  53  52  52  52  52
  51  51  50  49  47  46  45  44  41  39  38  43  47  47  44  41  39  37
  36  36  35  36  36  36  36  36  35  36  36  35  35  34  33  31  28  25
  21  23  32  40  44  46  46  45  45  44  43  43  43  44  41  40  39  38
  37  38  41  43  43  45  44  45  45  45  42  33  28  29  31  33  36  39
  40  40  40  40  40  40  39  40  41  43  45  45  46  46  46  47  49  50
  50  62 147 205 202 203 201 202 200 201 201 201 201 202 202 202 202 202
 202 203 203 203 203 203 204 203 202 202 202 203 203 202 202 202 202 202
 203 203 203 203 203 203 203 203 203 203 203 203 204 203 203 203 203 203
 199  29]"
"[ 29  28 190 191 192 192 192 191 192 192 192 192 193 193 192 192 193 192
 192 193 194 194 194 195 196 196 197 197 197 197 197 197 195 195 199 194
 163  95  71  75  67  66  64  62  62  62  60  58  55  53  52  52  52  52
  51  51  50  49  47  45  44  44  42  40  39  45  48  47  43  41  40  38
  37  36  36  36  36  35  33  32  33  33  33  33  34  34  34  33  27  24
  21  23  33  41  44  46  46  45  45  44  43  43  43  44  41  40  39  38
  38  38  40  41  43  45  44  46  46  46  43  33  28  29  31  34  36  38
  40  40  40  40  40  41  40  40  42  44  45  45  46  46  46  47  50  53
  52  67 163 203 204 203 199 204 201 201 201 201 201 202 202 202 201 202
 202 203 203 203 203 203 203 202 202 201 202 203 203 202 202 202 202 202
 203 203 203 203 203 203 203 203 203 203 203 203 204 203 202 202 203 203
 199  29]"
"[ 30  28 190 191 191 192 193 192 193 192 192 192 192 192 192 192 193 192
 192 192 193 194 194 195 195 196 196 196 196 196 197 197 195 194 196 198
 193 131  75  64  67  66  64  63  64  63  60  57  55  54  52  52  52  52
  51  51  51  49  47  44  43  42  41  40  40  45  48  46  42  40  40  39
  38  37  36  35  34  33  32  30  31  31  32  32  33  34  33  33  25  23
  21  25  35  43  45  45  45  44  44  43  43  44  44  44  42  41  41  41
  41  41  41  41  42  44  44  47  48  47  44  33  29  30  31  33  36  39
  40  40  40  39  40  42  43  43  43  44  45  45  46  46  46  47  52  56
  54  79 180 203 202 201 200 202 201 202 201 201 201 201 201 201 201 201
 202 202 203 203 203 203 203 202 201 201 201 202 202 203 203 203 203 203
 203 203 203 203 203 203 203 203 203 203 202 202 203 203 202 202 202 202
 199  29]"
"[ 30  28 189 190 190 192 193 193 193 193 192 192 192 192 192 192 191 190
 191 192 193 194 195 196 194 195 195 196 196 196 197 198 198 195 194 197
 200 174 101  68  68  67  66  65  65  64  60  55  56  54  53  53  53  52
  52  52  51  50  47  44  42  41  40  39  39  45  48  45  41  40  40  40
  38  36  34  32  32  32  31  31  31  31  32  32  33  33  33  32  24  23
  22  27  37  45  46  45  44  43  42  43  44  45  45  44  42  42  42  43
  45  45  44  42  40  43  43  46  48  47  43  32  30  29  30  33  36  39
  40  41  41  40  40  43  45  45  44  44  44  45  46  46  45  48  53  58
  53  93 196 205 197 200 205 199 202 202 202 201 201 201 201 201 200 201
 201 202 202 202 202 202 202 202 201 201 201 201 202 203 203 203 203 203
 203 203 203 203 203 203 203 203 202 202 202 202 203 203 202 201 202 202
 198  28]"
"[ 29  29 188 190 191 191 193 192 193 192 192 192 192 192 193 194 189 190
 190 191 192 193 194 194 194 195 195 196 196 197 197 197 198 198 194 197
 201 195 152  79  67  68  65  66  62  60  63  57  57  56  55  53  51  51
  52  54  50  48  46  44  41  39  39  40  41  44  46  45  42  40  39  40
  40  36  34  33  33  32  32  33  32  34  34  31  31  34  34  32  26  23
  21  26  37  44  45  44  45  44  43  44  44  44  44  45  44  44  45  45
  45  44  44  44  43  44  46  46  47  47  42  35  28  28  30  34  37  39
  40  41  42  41  41  43  45  46  45  45  43  44  46  47  48  50  53  54
  55 122 198 201 201 200 200 201 202 202 201 201 201 201 202 202 202 201
 201 201 202 203 203 202 202 202 202 201 200 201 202 204 203 203 203 203
 203 203 203 203 203 203 203 203 202 202 202 202 202 202 202 202 202 202
 198  29]"
"[ 29  30 189 190 192 191 193 192 192 191 191 191 191 191 192 193 192 192
 192 192 192 193 193 194 194 194 195 195 196 196 196 196 196 195 196 197
 195 202 181 122  72  60  61  65  64  62  59  58  58  57  55  54  53  51
  49  49  47  46  44  42  40  39  39  40  43  46  47  45  42  40  40  40
  39  37  35  36  36  35  35  35  35  35  35  33  33  35  34  32  28  24
  21  27  39  45  46  46  44  43  43  45  46  45  45  45  44  45  45  44
  44  44  45  45  44  44  45  46  46  47  43  35  29  29  31  34  38  39
  40  41  42  41  42  43  44  45  45  45  46  46  47  47  47  50  54  56
  64 142 206 200 196 200 202 202 202 201 201 201 201 201 202 202 202 202
 201 202 202 203 203 202 202 202 201 201 201 201 202 203 203 203 203 203
 203 203 203 203 202 202 202 202 202 201 201 201 201 202 201 202 202 202
 198  28]"
"[ 29  29 188 189 191 191 192 191 191 190 190 190 191 190 191 192 192 192
 191 191 191 192 193 193 193 193 194 195 195 195 196 196 195 195 196 195
 192 202 200 170 113  65  62  71  64  63  61  60  58  55  53  53  53  51
  49  46  46  45  44  42  41  40  40  41  46  47  47  44  42  40  40  40
  39  38  37  38  38  38  37  37  37  36  35  35  36  37  36  34  33  25
  22  30  40  45  46  46  44  43  42  44  45  45  45  45  45  45  44  43
  42  42  44  45  45  45  45  45  45  46  43  36  28  29  31  35  38  40
  40  40  41  41  41  42  42  42  43  44  44  44  46  47  46  51  57  56
  69 158 207 200 197 201 201 200 201 201 201 201 201 201 201 202 202 202
 202 202 202 202 202 202 202 202 201 201 201 202 202 202 203 203 203 203
 203 203 203 203 201 201 201 201 201 201 201 201 201 201 201 201 201 202
 198  29]"
"[ 28  28 187 189 191 190 191 189 190 189 189 190 190 190 190 191 191 190
 190 190 190 191 192 193 192 192 193 194 195 195 196 196 195 198 194 193
 195 196 198 196 165  95  67  68  65  66  62  61  59  55  52  51  52  52
  49  48  46  45  44  43  41  40  41  42  47  47  45  43  41  40  40  40
  39  39  39  40  40  39  37  37  37  36  35  36  37  37  37  37  33  24
  23  32  42  46  47  48  46  43  42  42  43  44  45  46  46  46  45  44
  42  42  43  45  46  45  46  45  46  47  45  38  28  28  31  35  38  40
  40  40  40  40  41  41  41  40  41  43  41  41  45  47  48  52  56  52
  80 170 203 200 200 202 200 200 201 201 201 201 201 201 201 202 202 202
 202 202 202 202 202 202 202 201 201 201 201 202 202 201 203 203 203 203
 203 203 202 202 201 201 201 201 201 201 201 201 200 201 201 201 201 202
 198  29]"
"[ 29  29 187 189 191 190 191 189 189 188 188 189 189 189 189 190 189 189
 190 190 191 192 192 193 192 193 193 194 194 195 195 195 194 197 194 194
 197 194 195 201 192 148  92  66  69  69  62  64  60  57  54  53  52  51
  49  48  46  45  44  42  40  39  40  42  47  46  44  42  41  40  40  40
  40  40  40  41  40  40  39  38  37  37  37  37  37  37  38  38  31  23
  24  36  44  48  49  49  47  44  42  42  43  44  45  46  46  47  47  47
  46  45  45  45  47  46  47  47  48  49  46  40  27  28  30  34  38  40
  40  40  41  40  41  41  40  40  41  42  41  41  44  47  48  52  54  51
  99 186 202 200 199 202 200 202 200 200 200 201 201 201 201 202 202 202
 202 201 201 201 201 202 202 201 201 201 201 202 201 201 202 202 202 202
 202 202 202 202 201 201 201 201 201 201 201 201 201 201 201 201 201 202
 198  29]"
"[ 30  29 186 187 190 189 190 188 188 187 187 188 188 188 188 188 188 188
 189 190 190 190 190 191 193 193 194 194 194 194 193 193 195 194 196 196
 193 195 198 194 199 192 143  92  68  61  63  63  58  57  55  54  52  50
  48  47  46  45  43  41  39  39  40  43  47  47  45  43  41  41  41  40
  40  40  40  40  40  41  41  41  40  40  39  39  38  38  38  37  31  25
  29  40  46  48  49  47  45  44  43  44  44  44  45  45  47  47  49  49
  49  48  48  47  47  47  48  48  48  50  46  40  28  28  30  34  38  39
  40  40  40  39  39  39  40  40  40  41  40  41  42  45  50  53  56  57
 117 196 204 200 198 201 201 201 200 200 200 200 201 201 201 201 201 201
 201 201 201 201 201 201 201 201 201 201 201 201 201 201 202 202 202 202
 202 202 202 201 201 201 201 201 201 201 201 201 201 201 201 201 201 201
 198  29]"
"[ 30  28 186 186 188 187 188 187 187 187 187 188 188 187 187 187 187 187
 188 189 189 189 189 189 193 193 193 193 193 193 193 192 195 193 196 195
 192 195 197 191 196 199 183 144  90  60  63  61  59  58  56  54  52  49
  48  47  47  46  44  41  39  39  41  44  47  47  46  44  42  42  41  40
  40  41  40  39  40  42  43  43  43  44  42  41  41  41  39  35  32  27
  33  44  48  49  50  47  45  45  45  45  45  45  46  47  48  49  49  50
  51  51  50  50  49  49  49  49  49  50  46  39  30  30  32  35  37  39
  39  39  40  38  36  37  39  40  40  40  39  42  42  45  52  54  57  64
 138 201 201 200 199 199 199 198 199 199 199 200 200 201 201 201 201 201
 201 201 200 200 201 201 201 201 201 200 200 200 201 201 202 202 202 202
 202 201 201 201 201 201 201 201 201 201 201 201 201 201 201 201 201 201
 198  28]"
"[ 30  29 186 186 188 187 188 187 188 187 187 188 188 187 187 187 187 187
 188 189 189 190 190 190 191 191 192 192 193 193 193 193 192 194 194 194
 196 195 192 195 193 192 197 189 137  81  65  66  65  62  58  55  51  49
  47  47  48  46  44  41  39  38  41  44  48  48  47  45  43  41  40  39
  42  42  41  40  40  43  45  46  45  46  44  42  43  44  40  34  29  26
  34  46  49  52  54  52  48  47  47  46  46  47  49  51  51  51  51  51
  52  53  52  52  52  52  51  50  50  51  47  41  32  32  32  35  38  39
  39  39  40  37  36  37  39  41  41  40  40  45  44  47  53  52  54  65
 163 205 196 198 200 198 198 199 198 199 199 199 200 200 200 200 200 201
 201 201 200 200 201 202 201 201 201 200 200 200 201 202 202 202 202 202
 201 201 201 201 201 201 201 201 201 201 200 200 201 202 201 201 201 201
 198  28]"
"[ 30  28 183 183 185 187 187 188 187 188 187 187 185 184 182 180 185 186
 187 188 190 190 189 188 190 190 191 192 193 193 193 193 193 193 194 194
 195 196 195 194 194 190 195 202 185 128  71  64  64  60  59  55  53  51
  46  46  45  44  42  40  39  37  39  44  50  51  49  45  42  42  42  41
  44  44  45  45  45  46  47  48  47  46  46  45  43  43  39  33  29  28
  35  48  55  55  54  54  53  50  48  47  47  48  50  51  50  50  51  52
  53  54  54  54  55  52  49  50  50  49  47  41  32  31  33  36  38  39
  39  37  39  36  33  34  36  38  39  38  37  39  42  47  52  56  60  81
 181 201 196 196 197 197 197 199 198 199 199 199 199 199 199 199 199 199
 200 200 200 200 200 200 202 201 200 200 200 200 201 202 201 201 201 201
 201 201 201 201 201 201 200 200 200 200 200 200 200 200 201 199 199 201
 197  29]"
"[ 30  29 183 184 185 187 187 188 187 187 187 187 186 185 184 183 186 186
 187 188 189 190 190 189 189 190 191 192 193 193 193 193 193 194 194 195
 195 196 195 194 196 193 191 196 196 164 106  64  66  62  59  55  54  52
  47  45  41  42  41  39  38  36  40  47  53  53  52  47  44  44  44  43
  45  45  47  48  48  48  49  49  49  48  47  45  42  41  38  32  30  29
  37  50  56  56  55  55  54  52  51  50  50  51  52  53  53  53  53  53
  54  54  54  54  54  53  51  52  51  49  48  42  34  33  35  38  38  39
  39  37  36  34  32  33  36  38  39  39  39  38  45  50  53  59  61  95
 187 201 196 197 196 196 197 198 198 198 198 198 198 198 197 197 199 199
 200 200 200 200 200 200 201 200 200 200 200 200 200 201 201 201 201 201
 201 201 200 200 201 201 200 200 200 200 200 200 201 200 201 200 200 201
 197  29]"
"[ 30  29 184 184 184 186 186 187 186 187 187 187 187 186 185 184 187 187
 187 188 189 189 190 190 188 189 191 192 193 193 193 193 193 194 194 194
 195 196 195 194 193 196 191 191 197 188 139  70  67  63  60  55  54  53
  47  43  39  40  40  39  37  36  41  49  54  55  53  49  46  46  46  45
  46  47  49  50  51  51  51  51  53  51  50  47  43  42  39  34  32  32
  40  52  58  58  57  57  55  54  54  55  54  53  53  54  54  53  53  53
  54  54  54  53  54  55  54  54  52  49  48  43  34  33  35  38  38  38
  38  36  34  33  32  33  35  38  39  40  39  36  46  50  53  59  61 119
 194 201 196 197 196 196 198 198 198 198 198 198 197 197 197 197 199 199
 199 200 200 200 200 200 200 200 200 200 200 200 200 200 201 201 201 201
 201 201 200 200 200 200 200 200 200 200 200 200 201 200 201 200 199 200
 197  29]"
"[ 30  29 184 183 184 185 185 187 187 187 188 188 187 186 185 185 187 187
 187 187 188 189 189 190 189 190 190 191 192 193 194 194 193 194 195 195
 195 196 195 194 191 195 193 192 193 191 158  83  65  63  61  55  53  53
  47  43  40  40  39  38  37  36  41  51  55  55  53  50  48  47  48  48
  48  49  51  53  54  54  54  54  56  54  53  50  46  44  41  37  31  32
  40  51  56  56  56  56  56  56  57  57  57  55  55  55  55  54  54  54
  54  55  54  54  55  56  56  56  53  51  49  43  34  34  37  39  39  38
  37  35  34  34  34  34  35  37  39  40  40  37  46  49  55  57  62 149
 200 200 195 197 196 196 199 197 197 197 197 197 197 197 197 197 198 198
 199 199 200 200 200 200 200 200 200 200 200 200 200 200 200 200 201 201
 201 201 201 201 200 199 199 199 199 199 199 200 200 199 200 199 199 199
 196  29]"
"[ 30  29 183 183 183 185 186 187 187 187 187 187 187 186 185 185 187 187
 188 188 188 189 189 189 189 189 190 190 191 192 193 194 193 194 195 195
 195 195 195 194 194 194 192 194 193 193 172  96  63  63  62  56  53  52
  47  44  42  41  39  38  37  35  41  51  56  56  54  52  51  50  51  51
  51  52  54  55  56  56  57  58  58  56  55  53  48  45  41  37  33  33
  40  50  56  57  59  59  57  58  58  59  58  57  57  57  57  57  57  57
  57  57  57  57  56  57  56  56  55  54  52  44  36  36  39  42  41  39
  37  34  35  35  35  35  36  37  40  41  42  42  47  49  57  56  72 174
 201 197 195 196 196 196 199 197 197 197 197 197 197 197 197 197 197 197
 198 199 200 200 200 200 200 200 199 200 200 200 201 201 200 200 201 201
 201 201 200 200 199 199 199 199 199 199 200 200 200 199 200 199 199 199
 196  29]"
"[ 30  29 183 183 183 185 185 187 186 186 187 187 187 186 186 186 187 188
 189 189 189 189 189 189 189 189 189 189 190 191 192 192 191 193 193 193
 193 194 193 193 194 194 193 193 193 193 178 104  65  63  62  57  53  51
  47  45  43  42  39  38  36  35  41  51  57  56  55  54  53  53  53  53
  54  55  56  57  57  58  59  60  59  57  56  55  51  46  42  37  35  34
  40  50  57  60  62  62  60  59  60  60  60  59  59  59  60  60  59  59
  60  60  60  60  59  59  56  57  58  57  54  44  37  38  41  43  41  38
  36  32  35  35  35  36  37  39  41  42  44  46  46  48  55  55  92 189
 199 195 195 195 197 196 198 196 196 196 196 196 196 196 196 196 197 197
 198 199 199 200 200 200 199 199 199 199 200 200 201 201 201 201 201 201
 200 199 199 198 199 199 199 199 199 200 200 200 200 198 200 200 199 199
 196  29]"
"[ 30  29 182 182 182 184 184 185 185 185 186 186 186 186 186 186 187 188
 188 189 188 188 188 188 188 188 189 189 190 190 190 190 190 192 193 193
 192 192 192 192 191 192 194 191 190 192 181 115  66  62  60  56  53  51
  47  47  45  44  42  40  37  34  41  53  57  56  56  55  55  54  53  54
  56  56  57  58  58  59  60  60  61  58  57  56  53  48  44  39  35  33
  38  48  55  60  62  61  61  60  61  61  61  61  60  60  61  61  60  60
  61  62  62  62  62  62  59  60  60  59  54  43  39  39  42  44  41  38
  36  33  36  36  37  37  39  41  43  44  44  46  45  49  53  60 119 195
 195 193 196 194 198 196 197 196 196 195 195 195 196 196 196 196 197 198
 199 199 199 199 199 199 197 198 198 199 200 200 200 201 201 201 201 200
 199 198 198 197 198 198 198 198 199 199 199 199 199 197 199 199 198 198
 195  29]"
"[ 29  28 181 180 181 183 182 183 185 185 186 186 186 186 186 186 187 187
 188 188 187 187 187 187 188 188 189 190 190 190 189 189 191 193 194 193
 193 193 193 193 190 191 192 189 190 193 187 128  66  61  58  54  52  51
  48  48  48  46  44  42  37  34  41  54  58  57  57  57  56  55  54  54
  56  56  57  58  58  58  59  59  61  57  56  56  54  50  45  41  40  38
  41  51  59  64  65  63  61  61  61  62  62  62  61  61  61  61  61  61
  62  64  64  65  65  65  62  62  61  59  53  42  40  40  43  44  42  39
  37  35  37  38  38  39  41  42  44  46  46  47  46  53  53  67 142 199
 193 193 196 194 198 196 196 195 195 195 195 195 196 196 197 197 199 199
 199 199 199 199 198 198 196 197 198 199 200 200 200 200 200 200 200 200
 199 198 197 197 196 196 197 197 197 198 198 198 198 196 198 198 198 197
 194  28]"
"[ 29  28 180 181 182 182 183 184 187 187 187 187 186 186 186 186 187 187
 188 189 189 188 188 188 189 189 188 188 188 188 189 189 190 191 192 192
 192 192 192 192 191 190 191 189 190 194 188 133  67  61  59  54  55  51
  49  51  49  45  44  43  39  36  43  54  57  57  57  57  57  55  54  54
  56  57  57  57  57  59  59  58  60  60  59  57  54  52  48  45  40  36
  40  51  60  64  65  66  65  63  61  62  64  64  64  64  61  59  59  62
  64  65  65  65  68  64  65  66  63  61  53  40  39  44  46  45  44  40
  38  38  40  39  40  41  44  46  46  46  45  48  48  56  53  80 167 196
 193 193 194 195 196 196 196 195 196 195 195 196 196 196 196 197 197 199
 200 200 198 197 197 198 198 197 197 198 200 200 200 199 199 199 198 198
 198 197 197 197 197 197 197 197 196 196 196 197 197 197 198 198 198 197
 194  29]"
"[ 30  29 181 181 181 179 180 180 183 184 185 185 185 185 185 185 186 187
 187 188 187 187 187 187 188 188 188 188 188 188 189 189 189 190 190 191
 190 190 190 190 193 191 191 189 190 194 189 137  69  54  59  55  54  53
  51  53  49  46  44  44  40  39  47  57  59  57  56  56  56  55  54  54
  55  57  58  58  57  58  59  59  59  61  61  60  56  52  48  45  41  37
  41  52  60  63  64  64  64  63  62  63  64  64  64  63  62  61  61  63
  65  65  65  65  67  66  67  68  64  59  49  38  40  45  47  46  44  41
  38  38  40  40  40  43  45  47  47  47  45  46  49  53  57  98 181 194
 192 193 194 195 196 196 195 195 195 194 194 195 195 195 196 196 197 198
 199 199 198 197 197 197 197 197 197 198 199 200 200 199 198 198 198 197
 197 197 197 196 197 197 197 197 196 196 196 197 197 196 197 197 197 196
 193  29]"
"[ 29  29 181 181 181 180 180 181 182 183 185 186 186 186 186 187 186 187
 187 188 187 187 187 187 187 187 188 188 188 188 188 188 189 189 189 189
 189 190 190 190 192 191 191 189 191 195 192 145  75  52  61  58  54  57
  53  54  53  50  47  45  43  44  51  59  61  59  57  57  57  56  55  55
  54  57  59  59  58  58  60  61  61  63  63  61  56  51  48  46  42  38
  42  53  61  64  64  64  64  63  63  64  65  65  65  64  64  63  63  65
  66  66  66  66  67  69  69  68  65  57  45  37  41  45  46  45  44  40
  37  37  39  40  42  45  47  49  49  48  44  45  52  52  56 112 190 191
 192 193 194 195 195 195 195 194 194 193 194 194 195 195 195 196 196 197
 198 198 197 197 197 197 196 196 196 197 198 199 199 199 197 197 197 196
 196 196 196 196 196 197 197 197 196 196 196 197 197 196 197 197 197 196
 193  29]"
"[ 29  28 180 181 181 180 181 182 183 184 186 186 185 185 186 187 186 187
 187 187 187 186 186 186 186 187 187 188 188 188 188 188 189 189 189 189
 189 190 191 192 191 190 190 189 190 193 194 151  80  58  64  61  57  58
  54  54  54  52  49  46  44  46  52  58  62  60  59  58  58  56  56  56
  55  57  59  59  59  60  62  64  65  66  64  60  54  50  47  46  41  37
  41  52  60  63  64  64  63  62  61  63  64  65  65  65  65  64  64  65
  66  66  67  69  70  72  70  67  65  54  41  38  41  45  46  45  44  41
  38  38  39  41  44  47  49  49  49  48  47  45  54  55  58 127 193 190
 192 193 194 195 195 194 194 194 193 193 193 194 195 194 195 195 195 196
 197 197 197 197 197 197 196 196 196 197 198 198 198 198 196 196 196 196
 196 196 196 196 196 196 197 197 196 196 196 197 197 197 198 197 198 197
 194  30]"
"[ 30  29 180 180 180 179 180 180 182 182 183 183 183 183 184 185 186 186
 187 186 186 186 186 186 186 186 187 188 188 188 188 188 188 188 188 188
 189 190 191 191 192 191 191 189 189 190 191 154  83  66  64  61  61  58
  56  54  53  51  48  45  44  47  53  59  60  60  60  59  57  55  55  56
  56  57  57  59  60  62  65  66  68  67  64  59  55  51  48  45  39  36
  40  51  59  62  63  64  62  60  59  59  61  62  64  65  65  64  64  65
  66  67  69  72  72  74  70  68  65  52  39  38  43  47  48  47  46  44
  41  41  40  43  46  49  50  49  48  46  48  48  53  56  65 150 198 191
 192 193 194 195 194 194 194 194 193 193 193 194 195 195 195 195 195 196
 196 197 197 197 197 197 197 197 197 197 197 197 197 197 196 196 196 196
 196 196 195 195 196 196 197 197 196 196 196 197 197 197 197 197 197 197
 194  30]"
"[ 30  29 180 180 180 179 181 181 181 181 181 182 182 183 184 185 185 186
 186 186 186 186 186 186 186 187 187 187 188 188 188 188 188 188 188 188
 188 189 190 190 191 191 191 189 189 189 193 161  88  69  62  61  62  59
  57  55  54  51  48  45  43  45  51  57  60  60  61  59  56  54  55  57
  57  57  57  59  62  64  66  68  67  66  64  61  58  53  48  44  39  36
  41  52  59  61  63  64  62  60  58  58  59  61  64  66  65  64  64  66
  67  69  71  74  74  75  72  70  65  50  38  39  44  48  49  48  48  46
  43  43  42  44  47  49  49  48  47  46  45  52  57  55  75 166 197 189
 192 193 193 193 193 193 194 194 193 193 193 195 195 195 195 195 195 195
 196 196 196 197 197 197 197 197 197 197 197 197 197 197 196 196 196 196
 196 195 195 195 195 196 196 196 196 196 196 196 196 196 197 196 197 196
 193  29]"
"[ 28  28 179 180 180 180 181 182 181 181 181 182 183 184 185 185 185 186
 186 186 186 186 186 187 187 187 187 187 188 188 188 188 189 188 188 188
 189 190 190 190 190 190 190 189 190 190 197 169 100  67  61  61  60  57
  54  52  51  48  45  41  39  40  48  56  60  60  60  58  56  55  56  58
  58  57  58  61  63  65  66  68  66  65  64  62  58  53  47  42  37  35
  42  53  60  62  63  64  64  61  59  58  59  61  64  66  66  65  65  67
  70  71  74  76  77  76  74  71  62  46  37  41  45  48  49  48  48  46
  44  44  43  45  47  48  47  46  46  47  46  53  61  56  91 177 193 189
 192 192 192 192 192 193 193 193 193 193 194 195 195 195 195 195 195 195
 195 196 196 196 196 196 196 196 196 196 196 196 197 197 197 197 196 196
 196 195 195 195 195 195 196 196 196 196 196 196 196 195 196 196 196 196
 193  29]"
"[ 29  28 180 180 179 178 178 179 180 180 180 181 183 184 184 184 184 185
 185 185 185 185 186 186 187 187 187 187 187 188 188 188 188 188 187 188
 189 190 190 190 190 190 189 188 189 188 197 171 110  64  60  60  56  54
  49  47  44  41  38  36  34  37  46  57  60  59  58  57  55  54  55  57
  57  57  59  62  64  64  66  67  65  65  64  61  56  51  45  41  34  33
  41  53  59  61  63  64  65  62  60  59  59  61  63  65  66  65  66  69
  72  73  75  77  80  78  75  71  59  43  38  44  47  50  50  49  49  48
  45  45  45  46  47  47  46  46  47  48  52  53  60  59 110 189 195 192
 192 191 190 190 191 192 192 192 193 193 194 195 195 195 195 195 195 195
 195 195 196 196 196 196 196 196 196 196 196 196 197 197 197 197 197 196
 195 195 195 194 194 195 196 196 196 196 196 196 197 196 197 196 197 196
 193  29]"
"[ 29  29 180 180 178 172 172 174 178 180 182 182 182 182 184 185 185 185
 186 187 188 186 186 186 187 187 187 187 187 187 188 189 189 189 188 188
 188 188 188 188 189 188 187 189 187 189 192 180 121  64  56  59  49  49
  46  44  39  38  37  36  35  39  48  58  61  60  57  55  54  54  55  55
  58  59  60  61  65  66  66  67  68  67  66  62  57  50  44  40  33  33
  40  51  57  61  64  65  66  64  61  61  63  63  64  66  68  67  68  70
  73  75  77  78  80  78  74  73  52  40  42  45  48  51  54  52  49  48
  47  46  48  48  48  48  49  48  48  52  54  59  56  62 129 192 194 189
 191 191 191 192 193 193 193 193 194 195 195 194 195 195 195 195 195 196
 196 196 195 195 195 196 196 196 196 196 196 195 196 197 196 196 196 195
 195 195 195 195 196 196 195 195 195 195 195 195 195 195 196 196 196 195
 193  29]"
"[ 29  29 180 178 174 168 167 171 177 179 182 182 182 183 184 185 185 185
 185 187 187 187 186 186 187 187 187 187 187 187 188 189 188 188 187 187
 187 188 188 188 188 188 188 189 188 189 192 185 138  71  54  60  51  45
  40  39  37  36  35  35  37  42  50  58  62  59  57  55  55  55  55  55
  57  59  60  62  65  66  66  67  69  68  66  62  57  50  43  38  33  34
  41  51  56  59  63  65  65  64  61  61  64  64  64  67  70  70  70  72
  75  77  79  80  80  78  74  70  50  40  43  46  49  52  55  54  51  50
  50  50  50  51  50  50  51  50  50  52  58  59  57  72 153 195 191 191
 191 190 190 191 192 193 193 194 194 195 195 195 195 195 195 194 195 196
 196 196 195 195 195 196 195 195 195 196 195 195 195 196 195 195 195 195
 195 195 195 195 196 196 195 195 195 195 195 195 195 195 196 195 195 195
 192  29]"
"[ 29  29 179 175 170 164 164 169 175 178 181 182 182 183 183 183 185 184
 184 185 187 187 187 187 187 187 187 187 187 188 188 188 187 187 186 186
 187 187 187 187 186 188 187 188 187 187 190 189 151  80  53  58  50  43
  39  39  38  36  35  37  40  46  53  58  62  60  57  55  55  55  55  55
  56  59  61  63  66  67  67  68  70  69  66  62  57  50  42  36  32  35
  43  51  54  57  61  64  65  63  61  61  64  65  65  68  71  71  72  73
  75  77  79  81  79  78  72  64  46  40  44  46  50  52  54  54  53  52
  53  53  54  54  53  53  54  53  52  54  59  59  58  91 180 197 189 192
 192 191 191 191 192 192 193 194 194 195 195 195 195 196 195 194 195 195
 195 195 195 195 195 195 195 195 195 195 195 195 195 196 195 195 195 195
 195 195 195 195 196 195 195 195 195 195 195 195 195 195 196 195 195 194
 192  29]"
"[ 29  29 178 175 170 166 167 171 176 178 181 181 181 181 181 181 183 183
 183 185 187 187 187 187 187 187 186 187 187 188 188 187 187 186 186 186
 187 187 187 187 186 188 186 186 187 186 186 189 158  93  54  53  46  44
  43  43  42  40  40  41  44  49  54  59  62  60  58  56  55  55  56  56
  57  60  63  65  68  68  68  70  71  70  67  62  57  50  42  35  31  35
  44  52  55  57  60  62  64  63  60  60  64  65  67  70  72  72  73  74
  75  76  78  80  79  78  70  57  43  40  45  47  50  52  54  54  54  55
  56  57  57  57  56  55  57  57  56  57  57  61  61 117 193 194 189 191
 193 192 191 192 192 192 192 193 194 195 195 195 195 195 195 194 195 195
 195 195 195 195 195 195 195 194 195 195 195 195 195 196 195 195 195 195
 195 195 195 195 195 195 195 195 195 195 195 195 195 195 196 195 195 195
 193  29]"
"[ 30  29 178 175 173 170 172 175 178 180 181 181 181 181 181 181 182 181
 182 185 187 187 187 186 187 187 187 187 187 187 187 187 186 187 187 187
 187 187 187 187 187 188 187 186 189 187 185 189 169 109  56  50  47  45
  45  45  45  45  44  44  45  49  54  59  61  60  59  57  55  55  56  57
  58  62  64  66  68  68  68  70  72  71  68  63  58  51  42  34  30  34
  44  53  57  59  61  61  64  62  60  60  64  66  68  71  73  74  75  76
  76  76  78  80  80  77  69  52  42  43  48  49  52  54  55  57  58  58
  59  60  59  59  57  56  58  59  59  60  60  62  67 147 196 191 189 190
 192 192 192 192 192 192 192 193 194 195 195 194 194 195 195 195 195 195
 195 195 195 195 194 194 194 193 193 194 195 195 195 196 195 195 195 195
 195 195 195 195 195 195 195 195 195 195 195 195 195 195 196 195 195 195
 193  29]"
"[ 30  28 177 175 174 173 173 175 178 179 180 180 180 180 181 180 181 180
 182 184 186 186 186 186 187 187 187 187 187 187 186 186 186 187 187 187
 187 187 187 187 187 187 187 186 189 189 185 189 180 126  62  52  52  49
  47  48  47  47  47  45  45  48  54  58  60  60  59  57  56  56  57  58
  60  63  65  66  68  68  68  70  71  71  68  63  57  50  40  32  30  34
  45  55  59  62  62  61  64  63  61  62  65  67  69  72  74  74  76  77
  77  77  78  80  79  76  67  48  41  44  49  51  54  55  57  59  61  61
  61  62  60  61  58  57  59  60  61  63  66  62  84 172 194 188 188 188
 191 191 191 192 192 192 193 193 194 194 194 194 194 195 196 195 195 195
 195 195 195 194 193 193 192 191 192 193 194 194 195 195 195 195 195 195
 195 195 195 195 195 195 195 195 195 195 195 195 195 195 195 195 195 194
 193  29]"
"[ 29  28 177 175 175 173 174 175 177 178 179 179 179 179 179 179 180 180
 181 183 185 185 186 186 187 187 188 187 187 186 186 186 186 187 187 187
 187 186 186 187 187 186 187 185 187 189 185 187 186 146  75  57  56  52
  48  51  49  49  48  46  45  49  55  59  61  59  58  58  58  59  60  60
  62  64  65  66  68  69  70  72  71  72  69  63  57  49  39  30  30  35
  46  56  60  63  64  63  64  64  62  64  68  69  70  73  73  75  77  78
  79  79  79  80  79  74  65  44  41  46  50  52  54  55  57  61  62  62
  61  61  62  63  61  59  61  62  63  65  67  67 117 189 191 188 187 187
 189 190 191 192 192 192 192 193 192 193 193 193 194 195 195 195 195 195
 195 195 195 194 192 191 191 190 190 192 194 194 195 195 195 195 195 195
 195 195 195 195 195 195 195 195 194 194 194 195 195 194 195 194 195 194
 192  29]"
"[ 29  29 179 177 176 175 175 176 177 178 179 179 179 179 179 179 180 180
 181 183 184 184 186 187 187 188 188 188 187 186 185 185 186 186 187 187
 186 186 186 186 187 186 188 185 185 188 186 187 187 163  90  61  56  52
  49  51  52  52  50  47  46  50  56  60  62  60  58  58  61  63  63  62
  64  66  66  66  69  70  71  74  73  74  71  64  58  50  39  30  30  37
  48  57  61  63  65  64  64  64  64  67  70  71  71  73  74  75  77  80
  81  81  81  81  79  73  64  43  43  48  51  53  55  56  58  62  64  62
  61  61  64  66  64  62  63  64  65  66  64  74 147 196 189 189 189 187
 189 189 191 192 192 191 191 192 191 192 193 193 194 195 195 195 195 195
 195 194 194 193 192 190 190 190 190 192 194 195 195 196 195 195 195 195
 195 195 195 195 195 195 195 194 194 194 194 194 194 194 195 194 194 194
 192  29]"
"[ 29  30 174 175 174 177 173 174 176 177 178 178 177 178 179 180 178 179
 179 180 182 182 183 185 186 186 186 186 186 186 184 183 184 185 187 186
 184 182 183 186 187 185 184 185 186 187 185 184 188 169  95  59  59  54
  51  52  51  50  50  49  50  52  56  60  60  60  60  60  61  62  61  60
  62  62  64  67  69  70  71  72  73  73  72  64  55  46  35  30  29  40
  50  56  62  65  65  65  64  64  64  67  69  71  72  73  75  77  79  81
  81  81  81  81  80  72  53  46  44  50  51  52  55  57  61  63  64  64
  64  63  64  66  64  64  65  69  64  70  64  95 172 192 189 188 188 188
 189 189 189 190 190 190 190 190 188 191 190 190 192 194 194 194 195 195
 195 194 193 193 191 190 190 192 193 194 194 193 194 195 194 194 194 194
 194 195 194 194 196 194 193 194 195 195 193 192 193 193 194 193 194 193
 191  29]"
"[ 29  30 177 176 173 175 174 176 174 175 176 177 177 177 178 179 180 181
 180 181 183 183 183 184 182 183 183 184 184 184 182 181 181 182 182 182
 182 182 183 185 184 183 183 183 183 183 183 183 188 166  91  60  57  52
  52  55  51  49  48  48  49  51  56  60  61  60  60  60  60  60  60  59
  61  63  66  68  69  70  72  74  75  74  73  65  55  46  35  30  31  42
  52  58  63  66  66  66  65  64  65  66  68  69  71  73  74  76  79  80
  81  81  81  81  75  66  50  45  45  51  53  56  57  59  61  62  62  64
  65  65  65  65  64  65  64  64  70  71  71 129 188 192 187 186 188 186
 188 188 189 189 189 190 189 189 189 190 189 189 191 192 192 192 191 193
 193 193 193 193 193 193 194 194 194 193 192 192 193 194 194 193 193 193
 193 194 193 193 193 193 192 193 193 192 191 190 191 192 193 193 194 192
 191  29]"
"[ 29  26 175 174 173 176 174 173 174 174 175 176 176 175 175 175 179 179
 178 179 181 182 181 182 181 181 182 183 183 183 182 181 184 183 182 181
 181 181 182 182 184 184 184 183 183 183 183 184 188 155  78  58  58  54
  54  55  52  50  48  47  48  51  56  60  61  61  60  60  59  59  58  58
  60  63  67  69  69  69  72  75  75  74  74  66  56  46  34  29  31  43
  53  59  63  65  65  65  65  65  65  66  67  69  71  73  73  76  78  80
  81  81  81  80  75  62  47  45  46  52  54  58  60  62  64  64  64  65
  67  67  67  66  66  66  65  65  77  70  88 165 197 191 188 185 189 187
 187 188 189 190 190 190 190 189 191 191 189 189 191 191 190 192 192 193
 194 193 193 194 195 195 193 194 194 194 194 194 195 196 194 194 193 193
 194 194 193 193 193 193 193 193 193 192 190 190 189 190 192 192 193 192
 190  29]"
"[ 32  27 175 173 173 175 173 170 173 173 173 174 174 175 175 175 175 176
 175 175 178 180 179 180 180 180 181 182 182 182 182 181 182 183 182 181
 180 181 182 182 180 180 181 181 180 180 180 180 183 144  68  56  59  56
  55  53  54  52  49  48  48  50  54  58  61  61  60  59  59  58  58  57
  58  61  66  69  70  70  72  74  75  74  73  66  55  44  32  27  30  42
  53  59  62  63  63  64  64  64  65  66  67  69  71  73  75  76  78  79
  80  81  81  79  76  58  45  44  48  53  55  58  62  64  66  66  66  67
  68  69  67  68  69  67  69  72  76  70 119 183 191 187 189 185 186 187
 186 187 187 188 188 188 188 188 189 189 188 189 190 189 188 191 190 190
 190 190 190 191 192 192 192 193 194 194 193 192 191 191 192 191 191 191
 191 191 190 190 190 191 191 191 190 188 188 188 188 190 192 192 193 191
 190  29]"
"[ 27  27 172 172 170 172 173 173 171 171 171 172 174 175 176 176 174 176
 175 175 178 179 179 180 179 180 181 183 184 184 184 184 183 184 184 182
 180 179 179 179 179 179 180 181 182 182 180 179 177 140  71  57  58  55
  55  55  55  52  49  48  48  49  53  56  60  60  60  59  58  57  57  57
  57  60  64  69  71  72  73  74  75  74  74  66  54  43  31  27  31  43
  54  59  61  63  63  64  64  64  65  67  68  70  72  73  75  76  77  77
  78  80  80  78  73  52  42  44  51  56  57  60  63  65  65  65  65  67
  68  69  68  70  70  69  73  74  69  84 156 191 188 187 189 187 184 186
 187 187 187 187 187 187 187 187 187 188 188 188 189 187 187 190 189 188
 188 188 191 193 193 193 193 193 194 194 193 192 191 191 191 190 189 190
 191 191 190 189 190 191 191 190 189 188 188 188 189 191 193 193 194 192
 191  29]"
"[ 30  31 163 164 163 164 165 164 162 162 162 162 162 163 164 164 167 170
 169 168 169 171 171 172 170 172 174 175 177 178 179 179 183 186 187 185
 183 182 182 182 181 180 181 183 185 185 182 180 172 139  80  58  59  57
  55  55  54  52  49  48  48  50  53  56  59  59  59  58  56  55  56  57
  57  59  63  67  71  72  73  74  75  74  74  66  54  42  31  29  33  45
  55  58  61  62  62  63  64  65  66  68  69  70  72  73  74  75  75  75
  77  79  79  77  70  47  42  45  53  57  58  61  65  65  64  64  65  67
  70  71  71  71  71  72  74  69  69 114 177 191 188 186 185 187 186 187
 186 186 186 186 186 186 187 187 186 187 186 186 187 186 186 189 188 187
 186 187 189 191 191 190 192 192 191 190 190 189 189 189 191 190 189 189
 190 191 191 190 191 190 190 189 189 188 188 188 188 190 192 192 193 191
 190  28]"
"[ 29  27 141 142 140 141 138 134 138 138 138 137 136 135 136 136 140 144
 144 141 141 142 143 144 144 145 146 147 148 148 148 149 146 148 151 151
 152 154 154 154 154 153 154 156 158 159 157 155 157 133  88  58  61  60
  54  54  54  51  48  47  47  50  54  57  57  58  57  56  54  53  53  55
  57  58  61  65  68  70  72  73  74  74  74  66  53  41  31  30  36  46
  54  57  59  60  61  62  65  64  65  67  70  71  73  74  75  76  76  76
  77  80  78  75  66  45  45  48  55  58  59  62  65  65  65  66  67  70
  72  72  72  72  71  71  74  66  81 140 182 187 188 187 183 187 190 188
 188 188 188 189 189 189 189 189 189 189 187 186 189 191 191 191 189 190
 190 189 190 191 191 191 196 196 195 194 192 191 191 190 190 188 185 185
 187 189 190 190 189 188 187 187 188 188 187 186 188 189 190 190 192 191
 190  28]"
"[ 29  30 136 138 136 138 138 137 137 138 139 139 138 137 138 139 136 141
 141 138 137 137 139 141 141 141 142 141 140 139 138 138 136 138 138 137
 138 139 138 136 136 136 136 138 140 141 140 138 137 125  94  59  60  58
  53  55  53  50  46  45  46  49  53  56  56  56  56  54  52  51  52  53
  56  57  60  63  65  68  70  72  73  73  73  65  52  40  31  31  38  47
  55  57  58  60  60  61  64  64  64  67  70  72  74  75  76  77  78  77
  79  80  78  74  62  43  48  51  57  60  62  65  64  65  66  68  71  72
  72  71  71  72  69  68  73  66  94 152 163 164 167 169 165 166 171 168
 169 169 170 171 172 172 172 171 172 172 168 167 172 176 176 175 177 179
 180 180 180 181 183 184 181 182 184 187 189 190 190 190 192 190 187 186
 188 191 193 194 191 190 189 190 191 191 190 188 188 189 190 190 192 192
 191  29]"
"[ 29  29 138 138 137 138 137 138 139 139 139 139 138 138 139 139 142 142
 143 143 142 142 142 142 142 143 143 142 142 142 141 139 139 140 142 144
 143 143 142 142 140 141 143 144 145 145 143 140 138 132 105  76  58  56
  59  53  51  50  48  47  49  51  54  55  54  54  54  53  51  50  49  50
  54  56  59  62  65  66  68  70  71  73  73  62  50  41  32  32  39  47
  53  55  57  59  59  58  60  63  65  65  66  69  73  75  76  78  78  77
  80  77  77  71  58  47  48  53  56  61  64  64  66  65  64  66  70  73
  73  71  71  72  71  72  71  66 119 152 145 147 149 148 147 147 148 149
 146 147 149 149 147 145 144 145 148 147 147 148 149 149 149 148 152 153
 153 152 149 147 147 148 150 150 151 153 154 156 156 156 158 155 153 155
 158 160 161 161 160 160 160 161 161 161 161 161 159 159 158 158 159 161
 161  32]"
"[ 29  29 138 137 137 138 137 138 138 138 139 139 138 138 138 138 140 141
 142 142 142 142 142 142 142 142 141 140 140 141 140 139 139 140 141 142
 142 142 142 142 141 142 143 143 144 144 142 141 140 138 122  98  75  61
  59  56  54  53  52  51  51  52  54  54  54  53  52  50  48  46  46  47
  51  53  57  61  64  65  66  68  69  71  72  63  51  41  31  32  40  48
  54  55  56  57  56  56  56  58  62  65  67  70  72  74  74  77  80  79
  81  77  76  69  52  43  46  52  55  61  64  64  66  65  65  67  71  74
  74  72  73  69  72  71  73  81 139 155 149 151 152 152 151 151 152 153
 153 153 154 154 153 151 151 152 151 151 152 153 154 154 153 152 152 153
 154 154 153 153 154 155 156 155 155 154 154 153 152 151 153 153 152 153
 154 155 155 154 153 153 153 153 153 153 153 153 153 154 153 152 154 155
 156  28]"
"[ 29  29 137 137 137 138 137 138 138 139 139 140 139 139 139 139 139 140
 142 142 143 142 142 142 143 142 140 139 139 140 140 140 140 140 140 140
 140 141 142 143 143 143 143 143 143 143 143 142 138 139 136 123  98  72
  63  62  58  58  57  56  55  54  54  54  53  52  49  48  46  45  45  46
  48  51  56  61  63  64  65  66  67  69  70  64  53  39  30  31  39  47
  52  53  53  53  53  53  54  55  59  63  66  68  70  72  72  76  79  78
  79  76  75  67  47  41  45  51  54  59  62  63  65  65  65  67  71  73
  72  70  72  70  74  70  75 103 153 152 149 150 151 151 151 152 153 153
 153 152 152 152 152 151 151 152 152 152 154 155 155 155 154 153 153 153
 154 154 154 154 155 155 154 154 154 154 155 155 155 155 154 155 156 154
 154 154 154 153 156 156 156 156 156 156 155 155 154 155 154 153 154 156
 157  29]"
"[ 29  29 137 137 137 138 138 138 139 139 140 140 140 140 139 139 139 140
 141 142 142 142 142 142 143 142 141 140 140 140 140 140 141 140 140 139
 139 141 142 143 143 143 143 143 142 143 142 142 142 139 140 132 106  74
  62  61  59  59  60  59  58  56  55  54  52  50  48  46  45  46  47  48
  49  52  57  61  63  64  64  65  66  67  68  64  53  36  27  29  37  45
  50  50  50  51  51  52  54  54  56  60  62  63  66  70  71  73  76  75
  76  74  74  63  45  41  45  50  53  57  59  61  63  64  66  68  71  72
  71  68  69  72  73  69  84 127 155 149 151 152 152 152 152 153 153 153
 152 152 151 151 151 151 152 153 151 151 153 154 154 154 152 152 153 153
 153 153 153 153 153 153 154 154 154 154 155 155 155 155 153 155 154 150
 150 152 154 153 154 154 154 154 154 154 154 154 155 155 155 155 155 155
 156  29]"
"[ 29  29 137 137 138 139 138 138 138 139 139 140 140 140 139 139 139 140
 140 140 140 140 140 140 142 142 141 141 141 141 140 140 141 140 140 140
 140 141 142 143 142 143 143 142 142 142 141 141 144 137 139 126  99  68
  60  60  57  58  58  58  58  56  54  53  50  48  46  45  45  46  48  50
  52  54  58  61  63  63  64  66  65  66  66  63  51  34  26  29  38  46
  49  48  48  50  51  53  54  54  56  59  59  59  62  67  71  71  74  73
  75  74  72  57  43  41  45  49  52  56  58  61  62  64  67  70  73  73
  71  69  67  70  70  66 107 149 154 150 151 151 152 152 152 153 153 152
 153 152 152 153 153 153 153 154 152 153 153 154 154 154 153 153 153 153
 153 154 154 155 154 154 155 155 154 154 154 154 154 154 153 153 151 148
 149 152 154 153 155 155 155 155 155 156 156 156 154 155 155 155 155 154
 155  28]"
"[ 29  29 138 138 138 139 138 138 139 139 139 140 140 140 139 139 140 140
 140 140 139 139 139 140 140 140 140 141 142 141 139 139 141 140 140 140
 141 141 142 142 142 142 142 142 142 142 142 141 139 136 141 122  93  66
  60  59  55  55  55  56  56  55  53  51  49  47  46  45  45  46  48  50
  54  56  59  62  63  63  64  65  64  65  64  61  50  32  27  30  40  46
  49  47  47  49  51  53  54  55  58  60  61  60  62  64  69  70  74  74
  76  75  70  50  41  40  44  48  52  57  58  62  62  64  68  71  74  74
  73  71  70  67  68  73 132 155 151 149 148 149 150 150 150 152 152 151
 152 151 152 153 153 153 152 152 153 153 154 154 154 154 154 154 154 154
 154 154 154 154 154 154 153 153 153 153 153 154 154 155 155 155 154 152
 153 155 155 154 152 152 153 153 153 154 154 154 155 155 155 156 156 155
 156  29]"
"[ 29  30 139 139 139 139 138 139 139 139 139 139 140 140 140 139 140 141
 141 140 140 139 139 140 139 138 139 140 141 140 139 139 140 139 139 139
 140 141 141 141 142 142 141 141 142 142 142 141 139 139 144 117  87  66
  63  57  54  54  53  54  54  54  52  51  49  48  46  45  45  45  47  49
  55  57  60  63  64  64  63  64  64  65  62  59  48  32  29  33  41  47
  49  47  48  50  51  53  55  56  59  61  62  63  63  62  65  67  72  73
  74  73  68  47  39  39  43  46  52  56  57  61  62  64  67  70  72  73
  72  71  71  67  70  99 146 150 148 148 149 150 151 151 151 152 152 152
 153 153 153 154 154 153 153 154 152 153 153 153 153 153 153 154 154 154
 154 154 153 153 152 152 155 155 155 154 153 153 153 154 155 154 154 154
 154 154 154 153 154 154 154 154 154 154 155 155 155 154 153 154 154 153
 155  29]"
"[ 29  30 140 140 139 139 138 139 139 138 138 138 139 139 139 139 139 140
 141 140 140 139 139 139 139 138 138 140 140 140 139 140 140 139 138 139
 140 140 141 141 140 140 139 139 140 141 140 139 140 138 139 106  80  69
  72  65  56  54  53  53  54  54  52  51  48  47  46  45  44  44  46  48
  54  57  61  65  66  64  63  63  64  66  61  58  47  32  31  34  42  48
  50  48  49  51  53  54  55  57  58  59  62  63  63  61  62  63  69  70
  70  71  67  46  38  39  43  46  51  55  55  59  62  64  66  67  69  69
  69  68  69  69  74 128 152 146 148 151 149 150 151 150 150 151 151 151
 153 153 153 153 153 152 153 154 152 153 154 154 153 153 153 153 153 153
 154 154 154 154 154 155 154 154 154 154 154 154 155 156 155 154 154 154
 154 153 154 155 154 154 154 154 154 154 154 155 157 156 154 154 154 154
 156  30]"
"[ 29  30 140 140 139 139 137 137 138 138 139 139 138 139 139 140 141 140
 139 138 138 138 139 140 139 139 139 139 139 139 140 140 138 138 139 139
 140 140 139 139 139 139 138 139 139 139 139 138 138 142 129  98  76  71
  70  64  60  57  55  55  55  54  51  49  48  48  48  47  48  49  49  49
  57  59  62  64  65  65  64  63  64  65  64  58  48  31  30  35  41  47
  50  50  52  53  54  54  57  57  58  59  60  61  61  61  61  64  65  70
  70  67  63  44  39  38  40  45  50  53  55  56  59  63  65  65  65  66
  67  68  69  64  85 145 153 150 149 150 150 150 151 151 151 151 151 150
 152 153 154 154 153 152 152 153 154 153 153 152 152 152 153 153 153 153
 154 153 153 153 153 154 153 154 154 155 154 154 154 155 153 154 154 154
 154 153 153 153 154 154 154 155 155 155 155 154 155 155 154 154 154 154
 155  29]"
"[ 29  29 139 139 138 138 136 137 137 138 139 139 139 139 139 139 140 140
 139 138 138 138 139 139 139 139 139 138 138 138 138 139 138 139 139 139
 139 139 139 139 139 139 139 139 139 139 139 139 140 142 123  91  73  71
  71  68  62  60  58  57  56  54  50  48  47  48  48  48  49  51  53  54
  59  61  64  66  66  65  65  64  64  65  65  62  52  33  30  33  41  47
  50  50  52  54  54  55  57  57  58  58  59  60  61  61  60  63  64  69
  68  66  56  40  37  37  40  44  48  51  53  54  55  58  62  65  65  65
  66  67  65  73 110 151 151 147 148 150 150 150 150 151 151 151 151 150
 151 152 153 153 152 152 152 153 153 153 152 152 152 152 152 152 153 153
 153 153 153 153 153 154 153 153 154 154 154 154 154 155 154 154 154 154
 154 153 153 153 154 154 154 154 155 155 155 154 155 154 154 154 154 154
 155  29]"
"[ 28  29 138 138 137 138 136 137 137 138 138 139 139 138 138 138 139 139
 139 138 138 138 138 139 139 139 138 138 138 138 137 137 138 139 139 139
 139 139 139 139 138 138 139 139 139 138 138 138 138 139 117  86  73  72
  71  68  65  63  60  58  57  54  51  49  47  49  49  49  50  52  56  58
  60  62  65  66  66  65  65  65  66  65  65  64  56  35  30  32  42  48
  51  51  53  55  55  56  56  58  59  58  59  61  62  61  60  63  64  68
  67  66  48  37  37  39  41  45  47  48  49  51  54  57  61  65  65  65
  66  67  60  86 136 151 147 146 148 151 150 150 150 150 151 151 151 151
 151 151 152 152 152 152 152 152 152 152 152 151 151 151 152 152 153 153
 153 153 153 153 153 154 154 153 153 153 153 154 154 154 154 153 153 152
 152 152 152 152 154 154 154 154 154 155 154 154 154 154 154 154 154 153
 155  29]"
"[ 29  29 138 137 137 138 137 138 137 138 138 139 138 138 137 138 139 138
 138 138 138 138 138 138 138 138 138 138 138 137 137 137 138 138 139 139
 139 139 139 139 138 138 139 139 138 138 138 138 137 135 110  81  73  73
  69  67  66  64  60  59  57  55  53  52  49  49  50  49  51  53  57  58
  58  61  64  66  66  65  66  66  68  66  65  64  55  34  31  35  44  49
  53  53  55  56  56  58  58  60  61  60  61  62  63  61  62  65  66  69
  68  68  44  39  39  41  44  45  45  46  47  49  54  57  61  63  65  67
  68  68  65 107 148 147 145 148 149 151 150 149 149 150 150 151 151 151
 151 151 151 151 151 151 151 151 151 151 151 151 151 151 152 152 152 153
 153 153 153 153 153 153 155 154 153 152 153 153 153 153 153 153 152 152
 151 152 152 152 153 153 153 153 154 154 154 154 154 154 154 154 154 153
 155  29]"
"[ 29  29 137 137 137 138 137 138 138 138 138 138 137 137 137 137 138 138
 137 137 137 137 137 137 138 138 138 138 138 138 137 137 138 138 138 138
 138 138 138 138 138 139 139 139 138 138 137 137 137 129 102  75  70  72
  69  68  66  64  62  61  59  57  54  53  50  50  50  50  52  55  56  56
  57  60  64  66  67  67  67  68  69  67  67  64  55  35  33  39  46  51
  55  56  57  58  58  59  60  62  64  63  63  64  64  63  65  67  68  69
  68  66  42  41  41  43  45  45  45  45  47  49  51  55  58  61  64  68
  69  67  80 131 151 145 145 149 147 149 149 148 148 149 150 150 151 150
 151 151 151 151 150 150 149 149 150 151 151 151 151 151 152 152 152 152
 152 153 153 153 153 153 154 153 152 152 152 153 153 153 153 153 152 152
 152 152 152 153 153 153 153 153 153 153 153 154 153 154 154 154 153 153
 155  29]"
"[ 29  29 136 136 136 137 136 137 137 137 137 137 136 136 136 136 137 137
 137 136 136 136 136 137 137 137 137 137 137 137 137 137 137 137 137 137
 137 138 138 138 137 138 138 138 138 137 136 135 132 120  95  74  71  72
  68  67  65  64  65  64  62  58  55  53  51  50  50  50  52  54  55  54
  55  58  61  64  65  66  67  67  67  68  69  66  56  37  36  41  48  52
  56  57  58  59  59  61  62  63  64  65  65  65  66  66  69  69  69  69
  66  61  40  40  41  43  45  45  46  47  50  51  50  55  59  62  64  67
  67  64  99 145 149 146 146 148 147 149 149 148 148 149 150 151 151 150
 151 151 150 150 149 149 148 148 150 150 151 151 151 151 151 152 152 152
 152 152 152 152 152 152 152 151 151 151 151 152 153 153 152 152 152 151
 152 152 152 152 152 152 152 152 152 152 153 153 153 154 154 154 153 153
 155  29]"
"[ 29  28 136 136 136 136 135 135 134 135 136 136 136 136 136 136 137 136
 136 136 135 136 136 136 136 136 136 137 137 136 136 136 136 136 136 136
 137 137 137 138 136 136 136 136 136 135 134 133 125 110  89  75  73  72
  68  66  65  65  65  65  62  58  54  52  51  50  50  50  51  52  52  52
  53  55  57  60  62  63  65  66  67  69  70  67  57  38  37  41  47  52
  55  57  59  59  59  61  64  63  63  65  65  65  67  70  71  70  71  69
  65  55  39  39  41  43  45  46  48  50  52  52  54  56  60  64  65  65
  66  69 120 148 145 147 146 146 147 148 147 147 147 148 150 151 150 149
 149 150 150 149 148 147 147 148 149 150 151 151 150 150 150 151 152 151
 151 152 152 152 151 151 151 151 151 151 151 151 151 152 150 150 150 151
 151 151 152 152 152 152 152 152 151 152 152 153 153 154 154 154 153 153
 154  29]"
"[ 29  29 136 136 136 136 135 135 132 133 135 136 136 136 136 136 136 136
 135 135 135 135 136 136 136 136 136 136 136 136 135 135 135 135 136 136
 136 137 137 137 136 136 136 136 136 135 133 132 124 105  84  72  71  71
  70  69  65  65  64  63  60  56  54  53  50  50  50  49  48  49  50  50
  51  52  54  57  59  62  64  66  69  70  70  66  56  38  37  40  46  51
  54  57  59  59  59  62  64  62  62  64  64  64  67  72  73  71  72  70
  65  52  40  39  41  44  46  47  50  53  54  53  56  55  59  65  66  64
  69  77 140 148 143 147 145 144 147 145 145 145 145 147 148 149 148 147
 148 149 149 148 147 147 147 148 148 149 151 151 150 149 150 150 151 151
 151 151 152 152 151 150 151 151 151 151 150 149 150 150 150 150 151 151
 152 152 152 152 152 152 152 151 151 151 152 153 153 154 154 154 153 152
 154  29]"
"[ 29  29 133 134 136 135 133 133 133 132 131 132 133 134 135 135 135 134
 133 132 133 134 133 133 135 136 136 136 135 135 135 135 136 135 134 133
 133 134 136 137 135 136 137 134 133 133 131 130 122 103  80  70  71  70
  67  66  65  66  65  62  59  56  52  49  47  47  47  47  47  46  47  48
  48  49  52  55  57  59  62  66  71  74  72  68  56  41  37  38  46  52
  56  57  56  55  57  61  62  61  61  62  63  63  66  69  74  74  72  75
  69  51  41  41  45  45  45  48  50  52  54  55  59  58  61  64  65  68
  73 103 150 147 145 146 147 146 146 147 146 147 147 147 147 148 148 148
 147 147 147 147 148 148 147 147 147 148 148 149 149 149 148 148 151 150
 150 150 151 152 151 150 152 152 152 151 150 150 151 151 150 150 151 151
 151 152 152 152 153 152 152 152 152 153 153 153 153 153 154 152 152 152
 152  30]"
"[ 29  29 133 133 135 134 133 133 132 131 131 132 132 133 133 133 134 133
 132 132 133 133 133 132 134 135 135 134 134 134 134 134 134 133 133 132
 132 133 134 135 135 135 135 134 132 132 130 128 116  97  78  70  69  67
  66  65  65  65  63  61  58  55  52  49  48  46  44  43  43  43  45  47
  47  48  50  53  56  58  62  65  70  73  73  71  59  44  40  42  46  51
  55  56  57  57  57  59  60  60  61  62  62  63  67  71  72  74  73  74
  67  49  40  42  46  46  48  51  53  55  56  57  58  61  62  66  66  69
  87 123 150 147 145 146 147 146 146 147 146 146 146 146 146 146 146 146
 146 146 146 147 147 147 147 147 146 147 147 148 148 148 147 147 149 150
 150 150 149 149 150 149 150 150 150 150 149 149 150 150 150 150 150 150
 150 151 151 151 152 152 152 152 153 153 152 152 152 152 154 152 152 152
 152  29]"
"[ 29  29 132 132 133 133 132 132 132 132 131 131 131 131 132 132 132 131
 131 131 131 132 132 131 133 134 134 133 132 132 132 132 132 132 132 132
 132 132 133 133 134 133 133 133 132 131 129 125 109  91  76  71  68  66
  66  65  65  64  62  59  57  54  51  49  49  46  42  41  40  41  43  45
  47  48  50  52  54  58  62  64  70  74  74  73  60  42  37  41  46  49
  52  54  57  57  56  56  56  57  59  60  62  64  69  74  74  76  76  76
  65  47  41  44  46  47  50  53  54  55  56  57  60  65  62  68  66  71
 101 137 149 146 144 145 146 146 146 146 146 146 145 145 145 145 145 145
 146 145 145 146 147 147 147 146 146 147 147 148 148 148 147 147 148 150
 151 149 148 148 148 149 149 150 150 150 149 149 149 149 150 150 150 150
 150 151 151 151 152 152 152 153 153 153 152 151 151 152 153 152 152 151
 152  29]"
"[ 29  29 131 130 132 131 131 131 131 131 130 129 129 129 131 132 131 130
 130 130 130 131 131 131 132 133 133 132 131 131 131 131 132 132 132 132
 132 132 132 132 132 131 132 133 131 130 130 125 104  85  74  72  69  67
  68  65  65  63  61  60  57  54  50  48  47  45  42  41  40  40  42  44
  47  50  52  53  54  58  62  64  70  73  74  73  59  39  34  39  44  46
  48  51  54  54  52  53  54  55  58  60  62  66  71  75  77  79  80  78
  64  46  42  45  46  47  49  53  57  59  59  59  63  66  64  70  66  79
 116 140 146 145 144 145 146 145 145 146 146 146 145 145 146 146 146 145
 146 146 146 146 146 146 146 146 146 147 147 147 147 147 147 147 147 149
 150 148 147 147 148 148 148 149 149 150 149 149 148 148 149 150 150 151
 151 151 151 151 151 151 151 152 152 152 151 150 150 151 153 151 152 151
 151  29]"
"[ 29  28 131 129 130 130 129 130 129 129 129 128 128 129 130 131 130 130
 129 129 129 130 131 131 131 132 132 131 131 130 130 130 131 132 132 132
 132 132 132 132 131 131 131 133 130 130 131 123  99  82  73  72  69  67
  67  65  65  63  62  61  58  54  50  47  46  45  43  41  40  40  43  46
  51  55  58  57  56  58  62  64  68  71  72  72  58  38  34  40  42  44
  45  47  49  50  49  50  55  56  58  61  64  68  72  74  79  80  80  77
  62  44  41  44  46  46  48  54  60  64  65  66  65  66  68  73  68  94
 133 143 142 143 145 146 145 145 145 146 145 144 144 144 145 145 145 145
 146 146 146 146 146 146 146 146 146 146 146 146 147 147 146 146 146 147
 148 147 147 147 148 147 147 147 148 149 148 148 147 147 148 148 150 151
 151 151 150 150 150 150 150 150 150 150 150 149 150 151 152 151 152 151
 151  29]"
"[ 29  28 130 129 130 129 129 129 127 128 129 130 130 130 130 130 130 129
 129 128 129 130 130 131 131 132 132 131 130 130 130 130 130 130 131 131
 131 131 131 131 130 131 130 133 130 129 130 117  93  81  73  72  69  67
  66  64  64  63  62  62  59  54  49  47  48  46  43  42  42  45  50  54
  58  62  65  65  63  62  64  66  69  71  72  70  56  36  33  39  42  44
  44  45  47  47  48  49  53  55  58  60  64  69  74  77  80  81  80  75
  58  42  41  44  47  46  48  54  60  65  66  66  66  67  73  72  72 109
 142 145 141 143 145 145 145 144 144 145 144 143 143 143 144 145 145 145
 146 145 145 145 146 147 147 146 146 146 146 146 146 146 146 146 147 147
 147 147 148 148 148 148 147 147 148 148 148 148 148 148 147 148 149 150
 151 151 150 149 150 150 149 149 150 150 150 150 150 150 152 150 151 151
 151  29]"
"[ 29  28 130 129 130 129 128 129 128 128 129 129 130 130 130 130 128 128
 128 129 129 129 129 130 130 131 131 130 130 130 130 130 129 130 130 130
 130 130 130 130 130 131 129 131 129 129 127 107  84  79  73  71  69  67
  65  64  63  62  62  62  59  53  49  47  48  46  44  45  48  53  58  61
  65  68  72  73  72  69  68  69  71  73  72  68  54  35  32  38  41  44
  44  46  48  50  50  53  53  56  60  61  64  70  77  81  82  81  80  73
  54  38  41  44  47  47  49  54  59  63  64  65  70  70  76  71  84 127
 143 144 143 144 144 144 145 145 144 144 144 143 143 143 144 145 145 144
 145 145 145 145 145 146 146 146 146 146 146 146 147 147 147 147 147 148
 148 147 148 148 148 148 147 148 148 148 148 148 148 149 148 148 149 149
 149 149 149 149 150 149 149 149 150 150 150 150 150 150 151 150 150 150
 151  29]"
"[ 29  28 131 129 130 130 128 128 129 127 126 126 127 128 129 129 127 128
 128 129 129 129 128 128 129 130 131 130 130 130 130 130 129 129 129 129
 130 130 130 130 131 131 128 130 128 128 124 100  76  75  72  69  68  66
  64  65  62  61  61  62  59  53  49  48  46  44  44  48  53  59  62  64
  68  70  74  77  77  74  72  72  71  74  72  67  53  35  33  39  41  43
  44  47  51  53  54  57  58  62  65  64  64  69  76  81  83  82  80  71
  50  35  39  44  45  47  50  56  60  64  66  68  74  73  77  72  98 144
 144 144 146 145 144 144 144 145 144 143 144 143 142 143 144 145 144 144
 145 145 144 144 145 145 145 145 145 145 145 146 146 146 146 146 146 147
 147 147 146 146 146 146 147 147 147 147 147 147 148 148 148 148 147 147
 147 147 147 147 148 148 147 148 148 149 149 149 150 150 151 149 149 150
 151  29]"
"[ 29  30 128 129 129 129 128 129 128 125 125 128 128 126 126 129 128 129
 129 128 128 128 128 129 129 130 130 130 130 129 129 129 129 129 130 130
 130 130 130 130 130 130 133 125 129 130 124  89  72  73  71  68  65  65
  65  63  62  60  60  60  57  53  50  47  45  45  49  54  59  61  63  64
  66  69  75  80  81  81  79  75  73  72  73  72  52  33  34  40  43  45
  50  56  59  59  61  65  65  65  65  66  68  69  73  79  81  81  76  64
  41  36  39  45  46  48  51  60  61  66  66  71  73  76  74  79 120 145
 142 143 144 144 144 144 144 144 144 144 142 142 143 143 143 143 143 143
 144 145 145 145 145 145 146 146 145 145 145 146 146 146 146 145 145 145
 145 146 146 147 147 148 147 147 147 148 148 149 149 149 148 148 148 148
 148 148 148 147 148 148 148 148 148 148 148 147 150 151 149 149 149 150
 149  30]"
"[ 28  30 127 127 127 127 126 128 128 127 127 129 127 125 125 128 127 127
 128 128 128 128 129 130 128 129 129 129 129 129 129 129 129 129 130 130
 130 130 130 130 131 130 131 127 128 126 117  85  75  75  72  68  66  66
  65  63  62  61  61  60  56  52  49  45  46  48  51  56  59  61  63  65
  65  67  73  77  79  80  80  78  75  73  72  68  50  34  35  40  47  53
  60  64  67  69  70  71  72  73  73  72  73  72  73  77  79  80  75  63
  42  38  41  46  47  50  54  63  65  69  69  72  76  76  76  87 134 142
 141 142 142 142 143 143 143 143 143 143 140 141 143 143 143 143 143 144
 144 144 145 145 145 145 145 146 145 145 145 145 146 145 145 145 146 146
 146 146 146 146 146 146 146 146 146 147 147 148 148 148 147 147 148 148
 148 147 147 147 147 147 147 147 147 147 147 147 148 149 147 147 147 148
 147  28]"
"[ 29  29 125 124 124 125 125 127 126 127 129 129 127 124 124 126 125 125
 125 126 126 127 128 129 127 128 128 128 129 129 129 128 129 129 129 129
 129 129 129 129 129 128 129 128 127 124 110  82  76  75  71  67  65  66
  65  64  61  60  60  60  56  52  50  47  47  50  54  58  60  61  63  66
  65  67  72  76  78  81  84  83  79  74  70  64  48  34  37  41  50  58
  65  67  69  74  76  75  78  80  80  80  78  74  73  76  76  79  74  62
  45  42  45  47  49  53  58  65  68  73  74  75  78  76  78 102 144 140
 140 142 141 141 142 142 142 142 142 142 139 140 142 143 143 144 144 144
 144 144 144 144 145 145 145 145 144 145 145 145 145 145 145 145 146 146
 146 146 146 146 146 146 146 146 146 146 146 146 147 147 147 147 147 147
 147 147 147 147 147 147 147 147 147 147 147 147 147 148 147 147 146 147
 147  29]"
"[ 29  29 125 124 123 124 124 126 124 127 128 128 126 125 124 124 124 124
 124 124 124 125 126 126 126 126 126 127 127 128 128 128 128 128 128 128
 128 128 128 128 127 128 126 127 125 123 103  78  75  73  69  66  65  65
  64  63  61  60  60  59  55  52  50  48  49  51  55  58  60  61  63  65
  67  68  72  76  79  84  87  87  83  75  68  63  47  33  36  41  51  58
  64  64  66  70  74  74  80  83  85  86  84  79  76  77  76  78  74  61
  50  49  51  50  54  57  61  65  69  74  77  79  79  78  88 121 143 140
 138 143 141 141 142 142 142 142 141 141 140 140 141 142 143 143 144 144
 143 143 143 143 144 145 144 144 143 144 144 145 145 145 145 145 146 146
 146 146 146 146 146 146 146 145 145 145 146 146 146 147 146 146 146 147
 147 147 147 146 147 147 147 147 147 147 147 147 147 148 147 147 147 147
 147  29]"
"[ 29  29 124 123 123 124 124 125 124 126 126 126 125 124 123 122 124 124
 124 124 125 125 125 126 125 125 126 126 126 126 127 127 126 126 126 126
 126 126 126 126 128 130 126 126 123 121  97  76  74  71  68  65  65  64
  63  61  62  60  59  58  54  51  49  47  50  53  56  59  61  62  64  65
  67  68  73  77  80  84  89  89  87  75  67  64  47  31  34  42  53  57
  62  64  64  66  70  73  78  82  86  89  89  84  80  80  78  80  74  63
  58  58  58  56  59  60  63  66  71  76  80  81  80  82 107 134 139 138
 137 141 141 141 141 141 141 141 140 140 141 141 141 142 142 143 143 144
 142 142 142 143 143 144 144 143 142 143 144 144 145 145 145 145 146 146
 146 146 146 146 145 145 145 145 146 146 146 146 146 146 146 146 146 146
 146 146 146 146 146 146 146 146 146 146 147 146 146 147 146 147 146 147
 147  29]"
"[ 29  29 124 123 122 123 122 124 124 125 124 124 123 123 122 120 124 123
 123 124 124 125 126 126 125 125 125 125 125 125 125 126 125 125 125 125
 125 125 125 126 128 129 126 126 124 119  94  79  74  72  68  66  65  64
  62  61  61  58  58  57  55  53  51  49  51  54  57  60  61  63  64  65
  66  69  74  78  80  85  89  89  87  75  68  65  48  29  33  44  53  56
  60  65  66  65  67  71  74  78  83  88  90  85  80  79  81  81  75  64
  65  66  68  66  65  63  65  68  76  79  81  80  79  91 125 138 138 137
 139 139 140 140 140 140 140 139 139 138 141 141 141 141 142 142 142 142
 141 141 142 142 143 143 143 143 142 142 143 144 145 145 145 145 146 146
 146 146 146 145 144 144 145 145 146 146 146 146 146 146 145 145 146 146
 146 146 146 146 146 146 146 145 146 146 147 146 146 146 145 147 146 146
 146  30]"
"[ 29  28 123 122 122 123 122 123 124 123 122 122 122 122 121 121 122 122
 121 122 123 124 125 125 124 125 126 125 124 123 124 125 125 125 125 125
 125 125 126 126 126 126 126 126 124 112  89  81  74  72  69  67  66  64
  63  62  60  58  58  58  57  55  53  50  49  54  58  60  60  62  64  65
  66  68  74  78  81  85  89  90  86  76  70  66  47  28  33  44  53  55
  59  64  65  65  67  71  73  77  82  88  90  85  78  76  80  80  75  64
  68  70  75  76  73  66  65  68  79  82  82  79  87 110 135 137 138 137
 140 139 138 139 139 140 140 139 138 138 141 141 141 142 142 142 141 140
 141 141 142 143 143 143 143 143 143 142 142 143 144 145 144 143 145 145
 145 145 145 145 144 143 144 144 145 146 146 146 145 145 145 145 145 145
 145 145 145 145 146 146 146 145 145 146 147 147 146 146 145 147 146 146
 146  30]"
"[ 30  29 123 122 122 123 122 124 123 122 121 122 122 121 122 123 121 121
 121 121 123 124 124 124 124 125 126 125 123 122 124 125 125 125 125 125
 125 126 126 126 126 124 125 125 122 103  80  78  74  71  69  67  66  65
  63  63  63  60  59  59  57  54  51  47  48  53  58  59  59  61  63  65
  65  68  73  78  80  85  89  89  84  76  71  66  46  28  34  45  54  56
  59  63  64  66  70  74  77  80  85  90  91  86  78  75  78  78  73  63
  68  71  79  83  79  68  63  66  80  83  83  79 100 132 139 139 137 139
 138 139 138 138 139 140 140 140 139 139 139 140 141 142 143 142 141 139
 141 142 143 143 143 143 143 144 143 142 141 142 144 144 143 142 143 144
 144 145 145 145 144 144 142 143 145 146 146 145 144 144 145 145 145 145
 145 145 144 144 145 145 145 144 145 145 146 146 146 146 145 147 145 145
 145  30]"
"[ 29  30 121 121 121 120 121 123 122 122 122 121 120 121 122 123 122 121
 121 121 121 122 122 123 123 123 123 124 125 125 124 124 124 124 124 125
 126 126 126 125 124 126 126 124 122  96  77  76  72  69  67  66  65  65
  64  62  62  60  60  61  59  53  48  47  49  53  57  59  58  59  61  63
  65  68  72  76  79  82  87  92  88  79  67  62  41  31  41  51  55  58
  62  64  66  68  72  75  78  81  87  90  92  87  77  75  78  79  72  65
  65  74  86  95  89  72  70  72  80  86  80  88 121 132 138 137 137 139
 138 136 136 137 138 139 138 138 138 138 139 138 138 138 140 140 140 139
 139 140 142 143 142 142 142 143 140 140 140 141 143 143 141 138 142 143
 143 143 143 143 142 141 142 142 143 145 145 144 144 144 144 144 145 145
 145 144 145 145 146 146 145 145 145 145 145 145 145 145 145 145 144 146
 145  29]"
"[ 28  29 120 119 120 119 120 122 122 122 122 121 121 122 123 123 122 122
 121 122 122 122 122 122 122 122 123 123 124 124 124 124 124 124 124 124
 125 125 125 125 124 124 124 123 119  93  75  73  70  67  66  66  65  65
  65  63  63  62  61  63  62  56  51  48  50  53  58  59  60  61  63  64
  64  67  71  75  78  83  89  93  87  77  67  63  43  33  42  51  57  59
  62  64  66  69  72  75  78  81  87  92  94  88  78  74  79  81  73  67
  70  78  90  99  92  73  71  75  83  83  83 103 129 135 138 138 138 138
 137 137 136 137 138 138 137 137 137 138 138 138 138 139 140 140 140 138
 139 140 141 142 141 141 142 142 140 140 140 141 142 142 141 139 141 142
 142 142 143 143 143 143 143 143 143 144 144 144 144 144 144 144 144 144
 144 144 144 145 145 145 145 145 145 145 145 145 145 144 145 145 144 146
 145  29]"
"[ 29  28 119 118 119 118 118 120 120 121 121 121 121 122 122 122 121 121
 121 121 122 122 122 121 122 122 122 123 123 124 123 123 123 123 124 124
 124 125 125 125 125 123 124 122 114  91  75  70  67  65  65  65  64  65
  64  62  63  61  61  63  63  59  53  49  51  54  58  60  61  62  64  64
  66  70  74  77  81  88  94  97  91  81  72  68  49  39  45  52  59  60
  62  64  66  68  72  74  79  81  89  94  97  91  79  75  78  81  74  70
  75  84  95 102  93  70  68  74  84  80  90 122 137 137 136 137 139 137
 136 138 137 138 138 138 138 137 138 138 137 138 138 140 140 140 139 138
 139 140 140 140 140 140 141 142 140 140 140 141 141 141 140 139 141 142
 142 142 142 143 143 143 144 143 143 143 143 143 143 144 144 143 143 143
 144 144 144 144 144 144 144 144 144 144 144 144 144 144 145 145 144 146
 144  29]"
"[ 29  29 119 118 119 118 118 119 119 120 121 121 120 121 121 121 119 120
 120 121 122 122 122 122 123 122 122 123 123 123 123 123 123 123 124 124
 124 124 124 125 126 122 123 121 109  89  75  70  67  65  64  65  64  64
  63  60  61  60  61  63  63  59  54  51  53  55  58  59  61  62  63  64
  69  72  75  78  84  91  96  97  87  79  73  69  49  40  43  50  58  59
  61  63  65  68  70  72  79  82  90  96  99  94  81  76  75  80  73  70
  77  87 100 106  93  66  66  72  82  82 103 132 138 137 135 136 138 137
 136 138 138 138 138 138 138 138 138 138 137 137 138 139 140 140 138 137
 139 139 139 139 139 139 140 141 141 141 140 140 140 140 139 139 142 142
 141 141 141 142 142 142 144 143 143 143 142 142 143 144 144 143 143 143
 143 144 144 144 144 144 144 144 144 144 144 143 143 144 145 145 144 145
 144  29]"
"[ 30  29 118 117 119 118 117 118 118 120 121 120 119 119 119 119 119 120
 120 122 123 123 122 122 122 122 122 122 123 123 123 123 122 123 123 124
 123 124 124 125 125 122 122 119 104  87  76  71  68  65  65  65  64  64
  63  60  61  61  62  64  64  61  58  55  56  57  59  60  61  62  64  64
  67  69  71  74  80  87  89  88  81  76  74  68  48  41  44  51  57  59
  61  63  65  67  70  72  77  81  89  95  98  93  81  77  76  79  71  70
  77  90 109 113  91  66  70  75  83  92 116 131 135 137 136 136 138 138
 137 138 138 138 138 138 138 138 138 138 137 137 138 138 139 139 138 138
 139 139 139 138 138 139 139 140 140 140 140 139 139 139 139 140 141 141
 141 140 140 141 141 141 143 143 142 142 142 141 142 143 143 142 142 142
 143 144 144 143 144 144 144 144 143 143 143 142 143 143 144 145 143 145
 144  29]"
"[ 29  28 118 117 118 117 116 117 116 118 119 118 117 116 117 118 119 119
 120 120 121 121 120 120 119 119 119 120 121 122 122 122 122 122 123 123
 123 123 124 124 124 123 121 118 102  87  76  73  69  66  66  66  65  65
  64  61  61  62  63  64  64  62  60  59  59  60  62  62  62  63  64  65
  64  66  68  70  75  80  82  81  83  81  80  69  48  44  47  53  56  58
  61  64  66  68  71  73  77  80  88  94  96  91  81  79  82  81  72  73
  79  97 121 122  83  68  74  80  89 104 125 129 133 136 137 136 136 137
 136 136 137 137 137 138 138 138 138 138 137 137 137 138 138 138 138 138
 139 139 138 138 138 138 139 139 138 138 138 138 139 139 140 140 140 140
 140 139 139 140 141 140 141 141 142 142 141 140 141 142 142 142 142 142
 143 143 143 143 143 143 143 143 143 143 142 142 142 143 144 144 142 144
 143  29]"
"[ 29  28 118 116 117 116 116 117 115 116 117 117 116 117 117 117 118 118
 118 119 119 119 119 118 119 119 118 119 120 120 120 120 122 122 122 122
 122 123 123 123 122 124 122 117 101  86  75  74  69  66  66  66  65  65
  64  61  61  61  61  61  62  62  61  59  59  61  63  64  64  64  65  65
  65  67  69  72  74  77  80  82  85  84  82  66  44  44  47  52  55  58
  61  64  66  69  72  75  79  83  90  94  96  91  84  83  85  80  73  77
  83 103 128 122  76  73  78  83  93 110 126 130 132 135 136 135 136 135
 135 136 136 136 137 138 138 139 138 137 137 137 137 138 138 138 138 138
 139 138 138 138 138 138 138 138 138 137 138 138 138 139 139 139 139 139
 139 139 139 140 140 140 140 141 141 141 140 140 141 142 140 141 142 142
 142 142 142 142 141 142 142 142 142 142 142 142 142 142 143 143 141 143
 143  29]"
"[ 29  28 118 117 117 116 116 117 117 117 117 117 118 119 119 118 117 117
 117 118 119 119 119 119 121 121 121 121 121 121 121 120 122 121 121 121
 122 123 123 123 120 124 121 116  99  85  73  73  69  66  65  65  64  64
  63  60  61  60  59  59  61  62  61  59  59  61  64  65  65  65  65  65
  66  69  72  74  75  76  81  85  85  84  81  63  42  45  49  53  55  58
  61  64  66  69  73  76  82  86  93  96  97  93  87  88  83  77  72  80
  86 105 127 116  76  80  81  84  94 109 121 131 134 135 135 136 137 135
 135 137 135 135 136 137 138 138 137 136 137 137 137 138 138 137 137 138
 138 138 138 138 138 138 138 138 138 138 138 138 138 138 138 137 139 139
 139 139 139 140 140 140 140 140 140 140 139 139 140 142 139 140 141 142
 142 141 141 141 140 141 141 142 142 142 142 142 142 142 143 142 141 143
 143  30]"
"[ 29  29 116 117 117 117 117 116 116 117 117 117 118 119 119 119 118 117
 117 118 120 121 120 119 121 121 121 122 122 122 122 122 121 121 121 122
 122 123 122 122 122 121 123 115  97  82  74  70  68  67  66  65  64  63
  62  61  60  59  58  59  60  60  59  58  59  60  61  63  63  64  65  65
  69  69  70  72  75  78  82  86  87  87  76  54  43  48  53  51  54  56
  60  64  65  67  71  75  80  86  93  95  94  91  87  85  82  71  73  81
  90 102 125  99  78  82  81  79  91 107 118 128 132 135 135 134 136 137
 136 136 136 135 135 136 137 138 137 136 137 137 138 138 138 138 137 137
 137 138 138 138 138 138 138 138 138 139 138 138 138 138 138 138 138 138
 138 139 139 140 140 140 140 139 139 139 140 141 142 142 142 142 143 143
 143 143 142 141 142 142 142 142 142 142 142 143 142 142 143 142 141 143
 143  29]"
"[ 29  29 115 116 116 117 117 116 117 117 117 117 117 118 118 118 118 118
 118 118 119 120 119 118 119 119 120 121 121 121 121 121 121 120 120 121
 122 122 122 122 123 122 122 112  94  79  71  67  66  67  66  64  63  62
  62  61  59  58  57  58  59  59  58  58  58  59  60  61  61  62  63  64
  64  66  71  75  77  79  82  84  90  82  66  52  48  53  56  54  55  56
  59  62  64  65  68  72  75  82  89  90  89  90  89  87  78  69  71  78
  91 101 112  94  84  83  81  80  91 106 115 124 130 134 135 134 136 137
 136 135 135 135 135 136 137 138 137 137 136 136 137 138 138 138 137 137
 137 138 138 137 138 138 138 137 138 138 138 138 138 138 138 137 137 138
 139 140 141 142 142 142 141 140 140 140 141 142 142 143 143 143 144 144
 144 144 143 143 143 143 144 143 143 143 144 144 144 144 145 144 143 144
 144  29]"
"[ 29  29 114 115 115 116 117 117 117 118 118 117 117 118 118 117 118 118
 118 118 118 118 118 118 118 119 120 120 121 121 121 120 120 120 120 121
 122 122 122 122 122 122 121 110  92  79  73  68  67  67  67  64  62  61
  61  61  60  58  57  58  59  58  58  58  58  59  59  59  59  60  62  64
  63  65  68  73  77  80  84  86  85  72  58  52  54  57  58  57  58  59
  61  62  63  65  68  71  73  80  84  85  87  89  87  81  67  66  74  80
  97 102 102  94  89  81  75  74  83  98 111 121 127 132 134 134 136 137
 136 135 135 135 134 135 136 137 137 137 136 137 137 138 138 138 138 138
 138 139 139 139 139 140 139 139 138 139 140 140 141 142 142 141 140 140
 142 143 144 145 145 145 143 143 142 143 143 144 144 144 145 145 145 145
 145 145 145 145 145 145 145 145 145 145 145 146 146 146 146 146 145 146
 145  30]"
"[ 29  29 114 114 114 115 115 116 117 118 118 117 117 118 118 118 118 118
 118 118 117 118 119 120 120 120 120 121 121 121 121 121 121 121 121 121
 122 122 122 122 121 122 119 108  90  79  76  71  69  69  67  65  62  61
  61  61  61  60  59  59  59  58  57  57  58  58  59  58  58  59  62  64
  64  65  68  73  78  81  83  85  74  66  59  58  58  57  57  58  60  62
  63  64  64  65  69  73  75  78  81  85  88  88  81  72  66  71  79  83
  94  95  94  89  83  72  67  68  75  90 106 118 124 131 134 135 136 138
 137 137 136 136 136 136 137 138 138 138 138 139 139 139 140 140 140 141
 141 141 142 142 142 143 143 142 141 142 143 143 144 145 145 144 143 144
 145 146 146 146 146 145 145 145 144 144 145 145 146 145 146 146 146 146
 146 146 146 146 146 146 146 146 146 146 146 147 146 146 147 147 145 146
 145  30]"
"[ 29  28 113 114 113 114 114 114 116 116 117 117 118 119 119 119 118 118
 118 118 118 119 121 122 121 121 121 121 121 121 122 122 121 121 121 121
 121 121 122 122 122 122 117 105  86  74  74  70  70  69  67  65  64  63
  62  60  61  60  59  59  59  58  57  56  57  58  59  59  58  59  62  64
  65  67  72  78  82  81  77  73  66  65  64  64  62  60  59  60  61  63
  65  65  64  66  71  74  77  78  81  85  86  82  74  68  68  73  76  79
  84  86  89  80  69  62  64  68  74  85  99 112 124 132 136 136 137 139
 139 139 138 138 139 140 141 142 142 141 142 142 141 141 142 143 143 144
 143 144 144 144 144 145 145 144 145 145 146 145 145 145 144 143 145 146
 146 146 146 146 145 144 145 145 144 144 145 145 145 145 146 146 146 146
 146 146 146 147 146 146 146 146 146 146 147 147 146 145 146 146 145 147
 145  30]"
"[ 29  29 114 115 114 115 114 114 115 116 116 117 118 119 119 119 117 117
 118 118 118 119 121 122 121 121 121 121 121 122 122 122 121 121 122 121
 121 121 122 122 120 121 115 105  84  70  71  69  69  68  66  65  65  65
  63  61  60  59  58  58  59  58  57  57  57  58  59  59  59  59  61  63
  66  67  71  75  77  73  67  63  64  65  66  65  64  64  63  62  63  65
  66  66  66  68  72  75  81  82  83  83  78  72  68  68  68  73  73  78
  81  82  82  68  61  58  61  65  70  79  92 108 123 133 139 138 138 140
 140 142 139 140 141 142 143 144 144 144 144 144 143 143 144 144 145 146
 145 146 146 145 145 145 145 145 145 146 146 146 146 146 145 145 146 146
 146 146 146 146 145 145 146 145 145 145 145 146 146 145 146 146 146 146
 146 146 146 146 146 146 145 146 146 146 146 146 146 145 146 146 145 147
 146  30]"
"[ 30  30 115 116 116 116 116 116 116 116 116 117 118 120 119 117 116 117
 118 118 119 119 119 119 121 121 121 121 121 121 122 122 121 122 122 122
 122 122 123 123 121 122 116 107  85  68  70  68  66  66  66  65  65  65
  63  62  61  59  57  57  58  58  58  58  57  58  58  58  58  59  60  61
  65  65  65  66  65  64  62  61  62  64  65  65  65  66  66  65  66  67
  67  67  69  72  74  75  80  80  79  75  69  65  65  67  71  74  76  77
  77  74  65  56  57  57  59  61  65  72  85 104 118 130 138 139 138 140
 142 143 141 141 142 143 143 144 144 145 144 144 144 144 144 145 145 145
 144 145 145 145 145 146 146 145 144 145 145 145 146 146 146 146 146 146
 146 146 146 146 146 146 146 146 146 146 146 146 146 146 145 145 146 146
 146 146 146 146 146 145 145 145 146 146 146 146 146 145 145 145 144 146
 145  30]"
"[ 29  29 114 115 115 116 116 117 118 117 116 117 118 119 118 116 117 118
 120 121 121 120 119 118 122 122 122 122 122 121 121 121 122 122 123 123
 123 123 124 125 125 125 119 110  86  65  66  65  65  66  66  65  64  64
  63  61  63  60  58  57  57  57  58  58  58  58  57  57  57  57  59  60
  61  61  61  61  60  59  61  63  60  62  65  66  66  67  67  68  69  68
  67  67  70  74  74  73  74  74  70  65  63  65  66  66  68  70  73  69
  68  66  53  57  53  56  59  60  65  69  79  98 113 126 137 138 138 140
 142 145 143 143 143 143 143 144 144 144 143 143 144 144 144 144 144 143
 143 144 145 145 145 146 147 147 146 146 146 145 144 144 144 143 145 145
 145 145 145 145 146 146 146 146 145 145 146 146 146 146 145 145 146 146
 146 146 146 146 146 145 145 145 146 146 146 146 146 145 144 144 143 145
 144  29]"
"[ 30  30 113 115 116 115 119 117 117 119 120 118 119 121 121 119 118 119
 121 122 122 122 122 122 123 123 124 125 126 127 126 126 128 128 129 129
 131 132 134 135 133 131 127 117  88  62  68  63  65  66  66  66  65  64
  62  61  62  62  60  58  58  59  59  58  58  57  55  54  55  57  58  58
  59  58  57  58  59  60  61  62  62  62  64  66  67  68  69  70  70  70
  69  70  72  72  69  66  65  66  66  63  63  64  65  66  66  65  62  59
  57  54  53  52  52  54  57  59  61  66  79  94 103 123 138 139 138 140
 142 142 142 142 142 142 142 143 144 145 143 143 143 142 142 142 143 144
 144 144 145 145 146 146 145 145 147 146 146 145 145 145 145 144 146 146
 146 146 146 146 146 146 147 146 146 146 146 146 146 145 144 145 146 147
 146 146 146 146 145 145 145 145 145 145 146 146 145 145 146 145 144 145
 144  29]"
"[ 28  29 118 119 121 120 121 120 121 123 125 125 125 127 128 128 129 130
 131 131 131 132 132 133 135 135 136 137 138 138 138 137 139 138 138 137
 137 137 138 138 137 135 132 122  90  61  67  65  66  65  65  65  65  64
  62  60  61  62  61  59  58  59  59  59  58  57  55  55  56  58  58  57
  58  57  57  58  59  60  60  61  62  63  64  66  67  68  69  71  71  71
  71  70  70  69  67  64  65  65  64  62  61  62  62  61  57  57  57  56
  54  53  53  53  52  54  56  58  61  65  75  88 101 120 136 139 138 140
 141 142 142 142 143 143 143 143 143 144 144 144 143 143 143 143 144 144
 145 144 145 145 146 146 146 145 146 146 146 145 146 146 146 146 146 146
 146 146 146 146 146 146 147 146 146 146 146 146 146 146 144 145 146 146
 145 145 145 146 145 145 145 145 145 145 145 144 144 144 145 145 143 145
 144  29]"
"[ 29  30 127 128 130 129 128 128 127 130 132 133 133 133 135 137 136 137
 137 137 137 138 138 139 138 138 139 139 140 140 139 139 139 139 138 138
 137 137 138 138 139 137 134 124  92  60  65  65  66  65  64  65  65  64
  62  60  61  61  60  59  58  59  59  59  58  56  55  56  57  58  58  57
  57  57  57  59  60  59  59  59  62  62  64  65  65  66  69  71  71  72
  72  71  69  68  66  64  65  64  62  61  61  61  59  57  55  55  55  55
  53  52  52  52  51  53  53  55  59  63  70  78  96 114 130 137 139 140
 140 141 142 143 144 144 144 143 143 143 143 144 144 143 143 143 143 144
 144 144 144 145 145 146 146 145 145 145 145 145 146 146 146 146 146 146
 146 146 146 146 146 146 146 146 146 146 146 146 146 146 145 145 145 145
 145 145 145 145 145 145 145 145 145 144 144 143 144 144 145 145 143 145
 144  29]"
"[ 30  31 135 135 136 136 133 135 134 135 137 137 136 135 136 139 137 138
 138 138 138 138 138 138 137 137 138 139 139 139 138 137 138 137 137 138
 138 138 139 139 138 137 135 122  91  61  64  65  66  65  64  64  65  64
  63  61  61  60  58  57  57  58  59  59  58  57  57  57  57  57  57  57
  57  57  58  59  59  59  58  58  60  61  63  65  65  66  68  71  69  71
  71  71  69  68  67  66  65  64  62  61  61  60  59  58  58  57  56  54
  53  52  51  50  50  52  52  53  57  61  66  72  90 106 123 133 138 139
 139 141 142 143 144 144 144 143 143 143 143 144 144 144 143 143 143 144
 145 145 145 145 145 146 146 146 146 146 146 146 146 146 146 145 146 146
 146 146 146 146 146 146 146 146 146 146 146 145 145 145 145 145 145 145
 144 144 145 145 144 144 144 145 144 144 144 143 145 145 146 145 144 145
 144  29]"
"[ 29  29 137 135 136 136 135 137 138 137 137 138 137 136 136 137 137 137
 138 138 138 138 138 138 137 138 138 139 139 138 138 138 139 139 139 139
 139 139 139 139 138 138 136 119  90  65  66  65  65  64  63  64  65  65
  64  62  62  60  56  55  56  57  58  57  58  58  58  58  57  56  56  56
  58  58  58  59  59  58  57  58  59  61  64  65  65  66  69  71  69  70
  70  70  69  68  67  65  64  63  62  61  60  59  59  59  58  56  54  52
  52  52  51  50  50  52  53  53  56  59  64  70  85 100 117 129 137 139
 139 141 142 143 143 144 143 143 143 144 144 145 145 145 144 144 144 144
 145 145 145 145 146 146 146 147 147 147 146 146 146 146 145 145 146 146
 146 146 146 146 146 146 146 146 146 145 145 144 144 144 144 144 145 145
 145 145 144 144 144 144 144 144 144 144 144 144 145 145 145 145 144 145
 144  29]"
"[ 29  28 137 135 136 135 137 137 137 137 136 137 137 138 137 137 136 137
 138 138 139 138 139 139 137 137 138 138 137 137 137 137 137 137 137 138
 138 138 138 138 139 140 137 118  91  67  66  65  65  64  63  64  65  65
  64  63  63  59  56  55  56  57  57  57  58  57  58  59  57  55  55  56
  59  58  59  59  59  58  58  58  59  60  63  65  65  65  68  71  72  72
  71  70  70  68  66  64  64  63  61  60  59  58  58  58  58  56  54  52
  52  52  51  51  51  52  53  54  55  57  61  67  81  95 111 124 134 137
 139 141 143 143 143 143 143 143 144 145 144 145 145 144 144 144 144 144
 144 144 145 145 145 145 145 145 145 145 145 145 145 145 145 145 146 146
 146 146 146 146 146 146 146 146 146 145 145 144 144 144 144 144 144 145
 145 145 144 144 144 144 143 143 143 144 144 144 143 143 144 144 143 144
 144  29]"
"[ 29  29 137 136 138 135 139 137 136 137 137 136 137 139 139 137 137 137
 138 138 138 138 138 138 138 138 138 138 138 138 138 139 137 137 138 138
 139 140 140 140 139 139 137 118  91  66  63  65  65  64  64  64  64  64
  64  63  62  59  57  57  57  57  57  59  57  56  56  58  57  56  55  56
  58  58  58  59  59  58  58  59  58  60  62  63  64  65  68  71  73  73
  72  71  70  69  67  65  64  62  60  60  60  58  58  58  58  57  55  54
  52  52  52  52  52  52  52  54  55  54  57  63  74  88 104 117 128 134
 137 140 143 144 144 143 143 143 144 145 144 144 144 144 143 143 144 144
 143 144 145 145 144 144 144 144 144 144 145 145 145 145 145 145 146 146
 146 146 146 146 146 146 146 146 146 146 145 144 144 144 144 144 144 144
 145 145 145 144 144 144 144 144 144 144 144 144 143 143 144 144 143 144
 143  29]"
"[ 28  28 136 136 138 134 140 136 136 138 138 136 137 139 139 137 138 138
 138 137 137 137 137 137 138 138 138 138 137 138 139 139 138 138 138 139
 139 139 138 138 138 138 136 119  92  64  61  65  65  64  64  63  63  63
  63  63  60  59  59  59  58  57  58  60  57  55  55  57  58  56  55  56
  57  57  58  59  59  58  59  59  59  60  62  63  64  65  69  72  71  72
  72  71  70  68  67  66  65  62  60  61  62  61  59  58  54  55  55  53
  51  51  51  53  54  53  53  55  56  53  55  61  67  81  97 111 123 130
 135 138 144 144 144 144 144 143 144 144 145 145 145 144 144 144 144 145
 144 145 146 146 145 145 145 145 145 146 146 146 146 146 146 146 145 146
 146 146 146 146 146 146 146 146 146 146 145 144 145 145 145 144 143 143
 144 145 145 145 144 144 144 145 144 144 143 143 144 143 144 144 143 144
 143  28]"
"[ 29  29 135 137 137 136 136 137 137 137 137 137 137 138 138 139 138 138
 137 137 137 137 138 138 138 138 138 138 138 138 138 138 138 138 139 139
 138 137 138 139 138 136 136 122  90  68  64  64  64  64  63  62  62  63
  63  62  59  59  59  59  59  58  57  57  55  55  56  56  57  57  56  55
  55  56  57  58  58  58  59  60  62  61  61  62  64  65  67  69  71  72
  72  71  70  70  68  65  64  61  60  62  63  61  59  59  56  54  53  54
  52  53  53  53  52  53  52  52  53  52  54  59  67  75  88 108 118 126
 130 140 142 144 144 143 144 144 144 145 144 144 144 144 145 145 146 146
 146 146 145 145 144 145 145 146 145 145 145 145 146 146 146 146 144 145
 145 145 145 145 146 146 145 145 146 146 145 144 144 144 144 144 144 144
 143 144 144 143 144 144 144 144 144 144 143 142 143 143 143 143 143 143
 142  29]"
"[ 29  29 135 137 138 137 137 138 137 137 136 137 137 137 137 137 139 138
 138 137 137 137 138 138 138 138 138 138 138 138 138 138 138 138 138 138
 138 138 139 140 140 136 136 131  89  66  65  66  65  64  63  63  63  64
  62  60  59  58  58  59  58  57  57  57  57  57  57  57  58  57  56  56
  55  56  57  57  57  58  60  62  63  62  63  64  64  65  67  68  71  71
  71  70  69  69  67  65  65  62  61  62  62  59  57  57  57  54  54  54
  53  52  52  51  50  51  51  51  52  52  54  59  66  71  84 100 115 120
 128 137 142 145 145 144 144 144 143 145 146 146 145 145 145 145 145 145
 146 146 145 145 145 145 145 145 146 146 146 146 146 146 146 146 145 145
 145 145 146 146 146 146 146 146 146 146 145 145 145 145 145 145 145 144
 144 144 145 144 144 145 144 144 144 144 144 143 143 142 142 142 142 143
 142  29]"
"[ 29  29 136 137 137 136 137 137 138 137 137 137 137 137 137 137 138 138
 138 137 137 138 138 138 138 138 138 138 138 138 138 138 139 138 137 138
 138 139 139 140 140 136 135 138  86  63  65  65  65  65  64  64  65  64
  62  60  58  58  58  58  58  57  57  57  58  58  58  57  57  56  56  56
  58  58  58  57  56  57  59  61  63  63  64  65  65  65  66  68  70  70
  70  69  68  68  67  66  64  62  60  61  61  59  58  58  57  55  55  55
  54  53  52  50  50  50  50  51  52  53  54  58  62  65  76  88 107 114
 126 134 140 144 145 145 145 144 144 144 146 146 145 145 145 144 144 144
 146 146 146 146 145 145 145 145 146 146 146 146 146 146 146 146 146 146
 146 146 146 146 146 146 146 146 146 146 145 145 145 145 145 145 145 144
 144 144 145 145 145 145 144 144 144 144 144 143 141 141 141 141 141 142
 141  29]"
"[ 29  29 136 136 136 135 135 135 137 137 137 137 138 138 137 137 136 136
 137 137 137 138 138 138 138 138 138 138 138 138 138 138 138 137 137 138
 139 139 139 139 138 137 134 137  87  61  64  65  65  65  65  64  64  63
  61  59  58  57  57  58  57  57  57  57  57  57  57  56  55  55  55  56
  59  59  59  57  56  56  59  62  63  64  65  66  66  66  67  68  71  71
  70  70  69  69  68  67  64  62  60  61  61  60  59  59  58  55  55  55
  54  54  53  52  51  51  50  50  52  52  53  56  58  62  69  79  96 109
 122 129 136 142 145 144 145 145 144 144 144 144 144 144 144 144 144 144
 145 146 146 146 146 146 145 145 145 146 146 146 145 145 146 146 146 146
 146 146 146 146 146 146 146 146 145 145 145 145 145 145 144 144 144 143
 143 144 144 144 144 145 144 144 144 144 143 142 140 140 139 140 140 141
 141  29]"
"[ 29  29 135 135 135 134 135 135 135 135 136 137 138 138 137 137 136 136
 137 137 138 138 138 138 138 138 138 138 138 138 138 138 137 136 136 138
 139 140 139 139 138 141 135 130  93  64  64  65  63  64  64  62  60  59
  58  58  58  57  57  57  57  57  57  57  57  57  56  55  54  54  55  56
  57  58  57  57  57  58  62  64  64  65  66  67  67  67  68  70  71  72
  72  71  70  69  67  67  65  64  62  61  61  60  59  59  59  56  54  54
  53  53  54  53  52  52  50  50  51  50  50  53  56  62  65  73  85 104
 116 124 133 140 144 144 145 145 144 144 144 144 144 145 145 145 145 145
 145 145 146 146 146 146 146 145 145 146 146 146 146 146 146 146 145 145
 145 145 146 146 146 146 146 145 145 145 145 145 145 145 143 143 143 142
 142 143 144 144 144 144 144 144 144 143 142 140 139 139 138 139 140 141
 141  29]"
"[ 29  29 134 133 133 134 135 134 133 134 135 136 137 137 136 136 137 137
 138 138 138 138 138 138 138 138 138 138 138 138 138 138 136 135 136 138
 140 140 140 140 138 142 135 124  99  68  64  65  62  63  63  61  59  58
  58  58  58  57  57  57  57  56  56  57  56  56  55  54  54  54  54  55
  57  57  57  57  57  59  62  64  65  65  66  68  68  68  69  71  71  71
  71  71  69  66  64  64  64  63  62  61  61  60  59  58  60  57  56  55
  54  53  54  54  52  52  50  49  50  48  48  50  52  59  60  67  76  96
 110 122 130 138 143 144 144 145 144 144 143 144 144 145 145 145 145 145
 145 145 146 146 146 146 146 146 146 146 146 146 145 145 145 145 145 145
 145 145 145 146 146 146 146 146 146 146 146 145 145 144 142 143 143 143
 143 144 145 144 143 144 144 144 144 143 141 139 138 138 138 139 140 141
 141  29]"
"[ 29  28 132 131 132 133 134 133 131 133 135 136 136 135 135 136 137 138
 138 138 138 138 138 137 138 138 138 138 138 138 138 138 136 136 136 138
 140 140 140 140 139 139 135 123 101  72  64  65  64  64  63  61  60  60
  59  58  57  57  57  57  57  56  56  57  55  55  54  54  54  54  55  55
  58  57  57  57  58  59  60  61  64  64  66  68  68  68  69  69  70  70
  70  71  69  65  63  63  62  62  61  60  60  59  58  57  58  56  56  57
  54  53  54  53  52  51  50  49  49  48  47  49  51  54  57  61  69  82
  99 116 127 136 142 142 143 144 144 144 143 144 144 145 145 145 145 145
 145 145 145 146 146 146 146 146 146 146 145 145 145 145 145 145 145 145
 145 145 145 146 146 146 146 146 146 146 146 146 145 144 142 143 143 143
 144 145 145 145 144 144 144 144 143 142 140 138 138 138 138 140 141 142
 141  29]"
"[ 29  28 131 129 130 132 132 131 131 133 135 136 136 135 135 135 136 137
 137 138 138 138 137 137 138 138 138 138 138 138 138 138 138 137 137 138
 139 139 139 140 140 136 134 124 102  74  64  65  64  63  62  61  61  61
  59  57  57  57  56  57  56  56  56  56  56  55  55  55  55  56  56  56
  56  56  56  57  58  60  61  61  63  63  65  67  68  67  67  67  70  70
  71  72  70  67  65  66  63  63  62  60  58  57  55  54  54  53  55  56
  54  52  52  52  51  51  50  50  50  48  48  50  54  53  56  57  63  68
  88 108 124 133 140 141 142 143 144 145 143 144 145 146 146 146 146 146
 145 145 145 145 145 146 146 146 146 146 145 146 146 147 146 146 146 146
 146 146 146 146 145 145 146 146 146 146 146 146 144 143 141 142 143 144
 144 145 145 145 144 144 144 143 143 142 140 139 138 138 139 140 141 142
 142  29]"
"[ 29  28 131 130 132 131 130 130 130 130 132 134 135 135 135 136 136 137
 137 137 136 136 136 136 137 137 138 138 138 138 138 139 138 138 138 139
 140 140 140 141 138 137 131 130 108  76  58  63  62  62  61  61  61  60
  60  59  59  58  58  57  56  56  56  56  56  56  55  54  54  55  57  58
  55  54  55  57  59  60  61  62  63  64  64  64  66  68  70  70  72  72
  71  72  72  69  66  64  63  61  60  59  56  56  56  54  53  54  54  54
  53  53  53  52  49  49  50  50  49  47  47  48  48  52  52  54  62  65
  74  98 116 130 138 141 141 146 144 144 143 145 146 146 146 146 147 146
 146 145 144 145 146 147 146 146 145 145 146 147 146 145 146 147 146 146
 146 146 146 146 145 144 147 146 146 146 146 146 146 147 143 144 144 145
 145 145 145 145 144 144 144 144 144 144 143 142 142 142 141 143 142 141
 143  29]"
"[ 29  29 132 130 131 130 129 130 130 130 131 132 134 135 135 135 135 136
 136 136 136 136 136 136 137 138 138 138 138 137 137 138 138 138 139 140
 140 139 139 139 138 137 135 137 114  81  57  61  61  61  61  60  60  60
  60  61  59  58  57  56  56  56  56  57  57  56  55  54  54  54  56  57
  57  56  56  58  59  60  61  62  63  64  65  65  67  69  71  71  72  72
  72  73  72  69  66  64  63  61  60  58  56  55  55  54  54  55  55  56
  55  55  54  53  51  51  51  51  50  48  48  49  51  53  53  54  59  61
  66  83 114 133 137 139 143 146 142 144 145 146 146 145 145 145 146 146
 146 145 145 145 146 146 146 145 144 145 145 146 145 144 144 144 146 146
 146 146 146 146 146 146 144 144 145 146 146 145 145 144 146 146 146 146
 145 145 145 145 145 145 145 145 145 144 144 143 142 142 142 143 142 141
 143  28]"
"[ 29  29 132 130 130 129 130 131 131 131 130 132 134 136 135 135 134 135
 135 136 135 135 136 136 138 138 138 138 138 137 137 138 138 139 140 141
 141 140 138 138 139 138 137 138 115  85  56  62  62  61  61  60  59  59
  60  60  59  58  57  57  56  57  57  57  57  57  56  55  54  54  55  55
  58  57  57  58  58  59  60  62  61  63  64  65  67  69  71  71  73  73
  74  74  72  69  66  64  64  62  60  59  57  56  56  54  55  55  56  56
  56  55  54  53  52  51  51  51  50  49  48  49  50  49  50  51  54  56
  58  67 100 129 137 143 147 145 142 147 145 145 145 144 145 146 146 146
 144 145 145 145 145 145 145 145 145 146 147 147 146 147 147 146 146 146
 146 146 145 145 145 145 146 147 147 147 147 147 147 146 145 145 145 145
 146 146 146 146 145 145 145 145 144 143 143 143 143 143 142 144 143 143
 144  29]"
"[ 29  29 131 129 130 130 131 132 132 132 132 133 135 136 135 134 134 134
 134 134 135 135 136 137 137 138 138 138 138 138 138 139 139 139 140 141
 141 140 139 138 139 138 137 137 115  88  56  63  62  62  61  60  59  58
  58  58  58  58  57  57  57  57  56  56  57  57  57  56  55  55  55  55
  56  56  57  57  58  58  59  61  61  63  64  64  66  70  72  72  73  73
  74  74  72  68  65  64  65  62  61  60  58  58  58  56  56  56  56  56
  56  55  54  53  53  51  51  50  50  49  48  48  47  45  49  49  50  53
  55  58  79 112 129 143 147 145 144 145 148 148 147 146 146 146 145 144
 144 145 145 146 146 146 146 146 145 147 147 145 145 146 147 146 145 145
 146 145 145 145 145 145 147 147 146 144 144 145 146 145 146 146 146 146
 146 146 146 146 145 145 145 145 143 143 142 143 142 143 142 144 144 145
 146  29]"
"[ 29  28 130 128 130 130 130 131 132 133 134 134 134 135 135 134 133 133
 133 133 134 135 137 138 138 138 138 138 138 138 139 139 139 139 139 140
 141 140 140 139 138 138 138 137 120  93  58  60  62  62  61  60  58  57
  56  56  57  57  57  57  57  56  55  54  55  56  56  56  55  55  55  55
  55  55  56  57  57  57  58  60  63  64  65  65  67  71  73  74  73  74
  74  73  71  67  65  64  64  62  61  61  59  59  59  58  57  56  56  56
  56  55  55  54  54  53  51  51  50  49  48  47  48  46  49  49  48  52
  53  54  66  89 110 132 140 146 148 145 148 147 146 145 146 147 147 146
 146 146 147 146 146 146 146 146 147 148 147 146 145 145 146 146 145 146
 147 147 146 146 147 147 146 146 146 144 144 145 146 146 147 147 147 146
 146 146 146 146 146 146 146 145 144 144 144 144 143 143 142 144 144 145
 146  29]"
"[ 29  28 131 129 129 129 129 131 136 136 136 134 133 134 135 135 133 133
 133 133 133 135 137 138 138 138 139 138 138 138 138 139 139 138 137 139
 140 140 140 140 139 140 137 134 124  96  63  59  60  61  61  60  58  57
  56  56  57  57  56  57  57  56  55  54  53  54  54  55  55  54  55  55
  55  55  56  57  57  57  58  60  64  65  65  65  67  71  73  74  74  74
  74  73  71  67  65  65  63  61  60  60  59  59  60  58  58  56  55  54
  54  54  54  54  55  54  53  52  51  49  47  46  47  45  48  47  46  50
  51  53  58  71  92 113 124 140 149 153 153 152 151 149 149 149 150 150
 148 148 147 147 146 146 146 146 147 147 147 147 146 146 147 149 148 149
 149 149 148 147 146 146 147 146 147 148 148 147 147 147 145 145 145 145
 146 146 147 147 146 146 146 145 145 145 145 145 145 146 144 145 145 146
 146  29]"
"[ 29  30 133 131 130 129 130 133 144 142 138 133 132 133 134 134 133 133
 133 134 134 135 136 137 138 138 138 138 138 138 138 139 139 138 137 138
 140 140 140 140 140 141 136 132 130 103  70  58  60  60  61  60  58  57
  56  57  57  56  55  56  56  56  56  55  52  53  54  54  54  54  55  55
  55  55  55  55  56  57  59  61  64  65  65  65  67  70  73  73  74  74
  74  74  72  69  66  65  63  61  60  60  58  59  59  58  58  56  54  53
  53  54  54  54  54  53  53  52  51  48  46  46  45  43  45  44  45  47
  46  49  51  57  73  89 102 121 131 145 154 155 156 156 156 156 155 154
 154 153 151 151 151 152 152 151 150 149 150 151 148 146 146 149 150 150
 151 151 151 150 148 147 148 147 148 150 149 147 145 146 145 145 145 146
 146 147 148 148 147 147 146 146 146 146 146 145 146 147 146 145 144 146
 146  29]"
"[ 30  31 136 133 131 130 132 136 150 146 139 132 129 131 132 131 132 133
 134 134 135 135 136 137 137 137 137 138 138 138 139 140 139 138 138 139
 140 141 140 140 138 141 137 135 140 110  76  56  60  61  61  59  58  56
  57  57  57  56  55  55  56  57  56  56  52  53  54  54  54  55  55  56
  54  54  53  54  55  57  60  63  65  66  66  67  68  71  73  73  74  74
  75  75  73  70  67  65  63  61  60  60  59  59  60  58  58  57  54  54
  54  54  54  54  52  52  52  52  50  48  47  46  46  44  45  43  44  44
  41  43  46  47  56  67  84 102 104 121 133 138 146 153 158 161 162 162
 161 160 158 158 159 161 161 161 161 159 159 159 155 148 147 150 148 149
 150 153 154 155 154 153 155 151 151 153 152 148 147 150 150 149 149 148
 147 147 148 148 150 149 148 148 147 147 146 146 145 146 144 144 143 144
 145  28]"
"[ 31  28 133 127 129 139 151 161 154 142 132 131 133 131 130 131 131 132
 134 135 136 133 140 137 137 137 137 138 138 137 138 139 138 138 139 141
 141 140 139 140 141 139 135 138 139 109  84  56  60  58  58  58  57  56
  55  57  57  55  53  52  53  54  54  54  54  53  53  54  55  55  55  55
  55  55  55  55  56  58  61  63  65  66  67  68  70  71  73  73  73  73
  75  75  74  70  67  65  64  61  60  61  61  59  57  58  56  56  54  54
  56  57  56  53  53  52  52  52  51  50  48  47  45  45  43  42  42  41
  40  38  40  42  48  52  57  77  98 104 113 123 129 136 145 146 149 159
 157 158 160 161 165 169 172 173 172 170 169 170 172 174 174 174 175 174
 173 174 176 178 179 179 178 178 179 180 181 180 180 180 180 180 181 180
 180 180 180 181 180 180 179 179 177 175 175 175 177 173 169 167 165 166
 168  27]"
"[ 31  27 130 138 146 157 157 148 136 135 131 128 128 130 131 131 131 133
 128 132 137 136 134 134 137 137 137 138 138 138 138 139 139 139 139 140
 141 140 139 140 139 141 139 137 138 116  89  51  59  58  58  58  59  58
  57  57  57  55  53  52  53  53  54  53  52  52  53  53  54  55  55  55
  57  57  57  56  56  58  60  62  63  65  66  68  70  72  73  73  73  73
  74  75  74  70  67  65  64  62  60  61  60  59  58  59  57  57  56  55
  55  56  56  55  54  53  52  51  50  49  47  46  45  43  42  40  40  39
  38  36  36  35  38  39  40  52  68  76  88 100 107 113 122 127 132 143
 144 147 149 151 152 155 158 160 166 167 168 170 173 175 177 178 178 178
 178 177 177 177 178 179 176 176 177 178 178 178 178 179 178 179 179 179
 179 178 178 178 177 177 178 180 180 179 177 177 177 176 179 181 181 179
 175  33]"
"[ 30  30 136 146 147 142 132 119 119 124 129 130 131 134 137 138 135 138
 131 133 133 138 137 137 137 137 137 138 138 138 138 139 140 139 139 140
 140 140 140 140 139 140 140 137 138 123  98  50  57  58  58  58  58  59
  58  56  56  55  53  52  53  53  53  53  53  53  53  54  54  54  55  55
  57  57  57  57  56  57  59  61  63  64  67  68  70  72  73  73  73  74
  74  75  74  71  68  65  66  64  62  62  61  59  58  59  58  58  58  56
  55  55  56  57  55  53  52  50  49  48  47  46  45  43  41  39  39  38
  36  34  34  30  32  33  29  34  47  56  66  80  89  94 103 110 117 126
 127 131 136 139 141 143 147 150 150 152 155 157 159 160 163 165 167 168
 169 169 168 168 170 171 167 167 167 169 170 169 169 169 170 170 170 169
 168 168 167 167 164 164 164 165 166 165 163 162 164 161 163 166 165 167
 164  28]"
"[ 32  29 149 145 135 120 116 117 122 117 120 131 136 130 118 111 118 118
 123 134 133 133 135 138 137 137 137 138 138 138 139 140 140 140 139 140
 140 140 140 140 142 139 139 139 139 129 108  57  55  57  58  58  58  58
  57  55  55  54  53  52  53  53  53  53  54  54  55  55  54  54  54  55
  55  56  57  57  57  58  61  62  64  66  68  69  71  73  73  73  75  75
  75  75  75  73  69  66  66  65  63  62  61  59  58  59  58  58  58  56
  55  55  56  57  55  54  52  50  49  48  47  46  45  44  41  39  38  37
  34  31  28  25  27  28  25  27  36  44  49  62  72  79  87  92  98 105
 110 115 121 124 127 130 134 137 137 139 142 143 144 146 148 150 151 152
 154 154 154 155 157 158 155 155 156 158 159 159 158 158 158 157 156 155
 154 154 154 154 157 155 154 155 155 154 154 154 153 151 153 155 154 156
 154  28]"
"[ 28  29 167 161 158 145 139 138 131 123 116 107  88  64  51  50  44  46
  69 107 138 138 134 138 137 137 137 138 138 138 139 140 140 140 140 140
 141 141 140 139 143 140 141 140 139 133 116  64  53  56  59  59  58  58
  58  57  55  54  53  53  53  53  53  53  54  55  55  55  54  54  54  54
  54  56  57  58  59  61  63  64  65  67  68  69  71  73  74  74  75  75
  75  75  74  73  71  68  65  64  64  63  61  60  59  59  59  58  57  57
  56  55  55  55  55  54  52  51  50  49  48  47  45  43  41  39  38  36
  31  28  25  23  23  24  22  23  28  31  37  45  54  64  72  76  80  87
  94  98 103 106 110 113 117 119 122 124 126 128 131 133 136 137 137 137
 138 139 140 140 141 141 140 140 142 145 146 145 144 143 142 142 141 141
 141 141 141 141 140 139 139 139 138 138 139 140 139 137 138 137 136 138
 137  27]"
"[ 31  30 154 147 130 115  98  71  54  48  44  43  43  43  44  47  49  46
  46  65 116 136 133 133 137 137 138 138 138 138 139 140 139 140 140 140
 141 141 141 139 141 141 144 139 137 134 121  70  52  54  57  57  57  58
  58  58  56  56  55  54  53  52  52  51  53  53  54  54  54  54  53  53
  54  55  57  58  59  61  63  64  65  66  67  69  70  73  74  75  75  75
  75  73  73  73  71  69  65  65  64  64  63  62  61  60  61  60  59  59
  58  56  55  54  55  54  53  52  51  49  47  46  45  44  42  40  38  35
  30  26  25  25  24  24  24  24  25  26  34  38  44  53  61  66  71  78
  82  85  89  93  97 101 104 106 108 109 110 113 115 118 120 121 122 122
 122 124 126 127 126 125 124 125 126 129 131 130 128 127 126 127 128 129
 129 129 128 128 126 127 127 127 126 125 125 125 126 126 124 123 122 123
 123  30]"
"[ 27  31  61  36  37  30  19  26  23  27  32  35  38  42  46  48  45  48
  44  48  89 132 141 134 137 137 137 138 138 138 138 139 139 139 139 139
 140 141 141 140 139 140 143 139 137 134 126  82  56  55  55  55  56  56
  56  57  57  57  56  55  53  52  51  51  53  53  54  54  54  54  53  53
  54  55  57  58  59  60  62  63  65  66  67  69  71  73  74  74  75  75
  74  72  72  72  72  70  66  66  65  64  63  63  62  60  61  60  59  59
  58  56  55  55  54  54  54  53  51  49  46  44  45  44  42  40  37  34
  29  25  23  23  22  23  24  24  24  25  31  34  39  45  51  56  61  65
  72  75  80  84  87  91  94  95  97  98 100 102 103 105 106 107 108 108
 109 110 112 112 112 111 110 110 111 114 115 115 114 113 113 113 113 114
 115 115 114 113 113 112 112 113 112 111 110 111 110 113 113 114 117 114
 111  29]"
"[ 31  28  28  32  26  32  36  35  36  36  38  39  40  42  44  46  48  46
  47  45  58 109 138 138 136 136 137 138 138 137 138 139 139 139 138 138
 139 141 141 140 142 139 142 142 140 134 131  97  62  58  55  55  55  55
  55  55  57  57  56  55  54  53  52  52  54  54  54  55  55  54  53  52
  54  56  58  59  60  61  62  63  65  67  68  70  71  73  73  73  75  76
  75  72  71  73  73  72  67  66  64  62  62  62  60  58  58  57  57  57
  56  54  54  55  54  54  54  53  52  49  45  43  44  43  41  38  35  32
  27  24  24  23  22  23  25  23  22  26  28  33  38  40  43  48  52  53
  64  67  72  75  76  79  81  82  82  84  87  89  90  91  93  94  95  96
  96  96  97  96  95  94  96  95  96  98 100 100 100  99  99  97  96  95
  96  96  96  96  98  96  95  95  97  98  99  99 100 102  97  96 102 101
 101  30]"
"[ 29  30  38  37  37  37  39  39  41  40  41  41  41  41  42  43  46  44
  43  48  47  80 130 140 136 136 136 137 137 137 138 138 139 139 139 139
 140 141 141 141 140 141 141 144 141 137 130 111  70  50  58  54  56  55
  55  56  58  58  57  55  53  52  52  53  54  54  54  54  54  54  54  54
  55  56  58  59  61  62  63  62  64  65  67  69  72  74  75  76  76  76
  75  74  74  73  72  72  70  67  64  63  62  61  60  60  58  58  58  56
  55  55  54  54  54  53  53  52  52  51  47  44  39  39  40  38  33  29
  27  24  22  22  22  22  23  24  25  25  30  34  38  39  41  45  49  50
  58  59  62  65  68  70  72  73  73  73  75  79  82  82  83  85  85  84
  84  84  85  85  84  83  82  83  85  87  88  88  88  88  90  87  85  84
  83  82  83  84  88  87  88  89  90  90  88  87  92  88  87  86  88  91
  86  30]"
"[ 28  29  38  38  40  40  41  40  42  41  41  41  40  39  39  39  38  41
  41  43  41  52 119 137 137 137 137 138 138 139 139 139 139 139 139 140
 140 142 142 141 139 140 141 141 136 132 129 116  81  55  58  55  56  54
  54  54  58  58  57  55  53  53  53  54  54  54  54  54  54  54  55  55
  57  58  58  58  59  61  63  63  65  65  67  69  72  74  75  75  75  75
  75  75  74  74  73  72  70  68  66  64  63  61  61  61  56  56  56  56
  56  56  56  55  52  52  51  50  50  49  48  46  41  40  40  37  31  27
  24  22  21  20  20  20  21  23  24  24  29  33  36  36  38  41  44  47
  52  54  57  60  63  65  66  67  65  66  68  71  72  72  73  75  75  74
  74  74  75  75  74  73  69  69  71  73  75  75  76  77  78  76  76  76
  76  75  75  75  77  76  76  76  77  77  77  76  74  75  80  81  80  79
  76  29]"
"[ 29  30  39  39  41  40  40  38  41  40  39  38  37  35  34  33  33  32
  29  29  32  41 113 144 136 137 137 138 138 139 139 139 141 142 142 142
 143 143 143 142 143 142 142 142 138 135 128 115  86  56  57  59  59  56
  57  58  58  58  56  54  53  52  53  54  53  53  53  53  53  54  54  55
  56  57  58  58  59  61  64  65  64  64  66  69  73  75  76  76  74  74
  74  75  75  75  73  72  71  69  67  64  62  60  59  60  57  57  57  57
  57  57  56  54  53  52  51  49  48  48  47  47  41  39  38  36  30  27
  25  23  20  20  19  19  21  23  24  25  27  30  32  33  34  37  41  44
  47  49  52  55  58  60  62  63  62  64  66  67  66  66  67  68  66  66
  66  66  66  66  65  65  64  65  65  66  66  66  67  68  67  67  68  70
  70  69  67  67  67  66  65  65  66  66  66  66  69  66  67  67  67  67
  69  31]"
"[ 29  30  38  37  37  35  35  34  33  32  31  30  29  27  26  25  24  24
  29  28  27  39  98 142 137 137 138 139 139 140 140 140 139 140 141 141
 141 141 140 139 142 141 141 141 139 135 128 117  96  61  57  58  57  54
  56  58  57  57  56  54  53  53  53  54  54  54  54  54  54  54  55  55
  55  56  58  59  59  61  63  64  64  64  66  69  72  75  76  76  74  74
  73  74  75  74  73  72  72  70  68  66  64  62  61  61  59  59  59  58
  58  58  56  54  53  52  50  49  48  48  47  46  43  41  39  35  28  24
  22  20  19  18  18  18  19  21  23  23  25  27  30  31  31  33  37  41
  43  44  46  49  52  54  57  58  59  60  60  60  59  58  59  59  59  60
  60  60  59  59  59  59  61  61  61  61  59  58  59  60  61  61  62  63
  63  61  60  58  60  59  58  58  58  59  59  59  61  59  59  60  60  61
  61  28]"
"[ 30  28  35  31  30  28  29  29  27  26  25  24  24  24  23  23  25  23
  26  26  25  34  93 145 136 137 137 138 138 139 139 139 140 141 142 142
 142 142 142 141 142 143 144 143 140 138 136 133 103  67  56  58  58  57
  56  55  56  56  55  55  54  54  55  55  55  55  55  55  55  55  55  55
  55  57  58  58  59  60  62  63  66  67  67  70  72  74  75  75  76  75
  74  74  75  75  74  73  70  68  65  64  63  62  60  60  58  58  58  58
  58  58  57  55  53  53  51  50  50  50  48  46  42  39  37  33  27  24
  22  20  21  20  19  20  22  23  25  26  25  26  29  30  30  31  34  37
  42  43  44  46  48  51  53  55  56  55  54  53  53  54  54  53  54  55
  55  55  54  53  54  54  54  55  56  56  56  55  56  57  56  56  56  55
  55  54  53  52  53  53  53  54  54  55  55  55  54  55  56  56  54  56
  56  30]"
"[ 30  29  34  29  25  23  24  24  24  23  23  23  23  23  24  24  24  23
  23  25  27  25  95 147 137 137 138 138 139 139 139 139 138 139 140 140
 141 141 142 141 143 143 145 144 144 143 139 139 121  85  62  56  55  55
  53  50  54  54  55  55  56  56  56  57  56  56  56  56  55  55  54  54
  56  57  58  58  59  62  65  67  64  65  66  69  71  73  74  75  75  74
  73  73  73  73  73  72  73  70  66  64  63  61  59  57  59  59  59  58
  58  58  57  55  54  53  51  50  50  48  45  42  40  37  34  31  25  22
  21  19  19  18  18  19  21  23  24  25  23  25  28  31  32  33  35  38
  39  40  40  41  42  44  46  47  50  49  48  47  48  50  50  49  49  50
  50  50  49  49  49  50  49  50  51  52  52  51  51  52  50  50  50  49
  48  49  48  47  48  48  49  50  51  52  52  52  52  53  50  49  48  52
  50  29]"
"[ 31  30  34  29  27  25  25  24  23  23  23  23  23  23  24  25  24  26
  25  24  25  30  95 141 138 138 138 138 138 138 138 138 139 140 141 141
 141 142 142 142 145 143 145 145 147 146 140 140 125  99  74  60  54  56
  56  56  54  54  54  55  56  56  57  57  56  56  56  55  55  55  55  55
  56  56  57  57  59  62  64  65  67  68  69  71  72  74  75  76  74  74
  74  73  73  73  73  73  71  69  66  64  63  60  59  58  59  60  59  58
  58  57  56  55  53  52  51  49  48  47  45  42  39  36  33  30  25  23
  21  19  20  20  20  20  21  23  23  23  25  26  28  31  32  33  34  36
  39  39  40  40  40  41  42  43  46  46  45  44  45  47  47  46  48  48
  48  48  48  48  48  49  47  47  48  48  48  47  46  47  48  49  48  47
  48  48  48  47  47  47  48  49  50  50  51  51  49  50  48  51  51  51
  47  31]"
"[30 27 32 29 30 29 29 27 29 29 29 30 29 28 29 29 29 28 28 31 28 28 28 30
 29 29 29 29 29 29 29 28 28 29 29 29 28 29 29 29 29 28 30 28 28 29 27 33
 29 29 28 29 29 30 27 27 29 28 28 28 29 29 30 30 30 29 29 28 28 28 29 29
 29 29 29 29 29 30 29 29 28 29 29 29 28 28 29 29 29 29 29 29 29 29 29 28
 30 29 29 29 29 28 28 29 28 29 29 29 29 29 29 29 29 29 29 28 29 29 29 29
 30 28 29 29 28 29 30 29 29 29 29 29 29 29 29 29 29 29 29 30 30 28 28 29
 29 29 29 29 29 29 29 29 28 29 29 28 28 29 29 29 28 28 28 28 28 29 29 29
 29 29 29 29 30 29 29 29 28 29 29 28 29 30 29 27 29 29 29 29 29 29 29 29
 29 29 27 30 27 28 32 28]"
