"[30 33 28 29 29 28 29 30 29 29 30 29 29 28 29 29 29 30 28 30 28 30 28 29
 30 29 28 29 29 29 28 29 31 28 28 29 29 30 30 29 27 29 31 29 28 30 31 27
 29 29 29 29 29 29 29 28 29 29 29 29 29 30 29 28 30 29 29 29 29 29 29 29
 29 28 28 29 29 28 28 29 29 29 29 29 29 29 30 30 29 29 30 29 29 29 29 28
 29 29 29 28 29 30 29 28 28 29 29 29 29 30 29 28 28 29 29 29 29 29 29 29
 29 29 28 29 29 29 29 30 30 30 29 29 29 30 29 28 30 29 29 29 29 28 29 30
 29 29 30 30 29 29 29 30 28 28 29 29 29 29 29 29 29 29 29 30 29 28 29 30
 29 29 30 30 29 29 28 28 29 30 30 30 29 29 29 29 30 29 29 28 28 29 30 30
 29 30 31 28 30 32 28 30]","[34 26 34 27 28 30 30 28 29 28 27 27 29 30 30 29 28 29 29 28 30 29 29 31
 27 29 29 28 28 31 31 29 29 29 30 30 29 28 28 29 32 29 28 28 28 28 29 30
 28 28 28 29 29 30 29 29 30 29 29 28 28 29 29 29 28 28 28 29 29 29 28 28
 30 29 29 30 30 29 29 28 29 29 29 29 28 28 28 28 29 29 28 28 28 30 30 29
 30 29 29 28 29 29 29 29 29 28 28 29 30 28 28 29 30 29 29 29 29 29 29 29
 29 29 29 30 30 28 27 27 27 28 29 29 29 29 29 29 29 28 28 29 29 29 28 29
 29 29 29 29 28 28 28 28 30 30 30 30 29 29 29 29 30 30 30 30 29 29 29 30
 29 29 28 28 29 29 30 29 28 28 28 28 28 28 28 29 27 28 31 31 29 29 29 28
 31 26 29 31 29 25 31 27]","[ 28  31 101 105 105 104 105 103 101  99  98  99 103 106 108 108 110 117
 126 132 143 142 144 145 146 149 149 146 146 150 149 145 143 147 146 144
 143 139 137 140 145 143 145 148 148 146 144 144 147 146 145 144 143 141
 140 139 137 136 135 133 131 131 131 132 130 130 129 129 128 127 126 125
 121 120 119 117 117 118 117 116 116 115 114 111 107 104 102 101 101 100
  98  97  96  96  94  92  91  91  90  89  89  89  89  88  86  84  85  87
  86  83  81  83  82  80  79  79  78  77  78  79  80  80  80  81  80  79
  78  78  77  79  80  79  78  78  80  81  79  78  79  80  81  81  81  80
  81  81  81  81  80  80  79  78  76  76  76  74  73  72  72  72  68  68
  67  65  64  65  65  64  63  61  59  59  60  61  61  61  63  59  55  52
  52  55  58  60  59  62  66  68  67  70  74  76  73  78  80  80  85  86
  82  31]","[ 31  30 110 105 101 101 106 108 107 105 102 101 102 103 105 105 105 104
 101  98 104 105 110 117 120 126 129 130 135 142 145 143 148 152 149 146
 146 142 138 142 145 147 146 144 146 148 148 148 145 145 145 146 146 146
 145 145 147 145 143 141 138 136 136 136 138 137 136 136 135 134 133 132
 132 132 128 124 124 126 126 124 125 125 124 122 119 116 114 114 114 113
 111 108 105 103 100  97 100 100  98  97  96  95  94  92  91  91  92  93
  92  89  87  87  88  85  83  83  82  79  79  81  80  79  79  79  78  78
  79  80  78  79  78  76  75  76  78  80  79  78  78  79  80  80  79  79
  78  78  78  78  78  78  77  76  80  81  81  80  78  76  76  76  76  77
  76  73  71  73  73  71  68  66  64  63  63  63  63  62  64  62  59  58
  59  59  57  56  52  54  57  58  57  59  64  65  67  72  74  77  79  79
  76  27]","[ 29  26 108 105 107 109 111 112 112 112 110 107 104 104 106 107 106 107
 104 106 106 105 102 105 102 104 106 107 108 110 110 109 116 120 120 123
 131 133 134 139 149 152 151 149 150 150 150 152 149 149 150 149 149 148
 147 147 145 145 145 145 144 143 143 144 142 142 141 141 142 142 142 142
 141 141 138 135 135 137 137 134 130 131 132 131 129 127 126 126 128 127
 125 122 119 117 116 115 111 111 110 108 106 104 101  99  98  99  99  97
  97  98  97  95  93  91  89  89  88  87  86  86  84  83  82  82  81  81
  81  81  82  81  80  79  79  80  81  81  82  80  79  80  80  80  79  79
  77  77  76  76  76  75  74  73  78  79  80  80  79  77  77  77  79  81
  80  77  76  78  78  76  73  72  71  69  68  67  66  66  66  64  63  62
  62  61  59  57  55  56  59  60  58  58  58  56  57  56  53  58  55  54
  56  32]","[ 28  29 121 120 118 117 114 113 112 112 111 109 106 106 107 109 111 108
 105 108 105 106 104 106 106 106 107 108 108 106 105 105 103 104 102 103
 107 108 108 110 113 117 123 131 139 139 141 149 153 153 153 153 152 152
 153 153 149 149 149 150 149 146 145 145 145 145 145 144 144 145 145 146
 146 147 147 147 147 147 146 144 144 144 143 142 139 137 136 136 138 137
 134 131 128 128 129 129 125 124 123 120 118 116 113 111 109 109 106 102
 101 103 103 101  98  97  96  95  96  95  93  92  89  88  88  88  87  85
  82  81  83  83  82  82  83  83  82  80  80  79  78  78  79  79  79  80
  78  77  76  75  74  73  72  72  73  74  75  76  76  75  75  76  79  80
  81  80  80  80  80  79  76  76  76  75  74  73  72  72  72  69  66  64
  64  65  66  66  63  62  63  64  64  64  64  61  60  61  56  56  55  58
  53  27]","[ 30  29 137 138 138 138 133 129 129 128 126 124 121 119 118 117 117 111
 110 114 111 111 112 109 106 107 108 109 108 106 104 104 109 108 106 106
 105 105 105 106 101 102 102 105 111 110 112 122 127 128 130 132 136 140
 145 148 150 150 151 154 154 151 149 149 149 149 149 148 147 146 147 147
 149 150 151 152 152 151 150 149 148 148 148 147 146 146 146 146 146 145
 143 141 140 140 139 139 137 136 134 131 129 128 126 124 126 124 120 116
 114 115 114 112 104 103 101  99  99 100  97  93  97  96  96  96  96  93
  90  88  89  89  88  88  88  87  86  84  83  82  81  81  81  81  81  82
  81  80  79  77  76  75  75  75  74  75  75  75  75  75  75  75  76  77
  79  79  79  78  77  76  74  74  75  75  75  75  74  73  72  73  74  74
  74  72  71  70  69  66  65  65  64  65  65  62  62  60  58  61  58  55
  54  30]","[ 30  30 156 155 149 149 148 146 145 143 140 139 139 138 134 131 125 117
 123 126 124 119 119 112 109 110 112 113 113 112 111 111 109 109 110 110
 108 107 110 112 107 111 108 106 108 105 101 104 105 104 103 102 103 105
 109 111 110 113 120 130 139 144 148 151 153 154 154 154 152 152 152 153
 151 151 151 152 151 150 150 151 152 152 152 152 152 152 152 152 151 151
 152 152 152 152 149 146 146 145 142 140 138 138 137 136 136 134 131 131
 130 128 125 124 122 121 118 114 114 115 111 106 105 103 102 103 103 102
 100  98  98  97  95  93  92  92  92  91  91  89  87  86  84  82  81  81
  83  82  81  79  78  77  78  79  78  77  76  75  75  74  74  74  75  76
  78  79  78  75  73  73  73  73  73  74  76  76  75  73  74  74  75  74
  74  73  74  74  72  71  73  74  74  74  72  69  69  64  62  64  63  58
  62  28]","[ 30  30 170 168 166 165 161 160 157 155 154 153 154 154 152 150 148 147
 145 143 140 138 136 137 133 130 130 131 128 122 119 119 117 117 118 117
 117 118 119 120 116 115 117 118 116 115 114 113 114 111 108 106 107 109
 109 108 109 109 107 104 102 104 108 111 114 119 120 124 135 143 145 146
 153 152 155 156 158 157 152 155 153 153 155 154 154 156 154 153 155 154
 156 153 153 157 153 153 154 152 152 152 149 150 150 146 145 146 146 143
 140 139 138 136 135 134 133 132 129 125 123 122 121 118 118 116 115 114
 108 105 103 105 105 102  99  98  97  97  97  97  96  93  92  94  94  92
  86  88  87  84  83  85  85  83  82  82  81  82  81  79  77  76  75  77
  79  79  77  75  74  73  73  73  74  76  76  76  74  74  74  74  75  75
  75  74  73  71  72  73  74  74  74  74  74  74  74  74  70  70  72  69
  68  30]","[ 29  29 171 169 169 168 166 165 166 165 163 163 163 162 161 159 160 160
 158 157 155 153 152 152 150 147 145 145 143 139 136 135 136 133 130 128
 129 131 130 127 127 123 122 123 124 126 126 124 123 120 117 116 117 119
 118 115 111 112 113 111 110 109 109 109 106 109 108 105 107 107 104 103
 108 109 115 120 127 132 133 139 146 148 153 155 158 162 160 161 156 155
 157 155 155 157 155 156 157 155 154 153 153 155 155 153 155 156 154 151
 150 150 148 146 146 145 143 142 140 138 135 133 131 130 131 129 128 128
 123 121 119 119 118 115 112 110 108 106 105 105 103 100  99 100  99  96
 101  97  94  92  93  93  90  87  86  86  85  85  84  82  82  82  82  81
  80  79  78  75  74  74  74  74  75  76  77  77  75  74  73  73  74  74
  74  74  73  71  73  73  74  74  74  74  74  75  75  74  70  71  74  72
  71  31]","[ 29  29 171 170 171 171 170 170 170 169 168 168 168 167 167 166 167 166
 165 165 164 163 162 163 162 160 157 157 158 158 155 153 154 151 146 144
 144 144 142 139 136 132 130 130 129 130 130 129 130 128 125 125 127 128
 126 123 121 121 120 117 115 115 115 116 114 117 116 112 110 107 103 103
 104 103 105 106 109 109 107 110 109 110 114 116 122 132 137 142 151 154
 161 163 164 163 160 161 160 160 159 158 159 159 158 157 158 158 157 156
 156 157 157 155 151 150 149 148 149 151 150 148 147 143 142 138 137 138
 136 138 132 132 130 128 127 127 124 121 116 116 114 112 111 111 109 106
 101  97  95  97 100 100  98  96  98  97  95  92  90  87  87  88  88  84
  82  83  82  79  78  80  81  81  81  80  80  79  77  75  75  75  74  74
  74  75  75  73  73  73  73  73  72  72  73  73  74  73  70  70  74  73
  72  30]","[ 30  29 171 170 171 172 171 171 171 171 171 171 171 170 171 171 170 169
 169 169 169 169 169 169 170 169 166 164 164 164 162 159 160 161 160 158
 156 154 153 153 152 151 151 149 145 143 143 144 139 137 135 134 134 135
 133 130 133 131 127 123 121 122 124 124 123 121 120 120 119 116 114 115
 113 112 112 112 114 113 107 107 102 102 104 101 101 104 103 103 103 106
 114 122 129 135 141 147 156 160 160 161 164 164 163 165 161 161 159 158
 158 159 158 157 155 157 158 158 159 159 156 152 155 153 153 152 151 152
 149 149 147 146 144 142 142 141 138 135 131 130 128 126 125 124 122 119
 117 116 113 111 108 104 101 100 104 102 101 100  98  97  96  96  96  93
  90  90  90  87  85  83  83  83  82  83  83  82  81  80  80  78  76  74
  75  76  77  77  76  75  74  74  73  73  73  73  73  73  70  70  71  71
  71  28]","[ 30  30 171 170 170 171 171 171 171 171 172 171 170 170 171 172 172 171
 171 172 172 172 172 172 171 172 171 169 168 169 168 165 164 166 168 166
 164 163 164 165 162 161 163 162 158 156 157 158 154 154 152 149 146 145
 144 143 142 141 138 136 134 133 132 131 132 124 122 126 127 124 123 125
 125 122 121 120 122 121 113 111 108 108 110 108 108 109 106 106 106 105
 104 105 104 102 104 105 112 117 121 125 132 135 139 145 153 156 160 164
 165 165 163 162 160 162 162 160 159 160 160 158 158 155 154 153 154 155
 154 155 153 153 152 151 150 150 149 147 147 145 142 140 138 136 133 130
 128 130 129 126 123 122 121 119 113 111 108 108 107 105 102 100 100  99
  97  96  96  97  95  92  90  89  89  88  89  88  87  86  85  84  81  79
  79  80  80  80  79  79  78  77  76  76  76  76  74  74  72  71  70  71
  72  28]","[ 30  30 172 171 171 171 171 171 171 171 171 170 169 169 170 171 172 171
 171 171 172 171 171 171 169 170 171 171 171 173 173 172 169 169 169 169
 169 171 172 171 171 168 168 168 167 167 168 167 165 166 164 162 159 158
 158 158 156 155 154 151 150 148 147 145 145 136 133 137 138 136 136 136
 134 131 129 127 129 129 123 121 119 118 118 115 115 117 116 115 110 111
 110 113 112 109 109 107 104 106 105 103 101 100 102 107 111 110 111 115
 122 131 140 145 151 156 162 164 165 165 165 163 162 158 158 157 157 156
 152 153 155 157 157 155 154 154 154 153 154 152 149 147 146 145 143 142
 142 143 142 139 137 137 134 130 130 126 123 121 120 116 112 109 108 108
 105 101 102 105 104 101 100  99  97  97  97  96  95  93  92  92  90  89
  88  87  86  85  83  82  81  81  80  80  79  79  77  77  75  73  72  73
  74  28]","[ 29  30 172 171 171 172 171 171 172 173 172 171 170 170 171 172 172 171
 171 172 172 172 171 171 171 172 171 171 170 170 170 170 171 170 169 170
 171 173 173 172 173 170 169 170 169 169 170 169 169 170 169 168 166 167
 168 168 167 167 165 163 162 161 161 160 161 156 155 156 154 154 153 149
 151 148 145 140 139 138 132 132 122 122 125 124 125 125 119 117 119 120
 115 114 113 113 116 115 116 113 112 110 106 105 107 108 106 105 105 105
 105 104 101 100 102 103 103 106 113 124 137 146 151 153 160 163 164 161
 155 155 158 160 161 159 158 157 156 155 157 155 152 151 151 150 150 150
 151 151 151 150 150 150 148 144 143 139 136 136 136 134 132 130 127 126
 122 117 115 115 113 111 109 107 106 105 106 106 105 103 101 101 100  98
  96  95  95  94  92  91  90  88  87  86  85  84  83  82  80  78  77  78
  78  29]","[ 29  30 173 172 171 171 170 171 171 171 171 170 169 169 170 171 171 170
 170 171 171 171 170 170 171 170 170 169 170 169 169 169 169 170 171 172
 172 172 172 171 170 170 172 173 170 170 171 171 171 172 171 170 169 169
 169 169 167 169 169 169 168 168 167 166 162 163 166 165 163 166 166 160
 162 162 161 156 155 154 150 151 147 144 143 139 137 137 132 130 130 133
 128 125 123 121 124 121 120 117 117 117 114 112 114 113 115 112 108 108
 108 109 109 108 109 107 105 104 101 100 102 104 103 104 111 116 121 126
 130 138 147 151 154 157 159 162 162 162 162 159 156 154 153 152 152 153
 154 154 155 156 156 154 153 153 153 150 147 146 146 145 144 144 139 138
 136 135 133 131 130 129 130 127 122 119 116 114 110 108 107 107 105 102
 100 100 100 101 102 101  99  98  96  94  92  91  91  89  87  85  84  85
  83  31]","[ 29  28 174 173 172 173 171 172 172 172 171 171 171 171 171 171 172 171
 171 171 171 172 171 171 171 171 171 172 172 171 169 168 170 170 171 171
 172 171 171 171 171 171 171 171 171 171 171 171 171 172 172 171 170 170
 171 171 170 168 167 168 171 172 172 170 170 170 170 171 172 171 169 167
 167 168 168 166 163 163 163 163 161 160 158 155 153 151 148 147 147 146
 145 143 140 139 136 131 130 125 123 124 124 124 122 118 121 119 114 111
 111 114 113 111 112 111 110 107 104 106 108 106 106 102  99 100 102 102
 103 106 107 111 113 113 115 121 128 131 142 150 158 161 159 158 159 160
 160 162 159 158 161 160 156 155 157 158 154 153 154 156 158 154 153 150
 150 150 146 144 144 144 144 142 139 137 134 132 129 127 123 123 122 119
 114 111 112 113 109 106 105 104 102 101 100  98  96  97  95  96  95  93
  92  29]","[ 29  28 174 174 173 174 172 172 171 172 172 172 171 171 171 171 171 171
 171 171 172 172 172 172 171 171 171 171 171 171 170 169 170 171 171 171
 171 171 171 170 171 171 171 171 171 171 171 171 170 171 171 171 170 171
 171 171 171 169 168 169 171 172 172 171 171 170 171 171 172 172 170 169
 170 170 170 169 168 168 168 168 167 167 166 165 164 164 163 162 160 161
 161 159 156 156 154 150 151 147 144 142 140 138 135 131 131 129 126 123
 122 123 122 120 120 118 117 115 113 112 113 112 112 112 110 111 111 109
 107 108 102 105 108 108 104 102 102 103 100 102 106 112 118 124 130 135
 141 149 154 156 160 162 162 165 160 162 161 161 160 159 159 155 157 156
 157 157 156 156 155 152 153 152 150 149 147 146 145 144 144 142 138 135
 132 129 128 128 127 122 117 113 110 109 109 108 103 102  99 103 103 102
 102  31]","[ 29  28 175 174 173 175 172 173 172 173 174 173 172 171 172 173 171 171
 172 172 172 172 173 173 172 171 171 170 171 171 171 171 171 172 172 172
 172 172 171 171 171 171 171 171 171 171 171 171 169 170 171 171 171 171
 171 171 171 170 169 170 171 172 171 171 171 171 171 172 173 173 172 171
 171 171 171 171 171 172 172 171 170 170 169 168 168 168 168 167 166 167
 168 167 163 163 164 162 161 158 157 156 155 155 155 152 146 146 144 142
 140 139 138 136 135 132 130 129 124 119 118 118 117 119 117 115 115 115
 114 115 111 109 110 112 111 108 107 109 109 105 103 104 103 101 100 102
 102 109 114 119 125 131 136 142 151 154 154 158 159 160 164 164 162 163
 164 162 158 158 158 154 153 154 155 155 154 152 152 152 153 150 146 145
 145 146 145 144 141 138 136 133 130 129 127 123 119 117 115 114 108 105
 106  26]","[ 29  28 175 175 173 175 173 174 174 174 175 175 174 173 173 174 172 172
 172 172 172 172 172 173 173 172 171 171 171 171 172 172 172 173 173 173
 173 173 172 172 171 171 171 171 171 171 171 171 169 170 171 171 171 172
 171 171 171 171 171 171 171 171 171 171 172 171 171 171 172 172 172 172
 171 172 171 171 171 171 171 171 171 171 171 170 170 170 169 168 168 168
 170 169 166 166 167 165 167 166 166 166 165 165 166 165 160 160 159 157
 156 156 154 152 148 146 145 143 137 132 130 129 126 129 126 123 123 124
 124 124 121 113 109 112 115 113 112 114 112 111 111 111 109 105 103 103
 103 101  98  96  97  98  99 100  97 100 104 112 120 127 136 140 145 152
 161 164 162 162 162 161 159 161 162 160 158 156 155 156 156 155 153 151
 151 150 148 146 147 147 147 145 142 140 136 132 136 133 134 135 127 124
 125  31]","[ 29  29 176 175 173 175 174 175 175 175 175 175 175 175 174 173 172 172
 172 172 172 172 173 173 173 173 172 172 171 171 172 172 173 173 173 174
 174 174 173 173 173 173 173 173 172 172 172 172 171 172 173 172 172 173
 172 171 171 171 172 171 171 171 171 171 172 171 171 171 171 171 171 171
 171 172 172 171 170 170 171 171 171 171 171 170 171 172 171 171 170 169
 170 170 168 169 169 168 168 168 169 170 168 168 169 168 167 166 165 165
 165 165 164 162 163 164 164 162 158 157 156 153 145 147 146 142 142 142
 139 137 136 128 123 126 126 122 119 119 122 121 118 116 115 116 116 116
 115 111 109 108 108 109 108 106 109 108 104 105 104 101 101  99  98  99
 103 108 113 121 131 138 141 145 152 157 159 161 162 163 165 165 162 157
 154 154 155 156 152 151 152 151 148 148 149 147 148 143 143 147 144 142
 139  28]","[ 29  30 177 176 173 174 174 177 177 176 176 176 177 177 176 174 174 174
 174 174 174 175 175 175 174 174 174 173 172 172 172 173 173 173 173 174
 174 174 173 173 174 174 174 174 173 173 173 173 173 173 173 172 172 172
 172 171 171 172 172 172 171 171 171 171 172 171 171 171 170 170 170 170
 171 172 173 172 170 170 171 172 170 170 170 169 170 170 170 169 169 168
 169 170 169 170 170 168 166 166 168 169 168 169 170 169 168 167 166 167
 169 169 168 167 166 167 169 167 165 165 165 162 160 162 159 155 156 156
 154 153 148 145 143 142 140 135 134 135 133 129 124 120 121 124 123 121
 122 119 117 117 114 114 116 116 115 113 109 110 111 110 110 108 105 101
 101 103 103 101 101  99 104 103 102 102 107 116 126 132 133 141 151 156
 158 159 158 157 159 157 157 156 153 151 151 151 151 147 145 148 146 148
 148  30]","[ 29  30 177 175 172 173 174 178 178 178 178 178 179 178 177 176 175 176
 176 177 177 177 176 176 175 175 175 174 173 173 174 175 175 175 174 174
 174 174 174 173 174 174 174 174 174 174 174 174 173 173 173 172 172 173
 172 171 171 172 172 172 172 172 172 172 171 171 171 171 171 171 171 171
 171 172 172 171 171 171 171 171 172 172 171 171 171 171 170 169 170 169
 170 172 171 171 172 170 172 170 171 171 169 169 169 168 167 167 168 169
 170 169 169 168 168 168 169 169 167 167 167 166 166 166 164 161 161 162
 163 164 162 161 159 156 154 152 151 151 151 147 142 140 139 137 134 131
 131 127 126 124 120 119 122 122 123 122 118 117 117 118 119 115 115 111
 110 110 110 109 107 104 102 102 102 102 100  98  96  95  98 102 105 107
 112 120 128 132 144 143 149 156 159 159 161 162 157 156 152 151 147 147
 149  27]","[ 29  29 177 175 171 172 174 178 178 178 179 179 178 178 177 176 176 176
 177 178 178 177 175 174 175 175 175 174 174 174 175 176 176 176 176 175
 175 174 174 174 174 175 175 175 176 176 176 177 175 175 174 173 174 174
 174 173 172 172 172 173 173 172 172 172 171 171 171 171 171 171 171 171
 173 173 172 171 171 172 171 170 171 171 171 171 171 172 172 171 170 169
 171 172 171 171 171 171 171 169 169 169 169 169 169 167 167 167 168 170
 169 168 168 168 169 166 167 169 168 167 168 168 166 168 168 167 166 165
 164 166 165 165 164 163 165 166 163 158 162 160 159 159 157 152 151 153
 150 145 144 144 139 135 132 128 126 128 126 126 126 124 123 117 113 115
 118 117 115 115 115 112 110 110 110 110 109 108 105 103 101 101  99  95
  94  96  97  96  97  95 100 110 114 115 116 117 127 132 136 145 151 155
 156  30]","[ 29  30 177 175 172 173 173 175 177 178 179 178 177 176 177 177 176 177
 178 178 177 176 176 176 177 177 175 173 172 174 176 176 175 176 176 176
 175 175 175 175 174 175 175 175 175 175 174 175 176 175 175 174 174 174
 174 174 174 173 174 175 173 173 174 172 172 173 173 173 173 172 172 172
 172 172 172 171 171 170 171 172 173 172 172 172 172 172 171 171 171 171
 171 172 172 171 170 171 171 170 170 169 169 169 169 169 168 168 168 169
 168 168 168 169 167 167 168 168 168 169 168 168 168 168 167 167 167 167
 166 166 167 166 165 165 164 164 164 164 164 163 161 161 163 163 162 161
 162 160 158 154 153 154 157 159 167 175 173 172 161 154 141 132 130 124
 127 126 122 123 119 118 116 116 116 116 116 115 112 110 109 110 109 106
 104 105 105 105 106 102  99  97  97  98  99 101  97  97  98  98 101 115
 121  28]","[ 29  30 177 175 173 175 174 176 176 176 177 177 176 175 175 176 176 176
 177 177 177 177 176 176 177 177 175 173 173 174 176 176 176 176 177 177
 177 176 176 176 175 176 177 177 177 177 177 177 177 176 175 174 175 176
 176 176 175 174 175 176 174 174 174 172 173 174 174 174 174 173 173 173
 173 172 172 172 172 172 173 173 173 173 172 172 172 171 171 170 171 171
 171 171 172 171 171 171 171 171 171 170 170 170 170 170 169 169 169 169
 169 168 168 168 168 168 169 169 169 169 168 167 167 167 167 167 167 167
 167 167 167 167 167 166 165 165 165 166 166 164 163 163 164 165 164 163
 161 163 163 160 162 175 196 213 232 241 245 243 226 211 191 173 154 145
 142 138 134 136 134 132 126 125 123 122 121 120 116 113 110 113 114 114
 113 113 112 111 112 110 109 108 109 110 109 109 105 104 100  96  94  91
  97  28]","[ 29  29 176 175 174 176 174 175 175 175 175 175 175 175 175 175 175 176
 176 176 177 176 176 175 176 176 175 173 173 174 175 175 176 176 176 176
 177 177 176 175 175 176 177 178 178 178 178 178 178 176 175 174 176 177
 178 177 176 175 176 177 175 175 175 173 174 175 175 176 175 175 175 175
 174 173 172 172 174 175 175 174 174 173 172 172 171 171 171 171 172 171
 171 172 172 171 172 172 171 171 171 171 171 171 171 171 169 169 168 169
 169 168 167 167 168 169 170 171 170 169 168 167 167 167 168 168 167 167
 167 167 167 167 167 166 165 165 166 167 166 165 164 164 164 164 164 163
 163 165 164 163 168 183 204 219 227 227 223 212 200 203 201 193 174 165
 159 153 150 153 151 150 147 144 141 140 140 138 134 131 130 130 128 124
 121 119 117 114 116 117 117 117 117 118 115 112 113 109 113 114 108 103
 106  31]","[ 29  29 175 175 175 177 175 174 174 174 175 175 175 175 175 175 176 176
 176 176 176 176 176 175 176 176 176 175 175 176 176 176 175 175 175 176
 176 176 175 174 175 176 177 178 177 176 176 176 178 176 175 174 176 177
 177 177 176 176 177 178 176 176 176 174 175 176 176 176 176 175 175 175
 174 174 173 174 174 175 175 175 175 174 173 172 172 172 172 172 172 172
 172 172 172 172 173 173 172 172 172 171 171 171 171 171 170 169 169 169
 170 169 168 168 169 170 171 171 171 170 169 168 169 169 169 168 167 167
 167 167 167 167 166 165 165 165 166 166 165 165 165 164 164 164 164 163
 164 164 164 166 172 180 187 190 187 180 171 163 157 157 159 164 168 164
 161 158 158 160 159 156 155 153 151 151 152 151 148 145 143 143 141 138
 137 137 138 137 128 129 128 125 124 123 120 115 120 112 116 115 112 110
 113  27]","[ 30  29 175 176 176 178 176 175 174 174 175 175 176 176 176 175 177 177
 176 176 176 176 176 175 177 177 177 178 178 177 177 176 176 175 175 176
 177 177 175 174 175 176 177 177 177 176 175 175 177 176 175 175 176 177
 177 176 176 176 177 178 177 177 177 175 176 176 176 176 176 175 175 175
 175 175 175 175 175 175 175 176 175 174 173 173 173 174 174 174 173 173
 173 173 173 173 174 174 173 173 173 173 172 172 171 171 172 171 171 172
 172 171 171 170 170 171 171 172 171 171 170 169 171 171 170 169 167 167
 168 168 168 167 166 166 167 167 167 166 166 166 166 165 165 164 164 164
 165 165 166 167 169 171 170 167 157 140 126 123 123 113 115 137 148 154
 158 159 161 162 161 159 161 161 161 161 161 161 159 158 160 160 159 156
 154 153 151 149 148 148 146 141 138 136 133 129 135 132 129 123 126 120
 120  31]","[ 30  29 175 175 175 177 175 175 174 174 175 175 176 176 176 176 176 176
 176 175 176 176 176 176 176 176 176 177 177 177 176 176 177 176 176 176
 176 176 175 174 174 175 176 176 176 176 175 175 176 175 175 175 177 178
 178 178 176 176 177 178 177 177 177 175 175 176 176 176 176 175 175 175
 176 176 177 176 175 174 175 176 175 175 174 174 174 175 175 175 174 174
 174 175 175 175 175 175 175 175 175 174 174 173 173 172 174 173 173 173
 173 172 172 172 172 172 172 172 171 171 171 170 172 171 171 170 169 169
 170 170 169 168 167 167 168 168 167 166 167 167 167 166 166 165 165 165
 166 166 166 165 166 165 159 152 136 121 109  99  99  88  84 101 130 145
 155 160 162 162 163 162 160 161 162 162 162 161 161 160 162 162 161 160
 160 161 162 161 159 159 157 154 152 152 151 150 146 149 148 144 144 142
 142  29]","[ 29  29 175 174 173 175 174 175 174 175 176 176 176 176 176 177 175 175
 175 175 175 176 177 177 176 175 175 176 176 175 176 177 178 177 176 176
 176 175 175 174 173 174 175 175 175 175 175 176 176 175 175 175 176 177
 178 178 177 176 178 178 177 177 177 175 175 175 176 176 176 176 176 176
 177 177 177 176 175 175 175 175 175 175 174 174 175 175 175 175 175 175
 176 176 177 176 176 176 176 176 175 175 175 174 174 174 175 174 174 173
 173 172 173 174 173 173 173 172 172 172 172 171 172 172 171 171 171 171
 171 171 169 169 170 169 169 168 167 167 168 167 167 167 167 166 166 165
 165 165 165 166 167 165 156 146 127 111 101  84  81  81  83  89 114 135
 149 157 161 160 162 161 161 161 162 162 162 162 162 162 163 162 160 158
 159 162 163 163 161 161 160 160 159 159 160 162 162 160 159 155 152 156
 161  26]","[ 29  29 176 174 173 175 174 175 175 176 177 177 177 176 177 178 176 176
 177 177 177 178 179 180 178 176 175 176 176 176 177 178 178 177 176 176
 176 175 175 174 174 174 175 175 175 175 176 176 177 176 175 174 175 176
 177 178 177 177 178 179 177 176 176 174 174 175 176 176 177 177 177 177
 178 177 176 176 176 176 175 174 175 175 174 175 175 175 175 174 176 176
 176 177 178 177 176 176 175 175 175 175 175 175 174 174 175 175 174 174
 174 174 175 177 172 172 172 173 173 173 173 173 172 172 172 172 173 173
 172 171 170 172 173 172 170 169 168 169 169 168 168 168 168 167 167 166
 166 167 166 165 164 161 151 141 126 101  95  84  76  74  79  84 106 131
 147 158 163 162 163 162 162 162 162 163 163 164 164 165 162 163 163 163
 163 164 163 162 163 163 163 163 161 160 161 163 162 161 156 159 162 156
 159  29]","[ 30  30 175 176 175 174 174 175 173 175 176 176 175 175 176 176 175 175
 176 176 176 177 179 180 177 177 176 175 174 175 177 177 178 178 177 176
 176 178 177 175 174 175 175 175 174 174 174 175 175 175 176 176 175 174
 175 176 175 176 178 178 177 176 175 175 175 175 175 176 177 177 176 176
 176 176 176 175 175 175 175 176 176 174 174 174 174 174 174 174 176 176
 176 176 176 175 175 176 175 175 175 174 174 174 175 176 174 175 175 175
 174 174 175 175 173 172 173 174 174 172 172 173 174 176 176 172 173 172
 166 167 167 169 171 171 171 171 170 170 170 169 168 168 168 168 167 167
 166 168 167 167 166 165 156 139 119 100  88  80  73  72  75  79 103 124
 146 159 162 162 164 163 163 163 163 164 165 165 165 164 164 165 162 165
 166 163 164 162 162 163 161 162 163 160 161 162 162 162 161 163 163 162
 162  29]","[ 28  29 174 175 173 173 173 173 173 174 175 175 175 175 176 175 176 176
 176 176 177 177 178 179 178 178 178 176 175 176 176 176 176 176 176 176
 177 178 177 176 175 175 175 175 174 174 175 175 174 175 176 176 175 175
 176 177 176 176 177 177 176 175 175 174 175 175 175 176 176 177 176 175
 176 176 176 175 175 175 175 176 175 174 174 174 174 174 174 174 175 174
 174 174 175 175 175 176 175 175 175 175 174 174 175 175 174 174 175 176
 175 175 175 175 174 174 174 175 175 174 174 175 175 174 175 174 176 179
 182 189 186 182 176 173 172 172 170 169 171 171 170 169 169 169 169 169
 169 169 168 169 168 166 157 138 118 100  88  80  73  72  73  75  99 120
 142 156 162 164 167 165 164 164 164 165 165 165 165 165 162 165 166 163
 158 162 161 164 166 167 163 159 160 162 164 163 163 163 161 162 162 161
 162  28]","[ 29  30 176 177 175 174 174 174 174 174 175 175 176 176 176 175 177 177
 176 176 177 177 177 177 177 178 177 176 175 175 175 175 176 175 174 176
 177 177 176 176 176 176 175 175 174 174 175 175 175 175 175 175 175 176
 176 176 176 176 175 175 175 175 175 174 175 175 175 176 176 176 176 175
 176 176 176 175 174 174 174 175 175 175 175 176 176 175 175 176 174 173
 172 173 174 175 175 176 174 174 175 175 175 175 174 174 173 174 175 176
 176 175 174 174 174 174 174 175 174 174 174 175 173 174 183 191 204 221
 231 236 236 226 212 199 189 179 172 171 172 171 171 170 169 170 170 171
 171 171 170 171 170 168 157 138 118 100  87  79  73  73  72  73  96 118
 139 154 161 164 167 166 165 166 166 166 166 166 166 166 167 166 165 159
 163 188 204 215 220 215 203 188 176 167 163 162 164 164 162 162 162 161
 162  29]","[ 28  29 175 176 174 173 173 173 174 175 176 175 176 176 177 176 176 176
 175 176 176 176 176 175 176 177 177 175 175 175 175 175 176 175 174 176
 177 175 175 176 176 176 176 176 175 175 175 175 175 174 174 174 175 175
 174 174 176 175 174 174 175 175 175 175 175 175 175 176 176 176 175 175
 176 176 176 175 174 173 174 174 175 175 176 176 176 175 175 175 174 173
 172 173 175 175 175 175 174 174 174 175 175 175 174 173 172 173 174 175
 175 175 174 173 173 173 174 174 173 173 173 174 174 179 192 202 216 229
 224 210 184 181 179 182 187 183 177 175 172 172 172 171 170 170 171 172
 173 173 171 172 170 167 157 138 117  98  86  78  73  73  73  72  93 118
 140 154 163 165 167 166 167 167 168 167 167 166 167 167 167 165 167 170
 189 216 233 234 225 214 208 204 196 183 171 166 164 164 162 162 162 162
 163  29]","[ 28  29 175 176 175 174 174 174 174 175 177 176 175 175 176 177 176 175
 175 175 176 176 176 175 177 177 177 175 175 175 175 176 176 175 175 176
 176 175 174 175 176 176 176 176 176 176 175 175 175 174 174 174 174 174
 174 173 174 174 174 174 175 176 175 175 175 175 175 176 176 176 175 175
 176 176 176 175 174 174 174 174 174 175 175 175 175 173 173 174 174 173
 173 174 175 175 174 174 173 173 173 174 175 174 174 173 173 173 174 174
 174 174 173 173 173 173 174 173 173 173 174 174 174 179 190 195 195 187
 160 132 118 115 114 130 155 167 169 172 171 172 173 173 172 172 172 172
 173 173 172 172 169 164 155 138 117  97  83  76  72  73  73  73  87 116
 141 156 166 168 169 169 169 169 170 169 169 168 168 169 168 168 172 183
 204 212 219 201 182 163 155 161 171 176 170 166 162 163 162 162 162 162
 162  28]","[ 30  31 176 178 176 176 176 176 175 177 178 177 175 175 176 177 176 176
 176 176 176 176 176 176 177 177 176 175 174 174 174 174 175 175 175 176
 176 175 175 176 175 175 176 177 177 177 176 175 175 174 174 174 175 175
 174 174 173 174 174 175 175 175 175 175 175 175 175 175 176 176 175 175
 176 176 176 176 175 174 174 174 175 174 175 175 174 173 173 174 174 174
 174 175 175 174 173 173 173 173 173 173 174 174 174 174 174 174 173 174
 174 174 173 173 173 173 173 173 173 174 174 174 174 173 176 172 159 137
 109  90  87  83  80  94 123 146 159 171 170 171 172 173 173 172 172 171
 173 173 172 171 167 162 153 137 117  95  81  76  73  73  73  74  84 116
 141 157 168 169 170 171 171 171 171 171 171 171 171 171 172 172 173 185
 198 195 195 170 153 128 111 106 120 145 158 162 162 164 163 164 164 164
 164  28]","[ 28  29 174 176 174 174 175 176 177 178 179 178 176 175 176 177 177 177
 176 176 176 176 176 177 176 176 176 175 174 174 174 174 174 175 175 175
 176 176 176 175 175 175 176 176 177 177 176 176 175 175 175 175 175 175
 174 174 173 174 174 174 174 174 174 174 174 174 175 175 176 175 175 174
 175 176 176 176 175 174 174 174 175 174 174 175 175 174 174 175 175 174
 174 175 175 174 173 173 173 173 173 173 173 173 174 175 175 175 174 174
 174 174 173 173 173 173 172 172 173 174 174 173 175 169 161 145 122  97
  77  73  70  74  75  86 111 132 150 165 170 170 171 172 172 172 172 171
 173 173 172 172 168 163 153 136 113  91  78  75  73  72  72  74  84 115
 140 156 167 170 170 170 171 171 171 172 172 172 172 171 171 173 175 188
 189 184 171 144 123 103  91  81  90 121 145 158 164 166 166 166 166 166
 165  30]","[ 29  30 175 176 175 175 176 177 177 178 178 177 175 175 175 175 177 177
 176 175 175 175 176 176 175 176 177 176 175 175 175 174 174 175 176 175
 175 176 176 175 175 175 175 176 177 177 177 176 176 176 175 175 175 174
 173 173 173 174 174 174 173 173 173 173 174 174 174 175 175 175 175 174
 174 175 175 175 174 173 173 173 175 174 173 174 174 174 175 175 175 175
 175 175 175 174 174 175 174 174 173 173 172 173 175 176 176 176 175 175
 175 174 174 173 173 173 172 172 173 175 175 173 169 165 153 130 106  84
  69  69  68  71  69  76 100 123 144 162 171 171 171 172 173 173 173 172
 174 173 171 172 169 164 153 135 108  86  75  74  72  70  70  73  82 114
 137 153 167 170 171 172 171 171 171 171 172 172 171 171 170 174 178 191
 184 182 157 129 114  93  82  71  75 102 128 148 165 167 167 167 167 167
 166  30]","[ 29  31 177 177 175 175 177 179 179 179 179 177 176 175 175 176 175 176
 176 176 176 176 177 177 176 176 176 176 176 176 176 175 174 174 174 174
 175 175 176 177 176 176 176 176 177 178 177 176 176 177 178 177 174 173
 173 174 173 173 173 173 173 173 173 173 172 173 175 175 175 174 174 174
 175 173 173 174 175 175 174 174 174 174 174 175 175 175 174 174 176 175
 174 175 175 175 174 175 174 174 175 174 173 173 174 176 175 174 173 174
 176 176 175 174 173 173 172 172 173 174 174 172 171 161 145 124  94  73
  70  68  69  68  71  71  83 115 135 160 171 170 172 174 174 174 174 172
 172 172 172 171 170 165 150 132 109  85  80  75  71  69  69  70  79 111
 139 156 166 169 171 171 172 171 171 171 171 171 171 170 173 174 180 182
 179 166 146 114  99  85  71  65  68  89 124 147 162 167 168 171 170 169
 169  29]","[ 28  30 177 178 175 175 175 176 177 177 177 176 175 175 175 176 174 175
 176 176 176 176 177 177 176 176 176 176 176 176 176 176 175 175 174 174
 174 175 175 176 175 175 175 175 175 175 175 175 176 176 176 175 173 172
 172 172 173 173 173 173 173 173 173 173 173 175 176 176 175 174 174 174
 175 174 173 174 175 175 175 174 175 175 175 175 175 175 175 175 176 175
 174 175 175 175 175 175 173 174 174 173 172 172 173 174 174 173 173 175
 176 176 175 174 174 173 172 172 173 174 174 173 170 161 147 125  98  76
  73  70  69  72  75  74  79 107 132 156 171 171 173 174 173 173 173 172
 173 173 173 172 172 168 152 134 110  84  76  73  72  70  69  67  76 110
 138 154 166 171 171 170 171 171 171 171 171 170 170 171 172 175 182 182
 173 153 131 103  83  77  69  65  65  74 119 148 159 166 168 170 169 169
 169  30]","[ 29  30 176 177 176 175 175 175 176 176 176 175 175 175 176 176 174 175
 176 176 176 176 176 176 175 176 176 176 176 176 176 176 177 175 174 173
 174 175 175 175 174 175 176 175 174 174 175 176 176 175 174 174 174 174
 173 173 173 172 172 172 172 173 173 173 174 175 177 177 176 175 175 175
 177 175 174 175 175 175 175 175 176 176 176 175 174 174 175 176 176 175
 175 175 176 175 175 175 175 175 175 175 174 173 173 174 175 174 175 176
 177 176 175 175 174 173 172 171 173 174 175 174 171 163 148 124 100  77
  74  73  71  74  74  73  76 100 128 148 169 171 173 173 173 173 173 172
 174 173 173 173 173 168 152 133 108  82  75  72  71  70  69  67  73 110
 136 151 166 172 171 170 170 171 171 171 170 170 170 171 171 173 179 179
 170 144 118  92  80  74  68  67  65  66 112 139 159 168 170 171 169 169
 170  29]","[ 30  30 174 176 175 176 176 176 175 175 175 175 175 176 176 176 175 176
 177 177 176 175 175 175 175 175 175 175 175 175 176 177 178 175 173 173
 174 175 175 175 175 176 176 175 175 175 175 176 175 175 175 175 175 175
 174 174 172 172 172 172 172 173 173 173 175 176 177 177 176 176 176 177
 178 177 175 175 175 175 175 175 177 177 177 176 174 174 176 177 176 175
 175 176 176 176 176 176 176 177 177 177 176 175 174 174 175 175 176 177
 177 176 175 175 174 173 172 171 173 174 175 175 173 166 151 129 107  78
  73  74  73  74  73  75  77  94 126 146 165 170 174 173 173 173 173 173
 174 174 174 173 172 167 151 133 103  81  77  73  69  67  68  70  75 111
 135 151 168 172 170 172 170 171 171 171 171 170 170 169 174 177 180 179
 169 142 114  90  77  70  64  66  65  73 113 139 160 168 170 170 169 170
 171  29]","[ 29  29 173 175 175 176 176 176 174 174 174 175 175 175 175 175 176 176
 177 176 176 175 174 174 175 175 175 176 176 175 176 178 178 176 173 173
 174 175 176 175 176 175 174 174 174 175 175 175 175 176 176 176 176 175
 174 173 173 173 173 173 173 173 173 173 176 176 176 176 175 175 177 178
 177 176 175 176 176 176 176 176 177 177 177 176 175 175 176 178 177 176
 175 176 176 176 176 176 176 177 178 177 176 175 175 175 175 175 176 176
 176 174 174 174 175 174 173 172 173 175 175 175 174 169 156 138 115  80
  68  72  71  72  72  76  74  81 116 144 160 170 174 173 173 172 172 173
 173 174 174 173 171 166 151 134 101  80  78  74  68  65  68  71  78 111
 135 153 171 173 171 174 172 171 171 171 171 171 170 168 169 176 179 170
 154 125 101  81  71  66  64  64  59  78 112 144 160 167 168 169 169 172
 172  29]","[ 28  29 174 176 176 177 175 174 174 175 175 175 175 175 175 175 177 177
 177 177 176 176 176 176 176 176 176 177 177 176 176 178 178 176 175 174
 175 176 175 174 176 175 173 173 174 175 175 175 177 178 179 178 176 174
 174 174 174 174 173 173 173 173 174 174 177 176 176 175 175 175 176 176
 175 175 175 176 176 176 177 177 177 177 177 176 176 176 177 179 177 176
 175 175 176 176 176 177 176 177 178 178 176 175 175 176 176 176 176 176
 176 175 175 175 175 175 173 173 173 175 176 176 176 172 156 141 117  82
  65  71  72  71  70  73  75  75 105 135 155 169 175 173 173 172 171 172
 171 172 173 172 170 165 151 135 105  82  79  74  71  69  71  72  78 109
 135 156 172 173 170 173 173 171 170 171 172 172 170 169 173 177 178 165
 143 115  96  78  72  68  66  63  56  80 110 143 166 170 169 170 171 172
 171  28]","[ 29  30 175 177 176 176 175 174 174 175 176 176 176 176 176 176 177 178
 177 177 176 176 176 177 176 176 177 178 178 176 176 178 177 176 175 176
 177 177 176 174 176 175 174 174 175 176 177 177 179 179 179 178 176 175
 174 175 175 175 174 174 174 174 174 174 176 176 175 175 175 175 175 175
 174 174 175 176 176 176 176 177 177 176 176 176 177 177 178 179 178 176
 175 175 175 175 176 177 176 178 179 178 176 175 176 178 177 176 176 176
 177 177 177 177 176 175 175 174 174 176 176 176 176 176 156 144 120  89
  67  71  74  72  71  73  78  76  99 129 150 166 175 173 174 173 171 173
 171 172 172 171 170 166 152 136 107  84  79  76  73  72  74  75  79 109
 136 155 169 172 171 171 172 172 171 171 172 173 172 171 175 174 173 159
 131 102  88  74  70  66  64  63  60  83 116 146 171 173 171 172 172 172
 170  28]","[ 29  29 174 175 175 175 175 175 173 174 175 176 175 175 176 176 177 177
 176 176 175 174 175 175 175 175 176 178 177 175 175 177 175 175 176 177
 178 178 177 175 175 176 175 175 174 175 177 179 178 178 177 176 175 174
 175 175 175 175 175 175 174 174 174 174 175 175 175 175 176 176 175 174
 175 175 175 176 176 175 175 175 176 176 176 176 177 178 179 179 178 176
 174 174 174 174 175 176 176 178 179 178 176 175 177 179 176 175 175 176
 177 177 178 179 176 176 175 175 175 176 177 176 174 179 161 152 129 100
  70  69  68  69  71  70  75  72  92 124 145 164 174 173 174 174 172 174
 174 173 173 172 171 167 153 136 104  83  80  76  72  71  75  78  83 112
 137 154 166 171 173 171 172 171 171 171 172 173 173 173 175 174 175 158
 122  89  81  74  67  65  64  65  64  80 119 147 170 172 170 172 172 172
 172  31]","[ 30  28 174 174 174 176 175 175 174 175 175 174 173 174 175 176 175 175
 175 175 175 175 176 176 175 176 177 178 178 177 176 175 175 176 176 177
 177 177 177 178 175 175 175 175 175 176 177 178 179 177 176 176 176 176
 175 175 175 175 175 176 177 176 175 175 176 176 176 175 174 174 173 172
 173 173 174 176 176 176 176 176 176 176 176 176 177 178 178 178 176 175
 175 175 175 174 175 176 176 177 178 177 176 176 177 178 174 176 177 177
 177 178 179 178 177 176 175 174 174 175 177 178 177 176 170 151 133 107
  76  72  69  71  69  68  73  71  86 120 146 160 173 170 175 174 174 174
 175 176 174 173 173 167 152 131 102  83  81  80  74  75  76  82  85 114
 139 155 165 169 171 170 172 172 172 172 172 172 173 174 172 174 173 152
 113  81  80  71  65  65  65  67  61  88 122 147 169 172 171 173 172 173
 172  29]","[ 29  28 175 175 174 175 174 174 174 175 176 175 175 175 176 176 176 176
 177 177 177 177 176 176 176 177 177 178 178 178 178 177 176 176 176 176
 176 176 176 176 175 175 175 175 176 177 178 178 177 176 175 176 176 176
 175 175 175 175 176 177 178 177 176 176 176 176 176 175 174 174 173 173
 174 174 174 175 175 175 175 176 176 175 176 177 178 179 179 179 178 176
 175 174 174 173 174 175 177 178 179 178 177 176 177 179 176 177 177 176
 177 179 179 178 176 175 174 174 174 175 176 176 177 175 170 155 136 108
  77  73  70  70  68  68  72  72  82 114 138 158 174 173 174 175 175 174
 176 177 175 174 173 166 150 128 102  83  80  79  74  76  76  80  82 111
 136 154 165 170 172 171 171 171 171 172 172 173 174 176 177 175 170 146
 105  78  75  69  66  65  66  68  62  93 128 155 169 172 172 173 172 173
 172  29]","[ 29  29 176 176 174 175 173 175 174 175 176 176 176 176 176 175 177 177
 177 178 178 178 177 177 178 178 177 178 179 179 179 179 178 177 177 176
 176 176 176 175 176 175 175 175 176 177 177 178 175 175 175 175 176 175
 175 175 176 176 176 178 178 177 176 176 176 176 175 175 174 174 174 174
 174 173 173 173 174 174 176 177 176 176 177 177 178 179 179 179 179 177
 175 174 173 173 174 175 178 179 179 178 177 177 177 179 178 177 176 176
 177 179 178 177 175 175 174 174 174 175 175 176 177 174 171 160 141 111
  81  75  73  70  67  69  69  71  72 101 129 155 173 174 173 175 175 175
 176 177 176 176 175 168 151 129 104  85  81  79  75  76  76  78  84 111
 137 156 168 170 171 171 171 171 171 172 173 173 175 177 177 171 161 133
  92  72  67  65  64  64  65  70  63  99 135 161 169 172 172 174 173 173
 172  29]","[ 29  29 176 176 175 176 175 176 175 176 176 177 177 177 176 175 178 177
 176 176 176 177 179 179 179 178 178 178 179 180 179 178 178 177 176 176
 176 176 175 175 176 176 176 176 177 177 176 176 175 175 175 176 176 175
 175 176 176 176 176 177 177 177 176 176 176 176 175 175 175 175 175 176
 174 173 173 173 174 175 177 178 177 178 178 179 179 178 178 178 179 177
 175 174 174 174 175 176 178 179 179 178 177 177 178 179 178 177 176 176
 177 177 177 176 175 175 175 175 176 176 176 176 177 174 172 164 146 118
  88  75  74  71  68  70  69  71  68  92 125 152 168 174 172 175 175 177
 177 178 177 177 177 170 153 131 104  88  82  80  76  76  75  76  88 113
 138 158 170 171 171 172 172 172 172 173 173 173 175 177 178 168 156 123
  81  67  60  62  60  61  64  70  66 105 138 163 168 171 172 174 173 174
 172  30]","[ 30  29 175 175 175 178 176 176 176 177 177 177 178 178 178 177 177 176
 176 176 176 178 179 180 179 178 178 178 179 179 178 176 176 176 175 175
 175 175 175 174 176 176 177 177 178 177 176 175 177 176 176 177 176 176
 177 177 177 177 176 176 176 175 175 176 177 176 176 175 175 176 176 177
 175 174 174 174 175 175 177 178 178 178 179 179 179 178 178 177 178 177
 176 176 176 176 176 176 178 179 179 178 178 178 179 180 178 178 178 178
 177 177 176 176 175 175 176 176 176 176 176 176 177 175 173 165 148 124
  95  73  71  71  69  72  70  74  71  91 121 146 161 173 175 176 177 178
 179 179 177 177 176 169 151 128 101  89  82  79  76  74  74  75  88 113
 137 158 170 171 172 173 172 172 173 173 173 173 175 177 182 172 158 123
  82  69  58  61  60  61  63  67  69 110 140 164 168 171 172 174 173 174
 172  29]","[ 30  29 174 175 175 178 176 176 176 177 177 177 177 178 178 178 175 176
 176 177 178 179 179 179 178 178 178 178 178 178 176 175 176 175 175 175
 176 176 176 175 174 175 176 177 177 176 175 175 177 177 176 176 176 176
 177 177 178 177 176 176 175 174 175 176 177 177 177 176 176 177 177 177
 176 175 175 175 175 175 175 176 178 178 179 178 178 178 177 177 178 177
 176 177 178 177 177 176 177 177 177 177 177 177 178 179 178 178 179 179
 178 176 176 176 174 175 175 175 176 176 176 176 176 176 175 166 149 130
 102  74  69  72  70  72  70  73  73  86 115 139 157 172 178 178 179 178
 178 179 177 177 176 168 150 126  97  88  81  79  75  73  74  76  88 113
 138 158 170 171 172 172 171 172 172 173 173 173 175 178 181 172 157 122
  87  73  62  61  60  61  62  62  75 116 144 167 170 173 172 174 173 174
 173  29]","[ 29  29 175 175 175 177 175 176 176 176 177 176 176 177 178 179 175 176
 177 178 179 179 179 179 178 178 177 177 177 177 176 176 176 175 175 176
 178 178 177 176 174 175 176 176 176 176 175 175 177 176 175 176 177 177
 177 177 177 177 176 176 176 175 176 177 178 178 178 177 177 177 178 178
 177 176 176 175 175 175 175 176 178 178 178 178 177 176 176 177 177 176
 176 177 178 178 177 177 177 177 177 176 176 176 177 178 179 178 177 178
 177 176 175 176 174 174 174 175 175 175 176 176 176 176 176 168 152 135
 110  80  67  73  69  68  69  69  74  79 106 133 154 169 178 176 180 177
 177 178 176 177 176 167 148 124  95  88  81  78  76  74  75  76  87 113
 139 159 170 172 172 172 171 172 173 174 174 174 177 180 179 167 149 114
  86  73  66  63  61  62  63  60  83 124 150 172 173 174 173 175 174 175
 173  29]","[ 29  30 177 177 176 176 175 176 176 177 177 176 176 177 179 180 176 176
 176 177 177 178 179 179 178 177 177 176 176 176 176 177 175 175 175 177
 178 178 176 175 176 177 177 177 176 176 176 177 177 176 176 178 179 179
 178 178 177 177 177 177 176 176 177 178 178 178 178 178 178 178 178 178
 178 177 176 176 176 176 177 178 178 178 178 177 176 175 175 175 176 175
 175 176 178 179 179 179 179 178 178 177 177 177 178 179 180 177 176 176
 176 175 174 174 174 174 174 175 175 176 176 176 175 175 177 171 154 138
 115  87  65  73  67  66  68  68  76  76 101 130 152 164 174 173 180 177
 178 179 177 176 174 164 143 118  95  89  81  79  77  76  76  76  82 110
 137 158 170 173 174 174 172 173 174 175 175 176 178 181 181 166 143 106
  82  70  67  63  61  63  65  61  92 131 155 176 174 175 173 175 175 176
 174  30]","[ 28  30 177 177 174 172 173 174 175 175 175 175 175 176 177 177 176 176
 176 175 176 177 178 178 178 177 176 175 175 176 177 177 176 175 176 177
 178 178 177 177 176 176 176 176 176 176 176 176 175 176 176 176 177 177
 178 178 178 178 178 178 179 178 178 178 178 178 177 176 176 178 178 177
 178 178 178 177 176 176 177 178 179 178 178 177 176 176 175 175 175 177
 177 176 176 179 179 178 178 178 178 178 178 179 179 178 177 176 176 176
 176 175 175 174 174 175 176 176 176 175 175 175 175 175 175 173 161 147
 116  92  64  67  66  64  65  69  72  70  87 127 152 161 174 177 179 177
 178 179 177 176 173 164 142 115  88  82  80  77  75  74  74  80  83 104
 138 155 168 175 175 174 174 175 175 175 176 176 178 181 179 160 132  98
  75  69  66  63  61  65  66  66 105 137 160 172 174 174 174 174 175 175
 175  28]","[ 29  30 175 176 174 173 173 173 175 175 176 176 176 176 176 177 175 176
 176 175 176 177 177 177 179 178 176 176 176 176 177 178 176 176 176 177
 177 176 176 177 178 178 177 176 175 175 175 174 176 176 176 176 177 178
 178 179 178 178 178 178 178 178 178 178 177 177 176 175 176 178 178 178
 178 178 177 177 177 177 178 178 178 178 178 178 177 176 175 175 175 176
 177 176 176 178 179 178 179 179 179 179 179 179 179 179 176 176 176 177
 177 176 175 175 175 175 176 177 178 177 176 175 176 174 172 172 166 152
 124  98  74  74  71  68  67  70  73  73  84 120 147 161 175 175 177 177
 177 179 177 176 172 161 138 112  88  83  82  80  77  76  75  80  84 107
 140 157 170 176 176 175 174 175 175 175 176 177 180 183 179 155 124  92
  73  70  67  65  64  68  68  70 109 140 163 174 173 173 174 174 175 176
 175  29]","[ 29  29 173 175 175 174 174 173 174 175 175 175 175 175 175 175 175 175
 176 176 176 176 176 176 177 176 175 174 174 175 176 177 176 176 176 176
 175 175 176 178 179 179 178 177 176 175 175 174 176 176 176 176 177 178
 179 179 179 179 179 178 178 178 178 178 177 176 175 174 176 178 178 178
 178 178 177 177 177 178 178 178 177 178 179 179 179 178 176 176 175 176
 176 176 177 178 179 178 178 178 178 178 178 178 179 179 176 176 177 178
 178 176 175 175 175 175 176 177 179 179 177 174 174 175 174 175 171 153
 133 108  79  76  73  70  69  71  74  74  81 111 141 161 176 175 176 178
 178 180 178 176 171 159 136 109  88  84  81  78  76  76  75  78  83 108
 141 158 172 176 176 175 175 176 176 175 175 178 181 184 172 146 115  88
  72  69  66  65  66  70  71  77 116 145 164 174 174 174 175 175 176 176
 176  29]","[ 29  29 173 175 175 175 174 174 174 175 175 175 175 174 175 175 175 175
 176 177 177 177 176 176 175 175 174 173 173 173 175 177 177 176 175 175
 176 176 177 178 178 178 178 177 176 176 176 175 176 176 176 176 177 178
 178 179 180 179 179 178 178 178 178 178 176 175 175 175 177 178 179 178
 178 178 177 177 177 178 178 178 178 178 179 179 178 178 178 178 176 177
 177 177 177 178 178 178 177 177 177 177 178 179 179 179 176 176 178 178
 178 177 176 177 175 175 176 177 178 178 176 174 174 176 175 176 173 154
 139 115  82  75  73  72  70  71  73  74  79 103 135 158 174 174 176 178
 179 180 177 176 171 158 134 109  90  85  80  75  74  76  76  79  82 108
 141 159 172 175 176 175 176 177 176 175 175 178 182 183 163 136 109  86
  73  68  65  65  66  71  72  85 124 150 165 172 175 175 175 175 176 176
 176  29]","[ 29  29 174 176 175 175 175 175 176 176 176 175 175 175 176 176 176 176
 177 178 178 177 175 175 175 175 175 175 174 174 176 177 177 176 175 176
 177 177 177 177 176 177 178 177 177 177 176 176 177 177 178 178 178 178
 179 179 179 179 179 178 178 178 178 178 176 175 175 177 178 179 179 178
 179 179 179 178 177 176 178 179 179 178 178 177 176 177 178 179 178 178
 178 178 178 178 178 178 178 176 176 177 179 180 179 179 177 177 178 178
 178 177 177 178 176 177 177 178 177 176 175 174 176 175 172 174 175 159
 143 116  90  78  76  74  71  72  72  73  78  96 127 151 169 174 176 177
 179 178 176 175 170 156 132 107  91  85  80  74  74  77  78  80  82 111
 142 159 174 175 176 176 178 178 177 176 175 179 182 180 158 129 101  82
  73  68  65  65  66  71  72  91 131 155 168 173 175 175 175 175 176 176
 175  28]","[ 29  29 175 176 175 175 175 176 176 176 176 175 175 175 176 176 177 176
 177 179 178 176 174 174 175 175 176 176 175 176 177 178 178 176 175 176
 177 177 176 175 176 177 178 177 176 176 176 176 178 178 179 179 179 179
 179 179 179 179 179 179 178 178 178 178 176 176 177 178 179 179 179 179
 179 180 180 178 177 176 177 179 179 179 177 176 175 175 177 178 179 179
 179 178 178 178 178 178 178 176 175 177 179 179 178 178 178 178 178 179
 179 178 178 178 178 178 178 178 177 176 176 175 174 174 172 173 173 163
 146 122  97  79  76  74  71  72  72  75  78  89 118 142 163 173 177 176
 179 178 176 175 168 151 128 105  86  80  77  74  74  76  76  79  85 114
 142 159 174 174 175 176 179 178 179 178 178 182 182 175 151 118  88  73
  69  68  65  65  66  70  71  95 136 159 170 174 175 175 176 176 177 177
 177  30]","[ 29  29 174 176 175 175 175 175 175 175 175 175 174 174 175 175 176 175
 176 178 177 175 174 174 174 175 176 177 177 177 177 178 178 176 175 176
 176 176 176 175 177 178 178 176 175 175 176 176 178 178 178 178 178 179
 179 180 179 179 179 179 179 178 177 177 176 176 177 179 179 178 178 179
 179 179 180 180 179 178 178 178 179 179 178 177 176 176 177 179 180 179
 178 178 178 178 179 179 178 177 176 178 178 177 177 178 178 178 178 179
 180 179 178 178 178 178 178 178 178 177 176 175 172 174 173 173 171 166
 149 129  98  77  73  73  71  73  73  76  77  81 108 135 158 171 177 176
 179 179 177 175 164 145 122 100  82  76  74  73  72  72  72  76  87 116
 142 159 174 173 175 176 179 177 180 181 180 184 180 168 133 103  78  67
  66  66  64  66  68  73  73 102 143 164 171 174 175 176 177 177 178 178
 177  30]","[ 30  29 173 175 175 175 175 174 175 175 176 176 175 175 175 175 174 173
 174 177 177 175 174 175 175 176 177 178 178 178 178 178 176 175 175 175
 175 175 176 176 178 179 178 176 175 175 176 177 176 176 176 176 177 178
 179 179 179 179 179 179 179 178 176 176 176 176 177 179 179 177 178 179
 178 179 180 180 180 180 179 178 178 178 179 178 178 178 179 180 179 178
 177 178 178 178 179 180 179 178 179 179 178 176 176 178 178 178 179 180
 180 179 178 178 178 178 177 178 178 178 176 175 175 174 171 171 171 173
 152 131 100  77  74  75  72  74  72  74  76  74 100 130 155 169 175 176
 177 179 178 174 161 139 116  95  83  76  74  73  72  71  71  76  87 117
 142 159 174 174 176 177 178 177 180 182 181 184 177 162 114  92  75  68
  66  65  64  67  71  77  78 110 151 168 173 173 175 175 176 176 177 176
 175  28]","[ 29  29 174 175 175 175 174 174 175 176 176 176 176 176 176 174 174 174
 175 176 176 176 176 177 177 177 177 178 178 178 177 176 174 175 175 175
 176 176 176 176 177 178 178 177 176 176 176 175 176 175 176 176 178 179
 179 180 179 178 178 179 178 176 176 177 179 179 179 179 179 178 178 178
 177 179 180 179 178 179 179 178 179 178 178 177 178 178 179 180 178 179
 179 178 178 178 179 179 178 179 179 179 178 179 178 178 178 178 179 179
 179 179 178 178 177 178 179 178 177 177 176 176 176 174 174 174 173 169
 155 135 108  79  71  75  73  73  73  74  77  78  85 117 146 163 178 177
 178 176 175 169 156 135 109  93  83  76  73  72  72  72  73  79  88 116
 144 161 176 175 177 178 179 177 180 179 182 180 168 144  96  84  74  68
  66  65  64  67  72  76  86 121 151 167 175 174 175 176 177 177 178 178
 177  29]","[ 29  29 173 174 174 174 174 173 174 174 174 174 174 175 175 175 174 174
 174 174 175 175 176 176 175 175 175 175 176 176 175 175 175 175 175 175
 175 176 176 177 178 179 179 178 177 177 178 178 177 177 177 177 178 178
 178 178 178 177 178 179 178 176 175 177 177 177 178 178 178 178 177 177
 176 178 180 179 179 179 180 179 178 177 177 177 178 178 178 178 177 178
 178 177 177 178 179 179 179 179 179 178 178 178 179 178 179 179 179 179
 179 179 179 179 178 179 179 178 177 176 176 175 175 175 175 174 175 174
 160 139 113  86  76  75  72  73  73  73  77  78  81 111 138 156 169 171
 175 176 176 167 153 133 105  86  82  75  73  72  72  73  74  80  90 120
 148 163 176 174 175 175 177 176 178 179 183 177 158 125  89  78  70  65
  64  65  64  68  70  72  86 122 154 168 176 175 175 176 177 177 178 178
 177  29]","[ 29  29 173 174 173 174 174 174 174 174 173 173 174 175 176 176 174 173
 173 173 174 174 175 176 175 175 175 175 175 175 175 175 176 176 176 175
 176 176 177 177 178 178 178 177 177 177 178 179 179 179 178 178 178 178
 177 176 177 176 177 178 178 176 176 176 176 176 177 177 178 178 177 176
 176 178 179 179 179 179 179 179 177 177 177 178 178 178 177 176 177 177
 177 176 176 177 178 178 180 180 179 177 177 178 179 179 179 179 179 180
 179 179 179 179 178 178 178 177 176 176 176 176 176 176 176 174 174 175
 162 141 116  91  78  74  71  73  75  73  75  76  76 100 128 148 163 171
 172 176 177 166 152 133 104  83  81  74  73  72  72  73  75  80  91 123
 151 165 176 175 176 176 177 179 180 181 182 169 143 105  81  72  66  64
  64  65  66  71  71  69  86 124 158 171 176 174 175 176 177 177 179 179
 177  29]","[ 30  29 173 173 173 174 174 174 175 174 174 173 174 175 176 176 174 173
 173 173 173 174 175 176 176 175 175 175 175 175 176 176 175 175 175 175
 175 176 176 176 176 176 176 176 176 175 176 177 180 179 179 179 179 178
 177 176 176 175 176 176 176 176 175 176 176 176 177 178 179 178 177 176
 176 178 179 179 178 178 178 178 178 177 177 178 179 179 177 176 176 176
 176 175 175 176 178 178 179 179 178 177 177 178 179 179 179 179 179 179
 179 179 179 178 177 177 177 176 175 176 176 176 176 176 176 174 173 173
 162 144 121  94  78  75  73  73  74  73  74  75  75  87 116 141 161 172
 172 175 176 166 152 134 107  88  82  76  73  72  72  73  75  82  94 127
 153 166 174 176 177 177 175 179 179 180 175 154 125  89  75  68  65  64
  64  66  67  73  73  71  92 129 160 171 174 175 176 176 177 177 179 180
 177  29]","[ 30  29 172 173 173 174 174 174 173 173 173 172 173 174 174 173 173 173
 173 173 174 173 174 175 176 175 175 174 174 175 175 176 174 174 175 175
 175 175 175 175 175 175 176 176 176 175 174 175 179 178 177 177 178 178
 178 177 176 175 174 174 174 175 175 176 177 176 177 178 179 178 177 175
 176 177 177 178 178 177 177 177 178 178 177 178 178 178 177 176 176 176
 175 175 175 176 177 177 178 178 178 177 177 178 179 178 179 179 179 179
 179 179 179 179 178 178 177 176 175 176 176 176 175 174 174 174 173 172
 164 151 128  99  78  76  75  72  72  72  73  75  77  77 106 133 156 168
 174 173 173 165 152 132 108  94  86  79  76  74  73  75  77  84 100 133
 156 167 173 175 176 176 177 179 180 180 173 144 114  84  70  65  64  64
  64  65  67  72  74  73 102 135 161 169 174 178 176 177 177 178 179 180
 178  29]","[ 29  28 172 173 172 173 174 173 173 173 173 172 173 173 173 172 172 172
 172 173 173 173 173 173 175 175 175 174 174 174 175 176 174 175 175 176
 176 176 176 175 176 176 177 178 178 175 174 175 176 176 175 176 176 177
 177 177 176 175 174 173 173 174 175 176 176 176 176 177 178 178 177 176
 176 175 175 177 178 178 178 178 178 177 177 177 178 178 177 177 176 176
 175 175 175 176 177 176 177 177 178 177 178 178 179 178 179 179 179 179
 179 179 179 179 179 179 178 176 176 176 175 175 176 174 174 175 173 171
 164 154 130 101  78  77  77  72  72  72  72  75  80  76 100 129 153 166
 176 172 171 164 150 129 106  96  88  81  77  74  74  75  78  86 106 137
 157 168 173 177 177 178 181 180 183 181 171 140 106  83  68  64  64  65
  65  65  66  72  74  71 105 138 165 173 174 175 177 178 178 178 179 179
 177  29]","[ 29  29 172 173 173 174 174 173 173 173 173 173 173 174 174 173 172 172
 172 173 173 173 173 173 175 175 175 175 174 174 175 176 175 175 176 176
 176 176 176 176 176 176 177 179 178 176 175 176 175 175 175 175 176 176
 176 176 176 175 174 173 173 174 175 175 175 176 176 177 178 178 177 177
 177 175 174 176 178 178 178 178 178 178 178 178 178 178 178 177 176 176
 175 175 175 176 176 175 175 176 177 177 178 179 179 179 179 179 179 179
 179 179 180 180 179 179 178 177 177 177 176 176 177 175 175 175 173 173
 166 153 130 104  79  76  76  72  74  73  72  74  79  77  92 125 147 165
 176 172 172 165 150 129 106  96  88  81  77  75  74  76  79  87 111 140
 158 170 175 179 178 180 180 178 184 174 158 128  95  79  70  65  65  66
  65  66  66  72  74  72 111 142 169 176 174 173 178 178 178 177 178 178
 177  29]","[ 30  29 173 174 174 175 175 174 173 173 173 173 173 174 174 173 172 172
 172 173 174 173 174 174 174 175 175 175 174 174 174 175 174 174 174 175
 175 175 176 176 175 175 176 178 178 175 175 176 175 175 175 176 176 176
 176 176 176 175 174 173 173 175 175 175 175 176 177 177 178 178 179 179
 178 176 174 176 178 179 178 178 178 178 179 179 179 178 178 178 176 176
 176 175 176 176 175 174 175 176 176 176 177 179 179 179 178 178 178 179
 179 179 179 179 179 179 178 177 178 178 178 177 175 174 175 174 175 177
 170 155 133 109  83  77  75  72  74  73  74  72  74  76  82 118 139 161
 176 174 174 167 152 131 108  97  87  80  78  75  75  77  81  88 116 143
 160 172 176 179 177 178 179 180 187 169 147 118  88  79  71  66  66  65
  65  65  65  71  71  76 123 151 170 174 173 176 178 178 178 177 177 177
 176  29]","[ 29  29 173 174 174 175 175 174 174 174 175 175 175 175 175 175 172 173
 174 174 174 173 173 173 175 175 176 175 174 174 174 175 175 175 175 175
 175 176 176 176 175 175 175 176 177 176 176 175 175 174 174 175 175 175
 175 176 176 175 174 174 174 175 175 176 176 176 177 178 178 178 178 178
 178 177 177 177 178 178 178 178 177 178 179 179 177 176 176 176 175 176
 176 176 175 174 174 174 176 176 176 177 178 179 180 180 177 178 178 179
 180 180 179 179 178 178 178 178 178 177 176 176 176 176 175 175 175 177
 171 156 137 113  89  80  78  73  77  71  73  72  73  77  80 102 136 155
 172 172 172 168 152 131 113  95  87  79  77  76  73  77  81  94 123 148
 163 174 176 175 180 177 177 184 178 160 136 102  73  67  64  67  65  67
  69  67  67  70  73  89 131 153 172 174 175 176 177 179 179 177 178 179
 178  28]","[ 29  29 172 173 173 174 175 174 174 174 174 175 175 175 174 174 173 174
 174 174 174 173 173 173 174 174 175 174 173 173 174 174 175 175 175 175
 176 175 175 175 174 175 175 176 176 176 176 175 175 175 174 175 175 175
 175 176 176 175 174 174 174 174 175 175 175 176 176 176 176 176 177 177
 179 179 178 178 178 178 177 177 177 178 179 179 178 177 176 177 175 175
 175 174 174 173 174 174 176 176 176 176 176 177 177 177 176 176 178 179
 180 180 179 179 179 178 178 178 178 178 178 178 178 177 174 174 175 176
 172 158 137 113  90  80  79  75  78  73  73  74  75  75  72  91 130 156
 175 174 173 167 152 130 111  92  84  77  76  76  74  78  82  96 124 148
 165 174 176 177 180 178 182 181 173 152 119  86  68  63  64  65  64  65
  68  69  70  72  73 102 143 159 172 174 176 175 176 178 179 176 177 178
 177  29]","[ 30  29 172 173 172 173 174 174 174 173 173 174 175 175 174 173 174 175
 175 174 174 173 173 173 173 174 174 174 174 174 174 174 174 175 175 176
 176 175 175 175 174 174 175 175 175 175 175 175 175 175 175 175 175 175
 175 176 175 174 174 174 175 174 174 175 175 176 176 176 175 175 176 177
 178 179 179 178 177 177 176 176 176 177 178 178 177 176 176 176 176 176
 175 173 173 173 174 175 176 176 176 176 175 175 175 175 175 176 177 178
 179 179 179 179 179 178 178 178 178 178 179 179 178 177 175 175 175 177
 173 160 142 118  93  79  78  75  77  72  70  71  73  74  74  89 125 150
 175 176 173 168 152 131 110  90  81  76  75  76  74  78  81  97 128 150
 168 174 177 179 180 179 187 180 169 139 101  80  74  68  65  65  65  65
  67  71  73  73  81 119 152 166 173 174 175 173 175 177 178 176 176 177
 177  29]","[ 30  29 172 173 172 173 174 173 173 172 172 173 174 175 175 174 174 174
 174 174 173 173 173 173 173 173 173 174 174 174 175 175 174 174 174 175
 175 175 175 175 174 175 175 175 175 174 175 175 176 175 175 175 175 175
 175 176 175 174 174 175 175 174 174 174 175 176 176 175 174 174 175 177
 176 177 177 177 176 176 176 177 176 176 177 177 176 176 176 176 177 176
 175 174 174 174 175 176 176 176 176 175 175 175 175 175 176 176 177 178
 178 178 178 178 179 178 178 178 178 178 178 179 177 176 175 177 177 178
 174 162 145 122  96  79  77  74  74  70  69  67  70  74  78  90 121 144
 169 174 172 169 154 133 109  90  81  76  74  74  73  77  80  97 130 152
 171 174 175 179 178 179 179 172 152 115  80  73  74  66  68  66  67  65
  67  72  73  73  98 136 156 170 176 175 174 174 174 176 177 176 177 178
 177  29]","[ 29  29 172 173 173 173 173 173 173 172 171 172 173 174 174 174 173 173
 173 173 173 173 173 173 173 173 173 174 174 174 174 174 173 173 173 174
 174 175 175 176 175 175 175 175 174 174 174 175 175 175 174 175 175 175
 175 175 174 174 175 175 175 174 174 174 174 175 175 174 173 173 174 176
 175 176 176 176 176 176 177 177 175 176 176 176 176 176 176 176 177 177
 176 175 175 175 176 176 175 175 175 175 175 175 175 176 176 176 177 177
 176 177 178 179 179 179 178 178 178 178 178 178 177 175 175 178 178 178
 175 165 147 125 100  79  77  75  73  70  70  69  72  73  74  81 115 144
 162 172 173 172 155 135 109  90  82  77  73  73  72  76  79  99 130 152
 171 173 173 178 179 180 180 168 138 100  77  74  73  68  70  68  68  67
  69  72  73  78 114 150 162 173 177 176 176 176 175 176 176 176 178 179
 178  29]","[ 29  29 172 173 173 173 173 172 173 173 172 172 172 173 172 172 172 172
 172 172 173 173 173 173 174 174 174 173 173 173 172 172 173 173 173 173
 173 174 175 175 175 175 175 174 174 174 174 174 174 174 174 174 174 174
 174 175 174 174 175 176 175 174 174 174 174 174 174 174 174 174 175 175
 176 176 176 176 177 177 177 178 176 176 176 176 176 176 176 176 176 176
 175 175 175 175 175 175 175 175 175 175 175 175 175 176 175 176 176 176
 176 177 178 180 179 179 178 178 178 178 178 178 178 176 175 177 176 176
 177 170 152 132 106  81  77  76  73  71  70  69  73  73  73  76 112 144
 160 174 177 175 157 136 107  89  81  77  73  73  73  75  79 100 128 152
 170 173 174 178 181 181 175 153 117  89  78  72  67  67  69  67  69  69
  71  73  76  92 125 161 171 175 175 177 177 176 177 176 176 177 179 180
 178  29]","[ 29  29 172 173 172 173 173 173 172 172 172 172 172 171 171 170 172 172
 172 173 173 173 173 172 173 174 174 174 173 172 172 173 173 173 173 173
 173 173 173 173 174 174 173 173 173 174 174 174 173 172 172 173 173 173
 173 174 174 174 175 175 175 174 174 174 174 174 174 175 175 175 175 175
 175 176 177 178 178 178 177 177 176 176 176 176 176 176 176 176 176 175
 174 174 175 175 175 175 175 175 175 175 175 175 175 175 175 175 176 176
 175 176 178 180 178 178 177 177 177 177 178 178 179 177 176 178 176 176
 178 173 160 140 114  85  79  77  73  71  70  69  73  74  78  77 111 142
 159 175 177 176 157 135 105  86  79  76  73  73  73  74  77  99 128 153
 168 174 176 178 181 176 160 130  96  81  78  73  67  68  66  66  70  69
  72  72  81 109 139 167 176 176 175 176 177 177 178 177 176 176 178 178
 177  29]","[ 29  28 172 172 171 172 173 173 170 171 172 172 172 171 170 169 172 172
 172 173 174 174 173 172 172 173 174 174 174 173 174 175 173 173 173 173
 173 173 172 172 173 173 172 172 173 173 174 174 172 171 171 172 172 172
 172 173 174 174 175 175 174 173 173 174 174 173 173 174 175 175 175 174
 174 175 176 178 179 179 177 176 176 176 176 176 176 176 176 176 176 175
 174 174 175 175 176 176 177 176 176 176 175 175 175 175 175 176 176 176
 175 176 177 178 177 176 175 175 175 176 177 178 179 178 177 179 177 176
 177 173 165 145 118  87  80  79  75  74  73  71  75  74  77  75 109 142
 157 174 174 173 154 133 102  84  77  75  72  73  73  73  74  96 129 154
 166 173 176 176 178 170 145 113  83  73  73  72  68  65  64  66  70  70
  73  72  84 122 153 170 176 176 177 175 176 179 178 177 177 176 177 177
 177  30]","[ 29  29 171 171 172 173 172 173 172 171 171 171 169 166 166 168 169 170
 171 172 172 173 173 172 172 172 173 173 173 173 173 174 173 173 172 171
 172 172 172 172 172 172 172 172 172 173 173 173 173 173 172 172 172 172
 173 173 174 173 172 173 173 174 173 172 173 173 174 174 174 173 174 175
 174 175 176 178 179 178 176 176 176 176 175 175 175 175 175 176 176 175
 174 174 175 176 175 175 176 175 174 174 175 175 176 175 175 175 175 176
 176 177 176 176 175 175 174 175 175 176 177 179 180 178 176 175 176 176
 176 175 168 145 125 102  85  82  79  75  73  73  70  73  76  74 106 135
 155 168 176 176 158 134 103  81  77  73  72  72  72  72  71  93 127 154
 166 172 179 178 170 151 121  93  75  71  68  66  67  67  64  66  68  69
  74  72  94 129 156 175 176 174 177 176 177 179 178 178 176 174 175 177
 177  29]","[ 29  29 171 171 172 173 172 173 172 171 171 172 170 167 166 167 170 170
 171 172 173 173 173 173 174 174 174 174 174 173 173 173 174 173 173 173
 173 174 173 173 172 172 172 172 172 173 173 173 173 173 172 172 172 172
 172 172 172 171 171 172 172 173 172 172 173 173 173 174 173 173 173 175
 174 174 175 177 178 177 176 176 176 176 176 176 176 176 176 176 175 174
 173 174 175 175 175 175 174 174 174 174 175 175 175 175 177 176 176 175
 176 176 176 176 177 176 176 176 177 177 177 178 178 177 176 176 176 176
 176 176 173 154 134 108  87  84  80  76  74  76  76  76  78  75 102 133
 154 166 179 173 159 135 104  77  74  71  68  68  68  68  68  88 120 149
 165 175 182 175 155 128  98  82  72  70  66  65  66  65  65  65  66  67
  71  77 106 140 161 175 176 175 176 175 177 178 179 178 177 174 175 176
 176  28]","[ 29  29 171 171 172 173 172 172 171 171 171 172 170 168 167 167 169 170
 171 172 172 173 172 172 174 175 175 175 174 174 174 174 173 173 173 174
 174 174 174 173 173 173 172 172 172 173 173 173 173 173 173 172 172 172
 172 172 171 171 171 171 172 172 172 172 173 173 173 173 173 173 173 174
 173 172 173 175 176 176 176 176 175 176 176 176 176 175 176 176 175 174
 174 174 175 176 175 175 174 174 175 175 175 175 175 175 178 177 175 174
 174 175 175 175 176 176 176 176 176 176 176 177 175 175 175 175 175 175
 175 175 171 157 140 113  90  85  83  78  76  77  77  73  75  74  95 130
 156 168 178 171 158 139 103  77  73  70  68  67  67  68  67  82 115 149
 172 180 177 158 131 104  76  71  70  68  64  64  66  64  68  67  67  70
  69  87 122 153 171 176 178 178 177 177 180 179 179 178 177 175 175 175
 175  28]","[ 29  29 171 171 172 173 171 171 172 171 171 171 171 169 168 168 170 170
 171 172 172 172 172 172 173 173 174 174 174 175 175 175 173 173 174 174
 174 174 174 174 173 173 173 173 173 173 173 173 173 173 173 173 172 172
 172 171 172 172 172 172 172 172 172 172 173 173 173 173 173 173 173 173
 172 172 173 174 175 175 175 175 175 176 177 177 176 175 176 176 175 174
 174 174 175 176 176 176 175 175 176 176 175 175 176 176 177 176 175 174
 174 175 175 175 175 175 175 176 176 175 175 175 176 175 175 175 175 175
 175 174 171 160 145 121  96  86  84  81  79  77  76  73  75  74  88 126
 148 172 182 181 159 138  94  82  67  67  65  64  64  65  63  73  95 127
 152 159 149 124  98  79  68  67  68  67  64  64  65  64  65  64  68  71
  68  94 132 157 174 174 175 176 174 175 178 176 178 177 176 175 175 175
 175  28]","[ 30  29 171 171 172 172 171 172 172 171 171 171 171 170 169 169 171 171
 172 173 173 173 173 173 172 172 173 174 175 175 175 175 174 174 174 174
 174 174 174 175 173 173 173 173 173 173 173 173 173 173 173 173 173 172
 172 172 173 173 173 173 173 173 173 173 174 173 173 174 174 173 173 173
 173 173 173 174 174 174 174 175 175 176 177 177 176 176 176 177 175 174
 174 174 174 175 176 176 176 176 176 175 175 175 176 177 177 176 176 175
 176 176 176 175 175 175 176 177 177 177 176 176 178 176 175 175 176 177
 176 175 178 167 153 132 104  87  84  81  78  75  76  75  75  72  82 120
 152 178 185 187 168 133  79  71  64  65  62  61  60  63  61  67  76  88
  93  94  90  81  74  71  68  66  65  65  65  64  64  64  64  65  69  73
  72 103 141 160 176 172 174 175 173 175 177 176 177 176 176 174 175 175
 175  29]","[ 30  29 171 171 171 171 171 172 171 171 171 171 171 170 170 170 171 171
 172 172 173 173 173 173 173 173 173 174 174 175 175 175 174 174 173 173
 173 173 174 174 173 173 173 173 173 173 173 173 173 173 173 173 173 173
 173 173 173 173 173 173 173 173 174 174 174 173 173 174 174 173 173 173
 174 173 174 174 174 173 173 174 175 176 176 176 175 175 175 176 174 174
 173 173 173 174 175 176 176 176 175 175 174 175 176 177 176 175 175 176
 176 176 175 175 175 175 176 178 178 177 176 176 177 176 175 176 177 177
 177 176 180 169 156 139 110  88  84  80  77  76  76  75  73  72  82 118
 158 185 193 184 163 117  78  74  66  66  61  61  59  62  63  68  67  71
  73  75  77  73  68  69  67  64  62  64  66  65  64  65  65  67  72  74
  82 115 150 166 177 173 176 177 175 177 178 178 176 175 175 175 175 174
 175  29]","[ 29  29 171 170 170 170 170 172 170 171 172 172 171 171 171 171 170 171
 171 172 172 172 172 172 172 172 172 173 174 174 174 174 173 173 173 173
 172 172 173 173 173 173 173 173 173 173 173 173 173 173 173 172 173 173
 174 174 174 174 173 173 173 174 174 173 174 173 173 174 174 173 173 173
 173 174 174 175 174 174 173 174 175 174 174 174 173 173 174 174 174 174
 173 173 173 174 175 175 176 176 175 175 175 175 175 176 175 175 175 175
 176 175 175 174 175 175 176 177 177 176 175 175 176 176 177 177 176 176
 176 175 176 168 157 142 115  94  88  82  81  80  76  75  72  75  81 103
 144 173 181 160 122  81  69  70  64  64  60  60  58  61  62  65  67  71
  73  72  73  70  66  67  63  63  61  61  62  62  63  66  65  67  71  73
  92 125 156 168 174 172 176 175 174 176 175 177 176 175 175 175 175 174
 175  29]","[ 29  29 171 169 169 169 170 172 169 171 172 172 171 171 171 171 171 171
 171 172 172 172 172 172 171 171 171 172 173 173 173 173 173 173 174 173
 173 172 173 173 172 173 173 173 173 173 173 173 173 173 172 172 173 174
 175 175 176 175 174 173 174 174 174 173 174 173 173 173 174 173 172 172
 173 173 174 175 175 174 174 174 175 174 174 173 173 173 173 173 174 174
 174 174 174 174 175 175 176 176 175 175 176 176 175 175 176 175 175 175
 176 175 175 174 175 175 176 177 177 176 175 175 176 177 179 179 177 175
 175 175 175 169 159 146 121 101  95  86  80  78  73  72  71  72  68  74
  89 111 115 108  84  72  72  64  64  64  61  63  61  62  63  65  65  70
  71  68  70  70  65  64  60  62  61  57  57  58  61  66  66  69  72  76
 102 134 161 170 173 174 178 177 175 177 175 178 177 176 176 176 175 174
 175  29]","[ 29  29 171 171 171 170 169 170 170 170 172 173 172 171 171 171 171 171
 172 172 172 172 171 171 170 171 172 173 173 173 173 173 174 173 172 173
 174 174 173 173 173 173 173 173 173 173 172 172 172 173 173 173 174 174
 174 174 173 173 173 173 174 174 174 173 173 173 173 173 173 172 172 172
 173 172 173 173 174 174 173 173 173 174 174 173 173 173 173 174 173 174
 174 175 175 176 176 176 175 175 175 175 175 175 175 176 173 174 176 176
 176 175 174 174 174 174 175 175 176 175 175 175 176 176 176 176 176 176
 175 175 175 168 163 152 125 104  96  87  81  77  73  70  70  69  67  72
  68  73  79  79  76  72  68  66  63  61  60  62  63  63  64  65  66  67
  68  67  67  66  64  61  61  60  59  58  57  57  61  65  64  74  71  82
 116 145 160 171 174 175 176 176 175 175 175 176 177 177 177 176 176 176
 176  29]","[ 29  29 171 171 171 171 170 171 169 169 170 171 171 170 169 170 170 170
 171 171 172 172 172 171 171 171 172 173 173 173 173 173 173 173 172 174
 174 174 173 172 172 172 172 173 173 172 172 172 172 172 172 173 173 173
 173 173 174 173 173 173 174 173 173 173 172 173 173 173 173 172 172 172
 172 172 172 173 174 174 174 173 173 174 174 174 173 173 173 173 174 174
 175 175 175 175 176 176 175 175 175 175 175 175 175 175 174 175 176 176
 176 175 174 174 174 174 174 175 176 175 175 175 175 175 175 176 175 175
 175 175 176 172 168 153 129 108  98  88  82  76  72  67  66  65  63  67
  67  72  75  75  72  69  67  65  62  60  60  61  61  61  61  63  63  64
  65  64  64  63  63  61  61  60  59  59  58  58  60  64  65  71  68  87
 128 156 167 172 174 175 176 176 175 175 175 175 175 175 176 175 175 175
 175  28]","[ 29  29 170 170 171 171 170 171 169 169 170 171 171 170 170 170 170 170
 170 171 171 171 171 171 171 172 172 173 173 172 172 173 173 172 172 173
 174 174 173 172 171 171 172 172 172 172 172 172 173 173 173 173 173 173
 173 173 174 174 174 173 173 173 173 173 172 172 172 173 173 172 172 171
 172 172 171 172 173 174 174 174 173 173 174 174 173 172 172 172 174 174
 174 174 174 175 175 175 175 175 175 175 175 174 174 174 174 175 176 176
 176 175 174 174 174 174 174 175 176 175 175 175 175 175 175 175 175 175
 175 175 175 174 170 153 135 113  99  89  82  75  71  65  64  65  63  65
  67  70  71  70  68  67  66  65  62  61  61  61  60  59  59  61  61  63
  64  63  62  62  62  62  60  59  59  60  60  60  61  64  64  67  66  96
 141 163 172 171 174 174 175 175 175 174 174 175 175 175 176 175 176 175
 175  28]","[ 30  28 170 170 170 171 169 170 170 170 171 171 171 171 171 172 171 171
 171 171 171 171 171 171 171 172 173 173 172 172 172 172 172 172 172 173
 173 173 172 172 172 172 172 172 172 172 172 172 173 173 173 173 173 173
 173 173 173 174 174 173 173 172 172 173 171 172 172 172 172 172 172 172
 172 171 171 171 172 173 173 174 172 173 174 174 173 172 171 171 173 173
 173 173 173 174 174 175 174 174 174 175 175 175 175 175 175 175 176 176
 175 175 174 174 174 173 174 175 175 175 174 175 174 174 175 175 175 175
 174 174 173 173 171 154 141 118 100  92  82  76  71  65  62  64  64  65
  65  67  68  67  66  65  65  64  63  61  60  60  59  58  58  59  62  64
  64  63  61  61  61  61  59  59  59  61  62  62  63  65  63  66  71 108
 148 164 172 172 174 174 175 175 175 174 174 174 175 176 176 176 176 176
 175  29]","[ 29  28 169 169 171 171 170 171 171 171 170 170 170 169 170 171 171 171
 171 171 171 171 171 171 171 172 172 172 172 171 171 172 172 171 171 172
 172 172 172 172 173 173 172 172 172 172 173 173 173 172 172 172 172 172
 172 173 172 173 173 173 172 172 173 173 172 172 171 171 171 172 172 172
 172 171 171 171 171 172 172 172 172 173 174 174 173 172 171 171 172 172
 172 172 173 173 174 175 174 174 174 175 175 175 175 175 175 175 176 176
 175 174 174 174 173 173 173 175 175 175 174 175 174 174 174 174 174 174
 173 173 174 172 171 158 146 122 101  95  83  76  71  64  59  60  61  62
  64  66  66  65  64  63  62  61  62  59  57  57  57  57  57  58  61  62
  63  62  61  61  60  58  59  58  58  60  62  63  64  65  65  68  80 118
 153 165 172 172 174 175 175 175 175 175 174 174 175 175 176 175 176 175
 175  28]","[ 29  28 169 169 171 172 171 172 172 171 170 169 169 168 169 170 171 171
 171 172 172 172 172 172 171 172 172 172 171 171 171 171 172 171 171 171
 171 171 171 172 174 173 172 172 172 173 173 174 173 173 172 171 171 171
 172 172 172 172 172 172 172 172 173 173 172 172 171 171 171 171 172 173
 172 171 171 171 171 171 171 171 172 172 173 173 172 172 171 171 171 172
 172 173 173 174 174 175 175 175 175 175 175 175 174 174 175 175 175 175
 175 174 174 174 172 172 173 174 175 175 175 176 175 175 175 175 174 174
 174 173 173 171 169 161 147 126 100  94  83  72  68  63  57  57  59  61
  63  65  66  64  62  61  60  58  61  58  55  55  55  55  55  57  60  60
  60  60  60  61  59  57  58  57  57  59  60  61  62  64  66  68  86 124
 155 167 171 171 174 174 175 175 175 175 175 174 175 175 175 174 175 175
 175  28]","[ 30  28 168 168 170 171 170 171 170 170 170 170 169 168 169 170 171 171
 171 171 172 172 172 172 171 171 172 171 171 171 171 171 172 172 171 171
 171 171 171 172 173 172 172 173 173 173 174 174 174 173 172 171 171 170
 170 170 172 171 171 171 171 172 172 172 172 171 171 170 170 171 171 172
 172 171 171 171 171 171 171 171 171 172 172 173 172 171 171 171 171 171
 172 173 173 174 174 174 174 174 174 174 174 174 173 173 175 175 175 175
 174 174 174 174 173 173 174 175 175 175 175 176 175 175 175 175 175 174
 173 173 171 170 169 163 147 131 103  96  84  70  65  61  56  56  58  60
  61  62  63  60  58  57  57  56  58  56  54  53  52  51  53  55  58  59
  58  58  59  60  59  57  55  55  56  58  59  60  61  63  64  67  93 128
 156 169 170 171 174 174 175 175 175 175 175 174 175 175 175 174 174 174
 175  29]","[ 30  28 168 167 168 169 168 168 167 168 168 169 169 169 169 170 171 171
 171 171 171 171 171 171 171 171 171 171 171 170 171 171 172 172 172 172
 172 171 171 171 171 171 172 173 174 174 174 174 174 173 172 170 169 169
 168 168 172 171 170 170 170 171 171 171 171 171 171 171 171 171 171 171
 171 171 171 171 172 172 172 171 171 172 172 172 172 171 171 172 171 171
 172 173 173 173 172 172 173 173 173 174 174 174 173 173 175 175 175 174
 174 174 174 175 174 174 175 176 176 175 174 175 175 174 174 174 173 172
 172 171 170 171 170 166 149 139 110 101  87  70  64  61  55  54  55  56
  56  58  58  56  54  54  54  54  54  54  53  52  49  48  49  53  57  58
  57  56  57  58  58  57  54  54  55  58  59  60  61  63  63  68 101 134
 157 171 171 174 174 174 174 175 175 175 175 174 175 175 174 173 174 174
 175  29]","[ 30  29 166 169 167 164 162 166 167 167 169 170 169 169 170 171 171 170
 170 171 171 171 171 172 172 172 171 171 171 171 172 172 172 171 172 172
 172 171 171 171 171 171 171 172 174 174 174 174 173 173 172 171 170 169
 168 168 170 169 168 168 168 168 169 169 170 171 172 172 171 169 169 170
 170 169 169 171 171 171 171 172 171 172 172 173 172 172 171 171 170 171
 171 172 172 171 172 173 172 173 173 174 175 175 176 176 174 174 174 174
 175 175 175 175 175 174 173 174 175 176 176 176 175 175 171 173 175 174
 174 174 171 168 171 164 150 140 122 112  93  74  60  58  57  56  56  53
  55  54  57  53  53  55  51  50  47  49  52  48  46  49  50  54  54  55
  55  54  53  54  55  55  53  53  55  57  59  61  64  66  61  67 107 137
 160 172 170 174 174 174 175 175 175 175 175 175 175 174 174 173 175 174
 174  29]","[ 29  29 167 169 165 160 157 161 165 166 168 169 169 168 170 171 172 172
 171 172 171 171 171 171 171 171 171 171 171 172 172 172 172 171 171 171
 171 171 171 171 171 171 171 172 173 173 173 173 172 172 172 171 171 170
 170 169 170 169 168 168 168 168 168 168 169 169 170 170 169 167 167 168
 169 168 168 170 170 169 169 170 171 172 172 172 172 172 171 171 172 172
 172 173 172 172 172 173 173 174 174 175 175 174 174 174 174 174 174 174
 174 174 174 174 175 174 173 174 175 176 175 173 173 176 173 172 173 171
 173 172 172 172 169 173 176 172 163 140 123  98  73  59  54  54  55  52
  55  53  54  51  49  50  47  48  49  47  47  46  47  47  45  48  53  53
  54  53  53  53  54  54  53  54  57  60  62  63  64  65  63  70 111 141
 164 174 172 174 174 174 174 174 175 175 176 176 175 175 174 173 175 174
 174  29]","[ 29  30 167 167 160 154 151 155 164 166 167 169 168 168 170 172 172 171
 171 172 171 171 171 171 171 171 171 171 172 172 172 172 172 171 171 171
 171 171 171 171 172 172 172 172 173 173 172 172 171 171 171 171 171 171
 171 171 170 170 169 169 169 169 168 168 168 168 168 168 167 166 166 167
 168 168 169 169 169 168 169 171 172 172 172 172 172 171 171 171 172 172
 172 172 172 171 172 173 173 173 174 174 174 173 172 172 173 173 173 173
 173 173 173 173 174 173 173 174 176 176 174 171 172 174 173 173 173 173
 175 173 172 177 187 194 193 173 155 131 118 107  92  74  56  50  53  55
  54  51  51  48  46  46  45  47  45  43  42  43  47  46  45  51  50  51
  52  52  53  53  54  54  52  53  56  60  63  64  64  65  67  76 115 145
 165 174 174 174 174 174 173 173 174 174 175 175 175 174 174 173 175 173
 174  29]","[ 30  30 166 164 156 152 151 156 164 166 168 170 169 169 170 172 169 169
 170 171 171 171 171 171 171 171 171 172 172 172 172 172 172 172 171 171
 171 171 171 172 170 171 171 171 172 171 171 171 171 171 171 171 171 171
 171 171 171 171 171 171 171 170 169 168 168 168 168 168 168 166 166 167
 168 169 169 169 169 169 170 172 172 172 172 171 171 171 171 171 172 171
 171 171 171 170 171 172 172 173 174 174 174 174 173 173 173 173 173 173
 173 173 173 173 172 172 173 174 176 175 174 172 173 173 172 174 175 174
 176 173 179 183 198 184 169 149 138 130 129 120 110  96  79  68  63  58
  56  50  46  46  47  47  44  43  43  41  41  42  46  44  39  44  48  49
  50  51  52  53  54  53  52  52  54  57  60  62  64  64  70  82 118 146
 164 172 174 173 174 174 174 173 173 173 174 174 173 174 173 173 175 173
 174  29]","[ 30  29 164 163 159 157 157 162 165 166 169 170 169 168 169 170 168 168
 169 171 172 172 171 171 171 171 172 172 172 172 171 171 172 172 171 171
 171 171 171 172 168 169 170 170 171 171 171 170 171 171 171 171 171 171
 171 171 171 171 171 171 171 171 169 168 168 168 169 169 169 168 167 167
 169 170 170 169 169 169 170 171 171 171 171 171 171 171 171 171 171 171
 171 171 171 170 171 172 173 173 173 174 174 174 174 174 173 173 173 173
 172 172 172 172 171 172 173 174 174 173 173 173 175 173 172 175 173 172
 177 178 183 180 179 155 153 163 171 165 149 141 140 141 133 117  98  82
  68  59  49  46  47  47  45  43  42  40  38  37  41  44  42  46  46  47
  49  50  51  52  52  52  51  51  53  56  59  60  61  62  69  87 122 148
 166 171 174 173 174 174 174 174 174 174 174 174 173 174 174 174 175 173
 173  28]","[ 29  29 164 164 162 161 160 163 165 166 168 169 168 167 167 167 168 168
 170 171 172 171 171 171 171 171 171 171 171 171 171 171 172 171 171 171
 171 170 170 170 169 169 170 171 171 171 171 171 171 171 171 171 171 171
 171 171 171 171 171 171 171 170 169 168 168 168 169 170 169 168 167 167
 169 170 171 170 169 169 170 170 170 171 171 171 171 171 171 171 171 171
 171 171 170 170 170 171 172 172 172 172 172 172 173 173 173 173 173 172
 172 172 171 171 170 172 173 173 172 171 172 172 174 173 174 176 173 174
 184 186 188 170 148 142 158 168 166 139 112 106 109 115 114 108 100  93
  91  82  65  51  41  35  38  41  38  38  40  39  37  38  39  42  46  47
  48  49  50  51  51  50  50  52  55  58  59  59  59  61  65  92 126 152
 171 172 174 174 174 174 175 175 175 175 175 175 175 176 175 175 175 173
 173  28]","[ 29  30 165 165 162 161 160 162 166 166 167 167 167 166 166 166 168 168
 169 170 171 171 171 171 169 170 170 170 170 171 171 171 171 171 171 171
 171 170 169 169 169 170 171 172 172 172 172 172 171 171 171 171 171 171
 171 171 171 170 171 171 171 171 169 169 168 168 168 169 169 168 167 167
 168 169 170 169 169 170 170 169 169 170 170 171 171 172 171 171 171 171
 171 171 170 168 168 168 170 170 170 171 171 171 171 171 172 172 172 171
 171 171 171 171 171 172 173 173 172 172 172 172 172 172 174 177 177 183
 191 188 177 150 131 146 165 159 137 106  82  77  80  89  95  98  95  88
  81  88  90  91  83  68  56  45  35  31  36  40  38  39  40  41  44  45
  46  46  48  49  50  49  50  53  57  59  59  58  60  62  63  97 129 154
 174 172 173 174 174 174 174 174 174 175 175 175 174 175 175 174 174 172
 173  29]","[ 28  29 164 164 162 163 162 165 167 166 166 166 167 166 166 167 168 168
 168 169 170 170 170 171 168 168 168 169 169 170 171 171 171 171 171 172
 171 170 169 169 168 169 171 171 171 170 170 171 171 171 171 171 171 171
 171 171 171 171 171 171 171 171 170 169 168 168 168 168 168 168 167 168
 165 166 167 167 168 170 170 168 169 169 170 171 172 172 172 171 172 172
 172 172 170 168 167 168 169 170 171 171 172 172 171 171 170 170 170 171
 171 172 172 172 171 172 173 174 174 174 173 173 173 173 173 177 182 190
 192 179 153 132 131 145 152 139 104  80  70  68  70  73  77  84  88  85
  81  85  89 107 125 131 125 111  83  56  39  32  29  35  39  40  41  42
  42  43  45  47  48  48  50  53  57  58  57  58  62  66  63 100 130 153
 174 170 172 174 174 174 173 173 173 173 174 174 173 173 173 172 172 171
 173  30]","[ 30  27 165 163 161 162 161 166 167 166 166 166 166 166 166 166 168 168
 168 168 168 168 168 169 169 167 167 169 170 168 168 169 168 169 169 169
 169 169 169 169 169 169 169 169 169 170 171 171 172 171 170 169 169 170
 171 170 168 170 170 170 171 171 171 169 166 169 165 166 165 169 166 167
 166 165 165 166 167 168 168 167 165 166 167 167 168 169 169 168 169 169
 168 168 168 168 169 169 168 168 168 169 169 169 170 172 170 170 169 169
 170 172 172 170 173 173 173 173 173 171 171 172 170 174 177 180 189 188
 180 153 130 126 129 139 132 106  82  66  66  63  64  67  67  73  80  82
  83  85  89  95 108 126 142 152 153 147 127  98  72  52  39  33  40  39
  40  41  42  41  44  47  51  54  55  53  53  54  57  63  62 104 136 158
 169 174 173 174 173 172 172 172 173 173 172 172 172 172 170 172 172 173
 172  29]","[ 30  30 163 162 165 162 161 163 163 165 165 164 164 165 165 164 167 166
 166 167 168 168 167 168 169 168 167 166 166 166 165 165 166 166 166 167
 168 169 170 171 167 168 168 169 169 170 171 171 168 168 167 167 168 170
 171 171 169 170 170 169 169 170 170 169 167 168 164 166 166 170 167 167
 167 166 166 167 168 168 166 163 165 166 167 167 167 168 168 168 167 168
 168 168 168 168 167 167 167 168 169 169 169 169 169 170 171 170 169 169
 170 171 172 171 172 171 172 172 172 171 171 171 171 173 182 185 190 180
 156 130 116 119 125 130 116  91  73  63  62  58  60  62  62  66  71  73
  81  81  81  83  91 106 121 130 147 152 153 145 130 106  73  46  38  39
  39  39  38  38  41  44  48  52  53  50  48  49  55  63  67 110 142 160
 168 172 170 171 172 172 171 172 173 172 171 171 171 171 169 172 172 173
 172  29]","[ 28  29 158 158 166 162 162 163 162 164 165 164 164 164 164 163 166 165
 166 167 168 168 167 167 165 166 166 166 166 168 168 166 167 167 166 165
 165 165 166 166 168 169 169 169 169 168 169 169 170 170 169 169 169 171
 171 171 169 169 168 168 169 170 171 170 167 167 164 165 166 167 164 165
 168 166 164 163 164 164 163 162 162 164 166 167 167 168 169 170 167 167
 168 168 169 169 169 169 168 168 168 168 168 168 169 169 170 169 168 168
 169 170 170 170 173 172 172 172 172 171 171 171 172 174 184 183 178 158
 125 106  98 105 113 115  99  78  69  64  61  57  57  58  57  59  63  64
  64  65  67  72  80  92 103 110 116 123 133 136 134 126 102  74  49  42
  37  36  36  36  38  41  45  47  47  46  46  48  54  61  67 112 144 162
 168 171 171 173 172 172 172 172 172 171 171 170 171 171 169 172 172 173
 173  29]","[ 31  31 161 158 161 159 159 161 161 161 162 163 163 162 162 163 162 162
 163 163 164 164 165 164 164 165 166 166 166 165 164 163 165 166 166 166
 166 166 166 166 166 166 167 168 168 168 168 169 168 168 168 167 167 168
 168 167 170 169 168 168 168 168 167 166 165 166 165 166 166 165 165 169
 168 166 164 163 162 162 162 162 161 163 165 166 167 168 169 168 168 166
 165 164 166 167 168 168 168 168 167 167 167 168 168 169 167 167 168 169
 170 169 168 168 170 169 169 169 170 170 170 171 173 177 181 174 157 127
  98  88  83  90  97  99  88  76  72  68  64  59  56  56  56  57  57  58
  53  55  60  67  75  83  90  93  89  93  99 101 101 106 103  89  69  50
  33  31  35  35  37  40  43  43  42  44  49  53  56  59  73 117 148 163
 167 169 168 171 172 172 172 173 172 171 170 170 168 169 167 170 171 171
 171  28]","[ 29  27 161 161 157 159 158 159 161 157 157 160 162 160 160 162 160 162
 163 163 162 163 164 164 163 161 162 165 166 164 165 167 164 165 166 166
 166 165 164 163 167 166 166 167 166 165 165 165 164 166 167 167 167 168
 167 167 166 166 166 167 167 167 166 166 165 164 162 162 164 163 163 165
 164 164 164 163 162 161 161 161 163 164 164 165 166 167 166 164 171 168
 165 165 166 167 167 166 165 166 166 165 165 166 166 165 165 165 166 168
 168 167 166 166 166 166 167 168 168 169 170 172 173 178 172 160 135 102
  83  78  75  80  84  86  81  75  73  69  66  62  58  59  60  58  55  52
  53  54  57  64  72  78  81  82  80  80  82  80  76  82  89  88  83  62
  40  30  31  35  37  39  41  41  42  47  55  59  59  59  78 119 148 163
 168 170 168 171 172 172 172 172 171 169 168 168 168 170 169 171 171 172
 172  29]","[ 30  30 158 161 156 161 159 159 159 155 154 158 160 159 159 161 162 165
 166 165 165 166 166 166 166 162 162 164 164 161 162 166 171 171 172 171
 170 168 166 165 165 164 165 166 166 164 163 164 165 167 168 168 168 168
 168 167 165 165 166 167 167 167 167 167 166 161 158 159 167 168 168 167
 166 165 164 163 162 162 164 165 165 165 166 166 167 167 167 166 166 164
 163 164 166 167 166 164 162 164 165 166 166 166 165 163 165 165 165 166
 166 164 165 166 166 167 168 168 167 166 167 170 171 170 152 135 110  88
  79  76  73  77  79  80  75  71  70  66  65  64  62  63  66  62  54  51
  51  53  58  65  71  74  73  72  72  69  68  66  62  67  76  80  88  79
  62  43  34  36  38  36  39  43  48  52  57  59  59  61  79 117 144 161
 168 170 168 171 171 170 170 170 169 168 167 167 169 171 170 173 172 172
 172  30]","[ 28  30 132 135 131 135 132 131 131 131 130 130 131 131 131 130 134 137
 138 138 138 139 138 136 135 135 138 144 147 147 150 154 154 155 156 156
 157 157 157 157 152 151 153 158 160 160 159 160 158 159 160 160 160 160
 160 160 163 162 161 160 158 156 156 157 151 148 146 145 156 160 162 160
 164 163 161 161 163 164 165 165 159 160 160 159 159 160 162 163 163 163
 163 164 165 166 167 167 163 165 166 166 166 167 166 163 168 168 168 169
 168 165 164 166 165 167 169 169 165 163 165 168 162 155 135 112  88  80
  77  76  70  74  75  75  71  67  67  63  61  62  61  62  65  60  54  52
  51  54  59  65  68  66  63  62  64  64  62  61  60  61  65  68  82  86
  81  64  48  40  38  36  41  47  52  55  57  56  58  61  80 115 142 161
 168 168 165 168 171 169 168 169 169 168 167 167 166 169 169 171 169 169
 169  27]","[ 29  30 107 108 108 111 111 111 110 112 112 108 107 109 108 105 107 109
 110 110 112 113 110 106 108 110 113 116 116 113 112 111 115 115 115 115
 115 116 117 117 115 115 116 121 122 120 118 117 120 121 123 123 124 125
 126 127 122 121 120 119 117 117 119 122 126 125 122 116 121 120 123 121
 122 122 124 129 133 133 129 125 122 123 123 121 119 119 123 125 125 126
 126 125 124 125 127 129 138 139 138 137 138 140 140 139 143 144 146 148
 146 141 139 139 139 143 147 147 144 142 145 150 153 146 131 104  77  76
  71  70  67  69  69  71  69  66  65  61  56  57  56  56  58  55  51  52
  51  53  57  61  62  61  61  63  58  59  56  53  54  57  61  65  71  80
  86  79  61  45  38  39  45  50  53  54  55  55  55  58  77 111 139 161
 169 169 166 171 170 169 168 168 169 169 168 168 169 172 172 173 171 170
 171  29]","[ 29  30 112 111 111 110 109 111 113 111 110 110 111 112 111 109 111 111
 111 110 111 112 112 112 112 113 115 116 116 114 111 108 112 110 109 110
 112 113 113 113 112 113 114 114 115 115 114 114 111 110 112 113 114 115
 114 110 110 111 112 112 113 114 114 114 115 113 111 110 112 113 114 114
 114 114 112 111 113 115 114 111 110 112 115 116 116 114 113 112 114 113
 112 111 112 114 115 116 114 113 113 114 115 114 115 116 114 115 116 117
 118 118 117 117 119 116 114 115 115 114 122 135 139 138 121  99  76  74
  69  64  64  65  66  66  67  67  65  61  59  57  54  52  51  50  51  51
  53  54  57  59  60  61  60  58  57  55  53  53  55  56  58  60  65  74
  79  81  77  60  44  44  53  54  53  54  55  53  54  61  74 100 124 143
 155 158 159 158 158 158 160 161 160 159 159 161 159 158 159 162 159 171
 166  29]","[ 29  29 111 111 111 111 110 112 111 111 111 111 112 113 113 112 113 113
 113 112 112 113 113 113 112 112 113 115 115 115 112 111 112 111 111 112
 114 114 113 113 113 113 114 114 114 115 115 114 113 112 112 113 113 114
 115 113 112 113 113 114 114 115 114 114 116 115 113 113 114 115 116 116
 116 116 116 115 116 117 116 114 113 114 116 117 117 116 115 114 116 115
 115 115 115 116 116 116 118 117 117 118 118 117 118 119 119 120 120 121
 121 121 120 120 118 118 117 117 117 118 123 130 131 130 116  97  78  73
  68  67  64  65  65  65  66  67  65  62  58  57  54  52  51  51  52  53
  53  54  55  57  59  61  61  60  57  55  54  54  56  57  59  60  62  66
  73  82  87  82  70  60  56  56  52  49  49  52  54  56  74  92 104 111
 115 114 115 115 118 118 119 119 118 116 116 116 122 124 119 121 119 117
 121  27]","[ 29  28 111 111 111 112 111 111 110 111 112 112 111 112 113 114 114 114
 114 113 113 113 113 113 111 111 111 112 113 114 113 113 113 112 111 112
 114 114 113 113 113 114 114 114 114 115 115 114 114 113 112 112 111 112
 114 114 114 114 113 114 115 115 114 113 114 114 114 114 115 115 115 115
 115 116 116 115 116 117 116 114 114 115 116 117 117 116 116 115 115 115
 116 116 117 117 117 116 116 116 116 116 116 115 116 117 117 118 118 118
 118 118 118 117 116 119 117 115 117 119 122 124 123 119 102  87  76  71
  64  63  61  61  61  61  64  65  65  64  60  59  57  55  53  53  53  54
  54  55  55  56  58  60  62  62  58  56  55  56  57  58  59  60  61  60
  65  74  82  87  81  68  59  55  51  48  47  51  57  59  76  93 105 111
 116 117 119 120 123 123 123 123 122 120 119 119 119 123 116 120 127 122
 120  32]","[ 29  29 111 111 112 112 110 110 110 111 112 111 111 112 113 114 114 113
 113 113 113 112 112 112 110 109 109 110 112 113 113 113 113 111 110 111
 112 113 114 114 114 114 114 114 114 114 115 114 114 113 113 112 110 110
 113 114 114 114 113 114 115 115 114 113 113 113 114 114 114 114 114 115
 114 115 115 114 114 114 114 113 114 114 115 116 116 116 115 115 114 114
 115 116 116 116 116 116 115 116 116 116 115 115 116 117 116 116 116 116
 116 116 117 117 115 117 116 113 115 118 121 123 122 117  98  81  73  67
  60  59  57  56  56  58  61  64  65  65  62  61  59  57  56  55  54  54
  57  57  57  57  58  60  61  62  58  57  56  57  59  59  60  60  59  59
  60  64  72  82  84  81  71  56  48  48  48  51  56  60  73  90 102 110
 115 117 118 119 122 122 122 123 123 122 120 120 118 121 119 120 121 122
 123  27]","[ 30  29 112 111 112 111 109 109 111 111 111 111 112 114 114 114 114 113
 113 113 113 111 110 111 110 110 109 110 111 113 113 112 112 110 110 111
 113 114 114 114 113 114 113 113 113 114 114 114 115 114 115 115 112 112
 114 114 114 114 113 114 115 116 115 114 114 115 115 115 115 114 115 115
 115 115 115 114 114 114 114 115 115 115 115 115 115 115 116 116 115 115
 115 115 115 115 115 115 114 115 116 116 115 115 116 117 116 116 116 116
 116 116 117 117 116 117 116 114 116 117 119 123 122 121 106  84  73  64
  60  60  57  56  56  57  59  62  63  64  61  60  59  58  57  57  56  56
  59  59  59  58  59  60  62  62  59  58  57  59  60  60  60  60  58  61
  58  59  66  73  80  90  84  64  48  45  47  53  62  66  82  97 105 109
 114 116 119 122 121 121 121 121 122 123 122 121 123 121 122 124 120 121
 125  30]","[ 30  29 111 111 111 111 110 110 112 111 111 112 113 115 115 114 115 114
 114 114 113 111 110 111 112 111 111 111 112 113 112 112 110 110 110 113
 115 115 113 112 112 112 113 112 113 114 114 114 115 113 115 116 113 112
 113 114 113 112 113 113 114 115 115 114 115 115 115 115 114 114 115 115
 116 115 115 114 114 114 115 115 115 115 114 114 115 115 115 115 115 116
 116 115 115 114 114 114 113 115 115 115 114 115 116 116 116 116 116 116
 116 115 115 115 114 115 115 116 116 115 116 119 116 115 105  85  75  67
  63  61  59  58  56  56  57  58  60  61  58  57  56  56  58  59  60  59
  60  61  61  61  61  63  64  64  60  59  59  61  62  62  62  62  59  61
  57  56  63  64  69  82  90  82  68  54  49  56  69  75  83  97 104 109
 114 117 122 124 121 121 121 120 121 122 122 121 122 121 119 121 124 124
 121  27]","[ 30  28 110 109 109 110 110 112 113 112 112 112 113 114 113 112 114 113
 113 114 114 112 111 112 113 112 112 111 112 112 112 111 110 110 110 112
 114 114 112 111 110 111 111 112 112 113 113 113 114 111 112 114 112 111
 112 112 111 112 112 113 114 114 114 114 114 114 114 114 114 114 114 114
 115 114 114 114 114 114 114 114 115 114 114 114 114 114 114 114 114 115
 115 115 115 114 114 114 115 116 117 116 116 117 117 117 116 116 117 117
 116 116 116 115 114 115 115 115 116 114 113 115 112 105  96  82  76  68
  64  60  58  56  54  52  51  52  54  58  56  54  52  53  56  58  59  59
  61  62  62  62  62  64  65  66  63  62  62  63  64  64  64  64  60  60
  58  59  62  63  67  74  87  95  93  80  67  62  66  72  86 102 111 116
 120 120 121 122 122 122 122 121 121 122 123 122 121 125 123 119 121 123
 122  33]","[ 30  29 110 108 108 110 111 113 113 113 113 112 111 111 111 110 111 110
 111 113 114 112 111 112 114 113 111 111 111 111 111 110 112 110 109 110
 111 112 111 111 109 110 111 111 112 113 113 113 114 110 110 112 111 110
 111 111 112 112 113 113 114 114 114 114 114 114 114 115 115 115 115 115
 115 114 114 114 115 114 114 114 115 114 114 114 114 115 114 114 113 114
 115 116 116 115 115 116 115 116 116 115 115 116 116 114 114 114 115 115
 115 115 115 115 116 117 116 115 116 116 115 116 114 104  95  82  74  64
  63  60  53  51  49  47  46  46  50  55  55  52  48  48  51  55  56  55
  60  61  61  61  61  63  64  65  65  63  63  64  65  66  66  66  64  61
  62  63  59  59  64  66  73  88  99  99  89  75  66  67  78  96 107 115
 120 121 121 121 122 123 122 120 120 122 122 122 123 120 121 124 122 122
 120  29]","[ 29  30 110 110 111 110 111 111 111 111 111 111 111 110 109 108 111 110
 110 111 112 113 112 111 111 110 109 109 109 109 109 110 110 110 110 110
 110 111 111 111 110 111 111 112 112 113 113 113 111 111 111 111 111 112
 112 111 113 113 112 112 113 114 114 114 113 114 114 114 113 114 115 115
 114 114 114 113 112 112 113 115 114 114 114 114 114 114 114 114 114 114
 115 115 116 116 115 114 113 115 115 114 113 114 115 115 114 115 116 116
 115 115 115 116 116 117 117 116 116 117 117 118 115 107  94  80  69  61
  58  57  50  48  46  44  43  45  49  53  56  54  52  50  50  50  52  54
  55  55  57  60  59  57  58  62  62  65  65  63  64  65  65  66  64  63
  63  63  62  61  61  64  66  73  90 102 101  93  84  75  78  91 107 115
 118 118 119 119 121 121 121 122 122 122 122 122 122 122 123 122 122 122
 120  30]","[ 28  29 109 109 109 109 110 110 112 112 112 111 111 110 109 108 110 110
 110 110 111 111 110 109 111 110 110 109 109 109 110 111 111 111 111 111
 111 112 112 113 112 111 111 111 112 112 112 113 112 112 112 112 112 112
 112 112 114 113 113 113 114 114 113 112 112 113 114 113 113 113 114 114
 112 113 114 115 114 113 113 113 114 114 114 114 114 114 114 114 114 114
 115 115 115 114 113 113 113 115 115 114 113 114 115 114 113 114 115 115
 114 114 115 115 116 117 117 116 116 117 119 119 117 106  90  74  63  57
  54  52  48  47  46  44  42  43  47  51  56  55  53  51  50  50  50  49
  49  45  43  45  48  51  55  59  62  64  65  64  66  66  65  65  66  64
  64  64  64  62  62  64  65  68  79  94 104 107  99  86  83  92 103 113
 118 119 118 119 120 120 121 121 121 120 120 119 121 121 122 121 121 121
 119  29]","[ 29  29 109 108 109 109 111 111 113 112 111 111 111 110 109 109 111 111
 110 110 110 110 110 110 110 111 110 110 110 110 111 112 111 111 111 111
 112 112 113 113 112 111 111 110 110 111 111 112 112 112 112 112 112 112
 112 112 113 113 113 114 114 113 112 110 111 113 113 112 112 112 113 113
 112 113 114 115 115 114 112 112 113 113 113 113 114 114 114 114 114 115
 116 115 114 112 112 112 114 115 115 115 115 115 115 115 114 114 114 114
 114 114 115 115 116 116 116 116 116 118 119 120 119 106  86  68  59  56
  53  50  47  47  46  43  41  41  45  50  55  55  54  52  51  50  48  45
  40  37  34  35  36  40  48  56  60  63  63  63  66  67  66  66  68  66
  65  65  65  63  63  63  64  63  67  76  92 108 111 104  95  96 102 111
 116 117 117 117 119 120 120 121 120 119 118 117 119 120 121 121 121 121
 118  29]","[ 29  29 109 109 109 109 111 111 112 111 110 110 111 111 109 108 110 110
 110 110 110 110 110 110 111 110 110 110 110 111 111 111 110 110 110 110
 110 111 111 111 110 110 110 109 109 109 110 110 112 112 112 112 111 111
 112 112 112 112 112 113 113 113 111 110 110 112 112 111 110 111 112 113
 114 114 114 114 113 113 113 112 113 113 113 113 114 114 114 114 114 115
 115 114 114 113 113 113 114 114 115 115 115 115 115 114 115 114 114 114
 115 115 115 115 114 114 115 115 116 117 118 118 118 104  83  66  59  58
  55  50  47  47  46  44  42  42  46  50  52  55  55  53  51  50  47  45
  39  36  33  32  32  33  40  47  55  59  61  62  65  67  67  68  68  66
  65  65  65  64  62  61  61  62  62  63  72  90 105 111 104 104 106 111
 114 115 116 117 119 119 120 120 120 119 117 117 117 118 119 120 121 121
 118  30]","[ 29  29 109 109 109 108 110 110 110 109 109 110 110 110 109 108 107 108
 109 109 109 109 109 110 111 110 108 109 110 111 110 109 109 109 109 109
 109 109 108 108 109 109 109 109 109 109 109 109 111 111 111 111 111 111
 111 111 110 110 110 111 111 111 111 111 110 111 111 109 109 110 111 112
 115 114 113 113 112 112 112 112 113 113 113 113 114 114 114 114 113 113
 112 113 113 114 114 113 114 114 114 114 115 114 114 114 114 114 114 114
 115 115 114 113 112 113 114 115 116 116 116 115 112  99  80  66  60  59
  55  50  47  47  47  47  46  44  44  45  48  51  54  53  50  49  49  48
  47  40  35  33  32  31  33  36  47  53  58  61  65  67  68  69  67  66
  66  66  66  64  61  59  59  62  63  62  65  72  84  93  98 104 109 112
 114 116 117 117 118 118 118 118 118 118 117 117 117 117 118 119 120 120
 117  29]","[ 29  29 109 108 108 108 109 109 108 108 108 109 110 109 108 107 107 107
 108 108 108 108 109 109 109 108 106 107 109 110 109 107 109 109 108 108
 108 107 107 107 108 108 108 109 109 109 109 109 110 110 110 110 111 111
 111 111 110 109 109 109 109 110 110 110 109 110 109 108 108 109 111 111
 112 112 113 112 112 111 111 111 111 111 111 112 113 113 113 112 113 112
 111 112 113 114 114 114 114 114 114 115 114 114 114 115 114 114 114 115
 115 115 114 113 113 114 114 115 115 115 114 113 106  93  77  66  61  59
  54  50  47  48  49  50  49  46  42  40  44  48  52  53  50  49  51  53
  53  47  40  36  32  29  29  32  40  48  55  61  65  67  67  68  67  66
  66  66  65  64  61  59  61  61  60  61  64  64  65  70  80  91 104 111
 114 116 117 116 118 118 117 117 117 118 118 118 119 118 119 119 120 119
 117  29]","[ 29  29 108 107 107 106 108 108 108 108 109 109 109 108 107 107 107 108
 108 108 108 107 107 107 106 106 105 106 107 108 107 107 107 107 107 107
 107 107 107 106 108 108 108 108 108 108 109 109 109 108 108 109 110 111
 111 110 109 109 109 108 108 108 109 109 108 108 108 108 109 110 110 109
 110 110 111 111 111 110 110 111 110 110 110 110 111 112 111 110 112 112
 111 111 112 113 114 114 114 113 114 114 114 113 114 115 115 115 115 115
 115 115 115 114 114 114 114 114 114 114 112 111 102  90  75  66  62  58
  54  53  50  50  50  50  49  45  42  40  44  46  50  53  52  51  53  57
  56  52  46  40  33  28  29  33  38  45  51  56  62  66  66  66  66  65
  65  64  64  63  61  59  61  59  57  57  61  60  59  61  64  77  95 108
 114 115 116 116 118 118 117 117 117 118 118 119 120 118 118 119 119 119
 117  30]","[ 29  28 107 105 105 104 106 107 109 109 109 109 108 107 107 107 107 107
 108 108 107 106 104 104 104 104 105 105 106 106 107 107 106 106 106 107
 107 107 106 106 109 108 107 107 107 107 108 108 107 106 106 107 109 110
 110 108 108 108 108 108 108 108 109 109 107 107 108 108 109 110 109 108
 109 109 109 109 109 109 111 112 111 110 110 111 112 112 111 110 111 112
 111 111 110 110 112 113 112 112 112 112 112 111 112 114 114 114 114 114
 114 114 114 114 114 114 114 113 113 112 111 109 100  87  73  66  61  57
  55  55  53  52  50  48  47  45  44  44  45  46  50  55  55  53  55  60
  59  52  45  40  36  32  30  31  39  43  46  51  58  63  64  65  65  65
  64  63  62  62  61  59  55  58  57  57  59  59  59  63  60  71  89 105
 113 114 115 117 117 117 117 116 116 117 117 117 118 116 116 117 118 117
 115  29]","[ 29  30 103 104 104 104 105 106 106 106 107 108 108 108 106 104 107 107
 107 106 105 104 104 104 104 105 105 105 105 105 105 105 105 105 104 105
 105 106 105 104 108 108 108 109 108 107 107 108 107 107 108 108 108 108
 107 107 108 107 106 106 107 108 109 109 108 108 108 109 109 110 109 109
 110 110 110 110 109 109 110 110 110 110 110 110 110 111 112 113 112 112
 111 111 111 110 110 110 109 112 113 112 111 111 113 115 113 114 114 114
 114 115 114 113 113 114 114 112 111 111 111 110 101  86  70  65  61  55
  56  57  55  52  49  47  46  45  45  45  44  45  49  52  53  55  58  62
  60  55  49  41  34  31  32  36  39  42  44  47  53  58  61  64  65  65
  64  62  61  62  60  57  57  57  57  57  57  57  58  59  59  69  88 106
 114 115 116 115 117 117 117 117 117 117 118 118 117 116 116 117 118 118
 116  29]","[ 29  30 104 105 105 105 105 105 104 105 105 105 105 105 104 103 105 105
 105 104 104 103 104 104 103 104 105 105 104 104 104 104 104 104 104 104
 104 104 104 104 107 107 108 108 107 106 106 107 105 105 106 107 107 107
 106 106 106 105 105 105 107 108 109 109 108 107 106 107 108 109 109 109
 110 109 109 108 107 107 108 109 109 109 109 109 109 110 111 113 113 113
 112 111 110 110 110 110 108 109 110 111 111 111 112 112 113 113 114 113
 114 115 114 113 112 114 114 114 113 113 112 110 100  85  69  64  61  56
  57  56  53  51  48  47  45  44  44  45  45  46  48  51  52  54  57  61
  59  55  50  44  38  34  34  37  41  43  45  47  52  56  58  61  64  65
  64  61  61  61  59  57  57  57  58  58  58  57  58  59  60  70  89 106
 113 115 116 115 116 116 116 115 115 115 117 118 117 116 117 117 118 118
 116  29]","[ 29  30 104 106 105 105 105 105 105 104 103 103 103 103 103 103 104 104
 103 103 104 104 104 104 103 104 105 105 104 104 104 104 103 104 105 105
 104 103 104 104 105 106 107 107 106 105 105 106 104 105 106 107 107 107
 107 107 105 105 104 105 107 108 109 108 108 106 105 105 106 108 109 109
 110 109 108 107 106 106 107 108 109 109 109 108 107 108 111 113 113 112
 111 110 109 109 109 109 109 109 109 110 112 112 111 110 112 112 112 112
 113 114 114 113 111 112 113 114 114 114 111 108  98  83  67  63  60  57
  56  53  53  52  50  48  46  45  45  46  46  46  47  49  50  53  55  58
  58  55  51  47  42  38  37  39  43  46  46  47  51  54  56  59  62  62
  62  60  59  59  58  56  56  56  57  57  57  57  58  60  63  73  91 107
 113 115 116 116 116 116 116 115 114 114 116 118 118 117 117 117 118 118
 116  29]","[ 29  30 104 105 104 104 104 105 105 104 103 103 103 103 103 104 104 103
 103 103 104 104 104 104 104 104 104 104 103 103 103 104 104 104 104 104
 104 104 104 105 104 105 106 106 105 104 104 105 105 105 106 107 107 107
 107 107 106 105 105 105 107 107 107 107 106 106 105 104 105 106 108 109
 108 108 108 108 107 107 108 108 109 109 109 108 107 107 109 111 111 111
 110 109 108 108 108 108 110 109 109 111 112 112 110 110 111 111 111 112
 112 113 113 113 110 111 112 113 114 113 109 105  97  84  68  62  59  56
  56  53  55  53  51  50  48  47  47  47  46  45  45  47  48  51  52  54
  56  54  51  48  43  40  40  42  46  48  48  49  53  55  56  58  58  59
  59  59  58  58  57  56  57  56  55  55  56  58  60  62  66  77  95 109
 114 115 115 115 116 116 116 115 114 114 116 117 117 116 116 116 117 117
 116  29]","[ 29  29 102 103 103 103 104 104 104 103 103 103 103 102 102 102 103 102
 102 102 103 104 103 103 103 103 102 102 101 101 102 103 104 104 103 103
 103 104 104 104 104 104 105 105 104 103 104 105 105 105 105 105 105 105
 106 106 106 105 105 105 106 106 105 105 104 105 105 105 104 105 107 109
 106 107 108 109 108 107 107 106 107 108 108 107 107 107 108 109 109 109
 109 109 109 109 109 109 110 109 109 110 110 109 109 109 110 110 111 111
 111 111 112 112 112 112 112 113 114 113 109 105  96  84  69  63  59  57
  57  55  55  52  50  50  50  49  48  47  45  45  45  46  48  49  50  50
  50  49  47  44  41  40  42  46  48  51  52  52  55  57  57  58  57  58
  58  58  57  57  56  56  57  55  54  55  58  60  62  63  68  79  96 110
 113 114 115 114 114 115 115 114 113 114 115 116 115 114 115 115 116 116
 116  29]","[ 29  29 101 101 101 102 103 103 103 102 102 103 103 101 100 101 102 101
 100 101 102 103 103 102 102 102 102 101 100 101 102 103 103 102 101 101
 102 103 103 103 103 103 103 103 103 103 104 105 104 105 105 104 103 103
 104 105 105 105 105 105 105 105 105 105 103 105 106 105 105 105 106 108
 106 107 109 109 108 107 106 106 107 107 107 108 108 108 109 109 108 108
 108 109 109 110 110 110 109 108 108 109 109 108 109 110 111 110 110 111
 110 110 110 111 112 112 111 112 113 112 109 104  94  81  68  63  60  56
  57  56  54  52  50  51  52  51  48  47  45  45  45  46  47  48  48  47
  43  41  40  40  40  42  46  51  52  54  55  55  57  58  57  57  57  57
  57  57  56  55  54  54  54  53  54  57  61  63  63  63  69  80  97 109
 112 113 114 113 114 114 115 115 115 115 115 115 114 114 114 114 115 116
 115  29]","[ 29  28  99 100 100 101 102 101 102 101 102 103 102 100  99 100 100  99
  99  99 100 100 100  99 101 101 101 101 101 101 101 102 101 101 101 101
 102 102 102 102 102 102 101 102 103 103 103 104 103 104 105 105 104 104
 104 105 104 105 105 105 105 105 105 105 104 104 105 105 105 105 105 106
 106 106 107 107 107 107 106 106 107 107 108 108 109 109 109 109 108 108
 108 108 109 110 110 110 110 108 108 109 110 109 110 112 111 111 110 111
 110 109 109 111 112 112 111 110 111 110 107 102  93  79  66  64  62  57
  57  55  54  53  52  53  53  51  48  46  45  45  45  45  46  47  46  45
  39  37  35  38  43  47  51  54  55  58  58  58  59  59  58  58  58  57
  56  57  57  56  54  53  53  53  55  58  62  64  66  67  74  84  98 109
 112 113 114 113 115 115 115 115 116 116 116 115 115 114 114 114 114 115
 115  29]","[ 29  28  98  99 100 101 101 100 101 100 101 102 101  98  98  99  98  98
  97  97  97  97  96  96 100 100 101 101 100 100 100 101 100 101 102 103
 102 102 102 102 101 100 100 102 103 103 103 102 102 103 105 105 104 104
 104 104 103 104 105 105 104 103 104 104 104 104 104 104 105 105 105 104
 104 104 104 104 104 105 106 107 108 107 107 108 109 109 109 108 108 107
 107 107 108 109 110 110 109 107 107 109 111 110 111 112 112 111 110 111
 110 108 109 111 112 112 111 110 110 109 105 101  94  79  67  66  64  59
  57  55  55  54  54  54  53  50  47  45  44  45  44  44  44  45  45  43
  39  35  34  38  46  51  55  56  58  60  59  59  61  61  59  60  59  58
  58  59  59  58  56  55  55  55  57  60  62  65  69  73  79  88 101 110
 112 114 115 114 115 114 114 115 116 116 116 115 115 115 115 114 114 115
 115  29]","[ 30  28  98 100  98  97 101 101 101 101 101 101 100  98  97  97  97  97
  97  97  97  98  99  99  99 100 101 101 101 101 101 102 101 102 103 103
 102 101 100 100 100 101 102 102 102 101 102 102 102 101 102 104 105 104
 103 104 103 104 105 104 104 104 105 105 104 103 103 103 104 105 105 105
 104 105 105 105 105 105 105 106 107 106 105 105 107 107 107 106 106 107
 108 109 109 109 108 107 108 107 106 107 109 111 111 110 112 110 110 110
 110 109 110 113 112 111 111 112 112 109 104 102  95  81  74  67  65  60
  57  55  55  55  55  53  51  48  46  45  44  45  45  45  46  47  45  42
  39  36  37  44  51  55  57  58  59  59  59  60  61  62  62  62  62  60
  59  58  58  57  58  59  58  57  60  60  62  68  72  74  80  92 103 109
 113 115 114 113 113 114 115 115 115 115 115 114 115 115 115 114 115 114
 113  29]","[ 30  28  98 100  99  98 100  99  98  99  99  99  98  97  97  97  97  98
  98  97  97  99 100 100  98  98  98  99  99 100 100 100 100 100 101 101
 100 100 100 100 100 100 101 101 101 101 103 104 102 102 102 103 104 102
 102 102 103 104 104 104 104 105 105 105 105 104 104 104 105 105 105 105
 104 104 105 105 104 105 105 106 106 105 105 107 108 109 109 108 105 106
 107 108 108 109 109 108 107 107 107 108 109 110 111 111 112 110 109 110
 109 108 109 112 112 112 111 110 110 108 105 102  93  80  73  66  64  59
  56  55  54  54  53  51  49  47  45  45  44  45  45  46  47  48  44  40
  36  34  36  45  54  60  62  63  60  61  62  62  63  63  64  64  61  60
  59  59  58  57  57  58  61  60  64  64  65  71  73  75  81  94 105 111
 114 114 114 113 113 114 114 114 114 115 115 114 114 115 115 114 115 114
 113  29]","[ 30  28  97  99  98  97  98  97  97  97  97  97  97  97  98  98  97  97
  97  96  96  97  98  99  97  96  96  97  98  99  98  98  97  98  98  98
  98  99  99 100  99  99  98  97  98  99 101 103 102 101 102 102 101 100
  99 100 102 102 102 102 103 104 104 104 104 104 104 104 104 105 104 104
 104 104 104 104 104 104 105 105 104 104 105 106 108 109 108 108 106 107
 107 107 107 108 108 108 107 107 107 107 107 108 109 110 110 109 108 108
 108 107 108 110 111 111 110 108 107 108 105 102  92  79  73  65  63  58
  56  55  55  54  52  50  48  46  45  45  44  45  45  47  48  48  44  39
  39  38  40  48  57  62  63  62  62  62  63  63  63  62  62  63  61  61
  61  61  60  59  59  60  63  62  66  66  68  72  73  75  81  94 106 111
 113 113 112 113 113 113 112 112 113 114 114 113 113 114 115 114 115 114
 113  29]","[ 29  29  97  97  97  96  96  95  96  96  96  96  96  96  97  97  96  97
  97  96  95  95  96  96  96  96  96  96  97  97  97  97  96  96  97  98
  98  99  99 100  99  98  97  96  96  98  99  99 101 101 101 101 100 100
 100 100 102 102 102 102 103 104 104 103 102 102 103 103 104 104 104 104
 103 104 104 104 104 104 104 105 104 104 105 106 107 107 107 107 107 107
 107 106 106 107 107 107 107 108 108 107 106 106 107 108 108 107 107 108
 108 107 108 110 110 110 108 105 106 107 105 101  93  80  74  66  63  59
  57  56  55  53  51  49  47  46  45  44  46  46  46  47  48  48  44  41
  38  39  43  51  59  64  65  65  63  64  65  64  62  61  60  61  61  61
  62  62  61  61  63  64  63  63  66  67  70  72  73  77  83  95 106 110
 112 112 112 113 113 112 111 111 112 114 113 112 112 113 114 114 115 114
 113  30]","[ 29  29  96  94  95  94  95  96  95  95  95  94  94  94  95  95  97  97
  98  97  96  96  96  95  96  97  97  97  96  96  96  97  97  97  98  99
 100 100 100 100 100  99  98  97  98  98  98  97 100 101 101 101 100 101
 101 102 103 103 102 102 104 105 104 103 101 102 103 103 104 104 104 104
 104 104 104 104 104 104 104 105 105 105 105 105 106 106 106 106 107 107
 107 106 106 106 107 106 107 108 108 107 105 105 107 108 109 108 109 109
 109 109 109 110 109 110 108 105 106 107 105 100  93  81  75  67  64  61
  59  58  55  54  52  50  47  45  44  44  46  47  48  49  48  46  43  40
  38  41  47  55  60  63  64  65  65  66  66  65  62  60  60  60  59  59
  60  60  60  60  63  66  66  66  69  69  72  73  74  81  89 100 108 110
 112 113 112 112 113 112 110 110 112 114 113 112 112 113 114 114 114 113
 113  29]","[ 29  29  94  92  94  94  95  96  95  95  95  95  94  94  94  94  97  97
  97  96  96  96  96  95  96  96  97  96  95  95  95  96  97  97  98  99
 100 100 100  99  98  98  98  98  99  99  98  97  99  99  99  99  99 100
 101 102 103 103 102 102 103 104 103 102 102 102 103 103 102 102 102 102
 104 104 104 104 103 103 104 104 104 104 104 104 104 105 106 106 106 106
 106 105 106 106 107 106 105 105 106 105 104 105 106 108 109 109 109 109
 108 108 109 109 109 109 108 106 107 108 105 100  93  81  76  67  66  63
  61  59  57  57  55  53  50  47  46  46  45  47  49  50  49  45  41  38
  40  45  52  57  61  63  63  64  64  64  64  62  60  59  58  58  59  60
  61  60  60  60  63  67  68  69  71  71  74  74  75  84  95 103 109 110
 112 112 112 111 113 112 111 111 112 114 114 112 112 114 114 114 113 112
 112  28]","[ 29  29  92  89  94  95  95  95  95  95  95  95  95  95  95  95  96  95
  94  94  95  96  96  96  96  96  96  96  96  96  96  96  97  97  97  97
  98  98  98  98  97  97  97  97  97  98  97  97  98  99  98  97  98 100
 101 100 101 101 101 100 101 102 102 101 102 103 103 102 102 101 102 102
 104 104 104 103 103 103 103 103 103 103 103 103 104 104 105 105 105 105
 105 105 105 106 106 105 104 104 104 104 104 105 107 108 108 108 109 108
 107 107 107 107 109 108 107 107 108 107 104 100  92  81  76  68  67  65
  62  59  59  59  58  55  52  49  49  49  48  48  49  50  49  46  42  39
  39  45  52  59  63  66  67  67  64  63  62  61  59  58  57  57  58  60
  62  62  61  61  63  66  67  69  71  72  74  73  74  86  97 104 109 110
 110 111 111 111 112 112 111 111 112 113 113 112 111 113 113 112 112 111
 111  29]","[ 29  28  90  88  95  97  95  94  93  94  95  95  95  95  95  95  95  94
  93  92  94  96  97  97  96  96  95  96  97  97  97  97  97  97  96  96
  97  97  97  97  98  97  97  96  96  97  97  97 100 100  99  98  98 100
 101 100 100 100 100 100 101 102 102 102 103 103 103 103 102 102 103 103
 103 104 104 103 103 102 103 103 103 104 104 105 105 105 105 105 105 105
 105 105 105 105 105 104 105 105 105 105 106 107 108 108 107 108 108 108
 107 108 108 108 108 106 105 106 107 106 102 100  93  82  76  69  68  66
  63  60  58  58  57  55  51  49  49  50  51  49  48  48  49  47  45  43
  43  48  55  60  64  67  67  66  67  66  64  62  60  59  58  58  56  58
  61  63  61  60  61  64  65  68  71  72  74  73  74  87  96 104 109 110
 110 111 111 111 111 111 111 111 112 112 112 111 110 111 112 111 111 111
 112  29]","[ 29  29  90  92  94  95  95  95  93  93  94  95  95  94  94  94  92  92
  93  93  93  95  96  96  97  95  94  95  96  96  96  97  95  96  97  98
  98  97  96  96  97  97  97  97  97  97  97  97 100 101 101  99  99 101
 102 101 101 100 100 100 101 101 102 103 102 102 102 101 101 101 102 103
 103 103 102 102 103 104 104 103 104 105 105 105 104 104 104 104 106 105
 104 104 105 105 105 104 105 107 107 105 104 105 107 108 106 105 104 105
 107 108 108 107 107 107 107 107 106 105 103 101  93  85  75  69  67  66
  63  60  59  57  56  53  50  51  53  53  51  50  49  50  50  49  47  46
  47  52  58  63  65  66  67  68  65  65  64  63  62  60  58  57  57  58
  58  59  61  63  64  64  65  68  72  73  72  72  78  85  99 106 109 109
 109 110 111 112 114 114 112 112 112 112 112 110 110 110 110 111 111 110
 110  29]","[ 28  29  89  91  92  92  92  93  94  93  93  94  94  93  92  92  93  94
  94  94  94  95  95  95  96  95  94  95  96  96  97  98  95  96  97  98
  97  97  97  96  96  98  98  98  97  97  98  99  99  99  99 100 100 100
 100 101 100 100 100 101 101 102 101 101 102 102 102 102 101 102 102 103
 102 103 102 103 104 105 104 103 104 105 105 104 104 104 104 104 105 105
 104 105 105 105 105 105 105 106 107 105 104 105 106 107 105 104 104 105
 106 107 106 105 107 106 106 106 107 106 103 101  94  86  75  68  66  66
  64  61  59  56  54  53  51  52  53  52  50  49  49  49  49  48  46  45
  48  53  59  63  66  67  68  68  66  65  63  62  61  59  58  57  58  58
  58  59  60  62  65  66  70  71  72  73  72  74  82  90 102 108 110 109
 109 110 111 111 114 113 112 111 112 112 111 110 111 110 110 110 111 110
 111  29]","[ 28  29  90  91  90  89  90  91  93  92  91  92  92  92  90  90  94  95
  95  95  94  94  94  94  96  96  95  95  95  94  94  95  96  97  97  98
  97  97  97  97  95  97  98  98  97  97  98 100  97  96  97 100 101  99
  99 100 100 100 100 101 101 101 101 100 101 102 102 102 102 102 102 103
 103 103 103 103 104 105 104 103 103 104 105 104 104 104 104 103 104 104
 104 104 104 104 105 105 105 105 106 105 104 105 105 105 104 104 104 105
 106 106 105 105 107 105 104 105 107 107 104 101  96  87  75  67  65  65
  64  62  61  56  54  54  54  53  52  51  48  48  49  50  49  47  45  44
  50  56  62  65  66  69  70  69  68  66  63  61  60  59  58  58  58  58
  58  60  61  62  65  68  73  73  74  75  74  76  84  94 105 109 110 108
 109 110 110 111 112 112 111 110 111 111 111 110 111 110 109 109 111 110
 111  29]","[ 29  29  89  90  89  88  88  88  90  89  90  91  91  90  90  90  93  94
  95  94  93  93  94  94  94  94  95  95  93  92  92  93  95  96  97  96
  96  95  96  97  96  97  98  98  97  97  98  99  96  96  97  99 100  99
  99 100 101 100  99  99  99 100 100 100 101 101 102 102 103 103 102 102
 104 104 103 103 104 105 103 102 103 104 104 104 103 103 103 103 104 104
 104 104 103 103 103 104 105 105 105 105 104 104 104 103 104 104 105 106
 106 106 106 105 106 105 104 105 107 107 104 102  98  88  76  67  64  64
  64  64  63  58  56  57  56  53  51  49  47  48  50  50  49  47  45  45
  51  59  64  65  66  69  70  69  67  66  63  61  59  58  58  57  57  57
  59  63  64  63  65  69  73  73  76  78  77  77  85  95 106 109 109 108
 109 110 110 110 109 109 109 108 109 111 111 110 111 109 109 109 110 109
 110  28]","[ 29  28  87  88  89  88  87  87  87  88  89  90  89  89  90  91  94  94
  94  92  92  92  93  93  90  91  92  93  93  92  92  94  93  94  95  95
  94  94  95  96  97  97  97  97  98  98  98  98  97  98  98  98  98  99
  99  99  99  99  98  98  98  99 100 100 100 101 102 102 103 103 102 102
 104 104 103 102 103 103 103 101 102 103 104 103 103 103 103 102 103 104
 104 104 103 102 103 104 105 105 105 105 104 104 103 102 104 104 105 106
 106 106 106 105 105 105 105 105 106 106 105 104 100  91  79  69  65  65
  65  65  64  60  58  58  56  52  50  48  47  49  50  51  49  46  45  46
  53  60  65  65  66  69  69  67  66  65  63  61  59  57  56  56  57  58
  61  64  65  65  67  71  72  74  78  80  78  78  86  97 104 107 107 107
 109 110 109 110 108 108 108 108 108 110 110 110 110 109 109 109 110 109
 110  28]","[ 30  28  86  87  88  88  88  87  86  88  89  90  88  87  89  91  95  94
  93  91  91  92  92  92  89  90  92  93  92  91  92  93  94  94  95  95
  95  95  96  96  97  97  96  97  97  98  97  97  98 100 100  98  97  98
  99  98  99  99 100 100 100 100 100 100 101 101 101 102 103 102 102 101
 102 103 102 101 102 102 102 101 101 102 103 103 103 103 103 102 102 103
 104 103 103 103 104 105 105 104 104 105 104 103 103 103 103 103 103 104
 105 105 105 104 104 105 105 105 105 104 104 104 100  93  82  72  66  64
  64  64  64  60  59  58  55  52  50  47  48  50  51  51  49  46  46  47
  56  61  65  66  67  69  69  67  66  66  65  63  60  58  56  56  57  58
  60  62  64  65  69  73  74  76  79  79  78  81  90 100 103 105 106 107
 109 110 109 109 109 109 109 108 108 109 109 109 109 109 109 109 110 109
 110  28]","[ 30  28  86  87  88  88  88  88  87  87  88  89  88  87  88  90  93  92
  91  89  90  91  91  90  90  91  93  94  93  92  91  92  94  95  96  97
  97  97  97  97  96  96  96  96  97  97  97  97  98  99  99  98  97  97
  98  99 100 101 102 102 101 100 100 101 101 101 101 101 102 102 102 101
 101 102 102 101 101 101 101 100 100 102 103 103 103 103 103 102 102 102
 102 102 102 102 103 104 104 103 103 104 104 103 103 104 104 103 102 103
 104 104 104 103 105 105 104 104 104 104 104 104 101  95  86  76  69  65
  64  64  64  61  59  57  55  53  52  49  50  51  53  52  49  47  48  50
  57  61  65  67  68  69  69  68  67  66  65  63  60  58  57  57  56  58
  60  61  63  66  70  73  76  77  78  77  78  85  95 103 104 106 106 107
 109 109 108 109 110 110 109 108 107 108 108 108 108 108 108 108 109 108
 109  29]","[ 29  28  86  86  86  86  87  87  87  87  87  88  88  88  88  89  90  90
  88  88  89  90  90  89  90  91  92  94  94  94  93  93  94  94  95  96
  97  97  97  97  95  96  97  97  97  97  98  99  97  97  98  99  98  96
  98 101 101 101 101 100  99  99 100 101 101 101 101 101 102 102 102 101
 101 102 103 102 101 100  99  99 100 102 103 103 103 103 103 103 101 101
 101 101 100 100 101 102 103 102 103 104 104 103 104 106 104 103 102 102
 103 104 103 102 105 104 104 104 104 104 103 103 102  98  90  80  72  67
  65  66  64  61  59  57  55  56  54  50  52  53  54  53  50  48  49  52
  57  59  63  66  68  69  68  68  66  66  64  61  59  57  56  56  55  58
  61  63  66  69  72  73  76  76  76  76  79  87  97 103 105 107 107 107
 109 109 108 109 109 109 108 107 106 107 107 107 107 107 108 107 107 106
 109  29]","[ 29  29  86  85  87  88  87  88  87  88  89  88  87  88  89  89  89  89
  88  88  88  89  90  90  92  93  93  93  93  92  93  93  94  94  95  96
  96  95  96  97  95  96  96  96  96  96  97  98  97  97  97  97  97  98
  99  99 100 101 101 100  97  96  98 101 100 100  99  99 101 103 103 101
 101 102 102 101 100 100 100 101 102 102 103 103 104 103 103 102 102 101
 101 101 101 101 101 102 102 102 102 104 106 106 105 104 105 103 101 101
 102 103 103 103 105 105 104 103 103 104 104 103 101 100  95  87  77  69
  65  63  64  63  60  57  56  55  55  54  53  52  54  55  53  49  50  53
  58  61  64  66  68  69  69  67  66  65  64  62  60  59  58  56  55  58
  61  63  66  70  72  72  74  74  73  74  80  90  99 104 105 106 108 108
 108 109 109 109 107 108 108 107 106 107 107 107 107 107 107 107 107 109
 107  30]","[ 29  28  85  85  87  88  87  88  88  88  88  88  88  89  88  88  88  88
  88  88  88  89  89  90  91  91  92  92  92  92  92  92  92  93  94  96
  95  95  94  95  94  95  96  96  96  96  97  98  97  97  97  97  97  97
  97  97  98  98  98  97  96  96  97  98  99  99  99  98  99 100 101 102
 101 101 101 101 100 100 100 100 101 101 102 102 103 103 102 101 101 101
 101 102 102 102 101 101 101 102 102 103 104 104 105 105 106 104 103 102
 103 103 103 103 103 103 103 102 103 104 104 103 103 102  98  90  81  72
  67  65  64  63  61  58  56  55  54  53  54  53  54  56  55  52  52  53
  55  59  62  64  66  67  67  66  66  65  64  62  61  60  59  57  57  59
  62  63  67  71  74  73  72  73  73  73  81  94 102 104 105 107 108 108
 108 108 108 108 108 109 108 107 106 107 108 108 109 109 109 109 108 109
 107  30]","[ 29  28  85  84  86  87  87  88  88  88  87  87  88  89  88  87  88  88
  88  88  88  89  89  90  90  91  92  92  92  92  92  92  92  92  94  96
  96  94  93  93  93  95  97  97  96  96  97  98  97  97  97  97  97  97
  96  96  97  97  97  97  97  98  97  97 100 101 100  99  98  99 101 102
 102 101 100 101 101 101 100  99  99 100 100 101 102 102 101 100 100 100
 101 103 103 102 101 100 101 102 103 103 102 103 104 106 106 105 104 103
 102 102 102 103 102 102 102 102 103 104 105 104 104 102 100  94  85  75
  68  66  65  63  61  59  57  56  55  54  54  53  54  57  57  54  52  52
  55  59  62  64  65  66  66  66  66  65  64  63  62  61  59  58  60  61
  63  65  68  73  75  75  71  73  73  74  83  97 105 104 106 108 109 108
 108 108 108 108 108 109 108 107 107 108 109 109 110 110 109 109 108 109
 107  30]","[ 29  28  84  84  86  87  87  87  88  88  88  87  88  88  88  88  89  89
  89  89  89  89  90  90  90  91  92  93  93  93  93  94  92  93  94  96
  96  95  94  94  93  94  96  97  96  96  97  97  97  97  98  98  98  98
  97  97  97  97  97  97  98  98  97  97 100 100 100  99  98  99 100 101
 101 100 100 101 103 103 101  99  99  99  99 101 102 102 101 100 100 100
 100 102 103 102 101 100 101 102 103 102 102 102 104 105 104 104 103 102
 102 101 102 102 102 103 103 103 103 104 104 104 103 103 102  98  90  78
  69  66  65  64  62  59  58  58  56  55  54  53  54  56  56  54  51  50
  58  61  64  66  66  65  66  66  66  65  63  62  61  60  59  59  62  63
  64  66  70  74  76  76  73  73  73  75  86  99 105 104 107 108 109 109
 109 109 109 108 108 108 107 107 107 107 108 109 108 108 108 108 107 108
 106  29]","[ 29  28  84  84  86  87  86  86  87  88  89  87  87  87  88  89  89  89
  89  89  89  89  89  89  89  90  92  92  93  93  93  93  92  92  93  94
  95  94  94  94  93  93  94  95  96  96  96  96  97  97  97  98  98  98
  97  97  96  96  97  97  97  96  96  96  97  98  98  97  98  99  99  99
 101 101 101 102 104 103 101  99  99  99  99 100 102 102 101 100 101 100
 100 102 103 102 101 100 101 101 101 102 102 102 103 103 103 103 103 102
 102 101 102 103 102 102 102 102 103 104 104 103 103 103 103 101  94  82
  72  67  65  64  62  60  59  59  57  56  53  53  54  56  56  54  52  52
  57  59  62  64  65  65  65  66  65  63  61  61  60  59  59  60  63  64
  66  69  72  75  76  75  74  72  72  78  89  99 103 104 106 107 109 109
 109 109 109 109 106 106 106 106 106 107 107 107 107 107 106 107 105 106
 104  29]","[ 29  28  84  84  86  87  85  85  86  88  89  88  86  87  88  90  88  88
  88  88  88  88  88  88  88  89  90  90  91  91  91  92  91  91  91  92
  93  93  94  94  93  93  93  95  96  96  95  95  96  96  96  97  97  97
  97  97  97  97  98  98  97  96  96  96  96  97  97  97  98 100 100 100
 101 101 102 103 104 103 102 100  99  99  99 100 101 102 102 101 102 102
 101 102 103 102 101 101 102 102 102 103 104 104 103 102 103 103 104 103
 103 103 103 104 103 103 103 103 104 105 105 104 102 103 104 102  97  87
  76  68  65  64  61  59  59  59  57  56  51  51  51  53  54  55  54  54
  55  56  59  62  65  65  65  65  64  61  59  59  59  59  60  62  64  65
  67  70  73  75  74  74  73  71  72  80  91  99 104 105 104 106 107 107
 108 108 108 108 106 105 105 106 106 106 105 106 107 106 106 107 105 105
 103  28]","[ 29  28  85  84  86  86  84  83  85  87  88  88  87  87  88  88  87  87
  88  88  88  88  88  88  87  88  89  89  89  90  91  91  91  90  90  92
  93  94  94  95  94  94  95  96  96  97  96  96  97  97  97  97  98  98
  99  99 100 100 100 100 100  99  99  99  99  99  99  99 100 101 102 101
 102 102 103 103 103 103 103 102 101 101 101 101 102 103 103 103 104 104
 104 104 104 103 102 102 103 103 104 105 105 105 105 104 104 104 104 104
 104 104 104 105 105 105 105 105 105 106 105 104 102 103 104 102  98  92
  81  71  65  63  60  58  58  58  56  54  52  50  49  51  54  56  57  57
  56  56  58  62  65  65  64  64  63  60  58  58  58  59  61  63  65  66
  68  71  73  73  73  73  72  72  74  82  92 101 105 105 104 105 107 107
 107 107 107 107 106 105 104 105 105 105 105 105 106 106 105 106 105 104
 103  29]","[ 29  28  85  84  86  86  83  82  85  86  88  88  88  88  88  87  86  87
  87  88  89  89  89  89  88  89  89  89  90  90  91  92  92  91  91  93
  95  95  96  97  95  96  97  97  97  97  98  98  98  98  98  99 100 101
 102 103 103 102 102 102 102 102 102 102 103 103 102 101 100 101 102 102
 103 103 103 103 102 102 103 104 103 103 103 103 103 104 105 106 106 105
 105 106 105 104 103 103 104 104 105 105 105 105 105 105 104 104 104 104
 104 104 104 104 106 106 106 105 105 105 104 103 103 105 105 102 100  96
  86  75  66  63  60  57  57  56  55  53  54  51  49  51  55  59  59  58
  59  57  58  61  65  64  62  61  64  60  57  57  58  58  61  64  66  67
  69  72  73  73  72  73  72  74  77  82  92 102 106 105 104 106 107 107
 107 107 107 107 107 105 104 104 105 104 104 105 105 104 104 106 104 104
 104  30]","[ 30  27  86  84  85  87  86  86  85  85  86  87  88  88  88  88  87  88
  89  90  90  91  92  92  91  91  91  91  90  91  93  96  96  94  92  92
  94  97  98  98  97  97  98 100 101 102 102 102 102 101 101 101 102 103
 104 105 104 104 104 104 104 104 104 103 103 103 104 103 103 103 103 104
 103 103 102 103 104 105 105 105 104 103 103 103 104 105 104 103 104 105
 105 105 105 105 105 105 105 105 105 106 106 106 105 105 105 105 104 103
 103 104 104 104 105 106 106 106 105 104 103 103 103 104 103 103 102  98
  88  77  65  62  61  60  57  55  55  55  57  56  53  51  54  57  59  63
  60  59  59  60  61  61  61  60  61  61  61  60  59  60  62  64  64  67
  70  72  73  73  72  72  73  72  73  83  94 101 105 104 104 106 107 108
 107 107 106 106 106 106 105 104 104 105 105 104 104 104 103 105 104 105
 104  29]","[ 30  28  87  86  86  88  86  87  86  86  87  88  89  89  90  90  92  92
  94  94  95  96  97  98  96  96  96  96  96  96  97  99  99  98  97  97
  99 100 102 102 100 101 101 102 103 103 103 103 103 104 104 104 104 104
 105 106 104 104 105 105 105 105 104 104 105 105 105 105 104 104 104 104
 103 103 103 104 104 105 105 105 104 104 103 104 105 106 106 105 104 105
 105 105 105 106 106 105 105 105 105 105 105 105 105 105 105 105 104 103
 103 104 104 104 104 104 105 105 105 104 104 104 104 104 104 103 103 100
  91  81  70  65  61  58  55  55  57  58  58  57  54  52  55  57  58  61
  62  61  61  61  62  62  62  62  61  61  61  62  63  64  64  64  65  67
  70  71  72  72  72  72  72  71  73  85  97 102 106 105 105 105 106 106
 106 106 107 107 105 105 104 104 105 104 104 103 105 104 104 105 104 105
 104  29]","[ 30  29  89  89  90  91  89  89  90  90  90  91  92  93  94  95  96  96
  97  97  98  98 100 100 100  99  98  98  99  99 100 101 101 101 101 101
 101 102 102 102 102 102 102 102 103 103 103 103 103 105 106 105 104 103
 104 105 104 104 104 104 104 104 104 104 105 105 105 104 104 103 103 103
 103 104 105 105 105 105 105 105 105 104 104 104 105 106 107 107 104 105
 105 105 105 106 106 105 105 105 104 104 104 104 105 105 104 105 104 103
 103 104 104 104 103 103 104 104 104 104 104 104 103 104 103 103 104 101
  94  86  75  67  61  57  55  55  58  59  60  60  57  55  57  58  59  61
  63  63  63  63  64  64  64  64  63  62  61  62  64  66  66  65  66  67
  68  69  70  70  71  71  70  70  74  88  99 103 106 106 105 105 105 105
 105 105 106 107 105 105 105 105 105 105 104 103 105 104 104 105 104 105
 104  29]","[ 29  29  92  93  94  95  93  94  94  94  94  95  95  96  97  97  97  97
  97  97  97  97  98  99 101  99  97  97  97  98 100 102 101 101 101 101
 101 101 101 101 101 101 101 102 102 102 102 102 103 104 104 104 103 102
 103 104 104 104 104 104 104 104 104 104 104 105 104 104 103 102 102 102
 104 104 105 105 105 104 105 105 105 105 104 105 106 106 106 106 104 105
 105 105 105 105 106 105 105 104 104 104 104 104 104 104 104 105 104 104
 104 104 104 104 103 103 104 104 104 104 103 103 104 104 104 104 104 103
  97  91  79  70  62  59  57  57  59  60  61  61  59  58  60  60  61  62
  65  65  65  65  65  65  65  65  66  63  61  60  62  64  65  65  65  65
  66  66  67  68  69  69  70  70  75  90 101 103 106 107 106 106 105 105
 104 104 105 105 105 105 105 105 106 106 105 104 105 104 104 105 104 105
 104  29]","[ 28  29  93  95  96  97  96  96  95  95  96  96  96  97  97  97  97  97
  97  96  96  96  97  98 100 100  99  99  98  98  99 101 102 101 100 100
 102 102 102 101 101 101 101 102 102 103 103 104 103 103 103 102 103 103
 104 104 105 105 105 105 105 105 105 105 105 105 105 105 104 104 104 104
 104 105 105 105 104 104 105 105 105 105 105 105 106 106 105 105 104 105
 105 105 105 105 106 105 104 104 104 104 104 104 104 104 105 105 105 104
 104 105 105 104 103 103 104 104 104 104 104 104 105 105 105 105 105 104
 100  96  84  73  64  61  58  57  59  59  59  60  58  58  61  62  62  64
  65  65  65  65  65  65  65  65  66  64  61  60  60  62  64  65  65  65
  65  65  66  67  67  68  70  70  76  90 100 102 105 107 106 106 105 105
 105 105 105 104 106 105 105 105 105 105 105 105 104 104 103 104 104 105
 104  29]","[ 28  30  94  95  95  96  95  96  95  96  96  96  96  96  96  96  97  97
  97  96  96  97  98  99 100 101 102 102 100  99  99 100 100  98  97  98
 101 103 103 102 101 101 102 102 103 104 104 105 104 103 102 102 103 104
 104 104 105 105 105 105 105 105 105 104 105 105 105 105 105 105 105 105
 105 105 105 104 104 104 105 105 105 105 105 105 105 105 104 104 104 104
 104 104 104 104 104 104 104 104 104 104 104 104 104 104 105 105 105 105
 105 105 105 104 103 103 104 104 104 105 105 105 105 105 105 105 105 104
 101  98  88  76  65  60  57  56  57  57  56  57  57  57  60  62  62  64
  65  64  64  64  65  65  64  64  64  63  62  61  61  62  64  65  65  65
  65  65  66  67  68  68  69  71  76  89  99 101 105 106 105 105 105 105
 105 105 105 105 105 104 104 104 105 105 105 105 104 103 103 104 103 104
 104  29]","[ 29  30  94  94  94  95  93  95  96  96  96  96  96  96  96  96  96  96
  96  96  96  96  97  98  98  99 100 101 100  98  98  98  98  97  97  98
 100 101 102 102 101 101 101 101 102 102 103 103 103 103 103 103 103 103
 104 104 105 105 105 105 104 104 104 104 105 105 105 105 105 104 105 105
 105 105 105 105 105 105 105 105 105 105 105 105 105 104 104 104 104 104
 104 104 103 104 104 103 104 104 104 104 105 105 105 105 105 105 106 105
 105 105 105 104 104 104 104 105 105 105 105 105 104 104 104 104 104 103
 101 100  93  80  68  63  58  55  55  56  56  57  57  58  61  62  63  65
  65  64  64  64  65  65  65  64  63  63  62  62  62  63  64  65  65  65
  65  66  67  68  69  68  68  71  77  89  97 101 105 105 104 104 104 104
 105 105 105 105 104 104 104 104 105 105 105 104 103 103 102 104 103 104
 104  29]","[ 29  30  93  94  93  94  93  95  96  96  95  95  95  96  96  97  96  96
  96  96  96  96  96  97  97  96  96  97  98  98  98  99  99  99  99 100
 101 102 102 103 101 101 101 101 101 101 101 102 103 104 105 105 104 103
 104 105 105 105 105 105 105 105 104 104 105 105 106 105 105 105 105 105
 105 105 105 105 106 106 105 104 105 105 105 105 104 104 105 105 105 106
 106 105 105 105 105 104 104 104 104 105 105 105 105 105 105 105 106 105
 105 105 105 104 105 105 105 105 105 105 105 105 104 104 104 105 105 104
 102 101  97  84  73  67  62  57  55  55  58  59  58  59  62  64  64  66
  65  64  64  64  65  65  65  64  64  63  61  61  62  63  64  65  65  65
  65  67  68  69  69  68  67  71  77  88  97 101 105 105 105 104 104 104
 104 105 105 104 104 104 105 105 106 106 105 104 103 102 102 104 103 104
 104  29]","[ 29  30  91  93  93  92  93  94  94  94  94  94  94  94  95  96  97  97
  97  97  97  97  97  97  96  96  96  96  96  97  99 100  99  99 100 101
 102 102 102 102 101 102 103 102 102 102 102 101 103 104 105 105 104 104
 104 104 104 106 107 107 105 104 104 106 105 105 104 104 104 105 105 105
 105 105 104 104 104 104 104 103 103 104 105 105 104 104 104 105 105 105
 105 105 105 105 104 104 103 103 104 105 105 105 105 105 105 106 107 107
 106 105 104 104 104 105 107 108 107 105 104 105 105 105 105 105 104 104
 104 104  97  90  80  69  62  58  56  54  55  56  58  59  60  63  64  64
  65  65  65  65  65  65  65  65  63  62  62  62  62  62  64  65  65  64
  64  66  69  69  68  67  67  69  75  86  97 101 102 106 104 104 104 104
 104 104 104 104 104 103 103 105 106 104 104 104 104 103 102 104 103 105
 103  28]","[ 29  30  91  93  93  93  93  94  95  94  94  94  94  94  94  95  96  96
  96  96  96  96  96  96  96  96  96  97  97  99 100 101 101 101 100 101
 102 102 102 102 102 103 103 103 103 103 103 102 102 104 105 105 105 104
 105 105 105 106 107 107 105 104 104 105 105 104 104 104 104 104 105 105
 106 105 104 104 104 104 103 103 103 104 105 104 104 103 104 105 104 104
 104 104 104 104 104 104 104 104 104 105 106 105 105 105 104 105 105 105
 104 104 103 103 105 106 107 108 107 105 105 105 105 105 106 106 106 105
 104 104 100  95  86  75  66  61  57  56  54  55  57  58  60  62  64  65
  65  66  66  65  64  64  64  65  62  62  62  61  61  61  63  65  64  64
  64  65  67  68  68  67  69  71  75  84  95  99 101 103 102 103 103 103
 104 104 104 104 104 104 104 105 106 105 104 105 104 103 103 104 104 105
 104  29]","[ 29  30  91  93  93  93  94  95  93  92  92  93  93  93  94  94  96  96
  96  96  96  96  96  96  97  96  97  97  98 100 101 101 102 101 101 101
 102 102 102 102 102 103 104 103 103 103 103 103 102 103 105 105 105 105
 105 106 106 106 107 107 106 105 104 104 104 104 104 104 104 104 104 104
 106 105 104 103 103 103 103 103 103 104 104 104 103 103 103 104 104 105
 105 105 105 105 105 105 104 104 104 105 105 105 105 105 105 105 105 105
 104 104 104 104 105 105 106 107 106 105 105 105 105 105 106 106 106 106
 105 104 101  98  91  80  70  63  59  57  53  54  55  56  58  61  63  65
  65  66  67  65  63  61  62  64  61  61  61  61  60  61  63  65  64  64
  64  65  66  67  67  67  68  71  74  82  92  99 102 103 103 103 104 104
 104 104 104 104 104 103 104 105 105 105 105 105 103 103 103 105 104 105
 104  30]","[ 29  30  91  92  93  92  93  94  91  91  90  92  93  93  94  94  95  95
  96  96  97  97  97  97  97  97  97  98  99 100 100  99 100  99  99 101
 102 102 102 102 102 103 104 103 103 103 103 103 103 104 104 105 105 105
 105 106 105 106 107 107 106 105 104 103 104 104 104 104 104 104 104 104
 105 104 103 103 103 104 103 103 104 104 105 104 104 103 103 104 105 105
 105 105 105 105 105 105 104 103 103 104 104 104 103 103 104 104 104 104
 104 104 105 105 104 105 105 106 106 105 104 105 105 105 105 106 106 105
 104 104 101  98  92  83  73  64  59  58  53  53  53  54  55  58  61  64
  65  65  65  63  61  60  61  62  61  60  59  60  60  61  62  64  65  65
  65  65  65  66  67  67  68  71  74  81  92 100 103 104 104 105 105 105
 105 104 103 103 104 103 103 103 104 104 104 104 103 103 103 105 103 104
 103  29]","[ 29  29  89  91  91  91  92  92  92  91  91  92  93  93  94  94  95  95
  96  96  97  98  98  98  97  97  98  99 101 101  99  98  97  97  98 100
 102 102 102 101 102 103 104 103 103 103 103 103 103 104 104 104 104 105
 105 105 105 105 106 106 106 106 104 104 104 104 104 104 104 104 104 104
 103 103 103 104 104 104 104 103 104 105 105 105 104 104 104 104 105 105
 104 104 104 104 103 103 103 102 102 103 103 103 103 103 103 103 103 104
 104 105 105 105 105 105 105 106 106 105 105 105 105 105 105 105 105 105
 105 104 102  99  93  85  76  66  60  57  55  53  52  52  53  56  60  63
  64  64  62  61  60  59  59  60  61  59  57  58  60  61  62  62  66  66
  65  65  65  65  66  66  69  72  75  81  91  99 102 102 104 105 105 105
 105 104 103 103 104 104 103 103 103 103 102 101 102 102 102 104 103 104
 103  28]","[ 29  29  88  88  89  89  90  91  92  91  91  92  92  92  92  92  94  94
  95  96  97  97  98  98  96  97  98 100 101 101  99  98  95  95  96  99
 102 102 101 100 103 104 104 103 103 104 104 104 103 103 103 104 104 104
 105 105 104 105 105 105 106 105 104 104 104 104 104 104 105 105 105 105
 103 103 104 104 105 105 104 104 105 105 105 105 104 104 104 104 105 105
 105 104 104 104 104 103 104 103 102 103 104 104 104 104 103 103 103 104
 105 105 105 105 105 105 106 107 107 106 105 105 106 106 105 105 105 105
 105 105 105 101  95  88  79  68  61  57  56  54  52  53  54  56  60  63
  64  62  60  59  59  59  58  58  59  57  56  57  59  60  61  61  65  65
  65  64  64  64  65  66  67  71  74  80  90  98 101 103 104 105 105 105
 105 105 105 104 105 105 104 103 102 102 101  99 100 100 101 103 103 104
 103  29]","[ 30  28  87  87  86  87  88  89  90  90  91  92  92  91  90  90  92  92
  93  94  95  96  96  97  96  97  97  99 100  99  98  97  95  95  96  99
 101 102 101 100 103 103 103 103 104 104 104 103 102 102 102 103 103 104
 104 105 104 105 105 105 104 104 104 104 103 104 104 105 105 105 105 105
 104 104 104 105 105 105 104 104 105 105 104 104 104 104 103 103 105 105
 105 105 105 105 105 105 105 104 103 104 104 105 104 104 104 104 103 103
 104 105 105 105 105 105 106 107 107 106 105 105 105 105 105 105 105 105
 105 105 105 102  98  92  83  71  64  61  60  57  55  56  57  58  60  63
  64  62  60  58  58  57  57  57  57  56  55  56  57  58  60  61  65  64
  64  64  65  65  66  66  66  70  73  80  90  97 101 104 105 105 105 105
 105 105 105 105 105 105 105 104 103 103 102 100 100 100 100 103 103 105
 104  29]","[ 30  28  86  86  85  85  87  88  89  90  92  93  93  91  90  90  90  91
  92  93  94  95  95  96  97  97  97  97  98  97  96  95  95  95  95  98
 101 102 101 101 103 103 102 102 103 104 104 102 101 101 101 102 103 104
 105 105 105 105 105 104 104 103 103 103 103 104 104 105 105 105 105 105
 105 105 104 104 105 105 104 104 104 104 104 104 104 104 103 103 104 104
 104 105 105 105 105 105 105 104 103 104 105 105 105 105 105 104 102 102
 103 104 104 104 104 105 106 107 107 105 104 103 105 105 105 105 105 105
 105 104 104 102 100  95  86  75  68  66  62  59  57  59  60  60  61  62
  64  63  61  59  57  56  57  57  55  55  55  55  55  56  59  61  64  64
  64  65  66  67  67  67  69  71  75  80  89  95  99 102 105 105 105 105
 104 104 105 105 104 105 105 104 105 105 104 102 101 100 100 103 103 105
 104  28]","[ 28  29  89  84  87  85  87  86  86  85  89  93  93  92  91  91  93  93
  92  93  93  94  95  96  96  96  95  95  96  96  96  96  96  96  96  98
 101 102 101  99 102 102 102 102 103 103 104 104 103 103 104 104 104 104
 104 105 105 105 105 105 105 104 104 103 105 105 105 105 105 105 105 105
 106 104 103 103 105 105 104 103 105 104 104 105 104 103 103 105 104 105
 105 105 105 105 105 105 105 104 104 104 104 104 104 105 105 104 103 103
 104 105 105 105 104 104 105 105 105 105 105 105 105 106 107 107 105 104
 102 102 102 101 101  96  87  79  73  69  67  64  63  62  61  62  62  59
  63  62  60  58  57  57  57  58  56  55  54  54  55  56  58  60  65  65
  65  65  66  67  68  69  68  70  73  79  86  93  99 102 105 105 105 105
 105 105 105 105 104 104 104 105 105 105 104 104 101 101 102 104 104 105
 104  29]","[ 29  28  86  83  86  86  86  85  84  84  87  91  92  91  90  89  91  92
  93  95  95  96  96  96  97  96  96  96  96  96  96  96  96  96  96  97
  99 101 100 100 102 102 102 103 103 104 104 104 104 104 104 105 104 103
 103 103 105 105 105 105 105 104 104 104 106 106 106 105 105 105 105 105
 105 104 103 104 105 106 105 104 103 103 104 104 103 101 102 104 104 105
 105 105 105 104 104 104 104 103 103 103 103 103 103 104 105 104 103 103
 104 105 105 104 104 104 104 104 104 105 105 105 105 106 107 106 105 104
 103 103 104 103 102  98  91  83  77  71  67  64  62  62  61  61  62  60
  61  61  59  58  57  57  57  58  56  55  55  55  55  56  58  60  63  64
  65  65  65  65  66  67  66  68  70  75  83  92  99 102 105 105 105 105
 105 105 105 105 104 104 104 105 105 105 104 103 103 103 103 104 104 105
 104  29]","[ 30  28  83  84  84  86  84  86  86  85  87  89  91  91  89  88  89  91
  93  95  95  95  95  95  96  96  97  97  97  97  97  97  97  97  97  98
  99 101 101 101 101 101 102 103 103 104 104 105 105 104 103 103 103 102
 103 104 105 105 105 105 105 105 105 104 106 106 105 105 105 105 105 105
 104 104 104 105 105 106 105 104 102 103 104 104 102 101 102 104 104 104
 105 105 104 104 103 103 103 102 102 103 103 103 103 104 105 105 104 104
 105 105 105 104 104 104 104 104 104 105 106 106 105 106 106 106 105 104
 104 104 105 104 103 100  94  88  80  73  69  65  63  63  62  62  63  61
  60  60  59  58  57  57  58  58  58  57  57  56  56  57  60  62  64  65
  67  66  65  64  65  67  65  66  68  71  79  90  98 102 105 105 105 105
 105 105 105 105 105 104 104 105 105 105 105 104 105 104 104 105 104 105
 104  29]","[ 29  29  83  85  82  84  83  87  88  89  88  89  90  90  90  90  88  90
  91  92  92  92  93  93  94  95  96  97  96  96  97  97  97  97  98  99
 100 101 102 102 100 100 101 102 103 104 104 104 105 103 102 101 101 102
 104 106 105 105 105 105 105 105 105 105 104 104 105 105 105 105 105 105
 104 105 105 105 105 105 105 104 103 104 104 104 103 103 103 104 103 104
 104 105 104 104 104 104 103 103 103 104 104 104 104 105 105 105 105 105
 105 105 104 104 105 105 105 105 105 106 106 107 104 105 105 105 105 105
 105 105 106 105 104 102  96  91  83  76  71  67  64  64  63  64  64  63
  59  59  59  59  58  58  58  59  60  59  58  57  57  58  61  64  65  66
  67  67  66  65  65  66  65  66  66  68  76  87  97 101 104 104 105 105
 104 104 105 105 105 104 104 104 105 105 105 104 105 105 104 105 104 105
 104  29]","[ 29  28  81  83  81  83  82  86  85  89  89  88  89  90  90  91  89  90
  90  90  90  91  93  94  95  96  96  97  96  96  96  97  97  97  98  99
 100 100 101 101  99 100 101 102 103 103 104 104 104 102 101 101 102 103
 104 106 105 105 105 104 104 104 104 104 104 104 105 105 105 105 105 105
 105 105 105 105 104 104 104 104 105 104 104 104 104 105 104 103 103 104
 105 105 105 105 105 105 104 104 104 105 105 105 105 105 105 105 105 105
 105 105 104 104 105 105 105 105 106 106 106 106 104 104 105 105 106 105
 105 105 105 105 105 103  98  94  88  80  72  67  64  64  64  63  63  62
  59  59  59  59  59  59  59  59  60  59  57  57  56  58  61  64  65  65
  66  66  66  65  64  63  65  65  65  67  73  84  95 101 103 104 105 105
 105 105 105 105 106 105 105 104 105 105 104 104 105 104 104 105 104 105
 104  29]","[ 30  27  80  80  82  84  82  84  83  90  90  88  89  89  88  91  90  90
  90  89  90  92  95  97  97  97  97  97  96  96  96  96  97  98  98  99
 100 100 101 101 100 100 100 101 102 103 104 104 103 102 103 104 104 104
 103 103 104 104 104 104 104 104 104 104 105 105 105 105 105 105 105 105
 105 105 105 104 104 104 104 104 106 105 104 104 105 106 105 104 104 105
 106 106 105 105 104 104 105 104 104 105 105 105 104 105 105 105 105 105
 105 105 105 105 104 105 105 105 105 105 105 105 105 105 105 105 105 105
 105 104 104 104 105 103 100  97  91  84  73  67  63  63  62  62  62  61
  60  59  59  59  59  59  59  59  60  59  57  57  57  58  61  64  65  65
  65  65  66  65  64  63  65  65  66  68  73  83  95 103 103 104 105 106
 105 105 105 106 108 108 107 106 105 105 105 105 105 104 104 106 105 105
 104  29]","[ 29  28  84  80  83  83  84  85  92  98  95  89  89  88  87  89  90  90
  90  90  91  93  95  96  96  96  95  95  96  96  96  96  98  98  98  98
  99 100 100 101 101 101 101 101 102 103 104 105 104 103 104 105 105 104
 103 103 105 104 104 104 104 104 104 104 105 105 105 105 105 105 105 105
 105 105 104 104 104 104 105 105 105 105 105 104 105 107 106 104 104 105
 105 105 105 105 104 104 105 104 104 105 105 104 104 104 105 105 105 105
 105 105 106 106 105 105 105 105 105 105 105 105 105 105 104 105 105 106
 106 105 105 105 105 105 103 100  94  84  75  68  63  63  61  61  62  62
  62  61  60  60  60  60  60  59  59  58  58  58  59  60  61  63  65  65
  65  65  66  65  65  64  65  65  66  69  73  81  92 102 103 104 105 105
 105 105 105 106 109 109 108 107 106 105 106 107 106 105 105 106 105 105
 104  29]","[ 28  30  90  83  82  80  85  88 106 108 100  90  88  87  85  87  89  89
  90  91  92  93  93  93  95  94  93  94  95  96  96  97  98  97  97  97
  98  99  99 100 102 101 101 102 102 104 105 106 106 104 104 104 105 105
 104 104 105 105 104 104 104 104 104 104 103 104 104 105 105 105 105 105
 105 104 103 103 104 105 106 106 104 104 104 103 104 105 105 103 103 104
 105 105 105 105 105 105 105 105 105 105 105 104 104 104 105 105 105 105
 105 106 106 107 107 106 106 105 105 105 105 106 105 104 104 104 105 106
 107 107 107 107 107 107 106 103  95  84  78  70  64  63  62  61  63  63
  64  62  61  61  61  61  61  60  57  57  57  58  59  60  60  61  64  65
  65  65  65  65  65  65  64  64  65  69  72  77  89  99 102 103 105 105
 104 104 105 105 107 107 107 106 105 105 106 107 107 106 105 106 104 105
 104  30]","[ 28  33  93  82  81  83 102 114 125 113  97  89  88  86  86  88  90  89
  89  89  91  93  95  95  95  94  93  93  95  96  96  96  96  97  99  99
  98  98 100 102 103 104 104 103 103 104 105 105 106 105 105 105 105 105
 105 106 105 106 107 107 106 105 105 105 105 105 105 104 104 105 105 105
 105 105 105 106 108 107 105 103 103 103 103 104 104 105 105 106 104 104
 104 105 105 105 105 105 107 107 106 104 104 105 105 104 106 104 104 104
 104 105 106 107 106 106 106 105 105 105 105 104 105 105 104 104 106 108
 108 107 108 109 109 107 105 102  95  88  77  71  68  63  62  65  64  62
  64  62  62  64  64  62  60  60  59  58  57  58  59  61  62  62  65  65
  65  65  65  65  65  64  65  64  64  66  71  76  85  97 102 106 106 105
 105 105 104 105 105 107 109 109 108 106 107 107 107 106 106 104 105 105
 105  29]","[ 29  28  75  81  90 114 128 127 112  99  87  87  88  84  81  84  86  90
  93  93  90  90  91  93  95  93  93  93  94  96  96  96  97  98  99 100
 100 100 100 101 102 103 103 103 103 104 105 105 104 104 104 104 104 105
 105 105 106 106 106 106 105 104 104 105 105 105 105 105 105 105 105 105
 105 104 104 106 107 107 106 104 104 103 103 104 105 105 104 104 103 103
 103 104 105 105 105 105 107 106 105 104 105 106 106 105 105 104 104 104
 104 104 105 106 105 105 105 105 105 105 105 105 105 105 105 105 106 107
 107 106 106 108 108 106 105 102  96  89  77  71  70  66  64  65  63  62
  64  62  62  65  65  64  62  62  65  63  61  60  60  60  60  61  64  64
  65  65  65  65  64  64  65  65  65  67  70  75  86  98 102 105 105 104
 106 106 105 104 105 107 109 109 108 107 107 108 107 106 106 105 106 105
 105  29]","[ 31  30  93 103 122 128 122 101  83  83  83  84  87  87  86  85  86  87
  89  89  90  92  94  95  94  93  93  93  95  96  96  96  96  97  98 100
 101 100 100 100 100 102 103 103 103 104 105 105 104 105 105 105 105 105
 105 105 105 105 105 105 104 104 104 104 104 104 104 104 104 105 105 105
 104 104 104 105 106 107 105 104 104 104 103 104 105 105 104 103 104 103
 104 104 105 105 105 104 105 105 105 105 106 107 107 105 105 105 106 106
 105 104 105 106 105 105 105 105 105 105 106 106 105 105 105 105 105 106
 106 106 105 107 107 106 106 103  97  91  78  71  70  68  65  65  63  63
  64  62  62  64  65  64  63  63  65  64  62  61  61  62  62  62  64  65
  66  66  65  64  64  64  64  66  66  67  68  73  84  98 102 104 104 104
 106 107 105 104 105 106 108 109 108 107 108 108 107 106 107 105 106 105
 105  29]","[ 28  29 121 117 123 106  95  84  78  80  83  85  85  85  83  79  88  86
  85  87  89  90  90  90  94  93  94  95  96  97  97  96  95  96  97  99
 100 100 100 100 100 102 103 103 103 104 105 105 106 106 106 106 105 105
 105 105 104 104 104 104 104 105 105 105 104 104 104 104 104 104 104 104
 104 104 104 105 106 106 105 104 104 104 104 105 105 106 105 105 105 105
 105 105 106 106 105 104 104 105 106 107 109 109 107 104 106 107 107 108
 106 105 106 107 106 105 105 105 105 106 107 108 105 105 105 104 104 106
 107 107 106 107 107 106 106 104  99  93  80  71  69  68  66  64  63  64
  64  63  62  63  63  63  62  63  62  62  62  62  63  64  65  65  65  66
  68  67  66  64  64  64  64  66  66  66  67  71  82  94 101 105 105 105
 107 107 105 105 104 105 107 108 107 107 108 109 107 106 107 106 106 105
 105  29]","[ 33  27 133 126 119 117 115 115 104  93  90  95  89  75  62  56  53  55
  65  77  87  91  93  95  93  94  95  96  97  97  97  96  96  97  98 100
  99  99 100 101 102 103 103 102 103 104 105 105 106 105 105 104 104 104
 104 104 104 104 105 105 105 105 105 104 104 104 104 104 104 105 105 105
 105 105 105 105 105 105 104 104 104 105 106 105 104 104 105 106 106 105
 105 106 107 107 106 105 105 106 107 107 108 109 107 105 107 107 108 108
 107 106 106 107 106 106 106 106 106 107 108 109 106 106 105 104 104 106
 107 108 107 106 106 106 106 104  99  94  85  73  68  66  65  65  63  65
  65  64  63  63  62  62  61  61  62  63  63  64  65  65  65  65  65  67
  68  68  66  64  64  64  64  66  66  66  67  71  80  91 101 105 107 107
 107 107 106 106 105 106 107 108 107 107 107 108 107 107 107 105 106 105
 106  30]","[ 28  28 146 146 135 131 125 107  91  75  63  58  49  39  36  35  37  39
  47  62  78  87  91  90  93  94  95  97  97  98  97  97  97  98  98  99
  98  98  99 100 102 103 103 102 102 103 104 104 104 104 103 103 103 104
 104 105 105 105 106 106 105 105 104 104 104 104 104 104 104 104 104 104
 105 106 106 105 105 104 104 104 104 105 106 105 103 102 103 105 105 104
 104 105 107 108 107 106 107 107 107 106 107 108 108 108 107 107 108 108
 107 106 106 106 107 107 107 107 107 108 108 109 107 107 106 105 105 107
 108 108 106 106 105 105 106 104  99  94  89  76  68  65  64  65  64  65
  65  64  63  62  61  61  60  59  62  63  64  64  65  65  65  65  64  66
  68  68  67  65  64  64  64  66  65  66  68  72  80  89  99 105 108 108
 108 107 107 107 107 108 108 108 108 107 107 107 107 106 107 106 106 105
 106  30]","[ 29  31  92  78  57  44  41  32  19  20  29  35  35  37  41  39  41  41
  41  49  67  86  93  91  94  94  95  96  97  97  97  97  97  97  97  98
  99  99  99 100 101 102 102 102 102 103 103 103 104 104 104 104 104 104
 105 105 106 106 107 106 105 104 104 104 104 104 104 104 104 104 104 104
 105 105 106 105 104 104 104 105 103 105 106 105 103 102 103 104 104 104
 104 105 107 108 107 106 107 108 107 107 107 108 109 109 108 108 107 108
 107 106 106 107 107 107 107 107 107 108 108 108 108 107 106 105 106 107
 107 107 106 105 105 106 107 105 100  95  87  75  69  65  64  65  64  64
  64  64  64  63  62  61  60  60  62  62  63  64  64  64  65  65  64  66
  68  69  67  66  65  65  64  66  65  65  67  71  80  89  98 103 107 107
 108 108 107 108 108 108 108 108 108 107 107 107 107 106 107 107 108 106
 106  29]","[ 29  29  20  23  21  25  14  18  25  23  31  39  37  35  38  37  37  40
  39  39  54  79  91  90  94  94  95  95  96  96  97  97  97  96  97  98
 100 101 101 101 100 101 102 102 102 102 103 103 104 104 104 104 104 104
 104 104 106 106 107 106 105 104 105 105 105 105 105 105 105 105 105 105
 104 105 105 105 104 104 105 105 103 104 105 105 104 104 104 104 105 104
 105 106 108 109 107 106 105 107 108 108 108 108 108 108 109 108 108 108
 108 107 107 107 107 107 107 107 107 107 107 107 108 108 107 106 107 107
 106 105 105 105 105 107 109 106 100  95  83  74  69  66  64  65  64  64
  64  65  65  64  63  63  62  61  64  64  64  64  64  64  65  66  65  67
  69  69  68  66  65  65  64  66  66  64  65  69  78  88  97 102 105 106
 109 109 108 108 107 107 107 107 107 107 107 107 106 105 107 107 109 107
 106  28]","[ 29  29  29  31  30  29  28  29  33  33  34  35  36  37  38  38  36  38
  38  38  35  66  94  94  94  95  96  96  95  95  96  97  97  98  99 100
 100 100 100 101 102 102 103 103 103 103 102 102 104 105 106 106 105 105
 105 106 104 105 106 105 104 104 105 106 105 104 104 104 104 105 104 104
 105 105 105 105 104 104 105 105 103 105 107 106 104 103 103 103 103 105
 107 108 107 107 108 109 107 107 108 108 107 106 107 109 106 108 109 109
 107 106 106 107 108 109 107 104 103 106 107 107 108 107 107 107 108 108
 108 107 107 107 108 108 107 106 101  95  85  73  68  67  66  65  63  64
  66  64  63  64  65  66  65  63  64  63  61  61  62  64  64  64  65  65
  67  68  69  67  65  64  64  61  61  64  64  66  73  81  97 103 106 106
 108 110 109 108 106 106 106 106 106 107 107 108 107 106 111 106 107 107
 105  29]","[ 28  29  32  33  33  32  33  35  37  37  37  37  36  36  36  35  34  35
  37  37  30  48  81  98  95  96  96  96  95  94  95  96  96  97  98  99
 100 100 101 101 102 102 103 103 103 104 104 104 103 104 105 105 105 104
 105 105 104 105 105 105 104 104 104 105 104 104 104 104 104 104 104 104
 105 105 105 105 104 104 105 105 103 105 106 105 104 104 104 105 105 106
 107 107 107 107 107 108 106 106 106 106 106 107 108 108 107 108 110 110
 108 107 107 108 109 109 108 106 106 108 108 107 109 109 108 108 108 108
 108 108 107 107 107 107 106 105 102  96  87  76  70  67  65  66  64  65
  65  64  63  63  64  65  64  63  64  64  63  63  64  64  65  65  65  66
  68  69  68  66  65  65  64  62  63  64  63  64  71  79  90  99 106 107
 107 107 107 107 108 107 107 107 107 107 107 106 107 107 105 106 108 102
 103  28]","[ 29  32  36  39  38  36  36  38  38  37  37  35  34  32  30  29  33  28
  30  30  25  32  64  90  94  95  96  96  95  96  96  97  98  99 100 100
 101 102 103 104 102 102 103 103 104 104 104 104 104 105 106 106 105 105
 105 106 105 105 106 105 104 103 103 104 104 104 105 105 105 105 105 105
 104 104 104 104 104 104 105 104 104 106 107 107 107 108 108 108 107 108
 108 108 108 108 108 108 106 106 105 106 107 108 109 109 107 108 109 109
 109 108 107 107 108 108 107 106 106 107 107 105 108 108 107 107 107 107
 107 106 108 107 107 107 107 107 104  98  87  77  71  68  67  67  65  66
  66  65  65  64  65  65  66  65  62  63  64  64  64  63  64  65  64  66
  68  69  67  65  64  64  62  61  61  62  61  60  67  74  90  99 105 105
 104 105 106 108 107 107 107 107 108 107 106 104 106 105 107 106 102 103
 108  31]","[ 28  31  36  38  36  33  32  32  30  30  29  27  25  23  22  21  20  19
  21  19  17  21  60  96  91  92  94  94  95  95  95  96  96  97  98  99
 100 100 101 102 102 102 103 103 103 103 103 103 104 104 105 105 105 104
 105 105 105 105 106 105 104 103 102 102 103 104 105 105 105 104 104 105
 103 103 102 103 103 104 104 103 105 106 107 108 109 109 109 108 107 107
 107 108 109 109 109 108 106 106 106 106 107 108 109 109 108 109 110 110
 110 110 109 108 107 107 107 107 108 108 107 105 108 108 108 108 109 108
 108 107 107 106 106 107 107 107 104  98  89  77  71  69  68  66  62  63
  64  64  64  64  64  64  64  65  64  65  66  66  65  65  65  66  66  67
  69  70  69  66  64  63  62  61  61  62  61  61  66  72  88  97 104 106
 108 108 107 107 106 107 108 109 109 108 108 107 107 103 106 104 104 109
 104  25]","[ 29  30  32  32  30  28  25  24  23  22  21  20  19  18  18  18  17  16
  17  17  18  20  56  94  94  95  96  97  97  96  96  95  95  97  98  99
 100 101 101 102 103 103 103 104 104 104 104 104 104 104 105 105 104 104
 104 104 104 104 105 104 104 103 102 102 103 104 105 105 105 104 104 105
 103 103 103 103 103 104 104 103 105 106 107 108 109 109 108 107 106 106
 107 108 109 109 108 107 105 106 107 107 107 107 108 108 108 108 109 109
 110 109 108 108 107 107 107 108 108 108 107 105 107 107 108 109 110 109
 108 107 106 105 107 108 108 108 105  99  91  76  69  70  70  67  64  66
  65  66  67  67  66  65  65  66  64  64  65  65  65  65  65  65  65  65
  67  69  69  67  64  62  62  60  59  60  61  61  64  68  88  98 105 106
 106 106 106 107 105 106 108 108 107 106 107 109 107 109 105 104 106 107
 104  35]","[ 30  30  27  24  21  19  18  16  16  16  15  15  15  15  15  16  18  15
  14  16  17  21  59 101  93  94  96  97  97  97  96  95  95  97  99 100
 101 101 102 102 103 103 103 104 104 105 105 105 104 104 105 105 105 105
 104 104 103 104 104 104 104 104 104 104 104 104 105 105 105 105 105 105
 104 103 103 103 104 104 104 104 106 107 108 109 109 109 108 107 107 107
 108 109 110 109 108 107 106 107 109 109 108 107 108 108 107 108 108 108
 108 108 108 107 107 107 108 109 109 109 107 106 107 107 108 110 110 110
 108 107 107 107 109 110 110 110 107 102  94  78  71  71  70  67  64  67
  64  65  66  67  66  65  65  65  66  65  65  65  66  66  66  66  65  65
  67  69  71  69  67  65  63  60  59  60  61  61  62  64  81  93 103 105
 104 104 105 107 105 106 107 106 105 104 106 108 107 109 103 108 103 106
 110  26]","[ 28  28  25  21  19  18  17  16  16  16  16  16  16  17  17  17  15  18
  16  17  14  23  57  94  93  94  95  96  96  97  96  96  97  98  99 100
 100 100 101 101 103 103 103 104 104 104 105 105 104 104 105 105 105 105
 104 104 104 104 104 104 104 104 105 105 105 104 104 104 105 105 105 105
 103 104 104 103 103 103 104 104 105 106 107 107 107 107 107 106 106 106
 107 108 108 107 106 105 106 107 107 107 107 106 107 107 108 108 108 108
 108 108 108 108 108 108 109 109 110 109 108 108 108 108 109 109 110 110
 109 108 107 107 108 108 108 108 107 103  92  82  77  74  71  68  65  66
  65  66  67  68  67  66  66  66  65  65  64  64  65  65  65  65  65  65
  66  67  68  68  66  66  64  61  60  61  62  61  62  63  77  90 101 106
 109 108 106 105 107 107 108 107 106 106 106 107 107 104 101 107 107 110
 105  31]","[29 30 30 29 29 29 29 28 29 29 29 29 29 29 29 28 28 31 26 30 29 30 29 29
 29 29 29 29 29 29 28 28 29 29 29 29 29 29 29 30 29 29 29 29 29 29 29 29
 29 29 29 29 29 29 29 29 30 29 29 29 29 29 29 29 30 29 28 28 29 29 29 29
 29 29 29 29 28 28 29 29 28 29 29 29 29 29 29 29 28 29 29 29 29 29 28 28
 29 29 29 29 29 29 29 29 29 29 29 29 28 28 29 29 29 28 29 29 29 29 29 29
 30 29 29 29 29 29 29 29 30 29 29 29 28 29 30 27 30 27 29 29 28 30 29 28
 28 29 29 29 29 28 28 29 29 29 29 29 29 29 29 29 29 29 29 30 29 29 29 29
 30 29 29 29 29 28 28 30 29 31 29 26 28 30 29 28 29 29 29 29 29 29 29 28
 28 32 33 25 31 29 29 28]"
