"[28 32 30 30 29 31 29 30 29 30 29 28 29 29 28 29 28 29 29 29 29 29 29 30
 28 29 30 30 28 29 30 29 29 28 30 28 28 29 28 30 29 29 30 30 29 30 30 29
 30 28 28 29 29 30 29 28 28 29 30 29 28 30 30 28 28 30 29 28 28 29 31 28
 29 29 28 29 29 28 29 29 28 29 30 30 29 28 28 30 29 28 28 29 29 29 29 29
 29 27 29 29 29 29 28 30 27 33 29 27 30 29 28 31 29 30 29 29 30 30 28 30
 29 31 29 30 29 27 30 29 29 29 29 28 29 29 29 30 29 28 29 30 28 28 29 30
 29 30 29 28 32 28 29 31 30 28 29 30 28 28 30 29 28 29 30 30 29 28 28 30
 29 29 29 29 28 28 30 30 29 29 28 28 29 29 28 30 29 30 28 29 31 29 29 29
 29 32 27 30 30 30 30 29]","[35 26 32 26 28 31 29 29 30 29 29 29 28 30 31 28 29 29 30 30 29 29 29 29
 30 28 27 29 30 28 28 29 29 28 31 30 30 31 28 29 29 27 27 28 27 28 30 30
 28 28 31 33 27 29 26 30 31 28 28 30 30 27 27 30 31 29 27 29 30 29 29 29
 28 28 28 29 29 28 29 29 30 29 27 28 29 30 30 30 28 30 31 30 29 30 29 26
 30 30 30 29 28 30 30 26 28 29 28 30 30 29 29 27 30 27 29 31 28 27 29 29
 29 28 26 30 31 28 30 29 28 30 29 29 31 30 29 29 32 29 27 29 30 29 28 29
 28 27 31 30 27 27 31 27 29 29 29 28 28 29 29 27 32 30 28 29 31 30 29 28
 30 29 29 30 29 29 29 27 28 30 30 30 30 28 27 29 30 30 28 28 30 29 29 28
 30 25 31 26 29 28 30 31]","[ 29  32 103 106 100  92  93  98  96  92  93  93  89  89  94  95  98  99
  99  99  99  99  98  96  99 102 103 104 107 106 103 104 106 106 112 117
 123 128 128 128 132 133 140 144 141 137 135 135 135 131 125 129 130 145
 154 167 186 206 224 235 243 247 246 245 246 246 247 248 246 244 245 247
 247 246 246 246 246 246 246 246 246 246 246 247 248 247 246 244 231 208
 188 182 171 153 146 153 148 133 122 123 116 110 119 123 120 117 117 120
 115 115 125 127 125 117 116 115 111 117 126 126 128 121 107  88  62  36
  26  24  22  24  20  21  21  20  21  17  15  17  17  17  18  17  15  16
  20  23  20  20  19  20  37  68  99 103 101  94  91  89  86  83  79  77
  77  78  79  76  72  69  60  58  59  63  67  72  74  73  70  72  72  72
  73  73  74  76  81  82  82  81  80  81  81  80  82  87  85 104 137 148
 147  28]","[ 30  26  99  95  94  89  91  94  99  94  91  91  89  86  89  96  95  96
  97  96  96  96  94  92  91  99  98  96 103 107 104 101 103 102 105 107
 111 113 110 108 117 120 126 128 127 128 134 138 136 133 131 133 132 135
 134 140 140 145 148 156 171 187 210 235 242 245 249 250 251 254 252 249
 251 251 253 253 253 253 251 252 251 252 252 251 251 252 254 253 253 253
 253 245 239 228 207 185 177 161 147 151 148 144 148 139 129 123 118 117
 108 103 113 117 118 116 117 116 115 121 123 117 115 115 116 119 115 103
  90  81  73  65  42  27  16  13  20  17  17  20  18  15  16  17  17  19
  20  27  27  21  20  48  79  96  97 104 101  91  86  83  80  79  76  78
  82  83  80  75  71  69  67  62  59  60  61  65  68  68  73  73  72  70
  73  75  78  81  80  80  81  78  78  81  82  85  83  89 103 128 153 155
 158  28]","[ 29  29  91  85  85  86  90  94  95  96  90  88  91  88  86  94  97  98
  99  98  97  97  94  91  91  96  92  88  97 104 101  98  96  95  98 101
 105 109 108 108 107 108 109 108 109 116 123 124 123 125 130 129 134 135
 138 145 137 136 135 139 144 138 136 144 160 176 199 212 224 239 247 252
 253 252 253 251 251 252 251 254 252 253 252 251 251 251 251 251 252 252
 253 253 254 254 254 253 252 237 222 216 190 163 161 158 150 144 130 127
 122 112 114 113 112 112 109 108 111 116 120 122 115 114 114 113 115 118
 117 116 117 114  99  86  68  50  44  31  33  26  19  20  22  20  18  18
  20  23  22  26  46  89 108 100  96  99  94  84  81  80  79  79  74  76
  78  78  76  74  73  74  71  67  64  65  65  68  72  75  75  75  72  71
  74  77  79  81  82  79  78  77  81  83  81  88  90  96 137 156 152 152
 152  30]","[ 30  30  72  68  75  81  82  81  79  91  90  83  83  84  84  90  92  94
  94  93  92  92  89  86  86  91  92  91  93  92  91  92  93  93  96  98
 102 106 106 107 105 105 104 105 108 113 110 102 103 105 110 105 115 113
 113 114 125 132 137 141 146 143 136 132 130 132 138 136 137 150 165 182
 212 219 234 242 249 255 252 252 252 253 253 254 255 254 253 251 251 252
 252 252 251 251 252 253 251 254 254 254 251 250 246 228 212 203 177 162
 150 135 133 129 122 118 110 106 104 100 102 111 112 110 109 108 112 117
 113 109 115 117 117 118 109  99  96  87  74  56  42  37  28  18  18  22
  27  25  30  55  85 101 100  98  94  90  81  75  76  79  80  79  82  78
  75  74  75  77  79  80  80  77  76  75  71  69  70  71  72  74  74  74
  78  81  82  82  81  78  77  79  87  84  77  88 106 143 151 149 151 154
 150  28]","[ 29  29  66  60  63  67  68  65  68  77  80  75  71  75  82  85  88  91
  92  91  90  91  89  87  86  91  96  97  94  91  90  91  91  91  95  96
  97  99  98 100 101  98  97  99 104 109 107 100  97  97  96  91 104 109
 107 106 106 108 114 123 130 135 140 146 147 141 141 138 140 144 138 139
 136 141 155 166 184 206 219 230 239 245 250 252 252 253 253 252 253 252
 251 252 253 253 253 252 253 252 252 253 253 253 255 253 254 254 244 236
 215 190 175 152 141 133 126 123 117 110 105 103  97 102 109 109 107 108
 107 109 114 111 114 116 110 106 105 102 101  95  96  92  74  57  46  38
  25  29  61  90  97  98 100  92  86  78  73  73  76  80  82  81  82  77
  74  74  78  80  80  79  82  80  82  83  78  72  71  71  68  73  75  76
  79  81  81  81  80  79  79  82  92  89  89 116 151 154 151 151 148 149
 144  31]","[ 28  28  71  65  64  66  67  66  63  55  57  60  57  63  72  72  80  84
  85  85  85  86  86  84  88  89  89  88  90  95  94  88  87  89  94  95
  95  96  95  98  93  90  90  92  94  98  99  98  92  95  93  90  99 106
 103 103 102 106 105 101 105 120 127 124 124 130 142 142 146 152 145 142
 136 133 133 126 126 135 137 144 153 176 207 230 243 249 252 253 253 254
 255 254 253 252 252 253 254 252 252 251 252 252 251 252 254 253 251 255
 253 251 252 231 220 196 168 145 133 137 138 129 124 116 113 109 107 106
  98  97  99  94 100 104 101 100 101 101  96  99 108 106  96  95  89  73
  60  73  96 105 102  91  91  89  83  75  74  76  75  74  76  75  73  72
  74  78  82  83  81  79  81  80  84  86  81  75  73  73  72  78  80  80
  81  81  81  81  82  82  80  79  90  94 111 159 154 151 147 149 144 147
 146  28]","[ 29  26  75  71  74  76  74  66  63  60  62  63  62  63  58  45  52  61
  67  68  68  68  69  72  73  75  76  83  86  85  85  79  80  83  89  88
  90  92  96  95  94  94  92  87  86  89  91  91  99  94  90  90  93  95
  96  98  97  97 100 102 102 106 111 111 113 110 107 106 104 106 114 122
 126 129 136 137 133 132 132 129 130 123 131 132 134 139 155 195 219 230
 244 251 254 254 253 253 252 253 253 252 251 253 252 251 250 252 252 253
 251 253 254 253 254 255 252 245 204 192 169 147 139 132 128 121 115 116
 110  98  94  96  95  89  92  89  89  96  95  94 105 104  97  95  92  96
 102 105 104 100  96  90  85  82  80  77  77  78  76  74  72  69  67  68
  70  76  83  83  79  77  78  80  79  77  76  78  78  76  80  82  81  79
  80  80  80  81  84  85  75  87 115 141 159 159 152 149 148 147 147 148
 150  28]","[ 31  31  83  80  82  82  80  75  67  63  64  67  66  68  69  63  63  67
  67  62  57  55  58  64  59  58  60  74  82  79  80  81  79  75  81  88
  92  89  92  95  93  95  97  96  95  93  92  92  98  97  95  92  88  87
  88  90  98 102 102 100 100 101 105 112 110 109 107 106 105 104 106 109
 112 114 118 119 117 122 130 134 131 131 135 132 133 133 128 140 143 149
 159 177 202 221 234 244 252 252 253 255 255 254 253 253 254 253 251 252
 252 252 254 253 251 252 252 254 254 253 247 238 232 213 182 165 145 127
 123 110 108 111 111 102  99  91  87  86  89  94  96 101  98  95 103 107
 110 110 107 100  93  87  82  79  79  78  80  81  78  73  68  63  63  68
  71  72  76  79  76  73  77  78  79  78  79  81  80  76  79  80  77  75
  79  83  84  87  90  84  92 126 148 150 155 156 151 149 149 148 147 148
 150  29]","[ 29  29  84  84  85  85  87  87  83  79  82  85  81  77  76  74  74  73
  69  66  63  60  60  63  61  56  50  57  65  64  67  73  71  72  76  74
  78  82  90  92  89  90  92  93  90  87  88  90  96  96  94  90  88  89
  92  93  95  96  89  89  98 100  96 100  99 100 101 102 104 105 103 102
 102 104 108 109 106 107 113 117 125 130 134 131 134 137 134 136 144 141
 131 126 133 141 155 175 181 197 219 238 250 250 250 254 250 252 253 253
 254 251 253 253 253 254 254 250 254 251 252 254 254 254 250 245 227 201
 178 150 133 122 115 110 109 103 102 101  92  95  92  96 100 102 109 111
 110 104 100  92  84  81  80  76  78  77  80  82  77  71  64  58  59  65
  68  69  73  77  76  73  77  78  79  80  82  84  81  76  75  78  76  77
  83  84  83  87  85  94 119 150 154 146 149 149 151 150 151 149 148 148
 151  29]","[ 29  29  84  82  81  79  82  84  82  82  89  94  90  84  81  79  78  76
  73  73  72  68  66  68  64  66  59  57  62  62  60  61  64  62  63  61
  57  51  59  70  64  72  83  91  91  87  82  80  88  90  91  89  89  93
  95  94  96  95  89  87  91  90  88  92  96  96  96  97  99 100  98  95
  95  97 102 104 101  99 102 106 108 109 106 103 105 108 117 126 132 133
 132 135 141 140 137 139 140 141 138 142 158 175 195 214 223 233 242 250
 252 252 253 252 253 250 251 254 253 253 253 253 253 253 253 251 250 254
 252 247 227 202 179 158 139 120 115 110 111 107 102  98 103 107 102 104
 104  95  90  85  78  79  81  77  71  71  74  77  76  73  68  63  59  62
  66  73  81  82  80  79  81  81  81  82  83  84  81  76  78  81  79  80
  83  82  86  99 104 130 152 158 151 147 153 151 152 151 152 150 149 149
 151  29]","[ 30  30  84  83  81  77  79  81  77  80  85  89  88  85  83  82  81  81
  80  78  73  69  71  77  74  75  67  57  59  62  61  63  64  66  68  65
  58  45  46  54  58  60  61  60  61  67  73  76  72  79  87  91  93  95
  96  96  95  93  92  90  87  87  89  91  95  95  95  94  95  95  93  91
  94  95  96  97  97  97 101 106 108 103  96  96  97  97 105 113 115 112
 114 119 125 136 144 143 140 146 142 133 129 129 135 145 144 151 159 178
 200 215 228 236 246 249 254 254 253 251 252 254 254 251 254 253 253 254
 250 253 253 248 246 235 210 183 177 171 162 147 124 108 108 109 104 102
  97  88  83  81  77  78  78  73  71  71  73  76  76  75  71  66  62  66
  73  81  88  88  86  85  83  83  83  82  83  83  82  80  80  82  84  87
  89  88 100 120 136 152 156 152 152 150 149 150 153 151 152 150 151 152
 153  29]","[ 28  29  85  86  85  82  82  82  81  85  87  87  86  84  81  78  80  82
  82  81  80  78  78  82  74  76  77  73  72  69  62  63  69  74  75  69
  68  60  56  55  59  58  53  48  50  58  65  67  69  70  76  84  91  92
  92  91  84  84  89  91  89  90  92  89  88  89  91  93  94  93  91  89
  93  96  97  98  98  96  95  97  95  95  94  96  98  99 104 106 105 103
 106  99  87  89  99 100 101 118 133 137 139 138 141 146 135 130 123 129
 135 133 139 150 170 186 206 220 250 253 253 252 254 255 251 251 251 252
 253 252 249 246 251 253 241 225 239 249 248 210 151 123 114 105 104  94
  89  83  80  80  78  78  75  69  72  73  76  78  78  77  74  69  67  76
  83  85  89  91  89  87  82  82  82  81  81  82  83  83  81  81  85  91
  96 103 122 143 153 154 145 142 153 155 150 154 152 151 152 151 152 154
 154  29]","[ 30  32  88  87  86  83  83  83  83  86  87  87  86  83  79  77  77  78
  79  83  88  88  83  80  80  77  80  80  80  79  76  80  85  81  78  78
  83  73  69  72  62  60  56  55  57  62  64  64  64  55  53  61  68  68
  64  62  70  77  81  79  78  79  82  84  83  84  87  91  92  89  85  83
  84  90  92  93  94  91  88  88  90  93  97  96  94  98 100 101  97  98
 104 105  99  96  97  96 104 101  99  99 105 113 119 122 123 127 127 131
 131 123 120 125 123 126 124 116 131 144 168 187 197 215 231 241 248 248
 245 237 248 244 243 246 242 232 244 248 236 188 126 108 104  95  96  88
  84  81  79  79  80  78  74  72  68  71  77  80  80  81  82  79  75  81
  83  83  86  90  89  87  83  83  82  82  83  84  86  86  89  86  89  98
 108 125 144 155 149 147 140 138 148 154 152 155 153 152 153 152 152 154
 154  29]","[ 27  30  86  84  85  85  88  88  87  88  87  86  85  82  80  81  80  82
  83  86  90  89  84  80  80  76  81  82  81  82  80  81  83  85  83  80
  88  87  85  85  81  76  73  73  73  71  68  66  67  57  54  62  67  63
  58  58  61  61  51  48  60  71  72  75  77  77  82  88  90  87  83  81
  82  85  82  78  78  79  80  84  86  87  91  91  91  96  97  98  97  97
  97  99  99  96  95  98 102 101 103 104 101 100 104 107 108 116 114 114
 119 119 118 117 122 121 120 121 112 115 120 123 121 127 145 150 161 180
 192 211 221 234 238 238 242 245 246 230 177 135 101  99  99  90  86  87
  81  79  75  74  75  72  70  71  71  75  81  82  81  82  84  84  82  79
  76  78  86  89  88  88  87  86  86  86  87  88  88  88  88  90 101 118
 132 147 152 146 148 146 146 147 151 154 153 154 154 154 155 153 152 153
 154  28]","[ 29  29  88  87  87  87  88  89  92  91  90  85  83  81  80  85  87  87
  86  85  87  87  83  76  81  78  81  84  80  81  81  75  79  80  82  80
  82  87  86  86  90  88  84  81  80  80  79  78  78  71  66  67  68  64
  56  50  58  62  56  58  59  63  63  66  64  68  73  76  79  80  82  86
  87  84  77  80  78  77  76  76  82  94  96  95  90  89  99  96  96  96
  94  92  91  95  96  92  97  96  97  95  98 101 100 103 102 104 106 102
 106 107 109 104 109 112 116 117 119 123 125 121 117 116 108 108 115 114
 119 136 151 163 192 218 232 235 219 175 121 110 102  95  86  81  82  83
  80  78  72  68  69  68  69  74  76  79  81  81  80  81  83  84  82  79
  79  83  87  88  89  90  90  90  89  85  90  90  86  95 101 104 119 138
 146 144 144 149 147 149 151 153 153 152 152 152 155 156 154 154 155 154
 154  28]","[ 27  30  93  94  91  88  88  91  95  91  86  81  85  90  87  85  86  84
  86  89  88  83  80  78  76  78  83  80  74  77  80  76  67  73  81  79
  78  83  86  86  83  81  80  80  81  82  81  80  81  81  81  81  78  72
  68  67  68  66  58  58  60  63  58  56  58  58  59  60  62  65  67  69
  68  69  67  75  78  78  75  71  72  73  71  82  88  87  92  91  88  91
  91  87  83  84  88  91  91  93  95  94  98 101  99  99  98  96  97  97
  98  96  97  98  96  97  98 100 104 112 115 111 112 114 112 112 114 107
 104 112 113 120 129 138 157 174 151 107 105 102  97  87  77  75  78  77
  77  76  70  66  66  66  71  78  80  80  81  81  82  82  82  82  81  80
  81  85  89  90  91  92  95  91  92  90  89  93  98 100 108 127 139 142
 146 149 148 148 151 150 151 151 152 150 149 149 156 156 155 154 155 155
 155  30]","[ 32  28  87  89  92  91  90  92  96  94  90  85  88  94  91  88  91  89
  91  95  92  87  82  80  81  80  82  81  77  80  84  82  75  78  86  84
  78  80  82  82  79  77  76  78  81  81  81  82  82  84  87  87  83  79
  78  80  82  78  70  69  71  72  66  63  61  58  59  60  59  59  57  52
  53  50  45  56  68  78  78  73  68  66  61  70  78  77  84  90  87  91
  92  89  86  84  83  86  89  92  93  90  93  97  95  95  89  89  91  97
  97  96  96 101  96  94  92  91  95 101 102  96 101 104 108 111 113 110
 108 112 114 111 110 115 124 130 113 107  97  91  87  83  77  74  74  73
  74  71  66  63  65  69  76  83  85  84  82  81  82  83  83  82  84  85
  86  87  89  91  91  91  95  93  91  93  92  89 100 118 132 148 152 146
 147 147 146 152 153 151 150 151 152 151 149 148 155 155 154 153 154 154
 155  30]","[ 27  27  98  99  96  90  89  93  90  90  90  88  90  93  92  96  95  95
  97  97  92  91  87  82  84  84  84  81  80  85  87  84  84  79  83  84
  79  78  79  81  80  78  76  77  77  77  79  81  81  80  81  83  83  82
  81  81  81  78  76  76  79  82  80  81  70  66  69  71  68  65  61  51
  52  54  51  54  55  59  60  58  56  59  53  52  55  56  63  71  83  87
  90  92  93  89  84  84  84  87  90  88  90  92  88  87  91  90  85  86
  83  88  90  95  98  96  94  91  91  95  94  88  89  90  94  96  96  97
  99 100 108 108 106 106 109 110 101 100  89  82  79  81  80  76  73  73
  69  64  59  60  66  72  77  80  83  83  81  80  81  84  86  87  88  89
  89  88  90  92  92  90  90  96  95  98  99  97 116 141 152 154 151 149
 149 146 147 154 153 151 151 152 153 153 152 151 153 153 152 151 152 152
 153  28]","[ 31  30 121 129 134 126 113 107 107  98  94  95  97  96  95 102  98  98
  98 100  92  93  91  88  80  85  88  84  83  88  89  85  87  82  83  82
  80  80  80  81  81  80  78  77  75  75  77  80  80  78  77  82  86  87
  83  80  79  74  76  75  78  81  82  84  82  79  81  83  79  80  79  72
  67  62  51  54  58  64  63  59  55  60  54  50  54  55  56  59  65  71
  78  84  86  84  81  80  81  81  83  84  86  85  81  83  81  83  83  88
  86  88  86  88  91  93  93  90  87  89  90  87  88  89  91  91  88  87
  86  83  90  95  97  95  94  90  89  80  77  79  79  76  75  73  70  68
  66  63  61  63  68  74  77  76  74  76  78  79  81  85  89  92  88  89
  89  90  92  96  95  91  90  97 102 107 109 124 148 153 152 150 152 151
 149 152 155 152 152 152 152 154 155 154 154 154 153 153 151 150 152 152
 153  29]","[ 28  31 148 153 154 146 142 142 137 122 112 111 111 107 105 113 107  98
  95 104 100 101  96  92  82  80  82  89  92  89  87  87  88  90  90  84
  82  83  81  81  82  82  82  79  77  76  78  80  79  79  83  89  92  90
  86  83  82  73  75  73  77  81  81  82  80  80  82  82  80  82  82  78
  72  76  76  82  81  79  72  66  62  63  59  56  58  58  57  60  61  55
  49  48  51  60  69  71  59  64  75  84  91  89  83  83  82  76  73  76
  77  79  83  91  90  94  96  91  83  83  86  85  87  88  89  89  87  86
  84  79  83  81  83  84  79  68  78  80  79  79  77  74  73  68  64  63
  66  65  66  67  67  71  74  73  71  74  79  81  83  85  88  90  89  90
  90  91  95  98  96  92  93  96 103 114 127 144 155 152 151 148 152 152
 146 150 156 152 153 153 154 154 154 154 154 154 153 153 152 151 153 152
 154  29]","[ 30  27 157 153 156 154 156 158 155 146 139 135 136 134 131 136 128 118
 114 124 117 117 109 102  97  88  85  92  96  90  85  88  87  90  89  85
  86  85  82  86  87  88  86  81  79  80  82  82  81  86  93  99  98  94
  91  90  85  75  78  75  79  81  81  82  80  82  84  83  82  82  81  79
  81  81  79  88  91  91  85  80  74  72  71  67  66  66  67  68  59  51
  49  49  48  53  53  45  42  42  45  49  58  67  73  80  80  75  74  73
  72  67  69  73  81  88  93  88  81  80  82  82  89  89  88  88  88  87
  84  81  80  77  72  68  67  68  75  76  81  78  74  74  73  65  62  66
  64  64  65  65  64  67  71  71  73  75  78  81  84  87  88  87  93  92
  91  91  93  95  95  94  94  98 110 127 145 150 148 151 154 150 152 152
 147 147 153 155 154 154 154 154 154 154 154 155 153 154 153 152 153 153
 154  29]","[ 30  29 175 169 169 168 175 181 171 169 165 161 163 164 157 154 153 151
 151 155 139 137 130 124 117 116 108 100  97  95  92  90  96  92  88  88
  92  86  81  91  95  94  89  82  80  83  84  83  87  93 102 107 105 100
  98  99  99  87  90  83  80  78  76  76  80  83  82  80  80  81  80  80
  72  76  77  85  84  83  83  85  83  83  84  82  81  84  81  76  78  72
  73  70  60  61  61  51  44  44  44  43  47  51  51  54  55  58  62  60
  61  59  61  59  59  68  78  80  77  79  82  82  84  84  82  83  85  83
  79  77  75  75  73  68  65  69  66  73  70  75  74  69  67  65  67  73
  69  66  66  66  67  72  77  75  74  74  74  77  83  89  90  89  95  92
  89  88  89  93  96  98  94 101 128 147 151 155 155 154 150 153 154 153
 153 152 152 154 155 154 153 154 154 155 155 156 154 155 154 153 155 154
 155  30]","[ 30  27 172 170 168 168 180 180 179 175 177 174 172 170 165 168 168 164
 161 161 155 157 151 141 130 126 129 136 131 121 113 107 109 111 100  95
  95  97 101 100 102  94  95  88  87  90  90  88  94  96 109 117 119 109
 105 101 104 103  98  96  79  75  77  76  82  79  82  80  82  80  81  77
  75  74  79  82  82  81  79  80  81  75  78  78  84  84  83  80  84  84
  83  79  77  78  76  71  66  62  62  57  52  51  48  46  48  46  52  54
  53  51  49  51  55  45  45  56  66  75  81  80  80  72  76  75  70  71
  71  71  68  68  68  64  61  63  68  69  68  66  67  68  66  67  72  76
  74  74  74  72  72  76  84  90  83  77  80  83  90  88  90  87  89  89
  87  85  88  92  97 112 126 141 154 153 150 152 154 154 152 153 153 153
 153 153 152 152 157 155 154 156 157 156 156 157 158 154 152 153 154 155
 157  29]","[ 30  29 146 144 157 162 166 171 177 176 178 177 178 181 175 173 172 174
 174 171 160 160 160 161 167 163 161 159 152 146 142 137 131 119 110 109
 110 113 116 111 100  98 101  95  92  96  96  88 100 107 120 125 125 113
 109 107 105 106 103  97  82  81  79  76  76  79  80  77  80  81  81  77
  80  79  82  81  80  78  75  75  77  73  78  77  81  82  83  81  81  82
  81  80  81  81  79  76  79  78  80  76  72  70  64  59  60  53  53  53
  53  53  49  47  48  47  44  47  55  55  55  60  61  58  67  70  64  63
  64  66  64  60  57  57  59  62  62  58  61  62  64  65  66  69  73  74
  77  77  77  79  82  85  87  88  84  81  85  87  91  89  91  89  92  88
  87  91  85  85  97 127 152 154 154 151 152 155 154 150 152 153 153 154
 153 153 152 152 153 155 157 158 157 156 156 158 157 153 152 153 154 155
 157  29]","[ 31  30 125 118 127 128 121 122 123 128 137 139 142 148 155 161 176 177
 173 170 165 164 164 167 167 168 169 167 167 166 158 146 144 121 113 112
 113 126 139 140 138 136 136 132 111 101 105 109 114 120 125 123 121 112
 108 108 104 106 107 103  94  92  86  82  82  78  73  75  78  79  79  84
  82  80  80  79  81  82  78  76  75  72  75  73  75  79  82  81  79  81
  80  80  82  79  76  76  79  77  81  82  81  82  77  73  71  64  61  58
  59  60  56  51  49  50  47  47  49  44  40  44  38  35  41  44  42  42
  46  50  52  50  50  51  52  54  54  52  54  59  63  64  66  71  74  73
  74  76  79  83  85  85  82  80  81  83  88  90  91  89  90  90  87  96
  98  95  89 108 130 153 156 154 152 151 153 155 155 154 153 153 153 153
 153 154 154 154 152 154 156 157 156 155 155 157 157 154 152 153 154 155
 158  29]","[ 28  32 148 142 131 130 130 131 132 129 129 131 131 130 132 137 138 145
 146 148 148 151 155 167 171 174 175 172 171 168 157 142 134 115 109 103
 101 121 146 161 169 161 147 146 143 149 148 136 133 133 127 122 121 114
 110 113 106 104 108 109 105  99  90  88  86  83  77  82  84  81  74  79
  79  79  82  81  82  85  83  82  83  80  80  75  74  79  82  82  80  81
  78  77  79  74  70  75  79  73  72  74  75  76  73  72  73  72  71  70
  69  70  68  63  58  51  51  53  48  43  40  34  37  33  37  43  44  42
  38  36  35  37  40  42  40  41  44  45  47  58  65  65  67  72  75  74
  74  78  83  85  84  81  79  79  80  85  89  90  90  88  88  90  93  96
  94  95 110 144 156 153 152 151 152 153 152 151 152 154 155 154 153 153
 155 156 157 157 156 155 154 155 155 155 155 154 157 155 153 153 154 155
 157  29]","[ 32  30 159 159 156 159 155 146 149 149 147 143 131 119 116 120 119 127
 127 131 132 130 124 129 131 143 153 158 159 156 147 139 127 117 113 106
 102 113 135 161 179 180 170 169 166 171 170 159 150 146 135 127 123 116
 110 114 112 108 108 107 106 105 103 100  94  95  87  86  89  93  87  88
  86  89  93  91  89  92  92  95  98  97  96  88  79  79  80  81  79  80
  77  76  77  72  70  78  82  71  68  71  73  72  69  71  71  73  74  74
  75  77  76  70  74  68  67  68  63  59  54  47  49  44  43  47  48  43
  36  31  32  30  32  35  36  36  38  39  44  58  66  66  68  72  75  77
  77  81  84  84  82  80  82  84  85  90  91  90  89  87  87  91  95  88
  98 115 140 152 155 152 158 154 152 153 153 153 154 157 157 155 154 156
 159 160 158 156 158 157 157 157 157 157 156 155 157 155 154 154 154 156
 158  29]","[ 27  27 164 161 163 165 164 164 170 169 163 161 162 160 157 149 147 145
 133 131 133 133 127 129 137 135 129 124 124 127 129 132 129 123 119 117
 114 112 125 152 170 176 177 182 183 179 173 172 179 174 158 143 128 120
 116 120 116 113 110 105 107 120 136 132 130 124 112 106 105 106 104 107
 103 100 100  98 101 105 104 104 106 109 110 100  83  78  75  78  80  79
  77  76  76  73  73  80  77  67  68  73  74  72  70  72  72  71  69  71
  74  76  75  68  69  72  71  71  73  69  65  67  65  63  56  55  53  49
  46  43  37  33  34  37  37  37  38  39  49  62  69  68  70  71  72  76
  77  79  80  80  81  83  86  89  93  96  93  92  90  88  88  96  93 102
 129 143 155 151 155 160 160 157 156 156 156 157 159 161 159 158 158 160
 162 162 158 154 155 158 161 160 159 157 157 157 156 156 156 157 157 158
 160  30]","[ 32  32 162 162 165 164 163 159 158 164 162 160 159 160 164 161 158 164
 161 159 154 150 144 144 145 139 129 125 130 135 136 138 132 129 122 121
 119 114 122 136 154 168 176 173 179 180 177 182 188 185 168 148 126 120
 117 118 117 116 113 109 113 133 165 163 153 145 143 145 144 135 134 138
 125 114 107 104 108 112 108 107 109 111 112 106  89  83  78  81  82  80
  78  79  79  76  77  80  77  72  74  75  73  71  69  72  75  72  67  68
  71  72  73  66  61  66  66  68  73  71  70  74  67  69  64  63  62  59
  57  52  43  41  42  44  41  38  40  44  57  65  68  68  71  70  69  74
  77  78  80  82  84  88  91  93  97  98  94  95  93  93  96 109 116 134
 151 150 156 158 157 155 159 161 160 157 156 157 159 160 160 160 161 162
 162 161 158 155 154 157 160 160 158 158 157 157 156 156 158 158 158 160
 161  30]","[ 28  30 162 169 165 162 169 162 155 161 161 162 159 155 159 159 159 162
 158 157 156 160 159 159 162 160 153 149 151 148 141 138 136 138 130 125
 121 119 123 122 119 123 127 126 137 134 138 158 175 177 165 147 127 126
 121 116 119 117 114 115 116 133 172 172 175 171 173 170 165 154 152 152
 148 136 126 117 113 111 109 110 112 111 110 108  97  94  88  89  84  80
  79  82  82  81  82  82  82  79  81  78  74  74  75  79  78  75  69  70
  71  70  72  67  64  61  64  67  66  67  68  65  67  68  59  56  59  61
  63  60  53  51  52  54  50  45  47  51  58  63  63  66  72  71  69  73
  74  78  82  84  85  87  91  94  97  98  94  97  97 100 105 122 142 152
 155 150 154 158 157 161 158 160 158 154 154 160 163 162 162 162 162 161
 160 159 159 158 156 157 157 157 158 159 158 156 155 156 157 158 157 158
 159  28]","[ 29  29 174 173 166 166 167 169 167 163 158 154 155 159 160 158 155 161
 161 158 158 156 156 161 162 161 158 154 153 155 151 143 139 140 137 133
 123 123 120 125 129 126 119 122 115 102 106 107 114 117 126 128 131 131
 122 119 120 120 120 120 117 136 169 179 181 184 185 182 179 179 179 180
 173 166 141 119 115 114 112 114 115 113 113 113 107  96  93  98  95  92
  87  88  87  84  85  85  85  84  84  79  75  74  73  75  75  75  79  79
  72  69  70  65  65  64  64  63  61  60  59  56  57  57  56  55  55  53
  50  51  48  51  52  54  55  52  48  50  58  64  67  66  68  71  73  75
  79  81  82  85  87  89  93  96  97  95  92 104 102 110 124 150 150 155
 158 157 156 157 159 160 159 160 159 155 154 156 159 161 161 160 160 160
 158 157 159 163 159 155 152 155 159 161 160 160 160 158 156 157 158 157
 158  30]","[ 31  30 177 180 179 180 177 175 173 172 171 169 167 164 160 157 159 160
 161 160 157 157 158 158 157 157 156 153 152 156 157 152 143 142 139 136
 128 128 124 128 140 150 147 144 142 140 137 123 120 128 134 132 134 134
 125 123 122 121 122 119 113 124 147 158 174 170 174 183 185 180 180 184
 185 178 157 133 121 115 112 112 113 112 113 120 127 127 123 123 109  98
  93 102 101  87  86  92  93  88  85  81  80  82  81  82  78  76  77  77
  71  69  70  67  68  66  66  65  63  61  59  55  54  53  52  53  54  51
  48  48  51  51  50  48  47  46  45  46  47  54  59  62  68  73  76  78
  81  83  83  85  88  93  98  99  99 101  99 102 116 136 150 157 155 158
 160 160 160 160 162 162 159 160 159 156 155 157 159 161 161 160 159 159
 158 158 160 161 160 157 155 157 160 161 161 161 159 157 156 157 158 157
 157  30]","[ 29  29 180 183 182 182 179 177 180 179 179 179 177 174 171 170 165 160
 161 161 157 159 161 158 155 158 159 155 151 152 153 151 146 143 141 138
 132 130 125 126 139 151 150 151 154 156 156 146 151 155 150 136 132 132
 125 123 124 120 119 116 113 116 123 129 126 126 129 138 151 165 174 177
 181 175 158 135 119 113 113 114 115 115 117 127 143 150 144 136 125 118
 112 116 115 106 104 104 101  96  94  91  89  89  89  92  88  83  82  80
  74  72  73  73  71  67  65  64  62  61  59  55  54  54  54  56  58  54
  51  51  52  50  48  46  43  43  45  45  46  53  60  65  72  76  78  79
  78  84  90  92  95 100 103 103 106 110 117 121 143 155 160 155 161 162
 164 165 165 165 165 166 162 162 161 159 158 159 161 162 161 160 159 159
 159 160 161 160 160 159 158 159 160 160 161 162 158 158 157 158 159 158
 158  29]","[ 30  29 182 182 181 181 180 181 182 180 179 178 177 175 174 175 180 173
 170 170 170 172 173 170 161 165 168 166 161 159 156 151 146 142 141 138
 134 130 124 124 132 142 147 154 158 155 154 152 153 153 150 139 130 129
 125 118 121 115 113 108 111 117 120 129 132 125 120 122 124 123 122 123
 124 127 132 131 123 118 115 110 112 112 114 123 141 154 154 150 146 145
 136 129 126 126 124 116 108 105 106 105 101  98  95  98  96  91  89  86
  80  77  77  79  75  71  67  64  62  63  63  62  56  56  57  60  61  57
  54  55  53  49  50  50  44  43  45  46  48  56  62  67  72  74  75  76
  80  84  88  87  88  94 101 107 109 114 129 140 159 164 169 169 164 165
 166 168 167 165 165 167 166 165 163 162 161 161 162 163 161 162 161 159
 160 161 161 159 159 159 159 159 159 158 159 160 158 158 157 158 159 159
 158  29]","[ 31  29 182 180 183 184 183 183 180 178 178 179 179 177 176 176 180 177
 173 172 177 176 174 174 172 174 177 176 172 168 161 153 147 143 142 137
 133 129 125 127 129 140 149 155 159 159 158 155 151 148 150 144 127 123
 125 118 116 113 110 102 106 120 133 148 153 154 147 137 134 138 137 131
 128 126 127 126 121 120 120 116 110 113 117 124 136 145 149 150 146 147
 144 143 142 137 132 124 119 115 116 115 115 112 105 103 103  98  98  93
  87  83  80  84  81  76  73  71  68  68  70  71  61  62  63  64  64  60
  57  58  55  50  52  53  46  40  41  44  51  59  66  70  73  74  75  77
  82  81  85  87  90  96 102 110 125 138 150 154 160 164 167 168 168 168
 170 170 168 165 164 166 168 167 164 163 162 161 161 162 161 162 162 160
 159 160 160 159 157 158 160 159 158 158 158 159 159 158 158 158 159 159
 158  29]","[ 29  27 185 182 183 183 182 183 184 182 181 182 183 182 181 181 179 181
 179 180 185 181 176 178 180 179 179 178 177 174 167 158 154 147 145 137
 132 126 125 128 130 137 149 159 163 165 164 159 153 150 153 147 124 116
 123 121 120 118 113 106 109 121 135 148 158 156 160 167 165 154 147 148
 139 132 129 127 124 123 121 116 114 114 111 111 117 124 132 138 147 144
 138 137 136 133 132 129 127 125 125 122 120 119 116 115 116 111 111 104
  98  94  88  90  85  81  80  79  76  75  76  76  70  71  70  68  66  62
  58  59  56  52  51  51  46  40  41  45  54  63  70  74  76  76  77  80
  79  76  85  93 103 111 114 121 141 152 158 162 162 167 168 170 172 173
 174 173 170 166 165 166 169 167 166 165 163 162 161 161 161 162 162 161
 159 159 159 160 158 159 160 160 160 160 159 159 161 161 160 159 161 161
 160  30]","[ 29  29 190 187 186 183 182 184 188 187 184 182 181 181 181 180 181 182
 184 186 186 183 181 182 179 178 178 179 180 181 178 171 160 153 150 140
 135 127 125 129 132 136 157 175 176 170 166 161 159 161 163 159 142 130
 133 132 129 126 121 118 119 123 134 140 143 145 148 151 153 154 154 152
 148 140 131 127 124 123 120 117 115 115 115 116 119 118 111 106 115 119
 123 129 131 128 125 121 130 128 126 119 115 118 121 124 123 118 117 110
 108 106  97  97  94  90  88  89  87  85  85  85  80  80  76  71  68  65
  61  59  60  58  55  52  50  48  48  51  54  61  68  73  75  75  76  79
  79  78  88  96 108 123 131 142 158 160 160 163 164 167 169 175 175 176
 177 175 172 170 168 166 169 168 168 168 166 164 162 162 162 162 162 161
 160 160 160 162 160 160 160 160 161 163 162 160 162 162 162 161 163 163
 161  30]","[ 29  27 188 185 188 187 183 183 185 186 187 185 185 186 185 183 184 182
 186 189 183 182 184 184 180 178 178 179 180 181 178 173 163 156 155 146
 142 133 131 133 131 136 161 179 177 175 176 173 179 180 169 159 147 134
 131 131 132 131 127 127 124 124 139 147 147 146 145 145 149 154 156 156
 154 143 131 124 122 121 122 123 118 115 111 115 130 141 141 136 135 132
 129 132 130 123 124 126 130 125 119 110 109 116 120 122 117 113 113 108
 110 112 103 103 105 100  97  98  97  96  97  96  93  92  85  78  76  74
  69  65  66  67  61  55  56  57  55  54  52  59  66  72  76  77  77  80
  80  85 101 106 115 130 141 154 158 162 165 169 172 173 171 171 174 175
 176 174 173 172 169 166 168 168 169 169 168 165 163 163 163 162 161 162
 162 161 162 164 162 161 160 160 162 165 164 162 161 162 162 162 163 163
 160  28]","[ 29  28 190 189 187 186 185 183 183 186 188 186 186 189 188 186 182 184
 187 188 185 182 182 184 180 180 179 177 179 181 180 177 168 159 152 149
 145 139 134 129 130 128 152 175 175 176 175 177 177 176 171 158 144 137
 134 132 137 132 130 127 124 130 145 154 156 161 146 139 151 154 158 153
 154 146 132 121 121 116 123 123 120 118 122 128 132 143 150 148 146 140
 145 145 141 141 139 131 130 131 130 116 109 113 110 106 100 104 106 106
 109 112 110 105 106 103 102 101 101 102 103 101  98  93  87  83  80  80
  79  79  73  69  64  65  68  67  62  59  54  57  64  68  72  77  79  82
  87  94 103 116 129 145 158 158 164 168 170 170 172 172 171 171 172 174
 175 174 173 172 172 171 170 168 168 170 168 165 164 166 165 163 161 160
 160 160 160 160 156 158 159 160 162 164 164 162 161 164 164 164 163 162
 162  29]","[ 30  29 192 191 189 188 186 184 183 186 188 188 188 187 186 184 187 186
 187 188 188 186 183 181 181 179 177 179 181 182 180 177 163 153 146 145
 145 141 136 131 127 128 149 170 177 180 181 179 175 176 174 165 149 135
 132 132 135 133 132 127 122 127 149 165 170 184 182 174 172 164 166 162
 153 146 131 116 117 116 118 113 118 114 118 126 131 139 149 152 148 144
 148 147 146 144 147 142 141 142 147 143 139 139 130 122 120 116 114 115
 116 114 112 112 104 109 114 112 106 105 105 102  99  98  94  91  89  89
  85  80  79  75  69  66  68  71  69  64  62  60  65  69  71  72  77  87
 101 107 118 136 151 159 163 160 167 170 172 171 172 172 172 173 178 178
 178 176 175 175 176 177 176 173 173 173 171 166 164 166 165 163 161 161
 161 161 159 156 156 158 159 160 161 163 163 162 162 163 163 164 164 163
 164  30]","[ 30  30 193 194 192 190 189 187 190 188 188 188 188 187 186 187 187 188
 190 191 190 187 184 183 185 182 180 183 186 185 181 179 169 161 156 152
 146 139 134 131 130 131 145 164 181 178 181 179 180 177 171 166 151 135
 133 132 133 135 135 131 128 128 153 170 176 181 177 172 175 174 177 170
 164 152 133 115 115 118 117 114 114 112 117 126 134 144 151 150 144 145
 148 146 148 139 147 146 143 141 145 147 147 149 147 146 147 142 137 138
 137 133 128 126 117 121 122 113 104 106 108 107 112 110 105  98  97  97
  94  89  83  81  81  79  74  72  71  67  65  64  66  66  68  76  87  98
 106 125 142 153 156 155 160 164 169 172 172 172 172 173 174 177 180 180
 179 178 177 177 178 179 179 176 174 174 171 166 164 165 164 164 162 160
 162 165 163 159 157 159 161 161 161 161 162 162 162 163 161 163 164 164
 164  29]","[ 30  30 194 194 192 191 191 189 190 188 187 187 188 188 187 186 187 189
 191 191 189 187 187 188 188 185 184 185 186 185 181 178 170 164 159 154
 145 138 135 134 133 129 138 158 184 177 182 183 183 178 168 162 148 133
 133 132 136 137 135 135 138 134 156 172 176 179 179 176 176 177 183 176
 172 153 135 119 117 118 115 118 115 115 118 126 141 159 163 156 153 153
 149 154 158 146 148 147 144 144 148 148 145 143 145 147 144 145 145 145
 149 155 153 146 139 135 130 129 132 135 128 117 122 118 112 106 104 105
 105 104  96  88  87  88  80  75  76  76  72  67  68  70  79  90  98 105
 124 143 153 155 157 158 162 163 169 171 172 172 174 175 176 178 179 179
 180 180 180 179 178 178 178 175 173 173 171 167 165 165 166 165 162 159
 161 165 166 163 159 162 164 164 163 162 162 162 163 163 161 162 163 164
 163  28]","[ 28  29 191 191 190 189 190 189 188 189 190 192 194 194 189 184 189 189
 189 189 189 189 189 189 190 191 190 188 188 189 187 183 181 170 160 153
 144 137 133 131 137 133 137 152 183 177 182 183 182 182 175 164 147 135
 136 135 138 138 134 136 140 137 156 176 176 180 185 182 178 177 181 175
 168 153 138 128 124 122 114 117 118 118 120 127 145 167 176 172 170 164
 152 166 172 163 156 155 155 156 157 154 147 144 145 145 147 148 145 141
 143 150 149 142 140 144 151 154 150 148 148 147 150 145 140 135 129 122
 120 121 104  95  97 104 103  99  95  89  90  74  70  79  92 101 111 124
 140 151 154 154 159 163 166 165 170 171 171 173 176 178 177 179 179 179
 180 182 183 181 180 179 178 175 173 173 173 170 168 167 167 168 165 160
 159 163 164 163 161 163 166 166 165 163 162 162 164 164 161 163 164 165
 164  28]","[ 29  29 191 190 189 189 190 189 189 190 191 192 194 195 191 187 189 191
 191 190 188 188 188 189 189 192 192 190 190 193 193 189 183 173 163 155
 147 142 142 143 141 141 142 147 177 180 184 181 184 184 177 159 142 138
 138 137 136 137 136 138 138 134 145 173 177 177 181 180 180 181 184 179
 164 153 138 131 127 124 117 117 120 121 125 135 150 166 175 178 174 170
 160 174 175 170 163 167 167 165 160 157 153 153 156 154 146 146 145 144
 146 148 147 145 144 143 146 150 147 144 146 150 149 146 145 146 143 138
 139 143 145 135 125 117 112 114 115 111 100  94  96 101 105 111 120 133
 142 149 154 158 159 159 166 172 172 172 172 175 179 180 178 179 180 179
 180 182 183 182 180 180 178 176 174 174 174 172 169 168 166 168 167 163
 161 162 164 164 162 163 165 166 165 163 162 162 164 164 162 163 165 165
 164  29]","[ 30  29 192 192 192 192 192 191 190 189 188 188 188 188 189 191 189 193
 194 192 188 186 187 187 185 187 188 187 188 191 191 188 186 178 170 162
 151 144 143 144 141 141 144 145 173 185 188 185 183 180 174 152 137 138
 136 135 135 137 137 140 135 133 137 171 174 175 181 179 179 177 178 175
 166 151 130 127 125 123 118 119 123 126 133 143 156 166 171 174 175 174
 172 178 176 173 169 174 173 170 166 167 167 165 165 159 154 154 155 156
 156 154 152 152 148 147 150 151 144 138 140 146 147 144 144 145 143 140
 141 145 147 147 142 134 128 130 133 134 130 129 125 114 112 123 135 144
 147 148 150 158 161 162 169 172 172 173 174 177 181 181 180 180 180 179
 180 183 184 182 180 180 178 178 177 177 175 172 170 170 168 169 169 167
 165 164 165 165 162 162 163 165 165 164 163 163 163 164 163 164 165 165
 164  29]","[ 28  29 191 194 194 194 194 193 194 192 192 193 191 188 190 195 192 193
 193 192 191 190 187 183 185 186 187 188 189 190 189 188 184 176 170 166
 160 154 149 146 145 142 145 146 171 183 185 186 181 180 181 158 141 141
 136 138 138 138 136 138 134 136 139 178 188 184 183 178 181 180 178 173
 173 152 127 131 131 124 121 124 127 133 137 145 159 171 175 175 178 175
 176 178 178 177 172 171 172 170 166 171 172 170 172 168 170 170 168 166
 163 161 161 162 161 155 153 154 151 148 149 150 146 146 145 145 143 140
 138 139 138 140 141 140 137 134 134 138 140 138 138 137 142 148 146 143
 148 149 152 156 156 161 170 171 171 172 174 178 181 181 180 182 182 181
 182 186 187 184 181 179 180 181 181 180 177 173 172 173 172 172 171 169
 166 164 164 165 162 161 162 164 165 165 164 165 165 166 165 166 166 165
 164  30]","[ 30  29 191 191 192 193 194 193 192 194 194 193 192 192 193 192 193 193
 193 193 192 189 188 188 186 188 189 187 186 187 188 187 185 179 169 169
 157 155 148 146 146 146 144 142 167 184 185 187 186 184 187 163 138 137
 137 138 138 137 136 138 132 130 144 171 184 182 182 181 183 183 183 172
 172 151 129 125 124 120 124 125 129 130 135 141 158 175 177 177 180 178
 178 181 182 180 178 177 173 172 171 173 174 173 172 172 173 170 168 166
 167 167 166 165 162 159 158 159 159 157 156 156 154 153 152 150 147 145
 143 142 139 137 136 139 139 135 134 135 137 139 141 141 144 147 147 144
 145 152 153 155 159 162 169 170 171 171 175 180 181 179 178 180 182 183
 184 184 185 184 183 181 179 180 181 179 177 174 173 172 172 173 172 168
 166 167 167 166 166 161 163 166 164 164 165 164 167 168 168 168 165 164
 164  28]","[ 30  29 191 191 192 193 194 192 193 191 190 190 193 195 194 191 193 193
 194 195 194 191 189 187 187 187 188 189 188 187 187 187 182 178 173 169
 160 153 148 146 145 142 141 139 154 172 184 185 185 181 178 152 136 137
 139 137 133 136 136 138 133 130 141 169 185 181 180 181 186 188 187 174
 165 148 130 125 120 116 122 126 132 131 134 141 160 178 181 182 180 178
 178 180 181 180 178 176 176 174 172 173 173 172 171 171 172 170 168 167
 168 168 168 167 165 163 163 165 165 162 160 160 158 158 157 156 155 152
 150 148 145 143 143 144 143 139 136 137 140 142 143 144 147 150 151 149
 147 152 152 155 159 162 168 170 171 172 176 180 181 180 180 183 183 185
 185 184 183 183 182 181 180 181 181 179 175 173 172 172 172 173 172 169
 168 168 168 167 166 164 165 168 168 166 164 163 165 169 170 169 164 163
 165  30]","[ 30  29 191 192 193 194 194 192 193 191 189 190 193 195 194 191 193 194
 194 195 194 191 189 187 188 187 188 190 189 187 186 187 187 181 175 168
 160 154 152 149 149 144 144 142 147 163 186 189 187 184 169 142 132 133
 137 134 139 137 134 139 144 143 146 169 187 184 183 183 186 186 184 171
 158 144 131 128 124 121 126 129 136 136 139 146 162 175 178 179 180 180
 180 180 180 179 176 173 174 172 172 173 174 174 172 171 172 171 170 170
 171 171 172 172 167 165 165 166 166 164 163 162 160 160 159 160 160 158
 156 153 149 147 146 146 144 140 138 139 140 142 144 145 147 151 153 152
 150 152 151 155 159 162 168 171 171 172 176 179 180 179 180 183 183 185
 185 183 181 181 181 181 180 181 180 178 175 173 172 173 173 173 172 172
 171 170 169 168 166 166 166 167 169 168 164 163 163 166 167 166 163 163
 164  29]","[ 29  29 192 193 195 196 196 194 193 193 194 193 193 192 192 192 193 194
 194 193 191 189 189 188 188 188 189 190 189 188 188 189 194 187 179 171
 162 158 155 152 148 145 145 144 145 156 182 189 190 190 166 143 133 133
 136 137 132 132 130 134 138 136 138 165 184 184 185 184 184 181 179 167
 156 144 134 133 132 130 130 130 130 133 141 152 166 176 179 181 180 182
 183 182 182 181 178 174 173 173 173 174 176 175 173 171 170 170 170 170
 170 170 170 171 168 167 165 165 164 163 163 163 161 160 159 160 161 160
 158 156 151 148 146 145 143 141 140 140 140 143 144 145 148 152 154 155
 153 151 151 156 159 162 167 171 172 173 175 178 179 178 179 182 182 183
 184 184 182 180 181 184 183 182 181 179 177 175 174 174 175 173 173 173
 172 170 169 168 168 169 166 164 167 168 165 166 164 164 163 164 164 165
 165  28]","[ 30  29 193 194 195 195 195 193 193 195 196 196 193 190 190 191 192 195
 195 193 190 189 189 190 188 191 192 191 189 190 191 192 193 192 184 178
 163 160 154 152 147 148 146 145 148 153 176 189 184 185 156 140 131 131
 131 135 135 134 132 134 135 133 135 165 179 180 184 184 184 180 177 164
 155 143 136 134 133 131 129 129 128 130 136 151 169 178 181 183 179 182
 185 186 186 185 182 179 178 176 175 175 175 175 174 172 172 172 172 172
 172 172 171 170 170 169 167 166 165 164 163 163 163 162 161 161 162 161
 158 155 152 150 148 146 146 145 143 141 143 145 146 147 149 153 156 158
 156 152 154 158 159 162 167 170 173 173 175 178 180 180 180 180 182 181
 183 186 185 181 183 187 186 184 182 181 181 179 177 175 175 174 173 173
 172 171 170 169 172 172 167 164 167 168 166 167 167 167 165 166 167 168
 167  29]","[ 30  29 192 193 193 193 193 191 194 194 195 195 193 191 189 188 190 194
 196 194 192 191 191 191 189 192 194 192 190 192 193 193 191 193 187 180
 160 158 153 153 149 150 147 146 151 153 171 189 186 185 157 141 135 135
 132 135 137 132 130 132 134 134 136 165 183 182 183 184 185 180 172 155
 148 140 136 132 129 129 129 131 135 132 132 147 167 177 180 180 180 182
 185 186 186 184 182 179 180 178 175 173 173 175 176 176 175 175 174 175
 176 175 173 171 171 171 171 170 169 167 165 164 163 162 162 163 162 160
 155 151 152 151 149 148 148 147 144 141 145 146 147 148 150 154 157 158
 159 155 159 162 162 165 169 171 173 173 175 178 180 181 181 180 183 181
 183 187 187 183 183 187 186 184 183 182 182 181 178 175 175 174 173 173
 172 172 171 171 172 172 169 167 168 167 166 166 167 169 169 169 166 166
 166  30]","[ 30  29 191 192 190 190 191 191 193 193 193 194 192 189 187 187 188 191
 193 192 191 192 192 191 190 191 192 192 192 192 192 192 191 191 184 175
 160 158 154 152 148 144 146 145 148 149 163 181 187 187 164 139 134 132
 130 130 132 130 136 137 132 131 138 171 187 185 185 185 186 179 169 150
 141 135 136 134 131 132 131 134 134 131 130 149 170 178 181 181 181 182
 183 184 183 181 180 180 180 179 177 175 175 177 179 179 176 174 174 175
 176 176 173 170 172 172 173 172 170 169 167 165 164 163 163 162 162 159
 154 151 152 152 150 146 145 146 145 144 146 147 148 149 151 153 156 157
 158 156 164 167 165 170 172 174 174 175 176 178 179 181 181 181 183 183
 184 186 186 185 184 186 184 183 183 183 182 181 179 177 175 176 175 173
 172 173 173 172 171 169 170 171 169 167 166 165 166 168 169 169 166 166
 165  29]","[ 30  29 191 191 189 189 191 192 192 193 194 194 191 187 186 188 187 189
 189 188 189 192 193 192 190 189 190 192 192 191 190 190 191 187 182 173
 167 163 156 147 146 139 145 145 146 147 158 175 188 189 173 138 133 130
 132 131 133 127 133 136 131 130 135 165 182 183 186 186 185 179 171 155
 139 134 137 136 135 136 132 132 132 133 136 156 174 179 181 181 181 180
 181 182 182 181 182 184 181 182 182 179 179 179 179 178 178 176 175 177
 180 179 176 172 173 173 173 172 170 170 169 168 168 166 164 163 162 160
 158 156 154 154 150 145 143 145 148 149 148 149 149 150 152 154 156 158
 156 154 164 168 166 172 175 176 176 177 178 179 180 181 182 183 184 185
 186 185 186 187 187 185 183 183 183 183 183 182 181 181 175 177 177 174
 173 174 174 172 171 168 170 172 169 167 168 168 168 168 168 169 169 169
 167  29]","[ 30  29 188 186 188 194 196 194 194 192 190 190 190 189 190 192 193 190
 189 189 188 190 191 189 191 189 188 189 191 191 189 187 190 187 185 177
 165 164 160 146 142 141 141 142 146 146 148 160 188 187 176 143 138 135
 131 131 132 132 128 133 136 139 139 172 188 184 187 183 186 174 159 141
 133 134 137 140 140 136 133 131 134 135 126 156 173 178 182 185 186 181
 181 182 179 179 181 180 181 181 182 182 181 179 179 180 175 177 178 177
 179 178 174 173 170 172 173 173 172 171 169 167 172 172 171 167 163 160
 157 154 154 154 150 146 146 149 150 150 148 146 151 155 152 154 160 161
 160 161 163 165 169 175 176 175 178 178 179 179 178 180 183 186 184 184
 184 185 186 187 186 186 186 186 185 183 182 181 181 182 181 180 177 175
 175 176 175 172 172 171 171 171 170 168 167 166 168 167 168 166 167 168
 169  28]","[ 29  29 191 190 190 193 195 194 191 192 193 192 190 188 190 193 191 188
 187 187 187 188 191 191 191 189 189 191 192 190 188 188 187 188 188 178
 163 159 158 152 143 143 143 143 146 145 147 161 184 185 175 140 134 132
 134 137 138 135 131 134 137 139 142 167 181 181 185 185 186 176 159 144
 131 132 135 139 140 137 132 129 132 135 133 163 179 182 184 185 185 182
 180 179 178 179 182 182 179 180 183 184 183 180 179 179 177 178 177 178
 180 179 174 172 174 174 174 173 172 172 171 170 170 172 172 170 166 162
 158 155 157 155 151 147 147 150 152 152 149 146 150 154 151 153 159 161
 162 164 164 164 167 171 175 175 177 178 179 178 178 180 183 186 185 186
 186 187 187 186 185 185 186 186 186 185 184 183 183 183 179 178 177 175
 175 176 176 175 173 171 170 171 171 170 169 168 168 168 170 169 170 170
 171  29]","[ 29  30 194 194 192 192 194 194 192 191 190 191 191 190 190 191 189 186
 187 188 188 188 191 193 193 190 191 194 193 189 188 190 190 188 183 174
 165 160 156 152 145 144 143 142 141 138 140 155 177 181 177 143 138 135
 137 137 143 140 137 139 140 142 151 167 181 186 187 188 185 172 152 140
 131 131 133 137 139 138 134 130 132 134 133 160 174 179 183 185 184 183
 181 179 180 181 181 182 179 181 184 185 184 180 179 179 179 178 177 180
 183 180 174 172 176 176 175 175 175 175 174 173 169 170 171 172 169 164
 160 158 161 158 154 152 152 153 153 154 152 149 152 154 151 153 159 162
 165 167 168 167 167 170 174 176 177 178 178 178 179 180 183 185 186 187
 187 187 186 185 184 183 185 186 186 186 186 185 184 183 179 179 179 176
 175 175 176 176 173 171 170 171 173 173 172 172 168 167 169 168 170 170
 171  29]","[ 29  29 193 195 193 191 191 192 192 190 189 189 191 191 190 188 188 186
 188 192 190 189 191 193 193 193 193 194 191 188 187 189 187 188 184 174
 165 156 152 154 149 146 143 140 139 135 137 153 177 180 176 141 138 136
 140 139 142 141 140 140 138 141 156 168 180 187 187 188 186 170 150 140
 134 133 132 134 136 137 136 135 131 134 140 165 178 182 181 182 182 186
 184 182 184 184 181 181 181 182 184 184 182 179 179 180 180 178 177 179
 182 178 174 173 175 175 176 176 177 177 175 173 170 169 170 171 170 166
 164 164 162 159 157 157 157 156 154 153 156 153 154 155 153 154 160 164
 166 168 170 170 169 171 174 176 178 178 179 179 180 181 183 185 187 187
 187 187 187 186 184 183 185 185 185 186 186 186 185 183 182 181 180 178
 176 176 176 176 174 171 170 171 173 174 174 173 169 168 168 167 168 169
 170  29]","[ 29  28 191 193 192 189 189 189 189 191 192 193 192 191 190 190 188 186
 188 192 190 188 189 191 191 192 192 190 188 187 187 187 187 188 183 175
 169 159 152 154 149 145 139 136 137 134 136 151 173 178 177 145 137 134
 139 139 140 139 137 137 136 139 154 164 180 185 186 184 185 164 151 141
 137 135 133 132 133 136 137 138 136 138 148 169 180 184 182 182 182 186
 186 185 186 185 182 181 182 182 183 184 182 179 179 180 179 178 176 178
 180 176 173 174 173 174 175 175 176 176 175 173 172 171 171 172 171 168
 167 167 161 159 158 159 159 157 155 153 157 155 155 155 154 156 160 165
 166 167 169 169 170 172 175 176 179 179 179 180 181 182 184 185 187 186
 185 186 187 187 186 185 186 186 186 187 188 187 186 186 183 182 181 180
 179 179 179 179 175 173 171 171 173 173 173 172 171 170 170 169 170 170
 171  29]","[ 30  29 191 193 192 190 190 190 189 191 193 194 194 193 192 190 189 187
 187 189 187 186 188 189 190 191 191 188 187 189 189 187 190 188 181 176
 174 165 156 153 151 146 139 134 135 134 134 146 164 174 179 152 136 132
 135 137 140 138 135 137 139 144 153 166 183 186 186 181 179 156 148 140
 138 138 137 135 135 136 138 138 140 141 154 171 179 182 181 183 180 183
 184 183 183 182 181 182 181 181 182 183 182 180 179 179 179 179 178 179
 180 178 176 177 175 175 175 174 175 176 175 174 173 172 172 173 172 170
 167 166 161 160 158 157 157 157 156 155 156 155 155 156 157 158 162 166
 168 168 168 169 171 173 176 178 179 179 179 180 182 183 185 185 185 184
 183 184 186 187 186 185 187 187 187 188 188 188 187 187 186 184 182 181
 181 180 179 178 178 177 175 175 174 173 172 171 172 171 173 172 174 173
 171  28]","[ 30  30 193 194 192 192 193 193 192 191 189 189 190 192 191 189 191 189
 189 189 188 189 190 190 191 190 189 188 189 190 190 188 186 189 187 181
 171 163 159 161 157 153 145 139 140 139 138 147 165 173 174 149 131 130
 133 139 137 138 136 139 142 146 148 171 181 184 183 180 172 151 148 142
 141 141 140 138 137 138 138 137 137 143 165 181 186 185 181 181 180 180
 182 182 180 179 180 181 182 181 181 182 181 180 179 180 179 181 180 180
 181 181 179 179 177 177 176 175 175 175 175 174 172 172 171 171 171 171
 168 164 163 162 160 157 157 158 158 157 157 156 156 158 161 161 163 166
 170 169 169 171 173 175 177 179 179 179 179 180 182 184 184 185 184 184
 184 185 186 186 186 186 186 187 188 188 188 187 187 187 187 184 182 182
 181 179 178 178 180 179 179 178 176 174 172 172 172 171 173 172 174 173
 172  28]","[ 28  30 194 193 192 192 194 194 193 192 188 184 182 185 188 190 193 192
 192 193 193 194 194 191 192 189 187 189 190 190 188 188 187 188 186 180
 172 165 163 162 157 154 148 142 143 143 142 150 162 168 168 150 132 131
 129 132 130 136 136 138 138 139 138 169 182 186 183 182 166 148 146 143
 142 142 140 138 137 138 138 136 138 145 170 183 185 184 181 183 180 179
 183 185 180 178 180 180 185 183 181 180 179 179 179 181 178 180 180 180
 182 182 180 179 176 177 177 177 175 174 172 171 173 172 171 169 171 172
 170 166 165 165 163 159 157 159 159 157 158 158 157 159 162 162 162 165
 170 170 171 174 175 176 177 178 179 179 179 180 182 184 184 184 184 186
 187 188 187 187 187 188 186 187 188 188 188 187 187 187 185 183 181 182
 181 180 179 180 178 179 179 179 177 174 172 172 174 172 172 170 172 172
 172  30]","[ 29  30 192 190 189 191 194 194 194 192 190 189 188 188 189 189 191 193
 195 195 195 194 193 191 190 188 187 188 190 189 189 189 188 186 186 180
 178 170 167 162 158 159 148 140 143 145 143 146 158 168 175 158 131 130
 130 132 130 129 137 136 134 135 142 164 175 179 184 176 161 149 142 141
 142 142 141 140 138 136 138 139 144 155 175 182 183 185 181 180 180 181
 182 182 181 182 184 185 183 183 182 181 181 182 182 182 181 180 180 180
 180 180 180 180 179 178 176 174 174 174 172 170 170 171 172 172 172 171
 170 168 168 165 163 161 160 160 160 159 156 159 162 163 163 162 161 161
 170 173 174 174 177 178 178 179 180 179 180 184 186 184 182 181 185 186
 187 186 187 188 188 187 188 188 187 187 187 187 187 188 185 182 180 179
 180 179 180 181 181 181 178 175 175 176 176 174 175 173 171 171 173 171
 172  28]","[ 30  28 188 189 190 192 192 190 194 192 190 189 188 188 188 188 191 191
 191 190 190 190 190 190 188 187 188 189 189 188 187 187 187 186 186 182
 180 173 166 160 159 157 150 145 148 146 143 144 148 162 165 157 132 131
 130 128 131 126 128 131 134 131 136 165 181 180 178 173 163 150 143 141
 137 137 137 140 140 138 139 141 150 162 178 180 179 181 179 181 180 180
 181 181 180 180 179 178 183 183 182 181 181 183 185 185 183 182 181 181
 180 180 179 179 179 178 177 174 173 173 173 173 174 174 173 172 171 170
 168 165 167 166 164 163 162 162 161 161 160 161 161 162 162 162 163 164
 173 175 175 174 176 178 179 180 180 180 181 181 182 182 180 179 183 185
 187 187 188 189 188 187 187 187 187 187 187 187 188 188 185 182 180 179
 179 179 179 181 180 179 176 174 175 177 178 176 174 173 173 173 174 171
 172  29]","[ 30  27 189 191 193 193 192 190 191 190 189 188 187 187 187 187 189 189
 189 188 187 188 188 187 188 188 188 189 188 187 187 188 187 187 186 185
 182 178 169 162 160 153 145 143 143 144 145 148 147 167 167 161 131 126
 128 127 130 128 127 128 130 122 126 156 180 182 171 162 156 148 147 146
 139 138 138 140 141 138 136 137 148 165 179 180 180 180 178 181 183 182
 181 181 181 180 179 177 182 182 182 180 180 182 184 185 182 182 182 181
 180 180 179 179 179 179 178 175 172 172 174 175 175 174 172 171 171 171
 169 167 167 167 167 166 165 165 164 165 166 163 161 162 163 162 164 166
 175 177 176 175 177 178 179 180 181 182 182 179 179 181 181 180 181 184
 187 188 189 189 188 187 188 188 187 187 187 188 188 189 187 184 182 181
 180 179 180 182 182 179 176 173 173 175 175 174 174 174 175 175 174 170
 171  28]","[ 29  29 193 195 194 191 191 193 189 189 187 187 186 187 188 188 188 189
 189 188 188 188 188 186 188 188 188 188 188 189 189 190 188 188 185 186
 182 181 170 162 153 146 143 143 141 142 145 145 146 164 167 157 127 121
 126 131 131 130 127 122 122 117 117 134 168 179 167 153 146 142 146 144
 139 138 137 136 137 135 131 133 147 167 179 180 181 182 180 183 185 184
 182 182 182 182 181 181 180 181 181 180 179 180 181 182 180 180 181 181
 181 180 180 180 180 180 179 175 172 171 173 175 174 173 172 171 172 172
 171 170 169 169 169 167 166 166 166 167 168 163 161 163 164 163 164 167
 174 177 178 178 180 180 180 180 181 182 182 180 180 182 183 183 181 184
 187 189 189 188 188 187 188 188 188 187 187 187 188 189 189 187 184 182
 181 180 181 183 182 180 178 176 176 178 179 179 175 175 175 175 174 170
 171  29]","[ 29  29 194 196 192 189 190 192 190 189 188 187 187 187 188 189 188 188
 188 188 188 188 188 188 188 187 187 188 189 190 190 189 188 188 184 185
 182 179 166 156 147 142 139 136 132 134 138 137 142 153 161 147 126 118
 119 126 129 121 116 114 116 118 116 115 136 153 149 142 139 137 141 138
 136 137 136 132 135 137 135 139 155 172 180 179 181 182 182 184 184 184
 183 182 181 180 179 179 180 181 181 180 179 179 180 180 179 180 181 181
 181 180 179 179 180 180 178 175 172 172 173 174 174 175 174 173 172 172
 172 171 169 169 168 166 164 164 165 167 165 161 160 162 164 165 166 169
 174 178 180 180 181 181 180 180 181 181 181 183 183 183 185 187 184 185
 188 189 189 188 188 188 189 189 189 188 187 187 187 188 189 186 183 182
 180 180 181 183 181 180 179 178 177 176 177 178 177 175 173 172 173 171
 172  29]","[ 29  29 191 192 191 189 189 189 191 190 189 188 187 187 188 188 188 188
 188 187 186 187 188 189 187 187 188 189 190 190 188 186 185 186 185 186
 185 180 164 150 146 140 134 127 121 123 128 128 135 141 152 141 128 116
 114 121 121 111 107 110 112 116 118 117 118 128 129 131 133 133 136 136
 135 137 137 131 135 138 137 146 161 175 180 180 181 181 182 181 183 184
 186 184 181 178 176 175 179 180 181 180 180 180 180 179 180 181 181 180
 180 179 179 178 179 179 177 174 173 173 174 174 175 176 176 175 174 173
 173 173 169 169 168 166 164 164 165 166 162 159 159 161 163 165 169 172
 176 179 180 179 180 180 181 182 182 181 183 186 186 185 186 189 186 187
 188 190 189 188 189 189 191 191 191 189 188 187 187 188 187 185 183 182
 182 181 181 182 181 180 180 178 176 173 173 173 176 173 170 170 172 171
 172  29]","[ 30  29 190 190 190 191 191 190 190 190 190 189 188 187 187 187 187 189
 189 187 186 187 188 189 187 188 188 188 188 188 187 185 184 185 186 186
 186 177 160 142 135 129 125 122 118 117 117 117 120 124 130 130 124 114
 112 119 110 107 104 107 108 109 115 119 124 124 123 125 127 129 130 130
 129 130 132 129 132 133 132 146 163 174 180 182 181 180 181 178 181 183
 185 185 182 179 176 175 179 179 180 179 179 179 179 179 181 180 179 178
 178 178 178 179 179 178 176 174 173 173 174 174 174 175 175 173 173 173
 173 172 168 169 169 167 166 165 164 165 161 161 162 163 165 167 169 172
 175 179 179 178 179 180 181 183 182 183 185 187 188 188 188 188 187 187
 188 189 189 188 188 189 190 191 191 190 189 187 187 188 187 185 184 185
 185 182 181 180 180 179 179 180 180 179 179 179 176 174 172 171 173 171
 173  29]","[ 28  29 191 190 189 190 192 192 190 190 191 191 189 188 188 188 187 189
 191 190 188 188 188 188 188 189 188 187 186 187 187 187 186 186 187 183
 182 170 152 132 122 113 107 106 106 104 106 109 114 111 105 112 112 105
 103 104 104 106 102 100 104 104 106 111 118 117 119 117 118 123 123 120
 122 123 128 130 135 134 133 153 170 177 180 181 178 177 181 179 179 180
 182 182 181 179 178 178 180 180 180 179 179 179 179 179 179 178 176 175
 176 178 179 180 180 179 177 174 172 173 174 174 174 173 172 170 169 169
 168 167 167 168 168 168 167 165 164 163 162 165 167 167 167 168 168 169
 173 177 178 178 179 180 181 183 181 183 185 186 187 188 188 186 187 186
 186 188 188 187 188 189 188 189 190 189 188 186 186 186 187 186 186 187
 186 183 180 178 181 179 178 180 181 180 179 179 179 178 176 176 176 174
 174  30]","[ 28  29 191 189 189 190 190 191 193 192 192 193 194 192 190 188 189 190
 191 192 192 191 189 186 190 190 190 188 185 186 187 185 187 188 186 184
 176 164 145 124 111 108 102 103 105 102 101  99 104 101 103 108 105 100
 102 101  99  96  97 100  99  97 100 103 110 110 114 113 114 117 116 114
 116 121 123 128 129 133 138 156 170 177 181 181 180 180 180 182 180 179
 179 181 181 179 178 179 182 183 182 180 180 182 181 178 176 175 175 176
 178 179 180 180 182 181 179 177 175 174 174 174 172 172 173 173 173 172
 171 169 170 169 167 167 165 162 161 162 161 162 165 169 168 165 166 170
 173 177 182 182 180 181 182 180 182 185 187 187 187 187 187 185 188 187
 186 186 186 187 187 187 187 188 189 189 188 187 187 188 186 186 187 188
 188 185 182 181 183 182 181 179 178 179 179 177 180 179 178 175 174 176
 179  29]","[ 29  30 191 189 189 189 189 190 192 192 193 194 195 193 190 188 189 189
 190 190 190 191 190 188 188 188 189 188 186 187 187 186 186 189 188 184
 172 157 143 128 114 113 105 102 102 102 105 104 102  98 100 105 104 102
 103 103  97  94  94  94  92  90  92  95 101 101 107 110 112 112 111 115
 116 123 123 127 125 131 137 155 172 178 180 180 180 180 179 179 182 181
 181 180 180 179 179 179 182 182 180 178 179 180 179 177 176 175 174 175
 177 179 180 180 182 181 180 179 177 176 175 174 174 174 173 172 171 171
 171 170 172 169 167 166 165 163 163 163 160 162 164 165 165 164 165 166
 171 176 183 185 183 182 183 182 185 187 187 187 187 188 188 188 190 189
 188 187 186 186 186 187 188 188 189 188 187 187 188 189 187 186 186 187
 186 185 183 183 185 184 182 179 176 177 178 176 179 178 178 177 176 177
 179  29]","[ 28  29 190 189 190 190 190 190 190 191 192 195 195 193 189 188 190 190
 189 189 189 190 190 189 186 185 188 189 188 187 187 187 187 188 188 185
 171 153 142 133 129 129 120 110 104 103 106 104 102 100 106 113 113 109
 105 100  93  91  90  89  86  83  84  87  87  95 101  99 102 106 107 111
 116 122 122 125 122 126 136 155 175 179 180 179 179 180 178 177 183 183
 182 180 179 179 179 179 182 181 180 178 178 179 179 177 175 175 175 177
 178 179 178 178 179 179 179 179 179 177 175 173 174 174 172 170 169 170
 171 172 169 166 165 166 166 164 162 162 163 163 164 164 164 165 165 164
 167 173 182 187 185 182 182 182 184 185 187 186 186 187 189 189 190 190
 190 188 186 186 187 189 189 189 189 188 187 188 189 191 187 186 184 184
 184 183 183 184 185 184 182 179 176 176 178 177 178 178 179 179 178 179
 179  29]","[ 28  28 190 191 192 192 191 191 189 189 191 193 193 191 189 188 192 191
 190 188 188 188 188 188 186 185 187 189 187 186 187 187 187 186 185 184
 171 154 144 138 130 132 127 118 110 107 109 107 106 106 116 125 126 121
 112 103  97  96  93  89  85  81  79  80  80  89  93  89  92  97  99 106
 115 117 119 123 123 122 138 158 176 179 180 178 179 180 178 177 182 184
 183 181 179 179 180 179 181 181 179 178 178 179 179 178 175 176 178 179
 180 179 177 174 177 177 178 179 180 179 176 174 173 173 172 170 170 172
 173 174 170 168 166 166 165 163 162 162 165 164 164 163 164 164 164 164
 166 170 180 186 185 182 182 183 181 183 186 187 187 188 188 188 188 189
 188 187 186 187 188 190 189 189 188 187 186 187 188 190 189 187 185 184
 183 183 184 184 183 181 181 180 178 178 180 179 179 179 181 180 180 180
 179  30]","[ 29  29 191 192 193 192 191 191 189 189 190 191 191 189 188 188 191 191
 189 188 188 188 188 187 187 185 186 187 185 184 185 186 187 185 183 181
 168 153 148 146 140 140 137 131 120 112 111 106 111 111 122 129 131 130
 122 116 112 110 102  93  87  81  77  77  79  79  81  84  88  85  86 100
 105 109 116 118 125 124 147 161 176 180 181 179 180 180 179 179 180 182
 183 181 180 180 180 179 179 179 179 178 179 179 180 179 179 180 181 181
 181 179 177 174 177 177 178 179 180 179 178 176 175 174 173 172 173 174
 173 172 173 172 170 168 165 163 164 166 165 162 161 162 162 161 162 165
 169 171 178 185 184 182 183 184 183 184 186 188 188 188 188 188 188 187
 186 186 186 187 188 188 187 186 186 186 186 186 187 188 190 188 187 186
 185 186 186 186 182 180 180 181 181 182 182 180 180 180 181 180 179 180
 179  29]","[ 29  29 190 190 190 188 187 187 190 190 190 190 189 187 187 187 188 188
 188 188 188 189 189 188 187 185 186 186 183 182 184 185 188 186 182 176
 162 151 152 154 148 147 145 144 136 130 127 119 115 115 128 133 133 134
 127 123 125 123 111  98  90  83  79  80  77  74  75  79  83  81  79  87
  91 101 112 112 122 128 155 164 175 180 181 180 180 180 179 179 179 180
 182 181 181 180 180 179 179 179 179 180 180 180 180 179 182 183 183 181
 180 180 178 176 176 176 176 176 177 177 176 175 177 176 174 174 174 174
 171 168 167 168 171 172 169 166 166 167 165 162 161 163 163 161 163 167
 171 172 178 183 183 182 184 185 187 186 186 187 187 187 188 188 188 187
 186 186 186 186 186 186 186 186 186 186 186 187 188 188 188 188 187 187
 187 188 188 187 184 181 181 183 183 183 182 179 180 180 181 179 178 179
 178  28]","[ 29  27 188 187 188 186 185 186 189 190 191 191 189 187 187 187 187 187
 187 187 188 189 189 188 186 186 188 187 184 184 186 185 187 186 180 172
 159 152 155 156 159 157 155 154 148 144 138 124 118 122 137 141 139 139
 131 127 131 132 121 106  97  89  85  88  82  77  76  77  81  84  80  79
  85  97 106 113 118 127 155 167 173 178 180 179 180 181 180 180 178 179
 180 181 181 179 179 179 180 180 181 181 180 179 178 178 181 182 182 180
 179 179 178 176 176 175 174 174 174 174 174 174 176 176 175 174 174 173
 171 168 163 166 171 174 172 168 165 164 165 163 164 165 165 165 166 168
 170 172 178 183 182 182 184 185 187 185 184 186 187 187 187 187 187 187
 187 187 187 187 187 187 188 188 187 187 187 187 188 188 186 187 187 186
 187 188 188 187 186 183 183 184 183 182 182 180 181 180 181 179 178 178
 178  28]","[ 30  27 187 187 188 187 187 189 187 188 191 192 191 188 187 187 188 188
 187 187 187 188 188 187 185 187 190 189 186 187 188 186 186 183 176 168
 160 155 156 153 159 159 159 160 159 159 153 135 123 127 144 146 143 143
 137 135 135 139 131 116 105  95  90  93  93  81  78  82  86  87  83  82
  87  96 103 118 118 125 151 170 171 176 178 178 181 182 181 180 178 178
 178 180 181 179 178 178 181 180 181 181 179 177 175 175 177 179 181 180
 179 179 177 175 176 176 175 175 175 175 176 176 176 176 176 175 174 174
 173 172 171 172 172 172 170 166 163 163 163 164 164 165 166 167 168 167
 169 173 180 183 182 182 185 186 186 184 184 187 189 188 187 186 185 186
 188 188 188 187 188 189 189 189 187 186 186 186 186 186 186 187 187 187
 187 188 188 186 186 184 183 184 183 182 182 182 181 180 181 180 178 179
 179  29]","[ 30  29 187 188 187 188 189 189 189 188 188 189 189 188 187 188 187 188
 188 187 185 182 180 178 182 186 188 185 181 183 187 186 182 184 168 164
 158 153 152 152 150 154 156 157 159 160 158 157 145 147 147 146 144 140
 137 138 140 142 136 121 111 102  96 102 109 102  94  95  92  88  92  89
  84  95 109 113 116 124 153 171 174 176 179 180 179 179 180 181 178 180
 181 181 179 178 177 176 180 179 178 178 179 178 177 176 177 179 180 180
 180 180 179 177 176 176 178 179 178 175 174 174 174 174 174 175 175 174
 173 174 171 172 171 171 171 167 162 161 162 163 165 166 165 164 166 168
 167 170 175 180 182 182 182 184 183 183 185 186 187 187 187 187 184 184
 186 188 189 190 190 191 191 191 190 187 186 186 187 187 187 187 187 188
 188 188 187 187 187 186 185 185 183 181 180 180 178 181 179 180 179 180
 178  29]","[ 30  29 186 188 187 188 188 189 189 189 189 188 186 184 183 185 189 188
 186 184 183 184 185 187 186 188 189 185 181 182 184 182 178 180 167 166
 160 154 150 146 152 151 153 156 162 164 159 152 151 151 150 147 142 135
 134 140 140 146 142 126 118 114 108 109 110 102 101 103  99  95  96  99
  87  91 105 110 114 116 150 171 176 177 178 179 180 181 182 182 179 179
 180 180 180 179 179 180 180 178 177 178 179 179 179 178 179 180 180 179
 179 179 177 174 176 176 176 177 176 174 173 174 176 175 174 174 174 174
 174 175 172 173 172 172 171 168 165 164 164 165 166 168 167 165 166 167
 171 173 177 181 181 179 179 181 186 186 187 187 187 187 186 186 186 186
 187 189 189 188 188 188 188 188 189 188 188 189 188 187 186 187 187 188
 189 189 188 187 187 186 186 186 184 182 180 179 178 181 180 182 180 180
 177  29]","[ 29  29 186 188 187 188 189 189 189 190 190 188 185 183 183 185 190 188
 185 182 181 183 186 188 187 188 187 183 180 183 184 182 179 180 171 170
 166 159 153 147 145 147 153 157 158 161 162 159 156 151 150 154 156 146
 138 137 138 143 142 131 127 125 119 119 112 106 105  98  98 107 106 105
  99  93  97 103 112 116 152 167 180 179 179 179 180 182 183 183 180 180
 180 180 180 180 181 181 181 179 177 178 179 180 180 179 179 179 179 179
 180 179 177 174 175 175 175 176 175 174 173 174 175 173 172 173 175 175
 174 173 170 173 172 170 169 167 166 166 165 164 164 166 166 166 166 168
 172 174 178 181 180 179 180 182 188 188 188 188 187 187 186 186 185 185
 187 189 189 188 187 187 186 187 187 188 189 189 188 187 186 186 187 189
 189 189 188 187 186 187 187 186 184 181 179 179 181 183 180 181 180 180
 177  30]","[ 30  30 187 188 188 189 189 189 189 189 189 188 187 186 187 188 187 186
 184 183 182 182 183 183 187 186 184 181 181 184 187 185 180 179 170 168
 166 161 156 148 144 141 144 149 152 160 164 160 154 151 150 153 153 145
 140 141 137 137 138 135 135 132 127 130 136 132 126 115 114 121 120 116
 109  99  97 103 104 105 146 171 181 181 180 180 181 182 183 182 181 180
 180 179 179 179 179 179 181 179 178 178 179 179 178 178 178 178 179 180
 180 179 176 174 174 175 175 176 176 175 174 174 173 172 172 175 176 175
 172 170 167 170 170 168 166 166 165 167 167 163 161 162 164 166 168 170
 171 172 176 180 182 181 182 183 186 187 188 188 188 187 186 186 185 185
 187 188 189 188 187 187 188 188 188 187 188 188 188 187 186 187 187 188
 189 188 187 186 186 187 187 186 183 182 181 180 184 184 182 182 181 179
 173  29]","[ 29  30 187 188 188 189 188 187 187 187 188 187 187 187 188 188 185 184
 184 183 183 183 182 182 185 184 183 182 182 186 187 184 181 176 169 165
 165 162 158 150 145 139 137 138 140 150 159 158 153 152 150 149 148 144
 140 140 139 136 138 138 139 139 137 140 141 141 137 138 135 130 131 133
 121 105  95 103  99 101 138 171 179 180 181 180 181 182 183 182 181 181
 180 180 180 179 178 177 179 178 177 177 177 177 176 176 176 178 179 179
 178 175 173 172 175 175 175 175 174 174 175 175 174 173 174 176 177 175
 171 168 166 170 170 168 168 167 166 167 168 164 161 161 163 165 167 169
 171 172 175 180 183 183 182 182 183 185 187 188 187 186 185 185 187 187
 187 188 188 187 187 187 189 190 190 189 188 189 189 189 187 187 188 188
 188 188 187 186 187 188 187 185 183 183 183 183 182 185 186 184 178 171
 165  26]","[ 29  29 186 188 187 188 186 185 186 187 187 186 186 187 187 186 187 186
 183 182 181 182 183 183 180 180 181 182 184 186 186 183 180 174 169 165
 165 163 158 148 142 138 135 131 130 139 152 157 153 152 148 145 146 146
 141 138 140 139 140 138 139 144 144 145 152 155 150 150 147 137 135 132
 128 116 102 103 101 113 142 170 175 178 180 180 180 182 184 184 182 181
 181 181 182 181 178 177 177 176 176 176 175 175 175 175 174 175 177 177
 176 173 172 173 175 175 175 173 172 174 176 177 176 175 175 175 175 173
 170 168 168 169 169 170 171 169 167 168 168 165 163 163 163 163 164 166
 170 170 173 179 184 185 184 183 182 184 187 188 187 186 184 184 185 185
 185 187 187 187 186 187 186 188 190 190 190 190 189 189 188 188 188 188
 189 189 188 187 187 187 186 183 182 183 184 184 183 185 184 176 166 159
 158  29]","[ 29  29 186 188 187 187 184 182 185 187 188 187 186 186 186 186 187 185
 183 182 182 183 184 184 180 179 180 182 183 185 185 183 177 170 168 162
 163 160 155 144 144 137 128 124 128 137 144 146 146 149 146 139 134 135
 139 144 140 138 138 137 138 143 145 147 153 155 150 146 147 146 139 133
 127 126 122 113 105 114 141 175 176 179 179 178 178 181 183 183 181 181
 181 182 183 182 179 177 177 177 176 176 175 174 175 177 174 173 174 175
 174 173 173 174 173 175 176 175 173 174 175 176 176 175 175 175 174 172
 170 169 170 169 168 171 173 170 167 168 167 166 165 164 162 161 163 166
 168 168 172 178 184 186 186 186 183 185 187 188 187 185 184 183 182 183
 184 186 187 187 187 187 186 187 188 189 189 189 189 189 187 187 188 188
 189 188 187 186 186 186 185 182 182 183 184 183 181 178 173 164 156 154
 156  31]","[ 29  29 187 189 188 187 184 181 183 186 188 187 186 186 187 187 182 182
 183 184 186 186 187 186 186 184 183 182 181 183 184 183 180 172 171 164
 164 162 157 145 141 138 130 124 125 130 135 139 142 145 144 140 137 136
 136 137 142 135 136 138 139 141 145 151 153 152 152 148 149 146 136 137
 134 127 128 121 113 107 129 174 179 181 179 176 176 180 181 181 181 181
 181 182 184 183 180 177 179 178 178 177 175 175 176 179 177 175 174 174
 173 172 172 173 170 175 178 178 176 175 175 174 174 175 176 177 176 174
 172 172 171 168 167 171 174 170 167 168 167 166 165 164 162 162 166 170
 169 169 173 178 183 185 185 186 184 186 188 188 187 185 184 184 184 184
 186 187 188 187 186 186 189 188 187 187 188 189 189 189 187 187 188 188
 188 187 185 184 185 186 186 183 183 184 184 182 175 169 162 157 157 157
 156  28]","[ 28  28 189 188 189 187 184 182 181 185 188 188 188 188 187 186 185 185
 186 186 187 188 188 187 186 186 184 181 181 182 183 183 181 173 166 157
 154 156 151 145 143 143 137 130 127 127 129 132 139 141 145 140 138 135
 139 138 140 133 135 139 142 144 144 146 153 152 151 152 147 144 145 141
 136 132 131 129 122 109 123 167 176 183 178 175 177 178 181 181 180 181
 182 182 182 181 179 179 176 176 178 179 178 176 176 178 177 176 175 173
 173 174 173 171 174 175 179 180 177 175 175 175 173 175 177 177 175 173
 172 173 171 170 169 170 171 171 169 166 164 166 167 166 165 165 167 168
 171 171 174 178 182 184 184 184 183 187 187 186 187 188 187 187 187 188
 189 189 189 187 187 188 191 189 187 187 189 190 189 187 188 189 189 188
 187 188 188 187 187 185 184 184 184 183 181 180 169 166 161 157 156 155
 156  29]","[ 29  28 189 187 187 186 184 182 184 186 188 188 188 187 185 183 186 187
 186 186 186 187 188 187 188 187 184 180 180 182 184 185 183 172 163 155
 151 152 148 145 141 141 137 131 129 126 123 122 129 138 145 141 142 147
 149 143 136 129 132 138 139 138 140 146 150 152 149 147 145 147 149 145
 145 139 136 133 127 118 128 158 168 176 176 177 179 178 181 182 180 180
 180 180 179 178 177 176 180 180 180 179 177 175 175 176 174 173 173 173
 175 177 178 178 178 178 179 179 177 176 174 169 171 172 173 174 172 171
 171 172 172 172 172 172 171 171 169 167 169 168 168 166 166 166 167 168
 169 170 172 176 180 181 181 181 180 183 184 185 187 188 187 188 185 186
 187 188 188 187 187 188 189 188 188 188 189 189 187 186 186 187 188 189
 189 188 187 187 187 186 183 181 183 182 172 160 158 157 154 154 155 155
 156  29]","[ 29  28 187 186 188 187 186 185 187 187 188 188 188 188 186 184 188 188
 187 187 187 187 186 185 183 184 184 183 183 184 184 183 182 170 161 154
 151 151 147 146 141 142 140 133 128 125 121 119 126 135 142 143 144 152
 152 145 140 126 125 132 136 135 135 142 148 150 146 144 145 146 148 147
 148 146 145 139 131 125 129 144 162 174 179 178 177 177 180 180 182 181
 180 179 179 178 177 177 181 180 180 179 177 176 176 177 173 172 172 173
 176 178 178 177 176 177 178 176 175 177 176 171 173 173 173 173 172 171
 172 173 173 174 174 173 171 170 170 169 172 170 168 167 166 167 167 168
 169 170 172 175 178 180 181 181 180 182 182 184 187 186 185 186 184 184
 185 187 187 187 187 187 187 188 190 190 189 188 188 187 187 188 190 191
 191 189 187 187 188 184 182 182 175 163 158 160 158 156 154 154 155 155
 155  28]","[ 29  29 189 189 190 190 190 190 186 187 187 188 188 188 187 186 188 187
 186 186 187 187 185 182 181 181 183 184 186 186 184 182 178 166 159 155
 153 151 147 146 143 141 136 129 124 123 121 118 114 118 124 137 142 151
 153 153 142 122 115 122 126 125 127 136 143 146 144 145 147 145 147 150
 148 147 147 144 137 131 128 129 149 171 185 183 177 178 182 182 183 181
 180 180 181 180 179 179 178 178 178 178 177 177 177 177 174 174 173 174
 175 176 175 173 173 174 175 174 172 175 177 176 177 176 175 174 173 172
 172 173 171 173 173 172 170 169 169 169 171 170 168 167 167 168 168 168
 169 169 171 173 177 181 183 184 182 183 183 186 189 187 184 185 185 185
 186 187 187 186 186 186 187 188 190 191 190 190 189 189 189 190 192 192
 190 188 187 187 183 185 183 176 165 157 156 159 156 154 152 152 153 154
 156  30]","[ 30  30 191 191 191 191 192 193 186 186 187 188 188 187 188 188 188 185
 183 183 186 187 186 183 185 183 182 184 186 187 185 183 176 164 158 156
 154 151 147 146 144 137 131 125 120 120 118 113 116 114 116 128 131 136
 136 138 133 115 109 112 112 111 115 126 135 143 144 145 148 148 151 154
 153 147 144 145 144 139 132 122 124 147 172 180 177 177 180 183 182 180
 179 180 181 179 178 178 176 176 177 177 177 176 175 174 174 174 172 172
 174 176 176 175 174 173 174 174 173 173 176 176 177 176 175 174 173 172
 171 171 171 172 171 170 169 168 169 169 169 168 168 168 168 167 167 166
 167 168 169 171 175 180 183 185 183 183 184 188 191 189 186 186 185 186
 187 188 188 187 187 187 187 188 189 190 190 189 189 188 189 190 191 189
 187 186 186 186 185 176 164 158 156 156 155 153 155 154 153 153 154 154
 156  30]","[ 29  29 191 190 190 189 189 190 187 187 188 188 188 187 187 188 187 184
 180 180 183 187 188 187 186 184 183 185 187 187 183 180 178 165 159 157
 155 152 147 147 141 137 135 130 119 114 114 113 113 112 114 120 124 129
 129 128 124 112 108 109 109 109 110 116 127 139 144 145 147 151 155 154
 155 151 146 147 147 143 138 129 118 123 141 160 171 177 179 181 181 179
 178 180 180 177 176 176 176 176 177 177 177 177 176 174 175 173 171 170
 171 174 176 177 177 172 172 175 176 176 175 173 175 174 173 173 172 171
 170 170 173 173 171 169 168 169 169 170 168 168 168 168 168 167 166 165
 166 168 168 169 173 178 182 184 183 184 185 187 189 187 184 183 183 184
 186 187 187 186 186 187 188 188 189 189 189 189 188 187 188 189 188 185
 184 185 184 181 181 167 156 156 158 156 154 154 153 155 156 156 155 154
 154  28]","[ 29  29 190 188 188 187 186 186 186 186 186 187 188 187 186 186 185 183
 181 181 183 186 187 187 185 184 184 187 188 185 180 177 178 166 160 158
 156 153 149 148 144 138 136 131 117 110 112 114 111 111 113 113 117 121
 123 119 120 113 112 112 112 113 111 110 117 127 137 147 151 153 156 154
 153 155 150 149 147 144 143 139 131 122 128 142 159 174 179 181 178 177
 177 179 179 177 176 178 178 177 176 176 177 178 178 176 175 174 173 171
 171 173 175 176 177 173 173 174 176 178 177 174 175 174 173 173 172 171
 170 171 172 172 171 169 167 168 170 171 169 168 167 167 168 168 167 165
 166 168 170 171 174 179 183 183 184 186 186 186 187 185 182 180 181 183
 185 186 186 185 186 188 188 189 190 190 190 189 188 188 188 189 186 182
 182 184 178 169 152 156 158 155 155 154 149 142 147 149 152 154 153 152
 154  28]","[ 29  28 189 186 187 187 185 184 184 182 182 185 186 186 185 185 183 184
 184 184 184 185 186 185 188 186 185 185 185 183 181 180 174 164 159 158
 157 155 150 148 149 135 127 123 114 110 110 109 111 108 109 107 111 111
 115 112 114 114 117 114 110 111 110 108 106 111 127 150 156 153 155 156
 153 157 151 149 148 147 147 141 134 128 131 135 145 164 174 179 175 174
 175 178 179 178 178 181 180 179 176 174 174 176 176 175 174 175 175 175
 175 175 175 175 176 176 175 173 172 175 178 175 176 175 174 173 172 171
 171 172 170 170 169 167 165 166 169 172 171 168 166 166 168 169 168 167
 166 168 171 172 175 180 183 183 183 186 186 185 187 187 185 183 181 183
 186 187 186 185 186 188 187 189 191 191 190 189 188 189 188 188 184 179
 181 182 171 158 154 152 152 153 155 155 153 151 151 153 155 155 153 151
 153  28]","[ 29  30 187 188 186 186 186 185 184 181 180 183 186 185 183 183 186 187
 185 182 183 184 182 180 182 183 184 183 181 179 179 179 176 168 162 159
 155 152 150 148 143 128 120 120 118 111 110 112 110 109 109 111 111 109
 108 107 111 112 114 116 113 108 109 107 106 106 115 144 155 153 154 155
 154 152 153 153 151 149 148 145 138 132 130 132 132 151 165 173 173 173
 175 178 181 180 179 178 179 179 179 177 174 174 175 176 174 174 174 174
 175 175 175 175 174 174 174 176 176 174 174 175 176 172 170 171 173 174
 174 171 169 170 170 169 166 167 170 173 172 167 166 167 167 167 169 168
 169 170 171 171 172 178 184 185 185 185 185 186 186 187 186 185 185 184
 186 188 184 182 183 186 187 189 191 191 190 188 187 186 186 184 180 175
 171 166 160 155 156 153 151 154 155 154 153 154 153 154 157 156 154 153
 152  28]","[ 29  29 187 188 187 187 187 187 188 185 184 186 187 187 187 187 191 192
 188 184 183 184 182 180 180 182 183 182 179 178 178 179 179 169 161 159
 159 158 153 147 141 129 122 122 119 115 114 116 115 113 111 111 109 107
 105 104 111 113 115 115 113 109 108 107 110 108 112 134 147 153 153 153
 155 152 151 151 149 147 146 143 140 135 131 131 131 151 163 167 171 172
 174 177 179 179 179 178 178 179 178 176 174 174 175 176 175 174 174 174
 175 175 175 174 173 171 169 171 173 174 174 174 174 172 172 173 173 174
 174 171 169 170 170 169 167 167 169 171 171 168 167 168 167 167 168 169
 169 169 170 170 172 179 186 188 188 187 187 186 186 187 188 187 185 183
 186 188 185 183 184 186 191 191 190 188 188 187 186 185 183 182 178 170
 161 155 155 157 153 153 155 158 159 156 154 154 154 154 157 155 154 154
 154  29]","[ 30  29 186 188 187 189 189 189 189 186 183 183 184 184 186 188 188 189
 186 182 183 184 183 183 181 182 182 181 180 179 180 180 185 177 168 163
 160 157 151 144 138 129 123 123 121 118 118 119 116 115 113 112 110 109
 108 107 107 111 112 111 111 108 106 108 114 117 124 133 140 151 154 159
 158 154 152 150 147 145 143 141 139 136 132 130 129 148 163 167 172 174
 176 176 177 178 179 178 177 177 176 174 173 174 175 175 174 173 172 172
 174 174 173 172 172 170 169 170 172 173 175 176 174 173 174 174 173 173
 172 170 169 170 169 168 166 167 168 170 171 169 169 169 167 167 169 169
 170 169 169 169 171 177 185 188 188 188 188 186 186 187 188 188 183 181
 184 186 185 185 187 189 190 189 187 187 188 187 184 181 181 175 167 161
 155 152 153 155 152 153 155 157 156 154 154 155 155 154 155 154 154 155
 155  30]","[ 30  29 186 188 188 190 190 190 187 184 180 179 180 181 182 184 181 183
 182 180 182 183 184 185 182 181 181 181 180 181 181 181 178 172 166 161
 157 155 151 145 137 130 125 124 122 121 120 119 116 116 115 114 114 115
 114 114 106 108 107 107 109 106 104 111 115 127 138 138 137 147 150 160
 158 154 151 148 143 139 137 136 137 137 135 130 126 141 163 171 174 177
 178 176 175 176 177 176 176 176 175 174 174 174 175 175 174 172 170 171
 174 175 174 172 169 171 173 173 172 172 174 176 172 172 173 173 171 170
 171 170 170 170 169 168 167 168 170 172 171 169 170 170 168 168 170 170
 170 169 169 169 169 174 181 185 185 186 187 187 187 187 186 186 184 182
 182 184 184 185 188 190 188 186 185 185 187 186 182 177 171 162 154 152
 153 152 151 150 152 153 154 155 154 153 154 155 155 153 154 153 154 155
 154  29]","[ 29  29 185 188 188 189 190 190 187 184 181 180 181 182 182 182 180 183
 182 181 182 183 183 184 182 180 179 179 180 181 180 180 176 168 162 159
 158 157 152 146 139 133 128 126 125 123 120 115 117 118 118 117 117 118
 117 115 110 107 105 105 108 104 103 114 124 135 144 144 142 147 147 154
 156 153 152 150 143 138 137 138 138 137 137 133 128 137 162 172 176 179
 180 176 173 173 173 173 176 176 175 174 174 176 176 176 175 173 171 172
 175 176 175 174 170 172 174 174 172 171 172 173 170 170 172 171 169 170
 172 172 172 172 171 170 170 170 172 174 170 169 169 170 169 170 171 170
 169 168 169 170 169 172 178 183 183 184 186 186 186 186 186 185 188 185
 185 185 184 184 186 187 193 191 188 186 186 184 180 176 162 157 153 153
 153 151 151 152 151 153 154 155 155 155 154 153 155 153 155 154 154 154
 154  28]","[ 29  29 186 187 187 188 188 187 186 185 183 182 183 183 182 182 181 183
 183 182 182 182 181 182 182 180 179 179 180 180 180 179 179 172 165 162
 157 153 150 146 141 134 129 127 124 121 117 111 115 117 117 116 117 120
 119 115 114 107 105 104 106 105 105 117 133 143 148 149 147 149 146 152
 153 151 152 151 145 140 140 140 138 136 135 135 135 142 165 173 177 180
 180 176 173 172 172 173 175 175 174 174 174 175 176 176 174 173 172 172
 174 176 175 174 175 174 173 172 173 175 174 172 173 172 173 172 169 169
 172 172 172 172 172 171 170 171 171 172 169 168 169 170 169 171 172 170
 168 167 169 171 170 172 179 184 184 184 185 184 185 186 187 187 187 185
 186 187 186 185 186 186 187 187 186 182 177 171 165 161 159 157 156 155
 154 152 152 154 153 153 152 151 152 155 155 153 155 154 156 154 154 154
 154  28]","[ 29  29 185 187 186 186 185 184 183 184 184 184 183 182 181 181 180 182
 182 181 182 181 180 180 182 182 181 180 180 179 179 180 176 169 165 162
 156 151 150 150 145 138 132 129 126 121 116 112 113 115 115 115 117 121
 120 116 113 105 105 104 106 112 114 124 131 145 148 149 148 148 147 151
 148 147 149 149 144 138 136 136 136 134 132 133 136 144 169 173 175 177
 178 177 174 172 174 176 177 177 176 174 174 174 175 175 173 172 171 172
 173 174 174 173 177 175 172 172 174 176 175 172 174 174 174 173 170 169
 170 169 169 170 171 171 170 169 169 170 168 168 170 170 169 170 171 170
 169 167 168 171 170 172 179 186 186 185 185 184 185 186 187 187 186 185
 186 186 185 185 187 186 185 187 186 180 171 163 158 156 155 154 153 153
 153 153 152 151 154 153 149 147 148 153 155 154 154 154 155 153 152 152
 153  29]","[ 30  29 185 186 185 185 183 181 181 184 185 184 182 181 181 181 180 182
 181 181 182 180 179 180 182 183 183 182 179 178 179 180 181 171 164 164
 161 156 153 152 150 143 137 134 129 124 120 117 113 116 116 115 117 122
 120 115 111 103 106 104 108 120 124 131 129 146 146 150 151 151 151 152
 150 147 149 150 146 139 135 133 134 134 131 129 131 141 167 171 172 173
 175 176 174 173 175 178 181 181 179 177 175 174 174 174 173 173 172 172
 172 173 173 173 172 173 172 171 172 174 173 171 170 170 172 172 169 168
 169 167 165 168 170 171 171 169 169 169 167 168 170 170 168 169 170 169
 170 167 168 170 169 170 178 186 186 186 185 185 186 187 187 186 188 187
 186 184 182 182 185 185 182 182 178 168 157 152 153 156 151 153 154 155
 155 155 155 154 153 153 151 149 151 155 155 152 153 153 155 152 150 151
 153  29]","[ 29  30 182 181 184 183 179 181 184 184 184 184 182 180 180 181 181 181
 180 179 180 180 180 179 179 179 181 179 177 177 178 178 178 176 170 163
 162 159 151 152 147 146 145 142 130 123 121 123 118 113 111 113 116 120
 119 114 108 103 104 104 113 121 134 138 142 149 150 148 150 152 151 152
 152 152 151 148 143 137 135 135 135 132 131 131 134 143 165 168 170 171
 173 173 174 174 174 175 175 176 176 175 176 175 175 176 172 173 173 174
 173 172 171 171 171 172 174 174 173 172 172 171 171 171 169 169 170 170
 169 169 168 169 170 170 168 168 168 170 168 168 170 171 171 170 169 168
 169 167 166 165 165 168 176 185 183 182 183 185 187 187 187 187 187 187
 186 182 179 181 184 182 180 170 160 155 152 151 151 153 149 152 154 154
 154 154 155 155 156 154 153 153 153 153 152 152 153 151 153 152 153 150
 151  30]","[ 29  29 181 182 186 186 182 184 187 187 186 185 183 181 182 183 185 184
 182 181 180 181 181 180 180 179 180 179 177 176 176 175 175 172 167 161
 161 158 151 152 149 145 140 138 131 128 124 122 121 115 111 111 115 119
 119 114 106 102 104 108 118 127 139 143 145 151 153 152 154 154 153 154
 154 153 152 150 146 140 136 135 132 130 131 132 136 153 165 167 170 171
 172 172 173 173 174 174 174 174 174 174 175 176 178 179 175 175 176 175
 174 172 172 172 171 172 173 173 173 171 170 169 171 172 172 171 172 172
 171 172 171 172 171 170 168 167 168 170 170 169 169 170 171 170 170 170
 171 171 172 172 172 172 176 181 182 182 184 186 187 187 187 187 187 187
 186 183 180 182 183 181 170 162 156 154 154 153 152 152 150 150 151 151
 152 153 153 153 153 153 152 152 153 154 153 153 152 150 151 150 151 149
 150  29]","[ 30  29 182 183 186 185 180 179 184 185 186 185 183 182 182 183 186 185
 183 181 180 181 181 181 180 178 178 179 179 179 178 175 173 170 166 161
 160 158 153 153 152 148 142 138 130 128 123 121 120 115 111 111 116 122
 123 117 110 103 103 109 121 132 142 145 149 154 157 157 158 156 155 156
 156 154 152 151 148 143 138 136 132 130 131 131 136 160 166 167 170 171
 172 172 172 172 173 175 174 172 173 173 172 175 179 179 176 176 176 175
 173 172 172 172 172 173 173 173 173 171 169 167 167 170 171 171 172 171
 171 172 172 172 171 169 166 166 168 170 171 169 168 169 169 169 169 168
 168 169 171 174 175 174 175 178 181 182 184 185 185 186 186 187 188 187
 185 180 175 172 170 165 158 154 151 152 152 150 150 151 151 151 150 150
 152 153 153 151 154 154 153 153 154 153 152 151 152 151 151 150 151 150
 151  30]","[ 30  29 183 184 185 183 176 174 179 182 185 186 184 182 181 180 183 182
 181 179 179 180 180 180 180 177 177 179 180 181 180 177 175 171 167 161
 158 157 155 156 150 146 141 139 132 130 126 125 122 120 118 117 119 123
 121 115 108 103 105 115 126 137 146 150 153 156 158 159 159 157 156 158
 155 153 151 151 148 144 140 138 136 134 133 133 139 159 167 169 171 172
 173 173 172 173 174 176 176 172 173 173 169 172 176 174 173 173 173 173
 173 173 172 172 172 173 173 173 173 171 169 167 166 169 170 170 172 171
 171 172 171 171 171 169 166 166 167 169 169 168 168 169 168 167 166 165
 167 167 169 172 173 173 174 177 181 182 183 183 184 186 187 188 184 183
 182 175 167 162 159 154 152 151 150 149 146 144 147 152 152 152 152 152
 153 153 152 150 154 153 153 153 153 153 152 150 152 151 152 152 152 152
 152  30]","[ 29  28 184 186 186 184 179 175 178 182 186 186 185 183 181 180 180 180
 180 179 179 179 180 180 180 176 175 177 178 179 179 177 176 171 167 160
 155 154 154 157 156 148 142 143 137 133 127 125 123 122 122 122 122 123
 121 116 108 108 114 126 134 140 148 153 155 157 160 162 161 158 157 156
 153 151 150 149 146 142 140 140 139 138 137 138 147 156 170 171 173 174
 174 174 173 174 175 177 176 172 173 173 169 170 173 170 171 171 171 172
 173 173 172 171 171 172 172 173 172 171 169 168 171 171 170 170 173 173
 171 172 170 171 171 170 168 167 167 167 168 168 168 168 167 166 166 166
 172 172 172 173 172 171 172 176 181 182 182 184 186 188 188 187 186 183
 179 171 161 156 154 152 152 149 148 147 146 145 148 153 152 152 152 152
 151 151 150 149 151 151 152 153 153 153 153 152 151 151 153 152 153 152
 151  28]","[ 29  28 185 187 186 185 181 178 179 182 184 184 182 181 180 179 179 180
 181 180 179 180 180 179 177 173 173 175 177 178 180 180 177 171 168 160
 153 153 155 157 162 157 153 152 142 135 129 127 123 122 122 122 122 123
 124 121 115 110 113 128 139 149 153 156 158 160 164 165 163 161 159 155
 151 149 148 147 145 141 139 139 138 139 138 143 154 157 170 172 175 175
 175 174 174 174 175 176 174 172 173 174 171 172 173 170 172 172 172 173
 174 173 172 171 171 172 173 173 172 171 170 170 173 172 170 169 172 172
 170 169 169 170 170 170 169 167 166 165 167 167 167 167 167 167 168 170
 173 173 174 174 173 170 171 174 178 180 182 184 187 188 185 181 184 179
 173 164 155 152 153 153 151 147 145 148 150 149 150 151 152 152 152 150
 150 150 151 151 152 152 153 153 154 154 153 153 152 152 152 151 152 152
 151  27]","[ 30  29 186 187 183 182 180 179 179 181 182 180 179 179 179 178 179 180
 181 180 179 180 179 179 176 173 173 175 176 177 180 181 177 171 169 162
 156 157 158 158 159 160 159 156 145 141 136 134 129 125 123 123 121 121
 121 121 116 108 109 129 145 158 161 163 162 162 164 163 160 160 158 153
 148 146 145 146 145 142 138 137 137 137 138 145 156 162 169 173 175 174
 174 174 174 174 174 173 172 172 173 173 174 174 173 172 173 174 175 174
 172 171 171 171 171 172 173 173 172 171 171 172 172 171 168 168 171 171
 168 168 168 168 168 168 168 167 165 164 165 164 164 166 167 168 168 169
 170 169 170 172 172 171 171 173 175 178 181 182 184 184 180 176 170 165
 160 156 152 153 156 156 150 148 147 150 152 150 149 149 150 151 151 151
 151 151 152 152 153 153 153 153 153 153 153 153 154 153 152 149 150 151
 151  28]","[ 30  28 185 185 181 180 181 180 178 181 182 181 179 179 179 178 178 179
 179 179 179 179 179 179 179 175 175 176 175 175 177 179 176 170 169 164
 160 161 160 159 160 162 158 154 145 145 139 131 130 125 123 124 123 122
 122 122 117 114 119 140 150 159 159 162 164 162 161 157 153 155 156 151
 146 144 144 146 147 144 139 136 138 136 138 145 155 169 168 175 174 173
 173 173 173 173 172 171 171 172 172 173 174 174 172 172 173 175 176 174
 171 169 170 172 170 171 173 172 171 170 171 172 171 170 168 168 171 171
 169 169 168 167 167 167 168 168 167 166 162 162 162 165 167 168 166 165
 169 167 168 170 172 171 171 172 176 178 180 180 181 181 178 175 163 159
 156 155 154 155 155 153 151 151 153 154 152 148 147 149 146 148 150 152
 153 153 152 150 150 150 151 152 152 153 153 154 155 153 151 147 148 149
 151  29]","[ 29  28 183 181 182 182 179 182 179 180 182 181 177 175 176 176 174 174
 174 173 172 172 175 179 180 178 175 173 172 172 174 176 173 172 171 167
 161 159 160 159 160 163 158 153 149 146 141 132 128 122 120 121 121 122
 124 125 117 116 121 141 160 161 160 161 163 166 167 163 157 156 153 147
 146 143 142 144 145 143 139 136 137 137 140 148 159 167 170 171 172 172
 172 172 174 174 172 169 168 167 168 169 171 172 172 171 174 174 174 172
 169 167 169 172 172 174 175 173 171 170 171 171 170 168 167 169 171 171
 170 170 167 167 167 166 166 168 168 168 165 162 162 165 165 163 165 168
 168 169 169 168 169 169 169 170 175 180 179 179 180 178 173 164 154 154
 154 153 154 156 155 153 151 151 152 152 152 151 150 150 147 146 148 152
 153 150 147 146 150 152 153 151 151 153 154 154 154 154 154 151 146 148
 150  29]","[ 31  29 175 176 180 179 174 174 172 173 176 176 173 171 171 170 169 169
 170 172 173 173 173 174 174 173 173 172 172 171 173 174 172 170 168 164
 158 158 161 162 163 163 157 154 151 146 138 128 129 124 122 123 124 126
 128 128 124 121 121 139 158 161 161 162 166 165 162 158 156 157 154 146
 147 144 142 143 143 141 139 137 139 139 141 148 157 164 168 169 170 171
 170 170 171 173 171 169 166 166 167 168 169 170 171 170 174 174 173 172
 170 167 166 167 173 172 171 172 172 170 169 168 171 169 168 170 172 173
 171 170 171 169 166 166 165 165 166 168 169 164 161 162 164 166 164 163
 167 167 166 166 167 166 166 167 170 179 180 176 170 162 158 154 152 152
 152 152 152 153 153 152 151 151 150 150 150 150 151 152 151 149 149 150
 150 148 146 147 149 151 151 149 149 152 153 153 154 152 152 153 151 153
 151  28]","[ 29  30 168 171 173 170 166 167 164 165 168 169 167 165 165 163 162 162
 163 167 170 170 168 166 160 161 163 165 166 167 169 171 170 167 164 160
 154 154 158 160 161 162 159 157 152 145 139 132 130 126 125 127 129 130
 131 131 128 128 130 143 155 157 161 165 168 165 162 158 156 157 154 146
 145 143 141 141 140 140 139 139 139 139 141 146 152 158 162 163 167 168
 167 166 167 169 168 165 162 163 164 165 166 168 169 170 176 173 169 167
 167 167 167 168 173 170 170 173 172 169 167 169 170 168 166 168 170 171
 170 169 169 166 166 167 166 163 163 165 166 165 163 161 161 162 163 163
 163 164 164 166 167 165 162 163 167 174 173 168 159 150 150 152 152 152
 152 151 150 149 148 149 153 152 151 149 149 150 152 153 154 151 148 147
 147 146 147 148 150 151 151 150 151 152 153 153 150 151 152 154 152 151
 150  30]","[ 28  30 162 167 168 164 161 164 161 162 165 165 162 161 161 161 160 158
 158 161 164 164 163 162 161 162 162 162 162 162 163 165 165 162 161 157
 152 151 155 158 160 163 161 159 155 150 145 138 130 128 129 131 131 132
 132 132 131 133 137 148 155 156 161 166 168 167 165 160 156 154 151 145
 141 141 140 140 140 139 138 138 135 137 139 143 147 151 154 156 157 160
 159 157 158 160 159 155 154 156 158 160 161 163 165 168 175 171 166 164
 164 165 166 167 165 166 167 167 163 161 163 167 166 163 160 160 162 164
 165 165 160 160 161 162 160 158 159 162 162 163 163 161 159 159 162 166
 160 160 161 163 164 162 159 161 164 166 162 159 155 149 150 152 151 151
 151 151 149 147 147 149 153 153 152 151 151 151 152 153 154 150 147 146
 147 148 149 150 149 151 153 153 153 153 152 151 150 150 150 151 148 147
 147  31]","[ 30  31 158 164 168 165 162 161 161 162 164 164 160 160 162 162 161 160
 160 161 162 162 161 161 162 162 163 162 161 160 161 162 161 158 159 158
 153 150 152 156 163 165 162 160 161 159 150 137 132 132 133 134 132 131
 132 131 132 132 135 147 155 158 163 165 166 167 166 161 155 153 150 145
 140 141 141 141 139 137 133 131 129 132 137 142 146 150 152 154 154 156
 157 155 155 156 154 151 149 151 153 154 155 156 159 161 159 157 156 155
 154 152 152 152 152 155 155 151 147 148 153 157 159 156 153 153 154 155
 156 157 154 154 154 150 148 150 154 158 154 149 147 149 152 152 152 152
 158 157 154 154 155 155 154 157 158 158 153 154 155 150 148 147 149 149
 150 151 149 147 148 150 151 151 151 151 152 153 153 154 153 150 148 148
 150 151 151 150 148 150 152 152 151 149 149 148 151 149 144 145 147 147
 147  30]","[ 29  30 161 163 166 163 163 161 160 161 163 162 160 160 162 163 162 162
 163 163 163 161 160 160 158 159 160 162 162 161 160 160 160 158 159 159
 153 147 148 151 157 164 164 163 164 162 153 138 136 136 137 136 132 131
 132 132 131 131 134 145 152 158 165 167 167 166 164 161 157 155 151 145
 141 142 142 141 138 134 127 122 123 127 135 142 148 152 154 155 155 157
 159 158 157 156 154 152 151 152 153 153 152 152 154 155 154 154 154 153
 152 152 152 154 154 156 153 149 148 152 155 155 154 152 151 152 152 152
 151 151 149 151 151 148 145 147 150 152 155 148 146 150 154 153 150 149
 152 153 151 151 152 150 148 147 153 153 149 150 151 149 148 147 150 151
 152 151 149 146 146 148 150 148 148 148 150 153 154 155 151 151 150 150
 151 151 149 148 149 149 150 149 147 146 146 147 147 148 144 144 145 146
 145  30]","[ 28  29 166 163 164 162 165 163 161 161 163 163 161 162 163 162 162 162
 163 163 163 161 159 159 161 161 162 164 163 162 160 159 159 157 158 159
 152 146 147 151 153 162 166 166 164 161 155 144 142 140 139 137 134 134
 136 135 132 132 136 146 152 158 167 169 168 167 166 163 158 155 149 143
 141 141 140 138 136 132 126 120 122 127 134 143 150 154 156 156 154 155
 157 158 157 155 153 152 153 153 154 153 153 152 153 153 153 153 152 152
 151 152 154 157 154 153 150 148 149 152 152 150 150 150 151 152 153 152
 151 151 149 150 152 152 151 150 149 149 150 150 151 153 154 152 150 150
 148 151 152 150 151 150 145 142 150 151 147 147 149 149 149 149 150 152
 153 151 149 147 147 147 150 148 146 146 149 152 153 153 149 151 152 151
 150 149 149 149 150 148 147 147 146 146 146 147 145 150 148 145 143 143
 144  30]","[ 30  28 168 163 166 166 169 164 164 163 164 165 165 165 164 162 162 161
 162 162 161 160 159 158 160 159 159 161 162 162 162 161 157 154 156 158
 153 149 151 156 159 164 165 167 166 163 157 147 146 143 140 137 135 137
 139 138 137 134 137 148 156 163 169 166 166 167 169 166 159 152 145 139
 138 138 137 135 135 133 127 121 124 129 136 145 152 156 156 155 155 155
 158 160 159 155 154 154 152 152 153 153 153 153 153 153 153 153 154 154
 153 152 152 152 154 153 152 152 152 151 150 150 148 148 150 151 152 152
 152 154 152 150 150 153 154 152 151 153 147 150 154 155 154 153 152 151
 151 153 150 147 148 149 146 144 147 150 148 150 152 151 149 145 147 151
 152 151 150 151 151 151 151 149 147 147 149 151 150 148 148 151 153 152
 150 149 151 153 149 147 146 147 148 147 146 145 151 155 149 144 144 145
 144  28]","[ 30  29 165 167 166 170 169 165 164 164 165 165 166 166 166 164 162 161
 162 164 164 161 159 159 160 161 160 159 159 162 163 162 159 157 156 157
 157 155 155 157 159 158 162 169 171 164 156 153 152 145 139 132 133 139
 139 140 142 137 140 152 162 163 164 167 165 166 167 165 159 153 148 142
 137 136 133 130 131 128 121 121 124 131 139 144 147 152 156 157 155 154
 156 159 159 155 152 152 152 152 153 153 153 153 153 152 154 153 153 152
 152 152 153 155 154 154 153 151 151 153 153 152 150 150 148 150 151 152
 155 154 151 151 152 153 152 152 151 149 146 147 152 156 153 150 151 151
 150 148 147 146 145 147 149 148 148 148 147 147 147 149 149 148 147 148
 148 147 148 148 148 147 146 147 148 149 148 147 148 148 148 147 150 151
 150 151 149 148 147 148 148 148 148 148 148 147 151 150 149 146 145 145
 143  29]","[ 29  29 166 167 164 167 165 161 161 162 163 163 163 164 164 164 162 161
 160 162 163 161 159 158 158 159 159 160 161 162 162 161 162 159 157 157
 156 155 155 156 158 156 159 165 166 163 161 161 154 148 142 136 136 140
 141 142 144 140 141 149 156 158 160 163 166 164 164 162 157 153 149 144
 137 137 136 131 126 122 119 122 121 130 140 145 148 151 155 157 157 156
 157 159 157 153 151 151 149 149 151 153 155 155 154 153 153 153 154 154
 154 153 154 155 154 154 152 150 151 152 153 153 152 151 148 150 153 153
 154 152 151 151 153 153 152 151 149 145 145 146 151 154 152 149 147 147
 148 147 147 146 144 146 148 148 147 147 147 146 147 148 148 148 148 148
 147 146 146 146 145 145 146 147 147 147 147 147 148 148 146 146 151 151
 149 149 147 147 148 148 148 147 147 147 147 146 146 147 146 145 144 145
 143  30]","[ 29  29 166 165 163 164 162 160 163 163 163 163 162 162 162 162 162 161
 160 161 162 162 160 158 158 159 160 161 162 162 162 161 163 160 157 155
 155 155 155 154 154 155 160 165 166 163 162 164 157 152 147 140 138 141
 142 145 141 138 139 146 153 157 160 162 159 159 159 158 154 149 144 138
 136 129 127 124 121 120 116 115 120 132 144 148 149 151 153 155 157 157
 157 157 155 151 150 151 154 153 153 154 155 155 153 153 153 153 154 154
 153 152 153 154 157 154 153 152 153 154 155 157 156 154 150 152 155 155
 154 151 152 151 149 146 145 148 149 147 148 146 147 149 148 147 148 148
 146 146 147 146 143 144 147 147 146 146 146 145 146 147 147 146 148 148
 147 146 146 147 146 146 147 147 147 146 146 147 147 148 145 147 153 152
 148 147 146 147 147 147 147 146 146 147 146 145 146 146 146 145 144 144
 143  29]","[ 29  29 163 163 161 163 163 163 165 164 163 163 163 162 161 161 161 161
 161 161 162 163 162 161 160 160 160 160 161 161 162 161 162 160 157 155
 156 157 156 154 153 155 160 165 166 163 161 162 160 155 150 143 139 141
 142 146 145 143 142 146 154 158 158 156 154 154 155 153 148 142 137 131
 124 120 124 122 116 114 114 116 122 134 147 151 152 154 155 155 155 155
 156 156 154 151 150 151 154 153 153 154 154 155 156 157 155 154 153 152
 151 151 152 154 157 154 153 154 154 154 155 156 157 154 150 153 155 154
 154 151 150 149 144 140 142 147 150 151 150 146 146 147 147 148 150 150
 147 147 148 146 142 143 146 147 146 146 146 145 145 146 146 145 148 148
 147 147 147 148 147 146 147 147 147 147 147 147 146 146 146 147 152 151
 147 146 146 148 145 146 146 147 147 147 146 144 146 146 146 146 145 144
 142  29]","[ 30  29 160 159 160 164 164 166 163 162 161 163 164 164 162 161 161 162
 162 161 161 162 162 162 159 159 159 159 160 160 160 160 161 160 159 158
 160 161 159 156 155 156 157 159 160 161 162 163 160 155 151 144 140 141
 143 147 150 146 143 146 154 159 158 154 154 153 152 147 140 136 134 131
 121 119 123 123 119 119 120 120 124 136 147 153 155 158 159 158 153 154
 155 156 154 152 152 153 154 153 154 155 154 152 154 156 156 155 155 153
 152 151 153 154 154 152 152 153 153 152 151 152 156 153 149 151 153 152
 153 151 146 148 146 144 148 151 150 149 147 145 146 148 149 150 150 148
 147 147 148 145 141 142 145 146 147 147 147 146 147 147 147 146 148 148
 148 147 147 147 145 144 145 146 147 147 148 147 146 145 146 144 148 146
 144 145 146 147 145 146 146 146 146 146 146 144 144 145 145 146 145 144
 142  30]","[ 30  29 160 159 160 163 163 167 165 163 162 164 165 163 161 160 162 162
 162 162 161 160 160 160 157 157 158 160 162 161 160 160 161 160 160 160
 161 161 159 157 154 154 153 154 156 159 162 162 159 155 152 146 142 142
 144 148 151 146 141 142 149 156 156 153 151 150 149 145 138 134 132 129
 128 124 124 124 126 130 127 123 128 139 149 153 154 157 158 155 153 154
 155 155 155 153 153 154 153 153 155 157 155 151 151 152 154 154 155 155
 154 153 153 154 154 153 153 153 153 152 150 150 155 152 149 151 153 151
 153 152 148 150 148 148 152 152 147 147 147 145 146 147 147 148 148 146
 146 146 147 144 141 141 145 145 147 147 147 146 146 147 146 146 146 147
 147 147 147 147 146 145 144 145 147 147 147 147 146 146 146 143 144 143
 143 146 145 146 147 147 146 144 144 145 145 145 144 144 144 145 144 142
 141  29]","[ 29  30 162 161 163 163 162 166 167 165 165 165 165 162 160 160 163 162
 162 162 161 159 158 159 158 157 158 160 162 161 161 161 160 159 158 159
 159 157 156 157 154 154 153 153 155 157 159 158 158 154 152 148 144 144
 144 147 153 149 145 143 146 150 152 151 150 149 148 145 140 136 133 129
 127 130 132 128 130 133 130 128 130 141 151 152 153 155 155 152 154 154
 154 154 154 153 153 153 150 150 152 156 156 155 154 156 153 153 154 154
 153 152 152 153 155 155 154 153 153 153 152 150 153 150 147 150 152 150
 151 150 152 152 148 147 152 149 145 147 147 146 145 145 145 146 148 146
 146 146 146 145 142 142 144 144 146 146 146 145 145 145 145 144 144 146
 147 147 147 147 147 147 146 146 146 146 145 145 146 146 146 142 143 143
 144 147 146 145 146 146 146 144 143 144 145 145 143 142 142 143 142 141
 140  28]","[ 28  31 165 164 165 164 161 165 165 165 165 166 164 161 161 163 164 161
 161 162 162 159 158 158 159 158 157 158 159 159 160 161 160 158 157 158
 157 155 155 157 158 157 154 151 152 155 156 156 158 154 153 149 146 144
 142 145 152 151 150 149 150 152 155 158 156 152 148 144 140 139 137 134
 128 131 130 128 136 140 132 125 129 141 150 152 152 154 155 153 153 153
 152 152 152 152 153 153 153 151 151 154 156 155 155 157 155 154 153 152
 151 150 152 153 154 155 153 151 151 152 152 150 148 145 142 146 148 146
 146 146 153 152 147 148 153 149 144 147 145 145 147 148 147 147 147 145
 147 146 147 146 143 143 143 142 146 146 145 144 145 145 144 143 145 147
 148 147 146 146 146 146 148 148 147 145 143 143 144 146 146 142 143 143
 144 147 145 143 143 145 146 146 145 144 144 144 138 137 138 140 140 140
 140  29]","[ 29  29 168 165 161 163 166 164 164 162 161 162 163 162 162 162 161 161
 161 161 161 161 160 159 160 160 160 159 159 160 160 159 159 158 158 157
 158 158 157 156 157 156 156 155 153 152 155 158 157 151 145 146 148 147
 144 140 146 150 153 152 150 151 152 154 153 149 146 144 141 139 139 138
 135 133 132 134 138 137 130 124 129 139 153 153 153 152 155 152 152 152
 151 150 151 152 154 155 152 151 151 153 152 151 151 153 155 154 154 152
 150 149 149 149 150 149 147 148 151 151 149 149 150 147 145 145 145 145
 144 143 146 148 148 149 150 148 146 145 146 146 147 147 146 144 144 146
 146 147 147 146 143 142 143 144 146 146 145 144 145 146 145 144 142 146
 148 146 143 142 145 148 147 148 147 146 145 143 143 146 144 142 140 142
 144 145 145 144 140 141 143 145 145 143 140 139 139 137 137 138 138 137
 138  29]","[ 29  29 167 164 161 162 166 165 165 163 162 163 163 162 161 161 163 163
 162 162 162 162 162 161 162 162 162 160 159 159 159 158 159 159 158 156
 156 155 155 156 156 156 155 155 154 153 153 154 155 149 145 146 149 149
 144 140 147 149 152 153 154 154 152 149 153 152 150 144 141 143 143 139
 139 136 135 136 138 137 133 129 128 136 149 151 153 153 156 152 153 152
 152 152 152 153 154 155 153 152 151 152 152 150 150 151 153 152 152 151
 151 150 149 149 150 150 147 146 149 150 150 151 151 149 147 146 146 145
 145 144 144 147 148 149 150 147 144 144 143 143 143 146 147 146 146 146
 144 145 145 145 143 143 145 147 146 146 146 145 144 143 143 142 141 144
 146 145 144 143 144 144 143 144 143 142 143 142 142 145 144 142 141 140
 141 141 143 144 142 142 144 145 144 141 139 138 138 137 137 138 137 137
 138  29]","[ 30  28 165 163 162 162 164 165 165 163 161 162 162 161 161 162 161 161
 161 162 162 163 164 164 165 165 164 162 160 159 159 159 159 158 156 155
 154 153 154 155 155 154 154 153 153 154 154 152 152 148 146 149 153 154
 151 147 148 151 154 154 153 154 155 154 153 154 153 149 145 146 146 141
 139 137 137 140 141 140 137 136 136 141 150 151 153 154 155 152 150 150
 151 151 152 153 154 154 154 153 152 153 152 151 151 152 153 153 152 153
 153 153 151 150 150 150 147 146 147 148 148 150 151 149 147 147 146 145
 145 145 144 147 149 149 149 147 145 147 144 142 140 142 145 146 145 144
 145 145 145 145 143 143 144 145 145 146 146 143 141 140 141 142 140 141
 142 142 143 143 142 141 141 141 139 140 141 141 141 144 143 142 142 141
 140 140 142 144 141 141 142 143 141 138 137 136 138 137 137 138 137 137
 138  29]","[ 30  28 163 162 163 161 162 163 163 161 159 160 160 159 160 162 159 159
 160 161 161 162 162 162 163 163 162 160 158 157 158 159 158 157 155 154
 154 155 156 156 157 156 153 151 152 154 154 153 149 147 146 148 152 154
 153 151 150 153 154 155 155 157 159 159 154 154 156 155 150 146 145 145
 139 138 139 143 144 141 137 136 136 139 145 149 151 153 154 153 146 147
 148 149 151 152 153 153 153 152 152 153 154 153 154 154 154 154 154 154
 154 153 151 150 149 149 147 146 147 146 145 146 149 147 147 146 145 145
 145 145 145 147 147 147 147 146 146 148 147 143 139 140 143 145 144 142
 145 145 145 145 145 144 142 141 142 144 144 140 137 137 141 143 143 143
 142 142 144 145 144 143 142 141 140 140 142 141 140 142 139 140 141 142
 142 141 141 141 137 138 139 140 139 137 137 138 138 138 138 138 137 137
 138  28]","[ 29  28 163 162 164 161 159 160 160 159 159 160 159 158 158 159 159 159
 159 161 161 160 159 159 162 163 162 160 158 158 159 160 159 157 156 156
 157 158 158 157 159 158 154 151 151 153 153 152 151 150 148 148 149 151
 151 151 152 152 153 156 160 162 159 154 154 155 157 156 150 146 146 146
 142 141 141 143 144 140 135 132 138 140 147 153 154 155 154 154 147 147
 148 149 150 152 153 154 152 152 152 153 153 153 154 154 153 154 155 154
 152 149 148 147 147 147 145 144 146 146 145 145 147 146 146 146 145 144
 144 145 146 146 144 144 145 143 142 145 146 143 139 140 144 146 145 143
 142 142 142 144 146 145 142 139 138 140 142 140 137 138 141 144 144 143
 143 142 143 144 143 142 142 142 140 141 142 140 138 141 138 139 140 141
 142 140 138 138 135 135 136 138 138 138 139 140 138 138 138 138 136 136
 138  28]","[ 29  28 162 161 164 162 159 159 160 160 162 163 162 159 158 158 158 157
 158 161 162 162 160 160 160 161 160 158 157 158 159 159 159 157 156 157
 158 159 157 156 156 156 155 153 152 152 152 152 153 152 150 148 148 149
 150 150 151 152 153 155 158 159 157 154 155 157 158 152 146 146 148 146
 145 143 141 141 141 139 136 132 131 134 141 150 150 149 147 146 150 150
 150 150 150 151 152 152 152 153 153 152 151 151 151 151 152 154 155 153
 150 147 146 146 146 146 144 143 145 146 146 147 147 146 146 146 145 144
 145 145 147 146 145 145 145 142 139 140 144 142 141 141 143 144 142 140
 141 140 141 143 145 144 140 137 135 138 141 142 140 140 141 142 143 143
 144 144 144 143 141 139 141 140 140 141 141 137 136 140 141 139 139 139
 140 139 137 136 136 135 136 138 139 139 140 140 138 139 139 138 137 138
 140  30]","[ 29  29 161 158 164 165 162 162 161 162 163 164 162 160 159 160 159 157
 156 160 162 161 159 158 155 155 155 154 154 155 156 156 158 158 157 158
 158 158 157 156 154 155 155 155 153 151 152 154 152 151 149 146 146 146
 146 144 147 151 154 154 154 156 159 160 159 159 157 152 147 148 149 145
 144 143 141 138 138 139 137 134 126 128 134 147 149 151 150 152 153 152
 151 151 150 149 149 149 151 152 152 150 148 148 148 148 150 151 152 152
 150 147 146 146 145 146 145 144 145 144 144 147 147 146 146 146 146 145
 145 146 147 146 145 145 144 139 136 138 142 142 142 141 141 142 141 140
 143 143 143 143 143 142 139 138 137 139 142 143 142 142 142 141 143 144
 144 144 144 143 141 139 139 139 140 141 140 136 135 140 140 139 138 138
 138 138 138 138 138 137 137 138 139 140 140 140 140 140 139 138 137 139
 140  30]","[ 29  29 161 157 164 166 165 164 162 161 161 161 159 158 159 162 163 159
 157 159 160 158 155 153 155 155 155 155 156 157 158 158 158 159 159 159
 158 158 158 159 157 157 157 156 152 149 150 154 155 154 151 148 147 146
 143 140 143 147 152 155 157 160 161 161 163 159 156 155 152 149 148 146
 143 144 142 138 137 138 136 132 128 127 130 143 146 150 150 153 154 153
 152 151 150 148 147 147 148 149 150 148 146 145 145 146 147 148 148 148
 148 147 145 145 144 147 148 146 144 142 141 143 146 145 145 146 146 146
 146 147 145 144 142 141 139 135 134 137 141 142 142 140 140 142 145 145
 143 144 144 143 142 141 141 141 140 142 142 142 142 142 142 141 139 138
 138 138 138 139 137 135 139 140 140 141 139 135 135 141 136 136 136 137
 138 138 139 139 138 137 137 138 139 140 139 139 140 139 138 136 135 138
 139  28]","[ 29  30 161 160 161 164 166 165 164 162 160 158 156 155 158 162 162 164
 162 160 160 154 151 156 156 157 157 156 155 157 160 162 160 162 161 159
 158 160 161 161 160 159 159 157 153 150 150 153 152 154 153 150 146 144
 140 136 142 148 153 164 161 161 164 161 161 159 156 154 153 152 148 144
 145 144 143 139 137 139 140 136 129 133 137 141 147 149 151 153 153 153
 151 150 150 148 147 148 150 151 150 147 146 146 146 144 146 146 146 147
 147 146 146 147 144 145 147 147 145 143 143 144 146 145 145 145 145 143
 140 138 137 139 140 139 140 142 141 138 139 142 142 140 138 140 143 145
 145 144 144 143 142 144 143 140 139 141 143 143 141 140 140 140 138 138
 137 135 135 137 138 137 137 140 142 139 135 133 135 138 137 139 139 137
 137 139 139 138 137 138 138 138 138 138 138 139 140 141 139 134 134 136
 135  29]","[ 29  30 161 160 159 161 164 164 164 162 161 161 160 157 156 156 159 160
 159 159 160 156 151 152 157 157 156 154 153 156 159 161 160 161 161 160
 158 156 158 160 159 159 158 157 154 152 152 153 154 154 151 147 143 142
 140 137 140 145 149 160 160 160 160 159 159 160 158 154 151 149 148 146
 147 145 142 139 138 139 136 129 125 131 137 142 145 145 147 151 154 154
 152 150 150 148 147 148 149 150 150 147 145 146 146 145 146 146 146 146
 145 145 146 148 145 145 146 146 144 142 141 142 146 144 142 141 140 138
 137 137 135 140 142 140 140 143 142 137 138 139 140 138 138 139 140 140
 142 141 140 138 136 139 141 139 139 139 140 142 140 137 137 139 136 138
 138 137 136 137 139 139 137 138 137 136 134 134 137 140 135 137 139 139
 138 138 137 137 138 138 138 138 138 137 137 136 135 137 138 136 136 137
 136  29]","[ 29  30 161 159 158 160 162 163 161 159 158 161 163 162 159 158 157 155
 155 158 160 159 156 154 153 154 155 154 154 156 158 159 159 159 160 160
 156 153 154 158 158 157 156 156 154 153 153 153 151 152 149 146 144 144
 143 141 138 144 147 157 161 161 158 157 157 158 157 153 147 145 146 146
 146 145 145 141 138 138 137 133 128 131 136 142 145 145 146 150 154 154
 153 151 150 148 146 146 148 150 150 147 145 145 147 147 149 149 148 145
 144 143 144 146 146 146 147 146 145 143 141 141 145 144 143 141 139 138
 139 139 140 145 144 139 137 141 142 138 138 138 138 138 139 140 139 138
 140 140 139 136 133 135 137 137 138 139 140 140 139 137 137 139 139 141
 142 140 138 137 138 138 139 137 136 135 135 135 136 136 131 134 137 139
 139 137 137 139 138 138 138 138 138 138 136 134 137 138 140 138 137 137
 135  28]","[ 29  29 160 160 160 162 162 162 164 161 159 161 162 162 160 159 158 155
 155 157 158 159 159 158 154 155 154 153 153 154 156 157 159 159 159 158
 155 153 154 157 157 155 154 153 153 152 152 152 155 156 154 150 146 143
 139 135 135 142 146 156 162 162 156 156 156 157 155 150 146 145 145 146
 146 147 146 142 136 135 135 133 133 132 134 140 146 147 146 149 152 154
 152 150 150 147 143 143 146 148 148 147 145 145 147 147 151 150 148 146
 144 144 144 144 146 146 146 146 145 144 142 141 143 145 146 146 144 142
 142 142 141 144 144 139 136 138 140 139 137 137 137 137 139 141 140 138
 138 138 139 137 133 132 134 134 136 141 142 138 138 141 141 137 140 141
 142 140 138 136 135 135 136 136 135 136 136 135 133 131 130 132 135 137
 136 135 135 138 138 138 138 136 136 137 137 136 140 140 141 138 136 135
 135  28]","[ 29  29 160 161 162 163 162 160 160 159 158 160 162 161 160 160 160 159
 159 159 156 156 157 157 160 159 156 153 151 153 155 157 158 159 159 156
 155 156 157 157 156 155 154 152 152 152 152 152 157 159 158 155 150 145
 139 133 135 141 147 156 161 161 154 155 158 156 153 149 147 147 147 146
 147 146 145 143 140 138 136 131 131 130 131 137 144 146 146 147 151 152
 150 147 146 145 143 143 145 146 146 145 145 145 145 145 147 147 147 146
 146 146 145 144 144 144 145 144 144 144 143 141 139 142 145 145 144 142
 141 140 135 138 140 141 140 138 138 138 136 137 137 137 137 138 138 137
 136 137 139 137 132 131 132 133 133 139 140 137 138 141 141 136 135 135
 136 136 136 135 133 132 130 131 133 135 135 134 133 131 133 133 134 134
 132 130 131 133 135 136 136 133 133 135 137 138 137 135 138 137 134 135
 137  30]","[ 30  29 159 161 162 162 161 159 154 154 156 160 162 161 159 159 159 161
 162 161 158 156 156 157 159 160 159 158 157 157 157 157 158 158 157 155
 155 157 157 155 156 156 155 153 152 153 153 153 157 160 161 160 157 153
 148 144 142 146 152 160 162 163 156 157 157 154 150 147 147 149 148 145
 145 146 147 145 140 136 131 127 125 127 130 136 142 145 146 148 150 151
 147 143 143 144 145 146 146 146 145 145 145 145 145 145 146 147 147 146
 146 146 144 141 142 143 143 142 142 143 142 141 137 140 141 140 138 138
 137 137 136 137 139 141 140 138 137 138 137 139 139 138 136 136 137 136
 136 136 137 136 132 131 134 135 134 135 137 138 139 139 138 136 132 132
 132 133 134 133 131 130 130 131 132 132 132 132 132 133 133 133 134 133
 132 131 131 132 131 133 133 130 129 132 136 137 134 132 136 137 134 135
 137  29]","[ 30  28 159 159 159 160 161 161 161 158 156 158 160 160 157 156 158 162
 161 160 160 158 156 157 156 158 160 161 161 160 160 159 158 158 157 157
 157 156 155 154 155 156 157 155 153 153 154 154 158 163 166 166 163 161
 157 154 153 153 158 164 164 167 161 161 158 155 151 148 149 151 150 148
 146 147 148 145 136 128 124 121 124 127 128 132 140 146 148 149 149 150
 146 143 143 145 146 147 147 146 146 145 143 143 144 146 147 148 149 146
 144 143 141 139 142 143 143 141 140 141 141 140 140 141 140 137 136 136
 137 136 140 139 139 139 138 137 137 137 137 139 139 138 136 137 137 136
 137 136 137 136 133 133 136 137 134 134 136 137 138 138 136 135 134 133
 133 133 133 132 131 131 132 133 132 131 130 130 131 133 131 133 134 135
 136 136 135 133 131 133 133 130 130 133 135 136 135 132 136 137 134 135
 136  28]","[ 29  28 158 158 158 159 162 165 166 159 153 154 159 162 162 161 159 162
 159 157 160 158 154 155 160 160 159 158 158 159 160 161 160 159 159 160
 159 156 155 155 153 156 158 156 154 154 154 155 153 159 166 169 169 168
 166 164 159 155 159 164 163 168 164 164 160 159 155 153 153 154 155 154
 148 146 146 145 141 137 133 129 127 126 124 126 136 145 147 146 148 150
 148 145 145 146 146 146 146 146 145 143 141 140 142 145 144 147 147 144
 141 140 140 139 141 142 142 139 137 138 138 137 142 142 140 137 136 138
 138 137 137 138 138 138 138 138 136 134 133 135 136 136 135 136 136 136
 137 136 137 137 134 134 135 136 133 136 136 134 135 137 136 133 133 133
 133 134 133 132 132 133 132 132 131 130 129 129 131 133 131 133 136 137
 139 139 136 132 132 134 134 132 133 135 136 135 136 132 135 136 133 134
 137  28]","[ 30  29 158 157 156 159 163 164 163 156 153 157 162 162 160 160 158 156
 157 159 159 157 156 159 161 159 156 154 155 157 157 157 157 156 157 158
 158 157 155 155 153 153 154 155 155 156 157 155 155 155 161 167 169 170
 171 170 168 163 161 163 163 163 165 165 159 159 158 156 155 158 158 155
 155 149 149 147 138 133 132 127 128 130 128 128 134 142 144 144 149 147
 146 146 146 146 146 146 143 143 145 146 145 142 142 144 144 143 141 141
 141 138 137 140 142 141 139 138 138 139 140 139 139 138 137 137 137 136
 135 135 136 137 138 138 138 137 136 133 136 134 133 133 135 136 136 135
 136 137 137 137 136 135 136 136 139 134 131 134 138 139 137 136 135 134
 133 133 133 132 131 131 132 134 133 131 131 130 131 137 135 137 137 135
 136 138 138 135 132 137 138 135 134 137 138 136 139 139 138 140 141 142
 143  28]","[ 30  30 160 159 158 159 160 160 159 155 154 159 163 163 160 160 157 157
 158 161 161 159 158 159 159 157 154 154 156 158 159 158 155 155 155 157
 157 157 156 156 152 152 153 154 153 154 155 152 153 152 157 162 167 170
 172 170 167 161 159 162 165 167 166 164 160 159 159 158 158 160 161 158
 155 151 150 148 140 134 131 127 129 132 131 129 133 140 144 146 145 145
 145 147 147 146 145 145 146 144 143 144 146 147 145 143 144 144 141 140
 139 138 136 138 141 141 140 138 138 138 139 139 135 135 135 135 136 137
 137 137 139 139 138 137 137 137 136 134 135 134 134 135 136 135 135 135
 137 137 136 132 129 130 135 140 138 137 138 139 139 138 137 138 136 135
 135 135 135 134 134 133 137 137 135 135 136 135 134 136 136 137 138 138
 139 140 139 137 138 141 141 138 138 141 143 142 142 143 142 145 145 145
 146  30]","[ 29  29 160 159 158 158 157 156 158 157 158 163 164 162 160 160 160 160
 161 162 161 159 157 157 156 154 153 154 157 159 160 159 154 154 154 155
 155 155 154 154 152 151 152 153 152 153 153 151 151 151 153 158 164 169
 171 168 166 161 160 163 166 168 168 165 161 159 158 160 160 161 161 158
 158 156 155 154 148 138 130 126 125 129 129 128 132 138 143 145 144 144
 146 148 149 148 146 146 146 145 142 142 144 147 146 142 145 145 143 140
 140 139 138 138 140 140 140 139 138 138 138 139 137 136 134 132 133 136
 136 135 136 137 137 137 137 138 136 133 135 136 137 138 138 137 137 137
 140 137 134 132 132 134 135 136 135 138 140 140 139 139 140 141 139 140
 140 138 138 139 138 137 139 138 140 141 140 140 141 142 138 138 138 139
 139 139 139 138 140 142 142 140 141 144 145 144 142 143 143 146 146 146
 146  29]","[ 30  29 158 157 157 158 158 157 159 160 162 163 162 159 159 159 163 162
 161 160 159 158 157 156 154 153 153 155 158 158 158 157 154 154 154 153
 153 153 153 152 152 151 152 152 152 153 154 153 152 152 153 157 162 168
 170 168 167 164 163 164 164 166 168 169 164 160 159 160 160 160 159 157
 155 156 156 157 152 138 124 119 121 124 123 123 129 135 139 142 145 145
 147 148 149 147 146 146 145 145 144 143 142 142 143 144 145 147 145 142
 143 143 141 140 140 141 141 140 139 139 140 141 138 137 135 132 134 139
 141 141 136 136 136 136 138 139 138 135 136 138 140 141 140 138 139 140
 142 139 136 136 138 139 137 134 135 136 137 138 140 142 143 141 141 143
 143 141 141 142 142 140 139 139 143 144 139 140 144 146 141 139 138 138
 137 136 137 138 138 140 140 141 142 144 144 141 140 142 142 144 145 146
 146  28]","[ 30  29 158 158 158 159 160 160 158 160 162 161 159 157 157 157 160 159
 159 158 159 159 159 158 154 154 155 157 158 157 155 155 153 154 154 153
 153 154 155 154 154 152 152 152 152 153 155 154 154 153 156 159 162 168
 171 171 169 166 164 163 162 165 169 171 167 162 160 161 161 161 160 157
 152 154 155 157 153 141 126 118 122 123 121 121 125 130 136 143 147 147
 146 147 146 145 145 145 145 144 145 145 142 139 141 146 146 148 146 144
 144 144 142 141 142 143 143 142 141 141 143 143 141 142 140 138 140 143
 145 143 143 142 139 137 138 140 141 139 137 139 141 141 139 138 140 142
 143 141 138 137 137 138 138 138 137 137 137 138 140 142 141 138 138 140
 141 139 139 141 140 139 139 139 143 143 139 139 141 140 140 139 139 139
 138 137 138 139 137 138 139 140 143 144 143 141 143 144 144 145 145 147
 147  30]","[ 29  29 160 160 159 160 161 160 158 161 162 161 160 159 159 158 157 157
 158 159 160 159 158 158 155 155 157 159 158 155 153 153 156 157 157 155
 155 156 156 155 155 153 153 152 152 153 155 153 154 153 156 160 162 167
 173 176 171 166 162 162 164 168 172 171 167 163 161 161 161 162 161 158
 154 154 155 156 155 148 136 126 122 123 122 122 123 126 137 150 150 149
 148 147 146 145 145 145 145 143 144 146 144 140 140 145 149 149 147 146
 146 146 143 143 144 145 144 144 144 144 144 144 143 144 145 144 144 145
 143 141 145 145 144 142 142 142 140 138 140 141 142 141 139 138 140 143
 143 140 138 137 138 139 138 137 135 137 139 140 140 140 139 137 135 136
 137 136 137 138 138 137 137 137 140 142 143 142 140 135 136 137 140 141
 141 140 139 138 138 137 137 139 142 143 144 143 145 146 145 146 146 147
 148  30]","[ 28  29 160 160 160 160 161 160 161 162 161 160 160 161 161 160 158 156
 156 159 159 157 156 156 155 156 158 159 158 155 154 155 158 160 159 157
 156 156 156 154 155 154 154 154 153 154 155 154 154 152 154 158 160 163
 171 176 171 168 166 165 166 170 172 171 169 166 164 163 162 163 162 157
 154 152 153 153 152 151 143 130 123 122 122 124 125 125 135 149 152 152
 152 152 150 148 147 147 146 146 148 149 147 142 142 145 150 150 148 148
 149 147 145 145 146 146 145 145 146 146 144 142 139 141 143 145 145 145
 144 144 142 143 143 143 143 143 141 138 143 143 142 141 139 138 139 141
 142 139 137 138 141 141 138 134 134 134 135 137 138 138 138 139 135 135
 135 136 137 137 137 136 135 136 137 140 144 144 139 135 133 137 141 142
 142 141 138 135 137 136 136 139 142 143 143 143 144 146 144 145 144 146
 147  29]","[ 30  30 161 160 160 161 162 162 164 162 159 155 156 160 161 160 159 155
 154 156 157 155 155 157 155 156 158 159 157 155 155 158 157 159 159 157
 156 157 157 155 155 154 154 155 154 156 156 154 154 151 152 155 156 159
 167 174 172 171 172 170 168 169 171 171 172 170 168 166 164 164 162 156
 156 153 153 153 152 153 146 131 126 122 120 126 128 125 129 140 152 153
 154 155 154 151 149 148 148 151 155 154 149 145 145 148 151 150 148 149
 150 148 146 146 146 146 146 146 147 146 143 140 142 142 143 143 143 142
 142 143 141 140 139 137 138 142 145 145 144 143 142 140 138 137 137 139
 140 139 138 138 138 138 138 137 136 132 130 132 135 136 137 137 138 136
 136 137 138 137 135 135 134 138 137 137 141 140 137 136 135 139 142 142
 141 140 138 134 134 134 136 140 143 143 142 142 142 145 144 144 144 146
 147  29]","[ 29  30 162 160 159 159 163 161 163 161 160 159 158 160 160 158 161 160
 158 156 157 158 159 158 157 156 157 158 157 156 158 161 158 156 158 159
 159 159 160 160 159 159 157 156 159 160 159 158 158 156 155 152 151 158
 167 172 172 174 173 172 171 170 170 172 170 170 169 166 165 164 162 159
 159 156 155 152 150 154 149 134 128 122 123 125 128 124 122 140 149 152
 154 154 151 150 153 152 149 153 157 157 151 148 149 150 151 149 150 150
 147 145 146 148 147 145 146 147 144 141 142 143 142 143 144 143 140 138
 138 139 142 141 139 138 138 139 139 138 140 139 139 137 137 137 137 137
 138 137 137 136 136 137 138 138 138 136 133 135 138 138 135 136 138 137
 136 137 137 137 137 137 138 137 137 138 138 136 134 133 137 140 141 140
 138 134 133 136 137 137 138 139 141 142 141 138 143 144 143 145 144 145
 146  30]","[ 29  29 163 162 162 161 165 163 164 162 161 161 161 161 161 158 159 161
 162 160 158 159 160 162 161 158 157 159 161 162 163 164 159 159 162 162
 160 160 162 163 162 163 162 162 164 164 161 159 161 163 163 158 154 158
 166 170 171 174 174 174 173 172 170 172 171 171 170 168 166 164 163 162
 159 155 154 153 152 155 153 144 129 121 121 122 126 123 121 137 149 152
 152 153 153 153 154 152 149 151 154 154 150 149 151 151 152 151 152 150
 148 148 149 148 147 143 142 145 146 147 146 144 143 143 143 143 141 140
 139 139 140 139 138 138 138 138 138 137 136 137 139 139 137 136 138 141
 139 138 137 137 137 137 137 137 140 137 133 133 136 137 136 138 137 136
 136 137 138 138 138 138 139 139 139 141 141 139 137 136 135 138 139 139
 137 135 134 136 138 138 138 137 137 138 139 138 144 144 142 142 142 145
 145  28]","[ 29  29 164 165 164 162 164 164 164 162 163 164 165 166 166 164 164 164
 164 163 161 162 164 166 167 164 162 164 167 168 169 169 164 165 168 168
 164 163 166 168 170 170 167 166 169 169 166 164 166 166 165 161 158 161
 166 167 171 175 176 175 174 173 171 172 173 173 172 170 167 165 163 162
 159 155 155 155 153 154 155 151 131 122 120 120 123 121 118 130 145 153
 153 153 155 155 155 154 154 153 153 152 150 150 152 151 151 152 152 150
 148 150 150 147 147 143 142 144 146 148 148 144 145 144 144 143 143 143
 141 140 139 138 138 138 139 139 137 136 132 134 137 139 138 136 138 141
 139 138 136 137 138 139 139 139 141 138 134 134 136 137 137 139 140 139
 138 138 138 138 138 138 139 139 140 142 143 141 139 138 134 137 138 138
 138 136 135 138 139 140 140 138 137 137 138 138 142 142 140 140 141 146
 147  29]","[ 30  29 167 168 168 165 166 167 167 166 167 168 168 169 170 169 171 167
 164 163 165 168 170 171 172 171 170 170 169 169 169 171 168 168 170 171
 167 166 168 169 171 170 165 163 165 166 166 166 166 165 163 161 159 160
 165 168 173 176 177 175 174 174 173 174 176 175 173 171 168 165 162 159
 159 157 157 156 154 153 153 149 137 127 122 120 122 120 117 124 138 153
 156 154 155 154 155 157 157 155 154 153 151 151 152 151 151 151 151 151
 150 151 150 146 145 144 145 144 144 145 147 145 146 145 144 144 144 144
 143 143 139 138 138 138 139 138 137 136 134 132 135 139 141 138 138 139
 141 139 136 136 138 140 141 140 140 139 136 136 138 138 137 139 138 138
 138 137 137 138 139 140 137 138 139 140 140 139 138 137 136 137 138 138
 139 137 137 139 139 141 143 142 140 139 138 138 140 141 139 140 142 146
 148  30]","[ 29  28 169 172 173 172 172 174 173 170 170 170 168 168 171 172 173 169
 165 166 170 173 174 174 173 173 172 172 170 169 168 168 169 167 168 168
 167 166 166 164 167 166 164 162 164 165 164 164 162 162 165 165 159 156
 163 170 172 175 176 175 175 175 174 175 176 174 172 171 170 167 162 158
 159 159 158 156 154 154 152 148 144 133 125 120 119 118 117 121 132 148
 154 154 155 154 154 156 155 153 154 153 151 151 152 152 152 150 151 153
 152 151 150 149 144 144 145 144 143 144 146 146 143 142 142 142 142 142
 143 143 140 139 139 138 139 138 137 136 136 135 137 141 142 140 139 140
 144 141 137 136 137 138 139 138 139 138 137 137 139 138 137 139 138 139
 137 135 133 134 136 137 137 138 138 138 138 138 138 137 138 139 139 138
 139 137 136 138 139 141 143 143 142 141 139 137 139 142 142 143 143 146
 146  28]","[ 29  29 172 173 175 175 175 177 175 172 172 172 170 170 174 176 175 173
 172 173 172 171 171 172 174 172 171 171 172 171 169 166 167 165 166 167
 166 165 163 161 162 164 166 167 170 169 165 162 161 161 165 167 162 157
 160 165 166 171 174 174 175 175 174 174 174 171 170 171 172 170 165 160
 161 161 159 156 155 155 153 151 146 136 125 118 115 115 117 119 127 140
 147 151 155 154 154 152 154 153 155 154 152 151 151 150 152 150 151 153
 152 150 150 150 148 145 145 145 144 145 144 142 139 139 139 139 139 139
 140 141 143 142 141 140 140 140 139 138 137 137 140 142 141 139 140 143
 143 141 138 136 137 138 138 138 138 137 135 136 138 137 136 138 139 138
 136 134 133 135 136 136 138 139 139 139 139 139 139 138 138 139 139 138
 138 136 135 137 139 140 140 140 140 140 139 138 138 141 142 145 145 146
 146  29]","[ 30  30 174 173 175 177 176 177 176 173 172 173 173 173 175 177 176 176
 176 176 173 169 168 170 175 173 171 170 171 171 170 168 167 167 168 170
 167 165 164 161 160 162 164 167 172 171 165 161 163 163 166 167 164 162
 162 161 164 170 173 174 175 176 174 173 174 171 169 171 173 171 167 164
 162 162 160 158 157 153 151 151 146 138 126 118 113 113 116 116 121 133
 143 151 155 154 154 151 154 154 156 156 153 151 151 149 152 150 151 150
 147 147 149 150 152 147 146 147 146 145 143 141 140 140 139 139 139 139
 139 139 144 143 142 142 142 142 141 140 138 139 140 140 139 138 139 141
 140 140 139 139 139 139 139 138 137 136 134 135 137 137 136 137 134 133
 131 131 135 140 140 138 136 138 140 140 140 140 139 138 138 139 138 137
 137 135 135 137 138 139 139 138 138 139 141 141 139 140 141 145 147 147
 147  30]","[ 29  30 174 173 175 179 178 179 178 174 173 174 173 172 173 172 176 174
 174 175 173 170 170 171 174 174 173 170 168 168 169 171 168 169 172 173
 169 166 165 164 165 165 164 167 172 173 169 165 164 167 170 168 164 165
 166 165 167 173 175 174 175 177 176 176 175 172 171 172 173 171 168 166
 163 163 162 162 158 150 146 148 145 139 130 122 115 113 116 114 117 129
 142 153 154 153 155 153 152 152 154 155 153 153 152 151 152 152 151 148
 144 146 149 149 150 147 147 149 147 145 145 145 142 142 142 142 142 142
 140 139 143 142 142 142 142 142 141 140 140 139 138 137 138 139 139 138
 140 141 143 143 142 140 138 137 136 135 134 136 139 137 135 136 136 134
 130 130 135 139 137 132 133 136 139 140 140 139 138 136 137 138 138 137
 137 135 135 138 136 138 139 138 138 140 143 144 142 141 140 145 147 146
 145  29]","[ 28  29 173 172 175 176 180 178 177 176 175 175 174 173 172 171 173 171
 172 174 174 170 168 170 172 172 172 171 171 171 171 170 167 169 171 171
 169 168 167 166 165 165 166 168 169 169 169 169 168 166 164 162 162 162
 163 165 172 174 175 175 175 176 176 177 175 174 173 173 173 172 171 170
 167 165 164 162 154 148 146 146 147 143 133 124 116 114 117 115 115 125
 144 150 153 156 154 154 153 154 153 152 151 152 153 153 152 151 149 148
 147 149 150 150 149 148 148 149 149 147 145 144 144 145 147 147 145 143
 144 147 143 144 145 145 143 140 138 139 142 139 138 139 140 140 139 135
 135 138 142 144 143 141 139 137 135 134 136 138 137 135 135 136 136 133
 132 134 137 137 135 133 131 133 137 142 142 140 138 137 138 137 136 135
 135 136 137 139 137 135 135 139 141 140 142 144 142 141 143 144 145 143
 145  28]","[ 30  29 174 172 175 175 178 175 175 175 175 175 175 173 172 171 170 165
 163 167 171 171 170 170 169 171 172 172 172 171 171 170 169 169 169 168
 167 168 168 167 166 165 164 163 165 168 170 171 165 164 163 163 162 161
 161 162 167 169 172 174 175 177 178 179 179 177 176 175 174 172 171 170
 170 164 162 162 159 155 151 147 144 143 139 129 119 116 113 110 111 115
 134 151 153 156 157 157 153 153 153 152 151 151 151 151 151 151 150 147
 146 148 148 148 149 149 149 148 148 147 146 145 144 145 145 146 144 142
 142 144 143 143 143 143 142 141 141 143 141 139 139 140 139 138 137 135
 138 138 139 139 139 137 136 135 133 131 131 134 136 136 135 135 137 135
 134 135 136 136 135 134 132 134 138 141 142 139 137 137 136 135 133 133
 134 135 137 138 138 138 138 138 139 140 142 143 145 144 143 143 144 143
 145  28]","[ 30  29 174 172 174 174 175 173 171 172 174 175 176 174 174 173 172 166
 162 164 169 171 171 171 170 172 173 172 170 168 168 168 166 167 168 168
 168 168 167 166 164 164 164 163 165 168 169 168 165 165 165 165 163 162
 161 162 165 169 173 175 177 178 179 179 180 178 176 175 174 173 171 170
 166 162 161 162 160 156 153 150 150 146 143 130 119 117 114 113 111 110
 126 153 154 155 157 155 153 153 153 152 152 151 151 151 152 153 151 148
 147 148 148 147 147 148 147 146 145 146 145 144 144 144 144 145 144 143
 143 144 144 143 142 142 140 139 139 141 139 138 140 140 138 138 139 138
 141 140 139 139 139 138 137 135 132 130 130 133 135 135 136 136 138 137
 137 137 137 136 135 136 133 135 138 140 140 138 137 136 139 137 135 135
 135 136 137 138 139 140 141 140 139 141 142 141 146 145 145 144 145 144
 146  29]","[ 29  29 176 173 174 175 176 175 171 171 173 175 177 176 175 174 173 171
 169 169 170 170 171 172 172 172 172 170 168 167 168 168 166 167 168 168
 167 166 166 165 166 166 166 165 167 169 168 165 164 164 163 162 161 159
 159 160 166 171 177 178 178 179 179 178 178 177 175 174 174 174 172 171
 164 161 161 161 158 156 154 152 148 144 147 137 128 124 115 115 114 111
 116 144 149 153 154 153 154 155 154 154 153 154 154 153 154 153 152 151
 150 149 148 148 146 147 146 144 144 146 146 144 142 142 143 144 145 145
 146 146 143 143 143 143 141 138 137 138 138 138 140 141 139 139 140 139
 140 140 141 141 142 141 139 137 133 134 135 136 135 134 136 138 138 138
 138 138 137 136 136 136 135 136 137 138 138 137 137 137 139 138 136 137
 138 138 138 138 138 140 143 143 142 141 141 140 143 143 145 145 148 146
 147  28]","[ 29  29 178 174 175 176 177 178 175 173 173 175 177 177 175 173 173 172
 172 172 172 171 171 171 171 171 171 170 170 171 170 170 172 172 170 166
 163 164 166 167 170 169 167 165 166 168 169 167 168 168 167 167 165 163
 163 163 163 171 179 180 178 178 179 179 178 177 175 174 174 174 172 171
 167 162 160 159 158 158 155 151 146 140 145 142 135 128 115 114 112 110
 106 129 143 153 153 155 156 156 155 154 154 155 155 155 154 151 149 151
 151 147 147 149 148 148 146 145 147 149 149 146 140 141 142 142 143 145
 146 146 143 143 143 144 142 141 141 142 142 141 141 142 140 139 139 136
 137 138 140 141 141 139 137 136 134 136 138 138 137 136 137 139 137 137
 137 138 139 138 136 135 136 137 137 137 136 137 138 138 136 135 135 137
 138 139 138 138 138 139 142 144 142 139 139 140 141 142 144 145 148 147
 148  28]","[ 29  29 179 175 174 175 175 177 173 172 171 173 176 177 175 173 174 173
 173 173 174 173 170 166 169 170 171 172 172 172 170 168 169 171 171 169
 166 167 169 171 168 167 166 167 167 167 166 165 164 164 165 165 164 162
 159 158 161 171 179 180 178 178 178 178 178 177 176 175 174 172 171 169
 167 164 162 160 157 155 153 150 148 141 143 141 134 125 112 108 107 110
 106 122 141 155 154 155 156 155 153 151 151 153 154 154 152 148 146 149
 150 146 145 148 148 147 146 146 148 149 148 145 142 143 143 143 143 145
 145 145 145 143 143 142 141 141 143 145 143 141 141 142 142 141 140 137
 139 139 139 139 138 137 136 136 135 135 136 138 139 140 138 137 138 137
 138 139 140 140 138 136 137 138 138 137 136 138 139 139 137 136 137 138
 138 138 137 136 141 140 141 143 142 139 139 143 144 144 145 145 148 148
 149  30]","[ 29  28 179 174 174 175 172 173 171 171 171 173 176 176 176 175 176 175
 173 173 174 174 170 165 168 170 172 172 171 170 168 166 165 168 171 172
 171 170 170 170 165 165 166 169 169 167 165 164 166 166 166 166 166 163
 160 159 160 170 178 180 178 179 179 177 178 178 178 176 174 172 170 169
 166 166 166 163 158 154 151 148 145 144 146 145 139 129 117 107 111 111
 111 119 136 152 153 153 156 154 152 150 151 152 153 153 152 148 146 147
 149 148 147 147 147 146 146 147 147 147 146 145 146 146 145 144 145 147
 147 145 145 143 141 140 139 139 142 145 144 142 143 144 144 144 143 140
 141 140 139 138 138 138 138 137 135 135 136 138 140 141 139 137 139 138
 139 140 141 140 139 138 138 139 139 138 138 139 140 139 140 139 138 139
 138 137 137 137 142 142 142 143 142 141 142 144 146 147 147 145 148 148
 149  30]","[ 30  28 180 175 175 176 171 171 173 173 174 176 176 175 175 174 174 175
 174 173 173 174 172 169 167 169 171 171 170 170 169 169 168 170 171 172
 171 170 168 167 169 167 166 168 169 166 166 168 168 166 165 165 164 163
 161 159 157 167 175 178 179 180 180 178 178 179 179 178 175 173 171 171
 171 168 166 166 163 160 153 145 147 148 146 143 139 136 132 123 119 112
 112 111 124 144 153 155 157 155 153 152 153 154 156 156 153 151 149 148
 150 152 150 147 147 148 148 149 148 146 145 145 148 147 145 145 147 150
 149 146 143 141 140 139 138 139 142 145 146 145 145 146 146 145 144 141
 140 139 137 138 139 140 138 137 135 138 139 139 139 139 138 138 138 138
 138 139 139 138 138 138 139 140 141 139 139 140 140 139 137 137 137 137
 138 138 138 139 139 141 143 143 143 144 144 144 146 146 147 145 148 148
 148  28]","[ 29  29 175 174 175 173 174 172 171 173 176 176 175 174 173 173 171 175
 177 175 173 173 172 171 172 172 170 166 166 168 169 169 167 168 169 169
 168 167 169 172 171 168 167 169 169 167 167 169 169 167 166 165 163 162
 161 161 164 168 175 179 178 178 180 180 181 181 180 178 175 173 172 172
 170 170 168 164 163 161 156 149 148 147 146 142 137 134 130 124 119 114
 112 111 117 139 156 156 154 155 155 154 154 154 154 153 153 152 149 146
 147 149 151 150 148 150 151 148 145 144 147 150 150 148 146 146 148 149
 148 145 145 142 140 140 138 136 138 142 144 145 145 144 143 143 141 138
 139 138 138 139 140 140 138 138 139 139 140 139 138 138 139 140 138 136
 137 139 138 138 140 140 143 141 138 139 139 137 139 138 137 138 138 138
 139 138 139 141 142 142 143 144 144 144 144 145 147 145 142 145 146 147
 146  30]","[ 29  29 175 173 174 173 173 171 169 172 175 176 175 174 173 173 172 175
 175 173 171 172 172 171 171 170 169 167 166 166 166 168 167 168 170 170
 168 167 169 172 171 167 165 166 167 167 166 167 169 167 165 165 165 164
 162 161 165 168 174 179 180 182 183 182 182 181 179 176 173 172 173 173
 171 172 169 166 163 162 158 154 152 149 147 144 139 136 131 125 123 119
 114 110 108 125 150 150 155 155 154 154 153 154 154 154 152 151 150 148
 149 150 150 149 150 151 152 150 148 147 149 150 149 149 147 146 147 149
 149 148 144 144 145 144 140 137 140 145 142 143 143 142 141 142 140 139
 139 139 139 141 141 140 139 139 142 141 141 140 139 140 141 142 140 137
 137 137 137 139 142 143 141 139 136 138 139 138 139 137 135 138 138 136
 137 139 141 143 145 146 145 143 142 144 146 145 143 143 143 146 147 146
 145  28]","[ 29  29 174 172 173 171 170 167 169 171 174 174 174 173 172 171 172 173
 174 172 171 172 171 170 169 168 168 169 167 165 165 168 167 168 169 169
 168 167 168 170 170 168 165 165 166 168 167 166 166 164 164 165 167 167
 165 164 164 165 170 177 180 183 183 182 180 180 178 177 175 175 177 178
 175 171 167 166 167 166 160 154 152 148 146 145 142 138 134 129 126 122
 111 104  97 111 145 154 156 154 153 153 153 153 154 155 153 151 151 152
 152 152 151 150 150 151 152 152 152 151 150 148 149 149 148 147 147 149
 151 152 148 147 146 146 144 142 142 145 143 143 142 141 141 142 141 140
 140 140 141 142 143 143 145 146 145 143 142 141 141 143 144 145 141 138
 137 137 137 140 143 143 140 139 135 138 140 139 138 136 133 137 135 132
 134 137 140 141 145 146 145 141 141 145 146 143 143 146 147 149 148 148
 147  29]","[ 29  29 174 174 176 174 173 169 171 172 172 173 173 173 172 170 170 171
 172 172 172 172 171 169 167 167 169 170 169 167 168 169 167 167 167 168
 168 168 167 167 170 169 167 166 167 169 167 165 164 163 163 165 166 166
 164 163 162 162 167 174 179 182 182 180 178 179 179 178 178 178 179 180
 176 171 167 168 171 169 161 154 153 148 145 145 143 138 134 130 124 121
 110 103  98 107 136 158 155 154 153 153 153 152 153 155 154 152 152 154
 154 153 152 152 148 149 151 152 153 152 149 146 148 149 149 149 149 151
 153 153 150 148 145 145 144 143 143 145 144 144 144 143 143 143 142 141
 140 139 138 138 139 141 143 146 145 143 140 140 141 144 145 146 141 138
 138 138 138 140 141 140 140 139 136 139 141 139 137 133 135 136 134 132
 134 136 137 138 141 142 142 141 142 145 145 142 143 146 146 147 146 147
 146  28]","[ 29  28 175 176 181 180 179 174 175 174 172 172 174 175 174 172 171 171
 170 170 171 171 170 169 168 170 170 170 169 170 169 167 167 166 166 167
 170 171 169 167 168 170 170 169 168 168 166 164 163 164 165 165 164 162
 161 161 161 162 167 175 179 181 181 180 179 179 179 178 178 177 177 177
 176 174 172 171 170 167 163 160 157 151 148 146 141 136 130 126 122 120
 116 110 109 110 122 151 154 154 154 154 154 153 153 154 155 152 151 153
 153 153 152 153 150 151 152 151 150 149 147 146 150 151 151 151 152 153
 152 150 147 147 146 144 142 141 144 147 145 145 145 146 146 144 143 142
 142 140 139 138 139 139 141 142 143 140 138 137 140 142 143 144 142 140
 139 139 138 139 140 138 141 141 138 140 141 138 136 131 138 136 133 134
 137 137 136 138 140 139 140 142 144 145 144 143 143 145 145 147 148 149
 148  29]","[ 29  29 175 176 180 179 178 174 176 174 172 172 174 176 176 174 175 173
 172 171 171 171 171 171 171 172 171 169 168 169 168 165 168 167 166 168
 171 173 172 169 167 170 171 170 168 167 165 163 163 164 166 167 166 164
 163 163 163 163 169 176 180 180 181 180 180 179 178 177 177 177 178 179
 179 177 174 171 170 168 165 163 159 154 150 146 140 134 130 126 123 120
 118 113 116 112 112 139 152 154 156 155 154 154 155 155 155 153 152 152
 153 153 154 154 154 154 153 149 147 147 147 148 153 152 152 152 153 152
 150 147 146 145 143 143 142 143 145 147 145 145 145 146 147 146 145 144
 144 143 143 143 143 143 143 144 143 140 138 138 140 142 142 142 145 143
 141 140 139 140 140 139 141 142 141 141 140 138 137 133 137 133 131 134
 138 137 136 138 142 140 139 141 143 144 145 145 144 145 145 149 152 153
 150  30]","[ 29  30 176 175 175 173 174 172 174 174 173 173 174 176 175 174 176 174
 173 173 173 173 173 173 172 172 171 169 168 168 167 167 169 169 169 169
 171 172 172 170 167 168 169 168 167 165 164 164 165 165 167 168 168 167
 167 167 165 164 168 176 179 180 181 181 180 179 179 178 179 179 180 180
 180 178 174 171 172 172 168 163 159 155 151 145 138 135 133 129 125 120
 117 114 114 111 110 125 152 156 158 156 155 156 156 156 155 154 152 152
 152 154 154 154 155 154 152 149 147 148 150 152 153 153 152 151 151 151
 148 146 147 145 143 143 145 147 146 146 146 144 144 145 145 145 144 145
 143 143 143 142 141 141 143 145 144 142 141 141 142 144 144 143 144 143
 143 142 140 141 142 139 140 143 141 140 137 135 136 135 133 131 129 130
 134 135 136 138 141 141 139 138 140 143 144 144 142 142 142 147 149 149
 148  29]","[ 28  30 177 174 173 171 175 175 173 175 175 175 175 175 175 174 172 172
 173 175 175 174 173 172 172 171 170 170 168 167 168 171 170 171 171 170
 169 170 170 169 167 167 167 167 166 165 164 165 167 167 167 168 169 168
 166 166 166 164 168 175 178 179 181 181 180 180 181 181 180 179 178 177
 178 180 179 176 174 173 169 165 160 157 152 144 137 135 134 131 124 120
 117 116 113 108 109 111 151 157 160 157 155 157 158 157 153 153 152 151
 152 154 154 152 151 152 151 150 150 151 153 154 152 152 151 150 149 149
 149 147 146 147 147 147 146 146 146 147 146 143 141 142 142 142 143 144
 146 146 145 142 138 137 141 145 145 143 142 143 144 146 145 145 141 142
 144 144 143 143 142 139 139 142 140 137 133 131 134 134 131 132 130 129
 132 135 138 140 138 140 139 137 138 142 143 141 145 143 142 146 147 147
 147  30]","[ 31  29 177 174 173 173 176 176 176 175 175 176 175 174 174 173 171 171
 171 173 174 174 172 171 173 172 170 168 168 170 173 174 172 171 168 166
 166 167 168 169 169 169 168 168 167 166 165 163 165 167 170 170 167 164
 163 163 164 166 168 171 176 179 179 177 180 181 181 181 180 180 176 172
 179 178 176 174 174 174 171 166 160 156 151 149 147 139 133 132 130 122
 117 114 112 110 108 106 138 157 158 157 154 155 158 157 157 155 151 151
 153 155 154 151 150 152 153 151 149 152 154 153 152 151 151 151 152 152
 151 150 148 149 148 146 145 146 148 150 150 149 146 144 144 144 144 143
 144 145 146 144 141 140 141 143 140 139 141 146 148 146 145 146 143 144
 145 146 148 148 144 139 140 140 140 139 136 135 135 133 132 131 131 134
 137 138 140 142 138 138 137 137 139 143 144 143 142 143 146 145 144 147
 150  29]","[ 28  28 179 178 176 175 177 177 174 174 176 178 177 176 175 173 171 170
 170 171 173 174 174 173 173 173 173 172 171 172 173 173 172 171 169 167
 166 167 168 168 166 167 168 168 168 167 165 164 162 164 166 167 167 165
 164 165 162 162 164 168 174 178 179 178 180 180 181 182 182 180 178 176
 179 179 177 176 176 175 170 165 162 159 155 150 146 142 138 134 128 121
 117 115 112 110 106 103 123 143 163 158 155 156 159 160 159 157 154 153
 153 154 154 153 150 152 154 153 150 152 154 153 152 151 151 151 151 150
 149 148 143 145 146 147 148 149 149 148 148 148 147 146 146 146 146 145
 146 145 143 142 142 141 141 140 139 139 143 148 149 146 144 144 145 146
 146 146 146 145 141 137 137 138 141 141 138 136 135 131 131 131 133 136
 139 139 139 139 136 136 135 135 138 142 143 143 141 142 146 146 145 146
 149  29]","[ 28  29 181 180 178 176 178 179 175 175 177 179 178 177 177 175 174 173
 172 172 173 174 174 174 171 172 172 172 171 171 171 171 172 172 171 169
 168 168 167 166 164 166 168 168 167 166 165 164 163 163 164 165 166 165
 164 163 163 161 161 166 173 178 180 180 182 180 180 182 182 179 179 180
 178 179 178 177 177 175 170 166 163 161 158 150 143 142 139 132 131 123
 117 114 113 114 114 112 113 129 163 159 158 157 159 161 158 159 159 158
 156 155 154 153 152 153 155 154 151 151 153 152 154 153 153 152 152 151
 149 147 146 146 147 149 151 152 150 147 146 147 148 148 148 148 148 147
 147 146 144 143 143 142 141 140 139 140 144 147 146 143 142 142 144 145
 144 143 141 140 137 135 138 137 138 138 136 136 136 134 132 132 135 138
 139 139 138 138 137 136 135 135 136 139 140 140 140 142 146 146 146 144
 148  29]","[ 29  29 181 179 178 176 178 178 175 174 174 174 172 173 175 174 176 176
 176 176 176 176 175 175 174 173 172 172 172 172 172 173 171 172 173 172
 171 170 168 166 165 167 167 167 167 166 165 164 166 165 165 165 165 164
 164 164 165 161 160 164 171 175 178 180 181 180 180 180 179 178 177 178
 177 178 179 178 176 174 170 167 165 162 160 154 146 145 143 134 126 120
 117 119 120 119 116 111 108 117 149 157 158 159 159 159 159 159 159 159
 157 155 155 155 154 155 157 156 152 151 152 151 154 153 153 152 152 151
 150 148 150 150 149 149 151 152 150 148 145 146 147 147 148 148 147 145
 145 146 146 145 143 142 141 142 141 142 142 143 141 139 140 142 142 142
 142 140 138 137 138 138 140 138 137 136 134 136 138 137 135 135 135 136
 137 137 138 138 138 137 136 136 136 137 138 138 141 142 144 145 146 144
 146  29]","[ 30  29 180 179 178 177 178 177 177 176 175 173 171 173 175 175 175 176
 178 179 179 178 177 177 174 171 169 170 171 172 172 172 171 172 172 171
 171 171 170 169 170 169 167 167 167 168 167 165 166 166 165 165 165 165
 166 168 164 160 158 162 168 172 176 179 179 180 180 179 177 177 177 176
 177 179 179 178 174 171 170 169 163 158 157 155 149 147 144 136 127 121
 120 123 124 122 116 110 103 106 128 155 158 159 159 158 160 157 155 154
 154 154 155 157 154 155 157 156 152 151 151 150 150 150 149 149 150 151
 150 149 150 149 148 147 148 149 149 148 147 146 145 145 147 147 145 142
 141 142 143 143 142 142 142 142 143 143 142 141 139 138 139 142 141 141
 140 139 137 137 140 142 141 140 140 139 137 137 138 136 137 136 136 135
 135 136 137 137 136 136 137 138 138 138 139 139 143 143 143 143 146 144
 146  29]","[ 29  28 180 181 180 179 179 178 179 179 179 177 174 175 177 175 174 176
 178 179 179 178 176 176 172 169 167 169 170 171 170 170 171 171 170 169
 169 171 173 174 173 171 169 168 169 171 170 169 168 167 167 167 166 166
 166 167 163 160 159 161 167 172 177 180 179 182 182 180 179 180 180 179
 179 179 179 177 173 170 169 170 163 158 155 154 149 145 141 135 131 125
 122 123 124 123 120 116 104 105 116 156 158 159 158 159 157 155 154 156
 157 156 155 154 152 152 154 154 151 150 151 150 149 148 148 149 150 151
 152 151 151 151 150 148 147 147 146 145 147 146 144 144 146 146 144 140
 140 139 138 139 143 144 144 142 143 143 142 141 140 139 139 141 141 140
 140 139 138 138 140 143 144 142 140 138 136 137 137 136 136 137 138 137
 137 137 137 136 137 137 138 139 139 138 138 139 144 144 143 142 146 145
 146  29]","[ 30  29 181 181 180 179 180 179 178 179 179 176 173 174 175 174 175 176
 177 177 176 175 175 175 175 172 171 172 173 172 172 173 172 171 170 169
 169 172 174 175 173 172 171 170 171 172 172 171 169 168 167 167 167 165
 163 162 162 161 161 162 167 173 179 183 181 182 182 182 182 183 184 184
 180 179 178 176 174 172 171 171 168 164 160 156 151 147 142 139 131 126
 124 124 123 121 119 116 111 108 111 152 158 161 157 158 156 155 155 159
 160 157 154 152 153 152 153 154 152 151 152 151 152 151 151 151 152 153
 152 152 153 153 152 150 149 147 146 145 147 145 143 144 146 147 145 142
 142 139 137 138 141 144 144 142 143 142 142 142 141 140 140 139 140 139
 139 139 139 139 141 143 144 141 139 137 135 136 137 136 134 136 138 138
 138 138 137 136 137 138 139 139 138 137 137 138 144 146 144 141 145 145
 146  29]","[ 30  29 180 178 176 175 178 179 181 181 180 177 174 175 177 176 174 175
 175 174 173 174 176 178 177 174 172 172 172 171 173 176 173 173 172 171
 172 173 173 173 172 173 172 172 172 172 171 170 168 166 166 167 168 166
 162 159 160 161 161 162 166 172 179 182 182 180 180 182 183 183 184 186
 180 178 176 175 175 174 173 172 167 165 160 154 151 148 145 144 141 134
 128 123 118 118 120 122 116 107 106 144 155 162 157 157 159 156 155 156
 156 155 154 154 156 154 155 156 154 154 154 153 154 154 153 153 153 152
 150 149 152 152 151 149 148 148 148 147 145 145 144 144 146 147 146 144
 143 142 140 138 139 140 142 143 142 142 141 141 141 141 140 139 139 138
 139 141 142 142 143 145 140 139 140 140 138 138 137 135 132 135 137 137
 137 137 136 135 135 136 137 139 138 137 138 140 143 147 145 141 144 145
 146  29]","[ 30  28 180 177 175 177 179 182 181 179 177 177 178 179 179 178 175 176
 177 177 176 175 175 175 173 173 173 173 172 172 174 175 175 174 173 172
 173 174 174 173 174 172 171 172 172 171 169 169 166 164 161 160 162 165
 164 160 160 161 160 160 163 170 176 179 180 180 179 180 180 180 182 184
 179 179 179 179 178 176 172 168 169 164 159 155 151 147 143 138 137 131
 125 122 118 115 111 107 109 104 107 131 151 157 154 157 159 157 154 154
 155 156 155 155 156 158 157 155 153 154 155 155 154 154 153 151 151 152
 150 147 145 147 149 149 148 147 147 147 145 146 146 146 146 147 145 142
 140 141 141 138 137 140 143 145 141 139 138 138 140 140 141 141 139 138
 140 142 144 146 144 139 138 139 139 139 138 135 133 131 131 132 133 133
 135 136 135 134 136 136 137 137 138 139 140 141 144 146 146 143 143 145
 145  30]","[ 30  29 183 180 180 181 181 183 181 181 180 179 178 179 179 179 179 178
 178 179 178 178 176 175 171 172 174 175 174 172 172 173 173 173 173 173
 174 175 174 172 173 172 170 170 171 171 170 169 164 163 161 163 167 170
 169 166 161 160 159 159 164 170 176 179 180 180 180 180 179 179 179 180
 180 180 180 179 179 177 174 171 171 167 163 159 154 150 144 136 133 130
 127 123 119 117 114 111 112 108 104 113 132 154 153 156 156 157 158 159
 159 158 155 154 156 156 155 153 153 154 154 153 152 153 153 152 152 153
 150 147 145 147 148 148 147 146 146 145 145 145 145 145 145 145 144 141
 141 141 141 139 138 140 141 141 140 139 138 138 139 140 140 141 140 139
 139 140 140 142 142 139 138 139 139 137 135 133 132 132 136 134 133 135
 134 131 132 135 136 136 136 137 137 138 139 140 139 141 142 143 144 146
 143  29]","[ 29  29 183 181 182 183 183 183 181 182 182 181 180 179 179 180 181 180
 180 180 181 180 178 177 174 175 175 174 172 171 172 173 173 173 174 174
 175 175 173 171 171 171 170 169 169 171 170 169 168 164 162 163 165 165
 163 161 160 158 157 158 163 170 176 179 181 182 182 180 179 179 179 178
 179 179 179 178 177 176 174 172 171 169 166 161 156 152 145 135 130 129
 127 123 118 117 117 113 111 110 106 107 122 155 153 152 155 156 157 157
 157 157 156 156 155 154 151 150 151 153 152 151 152 152 152 151 151 151
 149 146 145 146 147 146 146 146 145 144 145 145 145 145 145 145 143 141
 143 142 140 140 140 141 139 137 138 138 138 139 139 139 140 142 140 139
 138 138 138 140 142 140 140 140 138 136 133 131 131 132 137 134 132 133
 131 128 130 135 135 134 134 135 136 136 137 138 137 138 139 142 144 145
 142  28]","[ 29  28 180 179 179 181 181 182 181 182 183 182 181 179 179 179 180 179
 179 180 181 181 179 177 177 178 177 175 174 173 173 173 174 175 175 175
 176 175 174 172 170 171 171 169 169 170 170 167 168 165 164 165 165 164
 163 163 161 159 157 158 162 167 173 177 180 182 182 180 179 181 181 179
 178 179 178 177 176 176 175 174 171 169 166 160 156 154 148 139 133 131
 128 122 117 119 119 115 113 110 105 105 110 147 158 155 155 155 154 154
 155 157 158 158 155 153 151 151 152 153 153 152 154 153 151 149 149 150
 148 146 145 146 146 146 146 146 146 145 144 145 145 145 146 145 144 143
 144 141 139 139 140 141 138 135 135 137 139 140 140 139 140 142 139 137
 137 138 138 140 142 141 141 140 138 136 133 131 131 132 132 133 132 130
 129 131 134 135 134 133 133 134 136 136 137 138 139 138 139 142 144 143
 141  29]","[ 30  28 179 177 178 180 179 179 179 180 181 182 182 180 178 177 178 178
 179 179 179 178 177 177 176 177 178 179 179 177 174 171 176 176 176 175
 175 175 174 173 170 172 172 170 169 170 168 166 164 164 165 166 165 163
 162 163 162 161 159 159 160 162 167 173 178 180 180 178 178 180 181 180
 179 179 179 178 177 178 177 176 173 170 166 159 156 156 153 146 143 137
 130 122 119 121 121 116 111 108 103 104  99 131 158 156 156 155 154 154
 156 158 158 157 155 154 153 153 154 155 155 156 155 154 152 150 150 150
 149 147 146 147 147 146 146 147 146 146 145 145 145 146 146 145 144 144
 144 141 138 138 140 141 139 137 135 137 140 142 141 139 139 140 138 136
 136 138 139 141 141 139 140 139 137 136 136 135 134 134 132 132 132 132
 133 135 137 137 134 133 133 135 136 136 135 136 140 140 141 144 143 141
 140  30]","[ 29  28 181 179 180 181 179 177 179 179 180 181 181 180 178 176 178 179
 179 178 176 175 175 176 175 177 178 178 179 179 176 173 175 176 175 175
 174 174 174 173 171 172 172 170 169 169 167 165 162 164 166 166 163 159
 157 157 160 159 160 160 159 159 166 174 177 179 179 178 178 180 181 181
 180 180 179 179 179 179 178 177 173 170 165 159 154 154 153 148 148 141
 132 124 121 122 121 115 111 110 106 103  93 114 150 154 157 156 153 151
 153 156 157 156 154 153 153 154 154 154 155 156 153 152 152 152 152 151
 148 146 148 148 148 147 146 146 146 146 146 145 146 146 146 144 144 144
 146 143 141 141 143 144 142 141 137 139 141 142 141 139 138 138 139 136
 137 139 140 141 140 138 137 136 135 136 137 138 138 137 133 130 130 134
 135 134 134 136 134 133 133 135 135 132 131 132 137 139 142 144 142 140
 139  29]","[ 29  28 182 181 182 183 180 179 179 179 180 180 180 179 178 176 179 180
 179 178 176 175 176 176 177 178 178 177 177 178 178 177 172 173 174 174
 174 174 173 172 172 172 171 171 169 167 166 165 162 164 166 165 163 162
 161 160 159 159 160 161 158 158 165 174 178 178 179 179 179 180 181 181
 179 179 179 179 180 180 179 177 172 169 166 161 156 154 152 149 148 142
 135 130 126 124 121 117 118 113 107 100  91  97 132 155 156 155 152 150
 151 154 156 155 151 151 151 153 153 153 154 155 153 152 151 152 152 150
 147 145 148 149 148 147 145 145 146 146 146 146 146 146 146 144 143 144
 146 144 143 144 145 144 142 141 139 139 140 141 140 139 138 138 140 137
 138 140 140 139 139 138 137 136 135 135 136 137 137 137 131 128 128 132
 133 131 131 133 132 131 132 135 134 131 129 130 136 138 141 142 140 139
 139  29]","[ 29  28 182 181 182 183 182 181 180 180 180 180 179 178 177 177 181 180
 179 178 177 177 177 178 175 179 181 180 179 179 178 176 169 171 173 174
 174 174 172 171 172 171 170 170 169 166 165 165 166 166 164 161 160 161
 162 161 161 161 162 162 158 156 162 171 178 178 179 180 180 180 180 182
 179 179 179 180 181 181 179 177 173 171 169 166 161 157 154 151 148 144
 140 137 131 127 125 121 116 109 108 104  98  86 110 147 151 153 155 154
 155 156 156 154 151 150 150 152 154 154 154 155 155 153 151 151 151 149
 147 146 148 148 148 146 145 145 146 146 147 146 146 147 146 145 144 145
 143 141 142 143 143 141 138 138 139 139 139 139 139 139 139 139 139 137
 138 139 138 137 138 138 139 138 136 135 134 134 135 136 129 130 130 129
 130 132 132 131 130 130 132 135 135 132 130 132 137 138 140 139 137 138
 139  29]","[ 30  29 181 181 183 181 182 179 183 183 182 181 179 177 176 175 180 180
 181 182 181 180 179 178 179 176 177 179 178 177 179 180 174 171 171 175
 174 170 170 173 172 172 172 172 171 169 166 165 164 165 164 161 159 159
 162 165 166 165 163 161 160 158 160 165 175 178 180 179 178 179 179 179
 181 180 178 178 179 179 178 176 173 171 172 171 164 158 154 152 151 145
 139 135 131 124 119 121 116 111 109 103  97  88 100 142 150 154 154 156
 155 153 154 148 150 151 153 154 153 152 151 151 153 153 153 153 152 149
 147 147 146 147 147 146 147 147 147 146 146 146 146 146 146 145 144 142
 142 143 143 142 140 138 136 135 138 139 141 141 140 138 138 138 138 139
 135 134 138 138 137 139 137 136 136 135 133 130 130 130 129 130 131 132
 131 128 128 129 131 134 136 135 133 133 135 137 137 140 135 137 141 136
 136  30]","[ 31  27 185 182 181 179 181 179 182 182 181 181 179 178 177 176 178 180
 181 182 181 180 179 178 177 175 176 180 180 180 179 177 179 176 174 174
 173 172 171 171 171 172 172 173 173 172 170 169 165 166 165 163 161 162
 164 166 163 162 161 161 161 158 158 163 170 175 179 179 179 180 180 179
 180 179 179 179 179 179 178 176 175 173 171 167 163 162 159 154 148 145
 141 136 131 125 121 118 118 116 115 107  98  89  92 119 152 154 155 157
 155 152 153 150 153 153 154 153 152 150 148 148 153 153 153 152 151 149
 147 147 145 145 146 146 146 147 148 148 146 146 146 147 147 145 142 140
 141 142 142 142 141 139 138 137 137 138 139 139 137 137 137 138 137 136
 132 132 137 138 135 134 138 137 135 134 133 132 132 132 132 131 132 132
 131 128 128 129 130 133 136 135 134 135 137 139 139 137 138 136 134 140
 139  28]","[ 27  34 179 185 188 185 181 182 182 182 182 182 181 180 180 179 180 181
 183 183 182 180 178 178 177 176 177 177 177 178 179 178 177 176 173 171
 173 176 176 174 172 172 172 172 172 171 169 168 166 166 165 163 161 161
 162 162 161 160 161 163 162 156 155 159 169 174 178 179 179 179 178 178
 180 181 181 181 181 181 179 178 173 174 171 166 162 162 159 152 149 147
 144 139 132 130 126 119 115 116 117 109 101  95  93 104 137 151 153 151
 155 154 154 157 155 155 155 154 153 151 150 150 153 153 154 153 151 149
 148 148 147 146 146 146 146 144 145 147 146 145 145 147 147 143 139 138
 138 139 139 139 139 138 138 138 137 138 139 139 138 138 138 139 139 138
 136 136 139 138 134 132 137 135 133 132 133 133 133 133 133 131 130 131
 130 128 127 127 127 129 132 133 133 134 137 138 138 136 135 143 137 135
 137  28]","[ 32  25 189 182 181 181 180 180 182 182 182 182 181 181 180 180 180 181
 182 182 180 178 176 175 176 177 177 175 172 174 178 179 176 176 174 172
 173 175 174 171 173 173 172 172 171 169 168 167 168 167 166 164 163 163
 163 162 160 161 163 165 163 154 151 155 166 171 176 178 178 179 180 181
 180 180 179 179 180 180 179 177 173 174 173 166 161 161 159 154 152 147
 144 138 131 129 125 115 113 114 115 107 100  98  94  97 111 146 154 148
 157 156 150 156 154 153 154 154 153 151 150 151 151 151 152 152 151 148
 147 147 148 146 146 147 145 142 143 145 147 146 147 149 147 142 138 138
 138 139 140 139 138 138 139 140 137 137 138 139 139 138 138 137 136 138
 139 139 138 135 133 132 135 134 133 133 133 132 132 132 131 130 131 131
 130 128 127 127 125 127 129 130 130 132 135 136 138 135 131 132 137 139
 138  28]","[ 30  27 184 183 183 185 185 185 183 183 183 182 181 181 180 179 180 180
 180 180 180 178 176 175 176 176 177 176 174 175 177 176 176 176 176 176
 176 175 173 173 173 172 172 172 172 172 171 170 166 166 166 165 165 165
 164 163 161 163 164 165 161 154 152 157 168 172 177 179 180 180 180 180
 180 179 177 177 179 180 179 177 176 172 169 165 161 160 159 156 154 146
 144 141 135 132 127 117 114 113 112 106 100  98  97  96 103 135 153 150
 152 154 153 159 155 155 155 155 153 151 149 149 150 151 153 153 151 148
 147 147 147 146 147 148 147 144 144 146 146 145 146 147 144 139 136 138
 137 139 140 139 137 136 138 140 139 137 136 136 137 137 137 136 131 133
 136 138 136 134 132 130 132 133 134 135 134 132 131 130 130 131 133 134
 131 128 127 128 129 130 130 130 130 132 135 136 137 130 139 136 139 140
 134  29]","[ 27  30 186 187 185 182 182 182 183 183 182 182 181 180 179 179 180 180
 180 181 183 183 181 180 179 175 172 173 174 177 178 175 174 174 176 179
 178 175 174 175 171 171 170 170 171 171 170 170 168 168 167 166 166 166
 165 163 164 165 164 163 161 157 158 164 167 171 176 180 180 179 178 177
 180 179 178 178 179 180 180 178 180 174 171 172 170 166 160 155 152 145
 143 142 137 131 124 116 116 115 113 110 106 102 100 100 105 120 148 158
 150 150 154 154 154 154 155 155 154 151 150 150 151 151 152 152 151 148
 147 146 145 145 145 146 144 142 141 142 146 146 146 146 144 140 139 140
 139 141 142 141 138 137 139 140 142 139 136 135 137 138 139 139 136 134
 135 138 138 137 134 129 130 131 134 135 134 131 129 129 129 130 132 133
 131 127 126 127 131 131 130 130 130 132 133 133 134 132 132 134 134 135
 139  30]","[ 30  28 179 181 185 182 183 179 181 181 181 180 180 179 178 178 179 179
 180 181 182 182 182 181 180 175 172 173 175 177 178 177 178 177 178 178
 177 174 173 173 173 173 172 172 172 172 171 171 168 168 167 166 165 165
 164 162 162 163 162 161 161 160 161 164 166 169 174 178 180 180 180 180
 179 180 179 179 179 180 180 179 175 171 171 173 172 167 162 157 152 149
 146 144 140 133 127 122 116 116 112 111 108 103 100 100  96 103 133 152
 151 153 154 150 152 153 153 154 153 152 152 152 151 151 151 152 151 149
 149 149 147 147 146 146 145 144 143 142 142 142 142 142 141 140 139 140
 139 140 140 140 139 139 139 139 139 137 135 135 136 137 138 138 138 135
 135 137 136 136 135 130 130 130 132 133 132 131 129 129 129 129 130 131
 129 127 127 128 130 130 129 129 130 131 131 130 132 142 132 133 135 135
 127  32]","[30 30 31 26 31 30 25 31 30 30 29 29 29 29 29 28 29 29 29 29 29 29 29 30
 30 28 29 31 29 28 29 30 29 29 29 29 29 29 29 29 29 29 28 28 29 29 29 29
 29 29 29 29 29 29 29 28 28 29 29 29 30 30 28 29 28 28 29 30 30 29 28 29
 27 29 30 29 28 28 29 29 29 29 30 30 27 27 29 30 29 30 28 28 29 29 28 28
 29 31 28 30 32 29 27 29 30 27 29 28 29 31 27 30 29 29 30 30 29 28 28 29
 29 29 29 29 29 29 29 30 28 29 29 28 28 29 29 29 29 29 29 29 29 30 29 28
 29 29 28 29 30 30 29 28 28 28 29 30 30 30 29 29 30 27 29 30 27 29 30 28
 30 29 28 29 30 29 29 29 29 28 28 29 29 28 28 30 29 29 28 28 29 30 29 28
 28 27 29 28 28 30 29 29]"
