"[31 34 29 30 29 30 27 30 28 29 29 29 29 29 29 30 29 29 29 29 29 29 29 29
 28 29 30 29 28 29 29 29 29 30 28 28 29 29 28 30 30 29 28 29 29 30 30 30
 30 28 29 29 30 29 28 28 29 28 29 30 29 30 30 29 30 28 29 30 29 29 30 30
 30 30 30 28 27 27 28 29 29 28 28 30 29 29 29 29 28 29 30 29 29 29 29 29
 29 29 29 30 30 29 29 30 29 29 29 29 29 29 29 28 29 28 30 31 28 29 30 28
 28 30 29 28 29 29 29 30 29 29 29 29 29 29 29 29 30 30 30 29 29 29 29 29
 30 29 28 28 29 29 29 29 29 29 30 30 29 29 29 29 29 29 29 29 29 29 29 29
 29 29 29 29 29 29 29 29 29 29 29 30 30 28 28 30 31 30 29 29 28 28 30 30
 30 30 29 28 30 30 28 30]","[30 27 30 29 27 28 33 29 30 30 29 29 28 28 28 28 30 28 28 29 29 29 29 28
 31 30 29 28 29 30 30 29 27 29 29 30 30 28 27 30 28 29 30 30 29 28 28 28
 30 30 30 30 30 29 29 29 30 29 29 29 27 28 29 28 30 27 28 30 31 31 30 27
 27 28 29 29 30 31 30 29 30 29 30 30 28 28 29 28 30 29 29 29 30 31 31 30
 30 29 28 28 28 28 28 28 29 29 29 28 29 29 29 29 29 28 28 29 28 29 30 29
 28 30 29 29 29 29 28 29 28 28 28 28 29 29 29 29 28 28 28 28 28 28 29 29
 29 29 29 29 29 29 28 28 30 30 29 29 28 28 29 30 29 29 29 29 29 29 29 29
 28 28 29 30 30 29 29 28 30 28 28 28 28 28 29 31 26 27 29 31 31 30 29 28
 29 27 29 34 29 25 34 28]","[ 31  31 104 105 101 103  98 100 102 101 100 100 105 113 123 129 131 139
 151 160 164 166 169 171 167 168 169 168 167 166 166 165 169 168 165 161
 156 150 151 156 162 162 161 160 159 159 160 161 158 158 156 154 152 153
 153 153 150 148 147 145 142 142 143 141 139 138 139 139 136 133 132 130
 129 129 127 126 126 124 121 118 117 116 115 111 107 105 103 100  99  97
  95  94  95  96  95  93  93  92  91  93  93  92  90  89  87  86  86  86
  86  85  84  83  87  86  83  82  83  82  82  82  81  83  82  81  81  81
  80  81  81  81  81  81  81  81  81  81  82  82  82  83  83  83  83  82
  82  82  82  83  83  83  82  81  80  79  77  75  73  72  72  72  69  69
  68  68  68  67  67  68  67  67  67  67  67  66  65  65  61  59  58  59
  59  59  60  61  68  69  70  71  72  73  75  77  82  85  80  81  85  90
  86  28]","[ 31  30 109 108 106 106 110 109 106 106 106 105 104 103 103 103 102 105
 109 110 112 117 128 137 142 149 158 162 163 164 168 171 171 172 172 170
 164 155 153 157 167 166 165 165 165 165 163 162 166 165 162 158 156 158
 158 156 158 156 155 153 149 148 148 146 145 145 146 146 143 142 144 145
 143 141 139 137 136 136 133 131 131 131 130 127 123 123 121 117 114 112
 109 107 107 106 103 100  97  96  96  97  98  98  97  96  93  93  93  93
  93  92  90  89  87  87  83  82  84  84  82  83  83  85  83  81  81  81
  81  82  81  81  81  80  80  81  81  81  81  81  81  81  81  81  80  79
  81  82  82  83  83  82  81  81  82  82  82  81  80  80  81  82  77  76
  75  74  73  72  72  72  71  70  69  67  65  64  64  64  63  63  62  62
  62  61  60  59  61  60  59  58  58  60  64  68  74  81  82  79  78  79
  80  27]","[ 30  30 114 113 114 112 113 108 111 110 109 108 107 106 106 106 107 108
 109 109 109 107 106 106 102 109 115 119 120 123 128 131 132 135 142 150
 155 156 160 168 174 174 172 170 168 168 170 172 167 167 165 163 163 165
 164 161 163 162 162 160 155 153 152 149 150 148 148 150 150 152 153 153
 150 149 147 145 144 144 144 143 139 140 141 139 137 138 137 132 129 129
 127 125 123 121 117 114 114 111 108 105 103 102 101 102 102 100  98  98
  98  97  96  96  95  95  90  88  90  88  84  85  86  87  86  84  85  84
  82  82  81  81  81  81  81  82  82  82  82  81  81  81  81  81  80  79
  81  81  81  81  80  79  79  78  80  81  82  82  82  82  82  83  82  82
  81  79  79  78  79  79  79  78  76  73  71  70  69  68  68  68  67  66
  65  64  62  61  62  62  62  61  59  58  58  59  60  58  59  60  64  64
  66  32]","[ 28  28 128 119 115 116 111 116 114 114 114 114 114 114 112 110 111 110
 109 109 109 109 110 111 109 107 105 102 102 104 104 104 104 104 105 107
 111 113 118 125 128 137 148 156 160 163 168 172 171 171 171 171 171 171
 168 165 162 163 165 165 162 161 160 158 160 158 159 159 157 156 156 156
 160 160 159 157 155 154 153 152 152 152 152 150 147 146 145 141 143 143
 143 141 140 138 136 134 132 130 128 125 122 119 116 115 115 110 105 103
 101 100 100 100 103 102  98  96  95  93  90  89  89  91  90  89  90  88
  84  82  81  82  82  82  82  82  82  83  82  81  81  81  81  82  81  81
  81  81  80  79  78  77  77  77  79  79  80  81  80  79  78  78  80  80
  79  79  79  80  81  81  81  81  81  80  78  76  74  72  73  73  71  69
  68  68  68  67  64  64  64  64  62  60  59  59  54  58  61  55  56  59
  57  28]","[ 29  32 135 132 131 127 133 128 132 127 121 116 115 116 117 117 115 114
 112 111 109 109 112 115 114 111 108 107 109 111 111 109 110 111 111 111
 110 107 105 107 108 108 108 109 113 120 129 136 139 141 145 151 158 163
 166 168 168 169 171 171 168 166 165 163 164 165 167 166 162 159 161 162
 161 162 162 162 162 162 161 160 160 158 159 158 156 155 154 152 151 151
 150 148 148 147 146 145 139 138 138 139 139 138 136 134 132 127 121 119
 116 114 113 113 108 106 105 105 104 104 103 101  98  98  96  95  96  95
  91  89  89  89  88  88  88  87  86  86  83  82  81  81  81  82  82  82
  82  82  82  81  80  80  80  81  78  79  80  80  80  80  80  81  80  80
  80  80  81  82  82  83  80  80  81  81  80  79  77  75  74  75  74  72
  72  72  72  72  69  68  67  66  66  66  67  68  68  63  61  61  59  62
  58  30]","[ 29  29 157 150 147 147 145 143 140 138 136 136 137 136 132 129 124 122
 121 121 122 122 121 120 113 114 114 116 117 117 113 110 111 113 114 114
 114 112 112 114 117 113 110 110 112 112 109 105 105 105 106 108 111 114
 119 123 123 128 139 149 157 165 172 174 176 173 172 171 168 167 167 166
 164 164 164 164 165 166 165 165 167 165 164 165 162 161 161 160 161 159
 156 154 154 154 154 153 154 150 146 145 146 146 145 144 144 139 136 136
 135 132 130 130 126 121 120 119 115 114 114 110 108 106 101  98 100 100
  98  98  97  97  96  95  94  92  90  89  88  87  85  84  85  85  85  85
  81  81  82  82  82  82  83  84  82  82  82  81  80  79  79  80  79  79
  79  79  79  79  80  80  79  79  80  80  79  79  78  78  76  78  79  78
  77  77  77  76  76  74  74  73  73  73  73  73  71  66  63  67  61  66
  63  28]","[ 29  28 170 168 165 163 161 160 155 155 155 155 155 152 150 148 147 146
 142 138 138 140 137 132 130 130 128 126 125 125 123 121 118 118 119 121
 121 120 119 118 119 117 115 115 117 119 119 118 117 117 117 116 116 117
 113 108 110 110 110 109 108 109 113 117 130 133 134 140 153 160 161 163
 170 171 174 174 169 166 167 168 171 170 169 166 167 166 170 166 165 161
 162 164 161 161 163 163 160 159 157 155 156 154 153 154 150 150 147 146
 145 144 145 143 141 139 138 138 137 133 129 126 126 121 120 119 117 117
 114 106 104 104 105 105 102 101  99  96  95  96  96  93  91  91  90  88
  88  88  88  86  84  86  87  84  84  85  82  81  85  83  80  80  81  81
  80  79  79  79  78  76  75  78  81  80  78  78  77  75  75  76  77  77
  76  76  76  77  78  77  76  75  75  76  76  75  76  72  71  74  72  68
  69  28]","[ 30  29 172 171 169 168 167 167 165 165 165 165 164 162 160 160 159 159
 158 156 155 155 153 149 148 147 145 142 141 140 139 136 135 134 133 133
 132 131 130 130 131 128 126 126 126 125 124 124 124 123 121 121 122 122
 119 115 116 117 116 113 112 113 114 113 110 109 106 106 112 114 114 117
 123 126 136 145 150 154 160 164 165 166 171 173 173 168 171 169 166 162
 164 168 168 168 168 166 166 164 161 161 164 164 162 162 161 160 156 155
 154 153 153 151 149 147 146 146 147 146 144 142 139 136 135 134 133 135
 133 127 126 124 122 118 113 110 109 107 104 103 102 101 100  98  97  97
  97  96  95  93  90  90  91  90  88  89  87  87  89  87  84  84  84  84
  83  81  80  80  80  79  80  80  79  79  77  77  77  78  76  76  76  75
  75  75  75  76  77  77  76  75  75  76  76  75  76  75  74  74  73  72
  73  29]","[ 29  29 173 173 171 172 172 172 172 172 172 172 170 169 169 170 169 170
 170 169 168 167 166 166 162 160 157 154 153 153 151 149 148 146 145 143
 142 140 138 138 136 133 132 132 132 130 129 130 131 128 126 126 128 128
 127 124 122 123 121 118 118 120 117 113 116 114 111 111 113 113 113 117
 112 109 110 112 111 109 112 115 114 118 128 137 144 146 158 163 165 165
 169 172 172 172 174 174 167 166 165 166 168 169 168 167 166 165 160 160
 161 161 162 160 157 156 153 152 152 153 152 149 146 145 145 146 146 147
 146 141 140 139 137 133 129 128 128 127 125 117 111 111 112 108 101  97
 105 103 102 100  96  93  94  94  96  97  94  92  91  89  86  85  86  86
  86  84  83  83  83  82  82  81  81  83  82  79  78  80  78  77  76  75
  75  75  76  76  76  76  75  75  75  75  75  75  75  75  74  73  72  74
  74  29]","[ 29  29 173 173 172 173 174 174 174 174 175 174 173 172 173 175 173 172
 172 172 171 170 171 174 174 172 169 167 166 167 166 165 163 162 161 161
 159 156 154 153 152 148 146 145 143 139 137 139 140 137 134 133 134 133
 132 132 129 128 126 125 126 127 125 122 124 122 120 121 119 115 114 117
 118 113 112 112 110 107 109 111 110 109 108 106 105 103 110 111 113 121
 135 148 154 158 162 165 171 173 175 175 174 173 175 175 174 172 167 166
 166 165 165 164 163 164 162 160 161 163 163 160 158 157 155 154 154 154
 154 152 150 148 147 146 143 143 142 140 139 138 136 133 129 124 122 123
 120 116 115 115 110 106 105 106 104 104 102  99  99  98  97  97  96  95
  94  92  90  89  88  87  84  84  85  85  84  81  80  81  82  81  79  78
  78  78  77  77  75  75  75  75  75  75  75  75  74  74  72  72  71  73
  74  28]","[ 30  29 173 174 172 173 174 174 174 175 176 175 174 173 174 176 175 173
 173 174 174 173 174 176 174 173 171 169 169 171 171 169 169 168 168 168
 167 165 163 163 167 164 161 161 158 154 154 156 154 152 149 147 146 143
 142 142 139 135 132 132 132 131 131 132 129 127 128 130 127 124 124 126
 125 121 122 124 121 117 116 115 111 112 113 111 112 110 114 108 106 106
 105 106 109 112 115 118 125 128 136 142 146 154 163 166 169 169 167 169
 171 170 172 170 166 167 166 164 163 164 163 160 162 161 159 157 157 158
 159 160 157 155 154 154 153 154 152 149 144 146 146 143 140 139 139 139
 136 131 130 131 128 124 122 121 116 115 114 112 109 107 106 105 100  99
  97  97  97  98  97  96  94  96  94  90  86  86  87  87  86  85  83  82
  82  81  80  79  77  76  76  77  77  77  76  76  74  73  72  73  73  74
  74  29]","[ 29  30 174 174 173 173 174 174 174 174 175 175 174 173 174 175 175 173
 173 175 176 175 175 175 175 176 174 173 173 174 174 173 173 172 172 172
 171 171 172 173 172 169 168 168 167 166 167 170 167 166 164 162 161 160
 159 159 156 152 148 148 146 143 144 146 145 141 139 138 133 129 128 127
 133 130 130 130 128 125 124 122 116 118 119 118 120 119 119 110 110 112
 112 112 114 114 112 112 110 107 107 106 104 109 113 111 119 123 128 139
 146 150 155 157 168 169 170 169 168 169 170 169 163 166 166 165 164 161
 158 159 163 160 159 159 158 160 159 156 156 154 151 149 151 153 149 144
 146 142 142 144 142 139 137 135 133 132 131 129 123 119 116 113 114 112
 110 109 109 110 108 105 101 104 103  99  96  95  96  95  91  91  90  89
  88  87  85  84  83  81  80  81  81  80  78  78  77  76  75  76  77  77
  76  30]","[ 30  29 174 175 173 173 173 174 174 174 173 174 174 173 174 174 173 173
 173 174 175 175 175 174 174 176 175 174 173 173 173 172 172 172 172 172
 172 172 173 175 176 174 173 172 171 171 171 172 172 172 171 170 171 173
 172 170 172 169 167 166 165 163 162 163 160 156 154 153 151 151 152 150
 147 144 142 140 137 138 138 136 132 132 132 130 131 128 130 123 123 125
 122 119 119 118 116 118 118 114 113 111 108 112 115 112 104 105 105 108
 107 105 107 108 109 112 117 124 132 141 150 156 162 167 169 169 169 165
 162 165 167 165 163 162 161 161 161 158 155 156 156 155 154 154 154 154
 153 151 152 154 152 150 149 148 147 145 146 145 141 139 137 133 131 128
 124 120 118 116 112 109 109 110 111 110 108 105 104 103 100 100 100  99
  97  95  94  94  93  90  88  89  89  86  84  83  83  83  82  80  80  81
  79  30]","[ 30  30 175 176 174 174 174 174 176 175 174 174 175 175 174 175 174 174
 173 173 173 175 176 177 173 175 176 174 173 173 173 172 171 172 173 173
 173 173 173 174 173 173 172 172 172 173 173 173 174 174 172 171 173 176
 175 172 171 171 171 171 171 172 171 170 171 166 165 164 162 164 165 161
 161 160 158 155 152 152 150 146 145 144 143 140 137 132 133 129 131 131
 127 125 130 130 126 126 122 121 123 120 113 114 118 115 115 115 112 112
 109 107 111 114 114 112 110 106 103 103 107 112 113 118 120 124 131 137
 145 155 160 161 163 164 164 165 167 166 160 157 156 158 158 157 156 156
 155 154 156 157 156 155 155 154 155 151 152 151 147 147 147 144 142 141
 139 137 135 135 133 132 128 125 122 121 119 116 114 115 109 109 108 107
 105 103 102 102 103  99  96  97  96  93  90  89  89  91  89  84  83  85
  82  30]","[ 29  28 177 176 175 174 174 174 175 175 175 175 175 174 174 175 174 173
 173 173 174 175 175 175 175 175 175 174 175 176 175 173 172 173 173 173
 173 173 173 173 174 173 173 173 173 173 173 174 175 174 173 173 173 174
 174 174 173 173 172 172 173 174 175 175 175 174 174 173 174 175 175 174
 172 171 169 167 166 165 163 160 157 156 155 154 151 148 145 143 144 142
 139 137 137 137 134 129 131 129 128 130 131 129 124 120 122 121 120 118
 118 117 118 118 117 116 115 115 113 111 109 108 108 109 109 111 111 108
 107 112 115 116 120 126 130 137 145 150 158 161 163 160 164 167 161 162
 161 158 157 159 160 159 157 157 158 157 155 154 154 154 155 155 150 151
 150 148 146 145 144 142 143 145 141 135 133 132 129 128 128 125 123 119
 114 115 117 113 110 109 107 104 101 102 102  99  98  99  96  95  92  92
  93  29]","[ 29  27 177 176 176 175 175 174 175 174 174 174 174 174 175 175 174 174
 174 174 175 175 175 175 175 175 174 174 175 175 174 173 172 173 174 175
 174 173 173 173 173 173 173 173 173 173 173 173 174 174 174 174 174 174
 174 174 174 174 174 174 174 175 176 177 176 176 175 175 175 176 176 176
 174 174 173 172 172 172 171 169 169 169 168 168 168 167 166 165 160 159
 159 158 159 158 155 151 149 147 145 143 141 138 135 132 132 131 129 127
 125 125 124 124 124 122 122 122 121 119 117 117 116 115 115 116 115 112
 110 110 110 109 108 106 103 103 106 106 106 113 121 122 127 134 140 151
 154 157 162 166 167 166 166 166 160 160 161 161 161 160 159 158 159 159
 156 153 152 154 155 155 153 152 148 144 146 147 144 141 139 137 137 135
 131 129 129 127 125 122 119 116 114 116 115 111 106 107 105 104 101 100
  98  27]","[ 30  27 177 176 177 177 177 175 174 173 173 174 175 175 175 176 175 175
 175 175 175 176 176 176 177 175 175 176 176 174 174 175 174 175 176 176
 175 173 173 173 173 173 173 174 174 173 172 173 173 174 174 175 174 174
 173 173 175 175 174 174 175 176 177 177 177 176 176 175 175 176 176 176
 175 175 175 175 175 176 176 175 174 174 173 173 173 173 173 172 171 170
 169 168 168 169 168 167 164 163 161 158 155 153 152 152 149 147 145 142
 139 137 135 135 134 131 127 125 125 124 124 124 120 118 120 122 122 122
 121 116 115 116 117 114 112 113 115 114 106 107 109 107 106 105 107 115
 112 116 124 133 141 144 145 145 155 157 159 162 164 164 163 163 159 160
 160 158 157 158 158 157 157 159 156 153 153 152 149 148 147 145 147 149
 146 143 143 143 139 137 135 133 129 128 125 120 119 119 115 114 112 111
 110  30]","[ 30  28 178 178 179 179 178 176 175 174 174 176 177 177 177 176 175 176
 176 177 176 176 177 177 178 176 176 178 177 174 174 176 176 177 178 177
 175 173 173 173 174 174 174 174 174 173 173 173 173 173 174 174 174 173
 173 173 174 174 174 174 175 175 176 176 176 176 175 175 175 175 175 175
 174 175 175 175 175 175 175 175 175 174 173 173 172 172 171 171 174 174
 173 171 170 171 172 173 173 173 172 170 169 168 170 171 164 163 161 159
 156 154 153 152 153 149 143 139 136 134 131 130 131 127 128 128 125 126
 125 117 124 125 125 121 119 121 122 118 117 115 115 115 115 114 110 110
 106 105 105 107 108 107 105 103 105 108 115 124 133 141 147 149 161 164
 166 166 165 164 164 163 159 161 160 159 158 156 154 154 154 152 151 152
 150 148 148 148 144 145 147 145 141 139 139 137 138 137 132 131 128 126
 123  30]","[ 30  28 179 179 180 180 179 178 178 177 177 179 180 179 178 177 176 176
 177 178 178 178 178 179 178 177 177 178 177 175 175 177 178 179 179 178
 176 175 175 175 176 175 174 174 174 173 174 174 173 174 174 174 173 173
 173 173 174 174 174 174 174 175 175 175 175 176 175 175 175 175 175 175
 175 176 176 175 175 175 174 174 174 174 174 174 174 174 174 173 173 174
 175 176 174 173 172 172 172 172 172 171 171 171 171 172 171 171 170 170
 170 170 169 169 166 164 162 161 159 157 153 150 151 147 146 143 137 137
 137 130 129 130 130 127 125 128 129 124 120 123 123 122 119 118 117 113
 115 115 114 111 109 108 109 110 106 106 106 106 106 106 105 105 104 109
 115 120 126 134 142 147 154 153 152 154 160 162 161 162 158 157 155 153
 154 154 153 152 152 151 151 149 146 146 148 147 145 145 143 144 142 139
 136  30]","[ 29  29 179 179 179 179 180 179 180 179 179 181 181 180 179 179 177 178
 178 179 179 179 179 179 179 178 178 179 178 177 177 178 179 179 179 178
 178 177 178 178 178 177 176 176 175 175 175 176 175 175 174 174 173 173
 174 174 175 175 175 174 174 175 175 175 175 176 176 175 175 175 175 175
 176 176 176 175 175 175 175 174 173 173 174 174 175 175 174 173 172 173
 174 175 174 173 172 173 174 174 175 175 175 175 174 173 172 172 172 173
 173 173 173 173 170 170 169 169 170 171 171 170 167 164 164 161 156 157
 157 154 151 150 147 142 139 140 137 131 130 131 129 126 122 122 124 120
 122 121 119 117 117 118 118 118 115 115 115 114 114 113 111 110 108 110
 110 107 104 105 107 109 107 107 108 113 122 128 133 138 153 155 153 153
 157 158 158 158 156 154 154 155 155 154 152 148 148 147 144 146 144 144
 144  30]","[ 29  29 179 178 177 177 179 181 181 180 180 181 181 180 180 180 179 179
 180 180 180 180 179 179 180 180 180 179 179 179 179 179 180 179 179 179
 179 179 179 179 179 178 178 178 178 177 177 177 177 176 175 175 175 175
 175 175 176 176 175 175 175 175 175 175 174 175 176 175 174 175 175 175
 176 176 175 175 176 176 175 174 175 175 175 176 176 175 174 173 175 174
 174 174 174 174 175 176 173 173 173 174 175 174 173 171 172 172 172 173
 173 173 172 172 175 174 172 170 170 171 171 171 172 172 171 169 167 166
 166 165 165 163 161 159 158 159 156 150 151 150 145 143 139 137 138 132
 132 129 125 124 125 126 124 120 121 120 120 119 119 118 117 116 115 117
 117 115 113 111 109 107 110 109 107 106 105 103 103 107 109 112 115 121
 130 135 139 145 145 146 151 156 158 158 158 156 153 153 149 150 148 148
 150  29]","[ 29  29 179 177 175 175 179 181 181 180 180 180 180 180 180 181 181 181
 181 181 181 180 179 178 179 180 179 178 178 179 179 179 181 180 180 180
 180 180 179 178 180 179 179 180 179 178 178 178 178 177 177 176 177 177
 176 176 176 176 176 175 175 175 175 175 175 176 176 175 175 175 176 176
 176 175 175 175 176 177 176 175 175 175 175 175 176 176 175 175 174 173
 174 176 177 176 175 175 174 174 175 175 175 174 173 172 172 173 174 175
 175 175 175 175 172 174 175 175 175 175 173 170 171 172 172 172 173 172
 171 172 171 169 168 168 170 171 168 162 162 161 159 162 157 152 154 149
 147 146 143 140 139 138 136 133 131 129 127 126 125 125 124 124 122 123
 123 123 122 121 118 115 116 113 111 113 115 111 107 107 107 106 102 101
 101  97  97 104 106 109 114 118 118 120 127 131 143 147 149 154 154 155
 156  30]","[ 29  29 180 178 177 177 179 180 181 180 180 179 179 180 180 181 182 181
 180 180 180 181 181 180 180 180 180 179 179 179 179 179 180 181 181 182
 181 181 180 180 180 179 179 179 179 179 179 179 179 179 179 179 179 179
 179 179 177 177 176 176 176 176 176 176 176 175 175 175 175 176 178 178
 176 175 175 176 176 176 175 175 176 176 176 176 175 175 175 175 175 175
 176 177 177 176 175 176 175 174 174 175 175 173 173 173 174 174 174 174
 174 173 174 174 174 174 174 174 174 174 173 173 172 172 172 172 172 172
 172 172 171 171 171 171 171 171 171 171 168 167 166 166 166 165 165 165
 162 161 161 160 157 153 153 154 148 147 145 143 140 137 134 131 128 127
 125 124 123 123 123 122 122 121 120 118 117 117 117 118 115 115 115 114
 111 109 107 107 102 102 104 104 103 103 102  97 102 106 105 112 120 130
 125  32]","[ 29  28 179 178 177 177 179 180 180 180 180 179 179 180 180 181 181 180
 180 180 180 181 181 181 180 180 179 179 179 179 179 180 180 181 182 182
 182 181 181 181 180 180 180 180 180 180 180 180 179 179 179 179 179 179
 179 179 179 179 178 178 178 178 178 178 177 177 177 177 177 178 179 179
 177 177 177 178 178 177 177 177 177 177 177 177 176 175 175 175 176 176
 177 178 178 176 175 175 174 174 174 175 175 174 174 174 174 174 175 174
 174 174 174 175 175 175 174 174 173 173 173 172 174 174 173 174 173 172
 171 172 173 172 172 172 172 172 172 172 171 170 169 169 170 169 169 169
 168 167 167 167 167 166 167 167 160 160 159 158 156 155 152 150 148 146
 144 140 137 135 132 131 124 125 124 121 118 116 117 118 118 119 119 119
 119 118 118 118 115 115 114 112 110 110 110 107 103 106 103 102 100 105
 105  24]","[ 29  28 179 179 178 178 179 179 179 179 179 179 179 179 179 180 180 179
 179 179 180 180 181 181 180 179 179 179 179 179 180 180 180 181 181 181
 181 181 180 181 180 180 180 180 181 181 181 182 180 179 179 179 180 180
 180 179 179 179 179 179 179 179 179 179 178 178 178 178 178 179 179 179
 179 178 178 179 180 179 178 178 179 179 178 178 177 177 176 176 178 178
 178 179 179 177 176 175 174 174 174 175 175 175 175 175 175 175 176 175
 174 174 175 176 175 175 175 174 174 173 173 173 173 173 173 173 173 172
 172 172 173 172 172 172 173 173 173 172 171 170 170 171 171 171 171 171
 170 169 168 168 169 170 170 169 168 168 168 168 167 167 166 165 164 163
 161 159 156 153 151 149 148 145 142 139 138 135 132 130 123 123 123 122
 121 120 119 119 122 121 121 118 116 117 118 116 120 119 117 114 111 111
 110  31]","[ 29  28 179 179 180 179 180 179 179 179 179 179 179 179 179 179 179 179
 179 179 180 180 180 181 181 180 180 180 180 180 180 180 180 180 181 180
 180 180 180 180 180 180 180 180 181 181 181 181 180 179 179 179 180 180
 180 179 179 179 179 179 179 179 179 179 179 179 179 179 179 179 179 179
 179 179 179 179 180 179 179 179 179 179 179 179 179 178 178 178 179 179
 179 180 180 178 177 176 176 175 176 177 177 176 177 177 176 177 177 176
 175 174 175 176 175 175 175 175 175 175 175 175 174 173 173 173 173 172
 172 172 173 172 171 171 172 173 173 172 171 170 170 170 171 171 171 171
 172 172 170 169 169 171 170 168 167 168 168 168 168 169 168 168 165 165
 165 165 164 162 162 161 164 161 158 157 157 155 151 148 146 144 142 140
 138 136 134 132 130 128 128 126 124 124 124 121 123 120 119 118 118 119
 116  30]","[ 29  28 179 180 180 180 180 179 180 180 180 180 180 180 180 180 180 180
 180 180 180 180 180 180 181 181 181 181 181 181 180 180 180 180 181 180
 180 180 180 180 180 180 180 180 180 180 180 180 180 179 178 179 180 180
 180 179 180 180 180 179 179 179 179 179 180 180 180 180 180 180 180 180
 180 179 179 179 180 180 180 180 180 180 180 180 180 180 179 179 180 179
 179 180 180 179 178 178 178 178 178 179 179 178 178 179 178 178 178 177
 176 175 175 176 176 176 175 175 175 175 175 175 177 176 175 175 174 173
 173 173 173 172 171 172 173 173 173 173 172 171 170 171 171 171 171 171
 171 172 172 171 171 172 172 170 169 170 170 169 169 169 169 168 166 167
 168 168 168 167 166 166 163 165 166 165 163 161 162 162 162 159 156 155
 155 154 152 149 148 146 144 142 140 138 136 132 131 130 129 125 122 124
 124  28]","[ 29  29 180 180 180 180 180 179 180 180 180 180 180 180 180 180 179 180
 180 180 179 179 179 179 180 180 180 180 180 179 179 179 180 180 180 180
 179 179 179 180 180 180 180 180 180 179 179 179 180 179 179 179 180 180
 180 180 180 180 180 180 179 179 179 179 179 179 180 180 180 180 180 180
 180 180 179 180 180 180 180 180 180 180 180 180 180 180 180 180 181 180
 180 180 180 180 180 180 180 180 180 180 180 179 179 180 179 179 179 178
 177 176 176 176 177 177 176 176 175 175 175 176 175 175 174 175 175 174
 174 175 174 173 172 172 173 173 173 173 173 172 172 172 172 171 171 171
 170 171 172 171 171 171 171 171 171 172 172 171 170 170 170 170 170 171
 171 171 171 170 169 169 166 167 168 168 167 166 166 166 168 166 164 164
 166 166 164 162 165 161 158 157 155 154 152 149 148 149 147 143 138 140
 141  28]","[ 29  29 180 180 180 179 179 179 179 179 179 179 179 179 179 179 179 180
 180 180 179 179 179 179 181 180 179 179 179 179 179 180 180 180 180 180
 179 178 179 179 179 179 179 179 179 179 179 179 180 180 179 179 180 180
 180 180 180 180 180 179 179 179 179 179 179 179 179 179 179 179 180 180
 180 179 180 181 181 181 180 180 180 180 180 180 181 181 180 180 181 181
 181 181 181 180 180 181 181 180 180 181 181 180 180 180 180 180 179 179
 179 179 178 178 179 178 178 177 177 177 177 177 175 175 175 175 175 175
 175 176 175 174 173 173 173 173 174 174 174 173 172 172 172 171 171 171
 173 173 173 173 172 171 171 172 171 172 172 171 170 170 171 171 170 170
 170 170 170 170 169 168 171 169 168 168 169 168 166 165 166 165 165 165
 166 166 165 165 167 165 164 164 162 162 163 162 163 162 159 161 159 159
 159  29]","[ 29  28 179 179 179 179 179 178 180 180 180 180 180 179 179 179 180 181
 181 181 181 180 181 181 182 182 181 180 180 181 182 183 181 181 181 180
 179 179 179 180 179 179 179 179 179 179 179 179 180 180 180 180 180 180
 181 181 181 180 180 180 179 179 179 179 179 179 179 180 180 180 180 181
 179 179 180 181 182 181 180 179 179 179 180 180 181 181 181 182 181 181
 182 182 182 181 181 181 181 180 180 181 181 180 180 181 181 180 179 179
 180 180 180 179 180 179 179 178 178 179 179 180 181 180 179 178 177 176
 176 176 177 176 176 175 175 175 175 175 174 173 172 172 172 172 171 171
 173 172 171 172 172 171 171 173 170 171 171 171 170 171 172 172 172 172
 171 171 171 171 170 169 170 171 171 171 169 168 168 169 166 167 169 169
 168 168 168 168 165 165 166 167 165 165 166 166 166 164 160 165 162 162
 165  29]","[ 29  29 180 180 180 179 179 179 179 179 179 180 180 179 179 179 179 179
 180 180 180 180 181 182 181 181 180 180 180 180 181 181 180 181 181 181
 180 179 179 179 180 180 180 180 179 179 179 179 180 181 181 180 180 180
 181 181 181 180 180 179 179 179 179 179 179 179 179 180 180 180 180 180
 180 179 179 180 180 179 179 179 178 179 180 180 180 180 180 180 181 181
 181 181 181 181 181 181 180 180 180 181 182 181 180 179 179 179 180 180
 180 180 180 179 181 180 179 179 179 179 179 179 179 179 179 179 179 178
 178 178 176 176 176 176 176 175 175 174 176 174 172 171 172 173 173 173
 172 172 172 172 172 173 173 174 173 171 171 171 172 172 172 172 172 172
 172 172 172 172 171 171 170 171 171 171 171 170 169 169 168 169 169 168
 168 168 169 169 167 166 166 167 168 168 167 167 167 167 166 167 166 167
 166  29]","[ 29  29 179 179 179 179 180 179 179 179 179 180 180 179 179 179 179 179
 180 181 181 181 182 183 182 181 181 181 180 181 181 181 181 181 182 181
 180 180 180 180 180 180 179 179 179 179 179 179 180 181 182 181 181 181
 181 181 180 180 179 179 179 179 179 179 179 179 180 180 180 180 180 180
 180 179 179 179 179 179 179 180 178 180 180 180 180 180 180 180 180 180
 181 181 181 180 180 180 180 180 181 181 181 180 180 180 179 180 180 181
 181 181 181 180 181 180 180 180 180 180 180 179 179 179 179 179 179 179
 179 179 179 179 178 178 178 178 177 176 177 176 174 174 174 174 174 174
 174 174 174 174 174 174 174 174 174 173 172 172 172 172 172 173 172 172
 172 172 172 171 171 171 172 171 171 171 171 171 170 169 169 170 170 169
 168 168 168 168 168 167 168 169 170 170 168 168 168 168 168 168 167 168
 167  30]","[ 30  29 179 179 179 179 180 179 179 179 179 179 179 179 179 179 179 179
 179 180 180 180 181 182 182 181 181 180 180 180 180 180 180 181 182 181
 180 180 181 182 180 180 180 179 179 179 179 179 180 181 181 181 181 181
 181 181 180 179 179 179 179 179 179 179 179 179 180 180 180 180 180 180
 180 179 179 179 179 178 179 180 179 180 180 180 180 180 180 180 180 180
 180 180 180 180 180 180 179 180 181 181 180 180 180 180 180 180 180 181
 181 181 181 181 180 180 180 180 181 180 180 179 179 179 179 180 180 180
 179 179 180 180 179 179 179 179 178 177 178 177 176 176 176 175 175 175
 176 176 175 175 175 175 174 174 176 174 173 173 173 173 173 174 174 174
 173 172 171 171 172 172 173 172 171 171 172 172 171 169 171 171 171 170
 169 169 169 169 168 168 169 170 171 171 169 168 168 169 169 169 167 167
 167  30]","[ 30  29 179 179 180 180 180 179 179 179 179 179 179 179 179 179 178 178
 179 179 179 179 179 180 181 181 180 180 180 179 179 179 179 180 181 180
 179 179 180 182 181 181 180 180 180 180 180 180 179 180 180 180 180 180
 180 179 179 179 179 179 179 179 179 179 179 179 179 179 179 180 180 180
 180 179 179 179 179 179 179 179 179 180 180 180 179 180 180 180 179 180
 180 180 181 181 181 181 180 180 181 181 180 180 180 180 179 180 180 180
 181 180 180 180 179 179 179 179 180 180 179 179 179 179 179 180 180 180
 180 179 179 179 179 179 179 179 178 178 178 178 179 179 178 177 176 177
 177 177 177 177 176 176 176 175 176 175 175 175 175 175 175 176 175 175
 175 173 172 172 173 174 174 173 172 171 172 172 171 171 171 172 172 171
 171 171 171 170 169 168 169 170 171 170 169 169 170 171 170 170 168 167
 166  29]","[ 29  29 180 180 181 181 181 179 179 179 179 179 179 179 179 179 179 179
 180 180 180 179 180 181 181 180 180 180 180 179 179 179 179 180 180 180
 179 180 181 182 181 181 180 180 180 180 180 180 179 179 180 179 179 180
 179 179 179 179 179 179 179 179 179 179 179 179 179 179 179 179 180 180
 179 179 179 180 180 179 179 179 178 179 180 179 179 179 179 179 179 179
 180 180 180 181 181 181 181 180 180 180 180 181 180 180 180 180 180 180
 180 180 179 179 179 179 178 179 179 179 179 179 179 179 179 179 180 180
 180 179 179 179 179 179 179 179 179 178 179 180 181 181 180 178 178 179
 178 178 178 178 178 178 178 178 176 176 176 177 177 177 176 177 177 177
 176 175 173 173 174 176 174 174 173 173 172 172 173 173 173 174 174 173
 172 172 172 172 170 169 170 171 171 170 169 169 171 172 172 172 170 169
 167  29]","[ 29  29 180 181 182 181 181 179 180 180 179 179 179 179 179 179 179 179
 180 180 181 180 181 182 181 181 180 180 180 180 180 180 180 180 180 180
 180 181 181 182 180 180 180 179 179 179 180 180 180 180 180 179 179 180
 180 179 179 179 179 180 180 179 179 179 179 179 179 179 179 179 180 180
 179 179 179 180 180 179 179 179 178 179 180 179 179 179 179 179 179 179
 179 180 180 180 180 180 181 180 180 180 180 181 180 179 181 181 181 180
 180 179 179 179 180 179 179 179 179 180 180 180 180 179 179 179 180 180
 179 179 180 179 179 179 179 179 178 178 179 180 180 181 180 179 178 179
 179 178 178 178 178 178 178 178 176 177 178 179 178 177 177 177 178 178
 178 176 175 175 176 176 175 175 175 175 174 174 174 175 175 176 176 175
 174 173 173 172 172 172 172 172 172 171 170 171 171 171 171 172 171 170
 169  30]","[ 29  29 181 181 181 181 181 180 180 180 180 180 179 179 179 179 179 179
 179 180 180 180 180 181 180 180 180 180 180 180 180 180 180 180 180 181
 181 182 182 182 180 180 179 179 179 179 180 180 180 180 179 179 179 180
 180 179 179 179 179 180 179 179 179 179 179 179 179 179 179 180 180 181
 179 179 179 180 180 179 179 179 179 180 180 179 179 179 180 179 179 179
 180 180 180 180 180 180 181 181 180 180 180 180 180 180 181 181 180 180
 180 179 179 179 179 179 179 179 180 180 180 180 180 179 179 179 180 180
 179 178 179 179 178 178 179 179 178 178 179 179 179 179 179 178 178 179
 179 178 178 177 177 177 178 178 176 177 178 179 178 177 177 178 178 178
 178 178 177 176 176 176 176 176 176 176 176 177 177 176 176 177 177 176
 175 174 174 173 175 174 175 175 174 173 172 172 171 171 171 172 172 172
 169  30]","[ 29  29 180 181 181 180 181 181 180 180 180 180 179 179 179 179 180 180
 180 180 180 179 180 181 179 179 180 180 180 180 180 180 180 180 180 181
 182 182 182 181 181 180 180 179 179 180 180 180 180 180 179 178 179 179
 180 179 179 179 179 179 179 179 179 178 179 179 179 179 179 180 181 181
 180 179 179 179 179 179 179 180 179 180 180 180 179 180 180 180 180 180
 180 181 181 181 181 180 181 181 181 180 179 179 179 180 180 180 180 180
 179 179 179 179 179 179 179 179 180 180 180 179 180 179 179 179 180 180
 179 178 179 179 178 179 179 179 179 179 180 179 178 179 179 178 179 180
 180 179 178 177 177 177 178 178 176 176 177 178 178 178 178 179 178 178
 178 178 178 177 176 176 177 177 176 177 178 179 178 177 175 177 177 176
 176 175 175 174 176 176 176 177 176 174 172 172 172 172 172 173 173 173
 170  30]","[ 29  29 181 181 181 181 181 181 181 180 179 179 179 179 179 179 180 180
 180 180 180 180 180 181 180 180 181 181 181 181 180 180 180 180 180 179
 180 181 181 181 181 180 179 179 179 179 180 180 180 180 180 179 178 178
 179 179 179 179 179 179 179 179 179 178 179 179 179 179 179 179 179 179
 179 179 179 179 179 179 179 179 179 180 180 180 179 179 179 180 179 180
 181 181 181 180 181 181 182 182 181 180 179 179 180 180 180 180 180 180
 181 181 180 180 179 179 179 180 180 180 181 181 179 179 179 180 179 178
 178 179 180 179 179 179 180 180 180 180 180 180 180 180 179 179 179 180
 180 179 178 177 176 176 176 175 176 177 178 179 180 179 179 178 179 178
 178 179 178 177 176 177 177 177 177 176 176 177 178 178 176 176 176 176
 176 176 176 176 176 177 178 178 177 176 175 175 174 174 174 174 175 175
 174  28]","[ 29  28 179 179 179 179 180 180 181 180 179 179 179 179 179 179 179 179
 180 180 180 180 181 181 180 180 180 180 180 180 180 180 181 181 180 180
 180 181 182 181 180 180 179 179 179 179 179 180 180 180 179 179 178 178
 179 179 179 179 179 179 179 179 179 179 179 179 180 180 180 179 179 179
 179 179 179 179 179 179 179 179 181 181 180 180 180 179 179 180 180 180
 181 181 181 181 181 180 181 181 181 180 180 180 180 180 181 181 181 181
 181 181 181 180 180 180 180 180 180 181 181 181 180 180 180 180 180 179
 179 180 179 179 180 180 180 180 179 178 180 180 180 179 179 179 179 180
 179 178 178 177 177 176 176 176 175 176 177 179 179 179 179 178 178 178
 178 178 178 176 175 176 176 176 175 175 175 176 177 177 176 176 176 176
 176 176 175 175 175 176 178 178 178 177 176 175 177 176 176 176 176 175
 175  28]","[ 29  29 179 178 178 179 180 180 181 181 180 180 180 180 180 179 179 179
 180 181 181 181 181 181 180 180 180 180 180 180 180 181 182 181 180 179
 180 181 181 181 180 180 180 179 179 179 179 179 179 179 179 179 179 179
 179 178 178 178 178 178 178 179 179 179 180 180 181 181 181 180 180 180
 180 179 179 179 179 179 180 180 181 181 180 180 180 180 181 181 181 181
 181 182 182 181 180 180 181 181 181 181 180 180 180 181 182 182 182 182
 182 182 181 181 180 180 180 180 181 181 182 182 181 180 180 180 180 180
 180 181 181 180 181 181 181 181 180 180 181 181 180 180 179 179 179 179
 179 179 178 178 178 178 178 178 176 177 178 179 179 179 179 178 178 178
 179 179 178 176 176 177 177 177 176 175 175 175 176 176 176 176 176 176
 176 175 175 174 174 175 177 178 177 177 176 175 178 178 178 177 177 175
 175  29]","[ 30  29 180 179 179 179 180 180 181 181 180 180 180 180 180 179 179 179
 180 180 181 180 180 180 180 180 180 180 180 180 181 181 181 181 180 179
 180 180 180 180 180 180 180 180 180 180 180 180 179 179 179 180 180 180
 179 178 177 177 178 178 178 179 179 179 180 181 182 182 182 181 180 180
 180 180 179 179 179 179 180 181 181 180 179 180 180 182 182 182 181 181
 181 182 182 181 180 179 180 181 181 181 180 181 181 182 183 182 182 182
 183 182 182 181 180 180 180 180 181 182 183 183 182 180 179 180 180 180
 180 180 181 181 181 180 181 182 182 183 181 181 181 180 179 179 179 179
 179 179 179 179 179 179 179 179 178 178 179 179 179 179 178 178 178 179
 180 180 179 178 178 179 178 178 177 176 175 175 175 174 175 175 176 176
 176 175 174 173 174 174 175 175 176 176 176 176 177 177 177 177 177 175
 175  29]","[ 29  29 180 179 179 179 179 179 180 179 179 179 180 180 180 179 179 179
 180 180 180 180 179 179 180 180 180 181 181 181 181 181 180 181 181 180
 181 181 180 179 179 179 179 180 180 180 181 181 180 180 180 180 180 180
 179 178 178 178 178 179 179 180 180 180 181 182 183 183 182 181 181 181
 181 180 180 179 179 180 181 181 181 180 179 180 181 182 183 183 182 182
 181 182 182 181 180 179 181 181 181 180 180 181 182 183 182 182 182 182
 183 183 182 182 181 181 181 181 181 182 182 183 182 181 180 181 181 180
 180 179 180 180 180 181 181 181 181 182 180 180 179 179 179 179 178 178
 179 179 179 179 179 179 179 179 179 179 179 180 179 179 179 179 178 179
 180 180 180 179 179 179 177 178 177 176 175 175 175 174 175 175 176 176
 177 176 175 174 174 173 173 173 173 174 175 176 176 176 177 177 176 175
 175  29]","[ 29  28 180 180 180 179 179 179 179 179 178 179 180 181 181 181 180 180
 181 181 181 181 180 180 180 180 181 181 181 181 181 181 181 181 182 182
 182 182 181 179 179 179 179 179 179 180 180 181 181 181 181 181 181 180
 179 179 179 179 179 179 179 180 180 180 182 182 182 182 182 182 181 181
 181 180 180 180 180 180 181 181 182 181 180 180 181 181 182 182 182 182
 182 181 181 181 180 180 181 181 181 180 180 181 182 183 182 182 182 182
 183 183 183 182 182 182 181 181 181 181 181 182 183 182 182 182 182 181
 180 180 179 181 182 183 183 181 180 180 179 179 179 179 180 180 180 179
 179 179 179 179 179 179 179 179 179 179 179 180 180 180 180 180 179 180
 180 179 179 179 178 177 177 178 178 177 177 177 177 176 176 176 176 177
 178 178 177 176 175 173 172 172 172 174 175 176 177 177 178 178 177 176
 175  29]","[ 29  29 180 180 180 180 180 179 180 179 179 179 180 181 181 182 181 181
 181 181 181 181 182 182 181 181 181 181 181 181 181 181 181 181 182 182
 182 182 182 180 180 180 179 179 179 180 181 181 182 182 182 182 181 180
 179 179 179 179 179 179 179 180 180 180 182 182 181 182 182 182 181 180
 180 180 180 180 180 180 181 181 182 181 181 181 181 181 182 182 183 182
 182 181 180 180 181 181 181 182 181 181 181 181 182 183 181 181 181 182
 183 183 183 183 182 182 182 181 181 181 182 182 184 183 183 182 181 180
 180 180 180 181 183 183 183 182 181 180 180 180 180 181 181 181 181 180
 179 179 179 180 180 180 180 180 179 179 179 179 180 180 180 180 179 180
 179 179 179 179 177 175 177 178 179 179 179 179 179 178 177 176 176 177
 179 179 179 178 176 175 173 172 173 174 176 177 179 179 179 178 178 177
 175  29]","[ 29  29 180 180 180 180 180 180 181 180 179 179 179 180 180 180 180 180
 180 180 180 181 182 182 181 181 181 181 180 181 181 181 181 181 181 181
 182 182 182 181 182 181 180 180 180 180 181 182 182 183 183 182 181 180
 179 179 180 180 180 180 180 180 180 181 183 182 181 181 182 182 181 180
 180 180 180 180 180 180 181 181 181 181 181 181 181 181 182 183 183 183
 182 181 180 180 181 181 182 182 182 182 182 182 182 183 181 181 181 182
 183 184 183 183 182 181 181 181 181 182 183 183 184 183 183 182 181 180
 180 181 181 181 181 181 181 181 182 182 181 181 181 181 181 181 180 179
 179 179 179 179 179 180 180 180 180 180 179 179 179 179 179 179 179 179
 179 179 179 180 178 175 177 178 179 179 179 179 178 177 176 176 176 177
 178 179 179 179 177 176 174 174 174 176 176 177 180 179 179 179 179 177
 176  29]","[ 29  29 181 180 180 179 180 180 181 180 179 179 179 178 179 180 180 180
 180 180 181 181 181 182 181 182 181 181 180 181 181 181 180 181 181 181
 181 181 181 181 181 181 180 180 180 182 183 183 183 183 183 182 181 180
 180 180 180 180 180 180 180 179 180 180 181 181 181 181 181 181 180 180
 180 180 180 180 180 180 181 181 182 182 182 182 182 182 183 183 183 182
 180 179 180 180 181 181 182 183 183 183 182 182 182 182 182 183 183 183
 183 182 183 183 183 183 183 183 182 182 182 182 183 183 183 182 181 181
 181 181 182 181 181 182 182 182 181 182 182 182 182 181 181 180 179 179
 179 179 180 180 179 179 180 181 181 181 180 179 179 179 178 178 180 179
 179 179 179 179 178 178 175 176 178 179 179 179 179 179 177 178 178 179
 179 180 180 180 179 179 178 177 176 176 178 179 179 179 180 179 179 179
 178  29]","[ 29  29 180 180 180 179 180 180 181 180 180 179 179 179 179 180 180 180
 181 181 182 182 182 182 182 183 182 181 181 181 181 181 180 180 181 180
 180 180 180 180 181 180 179 180 181 182 182 183 183 183 183 183 182 181
 181 181 180 180 181 181 181 181 181 182 181 181 181 181 181 181 180 180
 180 179 179 179 179 180 180 181 181 182 182 182 182 182 183 183 183 182
 181 180 180 181 181 180 181 182 183 183 182 182 182 182 182 183 183 183
 183 183 183 184 184 184 184 183 183 184 184 184 184 184 184 183 183 182
 182 182 182 182 182 183 183 182 182 182 182 183 182 182 181 181 181 181
 181 181 181 180 180 180 180 181 181 181 181 181 181 180 180 179 179 179
 178 179 179 179 178 177 176 177 178 179 179 179 179 179 180 179 179 180
 180 180 180 179 179 179 179 179 178 179 180 181 179 179 180 180 179 179
 178  29]","[ 29  29 180 180 180 180 180 180 180 181 182 180 179 180 180 180 179 180
 181 181 182 181 181 181 182 183 182 181 180 180 181 180 180 180 180 180
 180 180 180 180 180 180 179 180 181 182 182 182 182 182 182 182 181 181
 181 181 180 181 181 181 181 181 182 182 181 181 182 181 181 180 180 180
 180 180 179 179 179 180 181 181 181 181 182 183 182 182 182 183 183 182
 181 181 181 181 180 180 180 182 183 183 182 182 182 181 182 182 183 183
 183 183 183 183 183 183 183 182 183 183 184 184 184 184 183 183 183 183
 183 182 182 181 181 182 183 182 182 182 182 182 182 182 181 181 182 182
 182 182 180 180 180 180 180 180 180 180 181 181 181 181 180 179 179 179
 179 179 179 179 178 177 177 178 179 179 179 179 179 179 180 180 179 180
 180 180 179 178 179 179 180 180 180 179 180 180 179 178 180 180 179 179
 178  29]","[ 29  29 181 181 181 180 181 180 179 182 183 181 180 181 181 180 180 180
 181 181 181 181 181 181 183 183 183 181 180 180 180 180 180 179 179 179
 180 180 180 180 180 180 180 181 181 182 181 181 180 181 181 181 181 181
 181 182 182 182 181 181 181 181 181 181 182 183 183 182 181 180 180 180
 180 180 180 180 180 180 181 181 180 181 182 183 183 182 182 182 183 182
 182 181 181 181 181 181 181 182 183 182 182 182 182 181 181 182 182 182
 182 182 182 182 181 181 181 181 181 182 183 184 185 184 184 184 184 184
 183 182 181 181 181 183 184 183 182 181 183 183 183 182 182 182 182 183
 183 182 180 179 179 180 180 180 180 180 181 181 181 181 180 180 179 179
 179 180 179 179 179 178 178 179 179 179 179 179 179 179 180 179 179 179
 180 180 179 179 178 179 179 179 179 179 178 178 179 178 179 179 179 180
 178  29]","[ 29  29 180 181 181 180 181 180 180 182 183 182 180 182 182 180 181 181
 181 181 182 182 182 182 183 184 184 182 181 181 181 181 181 180 180 180
 180 181 180 180 181 180 181 181 182 182 181 181 181 182 182 182 182 181
 182 182 183 182 182 181 181 181 181 180 182 183 183 183 182 182 182 182
 180 180 180 179 179 180 180 181 181 182 183 183 183 182 182 181 182 182
 181 181 180 181 181 181 182 183 182 182 182 182 182 182 182 182 182 182
 182 182 181 181 180 180 180 181 181 182 183 183 186 186 185 185 185 184
 183 182 182 182 183 185 186 185 184 183 185 185 184 184 183 183 183 184
 183 182 181 180 180 181 181 181 182 182 181 181 181 181 180 180 180 180
 180 180 180 180 179 179 179 179 179 179 180 180 180 180 180 180 179 179
 180 180 180 180 179 179 179 179 179 179 179 179 179 178 179 179 180 180
 179  29]","[ 29  28 180 180 180 180 181 180 180 182 183 182 181 182 182 181 182 181
 181 181 181 181 182 182 183 183 183 182 181 181 181 181 182 181 180 180
 181 181 181 180 181 181 181 181 182 182 182 181 182 182 182 182 181 181
 181 181 183 182 182 182 182 182 182 181 182 182 182 183 183 183 183 184
 181 181 181 180 180 181 181 181 181 182 183 183 183 182 181 181 182 181
 181 180 180 180 181 182 182 182 182 182 182 183 183 183 183 183 183 183
 183 182 181 180 180 180 180 181 181 182 183 183 185 185 185 185 184 184
 183 182 182 182 184 186 187 185 184 184 185 185 184 184 184 183 183 183
 183 182 181 181 181 181 182 182 183 182 181 180 180 180 180 180 179 180
 180 180 180 180 179 179 180 179 179 179 180 180 180 180 180 180 180 180
 180 180 180 180 179 179 179 179 180 180 180 180 180 178 179 180 180 180
 179  29]","[ 29  28 180 180 181 181 181 180 180 180 181 181 181 181 181 181 181 181
 181 181 181 181 181 181 181 182 182 181 181 181 181 181 182 181 180 180
 181 182 182 181 180 180 180 181 182 182 182 182 181 182 182 182 182 181
 181 182 182 182 181 182 182 182 182 182 181 181 181 182 182 183 183 183
 183 182 182 181 181 181 182 182 182 183 183 183 182 181 180 180 180 180
 181 181 180 181 181 182 182 182 182 182 183 184 183 183 183 183 182 183
 183 182 181 180 179 179 180 181 182 182 182 182 183 183 184 184 183 182
 182 181 180 181 183 185 185 184 184 185 185 184 183 183 184 184 183 182
 183 183 182 182 182 182 183 183 182 182 181 180 179 180 180 181 180 180
 181 181 180 180 180 180 180 179 179 179 180 181 181 181 180 180 181 181
 180 179 179 180 179 179 179 180 181 181 180 180 180 179 180 180 181 181
 180  29]","[ 29  29 180 181 182 181 182 180 180 180 180 181 181 180 180 181 181 181
 181 181 181 181 181 181 181 182 182 181 181 181 181 181 180 179 179 180
 182 183 183 183 180 180 180 180 182 183 183 183 181 182 182 183 183 183
 183 184 182 181 181 181 182 182 182 181 182 181 181 181 182 182 182 181
 183 182 182 181 181 181 181 182 183 183 183 183 182 181 180 180 179 180
 181 181 181 181 181 182 182 182 182 182 183 183 183 181 182 182 182 182
 182 182 181 180 179 180 181 182 182 182 182 182 182 183 184 184 183 182
 182 182 180 181 182 183 183 183 184 185 185 184 183 183 184 185 184 182
 184 184 184 184 183 183 184 184 183 182 181 180 180 181 181 182 181 181
 182 182 181 181 181 181 180 180 179 179 180 181 182 182 179 181 183 183
 182 180 180 180 180 180 180 181 182 181 181 180 180 179 180 181 181 182
 180  30]","[ 29  28 180 180 180 179 180 180 179 179 180 181 181 181 181 181 182 181
 180 180 180 181 182 182 183 182 182 181 181 181 181 181 180 180 179 180
 182 183 183 182 181 180 180 180 181 182 182 181 181 181 182 182 183 183
 183 183 182 182 181 181 181 181 182 182 182 182 181 181 181 182 182 182
 181 182 182 182 181 181 182 183 184 184 183 182 182 181 181 181 180 179
 180 181 183 182 181 181 182 183 183 182 183 184 183 182 182 182 182 182
 182 181 181 180 180 181 181 181 181 182 182 182 182 182 182 182 182 182
 181 180 179 180 181 181 181 181 182 183 182 182 182 182 182 184 185 185
 186 184 183 182 182 182 182 182 183 182 181 180 180 180 181 182 182 181
 181 181 182 181 180 180 180 180 180 181 181 181 181 181 180 181 182 182
 181 180 180 181 182 181 180 180 181 181 181 180 180 180 180 182 182 181
 181  30]","[ 29  29 180 179 179 179 180 179 179 179 180 181 182 181 181 181 181 181
 180 180 180 181 181 182 182 181 181 180 180 180 180 181 180 180 180 181
 182 183 183 182 181 181 181 181 182 182 182 182 181 182 182 183 183 183
 183 183 182 183 183 183 183 183 183 183 182 181 181 181 182 183 183 183
 183 183 183 181 181 182 184 185 185 185 184 183 183 182 181 181 181 181
 181 182 183 183 182 182 182 183 183 182 183 185 184 183 182 182 183 183
 182 182 181 181 180 181 182 182 183 183 183 183 182 182 182 182 183 182
 181 180 180 181 182 182 181 181 181 182 184 184 184 183 183 184 184 184
 185 185 184 183 183 184 184 184 182 182 181 181 181 181 181 181 181 181
 181 181 182 182 182 182 180 180 180 181 181 181 181 181 180 181 181 181
 181 181 181 182 181 181 180 180 181 181 181 180 180 181 180 182 182 181
 181  29]","[ 29  29 180 179 179 178 179 179 180 179 180 181 181 181 181 181 180 180
 180 180 180 180 181 181 181 180 179 179 179 179 180 181 181 180 180 180
 181 182 182 181 181 181 180 181 181 182 182 182 182 182 182 183 183 183
 183 183 183 183 184 185 185 185 184 184 182 181 181 181 182 183 183 183
 184 184 184 183 182 183 185 186 185 185 184 183 183 182 181 181 182 182
 182 182 183 185 184 182 183 183 182 183 184 185 185 183 182 182 183 183
 183 183 182 182 181 181 182 183 183 183 183 183 182 182 183 183 183 183
 181 181 181 182 183 183 182 181 181 181 185 185 185 184 184 184 185 185
 185 184 183 183 183 184 184 184 182 182 182 182 182 182 182 182 181 181
 181 181 182 183 183 183 181 181 181 181 181 181 181 181 181 180 180 180
 181 182 182 182 181 180 180 180 181 181 181 180 180 181 181 182 182 181
 181  29]","[ 29  29 180 179 179 179 180 179 180 179 180 180 181 180 180 180 180 180
 180 180 180 180 180 180 180 180 179 179 179 179 180 180 180 180 180 180
 181 181 181 181 181 181 180 181 181 181 182 182 182 183 183 183 183 183
 183 183 183 184 185 185 185 185 184 183 181 181 181 181 181 182 182 183
 183 185 185 185 184 185 185 185 184 184 183 183 183 182 182 181 182 183
 183 182 183 185 185 182 183 183 182 182 184 185 184 183 182 182 183 183
 183 183 183 183 182 182 182 183 183 183 183 182 183 183 183 183 183 183
 182 181 181 182 183 184 183 182 182 182 184 184 185 184 184 185 185 185
 185 184 183 183 183 183 183 183 183 183 183 182 182 182 183 183 182 182
 182 182 182 182 183 183 183 182 182 181 181 181 181 181 180 180 180 180
 180 180 181 181 181 180 180 180 181 181 180 180 181 182 181 182 182 182
 181  29]","[ 29  28 179 179 179 179 180 180 180 180 180 180 180 180 180 180 180 180
 180 180 180 179 179 179 179 179 180 180 180 180 180 180 181 180 180 180
 180 181 181 180 181 181 181 181 181 182 182 182 183 183 183 183 183 183
 183 183 185 185 185 185 184 184 183 182 181 181 181 181 181 182 183 183
 184 185 185 185 184 184 184 184 184 183 183 183 183 184 183 183 182 183
 183 182 183 185 185 183 183 182 181 182 183 184 184 183 182 182 182 182
 183 183 183 183 183 182 182 182 182 182 182 181 182 182 182 183 183 183
 183 182 183 184 184 184 184 183 183 183 182 183 184 183 183 184 185 185
 185 184 184 183 183 183 183 183 183 183 182 182 182 182 183 183 183 183
 183 183 182 182 182 183 184 183 183 182 181 181 181 181 181 181 181 180
 179 179 181 182 181 181 180 180 180 180 180 179 181 182 182 182 183 183
 181  29]","[ 29  28 179 179 179 179 181 180 181 180 180 181 181 180 180 181 181 181
 180 180 180 179 179 179 180 180 180 181 181 180 180 180 181 181 181 181
 181 181 181 181 181 181 181 181 181 181 182 182 183 183 183 183 183 184
 184 184 186 185 185 184 184 183 182 182 180 181 181 182 182 183 184 185
 186 185 184 183 182 184 185 185 184 183 182 182 183 184 184 184 183 183
 182 182 183 185 185 184 183 181 181 182 183 184 183 184 181 182 182 182
 182 183 183 183 183 182 181 181 181 182 181 181 181 181 180 181 182 183
 184 184 185 185 185 185 185 184 183 183 182 183 183 183 182 182 183 183
 183 183 183 183 183 183 183 183 183 182 182 181 181 181 182 182 183 183
 183 183 183 183 183 183 184 184 183 183 182 182 182 182 182 183 183 182
 180 180 181 182 181 181 181 181 181 180 180 179 181 183 182 182 183 183
 182  29]","[ 29  28 179 179 179 179 180 180 181 180 180 180 180 180 180 181 180 180
 180 180 180 180 180 180 180 181 181 181 181 180 180 180 181 181 181 181
 180 180 181 181 181 181 181 181 181 181 181 182 182 182 183 183 183 183
 183 184 185 185 184 184 183 182 181 181 180 181 181 182 182 183 185 186
 185 185 183 182 182 184 185 186 185 183 182 182 183 185 185 185 183 182
 182 182 183 185 185 185 185 183 182 183 183 183 183 183 181 181 182 182
 182 183 183 184 183 182 181 181 182 183 182 182 181 180 179 179 180 182
 183 184 185 185 186 186 186 185 184 183 182 184 184 183 182 182 182 182
 182 182 182 182 183 183 183 182 182 182 182 181 181 181 181 181 182 183
 184 184 183 183 183 183 183 183 183 183 183 183 183 183 183 183 183 183
 182 181 182 182 181 182 182 182 181 181 181 180 181 183 182 182 183 184
 182  29]","[ 29  29 179 179 179 179 180 179 180 179 179 180 180 179 180 180 180 180
 180 180 180 180 181 181 181 181 181 180 180 180 180 180 181 181 180 180
 180 180 180 180 181 182 182 182 181 181 182 183 182 182 182 182 183 183
 183 183 183 183 183 183 182 182 181 180 180 181 181 182 182 183 184 185
 184 184 183 183 183 185 186 186 186 185 183 183 184 186 186 187 184 182
 181 183 184 184 185 186 187 185 184 184 183 182 181 182 181 181 182 182
 182 183 183 184 182 182 181 182 183 184 183 182 181 180 179 178 179 181
 182 183 184 184 185 186 187 186 184 183 183 184 185 184 182 182 183 183
 183 183 183 183 183 183 182 182 182 182 182 182 182 182 181 181 182 183
 184 184 184 183 183 182 182 182 183 183 184 184 184 184 183 183 182 182
 182 182 182 182 181 182 182 182 182 182 181 181 181 183 182 182 183 184
 182  29]","[ 29  30 179 179 180 180 180 180 179 179 179 179 180 180 180 181 181 180
 180 180 181 181 182 183 181 181 181 181 181 180 180 179 180 180 181 181
 181 181 181 181 182 181 181 181 181 181 182 183 182 182 182 183 183 183
 183 183 183 183 183 183 182 181 181 181 182 182 183 185 185 183 183 185
 183 183 183 184 184 184 184 184 184 185 185 185 185 186 186 186 182 183
 184 184 183 183 184 185 184 185 185 184 183 183 183 182 181 182 183 183
 183 183 184 184 184 182 182 183 183 182 181 181 181 180 179 179 179 180
 182 183 183 183 183 184 185 185 184 183 182 182 184 185 185 184 184 185
 184 184 184 184 184 184 184 184 183 182 183 182 182 181 181 182 183 183
 183 183 183 182 183 183 182 182 182 183 184 185 185 184 183 183 182 181
 181 181 182 182 182 182 183 183 183 183 182 181 181 181 181 182 183 183
 181  29]","[ 29  29 178 178 180 179 179 179 179 179 178 179 179 179 179 180 180 180
 179 179 180 180 181 181 181 181 181 180 180 180 180 180 180 180 181 181
 181 180 180 180 181 181 181 181 181 181 182 182 182 182 182 182 182 182
 182 182 183 183 184 183 183 182 182 182 183 183 184 186 185 183 182 184
 183 183 183 184 184 184 183 182 182 183 184 183 184 184 185 185 183 183
 184 183 183 183 184 186 185 185 185 184 183 183 183 182 182 182 183 183
 183 183 183 183 183 182 182 183 183 182 181 181 181 180 179 179 179 180
 182 183 182 183 184 184 184 184 184 184 184 183 184 184 184 182 182 183
 183 183 183 183 182 182 182 182 183 182 182 182 181 181 182 183 184 183
 182 182 182 182 182 181 183 183 182 183 183 183 183 183 181 181 181 181
 182 182 182 183 182 182 182 182 182 182 182 182 180 181 181 182 183 183
 183  30]","[ 29  29 178 178 180 180 179 179 179 179 179 179 179 179 180 180 180 179
 179 179 180 180 181 181 182 181 180 179 179 180 181 181 181 181 181 181
 181 180 180 180 181 181 182 182 182 182 181 181 182 181 181 181 182 182
 182 181 182 183 183 183 182 182 182 182 183 183 184 186 185 183 182 183
 182 182 183 183 184 183 182 181 182 183 184 183 183 184 184 184 183 183
 183 183 182 183 185 186 186 186 186 184 183 183 183 183 183 183 183 183
 183 183 183 183 182 182 182 182 183 182 181 181 181 181 180 180 180 181
 182 183 182 183 184 184 183 183 184 184 184 183 183 183 182 181 181 182
 183 183 183 182 182 182 182 182 184 183 182 182 182 182 183 185 184 183
 182 182 182 182 182 182 183 183 183 183 182 182 182 183 180 180 181 181
 182 182 183 183 182 182 182 182 182 182 182 182 181 182 181 182 183 183
 183  30]","[ 29  29 178 178 180 180 179 179 180 180 180 180 180 180 180 180 179 179
 179 179 179 180 180 181 181 180 180 179 179 180 181 182 182 181 181 181
 181 181 180 180 181 182 182 182 182 182 181 181 182 181 181 181 182 182
 182 181 182 182 182 182 182 181 182 182 182 182 184 185 184 183 182 183
 182 182 182 182 183 183 182 182 183 184 185 184 183 183 183 183 183 183
 183 182 182 183 185 186 186 186 185 184 183 183 183 183 184 183 183 183
 183 183 183 182 181 181 181 181 182 181 181 180 181 181 181 181 181 181
 182 182 183 183 183 182 182 182 183 184 183 183 183 183 183 182 182 182
 183 183 183 183 183 183 183 183 184 183 182 182 182 182 183 184 183 183
 182 182 182 182 183 183 183 183 183 182 182 181 182 182 181 181 181 182
 182 182 182 182 182 182 182 182 182 182 182 182 182 183 182 183 183 183
 182  29]","[ 29  28 177 177 179 179 179 178 179 179 179 179 179 179 179 179 179 178
 178 178 178 179 179 179 180 180 180 179 180 180 181 181 180 180 180 180
 180 180 180 181 182 182 182 182 182 182 181 181 182 181 181 181 182 182
 182 181 181 182 182 182 181 181 181 182 181 182 183 184 184 183 182 182
 182 182 181 181 182 182 182 182 182 183 184 182 181 181 182 182 183 183
 182 182 182 183 185 186 185 185 184 183 182 182 183 183 183 183 182 183
 183 183 182 181 181 181 181 181 181 181 180 180 180 180 180 180 180 180
 180 180 183 182 181 181 182 182 182 182 182 182 183 183 184 183 183 182
 182 182 182 182 182 182 182 182 182 181 181 182 182 182 182 183 183 183
 184 183 182 181 182 183 183 183 183 182 182 182 182 183 182 182 182 182
 182 182 182 182 183 183 184 183 182 182 182 182 183 183 182 183 183 182
 182  28]","[ 29  28 178 177 180 179 179 179 179 179 179 179 179 179 179 178 179 179
 178 178 178 179 179 180 180 180 180 180 180 180 181 181 180 180 180 180
 180 181 181 181 181 182 182 182 182 182 182 182 182 181 181 181 182 182
 182 182 182 182 182 182 181 181 182 182 182 182 183 183 183 183 182 182
 183 182 182 181 181 182 182 182 181 182 182 182 181 182 182 182 182 182
 182 182 182 183 184 184 184 185 185 184 183 183 183 183 184 183 183 183
 183 183 183 183 182 182 182 182 182 182 181 180 180 180 180 180 180 180
 180 181 182 181 180 180 181 182 182 181 182 182 183 183 183 183 182 181
 181 181 181 181 182 182 182 182 181 180 181 182 183 183 183 183 184 185
 185 185 183 182 182 183 183 183 182 182 182 182 182 183 182 182 182 182
 182 182 183 183 183 184 184 184 183 182 182 183 182 183 182 182 183 183
 182  29]","[ 29  29 179 178 180 180 180 180 179 179 179 179 179 179 179 179 180 179
 179 179 179 179 180 180 180 180 180 180 180 180 180 181 180 180 180 180
 180 181 181 182 180 181 181 182 182 182 182 181 181 181 180 180 181 181
 182 182 182 182 182 181 181 181 181 181 182 182 182 182 182 183 183 183
 183 183 182 182 182 182 182 182 181 182 182 182 182 183 183 183 181 181
 182 182 183 183 183 183 184 185 185 184 184 184 184 184 183 183 184 184
 184 184 184 184 183 184 183 182 182 183 182 181 180 180 180 180 180 181
 181 181 181 181 181 181 181 181 181 181 181 182 182 182 182 183 182 180
 181 181 181 181 182 182 182 182 181 181 181 182 183 183 182 182 183 183
 184 184 184 184 184 183 183 182 182 182 182 182 182 182 182 182 182 182
 182 183 183 183 183 184 184 183 182 182 183 184 182 183 182 182 183 183
 182  29]","[ 29  29 179 178 179 179 179 180 179 179 179 179 180 179 179 179 179 179
 179 178 178 179 179 179 181 180 180 179 179 180 180 181 179 179 179 179
 180 180 180 181 179 180 181 182 183 182 181 181 180 180 180 180 180 181
 181 182 182 182 181 181 180 180 180 181 182 182 182 182 182 184 184 184
 182 182 182 182 183 183 182 182 182 182 182 182 182 183 183 182 180 181
 182 182 183 183 182 182 182 183 183 183 183 183 183 183 182 182 183 183
 183 183 183 184 183 184 183 182 181 182 181 180 180 180 180 180 180 181
 181 182 180 181 181 181 181 181 181 182 180 181 181 180 181 182 181 180
 180 180 181 181 182 182 182 182 181 180 180 181 181 181 180 179 179 179
 180 182 184 186 185 184 183 183 182 181 182 182 182 182 182 182 182 183
 183 183 182 182 183 183 183 182 182 182 183 185 183 183 182 182 183 182
 182  29]","[ 29  28 179 178 179 180 180 179 180 181 180 179 179 179 179 178 180 179
 179 179 179 178 178 180 181 180 180 180 180 180 180 180 179 179 179 179
 179 180 180 180 180 180 181 182 182 182 181 181 181 181 181 180 180 181
 181 181 182 181 181 181 180 179 180 182 182 182 182 182 182 183 184 185
 183 183 182 183 183 183 183 182 183 183 183 182 183 184 184 182 181 182
 182 182 182 181 181 181 183 183 183 183 182 182 183 184 182 182 183 184
 184 184 183 184 182 182 182 182 183 182 181 180 180 180 180 180 180 181
 182 182 181 181 180 180 180 180 181 181 181 181 181 181 181 181 181 181
 180 180 181 182 182 182 182 182 180 180 181 183 180 176 176 197 202 205
 195 186 180 185 183 184 184 183 183 182 181 181 182 183 181 182 183 184
 184 184 184 184 183 183 183 182 182 182 183 184 183 183 182 182 182 182
 182  29]","[ 29  28 179 178 179 180 180 179 179 180 180 179 179 180 180 179 179 179
 179 180 179 178 178 180 180 180 180 180 180 180 180 180 180 180 180 180
 180 180 180 180 180 180 181 181 181 181 180 180 181 181 181 181 181 181
 181 181 181 181 181 181 181 180 180 181 182 182 182 182 182 182 183 184
 182 182 182 182 183 183 182 182 182 183 183 182 183 184 183 182 182 182
 182 181 180 180 180 180 182 182 182 182 181 181 182 183 181 181 182 183
 183 182 182 182 183 182 182 182 182 182 181 180 180 180 180 180 180 181
 181 181 182 181 180 179 179 179 180 181 181 181 181 181 181 181 181 180
 180 181 181 182 182 182 182 182 183 179 182 183 180 179 215 236 247 243
 228 209 193 189 191 182 182 182 182 182 182 183 184 185 183 184 184 184
 185 185 185 185 184 183 183 182 182 182 182 182 182 182 181 182 182 182
 182  29]","[ 29  28 178 178 178 179 180 179 179 179 179 179 179 179 179 179 179 179
 179 179 179 178 179 180 180 180 180 180 179 179 179 179 180 180 180 180
 180 180 180 180 180 180 180 180 180 180 180 180 180 181 181 181 180 180
 180 181 180 180 181 182 181 180 180 180 181 182 182 181 181 181 182 183
 183 183 183 183 182 182 182 182 182 183 183 183 183 183 183 181 183 182
 181 180 179 179 180 180 181 181 181 181 181 181 181 182 182 182 182 183
 183 182 181 181 183 183 182 181 181 181 181 180 180 180 180 180 181 181
 181 180 182 181 180 178 178 179 181 182 181 182 182 181 181 181 181 180
 180 181 182 182 182 182 182 182 181 182 181 182 177 204 242 243 227 203
 195 197 200 186 184 183 181 181 182 182 183 184 185 186 185 184 184 184
 184 185 186 186 183 183 183 183 182 182 182 181 182 182 181 182 183 183
 182  29]","[ 29  28 179 178 179 179 180 179 180 180 180 180 179 179 179 179 179 178
 178 178 178 179 180 181 180 180 180 179 179 179 179 179 180 180 180 180
 180 180 180 180 181 180 180 180 180 180 180 180 179 180 181 181 180 180
 180 180 180 180 181 182 182 181 180 180 181 181 181 181 181 181 181 182
 184 185 184 184 183 182 182 182 182 182 183 183 183 183 182 181 182 182
 181 180 179 179 180 181 181 181 181 181 181 181 181 181 182 182 183 184
 184 183 182 182 183 183 182 181 181 181 181 180 180 180 180 181 182 182
 181 180 181 180 179 179 179 180 182 183 182 183 182 182 181 182 182 181
 180 181 181 181 181 181 181 182 179 183 182 179 187 227 236 215 194 159
 147 143 169 183 185 184 182 182 182 182 183 183 184 185 184 184 183 183
 183 184 184 185 183 183 182 183 183 183 182 181 182 182 182 183 185 185
 183  29]","[ 29  29 180 179 179 179 180 179 179 179 179 180 180 179 179 180 180 179
 177 177 178 180 180 180 180 180 179 179 179 179 179 179 179 179 179 179
 180 180 180 180 181 181 180 180 180 180 180 180 179 179 180 180 180 180
 181 181 181 181 181 181 181 181 180 181 181 181 182 181 181 181 181 181
 184 184 184 184 183 182 183 183 182 182 182 183 183 183 182 181 182 182
 181 180 180 180 180 181 181 181 181 181 181 181 181 181 181 181 182 183
 184 183 182 182 183 182 182 182 182 181 181 180 180 180 180 181 182 183
 182 181 180 180 179 179 179 180 181 182 182 182 182 181 181 181 182 181
 180 181 181 181 181 181 181 181 181 181 179 181 211 226 218 193 172 139
 119 106 124 160 190 182 183 183 183 182 182 182 183 183 183 183 183 183
 183 183 183 183 183 183 183 183 183 183 182 181 182 182 182 184 186 186
 183  29]","[ 29  28 179 177 177 177 178 177 176 176 176 178 179 178 178 179 179 179
 178 177 178 179 179 179 179 179 179 179 179 179 179 179 178 179 179 179
 179 180 180 180 181 180 180 180 180 180 180 180 179 179 179 180 180 181
 181 182 181 180 180 181 181 181 180 181 181 181 182 181 181 181 181 181
 181 182 182 182 182 183 183 184 183 182 182 183 183 182 181 181 182 182
 182 181 180 179 180 180 181 180 180 180 181 181 181 181 181 181 181 182
 183 182 182 183 182 182 182 182 182 182 181 181 180 180 181 181 182 183
 182 182 180 180 180 179 179 179 179 179 181 181 181 180 180 181 181 181
 180 181 181 181 180 180 180 181 181 185 175 196 224 218 201 174 139 112
 102 105  99 134 187 180 182 183 182 182 182 182 182 183 183 184 184 184
 184 184 183 183 184 184 183 183 183 182 182 181 181 182 182 183 185 184
 183  28]","[ 29  28 177 175 175 175 177 176 176 175 175 177 177 175 175 176 175 177
 179 178 178 178 179 179 179 179 179 179 179 179 179 179 179 179 179 179
 179 179 179 179 179 180 180 180 180 179 179 179 179 178 178 178 179 180
 181 181 181 180 179 180 180 180 180 180 180 181 181 181 181 181 181 181
 181 181 181 181 182 183 183 183 183 182 181 182 182 181 181 181 182 182
 182 181 180 179 179 180 180 180 180 180 181 181 181 181 181 181 181 182
 182 182 182 183 182 182 181 181 181 181 182 181 181 181 181 182 182 182
 182 182 180 180 180 179 179 179 179 179 180 181 180 179 180 180 181 181
 181 181 181 181 180 180 180 181 181 184 181 213 220 205 180 151 123 111
 105 102  88 139 188 180 182 182 182 182 182 182 182 183 184 185 185 185
 185 184 184 183 183 183 183 183 183 183 183 183 182 183 182 182 183 183
 182  29]","[ 30  29 178 175 174 175 177 178 179 177 177 178 176 174 172 173 171 175
 179 179 178 178 179 180 179 179 179 179 179 179 179 180 180 180 180 180
 179 179 178 178 179 179 179 179 179 179 179 179 179 178 176 177 178 179
 179 179 180 179 179 180 180 180 180 179 180 181 181 181 181 181 181 181
 182 181 181 181 182 182 183 182 183 181 181 182 182 181 180 181 181 181
 181 180 179 179 180 181 180 180 180 180 181 182 181 181 182 181 181 181
 181 181 182 183 182 181 180 180 180 181 182 182 182 182 182 182 182 182
 182 182 181 181 180 180 180 180 180 180 180 180 180 179 180 181 181 181
 181 181 181 181 180 180 180 181 183 175 195 220 214 185 164 138 116 108
 101  88  87 155 184 182 182 182 182 182 182 182 182 183 185 185 185 185
 185 185 184 184 182 182 183 183 183 184 185 186 184 184 182 181 182 182
 181  29]","[ 29  29 174 172 174 176 179 177 177 176 175 175 174 172 171 171 173 175
 177 179 179 179 179 180 179 179 179 179 179 179 179 179 179 179 179 179
 179 179 179 179 179 179 179 179 179 179 179 179 179 178 177 176 176 177
 178 179 178 178 178 179 180 180 179 179 179 179 180 180 180 180 181 181
 181 181 181 181 181 182 183 183 183 183 183 182 182 181 181 180 180 180
 180 180 180 180 180 180 180 180 180 180 180 180 181 181 181 181 181 181
 181 182 182 182 182 183 183 182 182 182 182 182 181 180 180 181 182 182
 182 181 180 180 179 179 179 179 179 179 180 180 180 180 180 180 181 181
 179 183 180 180 181 180 182 180 181 180 206 216 191 166 145 128 111 102
  92  80  95 169 185 180 182 182 181 181 182 183 183 182 184 184 185 186
 185 184 183 183 182 182 182 182 182 182 182 183 183 183 181 182 182 183
 181  28]","[ 29  29 175 174 176 177 179 177 176 175 175 175 174 172 171 171 173 175
 178 179 179 179 179 179 179 179 179 179 179 179 179 179 180 180 179 179
 179 179 179 179 179 179 179 179 179 179 179 179 179 179 179 179 179 178
 177 177 176 176 176 178 179 179 179 179 178 179 180 180 180 180 180 181
 181 181 181 181 181 181 182 182 182 182 182 181 181 180 180 180 180 180
 180 180 180 180 180 180 180 180 180 180 180 181 182 182 181 181 180 180
 181 182 183 183 183 183 183 182 182 181 181 181 181 181 181 181 181 182
 181 181 180 179 179 179 179 179 179 179 179 179 179 179 180 180 181 181
 181 183 181 182 181 179 182 181 179 188 210 201 171 144 126 112 105  94
  89  83 118 181 183 181 183 183 182 182 183 183 183 183 183 183 184 184
 185 184 184 183 182 183 183 182 182 181 182 182 183 183 182 183 184 184
 182  29]","[ 30  29 176 175 177 177 178 177 176 176 175 175 174 173 171 171 174 176
 178 179 179 179 179 179 179 179 179 179 179 179 179 179 179 179 179 179
 179 178 178 178 179 179 179 179 179 179 179 179 179 179 180 180 179 178
 177 176 175 175 176 177 178 179 179 179 178 179 180 180 180 180 180 180
 181 181 180 180 181 181 181 182 182 181 181 180 180 180 180 180 180 180
 180 180 180 181 181 181 180 180 180 180 180 181 182 182 181 181 180 179
 179 180 181 182 183 183 182 182 182 182 181 181 182 181 181 180 181 181
 181 181 179 179 179 179 179 179 179 179 179 179 179 179 180 180 180 181
 182 181 180 182 180 178 181 181 180 198 208 181 148 127 114 104  96  88
  84  81 141 188 180 183 183 183 182 182 182 182 183 183 183 183 182 183
 184 184 184 183 183 183 183 182 181 181 181 181 183 183 182 183 184 184
 182  29]","[ 30  29 176 175 177 176 177 176 176 176 176 176 175 174 172 172 175 176
 178 179 179 179 179 179 179 179 179 179 179 179 179 179 179 179 179 179
 178 178 178 178 179 179 179 179 179 179 179 179 179 179 179 178 178 178
 178 178 177 177 177 178 179 179 179 179 179 179 179 179 179 179 180 180
 180 180 180 180 181 181 182 182 181 181 181 181 180 180 180 180 180 180
 180 180 180 181 181 181 180 180 180 181 181 181 181 181 182 181 180 179
 179 179 180 180 182 182 182 182 182 182 182 181 181 181 180 180 180 180
 180 180 179 179 179 179 179 179 179 179 179 179 179 179 179 180 180 180
 180 179 179 180 179 179 180 178 181 200 191 156 127 115 103  98  87  88
  81  84 159 189 180 182 182 182 182 181 181 181 182 183 184 183 182 182
 183 184 184 183 182 182 182 182 181 180 181 181 182 182 181 182 183 183
 181  29]","[ 29  29 175 175 176 175 176 176 176 175 175 176 175 174 173 173 175 176
 177 178 178 178 179 179 179 179 179 179 179 179 180 180 180 180 180 180
 179 179 179 179 179 179 179 179 179 179 179 179 180 179 179 178 178 179
 180 180 179 179 179 180 179 179 179 179 180 180 179 178 179 179 180 180
 180 180 180 181 181 182 182 182 181 181 182 182 181 180 180 180 180 180
 180 180 180 180 180 180 181 181 182 182 182 182 181 180 182 182 181 180
 180 180 180 180 182 182 181 182 182 182 182 181 181 181 180 180 179 179
 179 179 179 179 179 179 179 179 179 179 180 180 180 179 179 179 179 179
 179 179 180 179 179 180 179 177 190 202 179 145 116 106  91  87  81  85
  80 102 176 188 181 180 182 182 183 182 182 182 183 184 185 184 183 183
 183 184 184 183 181 182 182 181 181 181 181 181 182 182 181 181 181 182
 181  29]","[ 30  29 176 175 176 174 176 176 176 175 175 176 176 174 174 174 175 176
 176 177 178 178 178 179 179 179 179 179 179 179 179 179 179 179 179 179
 179 179 179 179 179 179 179 179 179 179 179 179 179 179 179 179 179 179
 179 179 180 179 180 180 180 179 179 180 181 180 179 178 179 179 180 180
 180 180 181 181 181 181 181 181 180 181 182 182 181 180 180 180 180 180
 180 180 180 180 180 180 181 181 181 182 182 181 180 180 180 180 180 180
 180 180 180 180 182 182 182 182 182 181 181 180 180 180 181 180 180 179
 179 179 180 179 179 179 179 179 179 179 181 180 180 180 179 179 179 179
 179 180 180 178 179 179 177 181 203 206 177 146 119 104  87  82  81  79
  79 128 185 183 182 182 182 182 182 183 183 183 183 184 185 184 183 183
 183 183 182 182 180 181 181 181 181 181 182 182 182 182 181 181 181 181
 181  29]","[ 29  29 175 175 176 173 175 176 176 175 175 176 176 175 175 175 175 175
 176 178 178 178 178 178 178 179 179 179 179 179 179 179 178 178 179 179
 179 179 179 179 179 179 178 178 178 179 179 179 178 179 179 180 180 179
 179 178 180 180 180 180 180 179 179 180 180 179 179 179 179 180 180 179
 180 180 180 180 180 180 180 180 180 181 182 181 180 179 179 180 180 180
 180 180 179 179 179 179 180 180 180 180 180 180 180 180 179 179 179 179
 179 179 179 179 181 181 181 181 181 180 180 180 180 181 181 181 181 180
 179 179 180 180 180 179 179 179 179 179 180 180 180 179 179 179 179 179
 179 180 180 178 180 178 178 191 208 197 167 137 117  99  89  80  80  74
  90 158 186 179 181 182 180 181 181 182 183 183 183 183 183 183 183 183
 183 182 181 180 180 180 181 181 181 181 182 183 182 182 181 181 181 181
 181  29]","[ 29  28 175 175 176 173 174 175 175 174 174 175 175 174 175 175 174 175
 177 178 179 179 178 177 178 178 178 179 179 179 178 178 179 179 179 179
 179 179 179 179 179 178 178 178 178 178 179 179 180 180 180 180 180 180
 180 180 181 181 181 181 180 179 179 180 179 179 179 179 180 180 179 178
 178 179 179 180 180 180 180 180 181 181 182 181 180 179 179 180 180 180
 180 179 179 179 179 179 180 180 179 179 179 180 181 181 179 179 179 179
 179 179 179 179 179 180 181 181 180 180 180 180 180 181 182 182 182 181
 180 180 180 180 180 179 179 179 179 179 180 180 179 179 179 179 179 179
 179 180 180 179 182 178 180 201 208 185 153 122 111  94  91  80  75  74
 108 183 187 180 180 180 179 180 181 182 183 184 183 182 182 182 183 183
 183 181 180 179 180 180 181 181 181 181 182 183 181 182 181 182 181 181
 181  28]","[ 29  29 174 174 173 174 175 175 174 175 175 174 174 175 176 176 175 176
 177 177 177 177 178 178 179 178 178 178 179 179 179 179 179 179 179 179
 179 179 179 179 178 178 178 179 179 179 179 179 179 179 179 179 179 180
 181 182 180 180 180 180 180 180 180 180 179 179 179 179 180 180 179 179
 178 178 179 180 180 180 180 180 180 181 182 181 179 178 179 180 180 180
 181 181 180 180 179 179 179 179 179 180 181 181 180 179 179 179 179 179
 179 180 179 179 180 180 180 181 180 178 179 181 182 181 181 180 180 180
 181 180 179 178 178 180 180 178 178 179 181 180 180 180 180 178 177 177
 180 180 180 177 177 177 191 209 203 178 148 109 102  95  87  81  76  71
 148 186 183 180 182 178 180 180 180 182 184 184 183 182 182 182 182 183
 182 181 181 181 182 182 182 182 182 182 182 182 182 182 181 182 182 181
 181  29]","[ 29  29 174 175 173 174 175 175 175 175 175 174 175 176 176 176 176 176
 176 177 177 176 177 177 179 179 179 179 179 179 179 179 178 179 179 179
 179 179 179 179 178 178 179 179 179 179 179 179 179 179 179 179 179 180
 180 181 179 179 179 179 179 179 179 179 179 179 179 179 179 179 179 179
 178 178 179 179 180 180 180 180 180 180 180 180 179 179 179 179 179 180
 180 180 179 179 179 179 179 179 179 180 180 180 180 179 180 179 179 179
 179 180 179 179 178 179 180 179 180 182 181 179 178 179 181 181 180 179
 179 179 178 181 182 180 178 178 179 179 178 177 178 178 178 177 176 175
 174 175 179 180 175 177 202 213 194 162 129  99  97  91  86  82  73  92
 166 186 182 179 181 181 180 180 180 181 183 183 183 182 181 181 181 181
 181 181 180 181 181 181 181 181 181 181 182 182 182 183 182 182 182 181
 181  29]","[ 29  30 175 175 174 174 175 175 175 175 175 175 175 176 176 176 177 176
 176 176 177 176 176 176 178 179 179 180 179 179 179 179 179 179 179 179
 179 179 179 179 179 179 179 179 179 179 179 179 179 179 179 179 179 179
 179 179 179 179 179 179 179 179 179 179 179 179 179 179 179 179 179 179
 178 179 179 179 179 179 179 179 180 179 179 180 180 180 180 179 179 180
 180 180 180 179 179 179 180 180 180 180 181 180 180 179 179 179 179 179
 179 179 179 179 179 179 179 179 179 180 179 178 179 179 180 182 181 180
 179 180 179 178 178 177 178 180 180 179 179 181 181 179 177 175 175 175
 177 176 179 180 177 188 212 202 171 144 117  96  94  87  84  80  73 124
 183 183 180 178 179 182 181 180 180 181 182 182 182 181 181 180 180 181
 181 180 180 181 181 181 181 181 181 181 182 182 183 183 183 183 182 181
 181  29]","[ 29  30 175 176 174 174 175 175 175 176 175 175 175 176 176 176 176 176
 176 176 176 176 176 175 177 178 179 179 179 179 179 179 180 179 179 179
 179 179 179 179 179 179 179 179 179 179 179 179 179 179 179 179 179 179
 179 179 179 179 179 179 179 179 179 180 179 179 179 179 179 179 179 180
 179 179 179 179 179 179 179 179 179 179 179 179 180 180 179 178 179 180
 180 180 180 179 179 180 180 180 180 180 180 180 179 179 178 179 179 179
 179 178 178 179 179 178 179 180 179 177 178 181 182 180 178 178 179 179
 179 180 182 179 178 180 182 180 179 178 178 179 179 177 176 176 176 176
 175 176 178 174 181 204 211 179 146 131 114  94  88  82  82  78  83 155
 186 179 180 180 178 179 181 181 180 180 181 181 181 181 181 181 181 181
 181 181 181 181 181 181 182 181 181 181 181 182 182 183 182 182 181 180
 180  29]","[ 29  30 175 175 174 174 175 175 175 175 175 175 175 175 176 176 175 174
 174 175 175 176 176 175 175 176 178 179 179 179 179 179 179 178 177 177
 178 178 178 178 179 179 179 179 179 179 179 179 179 179 179 179 179 179
 179 179 179 179 179 179 179 179 179 179 178 178 179 178 178 178 179 179
 179 179 179 179 179 179 179 180 178 179 179 179 179 178 178 178 179 179
 179 179 179 178 179 179 178 179 179 179 179 179 179 179 179 179 180 179
 179 178 178 179 178 178 179 180 180 179 179 179 179 180 181 181 180 179
 178 178 177 179 181 180 179 179 179 180 180 179 178 178 178 179 177 174
 174 176 179 172 189 209 193 155 132 120 103  86  80  78  78  77 103 178
 181 178 180 181 180 179 182 181 180 180 180 181 181 181 181 180 181 182
 182 181 181 181 181 181 181 181 180 180 180 180 181 182 181 181 180 179
 180  28]","[ 29  30 174 175 174 174 174 174 175 175 175 174 174 175 175 175 174 174
 174 175 175 176 176 176 175 176 177 178 178 179 179 179 179 178 177 177
 177 178 179 179 179 179 179 179 179 179 179 179 179 179 179 178 178 177
 178 178 180 180 179 179 179 179 179 179 178 179 179 179 178 178 179 180
 179 179 179 179 179 179 179 179 179 179 180 179 179 178 178 179 179 179
 179 179 179 179 179 179 179 179 179 179 179 179 179 180 179 180 180 180
 179 179 179 179 177 179 179 178 180 182 179 173 175 182 187 186 182 179
 177 175 180 181 179 174 174 179 180 177 177 178 180 181 179 177 176 176
 178 174 177 180 202 205 171 143 128 106  89  80  82  79  72  81 129 188
 178 179 180 179 181 181 181 181 180 180 180 181 181 181 180 180 181 181
 181 180 180 180 181 182 182 181 181 180 180 180 181 182 181 182 181 180
 181  29]","[ 29  29 173 175 174 174 174 173 174 175 175 174 174 175 175 175 175 175
 175 176 176 177 177 178 176 176 176 177 178 179 179 179 180 178 177 177
 178 179 179 179 179 179 179 179 179 179 179 179 179 179 179 177 176 175
 176 177 179 179 178 178 178 179 179 179 178 178 179 178 177 177 178 179
 179 179 178 178 178 178 179 179 179 179 178 178 179 179 179 179 179 179
 179 179 179 179 179 180 179 179 180 179 179 179 179 180 180 180 180 180
 179 179 178 178 177 177 178 179 180 181 180 178 201 214 227 231 228 219
 203 189 176 175 174 177 183 185 180 173 174 173 175 178 178 176 176 179
 177 171 176 188 205 187 152 137 122  98  85  80  85  79  70  91 156 188
 178 179 179 178 180 181 180 180 180 180 181 181 181 181 181 180 180 181
 181 180 179 179 181 182 182 182 181 181 181 182 182 182 181 182 182 181
 182  30]","[ 29  29 173 174 174 175 174 173 174 175 175 174 174 175 175 175 175 175
 176 176 176 176 177 178 177 176 176 177 178 179 179 179 179 178 176 176
 177 179 179 179 179 179 179 179 179 179 179 179 179 179 179 177 174 173
 174 176 175 175 175 176 176 177 178 179 176 176 177 176 175 175 176 178
 178 178 178 177 177 178 178 178 178 177 176 176 178 179 179 178 178 179
 179 179 178 178 179 179 178 179 179 178 177 177 177 178 179 179 179 179
 179 179 178 177 176 173 175 182 182 179 183 194 220 215 204 193 194 200
 200 194 173 176 190 211 223 218 208 203 190 181 174 177 180 179 176 175
 176 175 181 194 195 159 129 124 115  96  87  79  80  75  69 102 174 185
 179 178 180 179 180 181 180 180 180 180 181 181 181 182 182 181 181 181
 180 179 179 180 180 181 181 181 181 181 181 182 181 181 180 180 181 181
 181  29]","[ 29  29 173 174 173 171 169 171 174 175 175 175 175 175 175 175 176 176
 177 177 175 175 176 176 178 177 177 178 179 180 179 179 178 178 177 176
 177 177 178 179 179 179 179 179 178 178 179 180 179 179 178 177 175 175
 175 175 176 176 176 176 175 175 175 176 175 176 177 177 176 176 176 176
 177 178 179 178 178 179 178 177 176 176 176 177 178 178 178 178 179 179
 179 179 179 179 179 179 180 180 179 178 178 178 179 179 177 177 178 180
 180 180 178 175 181 192 186 182 180 179 184 207 212 200 187 173 167 164
 159 164 169 191 215 216 204 197 197 199 198 192 180 177 178 177 176 178
 175 170 187 200 186 153 124 118 108  93  84  80  77  77  73 124 183 179
 178 180 180 179 180 179 179 179 179 180 181 182 182 181 180 180 181 181
 181 181 181 181 181 181 181 181 181 181 182 182 182 180 180 181 181 182
 180  30]","[ 29  29 172 172 168 164 163 166 172 173 175 175 175 175 175 175 175 175
 176 176 175 175 175 176 177 177 177 177 178 179 179 179 179 178 178 178
 177 178 178 178 179 179 179 178 178 178 178 178 179 179 178 177 176 175
 175 175 176 175 175 175 175 174 174 174 174 175 175 175 175 175 175 176
 176 177 178 177 177 177 177 177 176 176 176 176 177 177 177 177 178 178
 178 179 179 179 179 179 178 179 179 180 180 179 179 178 178 182 179 177
 178 175 177 192 224 234 234 223 204 193 195 214 206 197 199 199 183 163
 149 147 159 194 224 213 195 186 178 174 182 179 180 179 178 177 178 174
 174 179 203 204 179 157 141 121 102  81  75  76  78  79  74 143 184 180
 180 181 181 180 180 180 179 179 180 180 181 181 181 181 180 180 180 180
 181 181 181 181 181 181 181 181 181 181 182 182 181 180 180 180 180 181
 179  29]","[ 29  30 172 170 164 159 159 163 169 171 174 175 175 176 175 175 175 175
 175 175 175 175 175 175 177 177 177 177 178 179 179 179 179 179 179 179
 178 178 178 178 179 179 178 178 178 178 178 177 180 179 178 178 178 177
 176 175 176 175 175 176 176 175 174 174 174 174 173 173 173 173 174 175
 177 178 178 176 175 176 176 176 176 176 176 176 176 176 176 176 178 178
 179 179 179 179 179 178 178 179 179 180 180 180 179 179 176 180 179 179
 181 182 198 225 230 221 216 214 210 210 208 216 223 236 246 250 245 216
 177 147 143 180 222 217 203 190 179 174 166 151 157 169 176 174 179 177
 174 194 210 192 164 154 148 121  93  74  73  75  77  76  81 163 183 180
 179 181 180 180 180 179 179 179 179 179 179 179 180 180 180 180 180 180
 180 181 181 181 181 181 181 181 181 181 181 181 181 180 180 180 180 180
 179  28]","[ 29  30 172 169 163 159 159 164 169 171 173 174 175 175 175 175 175 175
 175 175 176 176 176 176 177 177 177 178 178 179 179 179 177 178 178 179
 178 178 178 178 179 178 178 178 178 178 178 178 178 177 176 177 178 179
 177 176 176 175 175 177 177 176 175 175 174 174 174 174 174 174 175 175
 179 179 179 177 175 175 175 176 177 177 177 176 176 176 176 176 177 178
 178 178 179 178 178 178 180 179 179 179 179 179 180 180 181 178 179 179
 173 179 202 220 222 217 218 214 207 201 198 209 221 226 234 243 246 251
 238 197 166 174 207 213 205 186 173 171 165 140 143 159 178 176 176 172
 178 205 198 168 148 140 127 108  87  75  75  76  75  71 101 173 181 178
 178 179 179 179 179 178 179 179 179 179 179 178 179 179 180 180 180 180
 180 180 181 181 181 181 180 180 180 180 181 181 181 180 181 181 181 181
 178  28]","[ 30  29 170 168 165 161 162 166 170 171 173 174 174 175 175 175 175 175
 174 175 176 177 176 176 177 177 177 177 178 178 178 178 177 177 178 178
 177 177 177 178 177 177 177 177 178 179 178 178 177 176 175 176 177 178
 177 175 176 176 176 177 178 177 175 175 176 176 176 176 176 176 176 176
 178 178 178 177 176 174 174 175 177 177 177 176 176 176 176 176 176 176
 176 176 176 176 176 176 180 180 179 179 178 179 179 179 180 177 179 179
 179 193 213 222 221 217 213 208 208 198 187 191 207 198 187 197 218 236
 248 248 221 198 204 208 203 189 174 165 158 140 138 145 170 176 176 174
 195 210 183 158 141 128 104  91  82  74  73  76  73  72 131 179 180 178
 178 179 179 179 180 179 179 179 180 180 179 179 179 180 180 180 180 180
 180 180 180 181 181 181 180 180 180 180 180 181 181 180 181 181 181 180
 178  28]","[ 29  29 170 169 167 165 164 168 171 172 173 173 173 174 175 174 175 174
 174 175 175 176 176 175 176 176 176 177 176 176 177 177 177 177 178 178
 177 176 176 177 176 176 176 177 178 178 178 178 178 177 177 177 177 177
 177 176 178 178 178 179 178 177 176 175 176 176 176 176 176 176 176 176
 176 176 176 177 176 174 174 175 176 176 176 176 175 175 176 176 176 176
 176 175 175 175 175 175 178 179 179 179 179 178 177 177 177 181 179 177
 186 199 211 219 225 225 218 211 210 195 181 175 173 145 137 154 166 182
 210 229 248 249 252 245 223 213 211 210 200 185 179 174 179 174 170 178
 207 194 163 145 126 111  89  78  78  75  76  77  72  82 156 185 179 178
 178 179 179 180 180 179 178 178 179 179 179 179 179 179 179 179 180 180
 180 180 180 180 180 180 180 180 180 180 180 180 181 180 180 180 179 179
 178  28]","[ 30  29 171 171 169 167 166 169 171 172 173 173 173 173 174 174 175 174
 174 175 175 175 175 175 176 176 176 176 176 175 176 176 176 177 178 178
 177 176 176 176 176 177 177 178 178 178 178 178 179 178 178 177 177 177
 177 177 179 179 179 179 179 177 176 176 175 175 174 174 175 175 175 174
 175 174 175 176 176 175 174 175 175 175 175 175 175 175 176 177 176 176
 176 176 175 175 175 174 177 177 177 178 177 177 176 175 175 178 178 179
 185 194 205 216 217 220 218 216 215 197 179 156 151 130 117 122 135 148
 171 203 224 247 252 252 249 249 242 236 226 210 207 203 194 181 179 194
 202 169 144 128 113  98  87  81  76  76  81  77  77 112 175 183 179 178
 179 179 178 179 180 178 176 176 176 177 178 178 179 179 179 179 180 180
 180 180 179 179 180 180 180 180 180 180 180 180 180 179 180 179 178 179
 178  29]","[ 29  28 171 171 170 167 166 169 170 172 172 172 172 173 173 173 175 175
 175 175 175 175 175 175 176 176 177 176 176 175 176 176 175 176 178 179
 178 177 176 176 177 178 179 179 179 178 178 179 177 177 177 176 175 175
 176 177 178 178 179 179 178 177 176 177 176 175 174 174 174 175 175 175
 175 174 175 176 176 175 174 175 175 175 175 175 175 176 177 178 175 176
 176 176 175 174 174 173 177 176 176 175 175 175 176 176 177 171 177 180
 173 178 195 204 208 211 209 208 204 188 176 146 128 118 120 129 136 147
 166 194 211 245 246 250 249 243 224 220 193 172 168 164 158 165 179 198
 175 140 123 106  99  82  77  76  77  76  82  73  86 146 188 177 180 179
 180 180 179 179 180 178 176 176 176 177 178 179 179 179 178 179 180 180
 180 180 179 178 180 180 180 179 180 180 180 180 180 179 180 179 178 179
 178  29]","[ 28  29 169 171 167 169 168 169 172 171 170 172 173 173 172 172 173 175
 177 176 174 174 175 176 175 175 174 174 175 175 175 175 174 176 175 175
 177 176 174 176 176 177 178 178 177 176 176 177 178 178 176 175 175 177
 178 177 177 176 176 176 174 175 175 174 176 175 172 171 173 174 173 174
 172 173 173 174 174 175 175 175 174 175 175 175 175 174 174 173 174 174
 174 174 174 174 173 173 174 176 174 174 176 174 173 176 173 174 176 178
 156 163 179 195 201 204 193 194 192 175 163 129 105  90  97 105 121 141
 159 188 201 209 219 222 214 201 180 159 130 119 114 107 106 129 170 175
 138 111 102  89  80  77  76  75  75  77  84  76 135 179 181 178 176 177
 179 179 179 177 176 176 175 176 176 177 178 179 179 179 178 179 179 179
 180 179 179 179 180 180 179 179 179 179 179 179 180 178 179 179 179 178
 178  29]","[ 28  31 166 167 169 169 169 170 168 170 172 173 171 170 171 173 173 173
 172 172 173 174 173 172 175 175 175 175 175 175 174 173 176 176 173 171
 173 173 174 177 173 175 178 180 180 178 175 174 175 177 177 176 174 176
 178 179 178 176 177 177 176 176 176 175 172 173 173 173 175 175 174 175
 176 175 174 173 172 172 173 174 170 172 174 175 175 175 174 174 174 173
 172 172 172 173 174 175 174 175 174 173 174 173 174 176 177 175 180 167
 137 141 167 188 188 185 185 186 178 169 157 111  96  80  78  79  86  97
 104 122 142 155 165 164 158 150 132 112  95  90  94  97 102 117 141 137
 106  87  83  82  77  73  74  76  78  79  79  96 162 181 181 175 177 178
 179 180 180 179 179 179 177 177 178 178 178 179 179 179 179 179 179 179
 179 179 179 179 179 179 179 179 179 179 179 179 179 178 179 180 179 179
 178  29]","[ 27  33 168 167 171 166 167 169 171 170 170 170 170 170 171 172 170 172
 173 172 173 174 174 175 171 171 172 173 174 174 175 175 174 176 175 175
 176 175 173 174 177 176 175 175 176 176 177 177 176 178 178 176 174 174
 175 176 177 174 175 176 176 176 175 173 174 175 173 172 172 173 173 175
 174 173 172 171 170 168 169 170 174 174 174 173 173 173 174 175 173 173
 174 174 174 174 174 174 175 175 176 176 174 174 175 174 176 177 180 148
 116 125 161 180 187 179 176 172 166 165 151 104  89  73  61  58  64  75
  85  96 106 115 121 120 115 104  90  81  81  79  86  93 100 107 118 114
  85  71  70  75  73  71  73  75  76  77  74 127 179 175 175 174 175 176
 178 179 179 179 179 179 180 180 180 180 180 180 179 179 180 179 179 179
 179 179 179 178 178 179 179 179 179 178 177 177 176 176 178 179 179 179
 178  29]","[ 27  29 167 166 170 168 168 168 165 166 169 172 173 173 172 171 170 172
 173 171 169 169 170 171 174 174 173 172 172 172 173 174 173 173 172 171
 172 172 173 173 174 174 174 175 175 175 175 174 174 174 173 174 175 175
 175 175 176 174 175 177 176 175 175 174 173 174 172 171 172 173 174 177
 173 173 173 173 171 170 170 171 169 171 173 174 175 175 175 174 173 173
 172 172 172 172 172 172 175 172 174 174 172 174 175 173 179 182 168 117
  91 103 151 173 178 175 165 151 147 137 114  82  83  72  58  54  58  65
  71  74  76  82  86  89  91  86  82  84  76  77  81  87  93 101 112 117
  88  65  68  71  68  70  73  73  79  76  84 160 181 175 173 178 175 175
 176 177 178 178 179 179 179 179 179 179 178 178 178 178 179 179 178 179
 179 179 179 178 179 179 179 179 178 176 176 175 175 175 177 179 179 179
 178  29]","[ 32  26 166 165 165 167 164 162 165 167 168 168 166 166 168 172 171 171
 170 170 171 173 173 172 170 170 171 171 171 171 172 172 173 174 174 174
 174 174 174 172 172 173 174 173 173 174 174 174 174 174 174 174 174 173
 173 172 174 172 174 176 174 173 174 174 173 173 173 173 174 173 171 170
 172 172 172 172 171 171 171 171 171 171 171 171 171 171 172 173 175 174
 172 170 170 171 173 174 174 170 171 172 171 173 175 174 183 179 145  98
  81  81 127 162 171 168 152 131 125 110  90  78  76  69  55  49  49  53
  58  57  63  71  72  69  72  75  74  74  72  74  77  82  87  94 104 117
  99  60  63  67  66  67  73  74  79  70 104 175 173 174 171 173 175 175
 176 176 177 178 178 179 179 179 179 179 179 179 178 178 177 177 178 178
 179 179 178 177 179 179 179 179 177 176 175 175 176 176 178 180 180 179
 178  29]","[ 28  27 167 170 169 173 171 171 167 166 165 163 162 163 165 168 170 171
 172 172 173 174 175 175 173 173 174 175 174 173 172 171 173 175 178 180
 178 178 176 171 173 174 173 172 172 174 176 176 173 176 178 177 174 172
 173 175 174 173 175 176 174 172 172 173 174 174 172 172 175 175 173 173
 172 173 172 170 170 172 173 172 171 172 172 172 172 172 172 172 170 170
 170 170 171 171 171 171 170 169 171 174 173 170 170 171 184 160 112  86
  80  70 104 153 163 148 130 114 110 102  94  82  71  62  48  39  38  44
  55  60  57  63  65  65  67  70  72  72  72  74  77  81  84  92  99 112
 110  65  58  65  66  65  70  77  77  79 138 182 173 174 175 173 174 174
 174 174 175 175 175 175 177 177 178 178 178 178 177 177 175 175 176 176
 176 176 176 176 177 177 178 177 176 175 175 175 176 176 178 179 179 179
 178  29]","[ 29  31 149 148 144 142 139 141 142 142 144 148 151 150 148 146 151 154
 157 155 151 149 150 151 148 150 153 158 161 164 165 166 165 164 165 164
 163 166 168 166 161 165 169 172 173 173 170 166 164 168 172 173 171 170
 172 176 173 170 171 172 170 167 167 168 157 156 154 156 162 166 168 171
 172 175 175 172 173 176 175 171 160 164 170 175 177 175 172 170 171 172
 173 175 175 175 174 174 167 168 170 174 173 170 173 181 185 150  99  76
  68  61  83 136 144 130 118 112 112 108  99  73  61  54  45  36  32  33
  38  44  51  52  56  59  60  61  65  68  68  72  77  80  81  90  96 110
 116  85  59  64  64  65  68  76  71  97 157 174 170 171 175 174 174 174
 174 174 175 175 175 175 174 175 175 175 175 175 175 174 176 176 176 175
 174 174 175 176 175 176 177 177 176 175 174 174 175 175 177 178 178 178
 177  28]","[ 30  27 116 113 116 116 115 116 115 115 114 113 112 112 113 115 113 116
 119 120 120 119 118 118 117 117 116 117 119 120 121 121 121 121 124 125
 123 127 129 125 125 128 132 134 137 138 135 130 134 135 137 138 136 133
 134 135 136 132 132 133 130 127 127 127 130 130 129 131 136 139 140 142
 138 143 145 143 145 148 144 137 138 138 138 138 138 139 140 141 141 140
 138 137 138 140 143 145 147 146 145 147 149 150 162 180 182 159 122  90
  64  58  64 109 118 115 107 103 106 106  98  70  52  46  43  37  32  29
  30  36  41  47  53  52  51  59  67  65  67  73  81  84  78  84  89 102
 117 106  62  61  60  66  68  73  74 118 161 166 170 176 178 178 178 178
 178 179 179 180 179 179 179 179 180 180 180 179 179 179 179 179 178 177
 175 175 177 178 176 177 179 178 177 175 175 174 175 174 176 178 178 178
 177  29]","[ 30  30 113 112 113 116 117 116 114 112 112 113 114 113 113 114 113 114
 115 116 117 118 119 119 116 116 115 115 116 116 117 118 116 115 115 116
 117 117 116 116 116 119 119 116 114 117 120 122 121 120 119 119 118 118
 117 117 115 115 117 118 118 117 118 120 118 117 117 117 115 114 115 118
 116 117 116 115 118 119 118 114 113 114 115 116 117 118 117 116 113 114
 116 117 115 114 114 115 119 119 113 115 118 123 150 171 163 132 119  97
  72  58  58  89 106 114 109 104 130 141 116  80  56  44  43  39  32  31
  30  30  34  39  44  43  47  56  62  66  69  75  80  80  80  80  83  92
 113 120  85  57  62  64  67  75  75 116 132 130 138 147 147 143 144 145
 145 146 147 149 151 152 156 161 165 165 163 163 165 166 165 163 165 164
 169 170 176 178 179 179 179 179 178 177 176 175 173 176 175 178 178 183
 177  32]","[ 29  29 113 113 113 115 115 115 114 113 113 114 115 114 115 115 116 116
 117 117 117 118 118 118 117 117 116 116 116 116 116 116 117 116 116 117
 118 118 118 117 117 119 120 119 119 120 121 120 120 120 121 121 121 120
 119 119 118 118 119 119 119 118 119 120 120 120 122 123 122 120 120 121
 122 122 121 121 122 124 122 119 118 119 120 121 122 122 122 121 118 118
 119 120 120 119 118 119 120 118 123 120 124 120 160 163 140 116 109  95
  74  58  53  72  96 110 109 120 170 174 150 110  66  45  40  40  32  28
  29  32  33  29  30  34  41  50  57  63  67  74  79  80  80  78  77  83
 102 124 104  61  55  66  70  78  96 117 122 116 118 118 119 121 119 120
 121 122 123 123 123 122 120 122 123 122 121 122 123 123 124 122 122 122
 127 126 127 126 123 124 125 125 126 126 125 125 127 131 130 133 133 135
 142  26]","[ 29  29 114 116 115 114 114 114 115 115 116 115 115 116 116 116 117 117
 117 117 117 116 116 116 118 118 117 117 116 115 115 115 117 116 115 116
 117 118 117 117 117 118 119 120 121 121 120 117 116 116 117 117 118 117
 117 117 120 119 119 119 118 117 118 119 120 121 122 123 123 122 121 121
 120 120 120 119 119 120 119 117 117 118 119 119 119 119 119 119 117 117
 117 119 119 119 118 117 119 115 117 116 116 144 189 186 167 140 121 100
  76  63  60  67  88 112 110 133 188 181 157 124  83  50  39  40  32  30
  32  30  36  30  29  31  38  48  55  62  66  73  77  79  81  78  77  79
  92 117 125  84  57  64  70  81 111 121 122 122 123 121 123 126 125 126
 127 128 128 128 127 127 129 129 127 126 126 127 128 127 128 126 127 126
 129 127 128 127 126 126 127 128 128 127 127 127 125 128 125 124 126 124
 128  29]","[ 30  29 115 118 117 115 114 114 115 116 117 116 115 117 118 117 117 117
 116 116 116 116 115 115 118 118 118 117 117 116 115 114 116 114 113 114
 116 117 117 116 117 117 117 117 118 119 119 117 116 116 116 116 116 116
 117 118 119 119 119 118 117 117 117 118 119 119 119 119 119 120 120 120
 119 119 119 118 117 118 117 116 117 118 118 119 119 118 117 116 118 118
 119 120 121 120 119 118 120 119 119 121 125 178 193 187 166 141 118  96
  74  63  58  51  75 106 110 139 177 173 154 135  99  53  34  38  31  28
  33  33  35  34  32  27  30  41  52  61  69  75  76  77  80  77  76  78
  85 103 131 109  69  63  73  87 110 118 122 124 125 125 126 123 126 125
 125 126 127 128 129 129 130 128 127 126 127 128 128 128 127 127 128 123
 123 122 127 130 130 130 129 129 129 129 128 128 128 130 129 125 129 130
 128  28]","[ 29  28 114 118 118 117 114 114 115 116 117 115 115 117 117 117 117 117
 117 117 117 117 117 117 117 117 118 118 117 116 115 114 116 114 113 114
 116 117 117 117 117 117 116 116 116 117 118 118 117 117 117 116 116 116
 118 119 119 119 119 119 118 118 118 118 118 118 118 118 118 120 121 121
 120 121 120 119 118 118 118 117 119 118 119 120 121 121 119 117 118 119
 121 122 122 121 120 120 118 118 122 129 152 183 171 153 120  97  80  72
  62  58  57  52  53  84 107 136 159 160 146 135 111  60  37  39  29  26
  42  50  44  40  36  29  28  38  53  66  73  80  78  79  82  79  78  78
  80  92 118 120  92  69  75  99 118 123 124 125 124 124 126 122 124 123
 123 123 125 126 128 128 127 126 126 126 127 127 128 128 128 127 126 120
 119 119 126 128 129 129 129 129 129 129 130 130 127 127 130 126 126 130
 131  30]","[ 29  29 115 117 118 117 116 115 115 115 116 115 115 116 116 116 117 117
 118 118 117 117 117 117 116 117 117 118 117 117 116 115 116 115 114 115
 117 117 117 118 116 116 117 117 117 117 117 118 115 115 116 117 116 116
 117 118 118 119 119 118 118 118 118 117 116 117 118 119 120 121 121 120
 119 119 119 119 118 117 116 117 117 117 117 119 121 121 119 117 117 117
 119 120 120 119 118 119 119 119 120 139 162 157 134 109  86  65  56  59
  57  51  48  47  51  65  86  89  91  88  90  88  88  57  39  32  22  37
  68  76  55  44  37  32  31  35  45  59  67  77  78  83  86  82  82  80
  79  84  95 119 119  82  75 110 121 122 122 125 124 122 124 124 125 125
 125 126 126 127 126 126 125 125 126 126 126 126 126 127 127 125 123 119
 122 123 127 126 129 129 129 128 129 129 130 130 131 126 129 128 126 126
 129  28]","[ 29  30 116 117 116 117 117 116 115 114 114 115 115 115 115 115 117 117
 117 117 117 117 117 117 116 117 117 118 117 117 116 116 116 116 116 116
 117 116 116 117 116 116 116 117 117 117 117 118 117 118 119 118 118 117
 118 119 117 118 118 117 117 118 118 117 116 118 119 119 119 120 120 119
 119 119 119 119 119 117 117 117 117 117 118 119 119 120 119 119 119 118
 118 119 119 119 119 120 118 118 130 164 171 160 142 124 105  82  64  52
  46  43  40  42  34  42  64  69  63  56  58  55  59  51  45  37  35  66
 103 105  70  56  45  39  37  39  45  57  65  78  82  88  90  84  82  78
  79  80  81 104 124 104  93 118 122 123 122 126 127 123 123 125 123 124
 125 126 126 125 124 124 127 126 126 127 126 126 126 128 127 126 125 122
 126 128 130 127 129 129 129 129 128 128 128 128 130 127 127 130 130 128
 129  28]","[ 28  30 117 116 113 115 116 116 116 114 113 115 115 114 114 115 116 116
 116 117 117 117 117 118 116 117 117 117 117 117 116 116 117 117 117 118
 117 116 116 117 118 117 116 117 118 118 118 119 118 118 118 116 115 115
 117 118 118 118 117 116 116 117 118 117 119 120 120 119 118 119 119 119
 118 118 119 119 118 117 116 116 116 117 118 117 117 117 118 119 120 118
 116 116 118 119 119 119 120 113 138 165 162 158 156 148 129 114  96  72
  61  59  49  44  38  41  51  67  64  64  61  57  49  45  45  46  47  71
 101 101  77  63  48  35  32  39  49  60  80  94  97 100  98  87  83  77
  78  81  78  82 109 127 124 124 121 125 123 123 126 126 126 126 124 125
 126 126 126 126 126 126 128 127 126 126 126 126 127 129 128 129 129 125
 126 126 129 127 127 128 129 130 130 130 130 129 128 132 130 128 129 127
 129  29]","[ 30  28 115 117 113 114 116 115 115 114 114 115 115 115 115 115 115 115
 116 117 117 117 116 116 114 115 116 116 115 115 116 117 116 116 116 116
 116 116 116 116 116 115 116 117 117 117 117 118 118 118 118 117 116 116
 117 118 117 117 116 115 116 117 117 117 118 118 118 118 118 119 118 117
 119 118 119 119 118 117 116 116 117 116 117 117 117 117 116 117 118 117
 117 117 117 117 118 119 120 115 152 160 161 159 152 143 129 123 114  97
  80  68  57  51  48  41  60  78  67  63  55  50  44  44  44  44  49  63
  76  72  60  53  45  46  62  87  97  90  98 100 102  98  91  83  77  74
  75  75  75  78  90 113 127 121 121 124 123 122 123 124 125 127 125 125
 124 125 125 126 126 126 129 128 126 125 125 126 127 128 128 128 127 127
 127 127 126 125 127 128 129 130 130 129 128 128 128 128 131 129 129 128
 127  30]","[ 29  29 116 117 113 114 116 115 115 115 115 116 116 115 115 115 116 116
 117 118 118 117 116 115 114 115 115 115 115 115 115 116 115 115 115 115
 115 115 116 116 116 116 116 117 117 115 115 116 117 117 118 117 117 117
 117 118 118 117 116 116 117 117 117 117 117 117 117 116 116 116 117 117
 118 118 118 118 118 117 117 117 117 116 117 118 118 117 117 117 117 117
 117 117 117 117 118 118 119 116 161 169 164 155 154 153 158 151 132 108
  92  77  60  54  47  46  66  86  76  65  51  43  41  43  45  45  46  56
  56  46  47  60  80 101 121 134 130 116 108 109 107  98  85  74  69  69
  73  72  73  75  81  98 118 127 122 124 123 122 124 124 124 126 125 125
 125 125 126 126 126 126 127 126 126 125 125 126 126 127 127 127 126 126
 126 126 126 125 127 128 129 129 129 129 128 127 127 127 129 127 128 127
 126  29]","[ 29  29 116 116 113 113 115 115 112 113 114 114 113 112 113 113 115 116
 116 117 116 115 114 113 113 114 115 115 115 115 115 115 115 115 115 115
 114 115 116 117 117 117 117 117 116 115 114 115 115 116 116 117 117 117
 117 117 117 117 117 117 117 117 117 116 115 116 116 115 115 115 117 118
 117 117 117 117 117 117 117 118 117 116 116 117 118 118 117 117 117 116
 116 117 118 117 118 118 119 129 174 172 172 176 186 182 169 151 119  89
  76  64  52  53  49  48  58  76  71  60  51  45  43  39  42  41  29  37
  53  77 108 129 145 146 138 130 126 125 118 115 109  98  83  70  66  67
  68  68  71  74  76  82  99 117 121 122 122 122 124 124 123 124 125 125
 125 125 125 125 125 126 125 124 124 125 126 126 125 125 126 125 125 125
 125 126 125 125 127 128 128 128 128 127 127 126 127 126 127 125 127 127
 126  28]","[ 29  29 115 115 113 113 114 114 113 114 115 115 114 114 114 114 114 114
 114 114 114 113 113 112 112 113 114 115 116 115 115 114 114 114 115 115
 115 115 116 117 117 117 117 117 115 114 114 115 114 114 115 115 116 116
 115 115 116 116 117 117 117 117 116 115 114 115 115 114 115 116 117 118
 116 116 116 117 117 117 117 117 116 115 115 116 118 117 116 116 116 116
 116 117 118 118 118 119 118 150 181 175 178 183 181 161 136 115  90  72
  65  55  46  50  50  46  47  62  64  57  53  47  48  45  41  34  39  81
 109 132 141 142 136 129 127 123 117 113 115 108  99  92  82  72  67  66
  65  66  68  71  75  76  82  98 117 120 121 121 123 123 122 123 124 124
 125 124 124 123 124 124 123 123 124 125 125 125 124 123 124 124 124 124
 125 125 125 125 126 126 126 126 126 126 126 126 127 126 127 125 126 126
 126  29]","[ 29  29 112 113 113 113 112 111 112 114 115 114 114 114 114 114 114 114
 113 113 112 113 113 113 112 113 114 115 115 114 113 112 112 113 114 114
 114 114 115 115 116 116 115 114 114 114 114 114 114 114 114 114 114 114
 115 115 115 116 117 117 117 116 115 115 114 114 114 114 114 115 116 115
 116 115 116 116 116 116 115 116 116 115 114 116 117 117 116 116 115 115
 116 117 117 118 119 119 121 165 178 180 181 172 161 142 120 108 106 105
 101  96  87  81  66  57  48  53  58  54  54  48  42  41  38  43  71 125
 137 136 131 130 123 117 115 111 105 104 101  92  83  79  74  68  64  64
  65  65  65  65  71  73  74  86 115 119 121 122 123 122 122 123 123 123
 124 124 123 123 123 123 123 123 123 124 124 124 124 123 123 123 123 123
 124 125 125 125 125 125 125 125 125 126 126 126 128 127 128 126 126 125
 126  29]","[ 29  29 111 111 113 114 111 110 110 112 114 113 113 113 114 113 113 112
 111 111 111 111 112 113 114 115 115 115 115 113 112 111 111 111 112 112
 113 113 113 113 114 114 114 113 113 114 114 114 114 114 114 113 113 113
 114 115 115 116 116 117 116 115 115 114 115 115 114 114 114 115 114 113
 115 115 115 116 116 115 114 115 116 115 114 115 116 116 116 116 116 115
 115 116 117 117 118 119 131 176 176 180 179 172 169 167 166 160 162 154
 136 122 104  85  69  58  49  46  49  48  50  47  44  39  44  68  96 122
 124 127 124 119 109 104 104 102  95  89  89  82  75  70  66  63  62  64
  64  65  67  64  68  70  70  82 115 119 122 123 123 122 121 123 122 123
 123 123 123 123 122 122 122 123 123 123 123 123 123 123 123 123 122 123
 123 124 124 124 125 125 124 125 125 126 126 127 128 128 129 126 126 125
 125  29]","[ 29  29 111 111 114 114 111 111 112 114 115 114 114 115 114 113 111 111
 110 109 109 110 111 111 114 114 114 114 112 111 111 111 111 110 110 111
 112 112 112 111 112 113 113 112 113 115 114 113 113 113 112 112 112 112
 114 115 114 114 115 115 115 114 114 114 115 115 114 113 113 114 114 114
 115 114 114 115 115 114 114 114 115 114 113 114 114 114 115 116 117 116
 115 115 115 115 116 118 148 182 180 179 177 174 174 175 174 166 158 139
 116  99  84  72  69  64  64  55  49  45  45  40  45  46  53  73  98 115
 118 119 115 109 103  99  98  97  93  85  80  76  71  67  64  63  63  63
  64  63  69  69  70  70  72  88 114 119 121 122 123 122 121 123 122 122
 122 123 123 123 122 122 122 122 123 122 122 121 122 123 122 122 121 122
 122 123 123 123 124 124 124 124 124 125 125 125 126 126 127 125 125 125
 125  28]","[ 29  30 112 111 114 113 111 112 111 113 114 112 112 113 112 110 110 110
 109 109 108 109 109 110 111 112 111 110 109 109 110 111 112 111 110 110
 112 112 112 111 110 111 111 112 113 114 113 111 110 111 111 111 111 111
 113 114 112 113 114 114 113 113 113 113 114 114 114 112 111 112 114 115
 114 114 113 114 114 114 114 115 114 113 112 112 113 113 114 115 118 116
 115 114 114 114 115 116 167 182 181 178 178 178 177 179 178 158 134 110
  94  89  93 105 108 102 100  77  56  45  43  40  47  58  68  82 100 112
 117 115 110 105 101  97  92  91  89  82  72  69  66  64  65  65  63  60
  67  61  68  72  73  74  81 103 113 117 119 120 122 123 122 122 121 121
 121 122 123 123 122 121 121 122 122 122 121 120 121 122 122 121 121 121
 121 122 122 122 122 123 123 123 123 123 124 124 124 123 124 123 125 126
 126  28]","[ 29  30 110 110 112 110 109 109 111 112 113 113 112 110 110 110 108 109
 109 109 109 109 108 108 109 109 109 109 110 110 110 109 112 110 109 110
 111 111 111 111 111 111 111 112 113 113 112 111 112 111 111 110 110 111
 113 114 113 113 113 114 115 115 113 112 114 114 112 111 111 112 113 114
 114 114 114 114 114 115 114 114 113 113 113 114 114 114 114 114 115 115
 115 113 114 117 113 126 169 169 172 175 176 178 176 170 152 121 107 115
 133 155 160 153 135 112  93  76  63  67  73  65  65  71  81  92 102 112
 116 113 111 103  96  93  88  83  79  75  68  65  63  62  64  65  65  64
  64  68  71  73  81  75  89 115 116 118 120 120 121 123 123 121 122 121
 122 122 123 123 122 122 122 122 122 122 121 121 121 121 121 122 122 122
 121 121 122 122 121 122 123 123 122 122 123 124 123 123 123 125 126 126
 124  29]","[ 29  30 109 108 110 108 107 107 110 111 111 112 111 109 108 108 107 107
 108 108 108 108 108 108 109 108 108 108 109 109 109 109 109 109 109 109
 109 109 109 110 110 110 110 110 111 112 111 110 110 110 109 109 109 110
 111 112 112 112 112 113 113 113 112 112 113 112 111 111 111 112 112 112
 113 114 114 114 114 114 113 112 113 113 114 114 115 115 114 114 113 114
 114 113 114 116 114 132 164 165 166 169 172 172 165 154 130 121 140 171
 179 169 153 137 138 126 109 105 115 124 112  93  84  83  85  91  99 108
 111 109 108  99  91  86  80  77  75  73  66  65  63  63  64  65  66  65
  70  67  74  77  76  84 104 115 116 118 119 119 120 122 123 121 120 120
 120 121 122 122 122 121 121 122 122 122 122 122 122 122 121 121 122 121
 121 121 121 122 122 123 123 123 123 123 123 124 123 124 123 124 125 126
 123  29]","[ 30  30 108 107 109 107 106 107 110 110 110 110 109 108 107 107 105 106
 106 107 108 108 108 108 108 108 108 108 108 108 108 108 107 107 108 109
 108 108 108 109 109 109 108 109 110 110 110 109 109 110 110 110 110 110
 110 111 110 111 112 112 112 111 111 112 112 111 110 110 111 111 111 110
 112 112 113 113 113 113 112 111 113 113 113 114 114 114 114 114 113 115
 114 114 115 114 115 139 161 163 163 164 167 164 151 140 130 157 184 186
 166 151 155 162 159 147 142 152 155 160 140 115 101  93  87  88  92  98
 100  99  96  90  86  83  78  73  70  68  65  64  63  63  65  66  68  68
  73  71  76  80  79  97 115 115 117 118 119 118 119 121 122 121 119 119
 119 120 120 121 121 121 121 121 121 122 122 123 123 122 121 122 122 121
 121 121 121 122 122 123 123 123 122 122 123 124 124 124 123 124 125 125
 124  30]","[ 30  30 108 107 108 107 107 107 110 109 109 109 109 108 107 108 104 105
 106 106 107 108 108 108 108 108 108 107 107 107 106 106 106 106 107 108
 107 107 108 109 109 108 108 108 109 109 109 109 111 111 111 111 111 110
 109 109 110 110 110 110 111 111 111 111 112 111 110 109 110 110 110 110
 111 111 111 112 113 112 111 111 111 111 111 111 112 112 113 114 113 115
 113 115 115 113 116 141 157 158 159 162 164 156 148 147 175 194 185 163
 161 170 178 181 174 170 171 179 167 166 148 128 107  96  88  87  88  89
  88  86  81  79  80  80  76  72  68  65  65  65  64  64  65  68  70  72
  73  78  77  83  93 109 114 116 118 119 119 118 118 119 120 120 120 119
 119 119 119 120 121 121 121 121 120 121 122 122 122 122 122 122 122 121
 121 121 122 122 121 122 122 122 121 121 122 122 124 124 123 123 123 124
 123  29]","[ 29  29 107 105 107 106 106 107 108 108 108 108 108 108 108 108 105 105
 105 106 107 107 108 108 108 108 107 107 106 105 105 105 106 105 105 105
 106 106 107 107 108 108 108 108 108 109 109 109 110 110 111 111 110 109
 109 108 110 109 108 109 110 111 111 110 111 111 111 110 109 109 110 111
 111 110 110 111 112 111 111 111 111 110 109 109 110 111 113 114 113 114
 111 114 115 114 117 139 148 149 153 158 158 152 156 170 191 182 165 160
 174 185 183 176 177 186 180 173 163 161 139 123 107  97  89  86  85  82
  79  76  72  71  72  72  69  68  67  66  65  65  65  65  66  69  72  75
  75  81  78  89 105 115 112 117 118 119 119 119 118 119 119 119 121 120
 118 118 118 119 120 121 122 121 120 120 121 121 122 122 122 122 122 121
 122 122 122 122 121 121 121 121 121 121 121 122 122 122 121 121 121 122
 121  28]","[ 29  29 106 105 107 106 106 106 106 105 105 106 106 106 106 107 105 105
 105 106 106 107 107 107 108 108 108 107 106 106 106 106 107 105 104 105
 106 106 107 107 108 107 107 107 107 108 108 109 108 109 109 109 109 109
 109 109 109 108 107 108 109 110 109 108 111 111 111 110 109 109 111 112
 111 110 110 111 111 110 110 111 111 110 109 109 109 111 113 114 112 112
 109 114 115 116 120 134 140 142 147 152 153 154 167 185 186 162 160 174
 180 182 176 169 183 184 175 166 151 143 123 108 100  91  85  81  77  74
  71  68  67  66  67  67  65  64  65  65  65  66  66  67  68  71  74  76
  78  79  84  99 109 114 114 116 116 117 118 118 119 119 119 119 120 119
 118 118 118 118 119 119 122 122 121 120 120 121 121 121 122 121 121 121
 121 122 122 122 122 122 122 121 121 121 122 122 123 123 122 122 121 122
 122  29]","[ 29  29 106 104 106 105 104 104 105 104 103 103 104 104 104 105 105 105
 105 105 105 105 105 105 106 107 107 107 106 106 106 107 106 105 105 105
 106 106 107 108 107 106 106 106 106 106 107 108 108 108 108 108 108 108
 109 110 109 108 108 108 109 109 109 108 110 110 111 110 110 110 110 111
 110 109 110 111 110 109 109 111 111 110 109 109 110 111 112 113 111 112
 110 114 113 115 119 126 133 137 143 147 152 161 172 177 163 152 166 175
 169 162 158 166 184 172 165 159 139 122 108  98  88  81  76  72  69  66
  64  62  62  62  65  66  64  64  64  63  65  67  68  70  71  73  75  77
  79  82  96 107 112 112 116 115 116 116 116 117 118 118 118 118 119 119
 118 118 119 118 118 118 121 121 121 121 120 120 119 119 121 120 120 120
 120 121 121 121 122 122 122 122 122 122 122 122 123 123 123 122 122 123
 122  30]","[ 28  28 105 103 104 103 102 102 105 103 102 102 103 103 103 104 105 105
 105 104 104 104 104 104 104 104 105 105 105 105 105 106 105 105 105 106
 105 105 106 107 106 105 105 104 104 105 106 107 108 108 107 107 107 107
 108 109 109 109 110 110 109 109 109 109 109 109 110 110 110 110 110 110
 108 108 110 111 110 108 109 111 111 110 110 110 110 110 111 112 111 111
 110 113 110 112 116 117 125 132 140 144 153 169 173 164 149 147 157 160
 162 154 145 167 175 167 153 139 126 105  89  85  79  74  70  67  64  63
  61  59  60  60  62  62  61  63  65  65  66  68  71  73  74  76  77  78
  79  90 106 112 117 113 116 116 116 115 115 116 117 117 116 116 118 118
 119 120 120 119 118 117 119 120 120 120 119 118 118 118 120 120 119 119
 120 121 121 121 121 121 121 121 122 122 122 122 122 123 122 122 122 122
 122  29]","[ 28  30 101 102 102 101 103 102 102 102 101 102 102 104 105 105 103 103
 104 104 104 103 102 102 103 104 104 104 103 104 104 104 104 104 105 105
 106 105 105 104 104 105 105 105 105 104 104 104 104 105 106 107 107 107
 109 111 111 110 109 109 109 109 109 109 110 109 108 108 109 110 109 109
 108 109 110 110 110 110 110 110 111 112 111 110 110 110 110 109 111 109
 110 111 112 112 113 115 122 128 134 145 155 160 150 147 141 142 150 156
 152 140 141 159 160 153 140 126 113  97  82  74  72  67  63  63  64  61
  59  58  59  60  62  63  64  65  66  67  69  69  73  73  71  76  81  78
  88 103 113 114 113 114 115 116 116 116 116 116 116 116 117 118 118 118
 119 119 118 118 118 118 118 118 119 119 119 118 120 122 120 120 119 119
 119 120 122 122 121 118 118 120 122 122 122 123 122 121 120 122 122 122
 121  29]","[ 29  30 100 102 102 101 102 100 100 100 101 101 101 103 104 105 103 103
 103 103 103 103 103 103 103 104 104 103 103 103 103 103 104 104 104 105
 105 105 105 104 104 104 105 105 105 105 105 105 105 105 105 106 107 107
 108 110 110 109 109 108 108 108 108 108 108 107 107 107 108 109 108 108
 109 109 109 109 109 109 109 109 108 109 110 111 111 112 112 112 111 110
 110 111 111 111 111 112 118 127 135 144 148 146 133 130 132 137 140 144
 140 133 143 156 145 137 124 110  99  86  74  68  64  61  60  61  62  60
  58  58  58  60  62  64  66  66  67  68  68  70  72  75  77  78  82  88
 101 111 117 116 116 117 117 117 117 116 116 116 116 117 118 118 117 118
 119 119 118 118 118 118 118 118 118 119 119 118 119 121 119 119 120 121
 121 120 120 120 120 118 118 120 122 121 121 122 122 122 122 122 121 120
 120  29]","[ 29  30 100 102 102 101 102 100  99 100 101 101 101 101 102 103 102 102
 102 102 102 102 102 103 104 103 103 103 103 103 103 102 103 103 103 103
 104 104 104 104 103 103 104 104 105 105 105 105 105 104 104 105 106 106
 107 107 108 108 108 107 107 107 107 107 107 106 106 107 108 109 108 107
 110 109 109 109 109 109 108 108 107 109 110 111 110 111 111 110 111 111
 111 109 109 110 109 108 112 124 131 140 143 141 132 131 130 135 133 135
 129 124 134 134 128 123 113 104  95  83  70  64  57  57  58  60  59  57
  57  58  58  60  62  65  66  67  67  67  68  71  72  75  77  75  81  96
 111 115 116 115 116 116 116 117 117 116 116 116 116 117 117 118 116 117
 118 118 117 117 117 118 117 117 117 118 118 118 119 119 118 119 121 122
 121 120 119 118 118 117 118 120 121 121 121 121 121 122 123 122 119 118
 119  29]","[ 29  29  98 101 102 102 102 100  99 101 102 102 101 100 101 101 102 101
 101 101 101 101 101 101 103 103 102 102 103 103 103 103 103 102 102 102
 103 103 103 103 104 104 104 104 104 104 104 104 104 103 103 104 104 104
 105 106 106 107 107 106 106 105 106 106 106 106 107 107 108 108 108 107
 109 108 108 108 109 109 108 106 107 109 110 109 109 109 109 109 111 111
 110 108 108 109 107 103 111 123 130 138 141 139 134 134 130 131 128 129
 127 126 130 122 109 106 100  95  89  77  65  58  57  57  57  58  57  56
  57  58  60  61  63  65  66  66  66  66  66  71  73  73  73  75  87 104
 114 115 113 113 115 114 114 115 115 115 115 115 116 117 116 116 115 116
 117 117 116 116 116 117 117 117 117 118 118 118 118 118 117 118 119 120
 119 119 119 119 118 118 118 120 121 120 120 120 120 121 121 120 118 117
 119  29]","[ 29  28  97  99 100 100 101  99  98 100 101 102 101 100  99  99 101 101
 101 101 101 101 101 101 102 101 101 101 102 102 102 103 103 102 102 102
 102 103 103 103 104 104 104 104 104 104 103 103 103 104 104 105 104 103
 104 106 105 106 106 105 105 105 105 105 106 106 107 107 107 107 107 106
 106 106 106 107 107 107 106 105 105 107 108 108 108 109 110 110 110 110
 109 106 108 110 106 101 103 121 130 138 137 132 128 127 129 125 124 124
 123 125 125 120 110 105  97  91  86  78  68  63  59  58  56  56  56  57
  59  60  63  64  65  65  66  66  66  66  66  69  72  72  74  87 104 112
 114 113 112 113 115 114 113 116 115 114 115 116 116 116 116 115 115 116
 117 117 116 115 116 116 117 116 116 117 118 118 117 117 117 118 118 118
 118 118 118 118 118 118 119 120 120 119 119 119 121 120 119 118 117 117
 118  29]","[ 30  28  96  97  97  97  98  96  96  97  99 100  99  98  98  98  98  99
  99 100 101 101 101 101 100  99  99 100 100  99 101 103 103 103 102 102
 103 103 103 103 103 103 103 103 103 102 103 103 103 103 104 104 103 102
 103 105 105 105 105 105 105 105 105 105 107 107 107 107 107 107 106 106
 106 105 105 106 107 107 106 105 107 107 108 108 109 109 110 109 108 109
 108 106 108 110 106 101  99 122 132 135 128 123 123 123 124 122 125 124
 121 120 117 117 112 106  96  89  86  79  70  65  61  59  55  55  56  60
  62  63  65  65  66  66  66  66  66  67  67  67  71  74  82 101 114 112
 112 112 112 114 115 113 112 115 114 114 115 116 116 116 116 115 116 116
 117 117 117 116 116 116 117 116 115 116 117 117 117 117 117 117 118 119
 119 118 116 115 118 119 120 119 118 118 117 118 121 120 118 117 116 117
 118  28]","[ 30  29  96  97  96  96  97  95  96  96  97  97  97  97  97  98  97  97
  97  98  99 100 101 101  99  98  99  99  98  97  99 102 102 102 102 102
 103 103 102 102 101 102 103 102 101 101 102 103 103 103 104 104 103 103
 103 104 105 105 105 105 105 105 105 105 106 106 106 106 106 106 106 106
 107 107 107 106 107 107 107 107 109 109 108 108 109 109 108 106 106 107
 108 108 109 109 107 104 105 127 130 128 119 116 117 116 117 121 121 122
 120 117 115 115 110 104  95  90  88  81  72  67  63  60  57  56  58  61
  64  65  65  65  65  65  65  65  66  66  68  69  74  82  94 107 112 111
 111 112 112 113 114 113 112 114 114 114 114 114 114 115 115 115 116 116
 116 116 117 117 116 116 116 115 114 114 115 115 115 116 117 117 118 118
 119 118 116 114 117 118 119 118 117 117 117 117 120 119 117 117 116 117
 118  28]","[ 29  29  97  98  97  96  97  95  97  97  96  96  96  97  97  97  98  97
  97  97  98  99 100 101  99  99  99  99  98  96  98 102 101 101 101 102
 102 102 101 100 101 102 103 103 101 101 102 103 104 104 104 104 105 104
 104 104 105 105 105 105 105 105 105 105 105 105 105 105 105 105 105 106
 108 108 107 106 106 106 107 108 108 108 108 108 109 109 107 105 104 107
 109 109 109 109 108 107 104 123 122 119 114 114 115 110 114 118 110 109
 110 106 108 107 106  99  89  85  85  81  74  69  65  63  60  58  59  62
  64  64  65  65  65  65  64  64  64  65  67  73  79  91 105 109 109 113
 112 113 113 113 114 114 113 114 113 113 113 113 113 113 114 115 116 115
 115 115 116 116 115 115 115 114 113 113 113 114 114 116 118 117 116 117
 118 118 117 115 116 118 119 118 116 116 117 117 117 118 118 118 117 117
 119  29]","[ 29  29  97  96  97  97  97  97  96  97  97  96  96  97  97  97  97  97
  98  98  98  98  98  98  97  98  99  99  98  98  98  99 101 102 102 101
 101 101 101 100 100 101 103 103 102 102 102 102 104 104 104 104 103 103
 104 104 105 105 106 105 104 104 104 105 105 105 105 104 104 104 105 106
 106 107 108 107 106 105 106 107 108 108 108 108 107 108 108 107 108 108
 108 108 108 107 107 107 109 116 115 109 107 105 103 105 104 104 101  97
  96  97  97  96  95  89  82  79  79  77  73  69  64  65  65  64  62  61
  61  61  62  65  66  67  64  64  66  63  64  70  85  98 105 108 111 113
 113 113 114 114 113 113 113 113 113 113 113 114 114 114 114 114 115 115
 115 115 115 115 114 114 116 116 115 115 115 115 115 115 116 116 117 116
 116 116 116 116 116 117 118 117 117 116 117 117 117 119 118 117 117 116
 117  29]","[ 29  29  96  95  96  95  97  96  96  97  97  96  96  97  97  96  97  97
  98  98  98  98  98  98  98  98  98  98  99  99 100 100 101 101 102 101
 101 101 101 101 101 102 103 104 103 103 102 102 103 104 104 104 103 103
 104 105 105 105 105 105 105 105 105 105 105 106 106 105 104 105 105 105
 106 108 108 107 106 105 105 106 107 107 107 107 107 108 107 106 108 108
 108 108 107 107 107 107 107 113 112 105 101  98  95  95  95  90  87  86
  85  82  81  83  84  79  75  73  73  72  68  65  65  66  66  65  64  63
  62  62  62  64  65  65  64  64  66  65  66  79  94 104 108 110 111 111
 112 113 113 113 112 111 112 113 113 113 113 113 113 113 114 114 114 114
 114 114 114 114 114 114 115 115 115 115 115 115 114 114 115 116 116 116
 116 115 115 115 115 116 117 117 116 116 116 117 116 117 116 116 115 115
 117  29]","[ 29  29  96  95  95  94  96  97  96  97  96  96  96  96  96  95  97  97
  98  98  97  97  97  98  99  98  96  96  98 100 100 100 100 101 101 100
 100 100 101 101 102 102 103 103 103 102 102 102 103 103 103 103 103 104
 104 105 106 105 104 105 105 106 105 104 105 106 106 106 105 105 105 104
 107 108 109 108 106 104 104 104 105 106 106 106 107 107 106 105 109 109
 109 108 108 108 108 108 107 109 107  98  90  86  83  81  77  74  74  77
  79  78  78  79  76  74  72  71  70  68  65  64  64  65  65  65  64  63
  63  64  65  64  64  64  64  64  65  66  73  91 104 108 110 111 111 111
 112 112 112 111 110 110 112 113 113 113 112 112 112 112 113 113 113 113
 113 113 114 114 114 114 114 114 115 115 115 115 114 114 114 115 116 116
 115 115 114 114 115 116 116 116 116 116 116 117 115 117 115 115 115 114
 116  29]","[ 29  29  95  93  93  93  96  97  96  96  96  96  96  96  95  95  96  97
  97  97  97  96  97  97  99  97  96  96  97  99  99  99  98 100 100 100
  99 100 100 100 101 101 101 101 101 101 101 101 102 102 103 103 104 104
 104 104 105 104 104 104 105 105 105 104 104 105 106 105 105 105 105 105
 107 108 109 108 107 105 105 105 105 105 105 105 106 107 106 104 108 108
 108 108 108 109 109 109 108 106 101  91  80  76  73  70  69  72  74  76
  79  81  80  77  77  76  75  73  69  66  64  65  63  63  63  62  62  62
  64  65  65  63  63  63  64  65  65  69  84  99 107 107 109 111 110 112
 112 112 112 111 110 111 113 114 113 113 112 111 111 112 112 112 112 112
 113 113 113 114 114 114 114 114 114 114 114 114 114 114 114 115 115 116
 115 114 114 114 114 115 116 116 116 116 116 117 116 117 116 116 115 114
 116  29]","[ 29  28  93  91  91  91  94  95  97  97  97  97  96  96  96  96  95  96
  96  96  96  96  96  96  98  97  97  97  97  98  98  98  97  99 101 101
 100 100 100 100 101 101 100 100 100 100 101 101 101 102 103 104 104 104
 104 103 103 104 104 104 104 104 104 104 104 105 105 104 104 104 104 104
 105 106 107 108 107 106 105 105 105 105 105 105 106 107 106 105 106 106
 106 107 107 108 108 108 107 102  94  83  73  70  68  65  68  71  73  76
  78  81  80  77  78  77  76  72  68  64  64  65  62  61  60  60  59  60
  62  65  63  60  61  62  64  66  66  75  94 104 106 106 109 109 108 111
 110 111 111 110 110 111 113 115 113 112 112 112 112 112 112 112 112 112
 112 113 113 114 114 115 114 114 114 114 114 114 114 114 114 115 116 116
 115 114 114 114 113 113 114 114 114 114 115 115 115 116 116 116 116 114
 115  28]","[ 29  28  92  90  90  90  92  93  95  95  95  96  95  94  94  95  94  94
  95  95  96  96  96  96  96  97  97  97  97  96  97  97  97  99 101 101
 101 100 100  99 101 100 100  99 100 100 102 102 101 101 102 103 104 104
 103 102 102 103 104 104 103 103 104 104 104 105 105 104 103 103 103 103
 103 104 105 106 106 105 105 105 105 105 105 104 105 106 106 105 105 105
 105 105 106 107 107 108 105  98  87  76  69  67  66  65  66  65  68  73
  76  77  78  80  76  76  74  71  67  64  64  65  63  62  60  59  58  58
  60  63  63  60  61  61  63  64  66  79 101 105 106 107 110 109 107 108
 109 109 109 110 110 111 113 114 112 112 112 112 111 111 111 111 112 112
 112 112 113 113 114 114 114 114 114 113 113 114 114 114 114 115 115 115
 115 114 114 114 113 113 114 114 114 114 114 114 113 114 114 116 116 114
 115  29]","[ 30  28  92  89  90  90  92  92  92  92  93  94  93  91  92  94  94  94
  94  94  95  96  96  95  95  96  96  96  96  96  96  97  97  99 100 100
 100  99  99  98  99 100 100 100 100 101 102 103 101 101 101 102 103 103
 103 102 103 103 103 103 103 104 104 104 104 105 105 104 104 103 103 102
 103 104 105 105 105 105 105 105 104 105 105 105 105 105 105 104 105 105
 105 105 105 106 106 106 105  98  83  71  67  64  61  62  65  64  67  71
  73  72  73  75  74  73  72  70  67  65  64  64  64  62  60  60  58  57
  59  62  64  61  62  60  63  64  67  84 102 105 107 109 110 110 108 106
 108 109 109 110 111 112 112 112 112 112 111 110 110 110 111 111 112 111
 111 111 111 112 113 113 114 114 114 114 114 114 114 114 114 114 115 115
 114 114 114 114 114 114 114 114 114 114 114 114 113 113 113 115 115 113
 115  29]","[ 30  27  91  88  89  89  91  90  90  90  92  93  92  90  91  93  94  93
  93  94  95  96  96  95  96  96  96  96  97  97  97  97  97  98  98  98
  98  98  97  97  98  99 100 101 101 101 102 103 102 101 101 101 102 102
 102 102 104 103 103 103 104 105 104 104 103 104 105 105 104 104 103 103
 104 105 105 105 105 105 105 105 103 104 105 105 105 105 104 104 104 104
 104 104 104 104 104 105 106  99  82  68  65  61  57  58  59  63  67  68
  70  71  71  70  71  70  70  69  67  64  62  61  63  61  60  60  58  57
  58  61  63  60  61  60  63  66  70  91 100 104 108 109 108 110 110 107
 109 109 109 111 112 112 112 111 112 111 110 109 109 110 110 111 111 111
 110 110 110 111 112 112 114 114 114 114 114 114 114 114 114 114 114 114
 114 113 113 114 114 114 114 114 114 114 113 113 114 114 113 115 115 113
 115  29]","[ 29  29  89  90  89  89  90  90  90  91  92  94  93  91  91  93  94  95
  95  95  95  96  96  97  96  96  96  97  97  97  97  97  96  96  97  98
  98  98  98  97  97  98  99 100 101 102 102 102 101 101 102 104 104 102
 101 103 103 104 104 103 103 103 104 105 104 105 105 105 105 105 104 104
 105 106 106 105 104 103 104 105 103 104 105 105 105 105 105 105 105 105
 105 105 104 104 104 104 104 101  84  66  61  59  57  58  58  59  62  65
  68  69  69  69  68  69  69  67  64  62  62  61  63  63  61  58  56  56
  58  60  61  60  60  60  63  63  85 100 104 106 107 108 110 110 108 108
 110 110 110 110 110 110 111 111 112 111 110 110 110 110 110 110 112 111
 111 110 111 111 111 111 113 113 113 113 114 114 114 114 114 113 114 114
 113 112 112 113 114 114 114 114 115 114 113 112 114 113 112 113 115 114
 113  29]","[ 29  29  89  90  90  90  90  91  89  89  90  92  93  93  93  94  93  93
  94  93  92  93  94  94  94  94  95  96  96  96  96  97  97  96  97  98
  99  99  99  98  96  97  98  99 100 100 101 102 101 101 102 103 103 102
 102 103 101 102 104 104 104 104 103 102 104 104 104 105 105 104 104 104
 104 104 104 104 103 103 104 104 103 103 103 104 105 105 105 104 105 105
 105 105 105 105 105 105 105 103  91  69  60  58  56  54  55  56  59  62
  65  66  67  67  66  66  67  66  63  61  60  60  62  62  61  59  58  58
  60  61  62  59  59  60  61  60  82 101 103 106 106 107 109 109 108 108
 108 109 109 109 109 109 110 110 111 110 109 109 110 110 110 110 111 111
 111 111 111 112 111 111 113 113 114 114 114 114 114 113 114 114 114 114
 113 112 112 113 114 113 112 112 113 113 114 114 113 113 112 113 114 113
 112  29]","[ 28  29  90  90  90  90  91  91  89  89  89  90  92  94  95  94  92  93
  93  92  91  92  93  94  93  93  94  95  96  96  96  97  97  96  96  97
  99  99  99  98  96  97  98  98  99  99 100 101 101 100 101 102 102 101
 101 102 100 101 103 104 105 104 102 101 103 103 104 104 105 105 105 105
 103 102 102 102 102 103 104 104 104 103 103 104 105 106 105 104 102 102
 103 103 103 104 104 103 102 102  97  73  59  58  55  51  53  55  58  61
  64  65  65  65  65  65  65  66  64  61  60  61  61  61  61  60  59  59
  60  61  61  59  59  61  61  59  78 100 103 106 106 107 109 109 108 109
 108 108 109 109 109 109 109 110 109 109 109 109 110 110 111 111 111 111
 112 112 113 113 112 111 112 113 114 115 114 114 113 112 114 114 114 114
 113 111 112 113 115 114 113 113 113 114 115 115 112 112 112 112 113 112
 112  29]","[ 29  30  90  90  90  90  91  91  89  89  89  89  91  93  93  91  91  93
  94  93  92  92  93  94  94  94  94  95  96  96  96  97  96  96  96  97
  98  98  98  97  96  97  99  99  99  99  99  99 100 100 100 101 101 101
 102 102 102 102 102 103 103 103 102 102 103 103 103 104 104 105 105 105
 103 102 101 101 102 104 104 103 104 104 104 104 105 105 104 104 104 104
 104 104 105 105 104 104 102 102 102  82  62  61  58  55  55  57  61  63
  65  66  66  66  65  64  64  66  65  62  62  63  62  62  62  61  60  59
  58  58  59  59  61  63  63  61  75  94 102 106 108 108 110 110 110 110
 109 109 110 110 110 109 110 110 109 109 109 110 110 111 111 112 112 112
 112 113 113 113 113 112 112 113 113 114 113 112 112 111 114 114 114 114
 113 111 112 113 114 114 114 115 115 114 113 112 112 112 112 112 112 111
 111  29]","[ 29  30  90  90  89  89  90  90  88  90  91  90  90  91  91  89  89  91
  92  92  92  93  94  94  95  94  95  95  96  95  95  96  95  96  96  97
  97  97  98  99  97  98  99 100  99  99  98  98  99  99  99 100 101 102
 103 103 103 102 102 102 102 103 103 102 103 103 103 103 104 104 104 105
 104 103 102 102 103 104 104 103 104 104 104 104 104 104 103 103 105 104
 104 104 105 104 104 103 101 101 100  91  65  62  57  59  58  61  64  66
  67  68  68  69  66  65  64  65  64  63  64  65  63  63  62  62  60  59
  57  56  58  61  61  62  63  64  72  88 100 105 108 109 110 111 110 110
 109 109 110 110 110 110 110 110 110 110 110 111 111 111 112 112 113 112
 112 112 113 113 113 112 112 112 112 111 111 110 111 112 114 114 114 114
 113 112 112 113 112 112 113 113 113 112 110 109 111 112 112 111 111 110
 111  29]","[ 29  30  89  89  89  89  89  89  88  90  91  90  90  89  89  89  89  90
  91  92  92  94  94  95  95  94  95  95  95  95  94  95  94  96  97  97
  97  98 100 101  97  98  99  99 100  99  98  97  97  98  99  99 101 102
 103 102 102 102 102 103 103 103 102 102 103 103 103 103 103 103 104 104
 104 104 104 104 104 104 104 104 105 105 105 105 104 104 104 104 103 103
 102 103 104 104 103 102 103 101 100  98  74  62  58  61  61  63  66  68
  69  70  71  71  68  68  67  65  65  65  66  66  64  63  63  62  62  61
  59  57  58  62  61  60  61  65  69  84  97 103 107 108 109 110 109 109
 107 108 108 109 110 110 110 110 110 110 111 111 111 111 111 112 112 111
 111 111 111 111 111 111 111 111 111 110 109 109 111 112 113 112 112 113
 112 111 111 112 111 111 110 110 110 109 109 108 111 111 111 110 110 110
 110  29]","[ 29  29  88  89  89  90  89  89  89  89  90  90  90  89  89  90  90  90
  90  91  92  94  95  95  95  95  95  95  95  94  94  95  96  96  97  98
  98  99 100 101  99  98  98  99 100 100 100  99  98  99  99 100 101 103
 103 101 102 103 103 103 103 103 103 104 105 105 105 104 104 104 104 104
 104 104 105 105 105 104 104 105 105 105 105 105 106 106 105 105 105 104
 104 105 106 106 105 104 107 105 104 105  88  67  66  67  65  67  69  70
  71  71  72  73  72  72  71  68  67  68  68  66  65  65  64  63  64  63
  62  61  60  62  61  61  62  64  66  83  94 101 105 106 108 109 109 109
 107 107 107 108 109 109 108 107 108 109 110 110 110 110 110 111 110 110
 110 110 110 110 110 109 109 110 110 110 109 109 110 111 111 110 110 111
 111 111 111 111 110 109 108 108 109 109 110 110 110 110 109 109 110 109
 110  28]","[ 29  29  87  88  90  90  90  89  91  89  89  90  90  89  89  90  90  90
  89  89  91  94  95  95  95  95  95  96  96  95  95  95  97  97  97  97
  98  98  99  99 100  99  98  99 101 102 102 101 100 101 102 102 103 104
 104 102 105 104 104 103 103 104 105 106 107 107 106 106 105 105 105 105
 103 105 106 106 105 105 105 105 105 104 104 105 106 107 106 105 105 104
 104 105 106 106 105 104 104 103 104 104  94  66  69  67  69  71  72  72
  72  72  72  73  74  75  73  69  68  69  68  66  67  66  65  65  65  65
  64  63  60  62  61  64  64  64  64  83  93 101 105 105 107 109 109 109
 108 108 107 108 109 108 107 105 107 108 109 109 109 109 109 110 110 110
 110 110 111 110 109 108 107 109 110 110 110 109 110 111 110 109 109 110
 110 110 110 110 107 107 107 108 109 110 110 110 109 109 109 108 109 109
 110  28]","[ 30  28  92  89  90  89  89  89  88  89  91  93  94  94  93  91  87  88
  90  92  93  94  96  96  95  96  95  95  95  97  98  97  96  98  99 101
 101 101 101 101 100 100 101 103 104 104 105 105 103 104 105 105 104 105
 106 107 105 106 107 106 106 106 107 107 107 108 108 107 107 108 108 107
 106 106 106 107 107 106 106 106 106 107 107 107 107 108 108 107 103 105
 107 109 108 107 105 105 106 106 105 104  97  74  70  71  72  73  73  72
  72  73  74  74  75  73  71  71  71  71  70  69  66  67  67  66  65  65
  63  60  60  60  63  66  63  61  67  76  90  99 105 105 106 107 108 109
 108 108 107 108 109 109 107 105 106 108 109 109 109 108 109 109 110 110
 110 110 109 108 108 109 108 109 109 109 108 108 109 110 109 109 108 109
 111 111 109 108 108 107 107 107 109 110 109 109 110 109 109 107 108 109
 107  29]","[ 29  27  92  90  90  90  90  89  90  91  93  94  94  94  93  92  90  92
  94  95  96  97  98  98  97  98  97  97  98 100 101 100 101 102 102 103
 103 103 104 104 105 105 105 105 105 105 105 104 104 105 106 106 106 106
 107 108 107 108 108 108 107 108 108 108 107 108 109 108 108 108 108 108
 106 106 106 107 108 107 106 106 104 105 105 105 106 107 108 108 105 105
 107 108 107 106 105 105 106 105 105 105 100  80  74  72  72  72  72  71
  72  73  74  74  76  74  72  71  71  71  70  69  67  68  68  67  66  65
  62  60  61  61  62  64  63  62  67  73  85  95 103 104 104 105 105 106
 107 107 107 107 107 106 106 105 108 109 109 109 109 108 109 110 110 110
 109 109 108 108 108 108 107 109 109 108 107 107 108 109 108 108 109 109
 109 109 109 108 107 106 107 108 109 110 109 108 109 108 109 107 109 109
 108  29]","[ 29  28  94  93  94  93  93  93  93  94  95  96  96  95  95  94  95  96
  98 100 101 101 101 101 101 101 101 100 101 102 104 104 103 103 103 103
 103 103 104 105 105 105 105 106 106 106 106 106 105 106 108 108 108 107
 107 107 107 108 108 108 108 109 109 109 109 109 109 108 107 107 106 105
 108 106 106 107 108 108 107 107 104 104 105 105 105 107 107 107 106 106
 107 107 106 105 105 105 106 104 104 106 102  86  77  74  73  73  72  71
  72  73  74  75  75  73  71  70  71  72  71  71  67  67  67  68  67  65
  63  61  63  61  60  61  62  62  65  67  81  93 102 105 105 105 104 105
 106 107 108 107 106 105 105 106 109 109 109 108 107 107 108 109 109 109
 108 108 108 108 108 108 107 109 109 108 107 107 108 109 108 108 109 109
 109 108 108 109 107 107 107 108 110 110 109 108 108 108 109 108 110 110
 108  29]","[ 30  29  96  95  97  96  97  96  97  97  97  97  98  99  97  96  97  98
 100 101 102 103 103 104 103 104 103 103 103 103 104 104 102 102 102 102
 102 102 103 104 103 104 104 104 105 106 106 106 106 107 108 109 108 107
 107 107 107 108 108 107 107 108 108 108 109 108 107 106 105 105 105 105
 108 108 108 109 109 108 107 107 106 107 106 106 105 106 106 106 107 107
 107 107 106 105 104 105 105 104 104 106 103  91  81  76  76  75  74  73
  74  74  74  75  74  72  70  70  71  72  72  72  66  65  66  69  69  66
  64  64  64  62  60  59  59  61  63  64  77  90 101 105 106 105 105 105
 106 107 108 107 106 105 106 107 109 109 108 107 106 106 106 107 108 108
 108 108 109 109 109 108 107 109 110 109 108 108 110 111 108 108 109 109
 109 109 109 109 108 108 108 108 109 110 109 109 109 109 110 108 110 110
 109  29]","[ 29  29  96  96  97  97  97  97  98  97  97  98 100 101  99  97  97  98
  99 100 101 101 102 103 103 103 103 103 103 102 102 102 101 101 102 102
 102 102 103 104 105 104 104 104 104 105 105 105 105 106 107 108 108 107
 106 106 107 108 108 107 107 107 107 106 107 106 105 104 105 105 106 107
 108 108 109 110 108 106 106 107 108 108 108 106 105 106 105 105 106 106
 106 107 106 104 104 104 105 105 105 106 104  96  85  80  78  77  75  76
  75  75  74  74  72  71  70  70  71  72  73  73  69  68  68  70  70  68
  66  66  65  64  61  58  59  61  64  65  71  83  95 101 105 105 105 105
 106 107 107 107 107 107 107 107 107 108 108 108 107 106 107 107 108 109
 109 110 110 110 109 108 108 109 110 109 108 108 110 110 109 108 108 109
 110 110 109 109 109 109 108 108 109 109 109 109 110 110 110 108 110 110
 109  30]","[ 29  29  96  96  97  96  97  97  97  97  96  98 100 102 100  97  98  99
  99 100 100 100 101 102 101 100 100 101 101 101 101 101 101 101 102 102
 102 103 103 104 104 104 104 104 104 104 104 105 105 105 106 107 107 107
 107 106 108 109 108 108 108 108 108 107 108 107 106 105 105 104 106 108
 107 108 109 109 106 104 105 107 108 108 107 106 105 105 105 104 106 106
 106 106 106 104 104 104 104 105 105 105 103 100  87  82  79  77  76  76
  76  74  73  73  73  72  72  72  72  72  72  73  73  72  71  71  70  69
  67  67  66  64  62  60  59  61  64  67  67  78  89  97 103 105 106 107
 107 106 106 107 108 108 108 107 105 106 108 108 107 107 107 108 109 109
 110 110 110 109 108 107 109 110 110 109 108 108 108 108 109 108 108 109
 110 111 110 108 110 109 109 108 108 109 109 109 111 110 110 108 110 110
 108  29]","[ 29  29  96  96  97  96  97  97  96  96  97  98 100 101 100  98  98  99
 100 100 100 101 101 102 101  99  98  99 101 101 101 102 101 102 102 102
 102 103 103 104 103 103 103 103 103 104 105 105 105 105 105 105 106 107
 107 108 108 108 108 107 108 109 108 107 108 108 107 107 105 104 105 107
 107 108 108 107 105 104 105 107 107 107 106 105 105 105 105 105 105 105
 105 106 105 104 104 105 104 105 105 105 104 104  89  83  80  78  76  76
  76  74  73  73  73  74  74  74  73  73  73  74  75  74  72  70  70  70
  69  69  68  66  64  62  60  60  63  66  67  75  85  94 101 105 105 106
 107 107 107 108 108 108 107 107 105 106 107 108 107 107 107 108 109 109
 109 109 109 108 108 108 109 110 109 108 107 108 107 107 107 107 108 109
 110 110 109 108 109 109 109 108 108 109 109 109 109 109 110 108 110 110
 108  29]","[ 29  29  96  96  96  96  97  97  96  97  99  99 100 101 100  99  96  97
  99 100 100 100 101 101 103 100  98  99 101 102 103 103 103 103 103 102
 102 103 104 104 105 104 104 103 103 104 104 104 105 105 104 105 106 107
 108 109 107 107 107 107 107 108 108 107 106 106 107 107 106 105 106 109
 109 108 107 106 105 105 107 108 106 107 106 105 105 105 105 105 105 105
 105 105 105 104 104 105 104 105 105 105 105 107  91  84  81  78  76  76
  76  74  74  74  73  75  76  75  74  74  74  75  73  73  71  69  69  71
  71  70  71  69  66  64  62  60  62  64  67  74  82  90  98 102 103 104
 107 108 109 109 109 108 107 107 106 107 108 108 108 107 108 108 108 108
 108 108 108 108 109 110 110 110 109 108 108 108 108 107 106 107 108 109
 110 109 109 109 108 108 108 108 108 109 109 109 108 108 109 108 110 110
 108  29]","[ 29  30  94  95  94  95  95  97  96  96  97  97  97  97  97  97  97  97
  98 100 100  99  98 100 101 100 100 100 100 101 102 102 103 103 103 102
 102 103 103 103 105 105 105 105 106 106 105 105 103 103 103 105 107 108
 108 108 107 107 107 107 107 107 107 107 105 105 106 106 107 106 105 105
 105 106 107 106 105 105 106 106 107 107 106 105 104 104 105 106 107 106
 105 104 104 105 105 104 104 104 104 105 104 103  96  87  78  78  77  77
  76  75  75  75  77  77  77  77  77  76  75  74  74  73  71  70  69  70
  71  72  72  69  67  65  62  60  62  65  64  69  77  86  96 101 102 104
 105 106 107 107 107 107 107 107 107 108 109 108 108 107 107 108 108 108
 107 106 106 108 110 110 109 109 109 109 109 109 108 108 107 107 108 108
 108 108 108 107 107 107 108 109 110 109 109 108 109 109 109 109 108 109
 107  30]","[ 29  30  93  94  94  96  95  96  96  96  96  96  96  96  96  96  97  97
  99 100  99  98  99 101  99  99 100 100 100 101 102 103 100 102 104 105
 105 104 104 104 105 105 106 106 106 106 105 105 107 107 107 107 106 106
 106 106 107 107 107 106 106 106 106 107 107 107 107 108 108 107 105 103
 106 107 107 106 105 105 105 105 106 106 107 108 108 106 106 106 105 105
 104 104 104 104 104 104 105 105 105 104 104 103  99  91  78  77  76  77
  78  78  78  79  80  80  80  80  79  79  78  77  75  74  73  71  70  70
  71  72  72  72  70  67  64  63  64  65  65  69  75  83  95 102 104 105
 104 106 107 107 106 106 107 106 107 108 108 109 108 108 108 108 108 108
 107 107 107 109 109 109 109 109 109 109 109 108 108 107 107 107 108 108
 108 108 107 107 108 109 109 108 107 107 107 108 109 108 108 108 106 107
 105  29]","[ 29  29  92  93  94  96  94  95  95  96  96  96  96  95  96  96  97  98
 100 102 101 100 100 101  99  99 101 101 101 101 102 103 101 103 105 106
 105 104 104 104 104 104 104 104 104 104 105 105 107 108 108 107 105 104
 106 107 107 107 107 107 106 106 107 108 110 109 108 109 109 108 106 104
 108 108 107 106 106 106 106 105 105 105 106 108 108 107 105 105 106 105
 104 104 105 105 105 106 105 105 105 104 103 104 102  97  83  79  77  79
  80  79  79  81  81  81  81  81  81  80  80  80  77  76  74  72  71  70
  70  71  71  73  73  69  66  65  65  65  65  68  72  79  91 101 104 105
 105 107 108 108 107 106 107 107 107 107 108 108 108 108 108 108 107 108
 108 108 108 109 109 108 109 109 109 109 109 108 108 107 107 107 107 108
 108 108 107 107 108 109 109 107 105 105 106 108 109 109 108 108 106 106
 105  29]","[ 29  29  91  92  94  96  93  94  94  95  96  96  96  96  97  97  96  98
 100 103 103 102 100  98 100 101 102 102 102 102 102 102 104 104 104 104
 103 103 104 104 104 104 103 103 103 104 105 107 106 106 107 106 105 105
 106 108 106 107 107 107 107 107 108 109 112 110 108 107 108 108 108 108
 108 108 107 107 107 108 107 105 105 105 105 106 106 105 105 106 107 107
 106 105 105 106 107 107 106 104 104 103 103 105 104 101  88  82  78  80
  81  79  79  81  80  81  81  81  81  81  81  82  79  78  75  73  72  72
  72  72  71  74  75  72  68  66  65  64  65  69  72  78  90 101 105 105
 106 108 109 108 107 107 107 107 107 107 108 108 108 108 107 107 108 109
 109 108 108 108 108 107 109 109 109 109 109 108 108 108 108 107 107 107
 108 108 107 107 108 108 108 107 105 105 107 108 108 108 108 108 106 107
 105  29]","[ 30  28  90  91  93  95  93  93  94  96  97  97  96  96  97  98  96  97
  98 100 101 101  99  96 101 102 102 102 102 101 102 102 103 101 100 101
 103 103 104 104 104 104 104 104 105 105 107 108 107 107 106 106 105 105
 106 107 106 106 107 107 106 107 108 109 110 109 107 106 107 107 108 107
 107 107 106 106 108 108 107 106 105 106 107 107 105 104 105 107 108 107
 106 105 104 105 106 107 107 104 103 103 103 105 104 101  90  82  77  79
  81  80  80  82  81  81  81  80  80  81  82  83  81  80  77  75  74  74
  74  74  73  74  76  76  72  67  65  65  66  71  74  79  89  99 104 106
 107 108 108 107 106 106 107 107 108 108 108 108 108 108 107 107 108 108
 108 107 107 108 109 109 110 110 110 109 109 109 108 108 108 108 107 107
 107 108 108 108 108 108 107 107 107 107 107 107 104 106 107 108 106 107
 105  29]","[ 29  28  89  89  91  94  93  93  94  95  96  97  97  96  96  96  98  97
  96  96  98  99  99  97  99  99 100 100 101 101 101 102  99  97  98 101
 105 105 104 104 103 104 106 107 107 107 107 107 107 107 106 106 106 107
 107 107 107 107 107 107 107 107 108 109 108 108 108 108 108 107 106 105
 106 105 105 105 107 108 107 105 104 106 108 108 106 105 105 106 109 108
 106 105 104 105 106 107 108 105 103 103 103 104 103 100  95  87  80  80
  81  81  81  82  82  81  81  80  80  81  82  83  82  80  78  77  76  75
  75  74  75  74  76  77  75  70  67  67  66  70  73  77  86  96 102 105
 107 108 108 107 107 107 108 107 108 108 108 108 108 108 108 107 107 108
 107 107 107 109 110 110 110 110 109 109 109 108 108 108 108 108 107 107
 107 108 108 108 108 107 107 108 108 108 106 104 103 104 105 108 107 107
 105  29]","[ 30  28  88  88  89  92  90  91  91  92  94  95  96  96  96  95  97  97
  97  96  96  98  98  97  97  97  98  99 101 101 101 100  98  96  98 102
 105 105 104 104 104 104 105 106 106 106 105 105 106 106 107 107 107 108
 108 108 108 108 108 107 107 107 107 108 108 108 109 109 108 107 106 105
 105 105 105 105 106 107 106 105 104 105 106 107 107 106 105 105 108 108
 107 106 105 105 106 107 106 104 104 104 103 103 103 101 100  92  84  81
  81  81  81  80  80  80  80  80  81  82  82  83  83  81  80  79  78  77
  75  74  74  75  76  77  76  73  70  68  66  68  69  73  82  91  99 104
 107 107 108 108 108 109 108 107 107 107 107 107 108 108 108 107 107 107
 108 108 109 110 110 110 109 109 109 108 108 108 108 108 107 107 107 107
 108 108 108 108 108 107 107 108 109 108 105 103 103 104 105 107 107 108
 106  30]","[ 31  28  88  86  87  89  88  89  87  89  91  94  96  96  96  95  94  96
  97  96  96  96  96  95  96  96  97  99 101 102 101 100 100  98  99 103
 105 104 103 104 106 105 104 104 104 105 105 105 107 107 108 108 107 106
 107 107 109 108 107 106 106 106 106 106 108 108 109 108 107 106 106 106
 105 106 106 106 106 107 106 105 105 104 104 105 106 107 106 106 107 107
 107 107 106 106 106 107 104 103 104 104 103 103 104 104 101  94  85  80
  80  81  81  80  79  79  79  81  83  84  84  84  84  83  82  82  81  79
  76  74  74  76  76  76  77  76  73  68  67  67  66  70  80  89  97 104
 105 106 107 108 109 109 107 105 105 105 105 106 107 107 107 106 107 108
 109 110 110 110 109 108 108 108 108 108 108 107 107 107 106 106 107 108
 108 108 108 107 107 107 107 108 108 107 105 103 103 104 105 107 107 108
 106  30]","[ 30  29  86  85  88  89  88  88  87  90  89  89  94  95  94  94  97  97
  96  95  95  96  97  97  97  97  98  99 101 102 102 102 101 101 101 102
 103 103 104 103 104 105 105 104 104 105 105 104 107 108 107 107 108 108
 107 109 110 108 107 107 107 107 105 104 107 108 108 108 108 108 107 107
 107 106 104 104 105 106 107 108 106 105 103 104 106 107 106 104 105 106
 106 105 105 105 105 106 105 104 104 103 102 102 103 104 101  96  87  81
  81  81  79  79  77  78  79  82  85  86  86  86  86  87  86  83  81  81
  79  76  75  76  75  75  76  77  76  72  69  69  69  71  75  82  92  99
 105 107 107 107 108 108 107 108 105 105 105 104 105 107 108 108 107 108
 108 110 110 110 109 108 108 108 108 108 107 106 106 105 106 106 107 108
 108 108 108 106 107 107 108 108 108 107 106 105 105 103 104 107 108 107
 108  29]","[ 30  29  86  86  88  89  89  89  87  88  88  89  93  94  94  95  96  96
  96  96  95  95  95  95  97  97  97  97  98 100 100 101 101 101 101 102
 102 103 103 103 104 104 104 103 104 105 106 105 107 108 107 107 108 107
 107 109 109 108 107 107 107 107 106 106 107 108 108 108 108 107 107 107
 105 104 104 105 106 107 107 108 106 105 103 104 105 106 106 105 105 105
 106 105 105 105 105 106 105 104 104 103 103 103 104 104 103  98  89  83
  81  80  79  79  78  78  79  81  83  85  87  87  87  88  87  84  82  81
  80  78  77  77  76  75  77  79  79  77  74  73  72  72  75  81  90  97
 103 106 107 108 108 107 106 106 106 106 105 105 106 107 108 107 108 108
 108 109 110 109 108 107 109 109 109 108 108 108 108 107 107 108 108 108
 109 109 108 107 108 108 108 108 108 108 107 107 106 105 106 108 108 107
 108  28]","[ 30  29  86  85  87  88  87  88  89  87  88  91  93  94  94  96  96  96
  97  97  97  96  96  95  98  97  97  97  97  98 100 101 101 102 102 103
 103 103 103 103 104 104 103 103 104 106 107 107 105 107 107 107 107 106
 105 108 108 107 107 106 106 107 107 108 108 108 108 108 108 107 107 106
 104 103 103 105 107 107 107 107 107 105 104 104 104 105 105 105 104 105
 105 105 105 105 105 105 105 105 105 104 104 105 105 105 104 101  94  87
  82  81  81  81  80  80  80  80  82  84  86  88  88  87  87  85  84  82
  81  80  79  78  76  75  77  80  81  80  80  78  76  74  75  80  88  95
 101 105 107 108 108 107 105 105 107 107 106 106 106 108 108 107 108 108
 108 109 109 108 107 106 109 108 108 108 108 108 108 108 109 109 109 108
 109 110 109 109 109 109 109 109 108 108 108 108 108 107 107 108 109 107
 108  28]","[ 29  29  85  85  87  87  86  86  89  87  88  92  93  92  93  94  95  95
  96  97  98  98  97  97  98  98  98  97  97  98 100 101 101 102 103 104
 104 104 104 105 104 104 103 104 105 107 108 109 105 107 107 107 107 105
 105 107 107 107 106 106 106 106 108 109 110 109 109 108 108 108 107 107
 105 104 104 106 108 108 107 107 107 106 105 105 104 104 104 104 104 104
 105 105 105 105 105 105 105 105 105 105 105 105 105 105 104 102  98  90
  83  81  83  83  82  81  81  80  81  83  86  88  87  86  86  85  84  81
  80  81  80  78  76  75  76  79  81  81  82  80  78  77  78  82  89  94
 100 104 107 108 108 107 105 106 107 107 107 107 107 109 109 108 107 108
 108 108 109 108 108 107 108 108 107 107 108 108 108 108 110 109 109 108
 109 110 110 109 109 108 108 108 108 108 108 109 108 107 108 109 109 107
 109  29]","[ 29  29  85  85  87  88  86  86  85  87  88  90  91  91  91  92  94  94
  95  96  96  97  97  97  97  98  98  97  96  97  99 100 101 102 103 103
 103 104 104 105 105 104 103 104 105 107 108 108 105 107 108 108 108 106
 105 108 108 108 107 106 106 106 108 110 110 110 109 109 109 109 108 107
 107 106 106 107 108 108 107 107 107 107 106 106 105 105 104 104 104 105
 105 105 105 105 105 105 105 105 105 105 105 105 105 104 105 103 101  93
  83  81  82  82  81  81  81  81  81  83  85  87  86  86  86  86  84  82
  81  81  79  78  76  75  76  79  80  81  81  80  80  80  81  84  90  94
  99 103 106 107 109 108 107 108 107 108 108 107 108 109 109 109 107 108
 108 109 109 109 109 109 108 108 109 109 109 109 109 109 110 109 108 108
 108 109 110 109 109 109 108 108 108 108 109 109 108 108 109 109 108 107
 109  28]","[ 28  28  86  85  87  87  87  87  86  92  91  88  90  91  90  92  94  94
  94  95  96  96  97  97  96  97  97  97  97  97  98 100 101 101 101 102
 102 102 103 104 105 104 104 104 104 104 105 106 105 107 107 107 107 106
 105 107 109 108 108 107 107 107 109 110 110 109 109 108 109 109 109 108
 108 107 107 107 107 107 107 107 107 107 106 106 106 106 105 104 105 105
 105 105 105 105 105 105 105 106 106 106 106 105 105 105 107 105 104  96
  84  81  82  80  79  80  80  81  82  83  84  85  85  86  87  86  84  83
  82  81  78  77  76  76  77  79  81  82  81  80  81  81  83  85  90  94
  97 102 105 106 109 109 108 109 108 109 108 108 109 109 109 108 108 108
 109 109 109 109 110 110 109 109 110 110 110 110 110 110 109 109 108 108
 108 109 110 109 109 109 109 109 109 109 109 109 109 109 110 109 108 107
 108  28]","[ 28  30  88  87  86  85  86  88  95 105  99  88  89  91  89  91  93  93
  94  94  95  96  96  97  97  97  98  97  97  98  99 101 101 100 100 100
 101 102 103 104 104 104 104 105 104 103 104 106 105 106 106 106 107 106
 105 107 108 108 107 107 107 108 109 110 109 108 107 107 108 109 108 108
 108 107 107 107 107 106 106 106 106 106 106 106 107 107 107 106 107 106
 105 105 105 105 105 105 105 107 108 107 106 105 105 105 107 106 105  98
  86  83  84  80  80  80  81  82  83  83  83  83  84  86  88  86  85  84
  82  81  79  78  76  76  77  79  80  82  82  81  81  81  83  86  90  94
  96 100 103 106 108 109 108 109 108 108 109 108 109 109 109 107 108 109
 109 110 110 110 111 111 110 110 110 110 110 110 110 110 109 109 109 108
 109 110 110 110 109 110 110 110 110 110 109 109 109 110 110 109 108 107
 109  28]","[ 29  32  92  89  86  84  85  89 104 116 106  88  88  90  87  89  90  91
  92  93  94  95  96  96  97  97  97  97  97  98 100 101 101 100  99 100
 101 103 104 105 103 103 104 105 105 103 105 107 106 107 107 107 108 107
 106 108 107 106 106 106 106 107 108 109 108 107 106 106 108 108 108 108
 107 107 107 107 106 105 105 105 106 105 105 105 107 108 108 108 108 107
 106 105 105 105 105 105 104 106 107 107 105 103 103 104 104 104 104  98
  86  84  86  81  82  82  82  83  83  83  82  82  83  86  88  86  84  84
  82  80  80  79  77  77  77  78  79  81  83  81  80  80  82  85  90  94
  95  99 102 105 108 109 108 108 107 108 108 108 109 109 109 108 109 109
 110 110 110 110 111 111 111 111 110 110 110 110 110 110 110 110 109 109
 109 110 111 110 109 109 110 110 110 109 109 109 109 110 110 109 109 108
 110  30]","[ 30  26  99  87  79  84  94 109 126 119 102  91  87  87  91  87  89  92
  93  92  93  94  94  93  96  97  97  97  98 100 101 102 101 102 101 100
 100 102 104 105 105 104 104 104 104 105 106 106 107 107 108 109 109 108
 107 106 105 106 107 107 108 108 108 108 108 107 106 106 107 107 106 106
 107 106 107 107 107 106 105 105 104 105 106 106 106 106 108 110 109 108
 107 107 107 106 105 105 108 107 107 107 107 106 105 105 105 104 105 100
  90  84  84  82  82  82  82  82  82  82  82  82  84  86  87  87  86  84
  83  83  80  79  79  79  80  80  80  81  82  81  81  81  82  85  89  92
  94  97 101 104 106 107 108 109 108 107 107 108 109 109 109 110 111 110
 109 109 110 110 111 111 110 110 109 109 110 110 109 109 108 110 111 110
 110 110 110 111 111 110 110 110 110 110 109 109 109 109 109 110 111 110
 110  28]","[ 29  32  80  80  91 117 130 133 125 108  89  85  88  88  88  86  88  90
  91  92  92  92  94  97  95  96  96  96  97  98  99  99  99 100 100 100
 101 102 104 104 104 104 104 104 104 105 107 107 108 108 108 108 108 108
 107 107 107 107 107 107 107 108 108 108 108 107 107 108 107 107 106 106
 107 106 106 107 108 107 106 105 106 106 107 107 106 106 108 109 109 108
 107 108 108 107 105 105 107 107 106 105 105 105 105 105 106 104 105 101
  91  84  83  81  82  82  81  80  81  82  85  86  84  85  85  85  84  83
  83  83  81  81  81  81  80  79  80  81  81  81  81  80  81  84  87  89
  94  97 101 104 105 106 108 110 107 108 108 109 109 109 109 110 111 110
 110 109 110 110 110 110 109 109 109 109 110 110 110 109 108 110 111 110
 109 109 110 110 110 109 109 109 109 109 109 109 110 111 111 111 111 109
 110  29]","[ 31  26  89 104 121 129 121 110 100  91  87  88  90  88  85  88  88  90
  90  90  92  92  92  93  95  95  96  96  97  97  97  97  97  98  99 101
 102 104 104 104 103 104 104 104 105 105 107 108 108 108 107 107 107 107
 107 108 107 107 106 105 106 108 108 108 108 108 108 109 108 107 106 106
 107 106 106 107 108 108 107 107 107 108 108 107 107 106 107 108 108 108
 107 107 108 107 106 104 107 107 106 105 105 105 106 107 107 105 105 103
  94  85  81  80  81  81  80  79  79  81  83  85  84  84  84  83  82  82
  82  82  81  81  82  82  80  79  80  81  82  82  82  81  81  83  86  89
  94  97 101 103 104 105 107 109 108 108 110 111 110 109 109 110 110 110
 109 109 110 110 109 109 110 109 109 109 110 110 110 110 110 111 112 111
 110 110 110 110 108 108 108 109 109 109 109 110 111 112 112 111 110 109
 110  29]","[ 28  31 118 122 124 113  99  87  80  76  81  85  91  95  90  91  87  91
  89  86  90  94  96  98  95  95  95  96  96  96  97  97  98  99 100 101
 103 104 104 103 103 104 105 105 104 105 106 107 107 107 107 106 106 106
 106 106 106 106 105 104 106 108 109 108 108 108 108 108 108 106 106 107
 108 106 106 107 109 109 108 108 108 108 108 108 107 107 107 107 108 107
 106 106 107 107 106 105 106 106 105 105 105 106 107 108 108 106 106 104
  97  86  80  79  78  79  80  80  80  80  81  82  85  84  83  82  82  83
  83  84  81  81  81  81  80  80  80  82  82  82  83  82  82  84  88  91
  94  97 100 102 104 105 107 108 110 109 110 111 110 110 109 110 111 110
 110 110 110 110 109 109 111 111 110 110 110 110 110 110 111 112 112 111
 111 111 111 111 108 109 109 109 109 109 110 111 112 111 111 110 110 109
 110  29]","[ 29  32 129 122 119 110 106 106  96  91  94  93  89  79  63  57  68  75
  79  83  90  91  90  92  95  94  94  95  95  96  97  98 100 100 100 100
 101 103 103 103 103 104 104 104 104 104 105 107 106 107 107 107 106 105
 105 105 106 106 105 105 107 108 108 107 107 107 107 108 107 106 107 108
 108 106 106 107 109 109 109 108 108 108 108 108 108 107 107 108 108 107
 105 104 105 107 107 105 105 105 105 105 106 107 108 108 109 107 106 106
 100  88  80  78  75  77  79  81  81  81  82  83  84  83  82  81  82  84
  85  86  83  82  80  80  81  81  81  81  82  82  82  82  82  84  88  91
  95  97 100 102 104 107 109 109 112 110 109 110 111 111 110 110 111 111
 111 111 111 111 111 110 111 111 110 110 110 110 110 110 111 111 111 111
 110 111 111 111 110 110 110 110 110 110 110 111 112 111 110 110 111 110
 111  29]","[ 30  25 160 149 147 137 134 128 114  98  84  72  58  45  36  38  37  41
  48  66  88  94  92  94  96  94  94  95  96  96  98 100 101 101 100  99
 100 101 102 102 102 103 103 104 104 105 106 107 106 107 108 108 107 106
 106 106 108 108 107 107 107 108 108 107 107 106 107 107 107 107 107 108
 107 106 106 108 109 109 108 107 107 108 108 108 107 107 108 108 108 108
 106 104 105 107 108 107 105 105 106 107 108 109 109 109 109 108 107 106
 102  91  81  79  77  78  79  79  80  80  81  82  81  81  80  81  82  83
  85  87  86  83  81  80  81  81  81  81  81  81  81  80  80  82  85  88
  93  96 100 102 105 109 111 110 112 110 109 110 111 111 111 110 111 110
 110 110 111 111 111 110 110 110 110 110 109 110 110 111 111 111 111 110
 110 111 111 111 111 111 111 110 110 110 111 111 112 110 110 110 112 111
 112  29]","[ 29  31 133 101  82  67  56  40  41  31  23  30  39  41  43  43  43  42
  38  48  73  89  92  95  97  95  94  95  96  96  98 101 100 101 100 100
 100 101 102 103 102 102 103 104 104 105 106 106 105 106 108 108 107 107
 107 108 109 109 108 108 108 108 108 107 107 107 107 108 108 108 108 108
 107 106 107 108 108 108 106 106 106 107 108 108 107 107 107 108 109 109
 107 105 106 108 109 108 108 107 107 108 109 110 110 109 108 109 107 106
 104  94  83  80  80  79  79  78  78  79  80  80  80  80  81  81  81  82
  84  85  85  83  82  81  81  81  81  81  80  81  81  80  80  81  83  84
  91  96 100 102 104 108 110 111 112 110 109 110 111 111 111 110 110 109
 109 109 110 111 111 111 110 110 110 110 109 110 111 111 111 111 111 110
 110 111 111 111 111 111 110 110 110 110 110 110 111 110 110 110 112 111
 111  29]","[ 28  30  21  15  16  16  20  24  21  26  28  35  40  39  41  38  38  46
  44  45  66  87  94  96  97  95  94  95  96  96  97 100  99 100 101 101
 101 102 103 103 102 103 103 104 104 105 105 105 104 105 107 108 107 107
 108 109 108 108 108 107 107 108 108 108 108 107 107 108 109 109 108 108
 106 106 107 108 108 107 105 105 106 107 108 108 107 106 107 108 109 110
 108 106 107 109 110 109 109 108 107 108 109 110 109 108 107 109 107 106
 105  96  85  81  79  79  79  79  80  80  81  82  81  81  82  81  81  81
  82  83  83  82  82  81  81  80  81  81  80  80  81  81  82  82  83  83
  90  96 101 102 103 105 108 109 110 110 110 111 111 111 110 111 110 110
 110 110 111 112 112 113 111 112 111 111 110 110 111 112 111 111 110 110
 109 110 110 110 111 110 109 109 109 110 110 110 110 110 110 110 111 110
 110  29]","[ 30  27  28  28  27  30  30  32  31  32  33  35  38  39  39  39  41  41
  43  47  47  80  96  95  97  97  97  97  96  97  98  98  98 100 101 101
 101 103 103 103 104 104 104 104 104 105 106 107 105 106 106 107 108 108
 108 107 107 107 107 105 104 105 107 108 106 108 109 110 110 109 109 109
 108 107 106 106 105 104 105 106 105 107 108 108 107 107 107 108 109 109
 108 108 109 110 110 110 108 108 108 108 109 109 110 110 109 105 109 108
 107 102  85  77  80  80  79  79  79  80  81  81  81  81  81  81  80  80
  80  81  82  82  82  82  81  81  80  80  81  80  80  80  81  81  82  83
  86  91  97 102 104 104 106 107 109 110 110 110 110 110 111 111 109 110
 111 111 111 111 111 111 110 110 111 111 110 110 111 112 112 112 111 110
 109 109 109 110 110 109 109 109 110 110 110 109 110 109 112 109 109 111
 110  29]","[ 30  29  35  35  35  36  36  37  39  39  38  38  39  39  39  38  39  42
  42  41  36  61  88  98  94  95  95  96  96  96  97  97  99 100 101 101
 102 104 104 103 102 103 104 104 103 103 105 106 107 107 107 107 108 108
 107 106 106 107 107 106 105 106 107 108 108 108 109 110 109 108 106 106
 106 105 105 105 105 105 105 106 106 106 107 107 107 107 107 108 108 108
 108 108 109 110 110 110 109 109 108 108 108 109 110 111 112 109 110 109
 107 104  89  76  81  81  81  81  81  81  81  81  80  81  82  82  81  81
  81  82  81  81  81  81  81  80  80  79  82  81  81  81  81  81  82  82
  83  88  94 100 104 106 108 109 109 110 111 110 110 111 111 111 110 110
 111 111 111 111 111 110 110 111 112 112 111 111 112 113 112 111 111 110
 109 108 108 109 110 109 109 109 110 110 110 110 110 111 108 112 112 107
 107  28]","[ 29  30  40  38  40  39  40  39  38  37  36  35  35  35  35  34  35  32
  29  32  30  42  75  97  95  96  97  97  97  97  98  98 100 100 101 101
 103 104 103 101 101 103 105 105 104 104 106 107 106 107 107 106 106 106
 106 104 105 106 107 106 105 105 106 106 109 109 110 110 109 108 106 105
 105 104 104 106 107 107 106 106 108 108 108 109 109 109 110 110 108 108
 108 107 108 109 109 108 109 108 108 107 108 108 110 110 109 108 108 109
 108 108  99  80  79  80  80  81  80  80  79  79  78  80  81  81  80  80
  80  80  82  82  82  82  82  81  81  81  81  81  80  80  80  80  80  81
  83  87  92  97 101 104 105 106 108 109 110 110 109 109 109 109 109 109
 110 110 110 109 109 109 109 110 111 111 110 110 110 111 112 112 112 112
 111 110 110 110 110 109 108 108 109 110 110 110 110 110 111 113 107 109
 112  31]","[ 28  30  41  37  40  38  40  37  37  35  33  30  29  27  26  25  27  26
  22  22  20  25  67  98  95  96  96  96  96  97  97  98 100 100 101 102
 102 102 102 101 101 103 105 105 106 106 107 108 107 107 108 107 107 108
 107 106 107 108 109 108 107 107 106 106 107 107 108 109 109 108 107 105
 105 104 104 106 107 107 106 106 108 108 108 109 110 110 110 110 110 110
 110 109 108 109 109 108 109 109 109 109 109 110 110 111 108 109 106 108
 107 107 103  79  80  80  81  81  81  81  80  80  80  81  82  81  80  79
  79  80  81  81  81  81  81  81  81  81  81  81  81  81  81  81  81  82
  84  86  91  97 102 106 108 108 108 109 110 110 110 110 109 109 110 110
 110 110 110 110 110 109 109 110 111 111 111 110 110 110 111 111 112 112
 111 111 111 111 111 110 109 109 110 110 110 110 110 106 110 108 108 112
 108  26]","[ 30  29  37  31  34  32  34  30  25  24  23  21  20  19  18  17  15  20
  20  18  20  27  67  96  96  97  97  97  97  98  99 100 101 102 103 104
 103 102 102 103 102 102 103 105 106 107 107 107 106 107 107 107 107 108
 108 107 107 108 109 109 108 107 107 106 104 105 106 108 109 109 108 107
 105 105 105 107 108 108 107 107 107 107 107 109 110 110 110 109 110 110
 110 109 108 108 109 108 107 107 108 109 109 110 110 110 108 109 106 108
 106 106 104  81  79  79  80  80  81  81  81  81  81  81  81  81  80  79
  80  81  80  80  81  81  81  81  81  81  81  81  81  81  81  81  81  81
  81  83  87  93  99 103 106 106 107 108 109 110 110 110 109 109 110 110
 110 110 110 109 108 108 109 110 110 111 111 110 110 109 109 110 110 111
 111 110 111 111 110 109 109 109 109 109 108 108 110 109 109 107 111 106
 108  34]","[ 31  27  30  23  22  20  20  16  15  16  16  17  18  19  19  19  19  18
  19  19  19  24  64  98  96  96  96  97  97  99 100 101 101 102 104 104
 102 101 101 103 103 103 104 106 107 108 108 108 106 107 108 107 107 107
 107 107 107 107 108 108 108 108 107 107 104 105 106 107 108 108 108 107
 106 105 106 108 109 109 109 109 108 109 109 110 111 111 110 109 109 110
 110 109 109 109 110 110 107 108 109 109 110 110 110 109 108 110 107 109
 107 106 106  89  76  76  77  78  79  80  81  81  80  80  80  80  79  80
  81  81  81  81  81  82  82  82  82  82  81  81  80  80  80  79  79  79
  80  82  85  91  97 102 105 106 106 108 109 109 109 109 109 109 110 110
 110 109 108 107 107 106 109 109 110 110 110 109 109 109 109 110 111 111
 111 111 112 112 110 109 109 109 109 109 108 107 109 110 108 112 110 106
 113  24]","[ 30  26  27  22  19  18  17  16  16  16  16  17  16  16  16  16  15  13
  18  20  16  23  61  96  96  96  97  97  97  98  99 100 102 102 103 103
 102 101 101 103 104 104 105 106 107 107 107 107 107 108 109 108 107 107
 108 107 108 108 108 108 108 109 109 108 104 105 105 106 106 106 106 106
 105 105 105 107 107 107 107 107 108 108 108 109 109 109 109 108 109 110
 110 109 109 110 110 111 109 109 110 110 110 110 109 109 109 110 108 108
 106 104 103  95  77  77  78  78  79  80  81  81  81  80  80  80  81  81
  81  81  81  81  81  81  81  81  81  81  81  81  81  80  80  80  80  80
  80  82  84  89  95  99 102 103 107 108 109 109 109 109 109 109 110 110
 109 109 108 108 107 107 109 109 109 109 109 109 109 109 108 109 109 109
 109 109 109 110 110 110 109 109 109 109 109 108 108 105 103 112 110 111
 106  31]","[30 27 29 30 27 29 28 30 29 29 29 29 29 29 29 29 30 29 31 28 26 31 31 28
 29 29 29 29 29 29 29 30 30 29 29 29 29 28 28 30 28 29 29 29 29 29 30 30
 28 29 30 29 28 29 29 29 29 29 29 28 28 29 29 29 29 29 30 29 29 28 29 29
 29 28 29 29 29 29 29 29 29 29 29 29 29 29 29 29 28 29 29 29 28 29 29 29
 30 30 29 29 29 29 28 28 28 30 28 29 29 29 30 28 29 29 29 29 29 29 29 30
 29 29 28 29 29 29 29 28 29 29 29 29 29 29 29 29 29 29 29 29 29 29 29 29
 29 29 28 28 29 29 29 28 28 29 29 29 29 29 29 29 29 29 29 29 29 29 29 29
 29 29 29 29 29 29 29 28 29 29 29 29 29 29 29 30 29 29 28 28 29 29 29 29
 27 32 29 29 28 29 29 30]"
