"[31 34 28 31 29 29 29 30 29 30 30 29 29 29 29 30 30 28 29 31 29 27 28 30
 29 30 29 28 28 29 29 29 29 29 29 29 29 29 29 29 30 29 27 27 29 29 29 30
 30 28 29 27 30 28 29 28 31 29 29 29 32 29 29 31 30 28 29 31 29 29 30 30
 28 30 31 27 28 31 28 28 29 28 31 28 28 29 28 32 30 28 30 30 28 28 29 30
 29 29 28 28 28 28 29 30 28 29 30 28 28 30 31 28 28 29 28 31 28 30 28 29
 29 29 28 28 29 29 30 29 29 30 28 30 29 30 28 30 30 31 29 28 29 29 29 29
 29 29 29 28 28 30 29 29 29 29 30 30 28 28 29 29 28 29 29 29 29 29 29 29
 28 29 30 29 29 29 30 29 29 29 29 30 29 29 29 29 28 28 30 30 29 29 30 29
 31 28 29 30 30 30 31 27]"
"[33 26 33 30 28 31 28 28 28 27 28 29 30 29 28 28 29 28 29 29 29 30 30 28
 28 29 29 29 29 29 28 27 29 29 29 28 28 29 30 29 28 30 30 30 31 30 28 28
 29 28 31 30 32 28 29 29 28 30 31 26 29 28 30 29 29 29 28 28 29 29 28 27
 29 29 31 28 28 29 28 31 30 28 30 29 30 31 26 26 29 29 30 31 29 28 30 29
 29 27 28 31 31 29 28 29 31 29 29 29 28 29 29 29 31 31 28 30 28 30 28 29
 29 30 30 30 29 28 28 28 28 32 31 29 28 32 31 28 28 28 28 29 30 29 28 29
 28 31 29 31 30 28 30 29 32 29 28 30 30 30 30 29 29 30 31 30 29 29 28 27
 30 29 29 29 30 30 29 27 27 28 28 28 28 28 29 29 30 29 29 29 28 29 30 29
 30 31 30 29 30 27 32 27]"
"[ 29  28 133 132 130 128 133 136 139 135 131 129 129 128 129 131 129 130
 130 129 129 133 136 134 137 137 137 137 137 136 134 133 139 140 140 140
 143 151 158 161 162 165 164 162 160 160 160 161 149 146 147 145 147 145
 152 157 161 181 205 221 236 241 244 246 245 248 248 245 246 245 246 248
 246 244 246 246 246 246 244 246 246 244 245 245 246 248 248 248 248 237
 215 199 184 171 164 153 152 149 148 145 138 130 129 132 131 132 140 149
 152 153 157 160 156 153 147 145 139 135 128 125 126 124 120 111  95  73
  51  37  30  22  19  18  20  21  23  19  18  20  20  17  16  16  16  14
  15  14  17  16  15  20  41  82 106  97  89  84  77  70  65  62  65  68
  70  68  66  64  61  58  47  44  42  45  49  51  51  51  51  52  53  53
  53  55  56  56  55  55  54  55  57  58  59  59  63  60  72  79  93 123
 121  29]"
"[ 29  33 123 130 126 126 128 132 134 133 132 131 129 127 124 122 126 128
 131 130 128 129 132 132 132 131 131 131 130 130 130 130 130 134 136 134
 132 131 130 128 137 142 147 152 155 155 155 159 160 158 159 156 154 147
 150 154 153 152 152 155 164 172 186 198 210 234 247 247 249 252 251 250
 254 251 251 253 253 254 252 251 251 252 253 252 251 251 251 252 251 254
 251 254 252 241 232 213 191 178 163 156 153 150 145 142 134 133 134 134
 130 128 133 137 146 149 153 156 155 151 144 139 135 130 125 122 121 118
 111 105  96  74  58  40  27  18  21  17  19  18  18  18  17  16  17  17
  15  17  14  13  16  46  92 105  98  88  81  77  72  67  65  65  65  69
  71  68  64  61  57  53  53  48  46  48  51  52  52  54  52  54  53  53
  54  57  59  58  55  55  55  57  60  61  61  61  67  76  84  95 117 123
 115  33]"
"[ 30  23 123 123 119 120 127 125 132 131 127 122 120 123 125 126 123 123
 127 131 130 129 130 131 127 126 125 125 124 125 128 131 134 136 135 131
 128 129 131 131 130 129 127 130 133 134 139 148 149 148 152 153 154 150
 155 160 157 154 150 152 153 151 147 147 151 158 171 189 202 207 224 251
 251 252 254 254 252 254 252 251 254 253 251 251 253 253 253 252 252 254
 251 253 251 251 255 252 254 252 243 228 209 188 169 157 149 147 145 141
 135 132 129 126 123 127 133 139 144 147 150 152 151 143 133 126 123 121
 118 116 111 108 114 107  92  74  61  42  25  15  13  17  17  15  17  20
  21  14  12  17  52  95 101  93  91  80  73  71  69  67  66  66  66  68
  68  64  60  58  56  54  56  53  52  53  53  52  53  55  58  57  56  55
  57  60  61  60  59  60  57  57  60  60  60  63  67  87 107 117 121 117
 115  26]"
"[ 29  32  84  90  89  97 102 105 121 123 124 122 121 122 122 122 123 119
 119 123 124 125 126 126 127 126 124 124 123 123 126 130 126 128 130 129
 127 125 123 123 126 126 129 132 132 126 121 123 129 127 129 128 129 126
 131 136 148 154 156 158 158 159 154 152 150 154 152 147 145 145 149 156
 170 183 207 221 230 243 252 254 251 253 252 254 253 251 252 250 248 252
 252 253 253 252 254 252 253 254 253 253 254 254 251 245 228 213 191 169
 154 148 140 131 131 129 128 124 124 122 125 125 123 126 130 132 131 129
 125 123 116 108 109 110 108 108 108 100  93  77  58  41  28  25  21  13
  15  16  25  65 100 102  96  91  81  71  65  66  68  69  68  65  65  64
  61  58  56  56  57  57  56  57  59  60  58  55  56  58  61  59  58  58
  58  59  60  60  61  61  56  53  58  63  68  76  95 115 121 117 115 108
 110  29]"
"[ 31  26 103  97  95  96  92  88  91  91  93  98 104 109 116 121 118 116
 118 121 122 123 123 122 124 122 121 122 122 122 123 126 126 124 123 121
 119 117 119 121 123 126 128 130 131 129 128 129 128 127 130 129 129 125
 126 126 123 133 138 145 147 154 154 156 155 157 157 153 152 152 151 148
 143 142 149 151 155 172 191 201 223 233 242 251 252 251 253 252 254 252
 252 252 251 252 253 251 250 252 254 254 252 253 254 255 254 252 249 241
 230 213 191 171 155 149 145 138 136 130 127 122 116 116 116 115 115 115
 117 118 123 110 104 108 104 101  98  95  97  94  91  85  80  80  66  43
  31  36  78 107  99  92  88  79  72  66  64  66  68  70  69  66  67  62
  57  57  59  60  61  61  58  60  62  60  56  53  54  56  61  61  61  61
  60  57  58  60  61  62  57  55  63  75  88 102 114 125 114 107 113 113
 111  28]"
"[ 29  31 116 110 110 111 102 103  98  92  89  90  87  81  79  82  87  97
 111 120 123 125 125 122 116 114 115 118 121 122 122 123 123 122 123 124
 123 121 121 123 123 126 125 120 120 122 124 125 128 126 125 122 124 123
 126 127 130 127 121 126 129 135 134 139 146 151 152 148 147 154 155 148
 146 141 145 146 142 143 143 141 140 151 163 185 206 225 244 250 251 249
 253 255 253 253 252 253 255 252 250 251 252 253 252 252 253 252 253 254
 254 255 254 250 237 218 194 168 157 146 142 137 134 128 120 114 110 108
 105 102  96  97  99 103  96  98  97  96  97  82  74  76  80  84  82  72
  75  91 102 101  93  85  79  73  66  66  68  69  68  68  69  68  64  57
  52  55  59  60  59  58  56  59  61  58  54  55  59  62  61  62  64  65
  61  57  57  61  64  65  61  60  72  87 106 123 118 118 110 111 110 109
 110  29]"
"[ 29  29 128 130 127 122 120 121 114 108 109 110 104 103 103  97  89  85
  82  81  83  88  95 101 109 112 118 122 124 122 118 114 118 113 117 117
 119 123 122 123 124 124 123 121 118 118 120 121 123 121 123 122 119 120
 125 125 124 123 124 125 124 126 129 130 123 125 131 129 125 126 128 132
 136 135 138 145 151 154 154 153 149 143 139 140 141 143 149 155 178 210
 231 241 250 251 250 252 253 251 252 254 252 251 253 252 251 252 253 252
 252 253 253 254 253 253 255 254 249 226 202 185 168 150 138 128 124 125
 119 113 102  91  93  97  83  79  83  82  81  74  68  71  74  77  73  79
  96  99 102  96  85  77  71  64  66  70  71  69  69  69  66  60  45  44
  47  54  58  56  55  57  54  55  55  55  56  59  63  66  66  65  63  62
  61  59  60  62  65  73  73  77  92 111 121 114 112 113 111 110 111 112
 115  28]"
"[ 28  32 137 142 138 132 129 131 129 123 122 121 116 115 114 110 104 107
 109 108 102  95  91  90  87  85  84  86  93 102 110 115 108 104 105 104
 111 122 122 118 122 123 122 121 120 119 118 117 122 118 119 123 121 118
 120 124 125 121 119 120 122 125 125 123 121 122 127 126 122 122 122 124
 126 124 123 123 124 128 136 143 152 148 147 148 146 139 134 133 133 143
 146 153 168 183 203 221 238 245 251 252 252 253 254 251 254 252 252 253
 252 249 251 254 254 252 250 250 255 254 253 253 244 236 224 197 168 149
 132 121 113 109 113 105  90  87  81  72  75  62  62  69  73  78  84  97
  99  94  89  83  76  71  67  63  64  68  70  70  69  65  55  44  41  41
  44  50  54  53  50  47  51  54  57  60  61  63  65  66  64  64  64  64
  62  62  65  70  73  73  77  97 114 118 117 111 113 114 112 112 112 113
 115  28]"
"[ 30  29 129 133 133 133 135 138 135 133 132 131 129 124 119 115 114 113
 111 111 112 112 112 111 109 103  93  86  84  86  90  93  89  91  96  96
  98 105 107 107 117 117 117 116 117 117 117 116 117 115 116 119 120 118
 118 123 118 115 114 115 117 121 123 122 117 116 119 119 117 119 120 123
 119 119 119 118 116 118 125 131 130 130 134 138 140 138 137 138 152 147
 141 144 144 138 141 148 150 165 180 194 213 236 249 252 251 252 253 253
 254 254 254 252 252 252 252 251 254 252 253 254 254 254 254 254 248 238
 218 201 172 139 123 115 115 114 100  92  89  80  76  75  80  92  97  95
  90  84  80  75  69  65  65  65  65  67  68  65  62  56  47  38  43  43
  46  50  56  58  55  50  53  57  61  63  65  65  65  65  67  65  64  65
  65  65  66  68  77  88 103 117 119 113 113 114 114 114 112 112 112 113
 115  28]"
"[ 30  28 126 128 126 125 124 124 131 131 130 132 136 134 129 128 127 123
 118 116 116 117 114 111 113 112 109 106 103 101 100 100  90  84  84  88
  91  91  87  84  82  87  94 102 110 114 116 115 114 118 118 116 118 119
 119 121 117 116 117 117 117 116 115 113 115 112 114 114 113 115 116 119
 114 114 114 115 116 117 118 119 114 114 117 119 120 122 128 134 134 131
 135 149 154 151 150 150 147 143 138 136 135 136 150 171 189 202 218 232
 243 251 253 253 250 253 254 251 253 251 252 252 255 251 250 252 254 254
 253 251 250 242 229 196 162 136 120 116 115 107  94  97  98 100  99  93
  82  77  73  70  65  64  65  65  64  66  64  60  55  51  47  44  47  46
  48  53  59  63  62  60  59  60  61  63  64  66  66  65  65  64  64  66
  69  72  75  79  96 108 118 119 114 112 113 112 115 115 113 112 113 113
 115  28]"
"[ 28  30 130 131 126 123 121 122 125 123 117 117 123 124 122 124 120 121
 121 121 120 119 117 115 116 117 117 115 112 110 110 111 110 101  96  97
  98  94  89  83  84  83  81  81  84  90  95  98 109 116 117 115 116 117
 116 118 120 116 113 113 113 115 115 112 110 107 110 112 112 113 113 114
 116 113 111 111 114 116 117 116 111 111 112 113 113 113 116 120 121 117
 115 121 127 132 138 138 137 142 144 144 143 137 133 135 132 133 140 151
 162 175 197 217 232 242 251 250 254 254 254 251 253 253 252 254 254 252
 253 254 253 253 253 253 238 207 201 202 187 169 124 109 102  99  94  87
  81  74  66  61  61  65  67  63  60  60  59  57  56  54  51  49  52  51
  53  58  63  65  65  66  63  62  62  63  66  69  70  69  67  67  68  69
  71  78  90 100 117 116 115 114 113 112 113 116 117 117 114 114 114 115
 117  29]"
"[ 30  29 126 127 126 127 129 131 131 128 120 117 120 119 116 116 118 117
 114 113 115 119 120 120 120 120 120 118 115 115 117 120 115 113 110 109
 106 103 100  91  87  87  87  85  83  80  77  75  73  79  87  95 103 107
 111 116 112 112 115 116 114 113 114 112 111 107 109 110 109 110 110 112
 110 110 110 110 111 111 110 108 107 107 108 112 115 116 116 116 117 115
 111 109 110 114 118 115 113 122 127 129 137 147 148 144 140 135 130 128
 126 125 128 132 139 156 179 198 222 238 249 252 252 254 254 252 252 252
 254 253 253 251 248 252 252 239 248 250 250 219 161 123 103  95  87  80
  74  70  65  61  61  66  67  62  58  55  53  55  58  58  56  53  58  58
  61  65  66  65  65  66  67  66  66  67  70  72  73  71  73  71  69  71
  78  89 103 113 118 114 114 112 112 113 115 119 117 117 114 114 115 116
 117  30]"
"[ 30  29 126 128 129 131 129 128 131 129 125 124 125 124 122 122 118 116
 114 113 117 121 120 117 117 118 118 117 116 117 119 121 119 117 114 119
 124 123 118 106 106 104 100  95  92  88  83  80  88  86  86  83  79  76
  74  72  77  87 101 108 107 107 110 111 111 107 110 110 108 107 105 107
 108 110 110 109 108 108 107 106 105 104 104 105 107 107 108 108 110 112
 110 110 111 112 114 112 112 108 108 109 104 102 112 125 132 134 133 131
 134 136 129 119 120 119 120 120 128 132 140 145 165 190 212 231 241 243
 249 252 252 247 249 252 253 240 249 252 240 167 115  88  87  84  74  72
  65  64  65  66  66  66  64  60  57  55  54  56  59  60  58  56  59  61
  65  67  67  67  66  66  70  71  72  72  73  74  74  73  75  70  70  79
  94 107 115 118 114 112 113 112 114 119 116 114 116 116 115 115 116 116
 117  29]"
"[ 29  30 129 130 130 131 132 133 132 130 128 127 127 127 128 130 124 126
 125 123 121 121 120 118 116 116 116 116 115 115 116 116 117 116 116 126
 130 127 129 126 124 121 116 112 110 108 104 101  97  95  92  86  82  86
  87  81  72  74  76  74  71  74  83  89  97  97 106 113 113 111 107 107
 108 104  97  91  90  95 101 104 102 103 104 103 101 101 104 108 107 108
 107 109 110 108 110 111 111 108 109 109 108 110 113 112 118 117 115 113
 117 124 130 131 128 123 121 122 123 115 113 116 115 122 123 131 140 151
 174 193 210 226 244 241 251 253 248 221 161 103 100  83  81  74  65  66
  66  62  62  66  68  66  61  55  54  56  59  62  62  60  58  58  60  65
  68  69  70  73  74  73  71  73  75  75  74  75  76  77  77  76  81  94
 109 117 117 114 112 112 118 118 116 116 113 115 116 117 116 117 118 118
 118  29]"
"[ 29  29 129 131 131 132 132 132 132 131 129 130 133 132 130 130 131 129
 126 124 126 126 122 120 119 120 122 121 119 116 115 115 118 114 112 114
 115 114 115 116 122 122 122 122 123 124 122 119 111 109 106 100  95  97
  97  90  78  81  82  80  78  76  76  76  73  75  81  85  89  96 104 107
 109 111 104 105 101 100 102  95  91  94 100 103 103 104 105 104 108 104
 107 104 102 102 109 108 106 101 108 110 107 110 112 113 108 108 106 108
 103 102 111 112 112 111 115 120 122 125 126 122 109 110 106 103 103 101
 105 115 131 150 176 193 211 228 196 151 109  94  85  82  73  65  64  66
  67  64  65  66  64  58  54  54  56  60  64  65  64  62  61  60  63  65
  67  68  71  76  77  75  74  73  76  76  76  78  78  82  80  88 101 114
 119 118 115 113 113 116 118 119 118 116 115 115 117 117 118 118 116 118
 121  30]"
"[ 29  30 135 134 131 129 131 134 134 133 132 132 132 132 131 131 131 129
 126 126 129 129 126 124 120 121 123 124 123 122 120 119 118 116 115 114
 111 108 107 107 110 111 113 113 114 115 115 113 113 113 112 109 109 111
 112 108  99  98  96  90  85  80  78  76  73  70  71  74  73  68  68  73
  77  79  77  90  94  97  99  94  90  91  92  91  92  97 103 108 110 103
 102 101 103  98  99 102 103 101 107 109 108 109 106 106 106 104 104 107
 105 102 104 100 102  98  99 103 100  99 103 108 109 112 112 112 113 111
 107 109 105 109 115 119 130 134 119 100  88  82  77  72  64  63  65  64
  65  65  64  61  56  52  52  54  58  60  63  64  64  64  64  64  65  67
  70  73  77  81  81  78  76  73  76  78  81  82  80  81  94 104 115 118
 114 112 114 116 118 118 118 118 117 117 116 116 116 116 117 117 116 119
 121  29]"
"[ 29  28 138 136 131 128 130 135 134 132 134 135 133 132 132 130 131 129
 127 128 131 131 129 127 124 123 123 123 123 121 119 117 117 118 118 116
 115 113 113 114 114 115 115 113 111 109 108 107 111 112 111 111 113 114
 114 113 111 108 105 103  99  96  95  95  90  89  84  80  78  75  72  73
  68  64  57  63  63  66  75  80  79  81  80  78  76  76  85 100 106 107
 106 105 106  98  95  98 103 104 105 104 103 104 105 109 105 103 101 103
 102 101 103 100  99  99 100 100  97  94  92  88  87  93  97  99 102 105
 109 112 113 112 106 109 127 116  98  90  83  79  74  68  65  67  66  59
  62  62  60  54  50  50  54  57  60  61  62  63  63  64  65  66  67  69
  72  77  82  84  82  79  74  76  79  78  80  86  88  90 113 119 121 118
 114 114 115 115 121 120 119 118 118 118 118 118 118 117 118 119 119 121
 122  29]"
"[ 29  29 148 137 124 118 125 136 129 125 127 130 128 130 133 131 129 128
 129 131 131 131 131 131 130 127 125 126 127 126 124 124 121 121 120 118
 117 117 117 117 116 116 116 114 113 111 110 109 111 112 110 109 112 112
 110 112 112 109 107 107 107 106 105 105 102 104  97  90  90  88  83  83
  77  70  62  68  68  67  63  57  57  57  57  63  65  60  65  82  97 101
 103 101 104 106 103  97  95  99 100  99 103 104 102 106 101 102 104 104
 102  99  98  96  96  97  96  93  93  95  92  86  81  84  85  86  87  88
  92  96  97 102 101 104 105  91  84  78  75  69  66  66  65  67  65  59
  57  55  51  48  48  51  55  59  58  59  61  63  64  65  67  68  70  71
  75  80  83  82  80  78  76  73  78  82  83  86  96 112 121 120 118 116
 116 118 117 114 120 120 120 121 121 121 120 120 122 121 122 122 122 123
 123  29]"
"[ 29  27 163 167 169 163 153 147 151 144 140 137 130 129 129 125 128 128
 132 133 130 129 131 132 133 130 127 128 128 127 125 125 124 123 122 120
 120 121 120 119 118 117 116 116 115 115 114 114 113 113 109 108 111 111
 110 113 111 109 108 109 109 108 106 106 107 106 103 105 107  99  93  96
  98  91  80  79  74  73  67  61  71  65  58  61  67  63  58  62  58  67
  80  83  82  97 108 104  99 104 100  98 101  97  90  89  90  93  96  96
  96  94  92  93  96  95  94  92  90  87  87  89  84  80  81  86  86  81
  76  73  70  70  77  82  67  67  76  68  64  62  64  63  60  61  61  56
  50  46  44  45  46  47  52  57  54  57  61  64  66  66  69  71  74  76
  78  81  81  79  78  77  73  76  82  84  89 100 110 120 116 116 116 117
 118 118 118 118 119 120 122 123 122 122 122 123 124 124 124 125 123 123
 123  29]"
"[ 29  29 176 175 173 169 165 165 166 161 160 160 155 151 147 141 137 135
 138 138 132 129 130 128 131 129 129 130 130 127 126 126 125 124 123 124
 126 127 125 122 122 120 119 118 118 116 116 115 114 112 108 106 108 108
 108 109 107 107 107 108 108 109 108 107 103 104 104 106 109 105 102 104
 106 109 109 106  96  93  88  85  84  79  68  63  68  70  65  61  58  61
  71  72  56  60  68  65  73  87  92  95  99  96  92  90  84  85  86  85
  87  88  85  86  85  89  88  85  86  87  86  87  79  74  75  81  81  76
  73  72  76  73  68  72  68  68  63  59  64  65  66  63  59  60  57  49
  43  43  44  45  44  43  48  56  57  59  64  67  68  68  69  71  75  77
  78  78  77  76  76  76  74  80  88  91 102 117 118 115 113 114 117 120
 121 119 118 119 121 122 123 122 121 121 123 124 123 123 124 124 123 123
 123  29]"
"[ 29  28 182 179 181 181 179 178 176 175 176 176 174 169 163 159 160 154
 154 154 148 144 142 137 130 129 129 130 128 126 126 129 130 127 126 127
 128 126 123 121 121 120 119 118 117 116 117 118 117 114 111 110 109 111
 111 108 107 109 108 105 104 106 105 103 105 107 107 104 104 105 104 103
 103 103 104 106 105 110 106 102  98  97  91  83  80  82  81  77  72  64
  62  67  62  65  64  58  59  66  62  58  60  65  73  77  79  84  89  88
  88  84  74  72  82  90  89  81  81  84  82  78  79  73  73  74  70  68
  70  72  69  69  61  58  65  62  54  61  60  58  59  59  57  56  53  45
  42  43  45  46  45  46  52  58  64  64  66  69  70  69  70  71  74  76
  76  75  75  77  78  77  82  83  95 109 118 119 116 118 117 118 120 121
 122 122 121 120 122 122 122 122 121 122 122 123 123 122 122 124 123 124
 123  29]"
"[ 29  29 188 182 181 182 181 180 183 182 180 178 178 177 177 179 182 172
 171 173 170 167 163 155 156 153 149 146 139 134 134 138 135 131 129 130
 131 128 126 126 125 124 123 121 119 116 117 119 118 114 113 112 112 114
 114 109 112 114 112 107 106 108 108 106 104 102 105 109 107 103 102 102
 104 100  97  96  92  97  96  95  95  95  97  99  99  99 101 101 101  93
  83  80  72  74  74  75  62  65  59  57  61  61  58  50  46  55  63  61
  59  55  47  49  46  61  74  80  81  78  76  77  69  65  66  69  67  68
  69  66  67  57  60  55  55  55  54  51  54  51  55  58  52  45  43  43
  44  45  46  47  50  54  60  63  66  64  65  68  71  72  73  74  74  76
  76  75  76  80  82  81  79  97 114 116 117 124 123 119 120 123 124 122
 121 123 123 122 121 121 121 122 122 122 122 121 125 123 122 124 124 126
 124  29]"
"[ 28  28 189 187 189 186 184 187 185 191 188 182 183 182 181 184 185 182
 177 178 177 174 173 171 171 167 166 162 158 156 151 147 143 145 140 136
 136 130 122 121 126 119 124 123 122 127 122 120 116 116 116 112 114 114
 115 113 115 113 114 113 110 110 110 106 106 103 105 108 107 107 102 100
  99  99 100  95  91  91  89  89  92  95  96  95  94  96  98  99  97  93
  89  90  92  92  91  88  83  71  69  68  66  62  64  61  52  54  52  44
  37  39  41  39  40  36  47  57  60  64  66  69  70  68  69  67  64  66
  63  61  60  58  55  51  49  50  49  48  47  49  50  48  47  48  46  43
  43  45  47  51  56  61  65  67  66  66  66  64  72  73  77  76  77  77
  75  77  82  82  83  87 103 117 122 118 121 124 122 122 122 122 123 123
 123 122 123 125 122 122 123 124 123 122 122 122 125 122 121 122 123 124
 123  29]"
"[ 31  32 157 161 167 175 178 178 185 188 186 184 187 187 186 191 190 188
 184 182 180 177 180 181 178 177 180 180 178 176 169 164 159 161 157 153
 153 150 147 147 134 128 130 125 120 124 123 126 124 118 115 114 117 115
 115 113 113 114 117 116 112 110 109 108 108 104 104 105 106 108 103  96
  98  96  98  97  95  94  90  90  92  93  93  92  89  89  92  96  94  90
  86  87  91  95  96  96  95  89  90  87  85  78  76  70  65  64  62  58
  55  54  51  46  43  33  34  35  32  34  38  44  57  56  58  56  54  56
  55  55  53  53  50  46  44  44  45  46  43  43  43  43  45  46  46  47
  46  46  50  58  64  66  65  64  65  65  66  65  75  78  79  76  75  78
  81  82  81  80  91 109 115 123 125 123 123 123 122 122 123 124 124 125
 125 124 124 125 125 124 124 124 124 123 124 124 125 123 123 125 126 126
 124  28]"
"[ 28  30 154 156 151 153 153 147 146 147 149 155 164 167 170 176 182 185
 185 187 185 183 187 190 187 182 182 179 178 180 180 179 180 182 179 172
 167 166 164 162 167 159 158 150 143 142 138 137 136 129 125 123 130 130
 130 126 122 122 121 121 120 117 114 113 117 114 110 105 105 108 107 102
 101  98 100 100  98  96  93  95  95  93  92  92  88  85  88  94  91  87
  83  83  87  91  93  93  85  86  89  89  91  91  92  91  87  81  76  73
  68  64  59  54  47  39  40  41  36  33  33  37  39  31  28  27  31  37
  34  29  32  37  41  41  39  37  36  36  38  37  38  41  43  44  45  48
  49  50  55  61  66  66  64  63  65  67  69  67  74  77  78  75  76  81
  81  80  87  96 109 121 122 124 126 126 125 124 124 125 125 125 126 127
 128 127 125 125 126 125 124 125 125 125 126 126 127 126 125 127 127 127
 125  29]"
"[ 29  28 188 186 174 169 168 158 154 152 150 153 156 154 151 153 153 157
 160 167 170 170 174 175 179 179 185 186 185 186 183 181 181 184 186 182
 178 180 181 178 177 173 173 169 166 166 162 161 151 148 142 134 137 139
 136 127 128 127 123 122 126 125 122 124 128 127 124 116 111 109 113 111
 103 103 107 105 102  99  96  98  95  93  92  92  89  86  87  92  90  87
  84  84  86  88  87  86  85  86  86  85  87  87  88  89  89  86  83  80
  74  72  70  68  59  51  49  48  42  36  35  38  38  32  29  24  23  27
  27  26  23  26  29  28  26  26  29  31  30  33  38  42  44  45  47  48
  52  56  59  59  60  62  65  66  68  72  73  71  73  76  77  78  80  82
  80  85 103 120 124 123 124 124 126 127 127 127 128 129 126 125 126 128
 129 128 126 125 126 125 124 125 126 126 126 127 129 128 127 126 124 125
 125  30]"
"[ 32  25 199 198 195 194 196 191 187 184 178 172 167 159 150 144 148 147
 146 151 155 155 157 155 157 160 169 173 174 178 179 179 183 187 188 185
 181 184 186 184 179 180 182 179 177 176 177 181 177 176 173 163 161 159
 156 147 144 144 140 138 138 135 135 140 137 138 139 135 129 119 123 120
 110 111 113 108 105 103  98  96  97  95  94  94  93  91  91  93  91  90
  88  88  89  90  89  87  81  82  82  85  87  86  84  85  80  81  83  80
  77  77  76  73  72  66  61  60  55  48  47  48  45  41  39  32  27  27
  26  25  26  26  25  22  20  20  23  25  24  31  38  42  44  48  51  52
  54  59  60  56  57  64  70  71  71  75  75  75  76  79  79  80  82  86
  92 103 119 127 127 128 127 128 129 129 129 130 131 129 127 127 127 128
 129 129 128 127 127 126 126 127 128 128 127 126 130 130 129 127 123 124
 124  30]"
"[ 29  27 186 188 192 191 191 192 194 196 197 197 199 201 199 195 186 181
 174 172 169 161 154 148 146 147 153 154 152 153 151 150 162 166 168 168
 171 178 184 187 179 182 183 182 182 180 179 181 182 180 181 177 176 171
 169 167 170 167 164 165 164 160 159 162 154 153 153 152 151 140 142 136
 136 131 124 114 111 112 107 102 102  99  96  96  96  95  94  94  93  92
  90  89  90  92  91  89  84  83  81  85  84  83  80  80  81  80  78  75
  74  75  73  68  65  65  64  68  67  61  57  54  57  53  52  46  42  40
  35  31  29  27  25  23  21  20  20  22  25  32  37  39  41  47  52  53
  54  58  59  57  61  70  74  73  74  75  73  77  79  81  79  79  85  99
 111 118 125 128 128 131 129 131 132 130 131 132 132 130 130 129 129 130
 131 130 129 129 130 129 129 130 130 129 127 126 129 130 130 129 125 126
 124  29]"
"[ 29  33 187 189 190 189 189 189 188 190 191 190 191 194 195 192 199 199
 197 199 198 194 191 188 180 174 170 162 156 155 153 153 148 150 147 143
 146 149 153 158 165 169 170 174 179 180 179 180 183 182 184 183 184 179
 179 180 180 175 174 179 180 179 180 182 176 175 172 170 172 162 165 155
 151 144 135 124 119 119 115 112 115 107 102 101  98  94  93  96  97  97
  94  91  91  92  92  90  87  85  83  85  82  86  87  87  84  79  75  73
  73  73  71  67  65  65  61  62  63  60  59  56  55  57  60  55  47  45
  43  43  38  34  28  24  21  21  25  28  30  32  35  37  40  45  50  52
  55  59  62  64  68  72  74  73  75  75  73  78  80  83  82  87 101 115
 122 123 127 132 131 130 130 134 133 130 132 132 131 133 132 131 131 132
 132 131 130 130 131 130 130 131 131 130 128 127 128 129 130 129 128 129
 126  29]"
"[ 30  27 190 186 185 188 193 189 190 189 189 187 185 186 189 187 189 190
 190 192 191 190 193 195 193 192 196 197 196 194 187 181 179 178 168 157
 153 148 143 146 147 152 151 151 153 153 157 162 170 171 175 173 176 176
 178 176 184 179 181 185 182 180 184 188 188 190 190 186 187 177 178 166
 163 160 159 153 147 142 137 136 132 122 113 111 105  97  98 104 101 101
  99  96  95  96  95  92  89  88  87  87  81  87  89  86  86  81  80  80
  76  72  68  65  65  65  58  57  58  56  56  52  53  50  51  48  47  48
  46  43  44  41  37  33  29  26  26  28  31  30  32  36  41  45  50  53
  57  61  67  72  72  72  73  75  74  76  76  81  81  86  91 103 121 124
 124 126 132 133 132 134 134 137 134 131 132 131 130 134 133 133 132 133
 132 131 130 129 129 129 129 130 131 130 128 128 129 129 128 128 128 130
 128  29]"
"[ 30  27 201 199 196 196 193 192 192 189 190 187 188 190 187 189 191 189
 187 187 188 190 189 189 186 188 190 189 188 189 192 195 193 199 195 197
 200 194 186 178 172 167 162 158 154 150 148 147 148 146 143 144 145 146
 153 158 168 175 180 179 179 183 186 187 190 193 192 187 187 189 187 185
 185 179 175 175 171 167 161 155 152 152 140 130 131 131 127 118 115 116
 112 104 100 101 102 100  96  94  92  88  85  86  89  89  89  84  81  83
  79  76  72  71  69  64  60  57  55  54  52  50  49  46  41  41  43  41
  40  44  45  41  38  35  32  31  29  26  27  29  33  38  41  44  48  53
  60  63  68  70  71  74  76  74  77  81  81  79  83  93 106 118 126 128
 131 133 135 138 138 137 138 138 137 136 134 132 131 131 136 137 137 135
 133 131 130 129 130 130 130 129 129 129 130 130 130 129 130 130 130 129
 130  30]"
"[ 29  28 204 204 203 204 204 204 202 199 201 198 197 198 194 194 186 188
 188 186 186 188 190 190 185 183 182 184 185 184 185 186 185 188 185 186
 191 194 194 192 189 187 185 183 181 177 174 172 160 159 154 152 149 145
 146 145 145 144 144 148 153 158 164 167 171 178 185 189 189 185 187 194
 190 187 185 183 179 180 180 175 177 175 167 159 152 149 146 137 131 128
 122 115 111 110 109 108 101 102 101  97  90  88  91  93  89  90  87  87
  82  82  78  75  72  66  62  59  56  54  51  48  48  47  44  43  44  41
  37  39  40  36  33  30  28  28  28  25  24  27  32  38  43  47  52  56
  65  63  66  71  73  73  74  76  80  84  86  90  99 111 120 126 129 131
 134 136 137 139 139 138 139 139 139 137 135 135 134 133 136 137 137 136
 133 132 130 130 132 131 130 130 131 131 131 130 131 130 131 130 130 129
 130  29]"
"[ 29  28 204 205 204 206 206 207 207 206 208 207 206 206 202 202 205 207
 206 199 195 194 194 191 185 182 182 186 187 185 183 185 187 188 188 186
 188 190 187 186 188 189 189 189 189 189 187 186 194 194 189 184 180 176
 173 166 155 151 145 142 142 144 145 144 146 145 145 149 153 154 160 169
 172 175 182 184 181 185 186 178 178 174 173 171 161 158 162 155 150 144
 137 133 129 125 122 120 113 113 112 105  96  91  92  96  95  96  92  88
  84  84  81  82  75  68  64  63  60  57  55  53  49  49  48  46  46  43
  38  38  36  32  29  27  24  25  25  24  23  26  32  39  44  48  54  58
  64  65  69  73  72  72  77  84  82  90  96 103 114 124 129 131 134 136
 139 140 141 141 141 140 140 142 141 138 136 136 136 135 137 138 138 136
 135 133 133 132 133 131 130 131 132 133 131 129 131 131 132 131 131 130
 130  29]"
"[ 30  30 206 207 206 207 206 206 206 207 208 209 209 208 205 205 204 205
 204 202 203 204 204 202 205 203 203 202 197 190 186 185 185 184 185 181
 181 185 182 184 184 185 186 184 183 185 187 188 187 189 186 187 188 189
 190 186 186 188 184 174 169 169 167 161 157 153 145 142 146 149 145 140
 140 141 148 150 152 164 174 173 176 173 173 174 167 163 165 162 162 159
 156 154 151 147 142 140 131 129 125 119 114 110 110 113  99  99  96  96
  91  86  80  83  83  76  71  68  64  60  58  57  55  54  53  52  50  44
  40  39  35  32  30  28  24  23  24  23  24  28  35  42  46  49  53  58
  62  67  72  73  74  77  83  89  88 100 112 118 125 132 136 138 139 141
 143 144 144 143 143 143 143 145 144 139 137 137 138 136 137 138 138 137
 136 136 135 135 135 134 133 133 134 134 133 131 132 132 133 131 132 131
 131  29]"
"[ 30  29 205 208 208 210 208 208 206 207 207 208 207 205 204 203 206 204
 204 204 204 202 202 202 205 206 207 206 205 203 202 202 202 200 201 195
 191 191 187 187 188 189 188 184 181 181 184 186 189 188 186 186 186 185
 186 185 179 185 187 184 184 188 188 185 186 184 175 167 167 166 157 147
 149 145 145 144 140 142 146 144 142 146 150 158 161 156 154 153 155 156
 156 154 151 147 144 142 139 139 138 139 139 132 122 117 117 115 110 110
 105 100  95  96  90  81  75  72  67  63  64  65  64  61  60  61  56  48
  42  41  36  33  33  31  27  24  24  23  27  32  40  46  49  51  55  60
  66  69  71  74  80  84  86  89  97 110 122 127 132 136 140 143 143 144
 145 146 145 144 144 145 145 146 145 140 138 138 138 138 138 139 139 137
 137 136 136 136 136 136 136 136 136 135 134 133 134 134 135 132 132 131
 132  29]"
"[ 28  27 204 207 208 210 208 208 206 208 207 209 208 206 206 205 205 206
 207 208 205 202 204 209 208 206 204 203 204 205 205 203 203 203 206 205
 203 204 202 199 194 195 194 191 188 187 188 189 188 188 185 186 186 183
 183 182 184 182 180 180 181 180 179 179 186 184 179 177 182 186 185 183
 182 174 165 159 152 148 147 147 139 138 129 127 132 134 140 145 143 144
 145 145 144 144 145 146 140 140 137 137 142 141 134 130 130 128 124 122
 113 111 105  99  97  86  78  74  69  65  67  70  69  66  67  70  65  57
  52  49  39  36  36  35  31  27  26  25  28  33  40  47  51  53  58  62
  69  70  72  79  86  85  88  97 114 121 128 132 137 140 141 144 145 145
 146 146 145 144 145 146 145 145 143 141 139 139 139 138 139 139 138 137
 136 136 136 135 136 136 136 135 134 133 134 134 135 136 137 133 132 131
 131  28]"
"[ 30  30 207 210 209 211 209 208 207 209 208 210 210 207 209 208 205 207
 208 207 203 201 203 206 210 208 205 206 206 207 206 206 208 207 206 205
 204 207 211 208 202 202 202 203 204 202 201 200 202 202 197 195 194 192
 190 185 184 180 179 181 182 180 179 180 182 181 177 176 180 181 179 177
 179 180 180 183 186 183 178 178 171 170 164 158 151 145 144 139 134 131
 130 131 132 131 133 136 138 144 142 135 131 119 103  95  86  89  99 110
 109 115 115 108 106  91  80  75  70  66  66  69  72  70  72  74  71  69
  66  61  50  45  43  41  37  33  30  28  29  32  38  46  52  56  60  64
  67  73  79  87  93  94 102 118 132 134 135 139 143 145 145 146 146 146
 146 147 147 146 146 147 145 144 143 143 142 140 139 139 138 138 138 137
 136 137 136 136 137 136 135 134 133 132 133 134 134 136 137 134 132 131
 132  29]"
"[ 29  30 207 210 209 210 208 209 209 211 209 211 210 207 209 207 207 208
 208 206 206 207 208 208 206 205 207 210 209 206 206 210 207 208 207 209
 207 206 210 202 204 202 202 206 208 207 204 202 207 208 203 200 201 203
 203 196 195 196 196 193 189 184 180 177 174 177 176 174 176 179 180 180
 179 180 176 174 179 177 173 175 177 179 182 182 174 173 176 167 168 159
 151 149 144 135 130 131 127 131 122 104  90  77  65  62  67  64  73  88
  89 100 109 110 104  88  76  74  73  71  72  75  75  75  75  73  71  75
  75  68  64  56  51  48  44  39  35  32  32  33  38  45  53  58  62  65
  66  76  84  91 101 110 122 137 137 137 137 140 144 145 145 148 147 146
 147 149 149 148 147 148 147 145 145 147 146 143 141 141 138 138 137 137
 137 138 138 138 139 137 135 134 133 133 134 135 132 135 137 134 132 132
 133  31]"
"[ 30  27 207 211 212 210 210 210 210 211 211 211 210 208 208 208 210 210
 210 208 209 210 209 207 207 207 208 208 208 208 208 208 207 209 209 208
 207 207 205 203 204 205 206 207 207 207 206 205 206 206 204 203 203 203
 204 204 203 203 201 198 196 196 196 195 195 195 191 185 181 179 178 176
 179 179 179 176 174 173 171 170 172 173 175 172 172 172 170 172 169 169
 167 166 166 165 156 153 147 140 116  91  84  70  65  66  68  70  74  79
  83  92 100 103  92  80  73  73  72  75  76  74  74  75  77  76  74  77
  78  73  69  64  58  54  51  48  41  36  38  37  39  44  54  60  60  65
  70  79  87 100 110 119 132 137 138 141 145 147 147 148 149 150 150 148
 147 149 151 151 149 147 147 147 147 148 147 146 144 144 144 141 138 138
 139 138 138 138 138 137 137 138 138 136 134 134 135 136 137 136 135 135
 137  29]"
"[ 30  28 209 215 216 212 211 210 211 211 210 210 208 207 207 206 209 210
 210 210 210 211 210 208 205 206 207 208 208 208 208 208 208 208 208 208
 207 206 204 204 206 206 206 206 206 206 205 205 205 205 204 203 203 204
 204 204 203 203 202 200 200 202 203 203 200 201 203 204 202 198 195 193
 188 188 187 183 179 175 171 167 167 169 170 169 170 171 167 168 167 166
 163 160 160 162 161 163 162 135  98  83  80  80  72  73  73  74  76  79
  80  83  86  86  80  70  66  70  73  75  78  78  75  74  76  75  74  77
  79  77  73  68  61  55  53  52  48  43  40  39  39  43  52  59  62  69
  75  84  98 110 121 131 138 143 143 147 150 152 151 151 151 151 151 150
 149 150 151 152 152 151 151 151 150 150 149 148 146 146 145 142 139 139
 139 139 138 138 138 139 139 140 139 138 137 136 133 135 137 138 136 136
 138  29]"
"[ 29  29 211 216 216 213 212 210 214 213 212 210 209 209 208 208 210 210
 211 211 211 211 210 209 208 209 210 209 208 207 208 208 211 209 208 209
 208 206 205 207 207 207 206 206 206 206 206 205 204 204 203 203 204 205
 206 206 208 207 205 203 201 202 202 202 199 198 199 202 202 199 197 197
 195 196 196 196 195 194 191 188 182 182 180 175 174 173 167 165 163 166
 169 165 159 155 155 155 152 118  92  88  85  85  74  73  73  73  75  78
  79  81  82  80  77  67  64  70  73  74  75  76  75  74  74  74  73  75
  79  79  78  75  68  61  58  58  56  52  44  44  44  45  53  59  63  72
  82  91 111 120 128 137 139 144 146 149 153 154 154 153 153 152 152 151
 150 150 151 152 153 153 153 152 151 151 149 148 146 146 145 143 140 140
 140 139 139 138 138 140 141 140 139 139 138 136 133 135 137 138 136 136
 137  28]"
"[ 29  29 210 214 214 212 213 213 216 215 213 211 211 210 210 210 210 211
 211 211 211 211 211 210 210 211 212 211 209 209 209 211 212 211 211 211
 211 209 208 209 209 208 207 207 208 208 207 206 203 203 203 204 205 206
 206 206 204 203 203 202 201 202 202 202 204 202 201 201 201 201 202 203
 201 200 200 200 201 202 202 200 195 198 201 199 198 195 185 180 177 173
 170 162 156 154 159 156 135 104  97  92  88  81  78  79  78  75  74  77
  79  81  81  80  75  67  62  66  71  75  78  79  76  74  73  73  72  73
  76  79  80  80  75  66  61  60  59  56  54  55  57  58  62  66  70  81
  94 106 123 129 132 137 141 147 146 149 153 154 155 155 154 153 153 152
 151 151 151 152 153 153 153 152 151 150 149 147 146 146 146 144 142 142
 142 141 140 138 137 140 140 139 138 139 138 136 136 136 137 137 136 136
 138  28]"
"[ 29  29 210 213 213 212 215 215 215 214 212 211 211 211 211 211 211 211
 211 211 211 211 211 211 211 212 212 212 210 211 212 214 212 213 214 212
 212 212 211 210 210 209 209 209 210 210 209 208 204 203 204 206 207 206
 205 204 202 202 202 203 203 203 203 204 199 201 202 201 200 202 203 203
 203 201 199 198 199 200 199 197 198 197 196 192 194 198 197 198 195 191
 191 189 187 182 177 158 126 100  99  96  92  88  85  83  81  76  74  76
  77  79  80  78  73  68  61  59  65  73  78  80  77  75  73  73  73  73
  75  79  79  82  78  67  58  56  56  56  58  62  66  66  67  69  75  88
 105 118 126 131 133 137 145 147 147 150 153 154 155 155 155 155 155 154
 152 152 153 154 154 153 153 152 151 151 149 147 147 148 147 145 144 144
 144 143 141 139 138 140 141 139 138 139 139 137 139 138 137 138 138 139
 139  29]"
"[ 28  29 210 214 214 214 215 215 215 214 213 213 213 213 213 213 212 211
 211 212 212 211 212 213 214 214 213 212 211 210 211 212 211 213 214 213
 213 214 213 210 211 211 211 211 211 211 210 210 207 207 208 209 209 207
 205 206 208 207 206 206 205 203 202 202 201 203 203 201 200 203 204 203
 202 201 200 200 201 201 200 198 194 195 198 197 199 199 194 194 196 191
 191 187 185 181 180 156 117 103 100 103  96  98  89  84  81  76  75  77
  78  79  79  78  76  73  64  57  59  66  72  75  76  75  73  73  74  74
  74  77  79  82  79  68  56  52  54  57  58  61  65  65  65  67  74  89
 110 121 123 128 131 136 145 143 147 150 152 153 153 154 154 154 155 154
 153 153 154 155 154 153 151 151 151 150 149 147 147 148 146 146 145 144
 144 144 142 139 140 141 141 140 139 139 139 138 138 138 138 140 141 141
 140  28]"
"[ 28  29 210 214 215 214 215 213 215 215 215 215 215 215 215 215 214 213
 214 214 213 212 212 213 215 215 214 213 211 210 210 210 211 212 213 214
 214 214 213 212 212 212 212 211 211 211 211 210 209 209 210 212 211 208
 208 209 209 207 207 207 206 205 205 206 207 206 203 201 201 202 203 203
 202 202 202 201 202 201 199 197 197 196 196 197 200 200 196 197 195 192
 194 189 186 185 187 158 117 111 104 104  98  99  95  93  89  83  80  80
  78  77  77  76  76  76  69  61  59  62  68  75  75  76  73  72  75  75
  74  76  79  82  81  71  60  54  56  59  60  63  66  65  66  66  71  85
 103 115 124 127 130 138 145 146 148 151 154 154 154 153 153 153 155 155
 154 154 154 154 154 153 152 152 152 151 150 148 148 148 147 147 145 144
 145 145 143 141 141 141 141 142 141 140 139 138 138 138 139 141 140 140
 139  28]"
"[ 29  30 211 214 215 214 215 213 213 214 215 215 215 215 215 215 216 216
 216 216 215 212 211 212 213 213 213 213 213 212 212 211 212 211 212 215
 215 213 213 214 213 213 212 211 210 210 210 211 209 208 210 211 211 209
 209 212 210 208 207 207 206 206 206 208 208 205 202 204 205 203 202 202
 203 203 202 201 202 202 200 199 198 195 195 197 201 200 194 195 196 192
 194 190 190 187 180 141 118 116 112 107 107 101 101  98  93  87  82  81
  78  77  78  78  78  80  75  66  61  59  64  74  76  77  74  73  76  76
  74  75  78  81  82  75  64  58  58  60  62  63  65  65  65  63  66  78
  87 104 124 126 128 138 144 152 151 154 157 158 156 155 155 155 157 157
 157 156 154 154 154 154 154 155 155 154 152 150 150 151 149 149 147 146
 146 147 146 144 142 142 142 144 144 141 139 138 140 140 141 141 139 139
 140  30]"
"[ 28  28 212 214 215 216 216 216 215 215 216 216 216 216 216 217 217 217
 216 215 215 215 215 214 213 214 213 213 214 215 214 212 212 211 212 213
 215 215 214 214 214 213 211 210 211 211 212 213 209 210 210 211 210 211
 211 212 210 208 207 207 208 208 208 208 208 205 204 204 204 203 202 203
 203 203 202 201 201 202 202 201 200 199 197 197 198 198 197 196 196 194
 193 194 189 195 173 137 124 113 109 110 106 104 104 101  99  91  88  82
  78  80  78  80  79  78  77  74  68  62  65  74  76  82  79  75  79  79
  76  75  78  78  82  79  66  57  59  62  65  65  65  66  66  68  70  72
  79  85 113 123 129 135 143 150 152 154 156 157 158 158 157 156 158 158
 157 155 154 154 155 156 157 156 155 153 153 153 152 150 151 151 149 146
 144 145 145 144 144 144 144 143 142 141 140 139 139 138 138 139 140 139
 139  28]"
"[ 30  29 212 215 215 216 216 216 216 217 217 217 217 217 217 218 219 218
 216 216 216 217 217 216 216 215 215 215 216 217 216 215 213 212 212 214
 214 214 214 214 211 211 210 211 212 212 211 210 211 211 211 211 211 211
 212 212 209 208 208 209 210 209 209 208 208 207 207 207 206 204 204 205
 204 204 203 202 203 204 203 202 201 200 199 199 200 200 199 198 197 195
 196 194 194 196 171 138 122 115 113 114 109 107 106 103 105  97  93  85
  80  81  79  80  75  78  80  78  74  67  64  66  72  80  80  78  81  81
  76  76  79  79  82  80  70  63  62  65  66  65  65  66  67  69  70  72
  72  78 101 119 131 135 143 146 152 154 156 157 158 159 158 158 158 157
 155 154 154 155 156 156 157 156 155 154 154 154 153 151 151 151 149 148
 147 147 146 146 145 145 145 144 144 143 142 141 140 139 139 140 139 139
 139  29]"
"[ 30  30 213 215 216 216 216 216 216 217 217 217 217 217 218 218 220 219
 217 216 217 219 219 218 218 216 215 216 217 217 217 217 214 214 214 215
 215 215 215 215 212 211 211 212 213 212 211 210 212 212 211 211 211 211
 211 212 209 209 210 211 212 211 210 210 208 208 209 209 208 206 206 206
 205 205 205 205 205 206 205 203 203 202 201 201 202 202 201 199 199 197
 200 194 195 194 170 141 122 116 115 114 110 108 108 106 105  99  96  89
  83  82  81  81  77  80  80  78  76  71  65  62  66  75  79  80  83  83
  79  79  78  79  80  79  74  67  63  65  67  66  65  67  69  70  71  72
  73  74  84 103 122 132 143 147 152 154 156 158 158 159 159 158 158 156
 154 154 155 156 155 155 157 157 157 156 155 155 154 153 150 149 149 150
 150 148 146 146 146 146 146 145 144 144 143 142 140 140 140 140 138 138
 139  29]"
"[ 29  29 213 216 217 217 217 217 215 216 216 216 216 217 218 219 220 219
 219 218 218 219 219 219 219 217 215 216 217 217 217 218 216 216 216 217
 216 215 214 213 215 214 214 213 213 213 213 214 213 213 212 211 212 212
 212 212 210 210 211 212 212 212 211 211 209 209 210 210 210 208 207 207
 206 206 206 206 207 207 206 205 203 202 202 202 203 203 201 200 200 199
 200 196 197 192 171 133 123 116 113 115 112 107 105 104  99  97  97  92
  87  86  84  82  80  81  79  77  76  72  67  65  64  72  78  81  83  83
  80  81  76  78  78  77  76  69  63  64  67  67  67  69  71  72  72  72
  75  76  80  93 117 135 144 144 151 154 157 158 159 159 159 158 159 157
 156 155 156 156 156 155 158 158 158 157 157 156 155 153 152 150 150 152
 152 149 146 145 146 146 146 146 145 144 143 142 142 142 141 141 140 140
 140  29]"
"[ 28  29 214 217 218 218 217 216 215 216 216 216 216 217 218 219 218 219
 219 219 218 219 219 219 219 217 216 217 217 218 218 219 218 218 218 218
 217 214 212 211 215 215 215 214 213 213 215 217 215 215 214 214 214 214
 214 214 212 212 211 211 211 211 211 212 211 211 211 211 211 211 209 207
 208 207 207 207 208 208 207 206 204 204 203 203 203 203 202 200 201 200
 199 200 200 194 173 123 128 118 113 116 114 106  99  97  95  97  98  95
  90  89  89  86  81  81  80  81  81  75  69  67  65  71  78  82  84  82
  79  79  76  79  78  77  76  70  64  64  67  67  69  72  74  74  73  73
  76  78  81  83 106 138 144 143 151 155 158 160 160 160 159 159 160 160
 159 158 158 158 158 158 159 159 159 158 158 157 156 154 155 153 153 155
 154 151 148 146 146 146 146 146 146 145 144 144 145 144 144 144 144 144
 142  29]"
"[ 29  29 214 217 218 218 217 216 216 217 217 217 216 216 217 217 217 219
 219 219 218 218 219 219 218 218 217 216 217 219 219 219 215 216 218 219
 219 217 215 214 213 214 216 215 214 214 215 216 216 215 215 215 216 216
 215 215 214 212 211 210 210 210 211 212 212 212 211 211 211 212 209 207
 208 208 208 209 209 208 207 207 206 206 205 205 204 203 202 202 200 202
 200 201 198 192 172 126 122 109 100  99  97  89  83  83  89  94  96  94
  90  89  92  88  83  82  80  81  81  76  72  71  65  68  75  81  84  83
  80  79  76  77  77  77  76  71  66  64  65  67  70  74  76  75  74  73
  76  79  81  77  95 134 145 147 151 155 159 160 161 161 161 160 159 160
 161 160 159 159 159 160 160 160 159 159 159 159 157 155 156 155 155 156
 155 152 149 148 146 146 146 147 146 146 146 145 147 146 145 145 145 145
 143  29]"
"[ 29  29 213 217 217 218 217 217 217 218 218 218 217 217 217 217 219 219
 218 218 218 219 219 219 218 219 218 216 216 219 219 217 213 214 217 219
 220 219 218 218 214 215 215 216 215 215 215 215 214 214 215 215 215 215
 215 215 215 213 212 211 212 212 212 213 213 213 212 211 211 211 210 207
 208 208 209 211 210 208 208 208 207 208 207 206 204 203 203 203 201 203
 202 200 196 187 153 118  99  90  79  74  72  68  66  67  73  83  88  90
  88  89  93  89  86  84  80  78  79  78  75  74  65  65  69  76  81  82
  81  80  75  73  74  75  73  71  67  63  62  66  71  75  76  75  73  73
  72  77  81  82  93 127 144 148 152 155 158 160 160 160 160 160 159 160
 160 160 159 159 159 160 161 160 159 159 160 160 158 156 156 156 156 155
 154 153 152 150 147 148 148 148 147 147 146 146 146 147 146 145 144 144
 143  29]"
"[ 29  29 213 216 217 218 218 218 218 219 220 220 219 219 218 218 220 219
 217 217 219 220 220 218 219 221 219 216 216 219 218 215 213 214 216 218
 218 217 216 216 218 217 216 215 216 216 215 214 212 213 215 215 215 215
 215 215 216 214 213 213 214 214 214 214 215 215 214 212 211 211 211 209
 208 209 211 212 211 209 208 208 208 209 208 206 204 203 203 204 204 202
 201 199 200 184 126  91  82  80  74  69  67  64  62  61  57  70  80  86
  87  90  95  90  86  86  82  79  80  81  77  74  69  65  66  71  76  79
  80  79  74  70  71  73  72  72  69  62  60  65  71  76  76  74  73  73
  70  74  73  76  82 113 140 149 153 155 158 158 158 158 159 159 160 160
 161 160 160 159 159 159 161 160 158 158 160 161 159 157 156 157 157 155
 154 155 154 153 151 151 150 150 149 148 147 146 147 147 147 145 143 144
 143  29]"
"[ 29  29 213 214 215 219 220 216 217 216 218 219 218 217 218 216 215 214
 214 217 220 220 219 219 219 219 219 218 217 216 216 216 215 216 217 216
 215 216 217 219 218 218 216 215 216 217 217 214 214 215 215 215 215 215
 215 214 214 214 213 211 210 212 214 214 215 213 212 212 210 210 212 211
 211 210 210 211 211 210 209 209 208 207 207 207 207 205 203 202 203 200
 204 197 185 138 101  88  82  78  75  71  67  65  65  63  64  67  72  80
  88  91  91  92  87  85  82  81  82  81  78  78  74  66  64  64  64  71
  78  74  71  70  71  72  68  64  63  62  58  56  73  74  76  77  73  75
  70  70  70  73  76  96 133 154 156 154 157 158 158 160 160 160 160 161
 161 161 160 160 159 159 162 161 160 160 160 160 160 160 159 158 157 156
 156 156 156 155 152 151 150 150 150 149 147 146 148 148 146 147 146 146
 145  28]"
"[ 28  29 213 215 215 217 218 216 216 215 217 218 217 217 217 215 214 213
 213 216 218 218 218 218 218 219 218 217 216 216 216 216 214 215 216 215
 215 216 217 218 219 219 218 216 216 217 217 216 216 216 216 215 215 215
 215 215 214 215 214 211 211 212 213 213 213 211 211 212 212 213 214 214
 212 211 211 212 212 210 210 210 208 207 207 208 208 206 204 202 202 201
 199 187 157 111  93  81  82  77  74  72  70  69  68  65  62  64  68  76
  84  87  87  88  87  86  83  82  82  79  77  78  76  66  61  61  62  68
  72  68  66  64  65  65  62  60  59  57  53  53  71  74  75  76  73  75
  72  71  71  72  69  80 117 146 158 158 159 159 158 160 161 161 162 162
 163 163 162 161 161 161 161 161 160 160 160 160 160 159 159 158 157 156
 156 156 155 154 153 151 150 150 150 150 148 147 147 147 145 146 146 146
 146  29]"
"[ 29  29 214 217 215 216 216 216 216 215 216 217 217 217 217 215 213 213
 213 214 216 217 217 218 217 218 217 216 215 215 216 216 214 215 215 215
 214 215 215 216 218 218 218 217 216 216 217 217 217 216 216 215 214 215
 215 215 214 215 214 212 211 212 213 213 214 212 213 214 213 213 214 214
 212 211 211 211 211 210 210 211 209 208 208 208 208 206 203 201 200 203
 197 184 142 104  99  84  80  76  75  75  75  74  72  68  59  59  61  70
  79  83  84  87  86  86  84  81  79  76  74  76  75  66  57  56  60  64
  64  62  62  61  60  59  57  57  56  52  48  51  70  73  74  75  73  73
  72  71  70  73  67  66  93 126 154 157 159 160 161 162 162 163 162 162
 162 162 162 162 161 161 162 162 162 162 161 161 160 160 160 159 158 157
 157 157 156 154 154 153 152 151 152 152 151 149 147 147 145 146 146 146
 146  29]"
"[ 29  28 213 218 216 215 215 215 216 215 216 216 215 215 216 215 213 213
 213 214 215 216 217 218 217 217 217 215 215 215 216 217 216 216 216 215
 214 213 214 214 216 217 218 217 216 215 216 216 216 216 215 214 214 215
 215 215 213 213 213 212 211 212 214 215 215 214 215 216 213 212 213 212
 211 211 211 211 211 210 211 213 211 209 208 208 208 205 202 200 200 200
 184 162 116  93  94  81  80  77  77  78  78  78  75  71  63  60  60  66
  75  78  81  85  83  84  82  80  77  73  70  71  72  65  55  54  60  62
  60  60  61  61  60  56  54  55  54  50  47  50  68  71  72  73  71  70
  70  68  68  73  71  64  75 100 141 153 158 160 164 164 163 163 161 161
 161 162 161 161 161 161 162 163 163 163 162 161 161 161 160 160 159 159
 159 159 158 155 155 154 152 152 153 153 152 151 150 149 146 146 145 146
 146  29]"
"[ 29  28 212 217 216 215 215 215 217 215 216 215 213 213 215 215 213 213
 213 213 214 215 216 217 216 217 217 215 214 215 216 217 217 217 216 215
 214 213 213 213 215 217 218 218 217 215 215 216 215 215 215 215 215 216
 215 215 213 213 212 212 211 212 214 216 214 213 215 216 214 213 213 212
 212 212 212 212 211 211 212 214 211 210 209 208 207 205 202 200 205 201
 178 146 105  94  93  85  81  79  80  81  80  79  78  74  71  66  63  65
  71  73  76  81  81  81  79  77  75  70  66  66  68  64  55  53  59  60
  58  60  59  60  60  56  52  53  54  50  48  49  64  68  71  71  70  67
  69  67  66  70  73  66  66  81 129 151 159 161 165 164 163 161 162 162
 162 162 162 162 162 162 161 162 162 162 162 161 161 161 160 160 159 159
 159 159 157 155 155 153 152 152 153 153 152 151 151 150 147 147 145 146
 146  29]"
"[ 30  28 212 216 215 216 216 216 217 216 216 215 213 213 215 215 213 214
 215 214 215 216 216 216 215 216 216 215 214 214 215 216 217 216 215 214
 213 213 213 214 214 215 217 217 216 215 214 215 216 216 215 215 216 216
 216 215 213 213 213 212 211 211 213 215 214 213 215 216 213 212 212 212
 213 212 211 211 211 211 211 212 211 210 209 209 207 205 203 202 202 187
 160 129 104 102  95  88  84  83  83  84  82  80  79  77  75  72  66  64
  67  70  73  78  78  78  76  73  71  66  61  60  64  62  55  52  55  58
  57  59  57  58  59  56  52  54  54  51  48  48  60  66  70  70  69  67
  68  67  65  63  66  64  62  72 123 154 163 162 164 163 163 162 162 162
 162 162 162 163 162 162 161 162 162 162 162 161 161 161 161 161 160 159
 159 158 156 154 154 154 153 153 154 153 152 151 151 150 148 148 146 146
 146  29]"
"[ 30  29 212 215 213 215 216 217 217 214 214 214 213 214 215 213 214 215
 216 215 216 216 216 214 213 215 216 215 214 214 214 215 216 215 214 213
 212 213 214 214 214 214 214 215 215 214 214 215 217 216 215 214 215 215
 215 214 213 213 213 213 212 211 212 214 214 214 215 215 212 211 211 210
 212 211 210 211 210 210 210 210 211 210 209 208 207 204 203 204 199 167
 136 112  99 101  97  91  88  86  86  85  83  82  81  79  78  76  70  65
  65  67  71  75  75  75  73  70  67  62  58  57  60  60  54  49  51  55
  57  58  57  57  58  56  54  54  53  50  47  45  56  64  69  67  68  66
  65  63  61  57  58  60  59  66 115 154 166 162 163 163 163 163 162 162
 162 162 162 163 162 162 162 162 161 162 162 162 162 162 162 162 161 160
 159 158 156 155 155 155 155 155 155 154 153 152 151 151 149 150 149 148
 147  29]"
"[ 28  28 212 213 210 212 215 216 215 211 211 212 213 214 213 210 213 215
 215 215 215 216 214 212 212 214 215 215 213 213 213 214 215 214 213 212
 211 212 213 214 215 214 214 215 215 214 215 216 217 216 214 213 213 214
 214 213 212 212 214 214 213 211 211 213 213 212 214 215 212 211 212 211
 212 211 210 211 211 211 210 211 211 210 209 208 205 203 203 203 182 148
 124 112 101 100  99  93  91  88  87  86  84  83  83  81  81  80  74  66
  63  65  67  70  75  75  72  69  65  60  57  57  58  57  52  46  47  53
  57  57  59  58  58  57  54  53  51  47  44  41  52  61  66  63  65  64
  61  58  58  54  55  58  56  61 104 150 165 160 162 161 163 162 163 163
 162 162 163 163 163 162 161 161 160 161 161 162 162 162 162 162 161 160
 159 158 157 156 155 155 156 156 155 154 153 152 152 152 151 152 151 150
 147  29]"
"[ 29  29 211 213 213 213 216 217 216 213 211 211 212 212 213 214 214 213
 213 214 215 215 216 217 214 214 214 214 213 212 209 207 212 213 213 212
 212 212 214 214 213 213 213 212 212 212 214 215 215 213 211 211 211 212
 213 214 213 214 213 212 212 213 213 211 211 212 213 213 213 212 211 210
 208 209 210 210 210 211 211 212 211 211 208 205 207 203 204 193 171 128
 118 111 102  98  97  95  95  93  91  89  88  86  83  81  80  82  79  71
  64  63  65  66  73  72  71  68  61  58  57  55  57  54  49  44  43  47
  53  57  56  58  58  57  52  48  46  41  38  39  49  60  64  66  65  61
  60  58  56  56  56  59  60  59 104 146 162 163 161 161 162 162 162 161
 161 162 163 164 165 165 163 161 161 162 162 161 162 164 163 163 162 162
 161 160 158 157 155 154 154 154 154 155 154 152 151 152 154 153 152 151
 151  29]"
"[ 29  29 210 214 215 214 215 215 217 215 212 211 212 212 213 214 214 212
 211 212 214 215 215 216 214 213 212 212 212 211 211 210 210 211 211 210
 210 210 210 211 211 212 212 211 211 211 212 214 214 212 211 211 211 211
 212 212 214 214 214 212 211 213 213 211 211 212 212 211 211 212 212 211
 211 210 210 210 211 211 211 211 209 210 209 204 204 201 197 179 159 122
 115 111 104 101 100 100  97  96  94  91  89  87  84  82  79  81  80  74
  66  62  60  59  64  64  65  63  58  55  55  54  54  51  47  43  44  48
  52  53  57  56  53  52  47  44  44  40  36  38  48  58  60  61  60  56
  58  55  54  54  54  57  59  57 102 146 163 163 162 164 162 163 163 163
 162 163 164 165 165 165 163 162 162 162 162 162 163 164 165 164 163 162
 162 161 160 158 156 156 155 155 155 155 154 153 152 153 154 153 153 151
 151  29]"
"[ 29  29 211 216 217 216 216 214 217 215 213 211 211 212 213 214 213 211
 209 210 213 214 215 215 214 213 212 212 212 212 213 213 211 212 213 212
 211 211 211 211 211 212 212 212 211 211 212 212 213 212 211 212 213 213
 212 211 214 214 214 212 211 212 212 211 211 211 211 210 211 212 213 213
 214 211 210 212 213 212 211 210 211 210 208 203 205 206 196 169 147 116
 113 111 106 103 103 102  97  97  95  92  89  86  83  81  80  82  82  79
  73  66  60  57  61  61  62  62  57  54  54  53  51  48  45  43  45  49
  52  53  56  54  51  51  47  43  42  37  36  39  48  56  59  58  57  55
  56  53  52  52  52  54  57  56  89 140 160 162 164 166 163 162 165 164
 163 163 165 165 165 164 164 164 164 163 162 163 164 165 165 164 163 162
 162 162 161 160 157 157 156 156 156 156 155 153 153 153 155 153 153 151
 151  29]"
"[ 29  30 212 217 218 217 216 214 213 213 212 211 211 212 212 213 212 210
 209 210 212 213 213 213 213 214 213 213 213 213 213 213 210 211 212 211
 210 211 211 211 211 212 212 212 211 211 211 211 212 211 211 212 214 213
 212 211 213 213 213 212 211 211 211 210 210 211 211 211 212 213 213 213
 215 212 211 212 212 210 209 210 211 209 207 203 203 204 190 162 137 113
 111 109 106 105 104 103 100  99  96  92  89  87  84  81  82  81  82  82
  79  72  65  61  58  56  57  58  55  51  50  49  50  47  43  41  43  48
  52  54  52  50  48  49  46  42  40  36  36  38  45  53  57  57  56  55
  53  51  51  50  50  52  55  54  71 131 156 160 165 168 163 164 165 164
 163 163 165 165 165 164 165 166 166 164 163 164 166 166 165 164 163 163
 163 162 161 160 159 159 158 158 158 157 156 154 154 154 155 154 154 152
 151  29]"
"[ 29  29 211 215 216 215 216 215 212 213 213 213 212 213 212 211 211 212
 211 211 211 211 212 212 213 213 213 213 212 212 213 213 211 211 211 210
 210 211 211 211 210 211 211 211 211 211 210 210 210 209 209 211 212 212
 211 211 211 212 212 211 211 211 210 210 210 210 211 211 211 213 213 213
 213 211 211 211 210 208 207 208 207 206 208 206 200 192 171 146 131 112
 108 105 105 105 106 104 104 102  99  94  92  90  87  83  82  79  77  79
  79  74  68  64  57  52  52  54  53  50  48  47  48  45  41  39  40  43
  48  52  50  50  50  52  51  48  48  43  36  35  38  45  53  55  53  52
  50  49  49  48  48  51  53  52  63 127 157 161 165 167 165 166 164 163
 163 163 164 165 165 164 165 167 167 164 163 165 166 166 167 166 165 164
 164 163 161 159 161 161 160 159 159 159 157 155 155 155 156 154 154 152
 152  29]"
"[ 29  29 210 214 214 214 216 216 214 215 215 215 214 214 213 211 212 213
 213 212 211 211 211 211 213 213 213 211 210 211 213 215 213 213 212 211
 210 211 211 210 211 211 211 211 211 211 210 210 210 209 209 210 211 211
 211 212 211 211 210 211 211 211 210 210 211 211 210 209 210 211 213 213
 211 211 211 210 208 207 207 208 207 205 206 209 203 188 154 129 129 114
 108 101 102 102 103 102 105 104 100  95  92  91  87  83  83  79  77  78
  78  74  69  66  60  53  50  52  50  47  47  47  47  45  42  39  38  40
  44  47  50  54  59  63  62  59  56  49  39  36  35  41  51  55  53  51
  49  48  47  48  48  51  54  53  66 129 159 162 163 165 165 167 164 164
 163 164 164 165 165 165 165 166 165 164 163 164 165 166 167 167 166 165
 164 162 160 159 160 160 160 159 159 159 157 155 155 154 155 153 153 152
 151  29]"
"[ 30  29 209 213 215 215 217 216 215 216 216 214 214 215 214 211 213 214
 213 212 211 211 211 211 213 214 213 211 210 210 212 214 211 211 209 208
 209 209 208 206 211 211 211 211 211 211 211 210 210 210 210 211 211 210
 211 212 213 211 209 210 211 211 210 210 211 211 210 210 210 211 212 213
 211 212 211 209 208 210 209 208 208 206 205 207 201 182 143 122 124 114
 107  97  97  96  98  97 102 102 100  95  93  92  88  84  83  81  80  80
  79  75  71  68  61  52  46  46  44  42  43  46  49  46  42  39  37  38
  42  46  53  60  65  68  65  61  57  49  43  39  36  41  52  56  53  52
  49  47  47  47  49  53  56  56  70 130 161 165 162 165 165 166 164 165
 165 165 165 165 165 165 166 165 165 164 164 164 165 166 166 166 166 165
 163 162 161 160 160 160 160 159 159 159 157 155 155 154 155 153 153 152
 151  29]"
"[ 29  28 209 213 215 215 216 214 215 215 214 212 213 215 214 212 215 214
 213 211 211 212 212 211 212 213 213 212 210 209 210 211 212 211 209 209
 210 211 209 207 210 210 210 210 210 210 210 210 210 210 211 211 210 209
 210 211 214 211 209 209 210 211 210 210 211 212 212 212 212 213 212 212
 211 212 210 208 208 211 210 207 205 207 206 202 190 169 134 122 117 111
 104  94  93  93  96  96 100 102 101  97  95  94  91  87  80  81  82  82
  79  75  71  68  61  51  45  44  42  41  45  51  51  46  40  36  35  37
  42  47  64  70  70  66  61  59  58  52  43  39  35  39  51  55  52  51
  49  46  45  46  48  54  58  57  71 130 162 167 164 166 166 165 165 166
 166 166 165 165 165 166 167 165 164 165 165 165 165 167 165 165 165 165
 164 163 163 163 161 161 161 161 161 160 158 156 156 155 156 155 155 154
 153  30]"
"[ 28  29 209 212 214 215 216 214 214 212 213 214 214 214 214 213 213 213
 213 213 213 212 212 211 214 214 214 211 209 209 211 213 212 211 210 210
 211 212 211 210 209 208 207 208 209 210 210 209 211 211 210 209 208 208
 210 211 211 211 210 209 210 211 211 211 209 211 212 210 210 212 212 211
 211 211 210 209 210 209 208 206 205 202 202 199 180 155 127 117 114 108
 101  95  90  87  91  96 103 102 101 100  97  93  89  88  83  80  79  79
  76  73  70  66  60  47  46  45  38  44  53  55  56  52  43  36  33  34
  40  48  66  71  68  64  63  63  63  56  49  42  38  42  48  50  49  48
  49  46  44  48  55  57  57  57  74 122 162 168 164 169 163 165 167 167
 167 166 166 166 166 167 166 165 165 164 165 166 167 167 165 165 165 164
 163 162 163 164 162 160 159 159 160 159 157 155 156 158 159 157 156 155
 156  29]"
"[ 30  30 210 213 214 214 215 213 217 213 213 213 214 215 215 214 213 213
 213 212 212 212 212 212 213 214 213 211 209 209 210 211 211 211 210 210
 211 211 211 209 209 208 209 209 210 210 210 210 210 210 210 210 210 210
 211 212 210 210 210 210 210 211 211 211 209 211 211 210 210 211 212 210
 211 211 210 210 210 210 208 207 201 202 204 202 176 140 125 116 111 106
 101  96  91  88  90  95 100 103 105 103  98  94  89  84  84  81  79  77
  73  70  67  63  59  49  48  46  43  50  57  60  64  57  45  36  32  33
  40  48  66  69  66  65  66  66  67  62  55  46  39  41  47  50  48  45
  45  48  52  56  61  61  59  59  69 110 154 166 162 167 165 167 166 166
 166 166 166 166 166 167 167 166 166 166 166 166 167 168 165 165 165 165
 164 164 165 166 167 165 162 161 162 161 159 158 160 160 160 158 158 157
 157  29]"
"[ 29  30 210 213 212 212 213 213 218 213 211 212 213 214 215 214 214 213
 212 211 211 212 213 214 212 213 213 212 211 210 210 209 210 210 210 210
 211 211 210 209 207 208 209 209 209 209 209 209 208 209 209 209 209 209
 209 209 208 209 209 210 210 210 210 210 207 208 207 207 208 209 209 207
 209 209 209 209 209 208 207 205 204 204 202 196 162 122 122 114 110 105
  99  94  88  83  83  86  90  97 101  98  94  92  87  81  83  80  77  73
  68  65  62  58  55  50  50  48  49  55  58  60  61  56  46  38  34  34
  38  43  63  64  64  66  69  68  66  61  56  46  37  38  45  49  46  42
  48  57  64  67  68  67  64  64  65  96 144 167 162 165 166 168 167 167
 166 166 166 167 167 167 167 168 168 168 167 167 167 168 166 167 167 167
 166 166 166 167 166 165 163 163 163 163 162 161 161 161 159 158 159 159
 158  28]"
"[ 28  29 210 212 212 211 213 214 217 213 211 212 212 213 214 213 214 213
 212 211 212 213 214 215 212 213 213 212 212 211 210 209 209 210 210 211
 211 211 211 210 207 208 208 209 209 209 209 208 207 207 208 208 208 208
 207 206 206 207 209 210 210 209 209 209 210 209 208 207 208 210 209 207
 208 208 208 208 208 207 205 203 205 205 200 188 150 118 120 109 107 102
  95  89  84  79  76  75  80  86  91  90  89  89  86  82  80  76  73  68
  63  59  57  54  51  50  51  50  53  58  57  58  55  52  45  39  37  36
  39  45  65  66  66  67  70  71  68  63  54  43  35  38  44  47  46  45
  58  66  72  72  72  71  70  71  65  87 139 172 164 165 167 167 168 167
 167 167 168 168 168 167 168 168 169 168 167 166 167 168 168 168 169 169
 168 166 165 165 165 165 164 163 163 162 162 161 160 160 159 159 160 160
 159  28]"
"[ 29  29 210 213 212 211 214 215 216 214 214 214 212 212 212 211 212 212
 211 211 212 212 213 213 212 212 212 211 211 210 209 207 209 210 211 211
 211 212 211 211 208 208 208 209 210 210 209 208 207 207 207 208 208 208
 207 207 207 207 208 210 210 209 209 210 211 209 207 207 208 209 208 206
 207 208 208 209 209 208 206 204 204 202 191 166 128 116 117 108 100  95
  88  84  81  75  68  64  67  71  78  85  89  89  85  82  77  72  68  63
  58  56  54  52  50  50  50  50  55  60  57  59  57  54  47  39  36  37
  44  53  64  66  66  64  68  74  73  67  58  46  39  41  45  46  48  52
  64  70  72  70  71  72  73  73  68  83 135 172 166 166 168 168 168 168
 167 167 168 168 167 167 168 168 168 167 166 166 167 168 168 168 169 169
 168 166 164 163 168 167 166 165 164 162 161 160 160 161 161 161 161 160
 159  29]"
"[ 29  29 210 213 211 210 213 214 214 214 215 215 212 210 210 209 210 210
 211 211 212 212 211 211 213 213 212 211 210 209 208 207 209 211 212 211
 211 211 211 211 209 208 207 208 210 210 209 207 206 207 207 207 208 208
 208 209 207 207 208 209 210 209 209 210 210 209 207 207 207 208 207 206
 206 207 208 208 209 209 208 207 204 202 184 148 114 113 109 104  94  88
  82  77  73  65  55  47  49  54  66  82  91  89  83  80  74  69  63  59
  55  54  53  51  48  46  46  47  54  60  59  61  59  56  48  40  35  35
  43  52  56  60  64  64  69  76  73  67  61  51  44  44  44  44  50  57
  65  68  69  68  71  72  73  74  72  83 131 167 163 165 168 168 167 167
 167 167 167 167 166 166 167 167 167 166 166 166 167 168 167 167 168 170
 169 168 166 166 168 168 167 166 166 164 163 162 162 163 163 162 162 160
 159  29]"
"[ 30  29 209 212 210 208 211 213 212 212 213 214 211 210 210 210 209 210
 211 212 212 212 211 210 213 213 212 211 210 210 209 209 211 212 212 211
 210 209 209 209 209 208 208 208 208 208 207 206 205 206 207 207 207 208
 208 209 207 206 207 209 210 209 209 210 212 210 209 209 209 209 209 209
 208 208 208 207 207 207 208 207 204 200 178 140 118 113 101  93  88  82
  74  69  64  57  49  42  45  49  62  79  89  88  81  76  72  66  60  55
  52  52  52  50  45  41  43  47  53  59  59  60  55  54  47  40  35  32
  36  43  50  54  60  60  64  68  64  60  53  49  46  44  43  44  51  58
  64  66  68  69  71  72  73  75  77  89 131 163 162 165 166 167 167 167
 167 167 166 166 165 165 167 167 167 167 167 167 168 168 168 168 168 169
 170 169 169 170 167 166 166 166 166 166 165 164 163 163 162 161 161 160
 158  28]"
"[ 30  29 209 211 210 208 211 213 212 211 212 213 212 212 213 213 210 211
 212 213 213 212 211 211 210 211 211 210 209 210 210 210 211 213 213 211
 209 208 208 208 209 209 209 208 207 207 206 207 205 206 208 208 208 207
 208 209 208 207 207 210 211 210 209 210 209 208 206 207 207 208 208 208
 210 210 208 207 206 206 207 207 207 194 161 121 110 104  96  90  82  76
  68  63  61  59  56  53  55  58  67  80  88  86  79  74  71  64  57  53
  50  51  50  48  44  39  42  49  55  58  57  57  54  52  45  38  33  31
  34  40  47  46  48  46  47  51  48  48  41  43  44  43  42  46  52  57
  63  66  68  70  71  71  72  76  82  95 134 164 164 167 165 166 168 168
 168 168 167 165 165 165 167 167 167 168 168 168 168 168 168 168 167 168
 168 169 169 170 168 167 166 166 166 165 165 164 164 163 162 160 161 160
 159  29]"
"[ 29  29 210 211 211 211 214 215 212 210 209 211 213 213 212 212 213 212
 211 211 211 211 211 212 212 212 211 210 210 210 208 205 208 210 212 211
 210 209 209 208 208 208 208 209 208 207 207 208 207 206 206 207 208 208
 207 207 207 208 208 209 210 210 209 208 209 208 205 204 206 209 208 205
 206 208 206 206 209 208 206 209 205 190 137 115 113 106 102  94  91  83
  75  72  71  67  61  57  58  58  64  71  83  83  80  76  71  61  54  51
  49  49  48  41  40  39  42  48  53  54  55  57  52  46  40  37  36  36
  40  45  48  50  50  50  49  49  47  45  40  39  40  41  42  44  50  56
  60  65  66  71  73  73  69  72  72  91 135 162 166 168 164 166 167 168
 168 167 166 166 166 166 168 166 166 168 168 167 168 170 170 168 168 169
 169 169 169 169 167 167 166 166 167 167 165 163 163 162 163 161 161 158
 160  29]"
"[ 31  29 210 212 213 212 213 212 212 212 212 213 213 212 212 212 211 211
 211 212 212 211 210 210 210 212 212 211 210 210 209 207 208 209 210 210
 210 209 209 209 206 206 207 208 209 208 209 209 206 204 203 205 207 207
 206 206 207 207 207 209 210 211 210 210 210 210 208 207 207 209 208 206
 205 210 209 206 208 209 208 208 197 174 130 116 112 108 105  97  90  85
  80  76  73  68  63  60  56  57  62  70  82  81  78  73  73  62  53  48
  44  44  45  41  37  39  40  43  47  51  54  55  46  39  35  38  42  43
  44  47  52  55  57  58  57  55  50  46  45  43  41  41  42  44  48  53
  59  67  69  72  71  72  71  76  82  94 143 162 166 165 166 165 166 168
 169 169 169 169 169 169 169 168 168 169 168 168 168 169 168 168 170 172
 172 170 169 169 168 168 167 166 167 167 166 164 163 162 163 161 161 158
 161  29]"
"[ 30  28 209 212 214 213 212 209 210 210 211 212 212 211 212 214 211 210
 210 211 211 210 209 210 209 212 213 212 211 211 210 210 209 208 209 210
 210 209 208 208 207 207 208 209 209 208 208 208 206 204 203 205 206 207
 207 207 207 206 205 207 208 209 208 208 210 211 210 208 207 208 207 206
 205 208 208 207 208 209 209 209 192 157 124 118 110 106 102  95  89  84
  79  75  73  70  64  58  54  54  59  66  78  80  78  74  73  65  58  53
  47  45  42  36  37  36  33  34  41  48  48  43  34  30  30  37  44  47
  49  51  61  62  62  62  61  60  58  56  58  54  51  50  49  48  48  49
  56  65  71  74  72  72  70  73  74 100 149 160 165 166 166 166 165 167
 168 168 168 168 168 167 169 170 170 168 168 168 168 168 168 169 171 172
 172 170 169 168 169 168 167 167 168 168 167 165 165 164 163 161 162 160
 163  29]"
"[ 30  28 209 212 213 212 212 209 209 210 211 211 211 211 212 214 212 211
 209 209 208 208 209 211 210 211 212 211 210 210 211 211 211 210 209 210
 209 208 207 207 209 209 209 209 209 208 206 205 204 203 203 204 204 203
 204 205 206 205 204 206 207 207 207 207 209 210 210 208 207 208 208 208
 209 206 206 210 211 208 206 209 189 143 121 122 108 103  97  88  86  81
  75  71  70  69  63  56  56  54  55  59  73  78  78  75  66  60  57  56
  53  51  46  38  32  29  25  25  31  35  32  25  27  28  33  38  43  49
  54  58  65  65  64  63  63  64  65  66  66  64  63  62  60  56  52  49
  53  57  60  67  67  68  66  69  84 132 164 165 165 167 163 167 168 168
 169 169 169 170 170 169 168 170 170 168 167 168 169 168 169 170 170 170
 169 168 168 169 169 168 168 167 168 169 168 166 167 165 163 162 164 164
 168  29]"
"[ 31  29 209 212 212 212 212 211 213 213 212 211 211 211 212 212 212 210
 209 209 208 208 209 210 211 211 210 208 208 210 211 211 212 211 210 210
 209 207 207 207 207 207 207 208 209 207 205 205 205 205 206 207 205 203
 203 204 205 203 204 206 208 208 208 209 209 210 210 209 208 208 209 210
 212 208 207 210 210 207 204 203 180 132 118 121 106 102  94  86  82  80
  75  69  65  64  62  59  58  54  52  54  69  77  78  74  70  61  56  56
  57  57  52  43  32  28  25  24  24  23  22  22  28  35  42  45  49  56
  62  64  64  66  68  69  68  68  68  69  68  68  69  69  67  63  59  57
  56  52  48  53  54  59  64  71  97 145 163 162 163 163 165 168 168 168
 168 167 168 170 171 171 169 170 170 169 168 169 170 169 170 170 169 168
 168 168 169 170 169 169 169 168 168 168 167 166 167 164 162 163 167 170
 174  31]"
"[ 31  29 210 211 211 210 212 212 213 213 211 211 211 213 213 212 211 210
 210 210 210 209 209 209 212 211 210 208 208 210 210 209 210 211 210 209
 208 208 208 207 207 207 208 209 208 207 206 205 207 208 209 209 206 203
 203 205 205 204 205 207 208 207 207 208 209 209 209 208 208 208 209 210
 209 208 207 207 207 210 207 199 171 129 116 118 104 101  92  86  83  79
  73  67  64  63  60  58  56  53  50  51  67  76  80  76  71  62  57  58
  60  60  55  45  37  30  25  25  24  22  24  28  34  42  50  54  59  65
  67  66  66  67  69  70  70  69  69  70  70  71  73  72  70  68  66  65
  63  58  53  54  49  54  61  70  95 120 144 155 163 159 170 165 168 168
 167 166 166 167 168 168 170 170 170 169 169 169 169 168 168 169 170 170
 170 170 170 169 171 171 170 169 169 168 166 164 163 163 162 166 171 174
 179  31]"
"[ 29  29 209 211 211 210 210 210 209 210 210 210 211 213 214 213 211 210
 211 211 211 210 209 209 211 211 211 210 210 211 210 208 208 210 210 207
 206 208 209 207 209 209 209 210 209 207 207 207 206 206 206 207 205 203
 202 203 206 205 205 206 206 204 205 207 208 207 207 207 208 208 208 208
 206 206 207 205 205 210 207 198 166 134 117 113 103 100  91  87  86  79
  72  68  67  64  59  56  54  51  47  46  61  72  78  77  64  59  58  61
  61  60  54  45  37  28  21  21  23  24  27  32  41  48  56  62  66  68
  69  68  71  68  66  67  68  68  69  70  71  73  74  73  71  70  70  69
  69  68  66  66  59  62  66  69  66  71  95 113 132 143 163 167 168 169
 170 169 168 168 169 169 170 169 168 169 170 169 169 169 168 170 171 171
 171 171 170 168 171 171 171 171 170 169 167 165 163 166 168 173 176 177
 180  29]"
"[ 30  29 211 212 212 210 210 208 208 210 211 211 211 212 212 211 212 211
 210 210 210 209 210 210 209 211 212 212 211 211 210 208 207 210 210 206
 205 208 209 207 207 207 208 209 209 208 208 209 209 207 207 207 207 206
 205 206 205 203 204 206 205 204 206 209 207 205 205 207 208 208 207 207
 208 206 207 207 205 206 204 197 163 138 118 110 103 101  93  90  87  83
  78  74  69  63  60  59  56  52  46  42  53  65  73  73  72  68  67  66
  62  58  52  44  34  28  24  24  24  25  31  38  46  52  61  68  69  69
  70  74  71  67  64  65  67  68  67  66  67  69  71  71  71  71  71  71
  71  73  74  74  70  75  75  72  75  67  68  71  86 113 134 158 163 165
 167 168 169 169 170 170 170 168 167 170 171 171 170 170 169 171 171 171
 171 171 169 166 170 171 172 172 171 170 168 166 167 173 176 180 181 179
 181  27]"
"[ 30  28 209 213 211 213 209 210 209 211 213 214 213 212 211 212 211 212
 211 211 210 210 210 211 210 210 211 212 210 211 211 209 207 207 207 207
 208 208 208 208 207 207 209 211 211 209 207 207 206 206 207 208 208 207
 206 207 207 205 205 205 206 206 206 206 203 205 206 206 206 206 206 206
 207 206 207 206 207 209 203 199 158 134 113 107 104  99  94  90  86  83
  80  75  68  61  58  58  53  49  45  45  44  60  70  70  70  72  73  72
  67  60  51  45  38  28  24  23  25  28  34  43  55  58  61  65  71  73
  73  73  72  66  65  65  64  65  65  60  65  66  68  70  70  71  71  72
  72  73  75  75  75  74  73  74  72  72  73  70  73  83 104 136 162 169
 168 168 169 168 169 169 169 168 168 171 172 171 171 172 172 171 171 171
 171 171 170 168 171 171 171 170 170 171 171 172 174 177 179 179 179 179
 179  29]"
"[ 29  28 209 213 211 213 210 211 209 211 212 213 213 212 211 211 211 211
 211 211 210 210 210 211 211 210 211 210 209 210 211 209 209 208 206 206
 207 208 209 209 208 209 210 209 209 209 209 208 208 208 208 208 207 206
 206 207 205 205 205 206 206 205 204 204 203 205 207 207 206 206 206 207
 208 207 207 206 207 206 203 194 154 131 112 106 102  99  95  90  87  83
  79  74  67  59  53  52  48  43  41  38  38  49  63  68  67  70  72  72
  68  62  54  47  39  32  30  30  31  35  42  52  60  63  65  67  71  72
  72  73  74  69  66  64  63  64  64  62  63  65  68  70  70  70  70  70
  72  72  73  73  73  74  74  74  73  74  76  74  74  74  81  99 133 161
 169 171 169 168 170 172 171 170 170 172 173 172 171 172 171 171 171 171
 171 171 170 170 172 173 172 171 172 173 175 175 177 179 180 179 179 179
 178  29]"
"[ 30  28 210 214 213 214 211 212 211 212 212 212 212 212 211 211 211 212
 212 212 211 211 211 212 211 210 210 210 208 209 210 209 208 208 208 208
 208 207 205 203 206 209 210 208 209 211 210 208 208 208 208 207 205 205
 206 207 205 205 204 205 205 204 203 203 204 206 207 207 206 206 206 206
 207 206 207 206 207 204 204 188 153 128 111 107 102  99  96  89  85  80
  74  70  64  57  51  49  46  39  39  35  35  39  54  61  65  72  77  75
  68  60  52  46  42  36  35  38  43  48  52  59  62  66  69  70  73  73
  73  74  73  72  67  62  62  64  65  66  62  64  67  68  68  68  69  71
  71  71  72  72  73  73  73  73  72  73  74  74  75  73  70  77 107 145
 158 163 167 171 172 171 171 170 170 171 172 172 172 172 171 171 172 171
 171 171 171 171 172 173 173 173 174 176 178 179 180 180 180 179 179 179
 179  29]"
"[ 30  28 212 214 214 214 212 213 214 213 212 212 212 212 212 212 212 212
 212 212 211 211 211 212 211 210 211 210 209 210 210 209 207 207 207 208
 208 207 203 200 202 205 207 208 209 210 209 207 207 208 208 206 204 204
 205 206 206 204 203 203 203 203 203 204 206 206 206 206 207 206 206 206
 207 205 207 206 208 203 206 187 160 129 112 110 105 100  96  87  84  78
  71  65  58  51  45  43  41  37  37  36  35  36  44  49  58  70  79  75
  65  56  49  45  48  45  47  51  54  57  58  62  64  68  71  72  74  73
  72  73  70  72  67  61  61  62  62  65  62  64  66  66  66  67  69  72
  71  72  73  74  73  72  71  70  74  73  71  71  74  73  69  69  80 121
 155 166 169 167 168 169 169 168 168 170 171 171 172 173 172 172 171 171
 172 171 171 171 171 172 174 175 176 178 180 180 180 180 180 178 179 180
 180  30]"
"[ 29  27 212 213 213 212 212 212 215 213 211 210 211 211 212 212 211 212
 212 211 210 210 210 210 210 210 212 212 211 211 211 209 208 207 206 206
 207 208 208 207 202 203 205 208 208 208 207 206 207 208 208 206 204 203
 204 205 205 204 203 203 202 202 203 205 207 205 204 205 207 207 207 207
 207 206 207 207 209 204 208 189 169 132 110 110 105  97  91  83  76  71
  64  59  53  47  44  43  39  38  38  41  39  40  39  41  47  57  66  64
  58  52  49  48  55  58  66  66  63  61  60  65  67  70  71  70  70  69
  68  69  69  71  67  61  59  57  56  59  62  63  65  66  65  66  68  70
  71  73  74  73  71  70  70  71  71  70  68  69  72  71  68  64  71  94
 142 163 170 166 168 169 170 170 169 170 171 172 172 173 172 171 171 171
 172 172 171 170 171 173 175 177 178 179 180 180 179 179 179 178 180 180
 179  29]"
"[ 29  28 212 213 214 211 212 212 214 213 210 209 210 210 211 212 211 212
 212 211 210 210 210 210 210 210 212 213 212 212 211 209 209 208 207 207
 207 208 208 208 208 207 207 208 208 206 206 207 207 209 209 206 204 203
 203 203 203 203 204 204 204 203 203 203 204 202 202 204 205 206 206 207
 206 205 206 206 208 204 205 192 172 134 108 106 101  91  83  77  68  64
  59  56  52  49  48  49  43  44  42  45  40  40  38  42  56  59  62  63
  62  62  62  62  62  66  73  74  71  68  65  67  66  68  66  65  66  66
  65  66  65  66  64  61  58  55  54  56  59  61  64  65  65  66  67  68
  72  73  73  71  69  68  70  73  70  69  65  66  68  68  69  66  72  74
 116 151 168 168 170 170 172 172 171 171 172 172 172 171 172 172 171 171
 172 172 171 171 173 175 177 179 179 180 180 179 179 179 179 178 179 180
 179  29]"
"[ 30  28 214 214 215 211 212 212 213 212 210 210 210 210 211 211 211 212
 212 212 211 211 211 211 210 210 211 212 211 212 212 210 209 209 209 209
 208 207 206 206 210 209 209 208 207 207 208 208 208 210 209 206 204 204
 204 203 203 203 204 205 204 203 202 203 203 202 203 204 204 203 203 206
 206 204 205 205 206 204 202 196 171 137 110 103  97  87  81  78  73  69
  65  62  58  53  50  49  47  46  45  43  37  35  43  56  67  66  65  64
  64  65  66  67  69  69  72  74  75  75  69  66  64  65  64  63  65  65
  63  62  60  59  59  60  57  54  54  55  55  57  60  62  63  65  67  69
  72  72  73  71  70  70  71  73  73  71  65  65  64  63  67  66  62  66
  97 145 164 164 169 171 171 172 172 172 172 173 172 171 172 172 172 172
 171 172 173 174 176 178 179 179 179 179 179 179 179 179 179 178 179 180
 179  29]"
"[ 30  28 214 214 215 210 211 212 212 212 211 211 211 211 211 211 210 211
 211 211 211 211 211 211 210 210 211 211 210 211 213 211 210 209 208 206
 205 206 207 209 206 208 208 207 207 208 208 206 209 210 209 206 204 205
 205 204 205 204 204 204 203 202 202 203 204 204 206 207 204 201 202 205
 206 205 205 206 206 206 202 201 171 142 115 103  96  88  83  82  78  74
  70  68  65  59  55  53  52  49  49  44  40  36  55  78  77  76  74  73
  69  67  69  73  74  73  75  74  75  74  68  65  64  66  65  66  67  65
  59  56  58  54  56  58  54  51  51  52  52  53  55  58  60  64  69  71
  71  73  74  74  73  72  72  72  69  67  64  66  65  63  67  64  66  69
  79 133 159 166 171 171 170 171 171 172 173 174 174 173 172 173 173 172
 170 171 174 177 179 180 179 178 178 178 179 179 179 179 179 178 179 180
 179  30]"
"[ 30  29 213 214 214 213 211 210 211 211 211 211 211 211 211 211 212 211
 210 211 212 212 211 210 210 209 210 211 211 210 210 211 210 209 210 210
 207 206 207 207 206 207 208 207 207 207 207 207 207 210 210 205 203 205
 205 203 203 204 204 204 204 203 203 203 203 203 204 205 205 203 203 203
 205 204 203 206 203 203 205 194 176 141 108 105 103  95  90  84  80  77
  73  70  68  63  59  59  56  52  45  39  39  38  64  86  84  82  75  73
  73  71  73  75  74  72  73  74  72  69  66  62  63  62  63  65  66  63
  58  55  55  54  54  53  50  48  49  51  52  54  54  56  61  66  69  71
  73  71  71  72  73  71  69  68  66  64  63  63  61  60  62  65  66  72
  78 116 156 167 170 171 171 171 172 173 173 172 172 173 172 172 171 171
 172 175 178 180 180 179 179 178 179 180 180 179 179 178 180 179 179 180
 179  29]"
"[ 29  28 212 214 214 214 213 213 214 213 213 212 212 212 211 211 211 210
 210 211 212 211 210 210 210 209 209 210 210 209 208 208 209 208 210 211
 208 207 207 205 207 207 206 205 205 207 207 207 204 205 206 206 205 204
 203 202 203 204 204 204 203 203 203 204 203 204 205 205 204 203 203 204
 204 204 203 203 201 202 201 188 179 143 115 110 106  97  90  85  81  78
  76  74  70  64  60  59  56  51  45  40  41  42  67  88  88  88  81  78
  81  81  78  71  71  69  69  70  68  66  64  61  63  62  62  62  61  58
  54  52  57  56  54  52  48  46  48  51  50  54  57  61  66  69  70  72
  68  67  67  68  70  71  70  69  65  63  62  62  62  63  63  65  66  69
  73 101 144 166 173 170 172 171 171 171 172 171 172 173 173 173 173 173
 174 176 178 180 178 179 179 178 179 180 180 179 179 179 179 179 178 179
 179  29]"
"[ 29  28 212 214 214 214 214 215 215 214 212 211 211 211 211 210 210 209
 210 211 212 212 211 210 211 210 210 210 210 209 208 207 208 208 210 211
 209 208 207 205 208 206 203 202 204 206 207 207 204 203 204 207 207 204
 202 203 203 203 203 203 203 203 203 203 203 205 206 204 203 203 204 205
 203 203 203 202 201 203 201 189 173 135 115 110 105  97  89  86  82  77
  76  75  69  64  62  59  57  52  46  42  42  44  64  84  87  90  85  82
  82  80  76  69  64  62  62  62  61  60  59  57  56  57  58  58  58  56
  54  53  52  50  48  46  44  43  45  47  47  51  55  60  65  67  65  65
  61  63  65  66  69  71  70  68  65  63  61  61  62  63  63  62  68  69
  73  92 140 167 175 173 172 171 170 171 171 171 171 172 173 173 175 175
 176 177 178 179 177 178 179 179 179 179 179 179 179 179 179 178 178 179
 180  29]"
"[ 30  29 213 214 213 214 214 216 214 212 210 209 210 210 210 210 209 209
 209 211 212 212 211 211 212 211 210 211 211 210 209 208 208 208 209 210
 209 209 209 207 205 204 203 202 204 206 207 207 207 204 203 205 206 204
 203 204 203 203 203 203 203 203 203 203 203 206 206 204 202 204 205 204
 202 203 203 202 202 204 202 195 172 130 117 111 106  99  89  86  82  74
  72  70  65  63  63  59  55  52  46  43  41  42  56  73  83  85  81  80
  78  72  69  66  63  61  61  62  60  60  59  58  54  54  56  57  56  54
  51  49  49  47  44  42  41  42  43  44  44  46  48  51  55  56  55  56
  62  65  68  69  71  71  68  64  64  63  61  60  60  62  62  62  67  68
  71  90 145 167 169 172 171 171 171 171 171 170 171 171 174 175 177 177
 177 177 178 179 177 178 179 178 178 179 179 179 179 179 179 178 178 179
 180  29]"
"[ 30  29 213 214 214 214 213 214 213 212 210 209 210 211 211 211 209 208
 209 210 211 211 211 212 211 210 209 210 210 210 208 208 209 208 210 211
 210 209 209 206 202 203 204 204 204 206 207 207 207 205 203 202 203 203
 203 203 203 203 203 203 204 203 203 203 203 205 205 203 202 204 204 203
 204 202 202 202 202 202 201 201 171 125 115 111 107 101  93  90  82  73
  70  68  64  63  63  57  52  50  47  44  39  40  48  62  80  81  77  77
  77  71  66  62  62  60  61  61  60  59  59  58  52  51  52  53  54  52
  49  47  47  43  39  36  37  38  39  39  41  41  40  41  44  46  48  52
  65  69  71  71  72  72  69  65  65  64  63  60  59  60  63  65  67  68
  68  90 152 172 167 171 171 171 171 170 169 170 172 175 177 178 179 179
 179 178 179 180 178 179 179 178 178 178 179 179 179 179 180 179 179 179
 180  29]"
"[ 30  28 213 214 214 214 214 214 213 212 210 209 210 211 211 212 210 210
 210 211 212 212 212 213 211 210 209 209 209 208 207 207 209 209 211 213
 210 209 207 205 201 203 204 205 205 206 206 206 204 204 204 202 202 204
 203 202 203 203 203 203 203 203 203 202 203 204 204 203 203 204 204 203
 204 201 202 202 202 201 200 204 173 124 114 110 105  99  93  89  82  75
  72  70  68  66  63  57  54  52  49  46  39  39  41  52  70  79  79  76
  74  71  67  61  58  56  56  56  54  53  53  53  49  47  46  48  49  49
  47  46  39  37  34  33  35  39  41  42  42  42  40  40  43  46  51  57
  64  66  68  69  70  73  74  73  71  69  66  63  60  59  61  64  67  68
  68  97 159 176 170 171 171 172 171 169 169 172 176 178 178 179 179 179
 179 179 179 179 179 180 179 178 178 178 179 179 179 179 180 179 179 179
 179  28]"
"[ 29  28 212 214 214 214 214 214 213 212 211 210 210 210 211 211 210 210
 211 212 212 212 212 213 211 210 209 209 208 208 207 208 209 209 211 211
 209 207 207 205 202 203 203 204 205 206 205 205 203 204 204 203 202 203
 203 202 204 203 202 202 202 203 203 203 204 204 204 203 203 203 204 205
 203 201 202 201 203 203 199 202 183 132 118 112 103  93  91  84  82  79
  75  73  72  69  65  60  60  57  52  47  41  41  38  46  56  69  73  71
  69  67  66  62  57  54  52  51  48  48  50  50  49  47  45  43  42  40
  38  37  36  38  41  44  47  52  55  56  53  53  52  53  55  56  60  66
  65  66  67  68  70  72  75  77  76  70  66  65  63  61  61  63  65  65
  73 116 163 172 169 170 171 172 172 171 172 175 177 178 178 179 179 179
 178 178 178 178 179 179 179 178 178 179 179 179 179 179 180 179 178 179
 179  29]"
"[ 30  28 212 214 214 214 213 213 215 214 213 211 210 210 210 211 209 209
 210 211 211 211 210 211 210 209 208 208 207 207 207 208 210 209 209 208
 206 206 208 208 204 203 202 203 204 205 205 203 204 204 204 203 201 201
 202 204 205 203 201 201 201 202 203 203 204 204 204 204 202 202 204 207
 204 203 203 200 202 202 195 195 180 129 115 109 100  90  92  85  82  81
  77  74  73  71  66  64  62  57  52  48  42  44  40  46  50  57  60  64
  66  64  63  61  55  51  48  46  43  43  46  47  43  43  42  41  39  36
  34  33  36  43  51  56  59  62  65  65  65  66  67  68  68  66  68  73
  73  72  72  72  70  70  71  73  74  66  62  64  66  64  64  66  67  65
  84 140 171 167 169 172 171 172 174 175 177 178 177 175 179 179 179 179
 179 179 178 178 178 178 178 178 179 180 179 178 180 179 179 178 178 179
 179  29]"
"[ 29  29 210 213 215 215 216 215 215 212 212 212 210 210 211 211 212 209
 209 209 208 209 211 212 209 209 209 208 208 208 208 208 202 205 207 208
 207 207 208 208 207 204 202 201 203 204 203 201 202 203 204 204 203 202
 203 203 204 204 203 203 203 203 203 203 203 202 203 203 203 202 203 203
 205 203 201 201 202 201 200 199 181 129 107 110 103  96  93  89  84  81
  77  75  73  71  68  65  61  56  52  50  51  51  49  48  50  48  49  51
  52  55  57  57  51  46  42  40  40  41  40  36  34  33  32  32  33  35
  37  38  39  47  56  61  64  68  71  72  74  73  73  74  74  73  74  75
  76  79  79  75  73  73  69  65  61  63  63  63  63  67  61  69  66  66
 108 163 166 166 169 167 171 171 173 175 177 178 178 178 179 180 179 179
 179 179 179 179 176 177 178 179 179 179 179 179 180 179 179 179 179 180
 179  28]"
"[ 29  28 210 213 214 214 216 215 215 212 211 210 209 209 210 209 210 208
 209 209 208 209 211 212 211 210 209 208 207 207 206 206 205 207 208 207
 207 207 208 208 209 206 203 201 202 203 204 203 203 204 204 203 203 202
 203 204 204 204 203 203 203 203 203 203 203 203 203 203 202 202 203 204
 205 204 203 203 202 202 202 202 179 131 110 113 106  99  97  92  86  82
  77  74  72  70  67  64  61  58  55  55  55  55  55  54  51  49  48  48
  46  46  48  48  44  39  35  33  34  36  36  33  32  32  32  33  36  40
  43  44  44  50  58  64  68  71  73  74  74  73  74  75  76  75  76  77
  76  77  77  75  74  75  73  70  66  62  63  66  66  64  67  68  64  85
 141 169 163 164 163 172 175 176 177 178 179 179 179 179 179 179 178 177
 177 178 179 178 177 178 178 179 179 179 179 179 181 179 180 180 180 180
 179  29]"
"[ 29  28 210 213 213 213 214 214 213 212 211 209 208 210 211 208 208 208
 209 209 208 208 211 211 210 209 208 208 209 209 209 208 208 208 207 206
 206 207 207 206 209 208 205 202 202 203 204 205 204 204 204 203 202 202
 203 204 203 203 204 204 203 203 203 203 203 203 203 203 202 202 203 205
 203 203 204 203 201 200 202 204 178 133 112 112 105 101  99  94  89  85
  79  75  73  71  67  65  64  63  61  60  58  56  55  55  54  52  50  47
  43  42  43  42  38  33  29  29  30  33  34  32  32  33  34  37  43  48
  51  52  51  55  61  69  74  75  76  76  77  77  77  77  75  73  72  73
  75  75  74  72  73  73  73  72  70  64  64  67  65  62  70  62  74 116
 165 167 162 165 164 175 177 178 178 179 178 178 178 178 178 178 177 176
 177 178 178 178 178 178 179 179 179 179 179 179 181 179 180 180 180 181
 179  29]"
"[ 29  29 210 212 212 211 212 212 210 211 212 210 209 210 211 208 208 208
 210 210 208 208 210 209 208 208 208 209 210 211 211 211 209 208 206 205
 205 206 206 205 207 207 207 205 204 203 204 204 204 203 203 202 201 202
 203 204 203 203 204 204 204 203 203 203 202 202 202 203 203 203 204 205
 200 201 202 202 200 199 201 204 180 137 114 110 103 101  99  95  90  86
  81  78  77  75  71  68  68  67  65  63  60  56  54  53  55  53  51  49
  45  45  45  43  37  33  29  29  30  34  35  32  35  36  39  43  49  56
  59  60  60  61  65  72  78  80  79  79  81  80  79  78  75  71  69  69
  75  72  70  69  69  68  68  69  65  65  65  64  63  64  68  60  94 148
 168 166 167 169 173 177 177 177 177 177 176 175 176 176 178 178 176 176
 177 179 179 178 178 178 179 179 180 180 179 179 180 179 180 180 180 181
 179  29]"
"[ 29  29 210 212 212 211 212 211 208 210 213 212 209 210 210 207 207 208
 210 211 209 209 209 207 208 208 207 208 209 209 209 208 208 207 206 205
 206 207 206 205 205 207 207 206 204 203 203 203 203 203 203 203 202 202
 203 203 203 203 204 204 204 203 203 203 202 202 201 202 203 203 203 202
 200 201 202 202 201 200 201 202 184 142 117 111 106 104 101  95  90  87
  84  82  81  79  75  72  69  68  66  65  63  59  55  53  52  50  50  49
  48  48  47  43  38  33  30  30  32  35  35  32  36  40  44  48  54  61
  64  65  67  66  68  74  80  81  81  81  80  80  80  79  77  73  71  72
  74  71  69  68  66  65  64  65  61  64  63  62  64  67  64  71 121 169
 170 172 175 175 177 178 176 176 176 175 175 175 176 177 178 178 177 176
 177 179 179 178 178 178 178 179 180 180 180 179 180 178 179 180 180 181
 179  29]"
"[ 29  29 210 213 214 213 213 212 207 209 212 211 209 208 208 206 206 207
 209 209 208 209 209 206 207 207 206 207 207 208 207 206 207 207 205 205
 206 207 207 205 204 206 206 204 202 202 202 203 202 203 203 203 203 203
 203 203 203 203 203 203 203 203 203 203 203 202 202 203 203 202 201 201
 201 201 201 202 202 201 201 201 184 145 120 114 108 105 100  94  90  88
  86  84  83  80  76  73  70  68  66  65  63  60  56  54  52  50  50  50
  51  52  49  43  39  34  31  31  32  35  35  32  36  42  47  51  56  63
  67  68  72  71  73  76  80  81  81  81  80  80  80  80  77  74  73  74
  72  71  69  68  66  64  64  64  65  66  63  65  66  64  66  97 152 176
 172 173 176 180 176 179 176 176 175 175 175 176 177 179 177 177 177 177
 177 179 178 178 178 178 178 179 180 180 180 179 179 178 179 180 180 181
 180  29]"
"[ 29  28 211 213 215 214 213 211 208 207 209 209 208 208 209 207 207 206
 206 206 206 208 208 204 205 205 206 207 207 207 207 207 206 205 204 204
 205 206 206 204 203 204 204 203 202 202 202 202 202 202 202 203 203 203
 203 203 202 202 202 202 202 203 203 203 203 203 203 203 203 202 202 202
 203 202 202 202 202 201 200 201 185 147 122 115 109 104  99  94  90  88
  86  84  82  79  76  74  72  70  68  66  63  59  55  53  54  52  52  53
  54  55  51  44  41  36  33  32  33  35  35  32  37  44  51  55  59  65
  70  71  77  77  78  79  80  81  81  81  80  80  80  79  76  73  72  73
  71  71  70  68  66  65  65  65  67  68  64  66  67  62  84 131 172 175
 173 174 175 181 177 177 176 176 175 175 176 177 178 178 177 178 178 178
 178 179 178 178 179 178 178 178 179 180 179 179 180 179 180 180 180 181
 179  29]"
"[ 29  28 211 213 215 214 213 210 209 206 206 208 208 209 210 210 207 206
 205 204 204 207 207 202 206 206 206 206 206 206 206 205 204 204 203 202
 203 205 204 203 202 203 203 203 202 202 201 200 201 201 201 201 202 202
 203 203 202 202 201 201 201 202 203 203 202 203 204 204 202 201 203 205
 204 203 203 202 202 201 201 201 189 150 125 116 109 103  99  96  90  89
  86  83  80  78  76  75  73  71  69  66  63  58  55  54  54  53  53  54
  54  56  52  46  44  38  34  32  32  35  35  32  39  47  55  58  61  66
  72  74  80  82  83  82  81  82  82  80  79  79  80  79  76  73  72  74
  71  72  71  68  65  64  65  65  63  66  64  65  66  64 106 158 172 172
 177 179 177 179 180 175 176 176 176 176 177 178 177 177 177 178 179 179
 179 179 179 178 179 178 178 178 179 179 179 178 180 179 180 181 181 181
 179  29]"
"[ 30  29 213 213 209 211 211 209 207 206 206 204 203 204 206 209 206 204
 203 204 204 203 204 206 207 207 208 208 208 206 204 203 202 203 204 203
 203 203 203 202 200 200 202 205 204 201 200 202 201 201 202 202 202 202
 201 201 201 200 201 201 201 201 201 202 202 203 203 203 202 202 202 202
 203 203 202 201 201 202 202 202 191 154 120 117 106 104 102  97  93  89
  85  82  79  79  78  75  73  70  67  65  63  60  56  54  56  54  55  57
  58  58  55  49  45  41  33  29  33  37  38  39  49  52  57  62  65  70
  76  80  83  84  84  82  82  82  82  82  78  79  80  78  75  72  72  72
  69  66  65  66  66  64  64  65  66  67  62  65  61  71 136 174 181 179
 177 176 177 177 176 175 176 176 176 177 178 178 178 177 178 178 178 178
 178 178 179 179 178 179 179 179 179 180 181 181 180 181 180 179 181 182
 179  29]"
"[ 30  27 201 199 198 200 203 203 203 203 203 202 200 198 199 200 198 201
 205 208 206 203 204 206 209 208 209 209 209 207 206 205 204 204 204 204
 203 202 201 200 203 201 201 202 202 200 200 201 200 201 201 202 202 203
 202 202 200 199 200 201 202 201 200 199 201 201 201 202 202 202 201 201
 201 201 202 201 201 202 204 204 196 164 122 116 108 106 101  99  93  88
  85  84  81  78  78  77  73  70  67  65  64  62  59  58  56  56  57  58
  57  57  56  54  48  41  33  32  35  37  41  47  54  58  62  66  70  74
  79  83  85  85  85  83  82  82  82  82  79  79  78  76  74  72  71  70
  67  66  66  66  64  63  64  66  62  68  70  65  69 110 167 184 179 177
 175 174 175 176 176 175 177 177 176 177 177 178 178 179 179 179 179 178
 179 179 179 179 179 180 180 180 180 181 181 181 179 180 180 179 181 182
 179  29]"
"[ 29  27 193 193 194 192 194 193 192 192 191 190 189 189 191 193 193 193
 194 195 195 194 194 195 193 192 192 194 194 194 194 193 199 197 197 198
 198 196 195 194 198 195 193 193 195 194 194 194 195 195 195 195 195 195
 195 195 197 195 195 196 197 197 195 194 198 197 196 197 197 197 194 192
 195 196 197 197 197 198 199 200 193 170 122 118 112 109 102 101  94  89
  87  86  82  77  76  77  73  70  67  64  62  60  59  59  56  57  58  57
  54  54  56  56  52  45  36  34  36  39  46  55  60  64  68  71  73  76
  80  84  85  85  84  83  81  81  81  81  80  78  76  74  73  72  69  67
  66  66  65  64  62  61  63  67  69  69  71  67  88 145 181 178 177 176
 174 173 174 175 176 176 178 177 176 176 177 178 179 179 179 179 179 179
 179 179 179 179 179 180 181 180 180 180 180 180 178 179 179 179 180 181
 179  29]"
"[ 29  29 189 192 195 190 189 188 188 187 187 187 187 188 191 193 192 190
 187 187 187 187 188 188 190 189 188 189 191 191 190 190 187 184 184 187
 189 187 185 186 189 187 186 187 189 189 187 187 185 185 184 184 183 182
 182 182 189 187 186 186 186 186 186 186 188 187 186 186 186 186 184 182
 185 185 186 186 187 188 187 186 185 166 120 120 115 110 104 101  97  93
  90  87  82  78  76  75  73  70  66  63  60  58  58  58  58  58  59  56
  52  52  55  56  55  51  42  36  38  44  51  57  64  67  70  73  74  76
  79  82  83  83  83  82  81  81  81  80  81  79  75  74  73  71  68  66
  66  66  65  63  61  60  63  66  70  69  66  71 115 166 182 173 176 176
 175 174 174 175 176 177 177 176 176 176 177 178 179 179 179 179 179 179
 179 179 179 179 178 179 180 180 179 179 179 179 178 178 179 179 180 180
 179  29]"
"[ 29  31 186 189 191 187 188 188 187 188 190 192 191 190 189 189 188 190
 191 191 189 188 188 190 191 189 188 188 188 187 187 186 189 187 186 190
 191 190 189 189 187 186 186 187 188 188 187 187 189 188 188 187 186 185
 185 185 189 188 188 187 186 185 186 188 187 187 187 187 187 187 187 187
 187 187 187 187 189 189 186 184 183 163 121 120 112 107 105 101 100  96
  92  87  83  81  79  74  73  69  65  62  61  60  61  61  62  62  62  59
  54  55  58  59  57  53  45  39  42  48  53  57  64  67  70  73  74  76
  79  81  81  82  82  82  82  82  82  81  80  78  75  73  71  69  67  65
  67  66  64  63  61  61  63  65  67  71  65  84 144 175 180 175 176 176
 175 175 174 175 176 176 176 176 176 177 178 179 179 179 179 179 179 179
 179 179 179 179 178 179 179 179 179 179 179 179 179 179 179 178 179 179
 178  29]"
"[ 29  30 187 189 190 188 189 189 188 188 189 190 189 187 186 186 188 189
 190 190 189 189 188 188 189 188 187 187 188 188 188 188 190 188 187 189
 190 190 189 189 188 187 187 187 187 188 188 188 187 187 187 187 187 187
 187 187 185 186 187 187 186 184 184 185 186 186 187 186 186 185 186 187
 187 186 186 186 188 188 185 182 188 169 128 116 107 104 104 102  99  96
  91  86  83  83  81  75  74  71  67  64  62  62  62  63  66  65  64  61
  58  59  62  63  61  53  45  44  47  49  53  60  63  66  69  72  75  77
  79  81  80  81  81  81  82  82  81  80  78  76  74  71  69  67  65  64
  66  65  64  63  62  63  64  65  70  68  66 109 167 175 173 174 175 175
 175 175 175 175 175 176 177 177 177 178 179 179 179 179 179 179 179 179
 179 179 179 178 178 179 178 178 178 179 180 179 180 179 178 178 179 178
 178  29]"
"[ 29  30 189 191 190 191 189 188 190 190 189 189 188 188 188 190 192 190
 188 187 188 190 189 188 187 187 187 188 188 189 190 190 191 189 188 188
 190 190 190 189 189 188 187 186 187 188 188 188 187 187 187 188 188 188
 188 188 187 188 189 190 189 188 187 188 189 189 190 189 188 187 188 188
 189 189 188 188 188 188 187 186 189 178 139 113 108 105 104 102  99  95
  91  87  84  83  81  75  74  72  70  67  64  62  64  66  69  67  65  62
  59  60  64  65  64  57  48  46  49  51  56  64  65  67  70  74  77  79
  81  82  81  81  81  80  81  81  81  80  77  75  71  68  66  65  65  65
  64  65  64  64  63  64  65  65  72  65  81 145 178 175 172 174 175 175
 174 174 174 175 176 176 178 178 178 178 179 179 178 178 178 178 179 179
 179 179 179 179 179 178 177 177 177 179 179 178 178 177 176 176 176 176
 176  29]"
"[ 30  29 189 190 187 192 189 188 190 190 190 191 190 188 187 188 187 188
 188 188 187 188 189 190 189 188 188 189 189 189 189 190 188 188 187 186
 187 189 190 189 189 189 188 188 190 191 190 188 187 188 188 188 188 187
 187 187 190 189 189 190 190 189 189 190 187 188 189 189 189 189 189 189
 189 189 189 187 186 187 187 187 183 182 147 113 113 110 104 103 101  97
  93  90  86  83  80  76  71  72  72  69  65  64  67  71  71  68  66  62
  58  60  64  66  66  62  53  47  48  54  61  66  69  70  73  76  80  82
  83  83  84  83  82  81  81  81  81  80  77  74  70  67  65  65  65  65
  63  64  65  64  64  64  66  66  73  76 112 176 178 176 175 172 176 175
 174 174 174 176 177 177 178 178 178 178 178 178 177 176 178 178 179 179
 179 179 179 179 179 178 176 175 176 178 178 177 176 175 174 173 174 174
 175  28]"
"[ 29  28 190 189 191 191 190 190 192 193 193 191 190 190 190 189 186 187
 187 188 189 190 189 188 189 190 190 189 187 188 188 189 186 187 188 187
 188 189 190 189 191 189 189 189 189 187 186 186 187 188 188 187 187 188
 188 188 188 190 193 194 193 191 189 189 189 189 189 189 189 190 189 189
 189 190 190 189 189 189 188 188 184 182 160 123 116 108 104 105 101  99
  97  94  89  85  80  74  72  72  71  70  69  69  71  72  72  70  66  62
  60  60  62  64  64  61  58  56  53  53  61  70  72  73  76  81  84  83
  83  84  85  85  84  81  79  78  79  80  78  74  69  66  66  65  62  59
  62  62  64  63  63  66  66  67  70  88 146 179 177 176 174 174 176 176
 175 175 176 176 177 177 179 177 176 176 175 176 178 178 177 176 176 178
 178 178 177 178 178 176 175 174 174 175 174 173 173 173 172 173 173 175
 171  29]"
"[ 29  29 191 190 191 191 192 193 191 191 191 190 190 191 190 188 188 188
 188 188 188 189 189 188 190 191 191 190 189 189 189 190 189 189 189 189
 189 189 189 189 191 189 188 188 188 187 188 189 188 189 189 189 189 190
 190 189 190 190 192 192 191 190 190 190 189 190 190 189 188 189 189 189
 189 189 189 189 190 190 189 188 188 185 170 125 117 117 110 106 102  99
  96  93  87  84  80  76  75  73  71  70  71  72  72  72  70  67  64  62
  61  61  61  61  61  60  58  57  55  57  64  72  75  76  79  83  84  82
  82  83  83  84  84  80  77  76  76  76  73  70  67  65  65  64  63  62
  61  61  67  64  66  63  69  72  73 122 168 179 173 172 174 176 175 176
 176 176 175 175 176 177 178 177 177 177 176 176 178 178 175 174 174 175
 176 175 175 176 175 175 174 173 173 175 174 174 173 174 172 172 173 174
 171  29]"
"[ 28  29 192 191 191 190 192 194 190 190 189 189 190 191 190 188 189 189
 188 188 188 189 189 189 189 190 191 190 189 189 190 190 191 190 190 191
 190 189 188 189 189 188 188 188 188 187 188 190 188 188 188 189 190 190
 190 189 189 188 189 189 188 188 188 190 190 191 191 190 188 188 189 190
 190 189 189 189 191 191 190 187 185 183 180 129 114 114 108 106 103  98
  95  92  86  82  81  80  76  73  70  70  72  72  70  68  67  65  62  62
  64  64  62  59  58  58  58  57  57  60  67  73  74  76  79  83  85  84
  84  85  84  85  83  78  74  74  73  72  70  67  64  62  63  63  61  59
  59  60  65  63  66  64  65  72 100 160 181 175 174 173 174 174 174 175
 176 176 175 174 175 176 176 175 177 177 175 176 177 177 174 174 174 175
 175 174 174 175 173 173 173 172 172 173 174 173 173 173 171 171 172 173
 170  30]"
"[ 28  29 192 191 191 190 190 191 189 189 189 189 190 191 191 190 189 188
 188 188 188 189 189 189 188 190 190 190 189 189 189 189 190 189 189 191
 191 189 189 190 188 188 188 188 188 187 187 187 188 188 187 188 189 189
 189 189 188 187 187 187 187 187 189 190 190 190 190 189 188 189 190 190
 191 190 190 190 191 191 189 187 188 183 185 142 119 109 107 108 101  97
  95  93  87  82  81  81  76  73  71  71  72  71  68  64  65  63  61  63
  66  67  65  62  58  59  59  58  60  66  71  73  74  74  77  81  84  85
  86  87  85  85  82  76  74  75  74  72  68  63  59  59  62  63  60  57
  57  59  59  62  64  70  60  80 142 177 177 171 177 176 175 173 174 175
 175 175 175 175 175 176 175 174 174 175 174 175 176 175 175 175 175 175
 174 173 173 173 173 173 173 171 171 171 172 172 172 171 169 169 170 172
 170  30]"
"[ 29  29 192 191 191 190 189 189 188 188 189 189 190 190 190 190 190 189
 189 190 190 189 189 189 188 189 190 189 189 189 189 189 190 188 189 191
 192 190 190 191 188 188 189 188 188 188 187 187 190 189 188 189 189 189
 189 190 190 189 189 189 188 188 189 190 188 188 188 188 189 190 190 190
 190 190 191 190 190 190 189 188 189 183 182 153 129 107 107 104 101  97
  96  95  90  84  81  80  77  75  72  71  71  70  68  65  64  63  62  63
  65  66  66  65  62  62  60  60  65  72  75  75  75  74  74  77  81  84
  85  86  85  83  80  76  76  77  75  71  66  62  58  58  61  62  60  58
  57  57  58  61  64  72  71 115 171 175 173 173 174 174 174 175 174 173
 172 173 174 175 175 175 174 172 172 172 172 174 174 173 174 174 174 173
 172 172 172 172 173 173 173 171 169 169 170 170 170 170 168 168 168 169
 168  30]"
"[ 29  29 191 190 192 191 189 188 188 188 189 189 189 189 189 190 191 190
 190 192 192 190 189 189 188 188 188 188 188 189 189 189 191 189 189 191
 192 191 191 192 189 189 188 188 188 189 190 189 191 189 188 189 188 188
 188 190 190 189 189 189 189 188 187 188 189 189 189 189 191 192 191 190
 188 189 190 190 190 190 190 190 190 190 188 171 142 114 114 107 103 100
  99  98  93  87  83  80  80  77  73  70  69  69  69  69  65  63  62  62
  63  64  65  66  65  63  60  61  67  74  77  76  75  73  72  73  77  81
  83  84  80  78  77  76  77  76  72  68  65  64  63  61  59  59  59  59
  58  55  63  63  69  75 105 160 179 169 173 174 171 173 174 175 173 172
 170 171 172 173 174 173 174 172 171 172 171 173 173 172 172 173 173 172
 172 172 172 171 172 172 171 170 169 169 169 169 169 169 167 167 166 167
 166  29]"
"[ 29  28 190 189 191 191 190 189 189 188 189 190 190 189 189 189 191 189
 190 192 192 190 188 188 188 188 188 187 187 188 189 189 190 189 189 189
 191 192 192 192 189 189 188 188 189 191 191 190 190 189 189 189 187 186
 186 188 189 189 189 190 189 188 187 187 190 190 191 192 193 193 191 189
 188 189 189 189 189 189 190 190 186 189 188 181 149 116 111 107 105 101
  99  97  93  90  86  81  81  78  75  72  70  69  68  68  65  64  62  61
  62  64  65  65  65  62  59  60  66  72  74  75  73  72  72  73  76  79
  81  81  76  74  73  74  74  72  68  66  66  65  64  62  60  59  58  57
  58  58  65  66  72  90 143 178 176 170 172 173 172 174 173 173 173 172
 171 171 171 172 172 172 172 171 172 172 171 171 172 171 171 172 172 171
 171 172 172 171 171 171 170 168 168 168 168 168 168 168 167 167 165 165
 165  28]"
"[ 29  28 190 188 189 189 189 190 191 189 189 191 192 191 189 189 189 188
 189 191 191 189 188 188 189 189 188 188 188 189 190 190 189 189 188 188
 190 192 192 191 188 188 188 189 190 192 191 188 190 189 189 189 187 185
 185 188 190 190 190 192 192 191 190 190 189 191 192 193 192 191 189 187
 188 189 188 188 188 189 189 188 190 188 186 187 157 121 108 106 105 101
  98  95  93  91  88  82  82  80  77  75  73  70  67  65  65  63  62  61
  63  64  65  65  65  62  59  60  64  69  72  73  73  74  74  74  75  76
  77  78  75  72  70  71  70  67  65  65  64  61  59  60  63  63  60  57
  58  64  62  69  72 108 167 172 171 173 171 171 174 173 172 175 173 173
 172 172 171 171 171 172 170 170 172 172 170 169 171 170 171 171 171 170
 171 172 171 169 171 170 169 168 167 167 167 166 166 167 167 167 165 164
 165  29]"
"[ 29  29 189 189 190 188 190 189 188 189 189 188 188 188 189 189 191 190
 190 191 192 192 190 188 189 190 190 189 190 192 191 188 190 190 189 187
 187 189 192 193 189 189 189 189 190 191 190 188 188 189 189 189 188 187
 186 186 189 191 191 191 191 192 191 188 188 190 192 192 191 190 189 189
 188 190 191 191 190 189 189 189 189 189 184 188 172 143 108 106 104 104
 102  97  93  92  89  86  82  80  77  73  70  68  66  65  63  64  64  65
  65  66  67  67  65  62  60  60  62  64  68  73  74  74  75  73  73  77
  78  75  73  73  72  69  67  66  65  64  60  59  58  59  61  61  61  60
  63  63  58  64  95 161 172 171 170 171 171 171 170 170 171 172 171 172
 172 171 171 172 172 171 172 171 171 171 170 169 169 171 170 171 171 172
 171 170 168 167 166 166 166 167 167 166 166 167 168 165 164 164 164 163
 161  29]"
"[ 30  29 188 187 188 187 190 189 189 189 189 188 188 189 189 189 190 189
 189 189 190 190 189 187 189 190 190 189 190 191 190 188 186 187 188 189
 189 190 191 192 188 189 189 189 189 190 189 188 188 189 189 189 188 187
 187 187 188 190 190 190 190 191 191 190 189 190 191 191 190 189 189 189
 189 190 191 191 190 189 189 189 190 190 186 188 178 151 118 107 109 108
 105 101  97  94  91  87  82  79  75  71  69  67  66  65  62  63  65  66
  67  67  66  65  65  64  61  60  61  65  70  73  74  74  73  69  66  70
  74  73  71  71  70  68  67  65  63  61  58  57  57  58  59  60  62  63
  62  64  69  90 146 171 175 168 170 171 171 172 172 171 170 169 170 171
 171 171 171 171 171 170 171 171 171 171 169 167 168 169 169 169 170 170
 169 169 168 167 166 165 165 165 165 165 165 165 166 163 162 162 162 162
 160  29]"
"[ 30  29 187 187 188 188 190 189 190 189 188 188 187 188 189 189 190 190
 189 190 190 190 189 188 191 191 190 188 188 189 189 187 187 188 189 189
 189 190 189 189 189 189 189 189 190 190 190 189 188 189 190 189 188 188
 188 189 189 190 190 189 189 190 191 191 191 191 191 190 189 189 189 190
 190 190 190 190 189 188 189 190 189 189 188 188 186 166 136 112 111 109
 105 102  99  95  91  89  82  79  75  71  68  66  65  65  65  64  64  65
  66  67  67  67  65  65  63  59  60  65  71  73  74  75  74  69  64  67
  72  73  69  68  67  66  66  64  61  58  54  56  58  59  59  59  60  61
  66  69  80 121 167 170 171 171 171 171 171 171 171 171 169 167 169 170
 171 171 171 171 171 170 169 170 171 170 168 166 167 168 168 168 168 168
 168 167 167 167 166 164 163 163 163 163 163 163 164 161 160 160 160 160
 160  28]"
"[ 29  29 188 189 191 190 190 188 191 189 188 187 187 188 188 189 191 190
 190 190 190 190 190 190 191 191 189 187 187 189 189 189 190 190 190 189
 189 189 190 190 189 190 190 189 189 190 190 190 189 190 190 190 189 188
 189 190 190 190 190 190 189 189 190 191 191 191 191 189 188 188 189 190
 191 191 190 189 188 188 189 190 188 188 187 187 188 178 151 118 115 110
 104 102  99  96  91  88  84  82  78  74  69  65  63  63  66  65  64  64
  65  67  68  69  67  66  64  61  61  65  69  72  72  74  75  71  66  68
  71  71  65  65  65  65  64  63  59  56  53  55  57  57  58  59  61  63
  65  74 108 156 168 169 168 171 172 170 168 168 169 170 169 168 169 169
 169 170 170 171 170 169 168 168 168 168 167 166 166 166 167 167 167 167
 166 166 165 165 166 163 162 162 162 162 162 162 162 159 158 158 159 159
 159  29]"
"[ 29  29 188 189 191 191 191 189 192 190 189 188 189 189 189 190 190 190
 190 190 189 189 190 190 189 188 186 186 187 189 191 192 189 190 189 189
 189 191 192 192 189 189 189 188 188 189 189 189 189 190 190 189 188 188
 189 190 189 189 189 190 189 189 189 189 189 189 189 188 188 188 188 189
 191 190 190 188 187 187 188 189 188 188 185 185 184 182 160 123 121 114
 106 103 102  98  92  88  86  84  82  78  71  65  63  63  64  65  66  66
  66  67  68  69  69  67  65  64  64  65  67  70  68  70  71  69  66  67
  68  66  61  63  64  63  62  60  57  55  52  53  54  54  57  61  65  67
  61  82 144 169 170 169 170 169 170 168 166 166 168 169 170 169 168 167
 167 167 168 168 168 168 167 166 165 165 165 165 165 164 165 165 165 166
 166 165 165 164 164 163 161 162 162 162 162 162 161 159 158 158 158 159
 159  29]"
"[ 29  29 188 188 190 189 191 190 192 189 188 189 189 189 189 190 190 190
 190 190 189 189 189 189 189 188 187 187 187 189 190 191 189 189 190 190
 190 192 192 192 190 190 189 188 188 189 189 189 189 189 189 189 188 188
 189 189 188 188 189 190 190 189 189 190 188 188 189 189 188 188 188 188
 190 190 190 188 187 187 187 189 188 188 185 186 183 186 172 137 122 115
 108 105 104 102  96  91  87  85  83  80  74  68  65  66  68  67  67  66
  66  67  69  70  69  66  65  66  65  64  65  67  67  67  68  67  65  65
  65  63  59  61  62  61  59  57  55  53  50  52  54  56  59  63  66  66
  71 111 167 169 166 166 168 172 167 167 166 167 168 169 169 168 168 166
 165 166 167 167 167 167 168 167 165 164 165 166 165 164 164 164 165 166
 166 166 165 165 163 162 161 162 162 162 161 161 160 159 158 159 158 158
 159  29]"
"[ 29  29 188 188 189 188 190 189 191 188 187 189 190 189 189 190 190 190
 190 190 190 190 189 189 190 189 189 189 188 188 188 189 189 189 189 189
 190 191 191 190 192 192 190 189 189 190 190 190 188 188 189 189 190 190
 190 190 190 189 189 191 191 190 189 190 188 189 189 189 189 189 188 188
 190 190 190 189 187 187 187 188 188 186 187 187 185 188 186 154 120 116
 111 107 106 105 100  95  90  86  83  81  77  72  70  70  73  70  66  64
  65  67  69  70  66  65  64  64  65  64  63  63  67  66  67  66  65  65
  65  62  61  61  61  59  58  56  54  51  51  54  57  59  62  67  69  70
 101 149 173 173 166 167 167 170 166 166 167 167 167 167 167 167 167 166
 165 166 167 166 166 166 167 167 167 165 165 166 166 165 164 165 165 165
 165 164 164 164 162 161 161 161 161 160 159 159 160 159 159 159 158 157
 158  29]"
"[ 29  29 190 190 190 188 189 188 191 188 187 189 191 190 190 191 190 190
 190 190 190 190 189 188 187 188 189 190 190 189 189 189 187 187 186 186
 188 191 192 192 193 192 190 189 190 190 190 189 189 189 189 190 192 192
 192 192 191 189 189 190 191 189 188 189 188 188 188 189 189 188 188 187
 190 190 190 189 188 187 187 187 189 184 189 186 185 185 191 161 123 121
 116 111 108 107 101  95  93  87  82  81  79  76  73  74  72  69  65  64
  65  67  66  65  65  65  64  63  64  65  64  61  64  64  66  66  65  64
  64  61  63  62  61  59  58  57  54  51  55  57  58  59  63  71  79  82
 135 171 165 167 166 165 173 166 167 167 167 167 166 165 166 166 167 165
 164 166 167 166 165 165 164 166 166 165 164 165 165 165 165 164 163 163
 162 161 161 161 162 161 161 160 159 158 158 158 159 158 159 159 157 156
 158  29]"
"[ 29  29 191 189 189 188 187 188 190 190 189 188 189 192 193 192 189 189
 190 190 190 189 189 190 190 189 189 189 189 190 190 190 188 187 186 187
 189 190 191 190 189 191 193 193 192 190 190 191 193 193 192 190 190 190
 190 190 190 190 189 190 190 190 190 189 189 190 190 190 189 189 188 187
 187 189 190 190 188 187 187 187 187 188 188 187 189 189 183 176 131 124
 115 112 111 105 104  96  91  86  83  81  78  77  75  73  71  66  63  65
  67  66  65  65  63  64  65  65  65  65  65  64  64  64  65  66  64  61
  61  63  62  59  61  62  58  57  58  56  60  59  61  62  71  75  83 103
 157 165 169 165 163 167 169 168 167 165 165 166 167 166 165 165 164 165
 166 167 167 166 165 163 165 165 164 163 163 164 165 165 163 163 162 162
 162 162 162 161 161 162 161 158 157 158 159 158 157 156 156 155 155 156
 158  28]"
"[ 29  29 191 189 189 188 188 189 188 189 189 189 190 191 190 189 189 190
 190 189 188 189 190 191 189 189 188 188 187 188 188 188 188 187 187 188
 189 191 191 191 190 191 193 194 192 190 189 190 192 192 190 189 188 189
 189 189 189 189 189 189 188 188 188 189 189 189 189 190 190 189 189 188
 187 188 189 189 188 187 187 187 187 188 188 187 188 188 183 178 133 122
 118 113 108 102 100  95  91  84  79  77  75  75  74  72  72  67  64  64
  66  66  65  64  63  64  64  65  65  65  64  63  64  64  64  65  63  61
  62  64  64  61  61  62  61  62  64  63  64  60  66  69  71  78  87 139
 164 167 169 167 165 166 166 166 167 165 165 166 166 165 164 164 164 164
 165 166 166 165 163 161 161 163 165 165 164 164 164 163 163 163 162 162
 162 161 161 160 158 159 158 157 157 157 157 156 158 157 156 155 153 155
 158  29]"
"[ 29  28 190 188 189 189 189 190 187 188 188 189 189 190 188 186 188 189
 189 188 187 188 190 190 189 189 189 188 187 187 188 188 188 188 188 188
 190 192 192 192 191 192 193 194 193 191 190 191 192 191 190 188 188 189
 189 189 190 190 189 188 187 187 188 189 189 188 188 190 191 190 189 190
 187 188 188 188 188 187 187 187 187 187 187 187 187 185 184 182 138 117
 116 112 107 103 101  96  90  83  77  75  75  75  74  71  72  68  63  62
  65  66  65  63  63  64  65  66  67  68  67  65  64  63  63  63  62  61
  61  63  64  61  62  64  64  66  68  68  67  65  71  72  72  78 103 168
 168 167 167 168 168 166 165 165 166 165 165 166 165 164 164 164 163 163
 164 165 165 165 162 160 160 162 164 165 164 164 163 162 161 161 161 161
 161 160 160 160 157 156 156 157 157 156 154 154 157 156 156 155 154 155
 158  29]"
"[ 29  28 189 187 189 189 190 190 189 188 188 188 189 189 188 187 187 189
 190 188 187 188 189 189 189 190 190 190 190 189 190 191 189 190 189 189
 190 192 193 193 190 190 191 192 192 192 191 192 191 191 190 189 189 190
 190 190 191 190 190 189 189 190 191 192 190 187 187 190 191 190 189 190
 188 187 187 187 188 188 188 187 187 186 187 187 186 184 184 186 154 120
 114 110 106 104  97  90  88  83  79  77  76  76  74  70  70  67  63  61
  64  67  66  63  64  65  66  67  69  70  69  67  65  64  63  63  63  62
  62  62  62  62  65  67  68  68  68  68  68  71  74  73  75  85 134 171
 166 164 164 166 167 166 165 166 165 165 165 165 165 164 164 164 162 162
 162 163 164 164 163 161 161 162 162 162 162 163 162 161 159 159 159 159
 158 157 158 158 157 155 155 157 157 155 154 153 155 156 157 156 155 155
 157  28]"
"[ 29  27 188 187 188 189 190 190 191 190 189 189 189 189 188 187 187 189
 191 190 189 189 189 188 189 190 191 192 191 191 191 192 190 191 191 190
 190 193 193 193 189 189 189 190 191 192 192 192 189 190 191 190 190 191
 190 190 191 190 190 191 192 193 193 193 190 188 187 190 190 189 188 188
 188 187 187 187 188 189 188 188 187 186 187 187 186 184 185 188 166 123
 114 109 105 104  97  90  87  83  80  78  75  73  72  69  68  66  63  62
  64  67  66  63  64  64  66  67  68  69  68  66  66  65  64  65  65  65
  64  63  61  64  68  70  70  68  68  69  71  73  76  77  77 105 161 166
 162 162 162 163 164 165 165 165 163 164 164 164 165 165 165 164 162 161
 161 161 162 162 162 161 162 161 160 160 161 162 160 158 160 159 158 156
 155 154 154 154 157 155 154 156 157 155 154 154 154 154 156 155 154 154
 156  28]"
"[ 29  28 188 187 188 189 189 190 192 191 190 191 191 189 187 186 187 188
 190 190 190 189 188 188 189 190 192 192 190 189 190 191 191 192 192 190
 190 192 193 192 191 190 189 191 192 192 192 192 189 190 192 192 192 193
 192 191 192 191 190 191 193 194 193 192 191 190 189 190 191 189 188 188
 188 187 187 188 189 189 188 187 188 187 187 188 187 185 186 188 169 127
 115 110 106 105 101  98  89  84  80  77  73  71  71  70  69  67  65  64
  65  67  65  62  63  64  65  66  67  67  66  65  65  65  65  65  66  66
  65  63  62  66  67  68  69  68  69  73  78  75  80  83  79 129 166 164
 161 162 162 161 161 163 163 163 162 163 163 163 164 165 165 164 163 162
 161 161 161 161 161 161 161 160 159 159 161 161 159 156 158 157 156 155
 154 154 155 155 155 154 154 155 155 155 155 155 154 154 155 154 153 155
 157  29]"
"[ 29  28 189 187 188 189 189 189 192 190 190 190 191 189 188 188 189 187
 188 190 191 190 189 190 190 191 192 191 189 188 189 191 192 193 192 190
 190 192 192 191 192 190 190 192 193 193 192 191 189 191 192 193 193 194
 193 193 192 192 191 191 192 193 192 190 191 191 191 190 190 189 189 188
 187 187 188 188 189 188 188 187 188 187 187 187 187 185 184 184 173 132
 117 112 107 104 100  98  93  87  82  78  73  71  72  71  69  67  65  64
  65  65  63  61  62  63  64  65  66  66  66  65  64  65  65  65  65  65
  64  62  62  65  65  65  67  68  71  77  81  80  84  84  91 149 162 163
 162 162 162 161 161 162 162 162 162 162 163 162 163 165 164 163 163 163
 162 161 160 160 161 161 161 161 161 160 161 161 159 158 156 156 155 155
 155 156 157 158 154 156 156 155 154 154 155 155 155 155 157 157 157 157
 159  30]"
"[ 30  28 189 188 189 189 189 189 192 189 188 188 189 189 190 191 191 188
 188 191 192 191 192 194 191 193 193 192 189 189 190 192 193 194 193 190
 189 191 192 190 190 189 189 191 193 193 191 190 189 190 191 192 193 194
 194 193 193 193 192 192 191 191 190 189 190 191 190 189 188 189 188 187
 187 188 188 189 189 188 187 187 187 187 186 186 186 185 182 180 170 130
 114 110 109 105 102  98  94  89  84  79  75  72  72  71  68  66  64  63
  64  63  62  61  60  62  63  64  65  66  66  66  66  66  66  65  65  64
  63  61  62  65  64  64  68  69  72  78  78  83  84  80 106 160 163 163
 164 162 162 162 162 162 162 162 162 162 162 162 163 164 164 162 161 161
 161 160 159 159 160 161 162 162 162 161 160 161 161 161 159 158 157 157
 157 157 157 157 155 158 159 156 154 154 154 154 155 156 159 161 161 161
 161  30]"
"[ 30  28 190 188 188 188 189 191 191 192 190 188 189 189 190 192 189 189
 188 187 188 190 190 189 188 190 193 193 190 188 188 191 194 192 191 192
 192 191 190 189 187 187 188 190 192 192 190 189 189 190 192 193 191 191
 193 194 191 189 188 190 191 190 189 190 189 189 190 189 188 189 188 188
 190 188 187 188 189 189 188 186 187 186 187 185 187 185 179 185 171 130
 121 113 108 106  99  98  96  87  81  80  78  76  73  70  66  63  61  61
  61  62  62  63  62  61  64  66  64  67  70  68  66  67  66  64  64  65
  64  61  62  64  66  65  65  66  71  76  81  83  82  84 123 164 163 164
 162 162 162 162 162 162 162 162 162 161 162 163 162 161 161 162 163 161
 160 161 161 160 159 159 161 161 161 162 162 161 161 160 160 159 157 157
 158 158 157 157 159 158 157 157 158 158 158 158 159 160 162 163 165 166
 171  27]"
"[ 29  28 190 189 189 188 188 189 190 191 190 188 188 188 189 191 191 190
 189 187 188 189 189 188 189 190 193 194 193 191 192 194 192 190 189 191
 192 192 191 191 189 188 188 190 191 191 191 190 190 190 192 192 190 191
 193 193 192 190 187 188 189 190 189 190 188 189 188 189 189 190 190 189
 190 189 188 189 191 191 190 189 187 185 186 185 186 184 180 186 171 130
 121 111 105 107 102  99  96  88  83  80  77  73  70  67  67  63  61  60
  61  61  63  64  64  63  65  66  65  68  71  70  67  66  66  65  66  67
  66  65  65  65  65  65  65  67  72  76  80  84  84  89 141 165 162 164
 161 162 162 163 162 162 162 162 161 161 162 163 163 162 162 163 162 161
 161 161 161 160 161 162 161 161 161 161 161 162 162 161 161 161 160 159
 160 160 160 159 161 160 160 160 161 161 162 161 163 164 167 169 172 174
 177  32]"
"[ 29  29 191 190 189 188 188 188 189 191 190 189 189 189 189 192 192 192
 191 190 190 191 191 191 192 193 194 195 194 192 192 192 192 190 190 191
 193 193 193 193 192 191 190 190 190 190 191 191 192 191 192 192 191 191
 193 193 193 190 188 189 190 190 190 189 188 188 188 189 191 192 192 190
 191 190 189 190 190 190 189 188 186 185 186 184 184 182 180 184 167 127
 120 114 107 106 101  95  96  89  84  80  74  70  67  65  64  61  59  59
  60  61  62  64  66  65  67  67  67  70  73  72  70  68  67  66  67  66
  65  65  68  67  67  67  68  71  74  77  81  84  85  96 160 165 161 165
 162 163 164 164 163 163 163 163 164 164 165 166 166 165 165 166 168 168
 168 166 165 167 168 169 167 166 165 164 164 164 164 164 162 162 162 162
 162 162 162 162 162 161 161 161 162 163 163 163 161 163 167 169 173 176
 177  30]"
"[ 29  30 192 190 190 189 189 190 190 191 190 190 192 192 191 193 192 193
 192 192 193 194 195 195 194 194 194 194 194 193 192 191 194 192 191 192
 193 194 194 194 194 193 192 192 191 190 191 192 193 191 192 193 192 192
 193 192 190 190 190 192 193 192 190 188 187 188 189 190 191 192 191 190
 190 190 190 190 190 190 189 188 187 187 187 185 184 182 181 183 164 123
 119 119 111 103  98  95  95  89  84  78  72  68  66  64  62  60  59  60
  61  62  63  65  67  69  71  71  71  72  73  73  72  69  66  66  66  65
  65  66  68  69  70  72  73  73  75  77  81  85  87 107 169 165 164 167
 168 169 170 170 169 168 168 169 170 169 169 169 169 168 168 169 171 171
 170 167 166 168 169 169 167 166 165 164 163 163 163 162 162 162 162 162
 162 162 162 162 161 161 161 161 161 161 161 161 161 164 168 169 173 176
 177  28]"
"[ 29  30 191 189 189 190 191 191 191 192 190 191 194 194 193 193 192 192
 192 193 194 195 195 194 192 192 193 194 195 195 194 193 194 192 191 192
 192 192 192 193 194 194 194 194 193 192 192 193 193 192 193 194 193 192
 192 191 189 190 193 194 193 192 191 189 188 190 191 191 191 190 190 190
 189 189 189 190 190 190 189 189 187 188 188 188 185 183 183 181 160 124
 119 118 110 102  99  97  90  86  82  77  70  67  65  63  61  60  61  63
  64  65  65  67  67  71  74  74  73  72  72  72  72  68  65  65  65  65
  66  68  69  70  72  74  73  73  75  78  80  84  91 123 171 166 169 169
 171 171 172 171 171 170 171 172 173 171 169 169 169 167 167 168 170 170
 168 166 165 166 166 165 164 163 162 162 162 162 162 162 162 162 162 162
 162 161 161 161 160 160 161 160 160 161 161 161 161 165 169 169 172 175
 176  29]"
"[ 29  29 191 188 189 190 191 192 192 192 191 191 194 195 194 194 193 193
 192 192 193 194 193 192 192 193 193 194 195 196 196 194 193 193 192 193
 192 192 192 193 193 194 195 195 195 194 194 194 193 192 194 194 193 192
 192 190 190 192 193 193 192 192 192 192 190 192 193 192 190 190 190 190
 190 190 190 190 189 188 187 187 186 187 187 188 186 184 184 179 147 124
 122 116 109 104 101  95  86  83  80  75  69  66  63  60  60  59  60  63
  64  64  65  66  66  71  73  73  72  69  68  69  73  70  67  65  65  65
  66  67  70  70  72  73  72  72  75  80  80  83  98 140 171 169 172 170
 170 170 170 170 170 170 171 172 171 169 168 168 168 167 167 168 170 169
 168 166 166 167 166 165 165 165 164 163 163 162 162 162 162 162 162 162
 161 161 161 160 159 159 160 160 160 160 161 161 161 164 167 168 170 173
 176  28]"
"[ 28  30 192 189 190 191 192 192 192 193 192 192 194 194 193 194 194 193
 191 191 192 194 193 192 193 194 195 194 194 195 195 193 194 194 195 195
 194 192 193 194 194 194 195 195 195 194 195 195 193 193 194 195 193 193
 193 192 193 194 194 193 192 192 193 193 193 193 193 191 190 190 191 191
 192 193 193 192 191 189 189 188 189 190 189 191 189 188 188 180 138 124
 124 117 110 106 100  93  88  83  78  72  67  64  63  60  59  59  60  62
  63  64  65  67  68  72  72  70  70  68  65  67  74  72  69  66  65  65
  65  64  68  68  70  72  72  72  76  82  82  86 105 152 173 169 171 171
 172 172 172 171 171 171 171 171 169 168 167 168 169 168 168 169 168 167
 166 166 166 165 165 166 167 166 165 163 161 160 160 161 162 162 161 161
 161 161 160 159 159 159 160 160 160 160 161 162 164 165 168 170 173 175
 177  30]"
"[ 28  31 193 191 191 192 192 191 193 195 194 193 194 193 193 195 193 191
 189 189 191 194 194 193 192 194 195 194 194 195 195 194 195 196 196 196
 194 192 193 194 196 195 195 195 194 194 194 195 193 193 195 196 194 195
 196 195 195 196 196 194 194 194 194 192 195 194 192 190 190 192 193 193
 195 196 197 197 196 196 196 196 195 196 194 196 194 193 194 184 139 126
 124 117 111 104 101  98  92  85  77  69  64  63  63  61  61  60  60  62
  64  66  68  71  71  74  72  70  71  69  66  67  71  71  68  66  65  66
  66  64  63  63  66  71  73  73  77  81  86  89 109 156 174 168 168 172
 171 171 170 170 169 168 167 167 168 167 167 169 170 169 168 169 168 167
 167 167 167 165 166 169 168 167 166 164 162 161 163 164 163 162 161 161
 161 160 159 157 160 161 161 161 161 161 161 162 166 165 167 170 174 176
 177  30]"
"[ 28  30 195 194 193 193 192 194 192 195 195 193 194 194 194 195 193 186
 191 191 192 196 192 195 195 193 194 195 195 195 196 194 195 196 197 196
 193 192 193 193 193 195 196 195 194 194 196 199 194 195 197 198 198 198
 199 201 197 197 199 202 201 200 200 201 200 199 201 205 207 205 203 202
 203 204 205 207 208 208 208 208 206 204 202 199 203 198 199 177 132 125
 121 118 113 109 106 100  97  88  78  69  65  66  66  62  63  61  60  60
  63  66  69  71  72  74  74  71  69  69  68  65  69  68  67  65  65  65
  65  65  68  70  72  73  73  75  79  82  90  95 137 174 170 168 169 171
 169 170 171 170 169 168 168 169 167 168 168 169 170 169 168 167 167 167
 167 166 165 166 167 168 169 166 164 163 162 162 163 163 163 162 162 162
 161 160 160 160 162 162 162 162 161 161 162 163 166 168 167 169 173 177
 180  29]"
"[ 29  29 194 193 193 194 192 193 194 197 195 195 195 196 194 194 194 188
 192 192 194 197 194 196 194 195 197 199 198 198 197 194 192 195 197 195
 194 196 197 196 201 202 202 201 201 201 202 203 205 207 208 208 207 206
 207 209 211 211 212 213 212 210 210 210 211 210 209 209 210 211 212 214
 212 211 210 208 207 206 206 207 208 205 201 198 201 199 202 180 128 123
 120 119 115 112 109 105  98  90  81  74  69  67  65  61  63  62  61  62
  63  65  67  69  72  73  72  68  67  68  68  66  65  66  67  65  64  64
  65  67  71  72  72  72  72  75  80  84  87  94 144 172 169 168 171 171
 170 171 171 171 170 170 170 170 169 169 170 170 169 168 166 165 166 166
 166 166 166 167 167 168 167 166 164 163 162 161 162 163 163 161 161 161
 161 161 161 161 163 162 161 162 162 162 163 163 164 167 166 169 173 176
 179  29]"
"[ 31  30 196 195 196 198 196 194 193 196 194 197 196 198 194 196 196 191
 195 197 200 205 203 205 203 204 206 207 206 207 207 204 207 211 213 211
 211 214 214 212 215 215 214 214 214 214 214 214 212 214 215 215 212 210
 211 213 210 210 211 212 212 211 210 210 210 212 213 212 211 211 212 213
 213 212 210 208 207 206 206 206 208 205 204 202 202 199 198 169 127 123
 122 120 117 113 111 107 101  94  87  81  74  68  65  61  62  62  63  63
  63  63  64  66  68  69  68  65  64  66  66  66  64  65  65  65  64  64
  65  67  72  74  74  73  73  77  81  84  91 107 161 174 171 168 172 170
 171 171 171 171 171 171 170 170 170 171 171 171 170 168 166 165 166 166
 166 167 167 168 168 168 167 166 165 164 163 161 162 163 162 161 160 160
 161 161 160 161 162 161 161 162 163 164 164 164 165 168 168 171 175 178
 180  29]"
"[ 29  27 199 199 202 204 202 200 206 210 208 213 209 212 207 210 214 211
 214 215 216 218 217 218 216 215 215 213 211 214 217 215 212 215 216 215
 215 216 216 214 214 214 214 214 214 214 213 213 211 212 214 214 212 210
 211 212 211 211 211 212 213 213 212 212 208 211 213 212 211 211 210 209
 208 208 208 208 208 207 206 205 206 205 206 205 203 201 195 157 125 123
 122 121 117 113 109 106 102  98  93  84  75  69  65  61  61  62  63  63
  62  61  63  64  64  65  66  65  64  64  64  63  66  64  63  63  65  65
  65  64  69  72  75  76  77  80  82  84  86 123 171 174 172 170 173 171
 171 171 171 171 171 170 169 169 169 170 171 171 170 168 167 166 166 166
 167 167 168 168 168 167 167 167 166 165 164 162 162 162 163 162 162 161
 161 160 160 160 161 160 160 161 163 163 164 165 167 171 171 174 177 179
 180  29]"
"[ 30  31 208 212 216 218 217 216 214 219 216 220 214 216 211 215 217 216
 219 219 218 218 218 218 219 218 218 215 214 216 218 217 215 215 216 217
 217 215 214 214 214 215 216 216 215 214 215 215 211 211 212 213 213 212
 212 213 212 211 211 210 211 211 211 210 211 212 212 210 209 210 211 210
 209 209 209 209 209 208 206 204 206 206 204 202 201 205 197 156 120 120
 120 119 117 113 109 107 101 100  95  84  73  68  66  62  62  63  64  64
  62  62  63  65  64  65  65  64  63  63  62  61  64  62  62  63  64  65
  65  65  66  69  73  77  79  82  84  86  86 145 175 173 173 171 172 171
 171 171 171 171 171 170 169 168 168 169 170 170 170 168 167 167 167 167
 167 168 169 168 167 167 167 165 164 165 165 164 163 162 164 164 165 165
 163 161 161 161 161 161 161 162 162 162 163 166 168 171 172 174 177 178
 180  28]"
"[ 28  29 212 215 218 218 218 217 217 221 219 221 217 218 215 218 217 217
 220 221 219 219 220 220 218 218 219 220 218 217 217 214 216 214 215 217
 218 215 215 216 213 214 215 215 214 213 214 215 214 213 212 213 214 214
 214 214 214 214 212 212 213 214 214 213 210 210 209 208 208 209 210 210
 212 211 210 209 209 208 207 205 205 206 203 202 202 206 196 155 121 122
 120 119 118 113 109 109 102 101  96  85  74  70  69  66  65  65  65  64
  63  63  64  66  66  65  64  61  60  60  60  60  58  60  63  64  63  63
  66  70  67  68  72  78  81  84  88  92  99 163 177 173 172 172 170 170
 171 171 171 171 171 171 170 169 168 169 170 170 170 169 168 168 167 168
 168 168 168 168 167 166 165 164 163 164 165 165 164 163 163 164 165 165
 164 162 162 162 161 162 163 162 161 160 162 165 167 171 172 174 177 178
 180  29]"
"[ 29  31 215 218 219 218 218 218 218 219 218 219 219 218 217 219 222 222
 222 221 218 217 218 216 220 218 220 223 222 219 217 216 216 215 215 217
 218 217 217 217 215 215 215 215 215 215 215 215 214 213 213 213 213 214
 214 215 213 213 211 210 212 215 215 214 209 209 211 212 211 210 210 210
 211 210 209 208 208 208 207 206 205 207 202 204 203 203 189 153 125 125
 122 119 118 114 110 111 107 101  96  89  80  73  71  70  68  67  65  65
  64  64  65  66  66  65  62  60  59  59  60  61  57  60  64  66  64  63
  67  73  70  69  72  79  83  85  90  96 116 167 175 171 170 173 171 172
 171 171 171 171 171 170 169 168 169 169 169 169 169 169 168 168 167 167
 168 168 167 167 166 166 165 164 163 164 165 165 164 164 163 162 163 164
 164 163 162 162 162 162 162 162 161 161 162 164 166 170 171 174 177 179
 181  30]"
"[ 29  30 216 218 220 220 221 221 222 221 219 219 221 219 218 219 222 221
 220 220 219 219 220 218 222 218 218 221 220 218 218 219 215 216 216 215
 216 218 217 215 216 215 214 214 215 215 215 214 214 213 213 213 213 213
 214 216 216 215 213 211 212 214 214 212 209 209 210 211 210 209 209 212
 210 209 208 209 209 208 207 205 206 207 201 204 203 199 185 155 125 125
 121 117 117 114 111 113 111 101  95  91  84  75  71  71  69  67  65  65
  65  64  64  64  65  64  63  61  61  61  62  64  61  62  65  67  66  65
  68  72  70  68  71  79  83  84  89  97 138 174 179 173 171 174 171 172
 171 171 171 171 170 169 168 167 167 167 167 167 167 167 167 166 166 167
 167 167 166 166 166 167 166 166 165 166 166 165 165 165 164 162 161 163
 164 164 162 162 163 162 162 162 162 163 164 165 165 169 171 173 176 178
 180  30]"
"[ 30  29 216 220 219 220 221 220 220 221 222 220 221 222 220 218 219 218
 218 218 219 220 220 220 222 220 220 221 221 220 218 218 220 217 216 217
 218 218 217 216 217 214 213 215 215 214 215 217 215 213 212 213 214 215
 214 214 215 214 213 213 213 214 214 214 213 211 210 211 212 213 212 211
 211 210 209 210 210 209 207 206 208 206 205 204 201 201 193 155 123 123
 121 117 117 116 114 113 107 103  96  89  82  76  73  72  67  66  66  66
  67  67  66  65  64  63  63  62  61  61  62  64  63  64  65  64  65  66
  68  69  67  66  73  75  81  84  90 100 154 166 175 175 172 172 172 171
 172 171 171 172 172 171 170 169 169 169 168 167 167 167 167 167 167 167
 168 168 166 165 164 165 168 166 164 164 165 166 165 164 165 164 163 164
 164 164 162 161 162 163 163 163 163 163 164 165 165 169 171 173 177 181
 181  28]"
"[ 29  29 216 220 220 221 221 220 220 221 221 220 221 222 221 219 218 216
 216 217 219 221 222 221 222 221 220 221 221 220 220 220 220 218 216 217
 217 217 217 217 215 213 213 215 216 215 215 216 214 213 212 213 213 214
 214 214 215 214 213 213 213 214 214 214 213 212 211 211 212 213 213 212
 212 210 209 209 210 210 209 208 206 205 207 206 205 203 196 157 119 121
 119 117 116 114 112 112 106 102  95  89  83  78  74  72  64  65  66  67
  68  67  66  64  66  64  63  62  61  61  62  64  64  64  64  65  66  67
  67  66  70  70  75  80  85  90  99 123 164 167 171 172 173 173 172 171
 170 170 171 172 172 171 169 168 168 168 168 167 167 168 168 168 166 167
 167 168 166 165 164 165 167 166 165 165 165 165 165 165 164 163 163 164
 165 164 163 162 161 162 164 164 164 164 165 166 167 169 170 172 175 179
 181  29]"
"[ 29  29 216 221 221 222 221 220 220 221 221 221 221 222 221 220 219 217
 216 217 220 223 223 222 222 222 221 221 221 220 221 222 219 218 218 218
 218 218 217 217 215 214 215 216 217 216 216 217 215 214 213 213 213 214
 214 215 215 214 213 213 214 214 214 214 213 212 211 210 210 211 212 212
 212 210 209 210 210 210 209 208 209 208 209 204 204 201 197 158 118 120
 120 118 116 114 112 111 105 100  93  88  82  78  74  72  65  66  67  67
  66  65  64  63  66  65  63  62  61  61  63  66  65  64  64  66  69  70
  68  67  72  75  78  82  87  91 103 144 171 169 169 172 173 172 171 172
 170 170 171 173 173 171 169 169 170 170 169 168 168 169 170 170 167 167
 167 167 166 163 162 162 166 166 166 166 165 165 165 166 164 164 164 165
 165 164 163 162 162 163 164 165 165 165 166 167 169 170 171 173 176 178
 181  29]"
"[ 30  29 216 221 221 222 222 221 221 221 221 221 221 221 221 221 222 220
 219 219 221 222 222 222 223 223 223 222 221 220 220 221 219 219 219 220
 220 218 217 217 218 217 216 216 216 216 217 217 216 216 215 214 214 214
 215 216 216 215 214 214 214 214 214 213 212 212 211 210 210 210 210 211
 211 210 211 212 212 211 208 207 207 205 208 201 202 198 196 156 121 122
 123 121 118 116 113 110 103  98  90  83  78  75  73  73  71  71  69  67
  65  63  63  63  64  63  63  62  62  62  64  67  66  64  64  66  70  72
  72  72  73  77  80  80  87  87 107 157 171 171 172 174 174 172 172 174
 172 172 173 174 174 172 170 170 171 171 171 169 169 170 170 170 168 167
 167 167 166 164 162 161 165 166 167 166 166 166 166 166 165 165 166 165
 164 163 162 162 164 164 165 165 165 166 166 167 169 171 173 177 179 179
 180  28]"
"[ 31  29 216 221 221 223 224 223 221 221 222 221 221 221 221 221 222 222
 221 221 221 221 222 222 223 223 223 222 221 220 220 219 220 219 219 219
 218 217 217 218 219 217 216 215 215 215 215 215 216 217 217 215 214 215
 216 216 216 215 215 215 214 214 214 213 212 212 212 211 211 211 211 211
 212 211 212 213 213 212 210 209 206 205 209 203 204 196 188 145 124 123
 123 122 119 117 114 108 102  97  89  82  76  73  73  74  75  74  71  68
  65  63  63  63  62  63  64  64  64  64  65  67  66  65  64  66  68  70
  73  76  74  77  81  79  89  89 120 169 171 173 175 175 174 173 173 174
 174 174 174 175 174 172 171 171 172 172 172 171 170 171 170 170 168 168
 168 169 169 167 166 165 166 166 166 167 167 168 167 167 167 166 166 165
 164 162 162 163 165 165 165 165 165 166 167 168 171 172 174 179 181 180
 181  28]"
"[ 29  29 216 221 221 223 225 225 221 222 222 222 222 222 222 222 222 222
 223 222 222 222 223 223 222 223 223 222 222 222 220 219 221 219 217 217
 216 216 217 219 218 217 217 217 216 215 214 212 216 217 217 215 214 215
 215 215 215 216 216 215 214 214 214 214 210 211 211 211 211 211 211 211
 212 211 210 211 211 211 211 211 210 209 210 205 204 197 185 139 125 122
 123 122 118 117 114 107 103  98  91  85  79  75  74  74  73  72  69  67
  66  64  63  62  61  63  66  67  66  65  65  67  68  67  67  68  68  70
  73  77  79  79  83  81  90  96 138 174 174 175 175 173 174 176 175 173
 175 175 175 175 174 172 172 172 171 171 172 171 171 171 171 170 170 170
 170 171 170 168 167 167 167 167 167 168 169 169 167 166 166 166 165 165
 164 163 164 165 166 165 165 165 166 167 168 169 172 173 174 177 180 181
 182  30]"
"[ 29  29 217 222 221 223 224 224 222 222 223 224 223 222 222 222 223 223
 223 223 223 223 223 223 222 223 222 222 223 224 222 219 220 219 218 217
 217 217 218 218 218 218 218 217 217 217 215 214 215 217 217 215 214 215
 215 213 214 215 216 216 214 214 214 215 211 211 210 210 211 211 211 211
 211 210 209 210 210 210 211 212 209 207 206 204 204 201 187 141 126 122
 123 122 116 115 113 106 103  98  91  85  81  77  74  72  70  68  66  66
  66  65  63  62  62  64  68  69  68  66  66  66  67  67  69  71  72  72
  75  79  81  81  84  87  93 106 154 173 176 176 175 173 174 176 176 174
 175 175 175 175 174 173 173 173 172 172 172 171 171 171 171 170 171 171
 171 171 170 168 167 168 168 168 168 169 169 168 167 165 165 165 165 165
 165 164 165 166 166 166 166 166 167 168 169 170 172 173 173 175 179 182
 183  30]"
"[ 29  30 217 222 221 222 222 223 222 223 224 225 224 223 222 223 224 223
 222 223 223 223 221 220 224 223 222 222 224 225 223 220 219 219 219 220
 220 219 218 217 218 218 217 216 217 218 218 217 215 217 217 215 215 215
 215 212 212 214 216 216 214 213 214 215 213 212 211 211 211 211 211 211
 210 210 210 211 211 211 210 210 210 209 207 206 203 199 180 131 125 122
 123 121 114 112 111 104 103  96  88  82  79  75  72  69  70  68  65  64
  65  66  64  62  62  65  68  70  69  67  66  67  65  66  70  74  75  75
  77  80  81  82  86  94  97 117 166 173 174 176 176 176 174 174 175 176
 175 175 175 176 175 174 174 174 174 174 173 172 171 171 171 170 170 170
 171 171 171 170 171 172 169 169 170 170 169 168 166 165 165 164 165 165
 165 165 165 166 167 167 166 167 167 168 169 169 171 173 173 175 179 183
 183  29]"
"[ 29  29 219 223 220 220 227 221 222 224 225 225 224 224 225 225 224 224
 224 223 223 223 222 220 221 221 220 220 222 222 220 221 221 219 218 219
 221 221 220 219 218 218 217 218 219 218 216 214 216 217 217 217 215 214
 214 214 216 215 214 214 214 214 214 214 213 210 210 212 211 211 211 210
 210 210 211 211 211 211 211 211 209 209 207 205 209 202 176 130 125 124
 123 120 114 110 108 106 101  97  86  78  75  73  72  66  69  67  65  66
  66  65  63  62  65  67  67  66  66  67  67  67  65  69  72  74  74  76
  81  86  88  88  93  97 106 137 171 176 175 175 175 175 176 176 175 174
 176 175 175 175 176 176 175 174 175 175 175 174 173 171 170 171 171 171
 171 171 171 171 171 170 170 169 169 170 170 167 165 164 165 165 165 165
 164 165 166 167 166 166 167 167 167 167 168 170 170 172 175 178 179 182
 183  28]"
"[ 28  28 219 221 220 221 224 220 223 224 225 224 224 224 224 224 224 225
 225 224 224 225 225 223 223 223 221 222 224 223 220 221 221 220 219 220
 221 221 219 217 218 218 218 219 219 218 216 215 215 215 215 215 215 214
 213 212 212 212 213 214 213 212 211 212 212 209 210 211 211 211 211 210
 210 210 210 211 211 211 211 211 209 209 209 205 208 202 170 128 129 125
 121 117 113 112 109 103  99  96  86  80  75  72  72  69  70  67  65  64
  65  65  65  65  67  67  66  65  65  66  66  65  69  71  73  74  75  79
  86  91  92  93  96  96 111 155 181 177 176 177 177 177 177 178 177 176
 178 177 176 176 176 176 175 174 175 175 175 175 174 172 172 173 171 171
 171 171 171 171 170 170 171 170 170 171 170 167 165 164 164 165 165 165
 165 165 165 166 167 168 169 169 168 167 168 170 171 173 176 179 181 184
 185  30]"
"[ 30  29 222 223 225 226 224 223 224 225 225 224 224 225 225 224 225 226
 226 225 225 226 226 226 223 224 223 223 224 223 220 220 222 220 219 220
 221 221 219 217 217 218 218 219 219 218 216 215 216 215 214 214 214 214
 212 211 211 212 213 213 212 211 211 211 211 209 210 212 211 211 211 211
 210 210 210 210 211 211 210 210 208 208 209 206 206 201 161 124 126 124
 121 118 115 114 108 100  98  94  85  80  77  73  72  70  71  69  67  66
  66  66  66  67  68  67  66  65  67  68  68  67  73  74  75  76  78  83
  90  94  94  93  96  95 115 167 181 177 177 178 179 178 178 178 178 177
 178 177 177 176 176 176 175 174 174 174 174 174 173 173 173 174 171 171
 171 171 171 171 170 169 172 171 171 171 170 168 166 165 164 165 165 165
 165 165 165 166 166 168 170 170 169 169 170 172 171 174 176 179 181 184
 185  30]"
"[ 29  28 222 222 227 229 224 225 224 225 225 225 225 226 226 225 225 226
 227 226 225 224 225 225 224 224 223 223 224 223 221 221 222 220 219 219
 220 221 221 219 217 218 219 219 218 217 216 216 217 215 213 213 214 214
 213 211 213 214 213 212 210 210 211 212 211 210 211 212 211 211 211 211
 211 210 210 210 210 210 209 208 208 208 209 207 207 200 153 123 122 123
 123 119 115 114 109 101  99  92  83  81  80  75  73  70  72  71  70  69
  68  66  65  65  66  66  66  67  69  71  71  71  73  74  76  77  81  87
  93  96  98  96 101 106 127 173 179 181 178 179 180 179 178 178 178 178
 178 178 177 177 177 177 176 175 174 174 173 173 173 173 174 175 172 171
 171 171 171 171 170 170 172 171 171 171 171 169 168 167 166 166 166 165
 165 165 165 165 166 167 169 170 169 168 170 173 172 174 177 180 181 184
 184  29]"
"[ 29  28 222 223 227 229 224 226 224 225 225 225 226 226 225 224 225 226
 227 227 225 224 224 224 225 225 224 224 225 224 222 223 222 221 218 217
 218 220 221 220 219 219 220 219 218 218 218 218 216 214 212 212 214 215
 214 213 215 214 213 211 211 211 211 210 211 211 213 213 211 211 211 210
 212 211 211 211 211 211 210 209 208 208 209 207 209 197 146 123 125 125
 123 118 114 114 112 106  98  93  86  84  81  76  74  72  72  71  71  70
  69  66  65  65  64  66  68  70  71  72  73  74  73  74  75  77  82  89
  95  98  98  97 103 116 140 176 175 181 181 182 182 181 179 179 179 178
 179 179 179 179 179 179 179 178 176 175 174 174 174 174 174 175 173 172
 171 171 171 171 171 171 171 171 171 170 170 169 168 167 166 166 165 164
 164 164 165 165 167 168 169 169 168 168 170 172 175 177 179 181 182 185
 185  29]"
"[ 30  29 222 225 227 227 226 226 224 225 226 226 225 225 224 223 224 225
 227 227 226 224 224 225 225 225 224 223 224 223 222 224 223 222 219 217
 217 219 220 220 219 219 219 219 218 218 218 218 215 214 213 213 215 216
 216 215 214 215 214 213 213 213 211 209 211 212 213 213 211 211 211 210
 211 210 210 211 211 212 211 211 208 207 207 205 208 188 139 122 128 126
 123 118 115 114 110 103  94  92  87  85  79  73  74  75  71  70  69  69
  67  66  65  66  65  68  71  74  74  73  74  76  78  78  77  77  81  89
  95  97 101 104 109 130 160 185 182 183 183 183 183 181 180 180 179 178
 179 179 179 179 179 179 179 179 177 176 175 175 174 174 173 173 173 172
 171 171 171 172 172 172 170 170 170 169 169 169 168 167 165 164 163 163
 163 164 164 165 167 168 169 170 170 171 174 176 176 178 180 183 183 185
 185  29]"
"[ 29  28 220 225 224 222 226 224 225 226 227 226 226 225 225 224 225 225
 226 227 227 225 225 226 225 225 224 224 224 223 222 223 224 223 221 219
 219 220 220 219 219 219 219 219 218 218 218 218 216 216 216 217 217 217
 216 215 213 215 215 213 212 213 212 210 211 211 213 212 211 211 211 209
 209 209 210 210 211 211 211 211 208 208 206 202 205 176 132 123 125 124
 122 119 115 111 106 100  92  90  85  81  76  71  73  74  72  71  69  68
  67  66  65  65  66  68  72  75  75  75  76  79  81  82  80  79  83  91
  97  98 101 106 108 137 173 184 182 181 183 183 182 181 181 180 180 178
 178 178 179 179 179 179 179 179 178 176 175 175 175 174 173 173 173 172
 171 171 171 172 172 172 171 171 170 168 168 168 167 166 163 162 162 162
 163 164 165 165 165 166 168 170 172 174 176 178 176 178 180 182 183 185
 185  29]"
"[ 30  29 221 227 224 222 229 226 225 227 228 227 226 226 226 227 226 225
 226 227 226 225 225 226 225 226 225 225 225 223 222 223 224 225 223 221
 221 222 221 219 219 219 219 219 219 219 218 218 217 217 218 218 218 216
 214 212 212 214 214 211 209 211 212 212 210 210 212 212 211 211 212 209
 210 210 210 211 211 211 211 211 210 210 207 201 204 169 129 124 123 122
 122 117 109 105 103 102  93  89  80  77  76  74  74  72  74  73  71  70
  69  66  64  63  65  67  70  74  75  76  78  80  79  81  81  82  87  95
 101 102 104 109 109 144 181 181 182 183 183 183 182 181 181 181 180 179
 179 179 179 179 179 179 179 179 179 177 177 177 176 175 174 173 172 172
 171 171 172 172 172 172 171 171 170 168 167 168 167 165 162 161 161 162
 164 165 165 165 165 165 167 169 171 172 173 174 175 177 180 182 183 185
 185  29]"
"[ 29  29 225 228 228 228 228 229 228 229 228 226 226 226 225 226 225 227
 226 224 224 225 226 227 226 226 226 225 225 224 222 221 226 227 226 224
 223 223 222 221 219 219 219 218 218 219 219 219 218 219 218 216 215 215
 213 210 213 213 213 211 210 210 210 209 209 210 210 210 211 211 212 211
 212 211 211 211 212 212 212 212 212 211 212 204 199 160 123 125 123 119
 115 112 108 104 100  98  89  84  81  79  77  76  75  73  73  74  75  72
  68  66  64  59  61  73  76  74  77  78  78  82  82  80  81  83  88  98
 106 105 106 116 114 148 185 178 184 182 182 182 182 182 182 182 181 179
 177 178 179 179 179 179 179 178 178 177 177 176 175 174 174 173 174 172
 171 171 172 173 172 170 172 169 168 168 168 168 166 162 163 161 161 164
 166 166 166 166 164 167 169 171 171 171 172 173 176 179 180 181 183 187
 187  30]"
"[ 29  28 225 228 228 228 227 228 229 229 227 227 229 228 226 227 228 228
 226 225 226 226 225 225 227 226 226 226 225 225 223 222 226 227 226 225
 225 225 224 222 220 221 221 221 221 221 220 219 217 218 218 215 215 215
 213 211 213 213 212 211 211 212 211 211 211 211 211 210 211 212 212 212
 211 211 210 211 211 211 211 211 211 210 206 196 185 142 125 126 124 121
 117 114 111 106 101  97  90  85  81  79  77  76  75  73  73  73  73  71
  68  66  64  60  65  74  76  76  80  81  80  83  85  85  86  88  92 103
 111 110 112 112 117 164 181 181 183 185 183 183 183 183 183 183 181 180
 180 180 180 179 179 179 179 179 177 177 176 175 175 174 174 174 174 172
 171 171 172 172 172 171 170 167 167 167 167 168 167 165 162 161 162 165
 166 166 166 166 167 169 171 171 171 172 173 174 175 178 180 181 182 186
 186  29]"
"[ 29  28 224 228 228 228 227 227 228 226 225 227 230 229 226 227 227 227
 225 225 228 229 227 227 228 227 227 226 226 226 225 225 226 226 226 225
 226 226 224 223 221 221 221 221 221 221 220 218 217 218 217 215 214 214
 213 211 211 211 211 211 212 213 212 211 212 212 212 211 211 211 212 211
 211 211 211 211 211 211 211 211 210 210 204 198 177 131 129 124 125 123
 119 116 113 109 102  95  89  84  80  77  75  74  74  72  72  70  70  70
  67  66  65  63  68  73  75  76  82  83  81  83  86  88  90  93  98 107
 114 113 116 107 128 177 179 184 185 187 185 185 185 184 184 183 182 180
 182 181 180 179 179 179 179 180 176 176 175 174 174 174 174 174 174 174
 173 173 173 173 173 172 170 168 167 167 166 167 168 167 163 163 164 165
 165 165 166 167 169 170 171 171 170 171 173 175 176 179 180 181 182 186
 186  29]"
"[ 29  28 224 228 229 228 227 227 226 224 223 227 230 228 226 227 226 227
 225 225 228 230 229 229 228 228 227 227 227 227 227 227 226 226 226 226
 226 226 225 223 222 222 220 219 218 219 219 218 218 218 218 215 214 213
 213 212 210 210 210 210 212 213 212 211 213 213 213 212 211 211 211 211
 212 211 211 211 211 211 211 211 211 211 207 203 171 129 132 123 124 123
 120 115 112 109 102  95  88  83  79  76  74  73  73  72  69  66  67  69
  68  66  67  67  70  72  74  77  82  82  82  84  85  89  92  95 102 110
 114 111 115 107 145 179 180 186 188 185 186 186 186 184 183 183 182 181
 181 180 179 179 178 178 179 179 177 176 175 174 173 173 174 174 175 174
 174 173 173 173 173 173 172 170 169 168 166 166 167 167 166 165 165 164
 163 163 165 167 169 170 171 170 170 171 173 175 178 179 180 181 182 185
 185  29]"
"[ 29  28 225 229 229 229 228 228 228 226 226 228 230 227 225 228 229 230
 228 227 228 228 228 229 229 228 228 228 228 228 229 229 227 227 227 228
 228 227 226 225 224 223 221 220 219 220 219 219 219 219 218 215 214 213
 213 213 211 211 211 210 211 212 211 210 213 214 214 213 213 213 212 211
 212 211 211 211 211 211 211 211 212 211 208 200 155 127 128 123 122 122
 119 114 109 106 101  96  90  85  80  78  75  74  74  73  69  66  67  70
  69  67  68  69  72  73  74  78  81  82  83  86  90  92  94  97 105 112
 113 112 113 114 157 180 183 187 187 185 186 186 185 183 182 182 182 181
 180 180 179 179 178 178 178 178 176 176 175 174 174 174 175 175 174 174
 173 173 172 172 172 173 172 171 170 169 166 166 167 166 165 166 166 164
 163 163 164 166 168 169 170 170 170 171 173 175 178 179 179 179 180 183
 184  29]"
"[ 30  29 225 229 229 229 228 229 230 230 229 229 229 226 225 228 229 230
 229 227 227 227 227 229 230 229 229 228 229 229 229 229 228 228 228 228
 228 227 226 226 224 224 224 223 222 222 221 219 220 219 217 216 215 214
 214 215 214 213 212 211 211 212 211 210 212 213 213 213 214 214 214 213
 212 211 211 211 211 211 211 211 210 211 209 191 140 126 123 124 121 120
 117 112 107 103  99  95  91  86  82  79  75  74  74  73  72  69  70  71
  69  68  69  70  72  73  75  78  80  82  85  87  95  96  95  99 107 112
 114 115 115 124 161 186 185 187 183 188 187 186 185 183 182 182 182 181
 180 180 180 179 179 179 179 179 176 175 175 175 175 176 176 176 174 173
 173 172 172 172 172 172 170 169 169 168 166 166 167 166 164 166 167 167
 165 165 166 166 166 168 170 171 171 172 173 175 179 179 178 179 180 183
 184  30]"
"[ 29  28 225 229 229 229 229 230 230 231 230 229 229 227 226 228 228 230
 229 228 228 228 229 230 231 230 229 229 230 230 230 229 228 228 228 229
 228 226 226 227 225 225 225 223 223 223 222 221 220 219 218 217 216 215
 214 214 216 215 214 212 211 211 211 211 210 211 212 212 212 213 213 213
 212 212 211 211 212 212 212 211 209 210 206 179 133 127 124 125 121 119
 115 111 106 101  96  93  89  84  81  78  75  74  74  72  73  72  72  71
  69  68  70  71  73  74  77  80  82  84  87  87  95  96  97 103 111 114
 116 120 119 136 166 191 186 187 184 189 186 186 185 184 184 184 183 182
 180 180 180 180 180 179 179 179 176 176 176 176 176 176 176 176 174 173
 173 172 172 172 172 172 171 169 169 168 166 166 167 166 164 167 168 167
 166 166 166 166 166 168 170 171 171 172 174 175 178 179 179 180 181 183
 184  29]"
"[ 29  28 225 229 228 229 229 231 229 231 230 229 230 230 229 229 230 232
 232 230 231 231 230 231 231 231 230 230 230 230 230 229 229 229 230 230
 229 227 228 230 227 226 225 223 222 223 223 223 221 220 218 218 217 215
 214 213 216 216 214 212 211 211 211 211 210 211 211 210 210 211 212 211
 212 211 211 211 211 211 211 211 211 207 197 163 127 127 126 125 121 118
 114 112 107 101  95  91  87  83  80  78  75  74  74  73  74  72  72  71
  67  67  70  72  74  76  79  82  84  87  89  88  91  95  99 107 116 117
 117 123 122 143 172 192 188 187 188 187 187 186 186 185 186 185 184 182
 181 181 180 180 179 179 178 178 177 177 177 176 176 175 174 174 173 173
 172 171 171 171 172 171 172 170 170 168 166 165 166 165 165 167 166 164
 163 164 166 166 165 167 170 171 171 172 173 175 177 178 178 180 181 183
 183  28]"
"[ 29  30 227 229 228 229 230 231 233 230 229 229 229 231 232 230 232 232
 232 232 232 230 230 231 229 230 231 232 232 233 230 227 230 230 230 230
 230 229 228 228 228 227 227 226 224 222 222 223 220 219 218 219 218 215
 213 212 213 212 211 211 211 211 211 211 211 211 211 211 211 211 211 211
 211 211 212 211 209 209 210 211 209 206 194 154 123 127 128 121 118 116
 112 109 107 104  96  89  86  83  80  76  74  75  77  76  75  72  70  70
  69  69  70  73  74  76  78  80  83  85  86  88  90  93 100 110 118 122
 122 121 122 151 179 192 190 186 188 186 187 186 186 186 185 183 182 182
 181 180 179 179 179 179 178 177 178 177 176 176 174 173 173 173 174 174
 173 172 172 172 171 171 171 170 170 169 168 166 166 166 164 165 166 165
 163 161 163 166 165 166 168 170 170 171 171 172 176 178 179 180 182 183
 183  28]"
"[ 28  30 228 231 229 229 229 231 232 230 230 229 229 230 232 230 232 232
 232 232 231 231 230 231 229 230 231 231 232 232 230 228 232 231 230 230
 230 229 228 229 229 228 227 226 224 223 222 223 222 220 218 218 217 214
 212 212 212 212 211 211 211 211 211 211 212 212 212 211 211 211 210 210
 210 211 212 212 211 211 211 212 213 200 187 143 123 124 124 124 117 114
 110 106 104 101  95  89  82  81  80  77  74  74  76  75  71  69  68  69
  70  70  71  73  73  77  81  83  85  86  88  91  95  97 103 112 120 123
 123 122 123 155 185 195 192 189 189 189 187 187 186 186 185 183 182 182
 182 181 180 180 180 179 178 178 177 177 177 177 176 175 175 176 174 173
 172 172 172 172 172 171 169 169 169 169 168 166 166 166 165 165 165 165
 164 164 165 167 167 167 169 170 171 171 172 174 177 180 180 181 182 182
 182  28]"
"[ 28  29 228 233 231 229 229 232 231 231 232 231 229 230 232 231 233 232
 232 232 232 232 231 231 230 231 231 231 231 231 230 229 233 231 230 230
 229 229 229 229 229 229 228 226 225 224 223 224 222 220 219 219 218 215
 213 212 211 211 212 212 211 211 210 210 210 210 211 211 211 210 210 210
 209 210 212 212 213 212 212 211 207 191 178 134 128 126 122 121 118 115
 109 105 102 100  96  92  83  82  81  78  75  75  76  75  72  69  69  71
  72  72  72  73  75  79  83  86  87  88  90  95 100 102 107 114 121 124
 125 124 123 158 189 194 190 189 187 188 189 188 187 186 185 183 182 182
 182 182 181 180 180 179 178 178 178 177 177 177 177 176 176 175 175 174
 173 172 172 171 171 170 169 168 168 168 168 166 166 166 166 164 163 164
 165 166 166 166 166 167 168 170 170 171 173 175 176 179 180 181 181 182
 182  29]"
"[ 30  29 228 234 233 231 230 232 231 232 234 234 231 231 233 233 233 233
 233 232 233 233 233 233 232 232 232 232 231 230 230 229 232 230 229 229
 229 229 229 230 230 230 228 226 225 225 224 224 221 220 220 220 218 215
 211 208 210 211 211 212 211 211 211 211 212 211 211 210 210 210 210 210
 210 210 211 212 212 211 210 209 212 195 170 127 128 128 125 122 118 114
 109 105 102  98  94  92  88  85  81  78  75  75  76  74  72  70  70  72
  74  74  74  75  78  81  83  85  88  89  92  97 100 102 107 114 120 124
 127 128 129 166 194 194 191 191 188 190 188 187 186 185 185 183 182 182
 183 182 182 181 180 179 179 178 177 176 176 177 177 176 175 174 175 174
 173 172 172 172 171 171 170 169 169 169 168 167 166 165 166 164 162 163
 164 165 165 165 165 166 168 170 170 172 174 176 176 178 179 181 182 182
 182  29]"
"[ 30  29 226 232 233 231 230 231 231 233 236 236 232 232 233 233 233 233
 233 232 233 234 234 233 233 233 233 232 232 231 231 231 232 231 229 229
 229 230 230 231 230 229 228 226 225 225 224 224 223 222 221 219 217 213
 209 205 210 211 211 212 212 212 212 212 216 215 213 211 210 210 210 210
 211 210 210 211 211 211 210 209 208 190 154 125 127 127 126 121 116 112
 108 105 101  96  91  89  89  85  81  77  74  74  74  71  67  66  67  70
  72  73  75  77  79  80  81  84  89  91  93  97  99 102 108 114 118 123
 128 132 136 173 195 191 190 191 188 190 187 186 185 185 184 184 183 182
 183 182 182 181 180 179 179 178 175 174 175 176 177 176 175 174 172 171
 171 171 172 173 173 173 170 169 169 169 168 167 166 165 165 163 162 162
 164 164 165 165 166 167 169 170 171 172 174 176 179 179 178 180 182 183
 182  28]"
"[ 30  28 226 231 232 232 230 231 231 233 235 235 232 232 233 233 232 233
 233 232 232 234 234 233 233 232 232 233 233 232 232 233 234 232 231 231
 231 231 231 231 229 229 227 225 224 225 224 223 224 223 220 218 216 215
 212 210 211 212 212 213 213 213 213 213 214 213 212 211 211 211 211 211
 211 211 210 210 211 211 211 210 201 178 140 130 129 123 122 118 116 112
 108 106 102  96  90  88  87  83  80  78  75  74  72  68  65  64  65  68
  70  71  73  76  80  81  83  88  94  95  95  98 102 106 111 117 120 124
 130 134 140 178 193 188 189 189 187 188 187 187 186 186 186 186 184 182
 182 182 181 181 181 180 179 178 178 177 177 177 176 175 173 173 173 172
 171 171 171 171 171 171 170 168 168 168 168 167 166 165 163 163 163 163
 164 164 165 167 167 167 168 170 171 171 173 174 177 176 176 179 182 183
 182  29]"
"[ 29  30 228 232 232 232 231 231 232 233 234 234 231 231 233 233 233 234
 234 232 232 233 233 232 233 232 231 233 233 233 233 233 233 232 231 232
 233 232 231 231 229 229 227 225 224 226 225 224 224 223 220 218 217 217
 217 215 213 213 214 214 214 214 213 212 210 210 210 210 211 211 212 212
 211 211 210 210 211 211 211 211 206 174 137 131 125 120 121 120 116 111
 107 106 102  96  90  89  85  82  80  78  75  74  73  70  66  66  67  69
  71  71  73  77  82  84  87  92  96  95  96 101 106 109 115 120 124 127
 130 133 145 185 193 190 193 190 190 189 188 188 188 187 187 187 185 183
 182 181 181 181 181 181 180 179 180 179 179 178 176 174 173 173 175 174
 172 171 171 170 169 169 170 169 168 168 168 167 166 165 163 163 163 164
 164 165 165 167 167 167 167 169 170 171 172 173 175 175 175 178 181 182
 182  30]"
"[ 28  31 229 234 233 233 232 233 234 233 234 233 231 231 233 233 234 235
 235 233 232 233 233 232 233 232 231 232 233 233 232 232 232 231 231 232
 233 233 231 231 230 230 228 226 225 227 227 225 224 223 221 218 217 217
 215 213 214 214 215 215 215 214 213 211 211 211 211 211 211 211 210 210
 211 211 211 211 211 211 211 211 194 160 134 129 125 123 123 118 114 108
 104 103 100  94  89  88  84  82  80  77  73  73  73  72  66  66  68  71
  73  74  76  80  84  87  90  93  94  93  96 103 107 110 115 121 125 128
 129 131 144 186 192 190 194 188 190 188 187 188 187 187 187 187 184 181
 182 181 181 181 181 181 180 179 178 178 178 178 177 175 175 176 174 173
 172 172 172 172 171 171 171 170 169 169 169 167 166 165 163 163 163 164
 164 164 165 165 168 167 166 168 171 173 174 175 178 178 178 180 181 181
 181  29]"
"[ 30  31 228 234 233 233 231 230 232 233 236 234 230 232 235 233 233 233
 233 233 233 233 232 231 233 232 231 232 233 233 232 232 231 231 231 232
 234 234 233 232 230 231 229 226 226 228 228 226 225 224 222 220 219 217
 216 215 214 214 215 215 215 214 212 211 210 211 212 211 210 210 210 211
 210 211 213 209 211 210 212 208 185 156 132 127 124 121 121 116 113 107
 103 100  95  91  89  89  85  80  75  71  69  71  72  69  67  68  70  70
  72  75  78  81  85  89  92  94  95  95  99 105 110 114 116 122 128 131
 133 132 147 185 193 192 192 192 191 188 189 188 188 188 188 187 184 183
 183 182 181 180 181 181 180 178 178 176 175 176 176 176 175 175 174 174
 173 172 171 171 171 171 171 171 170 169 168 168 167 165 162 164 165 165
 163 162 163 164 166 167 167 168 171 173 174 175 182 177 178 181 178 181
 180  29]"
"[ 30  25 229 230 233 232 231 228 231 232 235 234 231 233 236 234 233 233
 233 234 234 233 232 231 232 231 231 232 233 233 232 232 233 233 233 233
 234 233 232 231 231 230 229 229 229 229 228 228 225 225 223 222 221 220
 219 218 216 215 214 214 214 213 212 211 211 212 213 213 212 211 211 211
 209 210 210 212 214 205 207 209 183 150 130 127 123 120 116 112 113 107
 103 101  96  91  88  86  85  81  77  73  70  71  71  69  70  69  69  70
  72  75  79  82  82  87  91  92  95  99 104 109 110 115 118 125 130 133
 135 133 149 189 196 196 195 192 191 191 191 190 189 188 187 186 184 182
 186 185 183 181 181 182 181 180 179 177 175 175 175 174 174 174 175 175
 175 174 173 173 172 171 170 170 169 168 167 167 166 166 162 163 165 165
 164 164 164 165 166 167 169 170 170 171 173 174 174 173 184 180 177 180
 180  30]"
"[ 27  33 228 232 232 233 227 235 230 231 233 233 232 234 236 234 234 234
 234 235 235 234 233 232 232 231 231 232 233 233 233 233 233 233 233 233
 233 232 231 231 232 229 228 229 230 228 226 226 224 224 222 221 219 217
 217 216 216 215 213 212 212 212 212 211 210 211 212 212 211 210 210 210
 212 215 209 207 210 204 206 201 172 137 123 123 120 118 114 111 109 104
 102 101  98  94  90  87  84  81  79  76  73  72  72  70  71  68  67  70
  73  76  79  82  84  89  92  92  96 102 106 108 113 118 122 128 133 134
 134 131 150 190 193 194 196 190 191 191 191 190 189 188 187 186 184 183
 186 185 183 181 181 181 181 180 179 178 176 175 174 173 173 174 174 174
 175 174 173 173 172 170 171 172 171 168 166 165 165 165 164 165 165 165
 165 165 165 166 164 167 170 171 172 172 174 176 174 179 176 177 182 179
 178  28]"
"[ 30  29 226 233 232 231 235 230 231 232 233 233 233 233 233 232 234 234
 235 235 235 235 234 234 233 231 231 232 233 233 233 233 231 232 232 232
 232 231 231 231 232 230 229 229 229 228 226 224 225 225 224 222 220 219
 218 218 216 215 213 213 213 213 213 212 211 211 212 212 211 210 209 209
 205 212 211 211 212 208 211 194 166 134 125 123 119 119 115 114 109 104
 101  99  95  91  87  83  81  78  77  75  73  73  73  71  69  67  67  71
  74  75  78  81  85  89  92  94  99 103 107 111 113 118 123 130 135 135
 134 130 158 194 192 193 197 193 193 191 190 189 188 188 187 187 186 185
 185 184 184 183 182 182 181 180 179 178 177 176 174 173 173 173 172 172
 173 173 173 172 171 170 169 170 170 167 165 164 163 163 165 165 165 165
 165 164 164 164 161 164 167 169 170 171 172 174 175 178 176 180 175 181
 183  30]"
"[ 30  27 231 231 228 232 229 234 233 233 233 233 233 233 231 231 234 234
 234 235 235 235 235 236 234 233 232 233 233 233 233 233 232 233 233 233
 232 231 230 230 232 232 230 228 228 229 228 225 223 223 223 222 220 219
 218 218 215 215 214 214 214 213 211 210 211 211 211 210 210 209 209 209
 212 212 213 217 210 205 210 190 153 131 127 122 117 120 116 114 110 105
 101  98  94  92  89  85  79  76  74  74  74  74  74  72  70  68  69  72
  74  75  79  84  87  90  93  98 101 102 106 112 114 119 124 130 134 133
 131 127 162 196 193 192 195 192 191 187 188 188 187 186 186 186 185 185
 185 185 184 183 182 182 181 180 180 179 179 178 176 174 173 174 173 173
 173 173 173 173 173 172 169 170 171 169 168 167 166 166 163 163 163 163
 163 163 163 163 165 166 168 169 170 171 172 173 178 172 176 180 182 183
 176  29]"
"[ 29  30 228 233 235 230 233 232 233 234 233 232 234 233 231 231 235 235
 235 235 235 236 236 237 236 235 234 235 235 235 235 235 235 236 236 235
 233 231 231 231 230 231 229 227 227 230 229 226 226 225 224 223 220 219
 217 217 216 216 217 217 216 214 212 211 211 211 211 210 210 210 210 210
 211 208 209 211 208 209 210 184 143 132 131 126 121 121 117 114 108 103
  99  96  92  90  88  84  79  75  73  74  74  75  75  72  71  70  70  71
  72  73  78  84  86  88  92  98 102 102 105 112 113 118 122 128 133 133
 134 130 164 193 195 193 193 193 191 190 190 190 189 188 187 187 186 185
 187 186 184 182 181 181 181 181 180 180 179 179 177 174 173 173 173 173
 173 172 171 172 172 171 168 169 170 168 167 165 164 163 162 162 163 163
 164 165 166 166 165 165 166 168 170 171 172 172 173 177 178 176 181 178
 179  29]"
"[ 29  30 220 225 226 225 228 227 226 227 225 226 227 226 225 226 227 228
 228 228 227 227 228 229 228 227 227 228 228 228 228 228 228 228 228 227
 226 226 225 225 224 224 223 222 222 224 223 223 218 218 217 216 215 213
 211 210 210 210 211 211 210 210 209 208 207 207 207 207 207 207 207 207
 207 207 209 206 205 204 197 174 133 130 128 124 120 118 114 111 106 103
  99  96  92  90  88  84  79  75  75  76  76  76  76  74  73  73  73  72
  72  73  77  80  89  91  94  98 103 104 107 112 115 119 121 128 133 135
 138 136 174 189 191 190 190 192 189 190 188 188 188 187 187 186 185 185
 185 185 183 182 181 181 181 181 179 179 179 178 177 176 175 175 174 174
 174 173 173 173 173 172 169 170 170 169 167 166 165 163 161 161 162 162
 163 164 165 165 167 167 167 168 170 172 172 173 172 175 177 179 179 179
 171  29]"
"[30 29 27 33 27 29 32 28 29 30 28 28 30 29 27 30 29 29 30 30 29 28 29 29
 29 28 28 28 29 30 29 29 29 29 29 29 29 29 29 29 30 29 28 29 29 28 28 29
 29 29 29 29 30 30 29 28 28 29 30 30 29 29 29 29 28 28 29 29 29 29 29 28
 29 29 30 27 30 28 30 30 28 30 28 29 30 28 29 29 30 28 29 29 28 29 30 28
 31 28 28 30 29 29 29 28 28 29 30 29 28 28 29 30 29 30 28 28 29 29 28 29
 29 30 28 29 29 29 30 27 27 31 29 28 29 32 27 28 28 29 29 30 30 29 29 29
 29 30 30 29 29 29 29 28 30 29 29 29 29 29 29 29 29 29 29 29 29 29 29 28
 29 29 29 29 29 29 28 27 29 29 29 29 28 29 29 30 29 29 29 29 29 29 29 28
 29 30 28 28 30 28 32 29]"
