"[30 31 29 31 29 29 28 29 29 30 30 29 29 29 28 29 29 30 30 29 29 29 28 28
 30 28 28 29 30 29 29 29 30 29 29 31 30 27 27 29 29 29 28 29 29 30 30 30
 29 29 29 29 29 30 30 28 29 29 29 30 30 29 29 29 30 29 30 28 28 30 28 29
 30 29 28 28 29 29 29 28 31 28 28 29 29 29 30 30 29 29 29 30 30 29 29 29
 28 31 29 30 30 27 28 29 29 28 29 30 31 28 29 29 29 28 29 30 29 30 30 27
 30 29 29 30 30 29 28 27 30 29 29 29 29 29 29 29 29 28 30 31 28 30 29 28
 28 29 29 28 30 28 28 31 30 29 29 29 30 30 30 29 30 30 30 29 28 28 29 30
 29 29 29 29 29 29 30 29 29 30 29 28 29 28 28 30 30 30 28 28 29 28 29 31
 28 30 29 31 28 29 30 29]","[30 28 33 28 26 27 34 26 28 30 29 28 29 29 29 30 29 30 30 29 29 29 30 30
 29 30 29 28 28 30 30 29 30 29 27 27 29 31 31 30 28 30 31 29 28 29 29 28
 28 28 30 31 30 28 27 28 30 29 29 29 28 27 29 32 29 28 30 29 29 31 29 29
 27 28 30 30 29 29 28 29 29 28 29 30 30 29 28 26 29 30 30 27 27 29 29 28
 28 31 29 28 29 30 31 30 28 31 29 29 29 30 30 27 32 30 28 28 28 27 29 32
 29 28 29 29 27 28 31 31 27 26 28 30 29 29 30 29 31 27 28 29 29 30 30 29
 31 29 29 30 29 31 31 27 30 28 28 29 28 28 28 27 29 29 28 28 30 31 30 27
 28 29 30 31 30 29 29 29 27 30 30 30 31 30 28 28 28 29 30 29 30 30 29 28
 30 28 29 26 34 30 27 30]","[ 29  30  95  97  94  94  88  91  91  91  89  88  91  92  92  94  95  97
  97  95  94  93  93  94  95  98 100  99  99 100  98  94 101 112 117 112
 107 111 120 127 132 137 140 136 133 135 137 137 138 134 130 127 126 129
 138 148 151 168 193 216 231 238 242 245 245 244 248 247 245 244 244 247
 246 246 246 246 245 245 246 246 246 246 246 246 245 246 248 248 243 235
 215 192 176 164 150 137 133 131 128 129 125 119 116 112 115 115 109 109
 108 115 122 126 116 115 114 116 118 114 105 101 104 103 102  94  76  58
  45  35  37  31  26  24  21  21  20  19  21  21  19  16  16  15  15  16
  11  17  15  14  16  15  42  89 100  94  91  90  87  83  81  78  74  74
  73  71  71  72  69  65  59  60  60  61  60  59  59  61  65  70  72  72
  74  74  73  72  69  69  72  75  74  74  77  80  82  74  88 101 122 154
 149  30]","[ 31  28  85  90  90  88  88  88  87  87  86  86  89  90  91  93  95  97
  99  96  92  90  90  91  92  95  97  97  97  97  95  93 101 101  97  94
  99 106 108 103 111 113 115 118 126 133 134 132 133 135 137 136 132 128
 128 129 130 129 130 133 139 152 171 186 201 220 241 247 251 254 254 253
 254 253 251 252 252 253 253 253 251 252 252 252 252 252 251 252 254 254
 253 250 247 242 227 212 189 167 159 158 142 135 142 138 127 123 117 115
 110 106 109 113 114 114 111 112 117 117 111 106 106 103 104 101  95  96
 100 100  82  65  46  35  29  26  23  20  20  24  20  14  17  17  17  14
  17  16  16  18  27  49  78  97  97  91  87  85  83  80  78  76  74  75
  74  70  67  66  66  65  68  66  63  62  62  63  66  69  73  77  77  74
  74  75  74  72  73  72  74  75  74  77  82  83  77  85 106 139 157 152
 148  27]","[ 29  30  74  76  81  85  84  80  82  84  84  86  89  89  90  93  94  97
  99  96  90  88  90  93  94  93  92  91  91  92  94  97  97  99  99  95
  93  95  98  98  98 105 111 111 106 103 105 109 114 120 124 126 127 129
 129 128 131 133 134 131 126 123 126 130 138 137 155 181 197 203 219 243
 247 249 251 253 253 252 251 250 252 253 250 249 253 253 252 252 250 252
 254 254 253 254 254 252 252 252 238 229 221 188 160 160 154 145 137 127
 126 116 119 117 110 108 105 102 102 102 103 105 110 109 109 107 102 103
 106 105  99  90  84  83  78  67  52  42  33  31  21  14  18  15  17  14
  17  13  17  28  48  80 100  95  89  84  81  81  80  79  79  78  74  72
  70  70  69  68  71  75  76  72  67  63  63  66  69  71  75  79  78  75
  75  75  74  72  73  77  77  74  75  84  87  84  94 107 134 151 149 147
 145  31]","[ 29  29  71  66  64  69  70  81  75  77  79  82  85  85  84  86  88  91
  92  88  83  82  86  90  93  92  91  91  90  90  93  97  94  95  95  93
  91  92  94  94  95  95  97 100 102 100  96  94  95 100 102 102 104 108
 107 104 110 118 126 130 133 136 139 140 135 132 134 136 136 138 140 147
 162 176 197 216 231 241 250 254 250 254 255 253 254 252 251 253 252 251
 252 252 252 251 252 254 255 255 252 253 255 253 254 254 230 212 188 156
 149 135 132 118 119 111 108 108 104 101 101 103 102 105 104 102 101 101
 100 100 104  99  99 105 106 100  94  89  88  76  57  41  33  18  22  23
  16  15  29  63  91  96  89  85  80  77  75  74  72  73  74  72  73  69
  67  71  74  74  77  82  81  78  72  67  67  70  71  70  68  73  74  74
  75  76  74  73  73  77  80  81  81  81  88  98 115 129 140 146 142 144
 148  28]","[ 30  29  58  62  57  48  61  64  71  71  72  76  79  77  74  74  76  80
  82  81  78  78  82  85  88  89  90  89  88  88  89  91  93  94  93  90
  89  91  92  91  89  90  91  93  95  97  98  97  99  99  96  95  97 101
 103 101 103 108 112 113 119 128 136 138 136 137 139 137 135 134 131 132
 128 129 131 135 143 159 177 190 220 231 239 244 251 253 252 253 254 252
 251 252 254 253 251 250 251 253 253 253 252 252 254 250 254 254 251 238
 235 216 197 172 150 135 124 117 109 109 108 102 101 106 104 100 101  99
  97  98  94  87  88  96 100  98  95  94  90  90  92  92  88  65  55  39
  32  42  67  90  96  94  87  79  74  74  74  72  70  72  73  70  66  64
  65  69  72  74  76  78  82  81  76  69  69  72  73  69  70  73  75  76
  77  75  73  72  77  80  81  84  86  85  99 124 149 150 145 149 146 140
 148  27]","[ 29  28  74  72  67  63  66  63  64  62  62  65  69  65  60  58  63  68
  74  77  78  80  83  85  86  89  88  85  84  86  88  88  88  90  89  87
  89  94  97  95  89  89  87  84  86  93  97  96  93  91  90  91  94  97
  98  98 104 107 107 104 106 114 118 116 117 125 131 127 127 135 138 139
 136 137 138 137 136 133 130 128 129 137 146 166 199 225 239 247 250 251
 252 253 253 253 253 252 253 252 252 253 252 251 254 253 251 253 254 252
 254 253 252 243 227 212 193 168 144 138 131 113 120 123 113 100  98  95
  93  99  96  84  79  87  95  97  96  94  92  91  91  92 100  91  82  54
  72  97 103  96  96  90  78  79  72  74  74  71  67  68  68  65  58  62
  66  69  70  72  75  77  79  80  76  68  67  71  72  68  70  73  75  77
  78  77  76  77  77  84  80  79  93 110 130 154 153 147 151 146 149 147
 144  30]","[ 29  29  89  88  80  73  72  74  69  65  68  66  57  61  66  59  57  57
  65  65  58  60  67  72  74  72  72  77  82  81  76  72  72  75  84  87
  88  92  93  99  91  89  87  82  79  88  97  94  89  90  89  86  89  95
  98  98 102 105 103 103 101 103 107  98  95 100 104 105 109 119 121 112
 105 116 130 138 146 142 144 140 137 132 130 131 129 127 136 148 173 209
 230 237 246 249 251 253 252 254 252 251 253 252 254 253 252 253 251 252
 253 253 253 251 254 252 254 254 236 210 189 169 144 148 134 116 116 113
 109  97  97  92  92  88  86  83  86  85  85  91  97  94  97  95  92  88
 104 109 102  90  84  81  77  74  71  73  75  74  70  65  62  61  56  57
  63  66  63  65  71  73  72  74  74  73  72  74  74  74  76  79  80  76
  75  80  82  79  80  84  91 104 133 147 149 145 146 145 149 151 152 149
 149  29]","[ 29  30  91  92  88  82  80  80  78  77  75  70  66  68  68  64  60  59
  66  64  58  58  61  62  61  58  59  65  71  73  73  74  74  72  74  73
  75  83  89  96  93  88  87  89  89  94  95  88  88  86  85  87  91  93
  94  94  98  98  98 101 100  97  99  98  99  95  96  98  99 102 103 100
  99 102 106 110 120 126 134 134 128 135 138 133 131 133 133 128 135 141
 142 149 160 170 193 218 238 246 250 254 253 252 254 253 254 253 252 254
 254 250 251 252 253 253 252 253 253 253 253 243 238 229 204 174 154 138
 130 113 108 100  97  96  85  81  83  78  84  87  90  94  98  95  99 102
  99  99  92  83  80  77  73  72  70  74  77  74  70  65  61  58  55  57
  64  68  67  69  72  73  73  72  73  75  77  78  79  80  75  82  82  79
  80  80  78  80  86  88 107 134 152 151 148 147 146 146 149 151 153 151
 151  30]","[ 29  29  89  91  89  86  83  82  84  89  84  79  82  82  77  74  66  66
  72  71  65  65  63  60  60  58  58  62  65  65  65  66  65  64  65  65
  69  76  79  83  90  85  86  87  85  87  91  91  91  92  93  93  93  92
  92  93  87  94  99  96  94  95  93  93  98  92  91  95  95  94  95  96
 102 100  95  94 101 107 113 109 112 120 126 128 130 134 137 136 141 133
 125 132 138 134 135 139 153 169 188 203 217 236 251 251 249 252 252 251
 251 251 254 254 250 253 253 253 254 252 254 254 254 254 253 249 236 217
 202 177 160 135 114 109  94  95 100  96  91 100  98  99  97 100 104 101
  93  88  82  79  79  76  72  72  75  77  75  69  65  65  64  61  60  60
  64  69  71  74  77  78  79  76  75  79  81  81  81  82  74  83  82  78
  80  78  81  91  98 109 132 150 148 145 143 142 146 146 148 149 152 152
 152  30]","[ 29  28  86  87  86  84  82  80  81  87  84  80  85  86  81  79  74  76
  82  80  76  75  70  66  68  67  67  68  68  66  62  58  58  60  63  63
  62  61  57  55  54  60  71  80  81  82  88  91  92  94  93  91  94  98
  96  90  88  93  96  88  90  94  89  88  88  88  89  91  92  95  96  96
  98  98  94  94  98 101 101  95  93  93  97 103 104 104 111 121 129 124
 122 128 130 129 136 142 147 133 129 135 136 141 155 166 181 199 218 233
 244 251 253 250 254 254 248 249 254 252 252 255 253 251 250 254 254 253
 252 241 233 214 194 180 148 125 121 118 120 107  91  99 105 106 101  94
  86  81  77  77  78  77  75  75  80  77  72  66  65  66  68  67  65  65
  68  73  76  78  81  81  84  81  80  81  82  82  81  82  82  82  78  80
  88  94 102 113 124 140 153 154 143 146 148 147 146 146 147 147 150 152
 153  30]","[ 30  29  87  87  87  85  83  81  82  82  81  79  78  82  82  78  78  81
  86  84  80  79  73  70  71  72  71  70  73  75  71  64  59  63  66  66
  63  60  58  56  57  59  62  64  65  68  70  70  75  82  88  88  89  92
  95  95  98  94  90  86  91  94  87  88  87  90  90  89  90  93  94  94
  92  94  92  92  93  97  99  97  99  98  99 101 101 100 102 105  97  95
 103 117 114 106 117 133 136 132 135 137 135 137 135 129 127 129 132 145
 162 182 207 222 227 244 249 250 253 251 252 254 252 254 253 251 250 240
 244 246 235 238 239 236 217 187 184 188 197 159 117 109 105 100  91  81
  78  76  74  75  76  77  77  76  77  73  70  70  71  70  69  68  69  72
  76  79  81  79  77  77  82  83  83  81  81  82  83  83  83  81  83  85
  85  94 113 125 137 145 146 147 145 148 146 149 148 148 148 146 149 152
 153  29]","[ 28  29  89  90  89  88  86  84  83  80  83  84  80  81  82  77  76  79
  83  82  80  80  76  75  76  76  73  73  77  83  81  76  73  75  73  71
  64  57  56  56  61  61  60  58  58  59  55  50  56  61  69  76  76  74
  78  84  87  90  91  88  88  91  90  90  94  94  92  89  87  85  84  88
  90  93  90  90  87  90  94  96  95  92  91  96 101 102 100  97  98  91
  94 106 106  96  99 106 109 107 115 125 130 134 136 139 131 128 123 123
 122 120 122 122 131 149 166 188 213 227 234 237 252 253 245 242 247 238
 236 233 226 234 234 235 235 225 239 249 247 195 140 113 102  99  91  82
  74  73  74  74  73  76  78  76  75  71  69  73  75  73  71  70  77  80
  81  81  80  76  73  74  82  84  85  82  80  81  83  83  81  81  87  88
  85  99 124 137 143 147 145 147 151 150 147 151 150 149 149 147 149 152
 153  30]","[ 28  28  88  89  89  90  89  87  83  80  82  85  83  81  80  76  77  78
  80  80  81  82  79  80  82  81  79  79  81  84  83  81  80  81  79  81
  78  71  71  70  71  69  62  55  56  58  57  55  56  50  49  57  64  63
  60  59  65  76  81  75  71  78  86  85  87  89  87  84  83  78  77  82
  86  88  85  87  82  83  87  91  92  85  83  89  96  97  96  95  95  95
  96 100 101  97  98  99  92  94  96  93  98 109 112 113 120 122 123 128
 132 131 126 117 115 118 117 119 123 124 130 137 147 171 195 211 218 216
 225 229 220 233 233 232 230 229 244 245 222 159 115 102 100  90  78  76
  74  73  74  73  70  71  74  73  74  71  71  73  76  76  76  76  82  84
  81  79  79  77  76  80  85  86  86  84  82  82  84  86  89  86  90 100
 115 135 148 148 144 144 147 148 150 147 148 150 151 150 150 149 151 152
 152  29]","[ 30  29  87  86  88  90  91  90  91  85  82  83  83  81  81  81  82  80
  80  79  82  82  79  81  81  80  81  83  84  81  79  79  83  82  80  86
  86  80  80  79  76  75  73  73  77  76  70  66  62  58  56  57  58  57
  57  57  58  60  56  54  51  57  73  76  76  82  83  81  82  81  81  83
  83  84  79  81  75  75  78  82  89  85  83  84  88  90  90  89  90  91
  88  91  96  97  98  97  96  91  92  94  98 100  96 100 102  96  95 107
 115 113 111 109 114 120 120 119 121 120 115 108 114 119 124 127 130 141
 167 174 189 207 214 228 231 237 235 212 149 110  97  93  93  84  75  77
  75  71  72  71  66  66  68  68  71  72  74  76  78  79  80  79  81  83
  81  81  82  82  82  86  87  86  86  87  86  84  86  90  87  93 102 115
 135 150 151 145 143 135 142 151 154 148 150 149 150 149 150 150 152 151
 151  29]","[ 30  30  87  90  87  89  91  92  90  88  86  85  87  80  82  84  84  86
  88  84  83  90  89  81  81  79  80  84  83  76  73  77  82  80  81  84
  83  81  81  81  78  80  84  88  86  81  80  83  74  70  60  63  62  57
  61  60  59  59  58  57  55  54  58  64  60  59  63  69  71  73  76  80
  78  78  79  76  74  75  77  75  74  77  80  83  84  80  81  89  90  87
  81  81  88  94  95  94  90  93  93  94  98  96  91  89  92  90  91  96
  98  92  89  92  99 101 103 112 122 124 121 114 118 118 116 107 105 107
 106 113 127 142 168 198 212 217 197 147 105  98  96  96  89  80  75  75
  71  71  67  64  66  64  64  68  73  77  80  80  79  81  84  85  82  81
  81  83  86  89  89  88  92  89  88  89  88  84  86  92  92 105 126 143
 148 144 142 144 144 146 150 151 151 150 150 151 152 148 148 151 152 149
 151  29]","[ 29  30  95  98  90  88  89  92  91  89  85  89  88  86  88  89  87  88
  89  86  88  95  93  86  81  80  80  81  83  80  78  80  82  81  81  82
  81  81  81  79  76  77  81  83  83  80  80  83  83  82  74  74  71  66
  73  75  75  68  62  62  63  60  56  52  53  51  51  53  56  60  63  63
  62  64  68  71  74  77  78  74  70  68  68  71  74  75  79  86  90  90
  86  83  84  86  87  88  86  89  92  94  96  97  93  91  87  89  90  91
  92  90  90  93  89  95  99 102 102 102 107 109 111 114 114 110 113 117
 112 111 102 104 105 115 127 135 127  99  90  86  86  86  81  74  72  73
  71  68  64  61  63  65  68  71  77  80  82  81  79  80  81  82  79  80
  81  83  88  91  92  91  89  87  86  88  91  91  88  85 116 134 148 148
 144 145 146 144 148 149 150 150 150 150 151 153 151 148 149 151 152 149
 152  29]","[ 30  27 100 101  95  95  96  97  91  87  84  92  89  90  89  86  89  91
  89  86  88  89  87  84  83  84  81  79  82  83  81  79  79  80  81  81
  81  82  81  78  75  75  78  81  81  80  81  82  85  83  76  79  79  77
  82  84  82  77  73  74  75  72  66  61  57  59  59  56  54  57  61  59
  55  51  51  55  58  61  66  69  68  64  62  62  60  63  72  79  86  89
  89  86  85  84  83  84  83  85  89  93  96  97  94  88  87  90  90  88
  88  89  89  89  88  93  93  92  90  89  94  96  96 100 101  96  99 106
 106 107 110 111 102 104 113 114 109  97  87  85  85  83  77  71  68  67
  69  63  60  59  62  67  73  76  79  81  83  81  79  79  80  79  76  79
  82  85  90  94  94  92  91  85  86  91  88  84  90 104 138 144 147 145
 143 144 145 145 146 146 146 145 145 147 148 150 150 150 151 152 152 150
 153  28]","[ 31  27 111 106  99  98  96  94  87  86  90  99  94  93  93  89  85  87
  85  86  89  86  86  89  87  88  85  84  86  86  82  78  80  81  84  85
  83  81  79  76  76  77  78  81  82  81  80  80  80  77  73  78  81  81
  84  83  82  81  81  80  79  75  72  70  66  69  73  71  68  68  69  67
  61  52  51  55  53  48  52  60  58  52  51  51  50  54  62  65  76  81
  84  84  84  83  82  82  75  72  74  80  86  94  98  94  88  90  88  87
  89  90  88  87  88  90  87  88  89  88  89  87  87  89  90  86  87  91
  95  98 104 107 100  98 100  96  89  83  84  82  81  78  72  67  65  62
  64  59  58  61  64  71  77  77  77  79  80  80  79  80  81  80  78  82
  86  87  90  93  93  90  86  84  86  88  86  92 116 143 153 145 141 144
 147 144 143 145 146 146 146 147 147 148 149 149 152 154 155 154 153 152
 154  29]","[ 27  29 134 126 116 113 110 106  97  99 107 109 101  93  96  93  88  87
  83  89  93  88  88  91  88  89  89  90  92  91  86  84  86  85  88  89
  84  79  77  76  80  80  80  80  81  82  81  79  78  77  75  78  80  79
  82  83  84  83  81  80  80  78  76  75  73  72  76  81  83  83  80  76
  70  67  70  76  72  61  55  53  55  47  44  47  50  53  52  46  46  53
  60  65  70  74  77  80  74  73  75  76  76  81  85  83  83  84  82  82
  82  82  82  85  83  85  84  86  86  86  88  86  88  87  86  87  86  84
  83  81  82  85  85  84  83  83  83  79  77  74  72  69  65  64  66  65
  62  58  60  65  67  72  74  73  73  75  77  78  79  81  83  83  83  86
  89  88  88  89  87  85  82  89  90  88  99 124 145 154 148 147 146 145
 147 148 147 146 146 146 147 148 150 151 151 151 153 155 156 155 154 154
 156  30]","[ 28  30 151 144 138 138 139 136 129 127 128 126 122 114 115 110 112 108
 100 104 106 100  97  93  89  90  91  94  96  94  92  93  89  87  88  88
  83  78  78  79  83  83  81  80  81  82  82  80  79  76  74  75  77  78
  80  81  83  83  82  81  81  81  80  80  77  75  78  84  86  85  83  82
  79  80  82  83  82  78  68  57  49  46  46  50  55  57  53  47  52  57
  58  57  56  56  57  59  59  64  71  72  71  75  82  85  81  82  80  78
  73  68  70  77  82  85  83  84  84  84  88  88  89  84  81  81  77  72
  74  74  79  78  78  76  72  75  78  75  78  74  69  64  60  60  63  65
  62  61  64  67  69  70  69  67  71  74  76  78  79  82  83  83  85  87
  88  88  86  84  82  82  88  89  96 110 128 142 146 145 141 145 147 146
 146 148 148 147 147 146 145 147 149 152 152 151 151 152 153 153 153 153
 155  29]","[ 31  28 160 154 149 151 154 154 150 145 138 138 140 138 137 132 129 130
 123 121 117 112 110 100  99  99  96  94  95  95  96  98  92  89  89  89
  85  83  84  84  84  85  84  83  84  86  85  82  81  78  76  75  76  77
  77  78  82  83  83  82  79  77  77  77  75  73  77  81  80  78  79  80
  81  80  79  78  79  80  76  69  73  73  72  70  70  68  64  61  63  62
  58  54  53  50  44  40  41  46  48  47  48  54  62  69  72  73  73  70
  65  60  60  65  75  80  81  83  83  82  85  84  84  79  74  74  70  69
  77  78  75  70  67  64  66  72  76  78  73  69  67  62  56  54  58  61
  64  65  65  67  69  68  67  67  71  75  78  79  80  81  82  82  83  84
  85  86  85  83  84  86  91  96 113 135 144 141 141 147 148 147 147 149
 148 145 144 146 148 147 147 149 152 154 154 153 150 149 149 151 152 152
 154  28]","[ 30  27 168 164 157 154 159 165 169 167 157 157 154 154 152 152 150 157
 152 144 132 128 129 117 113 110 102  95  94  95  96  98  98  97  96  94
  90  90  89  86  83  86  87  88  89  90  88  83  84  84  85  82  77  75
  75  79  81  83  83  83  81  80  78  77  72  70  73  77  78  78  78  77
  74  73  75  79  79  78  79  79  74  76  74  74  79  81  80  80  75  70
  64  63  67  63  51  40  45  50  51  51  54  53  49  49  49  51  52  54
  55  53  52  53  58  68  76  81  80  77  79  79  73  70  67  72  75  77
  81  76  66  62  59  60  65  66  63  64  59  59  62  63  58  56  60  64
  65  67  65  65  68  68  68  71  72  76  80  81  81  81  81  80  80  80
  83  85  86  85  88  92  95 118 139 143 139 139 144 147 145 145 146 147
 146 145 147 150 147 147 147 150 154 155 154 152 151 149 148 151 153 153
 154  29]","[ 30  27 161 162 156 157 164 164 169 172 175 168 162 163 162 160 162 157
 157 146 146 152 156 149 138 132 131 125 113 119 126 114 105 104 109 104
 111 107 101  93  87  93  96  96  97  93  88  87  86  85  89  89  84  83
  82  81  83  85  82  79  81  84  80  75  72  75  76  77  79  80  78  76
  71  72  76  80  79  74  74  78  75  76  77  75  73  80  83  79  79  78
  75  74  74  73  71  73  68  60  55  54  58  59  53  51  51  50  49  46
  47  48  47  51  50  51  51  55  58  61  66  68  74  68  67  67  66  67
  69  67  64  61  60  62  62  60  58  59  52  52  58  63  63  64  67  65
  68  67  68  68  66  64  69  75  81  76  78  84  83  82  82  81  81  83
  87  85  89  92  93 111 128 141 147 143 142 144 144 142 144 146 148 148
 147 146 148 149 148 147 149 152 154 154 154 155 151 146 147 149 153 155
 154  29]","[ 30  33 112 117 127 140 138 143 151 162 164 162 164 162 159 161 171 168
 167 158 158 157 158 159 155 150 154 155 146 146 150 141 127 127 132 131
 130 123 119 123 109 108 103 102 106 103  94  90  90  88  90  89  85  86
  89  89  87  84  78  78  87  92  87  79  75  78  81  82  81  81  81  82
  79  76  77  82  82  75  71  72  76  74  74  75  76  80  81  77  77  76
  75  76  77  76  75  76  75  73  73  71  70  69  65  64  61  61  59  53
  51  48  43  42  46  45  39  37  37  39  42  42  50  51  55  58  58  60
  59  54  59  60  60  58  57  56  55  53  51  50  55  60  63  66  68  66
  69  70  72  72  68  66  70  76  79  75  78  83  84  85  87  87  83  81
  85  87  94  96 102 126 142 145 145 145 146 146 144 144 146 147 148 148
 147 147 149 150 146 148 151 154 154 152 151 151 147 145 148 151 153 154
 153  28]","[ 27  33 123 119 122 123 129 132 125 126 127 130 130 137 152 154 158 162
 168 168 172 165 160 166 170 162 161 162 160 161 162 157 167 159 154 153
 153 151 146 150 150 145 134 127 124 119 113 113 120 107  99  99  99  98
  98  98  96  99  97  93  91  90  88  86  83  80  82  85  82  80  79  77
  78  78  80  83  80  73  72  77  75  76  79  80  79  78  78  79  75  76
  76  78  80  77  75  76  76  76  78  75  74  75  74  74  75  76  75  68
  64  60  51  46  54  52  44  39  38  39  41  38  41  41  37  32  32  40
  46  44  43  46  47  46  49  53  53  51  49  49  54  58  60  63  66  66
  67  69  74  80  83  81  79  79  80  79  82  86  86  87  89  89  86  87
  89  88  96 109 123 146 148 146 144 145 148 148 145 144 145 146 147 147
 147 148 148 149 151 153 155 156 154 150 147 147 148 148 152 154 154 153
 153  29]","[ 31  31 163 156 152 146 147 139 134 129 127 130 119 117 128 121 121 124
 131 137 146 150 153 160 161 161 165 167 168 170 168 164 168 170 170 163
 159 158 157 159 153 153 150 149 148 142 138 141 143 133 127 127 119 105
 103 107 113 112 107 101  99  97  93  90  85  82  86  89  83  80  85  87
  87  82  78  79  79  77  74  72  74  79  83  84  81  77  75  77  74  75
  76  78  80  77  74  75  75  73  71  66  67  73  74  74  73  73  74  73
  74  72  65  64  61  61  55  51  52  53  52  47  43  44  42  37  36  39
  38  33  31  32  31  32  38  45  48  46  45  49  55  58  58  61  67  70
  75  72  71  74  78  79  79  79  79  81  84  87  87  86  85  83  88  85
  84  91 112 131 136 142 141 145 146 146 148 149 146 143 144 145 146 147
 148 148 148 148 150 151 152 153 152 151 151 152 153 153 155 154 153 152
 153  29]","[ 30  28 162 163 161 165 153 153 158 161 156 158 153 142 139 132 131 129
 131 130 132 139 139 136 129 140 152 148 145 151 153 154 154 162 174 169
 172 170 172 172 169 165 159 159 163 161 157 159 170 156 139 137 136 132
 134 137 140 135 123 110 103 102 103 107  99  87  89 101  98  88  86  87
  89  86  83  80  79  78  76  74  79  82  86  87  86  83  79  75  73  74
  75  77  79  77  75  76  77  73  70  64  66  71  72  72  70  67  68  70
  73  71  67  70  71  72  68  66  67  67  66  59  55  52  46  40  39  39
  37  35  33  29  25  24  26  31  35  37  44  50  55  58  60  64  69  74
  74  73  72  71  71  72  76  81  79  82  85  87  88  86  84  83  89  92
 104 122 140 145 141 142 139 144 147 148 150 150 147 146 147 148 149 150
 151 150 148 147 148 148 149 149 150 151 152 153 154 153 154 152 151 151
 152  28]","[ 31  30 159 163 160 164 160 165 163 163 162 166 167 165 169 165 160 158
 159 156 147 147 135 122 124 129 133 122 115 123 128 132 129 124 131 135
 155 160 165 165 167 170 173 179 183 177 167 164 165 168 160 156 155 155
 159 159 154 151 147 147 149 146 138 132 128 123 113 101  98 106 105  92
  93  97  98  93  85  82  83  85  84  84  88  90  87  85  83  77  75  76
  76  77  78  75  74  75  75  74  75  71  70  73  72  73  73  67  65  67
  68  64  61  66  71  72  69  67  67  67  67  63  63  62  60  58  57  51
  43  40  37  32  27  24  22  24  30  37  48  53  55  57  62  66  69  71
  69  70  72  74  75  76  79  82  82  84  85  86  87  86  86  89  89 109
 132 145 146 142 142 145 147 146 146 149 152 150 147 148 149 151 152 153
 152 150 147 145 148 149 149 149 150 151 151 150 153 152 153 153 153 154
 153  27]","[ 31  28 162 161 163 163 163 159 162 159 161 164 160 161 164 160 165 165
 166 166 161 162 154 153 152 145 148 141 136 139 137 137 135 124 121 119
 126 123 123 127 137 146 153 157 162 163 164 169 174 175 164 165 173 175
 175 168 163 166 165 161 156 152 153 158 147 145 145 146 138 126 124 129
 127 122 118 115 111 105 100  97  91  86  91  95  87  85  86  81  80  81
  80  80  79  77  75  77  75  74  75  74  73  74  72  74  67  63  62  64
  66  64  61  66  68  69  66  65  65  64  66  65  65  66  63  61  60  53
  47  47  43  38  33  31  30  32  38  44  52  56  57  58  63  67  68  70
  73  73  72  73  75  77  80  82  84  85  85  85  87  86  90  99 115 131
 144 147 146 148 149 146 151 150 147 147 149 148 147 148 150 152 153 154
 152 150 147 145 145 147 150 151 153 154 154 154 153 153 155 154 155 156
 155  29]","[ 28  30 167 162 165 167 161 162 158 163 164 162 165 164 159 162 162 163
 161 164 163 162 160 173 164 153 160 164 162 162 158 159 151 146 144 144
 141 133 121 120 129 135 134 129 128 129 134 142 152 154 149 160 173 173
 173 169 168 171 172 170 165 161 162 167 168 165 162 162 160 155 152 154
 154 145 139 138 135 128 123 122 107  94  96 103  97  95  96  89  83  84
  83  83  83  81  80  82  81  76  74  73  73  74  72  73  68  66  66  66
  68  66  62  65  65  66  64  63  62  60  63  64  60  61  56  51  50  48
  48  51  54  47  40  38  40  43  46  47  51  57  60  60  64  68  71  75
  72  75  79  81  80  79  81  83  87  89  90  92  94  94 102 114 135 139
 142 144 144 144 146 146 149 153 151 145 144 146 147 147 151 152 153 154
 152 150 147 146 146 149 152 153 153 154 155 154 155 154 155 153 153 155
 155  29]","[ 29  29 175 174 172 170 173 170 171 171 168 164 161 162 163 162 154 157
 160 163 164 163 162 162 163 158 157 161 164 163 162 163 159 159 162 164
 159 155 155 155 152 147 140 136 132 126 121 119 116 122 122 121 124 131
 140 140 144 149 153 155 160 168 173 174 171 172 169 165 166 168 166 164
 166 167 167 165 162 158 153 150 141 129 129 125 114 106 108 103  94  93
  93  95  93  84  82  87  86  83  81  78  74  73  73  72  74  70  68  71
  74  70  65  65  64  64  64  63  61  58  56  55  56  55  50  45  44  44
  45  47  51  48  46  40  37  41  43  44  45  49  58  61  62  65  68  74
  74  83  82  78  75  82  88  93  91  92  93  97 102 107 121 139 143 142
 143 146 147 148 149 150 151 150 149 149 150 151 151 151 149 150 152 152
 152 152 149 147 148 148 149 149 149 152 154 153 154 153 155 153 153 154
 154  28]","[ 28  29 178 179 178 176 179 176 176 176 174 169 165 167 169 170 161 163
 166 167 166 164 162 162 162 161 161 163 163 161 158 158 161 159 161 163
 161 159 161 164 162 162 161 159 155 152 150 148 142 143 136 131 128 129
 130 127 134 133 129 124 126 135 145 150 152 156 161 164 167 170 173 173
 179 183 182 175 170 171 170 165 157 155 154 138 123 118 120 112 111 111
 107 103 101  96  89  85  98  93  88  83  79  78  77  74  79  78  73  71
  73  73  70  67  67  64  62  62  60  57  56  57  53  53  51  49  47  45
  44  45  41  38  40  40  38  39  38  39  36  40  50  54  57  61  65  72
  77  81  80  81  80  87  92  98  96  99  94  90 100 118 135 146 145 144
 146 149 151 151 150 149 151 150 150 150 151 151 151 151 151 151 151 151
 152 153 152 150 147 147 148 149 149 151 153 153 155 155 156 153 153 154
 155  31]","[ 28  30 181 183 183 181 183 180 178 176 173 172 173 176 177 175 169 172
 174 174 172 171 170 171 172 166 161 160 162 162 160 157 163 159 158 160
 159 158 160 161 162 163 162 162 164 165 163 159 160 160 156 158 159 156
 150 141 127 128 127 123 122 126 130 132 132 129 130 133 134 139 144 144
 162 172 181 183 182 180 174 168 163 162 166 163 159 150 143 134 129 127
 121 117 118 116 107  98 103 102  99  92  85  83  84  82  81  81  78  76
  78  78  73  69  67  64  64  66  66  62  58  57  56  54  52  51  48  45
  45  46  45  37  35  33  30  29  31  36  39  44  54  58  59  62  64  69
  75  80  82  82  80  87  94 102 103  97  93 106 133 149 149 146 148 147
 147 150 153 153 150 148 151 151 151 150 150 151 150 150 152 151 149 149
 151 153 153 152 150 148 149 151 150 151 152 152 152 152 154 151 151 152
 152  28]","[ 29  29 180 181 182 182 182 180 178 176 174 175 179 181 180 176 176 178
 180 179 178 178 179 181 182 175 168 165 168 170 170 167 161 159 160 161
 162 164 164 162 163 162 159 159 161 163 162 160 161 161 159 163 166 164
 161 156 156 160 162 161 157 153 148 145 145 135 130 128 123 126 130 130
 124 123 128 140 151 158 164 170 172 173 171 164 168 168 160 146 139 136
 130 127 129 127 120 114 105 109 110 104  96  95  97  96  90  86  82  83
  83  78  72  71  72  68  66  65  65  64  64  64  61  58  56  54  50  46
  45  46  43  38  38  37  32  31  31  36  44  50  62  66  66  66  64  67
  72  79  82  82  79  88  96 100 103 107 116 133 147 148 148 154 157 155
 154 155 157 157 155 153 153 152 151 150 150 150 151 151 151 150 148 148
 150 152 152 150 149 147 149 152 152 151 152 152 155 155 157 156 155 156
 155  28]","[ 30  28 179 180 181 183 183 181 179 180 180 180 179 179 179 178 178 180
 181 180 179 180 182 184 182 182 182 180 180 179 179 178 177 177 176 172
 170 172 169 161 165 164 163 162 160 158 161 164 161 164 165 167 165 162
 163 163 158 159 160 161 160 160 160 160 159 153 153 152 145 143 147 147
 137 126 122 129 133 129 125 126 130 136 140 139 146 147 144 139 139 138
 133 129 129 128 124 122 118 119 120 116 113 115 116 113 116 110 101  97
  94  89  84  83  76  75  72  68  66  68  68  66  62  59  59  58  52  47
  45  43  44  42  44  40  36  36  37  39  42  50  63  70  71  71  70  73
  75  75  77  83  85  94 100 102 113 122 130 141 154 157 154 152 160 160
 160 160 160 159 157 156 154 154 153 152 152 152 152 152 150 149 148 149
 151 153 152 149 145 143 146 150 151 152 152 152 153 153 154 154 155 156
 154  27]","[ 30  28 181 181 183 186 185 185 183 183 181 180 179 179 180 181 179 180
 180 179 180 183 185 186 181 182 184 186 185 184 182 181 178 180 181 178
 178 182 182 176 168 167 166 167 166 164 165 167 164 165 164 167 168 166
 165 162 164 162 160 159 158 157 158 159 154 152 155 157 155 154 155 154
 154 147 141 144 147 145 139 134 126 123 122 121 121 115 116 120 123 127
 126 122 123 125 125 125 120 120 120 116 113 115 117 116 121 119 110 101
  97  95  90  86  81  84  83  77  74  75  71  66  67  64  62  59  53  50
  50  47  46  46  47  41  36  38  39  40  42  49  61  67  69  71  72  76
  76  73  76  88  91  99 109 117 124 136 145 151 158 162 160 159 159 160
 161 161 160 158 156 154 154 154 154 155 154 153 152 150 150 149 148 150
 153 154 153 151 147 146 148 151 152 152 152 151 155 153 154 152 154 156
 156  31]","[ 29  29 185 186 186 187 186 187 185 182 180 179 180 181 182 182 180 181
 181 180 182 185 186 185 181 179 179 183 185 184 181 180 181 182 183 181
 179 181 182 179 177 175 174 175 178 179 177 175 179 175 167 166 169 171
 172 168 163 161 160 162 162 160 158 158 158 156 154 154 155 156 156 155
 155 155 155 156 158 158 153 146 146 149 150 142 140 135 130 120 123 125
 124 122 123 122 120 120 123 122 122 118 114 114 117 118 115 115 110 104
 103 102  98  94  96  94  89  81  79  81  81  78  79  74  71  64  57  58
  62  58  48  48  51  48  44  45  42  39  41  46  57  61  63  65  67  72
  75  75  81  91  94 108 125 135 142 148 151 153 157 158 158 162 162 163
 164 162 161 160 158 156 154 154 154 154 154 154 152 151 151 149 148 148
 151 153 154 152 153 152 152 152 152 153 153 150 151 150 152 149 150 152
 153  28]","[ 27  30 189 189 187 187 184 186 185 184 184 182 181 179 180 181 183 183
 182 181 182 184 183 180 178 178 181 185 186 182 181 182 182 181 183 183
 181 180 180 180 179 179 179 178 180 182 181 179 183 183 179 177 175 175
 177 174 173 169 167 167 166 164 163 163 162 163 160 157 154 153 154 157
 153 155 155 154 154 155 154 153 155 153 156 154 155 153 154 151 148 142
 138 138 134 123 116 116 122 118 116 115 114 115 114 112 114 110 105 103
 105 104 103 104 102  98  92  87  86  88  88  86  87  83  81  74  66  68
  71  65  66  61  58  51  46  47  44  42  38  43  54  60  63  66  69  75
  75  79  84  90  96 120 140 145 147 153 156 158 162 163 160 161 163 163
 162 160 159 160 159 157 157 155 154 153 154 154 154 153 151 149 146 145
 148 151 153 152 153 152 152 151 151 153 154 151 153 154 156 154 152 153
 154  30]","[ 28  28 188 187 187 184 185 183 185 183 184 183 181 181 183 185 184 185
 185 183 182 181 182 183 181 184 186 187 186 186 186 186 186 187 186 183
 181 181 182 181 180 180 180 181 182 182 182 181 182 180 179 179 180 181
 185 189 179 176 176 176 175 176 174 171 170 170 168 164 160 157 156 156
 158 155 155 155 153 153 154 154 155 155 155 154 153 153 154 155 153 150
 149 151 152 151 146 138 136 127 121 119 117 120 119 111 104 105 103 101
 104 109 111 109 104 104  96  90  94  90  89  89  87  88  83  81  79  77
  78  70  72  70  70  62  55  51  54  52  47  43  47  61  62  63  75  77
  82  89  94 104 123 138 145 148 155 160 158 161 163 161 163 162 164 161
 164 161 160 161 165 159 156 154 154 151 152 155 154 154 153 150 146 145
 148 150 149 147 149 151 152 152 153 154 154 153 153 153 155 156 157 156
 156  29]","[ 29  29 188 187 187 185 187 186 184 183 185 186 185 185 186 187 185 186
 186 186 185 184 183 182 183 185 187 188 187 187 186 185 186 188 188 185
 182 181 181 181 182 182 182 182 182 181 181 181 181 181 181 180 180 181
 182 183 180 178 178 179 179 180 180 177 176 173 171 172 176 177 174 171
 165 163 163 162 159 158 159 160 159 159 157 156 154 152 150 148 149 151
 154 151 147 146 146 145 144 142 146 150 147 146 143 136 141 132 125 124
 122 116 111 110 104 102 102 104 103  87  88  97  93  89  86  90  88  83
  78  72  71  70  70  65  65  64  66  63  57  53  52  60  64  65  75  84
  90  96 116 136 147 145 142 154 157 159 163 165 166 166 164 168 166 161
 162 163 165 161 161 161 162 157 154 154 153 152 151 152 153 151 149 148
 149 150 150 148 150 151 152 152 153 155 156 155 155 154 154 155 157 158
 158  30]","[ 30  29 187 187 187 186 189 190 187 186 189 190 188 187 187 186 186 186
 186 187 187 186 184 183 185 186 188 189 189 188 187 185 185 187 187 185
 182 181 181 182 183 183 183 182 182 181 180 180 179 183 184 182 181 181
 180 178 180 179 180 180 180 181 180 177 174 174 175 177 179 180 179 178
 173 172 172 170 167 166 169 170 165 164 162 161 160 157 153 149 152 153
 155 152 148 147 148 146 148 145 146 146 142 145 152 154 158 149 144 146
 145 140 138 140 133 129 126 124 120 108 107 106  99  93  94  95  94  90
  83  80  77  79  78  70  69  66  64  59  60  56  55  60  66  67  72  87
  99 108 131 143 148 148 145 157 158 160 163 165 167 166 164 166 164 163
 163 161 163 158 161 165 160 157 155 155 156 154 153 154 154 154 153 151
 150 150 150 150 151 151 151 151 152 154 155 156 156 156 154 153 156 158
 159  30]","[ 30  29 188 187 188 187 190 191 190 189 191 191 189 188 187 185 186 186
 186 186 186 186 187 187 186 187 187 188 188 188 187 186 182 184 186 185
 182 181 182 183 185 185 184 183 182 181 181 181 179 182 185 185 183 182
 180 178 178 178 180 181 180 180 179 175 174 177 181 181 178 177 178 180
 178 177 176 175 172 172 175 176 174 173 172 172 172 171 169 166 162 159
 159 159 158 155 152 148 146 147 151 153 150 149 151 151 151 149 147 146
 146 148 151 153 154 153 148 141 142 142 141 127 113 105 101  96  98 105
  96  86  90  94  91  80  79  75  74  74  67  60  62  65  69  73  81  98
 113 122 133 136 141 150 153 156 158 162 161 163 164 164 168 169 167 161
 160 161 165 163 163 161 160 159 154 152 153 155 156 152 155 156 155 153
 151 150 150 150 151 151 151 151 152 153 153 153 156 157 155 153 154 157
 158  29]","[ 28  29 188 188 188 186 189 189 189 188 189 189 188 188 188 186 187 188
 188 187 187 187 188 190 186 186 186 186 187 188 187 186 182 183 185 185
 184 183 184 185 187 186 186 184 183 183 183 184 181 182 185 187 186 183
 181 182 180 180 182 182 182 182 182 180 179 179 180 180 181 181 180 180
 181 178 177 177 175 175 176 175 178 178 177 176 177 178 179 179 171 167
 167 170 167 162 160 160 160 156 154 152 151 152 153 153 155 155 153 149
 147 149 151 151 148 148 147 145 147 146 146 137 143 147 149 134 124 127
 125 123 108 109 104  91  89  86  86  87  85  72  72  73  73  83  99 115
 124 129 133 141 147 150 156 155 158 160 162 161 162 164 162 164 161 152
 155 158 160 160 165 162 162 160 153 154 157 159 162 158 155 156 155 153
 151 151 151 150 150 150 151 152 152 152 151 151 154 156 155 153 153 155
 157  29]","[ 28  29 187 188 188 186 188 187 189 187 187 187 187 189 189 187 187 188
 190 190 188 187 188 188 187 186 186 186 186 187 188 187 185 185 187 188
 187 187 187 188 188 188 187 186 186 186 187 187 185 185 186 188 188 186
 185 186 186 185 185 183 182 183 185 184 180 178 177 178 180 181 180 179
 179 176 175 176 176 177 178 177 178 178 177 176 176 177 179 180 174 169
 169 172 170 167 167 170 170 167 162 160 160 161 160 158 157 154 153 154
 154 153 150 149 150 150 147 143 143 139 140 137 138 139 141 140 140 144
 142 138 130 129 127 119 118 113 110 106 104  91  88  89  87  97 114 124
 128 132 133 143 147 147 157 156 159 154 165 165 167 163 138 133 128 134
 147 152 159 163 159 142 125 124 125 142 154 155 158 157 154 154 154 152
 152 152 151 150 147 148 149 151 152 151 150 150 151 153 154 153 152 153
 156  28]","[ 29  29 187 187 188 186 187 187 189 187 187 187 188 190 190 188 187 189
 190 191 190 189 188 187 188 188 187 186 187 188 188 187 188 187 187 189
 190 189 189 190 188 188 188 188 188 188 188 188 188 187 187 188 188 188
 188 188 188 187 187 185 183 183 185 184 182 181 180 180 180 180 180 180
 179 176 176 178 178 180 180 179 180 180 179 178 178 179 179 179 175 169
 167 169 170 171 172 170 172 172 167 162 162 165 166 166 163 159 159 162
 163 159 155 154 153 153 147 141 142 137 138 137 137 137 137 139 138 137
 137 132 130 129 133 132 134 130 129 125 120 113 107 109 111 115 124 126
 130 133 136 143 142 141 148 147 151 153 164 169 160 135 107 100  95 105
 120 137 161 159 129  96  86  87  96 124 146 150 157 157 155 155 155 154
 153 153 152 151 147 147 148 150 151 151 151 152 152 153 153 154 154 154
 155  28]","[ 30  29 187 187 188 186 188 187 187 186 187 188 189 192 193 190 189 190
 190 191 191 191 190 189 188 189 189 188 188 188 188 187 189 187 186 188
 190 190 190 190 187 187 187 188 189 189 188 188 186 187 186 185 186 189
 189 187 186 186 188 188 186 186 186 185 184 183 181 180 181 181 181 180
 182 179 179 180 180 180 180 178 179 179 179 179 180 180 179 177 175 172
 171 170 171 174 174 170 166 171 170 165 164 166 167 168 166 166 166 167
 166 163 160 160 161 161 158 156 156 144 143 147 145 144 138 138 139 139
 139 131 131 128 130 127 124 121 125 125 127 125 115 117 124 124 127 126
 129 128 137 145 140 131 127 125 132 149 153 161 135  90  84  84  79  82
  89 110 135 118  87  73  75  77  82 108 131 143 153 153 156 157 158 157
 155 154 152 151 150 149 149 151 152 152 153 155 156 155 155 156 157 156
 157  30]","[ 30  31 187 188 189 190 189 188 187 188 189 190 189 189 191 193 191 190
 190 192 192 190 188 188 189 190 189 187 187 188 187 186 187 188 189 189
 189 189 189 189 185 187 189 190 190 189 188 187 188 189 189 187 186 186
 187 188 187 187 186 187 187 185 185 186 185 185 184 183 182 182 182 181
 180 180 180 180 181 181 180 179 179 179 179 178 177 178 178 174 174 173
 175 176 175 175 175 174 171 172 172 169 166 165 167 168 167 168 168 167
 164 163 162 162 162 161 162 162 158 155 153 152 152 150 147 145 143 141
 140 139 132 132 131 127 124 123 123 124 127 125 126 121 123 129 125 122
 125 125 130 131 108  86  86  85 106 137 144 147 112  83  83  85  90  87
  89  96  97  89  81  79  80  82  84  96 111 135 148 155 158 158 157 157
 158 154 153 156 153 150 149 152 154 153 154 157 159 158 156 155 156 156
 157  28]","[ 29  30 188 191 192 190 188 189 190 190 191 191 190 189 190 191 190 189
 190 192 192 190 187 186 189 191 191 189 188 188 187 186 186 188 189 190
 190 190 189 188 188 189 189 189 188 187 187 188 188 188 188 187 187 186
 186 185 184 185 186 188 188 187 187 186 186 187 187 185 185 185 185 185
 183 183 181 179 180 183 183 181 180 179 179 178 177 178 179 177 175 173
 174 175 175 176 176 174 173 174 174 171 168 167 167 167 168 168 167 166
 166 165 165 164 164 162 162 162 159 157 156 155 155 153 150 147 147 147
 148 148 138 137 134 130 127 126 125 124 126 125 126 123 126 131 126 123
 121 128 128 108  84  79  81  78  85 112 123 119  94  83  86  92  92  91
  90  86  81  78  78  80  81  83  82  86  96 118 139 152 157 159 159 160
 160 157 156 157 155 151 147 148 149 151 152 155 156 156 155 156 157 157
 156  28]","[ 28  29 187 192 192 189 187 190 191 190 190 190 189 188 188 188 190 189
 190 191 191 189 187 185 188 190 191 189 187 186 186 185 187 188 189 190
 190 189 188 188 187 189 192 192 190 188 187 187 185 185 185 186 186 185
 182 180 181 183 186 187 188 188 186 184 185 187 188 187 186 185 186 186
 186 186 183 179 181 186 188 186 181 180 179 178 176 177 179 179 177 174
 174 175 175 177 176 174 175 176 175 173 170 168 167 166 167 167 166 166
 167 168 168 167 166 163 161 161 159 159 159 158 155 153 152 151 151 150
 147 145 140 138 135 133 132 131 128 125 126 126 128 127 129 128 120 114
 110 113 112  93  80  83  82  83  84  99 109  94  80  83  86  92  93  96
  93  81  72  71  77  82  83  84  88  90  96 109 134 155 157 160 161 161
 161 159 157 158 161 157 152 151 152 155 157 158 154 154 154 157 158 157
 156  28]","[ 29  30 186 189 189 187 186 188 188 187 187 188 188 187 187 188 189 189
 190 190 190 188 187 186 187 189 190 189 188 188 187 185 189 188 187 187
 188 188 188 188 186 188 191 191 190 188 187 187 187 186 187 188 188 187
 185 183 182 185 187 187 187 187 184 181 182 183 185 186 185 183 182 182
 186 186 184 181 182 185 187 186 182 180 180 179 176 177 179 179 179 177
 177 177 177 178 177 175 176 176 175 173 172 170 169 168 166 166 166 166
 168 169 170 169 168 164 162 161 160 160 160 158 153 152 151 151 151 149
 144 140 138 137 136 135 135 134 129 124 126 128 130 129 124 116 103  95
  94  93  92  86  84  82  81  88  96  97  98  80  73  79  83  88  92  93
  86  73  65  68  75  80  80  78  85  91  96 101 126 150 158 162 163 161
 160 160 158 158 159 158 156 155 156 158 158 157 154 153 154 156 158 157
 157  30]","[ 29  30 185 187 188 188 187 187 186 186 187 188 187 186 187 188 188 189
 189 188 187 187 187 187 188 189 189 189 191 192 192 190 189 188 187 187
 188 188 188 188 188 187 186 185 186 187 188 188 188 188 188 189 188 187
 186 186 185 187 188 187 186 186 183 180 180 181 182 185 185 183 180 179
 184 184 183 183 181 180 180 182 181 180 180 180 178 178 180 180 180 179
 180 181 179 179 179 178 178 177 175 174 173 173 171 169 166 167 168 169
 170 170 170 170 168 165 163 162 160 160 159 157 154 152 149 149 150 149
 147 144 139 138 137 136 135 132 128 124 129 131 131 127 115  98  85  77
  79  83  79  79  80  79  86  94  97  88  79  69  69  75  83  89  95  87
  75  65  62  67  75  81  83  81  86  90  98 105 129 149 158 163 164 162
 162 162 160 160 158 159 160 158 158 158 157 154 153 153 154 157 159 158
 157  30]","[ 28  30 186 187 188 190 188 186 186 186 187 188 187 185 186 187 187 188
 188 187 187 187 188 187 187 187 186 187 190 193 193 191 188 188 189 189
 189 188 187 187 188 187 186 187 188 189 189 189 188 187 186 187 186 185
 185 186 185 186 186 185 184 183 182 180 181 180 182 185 187 185 182 180
 182 182 183 185 183 180 180 182 180 178 179 180 180 180 180 180 179 179
 181 180 178 178 179 179 179 177 174 173 173 173 172 169 168 169 171 172
 172 172 171 170 168 166 165 164 162 162 160 157 155 153 151 151 152 151
 148 145 141 140 138 136 134 132 130 128 132 134 131 123 106  85  76  72
  74  76  71  76  82  82  90  96  93  81  66  64  67  75  84  91  91  79
  67  65  69  73  78  82  80  82  85  87  95 110 131 144 156 161 164 163
 163 163 161 160 161 163 163 161 160 159 157 155 153 155 157 158 159 158
 158  29]","[ 28  30 185 187 187 187 185 186 186 185 186 187 187 186 186 186 187 187
 187 187 189 191 189 187 187 187 186 186 189 191 190 188 187 188 189 189
 189 188 187 186 186 187 189 191 192 191 189 188 188 186 186 188 188 186
 185 185 185 185 184 184 183 183 183 182 184 182 182 185 186 185 183 182
 182 182 183 184 185 183 183 183 180 177 178 180 181 181 180 179 178 178
 179 178 176 176 179 179 179 177 174 172 173 174 171 169 170 171 172 172
 173 173 171 169 167 167 169 168 165 165 163 160 157 156 154 154 155 153
 149 146 143 142 140 138 136 135 133 131 132 134 130 122 103  82  76  75
  76  72  71  78  83  81  82  86  90  80  66  64  64  73  75  80  75  68
  65  72  79  83  85  88  85  88  88  90  95 110 127 140 160 163 163 162
 163 161 159 159 161 161 161 160 159 158 156 155 155 157 158 157 157 158
 158  29]","[ 30  29 184 185 184 182 182 186 185 184 185 186 188 188 187 187 188 187
 187 189 193 194 191 187 190 190 189 188 188 189 188 186 187 187 188 187
 187 186 186 186 185 186 188 189 189 189 190 190 185 183 183 186 187 186
 183 183 188 187 186 187 186 186 186 187 186 183 182 183 184 183 182 183
 183 183 182 182 182 183 182 179 181 177 177 180 181 181 180 178 180 179
 179 177 175 176 179 179 179 177 174 173 174 175 172 169 171 171 171 172
 173 174 171 168 167 168 171 170 167 167 166 164 161 158 155 154 154 155
 154 153 146 145 144 142 140 137 133 129 130 133 130 123 105  84  79  79
  75  73  78  79  80  83  81  86  83  76  66  63  58  68  63  66  66  64
  68  79  89  94  97 101  98  95  91  93  92 102 119 137 167 167 165 162
 161 159 158 159 160 160 159 160 160 160 158 156 158 160 158 154 154 157
 159  30]","[ 29  29 184 185 185 184 182 182 187 187 186 186 187 187 187 187 186 188
 189 191 191 190 188 186 189 189 189 189 188 186 186 188 189 187 188 190
 189 187 187 189 187 187 187 188 188 189 189 190 188 185 183 184 187 186
 184 182 184 185 186 187 187 187 187 186 187 184 183 184 184 183 181 181
 182 182 182 183 184 184 182 180 179 180 178 176 179 182 181 180 179 180
 179 177 175 174 176 178 179 176 175 174 173 174 174 173 174 174 173 172
 173 173 173 171 170 170 171 171 168 167 167 166 165 161 157 157 158 157
 155 153 147 147 147 145 143 140 135 131 130 131 134 125 104  83  87  91
  82  80  82  86  85  83  82  82  82  82  78  73  70  73  73  68  68  76
  85  93  99 102 103 105 101 101  96  96  95  98 110 132 171 169 167 165
 161 160 161 161 160 162 162 162 161 161 160 158 160 160 161 161 160 160
 160  29]","[ 30  30 185 186 185 184 183 185 187 186 186 186 187 187 187 187 187 186
 186 187 188 189 188 188 188 188 188 188 187 187 188 189 189 187 186 188
 189 188 188 189 188 187 187 188 188 187 187 188 187 185 185 186 187 186
 185 184 185 186 187 188 188 188 187 187 186 184 183 183 183 182 182 182
 182 182 181 182 182 182 181 180 178 180 178 176 178 180 178 177 177 178
 178 177 175 174 174 176 179 177 176 175 173 173 174 174 173 174 174 174
 173 173 173 173 172 171 171 170 168 168 169 167 162 160 159 160 160 157
 153 150 148 147 144 142 140 138 135 132 134 133 136 124 103  90  93  95
  90  87  87  87  87  86  85  83  81  83  82  80  79  81  83  83  82  91
  99 104 108 113 112 108 103 105 101  99  97  98 103 123 166 167 169 167
 162 160 161 161 162 163 162 161 158 158 159 160 161 161 161 161 160 161
 160  29]","[ 29  30 185 186 184 184 185 188 188 187 187 187 187 187 187 187 184 183
 183 184 186 188 188 188 188 188 188 187 187 187 189 190 190 188 186 187
 190 191 190 189 189 188 188 188 187 187 187 187 186 186 187 188 188 187
 186 186 185 185 186 187 187 187 187 187 187 186 185 185 184 184 185 187
 183 182 181 181 181 181 181 180 181 182 181 179 180 180 177 176 175 177
 178 178 177 176 177 178 178 177 177 176 173 173 174 174 173 175 176 174
 173 173 174 174 173 172 171 170 169 169 169 167 161 161 161 162 161 157
 154 151 151 149 145 141 139 138 138 137 135 133 137 118  99  94  97  97
  96  93  90  89  89  91  89  84  81  83  85  87  88  89  92  98  96  99
 105 108 111 119 121 117 109 111 108 100  97  97  95 116 154 161 168 170
 167 164 163 162 165 165 164 163 159 157 159 162 162 161 160 160 160 161
 160  29]","[ 28  30 185 186 184 184 185 188 188 187 187 187 187 187 186 186 181 182
 183 185 186 188 188 188 187 187 187 187 187 187 188 189 190 189 186 186
 189 192 191 189 189 188 188 188 188 187 187 188 187 188 189 189 189 187
 186 186 183 184 185 185 186 187 187 187 185 184 183 182 182 183 185 186
 183 182 181 180 181 181 180 180 180 181 180 179 179 177 175 174 176 177
 178 178 177 177 178 179 177 176 176 175 173 173 175 175 174 175 175 173
 171 172 173 173 173 172 172 172 170 170 169 167 165 164 163 161 160 157
 156 156 156 155 151 146 142 141 142 142 138 136 141 117  98  99 103 101
  99  94  90  91  93  95  94  89  82  81  81  85  87  84  87  95  98  96
 100 106 108 116 122 120 116 116 114 106 102 101  97 120 158 164 168 169
 168 167 167 168 167 166 166 166 163 159 160 163 162 161 160 160 160 161
 161  29]","[ 30  29 185 186 185 185 185 186 187 187 186 186 187 187 187 186 183 185
 186 187 188 188 189 189 187 187 187 186 186 187 187 186 187 187 186 185
 187 190 191 189 190 189 188 189 188 187 187 188 187 188 188 189 189 188
 187 186 184 184 184 185 185 186 186 187 184 183 181 181 182 184 184 184
 181 180 179 179 180 180 180 179 179 180 179 178 178 177 175 176 178 178
 177 176 174 174 176 177 178 176 175 175 174 175 176 175 175 174 173 171
 171 172 173 173 172 172 173 171 168 168 170 169 169 166 163 161 158 157
 157 158 157 157 155 150 145 143 143 144 140 139 142 116  98 101 106 104
 101  93  90  94  98 100  98  94  87  79  76  80  83  80  81  89  91  91
  96 102 106 114 120 117 117 114 114 109 106 104 100 123 159 164 166 167
 169 170 168 168 168 166 165 165 163 161 161 163 165 163 162 161 161 162
 161  29]","[ 29  30 186 187 187 186 185 186 187 187 187 187 188 188 189 188 187 188
 188 188 187 187 188 189 188 188 188 187 187 188 188 187 185 186 186 185
 186 189 191 191 190 189 188 188 187 186 186 187 187 187 187 187 188 188
 188 187 185 185 185 184 184 184 184 185 186 185 183 183 184 186 186 185
 182 180 179 179 180 181 180 179 179 180 179 179 179 179 178 179 179 178
 177 175 174 175 177 178 179 176 175 175 175 177 178 176 176 175 173 172
 173 175 176 176 173 172 172 169 166 168 171 172 171 168 165 162 160 158
 157 158 155 156 154 151 146 144 143 143 140 138 136 112  99 101 105 104
 102  94  90  95 100 101 100  97  87  72  66  74  79  79  82  87  85  86
  89  92  99 112 121 119 122 116 112 107 102 102 102 122 158 164 165 165
 169 170 167 168 170 166 163 163 163 162 163 164 166 164 163 162 162 162
 160  28]","[ 29  30 186 188 188 187 186 187 189 188 188 188 189 189 189 189 188 188
 187 186 187 187 188 187 188 188 188 187 188 190 191 189 186 186 186 186
 187 188 190 191 189 188 188 188 187 186 186 187 187 188 187 186 186 187
 188 188 186 186 185 184 183 183 183 184 185 185 183 182 183 185 185 185
 184 182 179 179 181 182 181 180 179 179 178 177 178 176 175 176 178 178
 177 176 175 176 178 179 179 176 175 175 175 177 177 176 176 175 174 174
 175 177 178 177 173 172 171 169 166 168 171 172 171 169 165 163 162 160
 158 158 155 154 152 149 148 147 146 144 141 137 127 108 103 103 106 104
 103  95  91  93  97 100 100  97  85  63  56  66  72  75  80  81  79  73
  71  77  89 100 111 118 124 117 110 105  99 103 105 116 155 163 165 163
 166 167 167 171 169 167 164 163 163 164 164 164 164 164 164 163 162 161
 160  28]","[ 29  30 187 188 187 187 186 188 189 188 188 188 188 188 187 187 187 186
 186 187 189 189 188 186 187 187 186 185 187 191 191 190 187 187 186 186
 187 187 188 189 188 188 187 188 188 187 187 188 187 188 188 186 185 186
 188 188 187 187 186 185 184 184 184 184 186 186 185 183 182 184 186 186
 186 182 179 178 180 182 181 180 182 182 180 179 179 177 174 175 178 178
 178 176 175 174 174 175 179 176 175 175 174 175 176 175 174 175 174 174
 175 176 176 176 173 172 172 170 168 169 170 168 170 167 164 162 161 160
 159 158 157 154 151 149 150 151 150 147 139 133 117 103 104 102 103 101
 104  98  92  91  95 100 101  96  91  65  57  66  70  74  78  76  73  60
  55  68  81  85  93 107 111 108 103 102  99 103 104 105 124 142 157 164
 170 168 165 166 167 167 166 164 164 164 164 162 163 163 164 163 162 162
 162  30]","[ 30  30 187 188 184 183 184 187 189 188 186 184 185 188 188 186 188 187
 187 187 187 187 187 188 187 186 185 186 187 190 191 192 189 187 186 187
 187 188 188 188 188 186 187 188 187 185 185 188 186 189 189 185 183 186
 188 186 187 186 187 189 188 184 182 183 186 186 183 181 182 186 187 185
 180 181 181 180 181 183 182 179 179 183 185 181 177 176 177 177 178 179
 179 179 178 175 174 175 177 178 177 175 176 178 177 174 172 172 173 175
 176 175 175 175 175 174 173 172 170 168 168 170 169 169 168 165 163 161
 160 159 156 154 153 152 151 150 148 148 139 130 115 102  97 102 103 100
 104 101  90  88  93  99  95  95  87  66  59  62  74  75  73  70  59  54
  60  68  77  88  95 100 103 105 106 104 104 105 104 101 114 131 156 171
 167 167 167 169 168 167 166 165 166 167 165 162 160 163 164 166 165 162
 162  30]","[ 29  29 186 187 185 185 186 188 187 187 186 185 186 189 189 187 186 186
 186 187 187 187 187 188 186 186 186 186 186 188 189 190 190 188 187 187
 188 188 187 187 186 186 186 186 185 184 185 187 188 189 188 185 183 186
 187 186 188 187 187 187 186 183 182 182 184 184 183 181 182 185 186 184
 182 182 181 179 180 182 182 180 181 183 184 181 178 177 178 178 179 179
 179 179 178 176 176 176 178 178 178 176 177 179 177 174 172 172 174 175
 175 174 174 174 174 172 172 172 171 168 167 167 167 167 166 165 164 162
 161 159 156 154 153 155 154 149 146 146 146 128 108  95  93  99 102 105
 104 103  89  88  92 105 101 100  94  75  67  63  70  74  72  66  59  61
  70  78  86  95 100 103 108 110 110 109 108 108 105 101 103 116 139 158
 164 172 167 167 169 168 166 166 166 165 165 165 164 166 166 166 164 161
 161  27]","[ 30  28 185 187 187 188 188 189 187 188 187 186 186 188 188 187 186 186
 186 187 188 188 188 189 185 186 187 187 186 186 187 188 189 187 186 187
 189 189 188 187 186 187 187 185 183 183 185 186 189 189 187 185 184 185
 186 187 187 188 187 185 182 182 182 182 182 183 183 181 182 185 186 185
 185 184 182 179 178 180 180 180 181 183 183 181 180 180 180 180 179 179
 178 177 176 176 176 176 178 178 177 176 176 178 177 174 174 174 175 176
 175 173 173 173 174 172 172 172 171 168 164 163 166 166 166 166 165 165
 163 161 157 154 154 157 155 149 145 146 139 115  94  85  88  93  97 104
 102 102  88  89  91 109 107 106 100  78  68  67  71  73  70  63  64  73
  83  88  94 100 101 103 110 113 114 113 113 113 109 104 101 103 124 148
 168 172 169 170 170 168 167 167 167 165 165 167 166 168 166 166 165 164
 163  29]","[ 30  29 185 188 188 188 187 186 187 188 188 187 187 187 187 186 187 186
 186 187 188 188 188 189 186 186 187 187 187 187 187 186 187 185 184 184
 186 186 185 184 186 188 187 184 182 184 186 186 188 187 185 185 185 185
 185 186 185 187 186 182 180 181 182 182 182 183 183 182 183 186 187 187
 187 186 183 180 178 178 178 178 179 181 182 181 180 181 181 181 179 178
 176 175 174 175 175 175 177 177 176 175 175 176 175 173 175 175 176 176
 175 173 173 173 174 172 172 173 171 168 165 164 167 166 166 165 165 165
 163 161 159 157 157 156 154 150 148 148 141 113  94  84  85  84  85  92
  97  93  81  81  85 102 105 106  90  61  51  60  69  70  68  66  74  85
  93  93  98 104 104 107 113 116 118 117 117 117 114 109 107 106 121 146
 173 170 174 173 170 169 169 170 169 167 167 167 167 169 167 168 168 167
 166  30]","[ 29  29 185 187 187 188 186 184 185 186 187 187 187 188 188 188 185 185
 185 186 187 187 187 187 186 186 186 187 188 188 187 186 186 184 181 181
 182 181 180 179 184 187 186 183 182 184 187 187 185 184 183 185 185 184
 184 184 183 185 184 181 180 182 183 182 183 184 184 183 183 185 187 188
 185 185 184 181 179 178 177 176 177 179 181 181 179 179 179 180 180 179
 177 175 174 175 175 175 177 176 175 173 174 175 175 173 174 176 176 176
 175 174 174 174 172 172 172 173 171 168 167 168 166 165 163 163 163 163
 161 159 159 160 159 155 153 153 151 149 147 118 103  89  85  80  79  84
  86  77  68  70  83  98 106 106  81  55  47  60  71  77  79  84  84  94
 101 100 104 111 113 117 120 122 123 121 120 120 118 114 113 114 119 150
 172 171 177 171 170 171 171 170 170 171 170 168 170 172 170 171 171 169
 166  28]","[ 29  29 186 188 187 188 188 186 186 187 187 188 188 188 187 188 185 184
 184 186 187 187 187 186 186 185 185 186 188 188 187 185 186 184 181 181
 182 183 182 182 184 185 185 182 182 185 187 187 183 183 184 186 186 185
 184 184 181 183 183 181 181 183 183 182 183 184 184 182 181 182 185 186
 183 183 182 182 181 179 177 176 178 179 181 180 179 177 178 178 181 181
 179 177 176 176 177 176 176 176 175 174 174 175 175 174 174 175 175 175
 174 174 174 173 174 173 173 173 170 167 166 167 165 164 162 162 162 162
 161 158 157 160 159 154 153 153 151 147 137 108 102  92  84  77  75  75
  75  64  62  68  84  94  98  93  75  66  64  73  80  88  90  96  97 103
 110 110 113 118 120 123 123 125 125 123 122 123 121 119 116 114 113 160
 171 172 173 172 172 173 172 169 169 172 173 171 172 173 172 172 172 170
 167  28]","[ 28  30 187 188 186 187 188 189 189 188 188 188 188 187 187 187 186 185
 185 187 188 188 187 187 187 186 185 185 187 187 187 186 187 185 184 184
 185 185 185 185 185 185 184 182 182 183 184 184 182 183 185 186 186 186
 184 183 182 183 182 181 182 183 183 182 182 183 184 182 181 180 182 184
 181 181 181 182 182 181 179 177 179 179 179 179 178 177 177 178 180 181
 180 178 176 177 178 177 175 175 174 174 175 175 175 174 174 175 175 174
 174 174 174 173 174 174 174 174 172 168 165 165 166 165 164 163 163 163
 161 159 158 159 158 154 153 153 151 147 131  98  99  93  84  74  70  68
  69  64  64  66  72  77  77  71  74  78  79  82  86  94  93  98 108 109
 115 118 119 122 122 123 124 125 124 122 122 124 123 120 114 111 122 170
 173 175 171 173 171 172 172 170 170 171 173 174 173 174 171 170 171 170
 168  30]","[ 28  31 188 186 183 185 187 188 188 187 187 188 189 188 188 189 188 187
 186 187 188 188 187 186 187 187 186 186 186 187 187 187 188 186 185 185
 184 184 183 182 186 185 183 181 180 181 181 180 181 183 184 185 185 185
 183 182 184 183 182 181 182 182 182 181 182 183 184 183 181 180 181 183
 181 181 181 182 182 181 179 178 179 177 176 176 176 176 177 177 178 180
 180 177 176 177 177 176 173 174 174 175 175 175 174 173 174 175 175 174
 174 175 175 173 171 171 172 174 174 171 168 167 167 167 166 165 165 164
 162 160 162 161 158 155 154 153 152 150 137  98  99  95  86  77  77  75
  66  66  65  63  59  67  73  74  87  93  91  91  96 107 106 113 113 110
 116 121 121 123 123 123 128 127 124 121 123 124 122 117 108 115 143 171
 174 180 178 171 170 170 172 173 172 170 171 175 175 175 171 169 169 169
 167  29]","[ 29  30 187 185 182 184 186 186 186 186 187 188 189 189 189 189 185 185
 186 187 187 187 187 187 188 188 187 187 188 188 188 188 187 187 186 188
 189 186 183 184 187 184 182 184 186 184 182 181 181 182 182 183 183 183
 182 181 182 183 186 187 184 182 184 184 184 183 181 181 182 184 186 187
 184 183 181 180 181 181 179 176 175 175 174 173 175 177 178 177 175 176
 177 175 174 174 176 178 175 174 173 175 176 175 173 171 172 173 174 174
 173 173 172 172 172 173 174 174 173 170 167 165 168 168 168 168 166 163
 160 158 162 160 159 156 152 154 154 148 127 105 102  93  89  87  81  82
  75  75  70  66  69  72  75  79  92  96 101 104 104 105 107 110 117 115
 119 124 123 121 121 121 125 123 124 123 122 122 117 109 109 150 172 175
 177 176 174 171 171 171 171 171 171 171 171 172 173 173 174 173 170 173
 172  27]","[ 29  30 186 188 186 188 187 186 187 187 187 188 189 189 189 189 186 186
 187 188 188 187 187 187 187 187 187 188 188 188 188 187 187 188 187 188
 189 188 186 187 186 183 181 183 185 184 184 184 182 182 182 182 182 182
 182 184 182 183 187 188 185 184 185 186 183 183 182 182 183 184 184 184
 186 185 183 181 181 181 178 175 174 174 174 175 176 177 177 176 175 176
 176 176 175 175 175 175 174 173 173 174 176 176 176 175 172 172 173 173
 173 173 173 172 172 172 173 173 172 170 168 166 167 167 168 168 166 164
 161 158 159 160 160 157 155 155 152 146 125 104 103  95  91  88  82  82
  81  82  81  82  86  92  97 101  99 101 103 103 103 103 106 108 114 116
 123 126 122 118 119 122 122 126 125 121 118 113 110 111 150 171 176 174
 174 174 174 174 174 174 173 173 173 173 173 173 174 173 173 172 169 173
 173  30]","[ 29  29 186 189 189 190 188 186 187 187 187 188 189 189 189 188 185 186
 187 188 188 188 188 188 186 187 187 188 188 187 187 187 187 188 187 186
 187 187 187 187 185 182 179 180 181 182 182 183 182 181 181 181 181 180
 182 184 182 183 185 186 183 181 181 180 182 182 182 183 183 182 181 180
 182 181 180 179 180 180 177 174 174 173 173 175 176 176 176 177 177 175
 174 174 174 174 173 172 172 172 173 174 176 176 176 177 171 171 171 171
 172 173 172 171 172 172 172 172 171 170 169 168 165 165 165 165 165 163
 161 160 161 163 160 157 156 156 153 150 128 107 104  98  96  93  86  82
  85  86  87  88  90  95 100 102 103 104 106 108 110 113 116 118 115 119
 127 131 127 122 121 123 118 123 118 115 117 109 117 145 177 179 175 174
 175 174 174 173 175 174 173 173 174 174 174 174 173 173 172 171 168 171
 172  30]","[ 29  29 185 187 188 189 189 187 187 187 187 187 188 188 188 188 185 185
 186 186 187 187 187 186 186 186 187 187 187 186 185 185 186 188 186 184
 185 186 186 186 185 181 178 178 180 181 182 182 181 180 180 182 183 182
 182 184 185 184 185 186 184 182 181 180 180 181 181 182 182 181 179 177
 178 179 179 178 179 179 178 175 175 173 172 174 175 175 176 179 179 176
 173 172 172 172 173 173 172 172 174 176 177 177 175 174 171 171 171 173
 174 174 173 171 171 171 171 171 172 172 171 170 166 165 163 162 162 163
 162 162 163 165 160 154 154 151 146 145 126 107 105 100  98  97  95  94
  93  92  94  95  94  99 105 107 102 104 107 112 116 121 123 124 117 116
 120 124 124 122 121 119 118 120 118 114 112 120 148 180 179 174 172 175
 177 177 176 173 173 172 172 172 173 174 174 174 173 172 172 171 168 170
 171  29]","[ 29  29 185 187 186 187 188 188 187 186 186 187 187 188 187 187 186 187
 186 185 185 185 184 183 186 187 187 186 185 185 184 185 185 187 187 185
 186 187 187 187 186 183 179 179 181 183 183 183 181 179 179 182 184 184
 185 186 186 183 183 185 185 185 184 182 180 180 181 181 181 181 179 178
 179 180 180 179 179 180 178 176 176 174 174 175 176 174 175 178 177 175
 173 171 171 172 173 175 175 174 175 177 178 177 175 173 172 172 173 175
 176 175 173 172 171 171 172 172 173 172 172 171 169 167 165 164 164 164
 163 163 160 163 160 157 157 153 146 143 129 113 109 101  97  96  99 101
  99  97  97  97  96 100 107 110 109 111 112 115 118 122 122 122 119 114
 111 113 115 118 119 118 116 114 117 110 108 139 175 180 178 173 174 176
 177 178 177 175 174 173 172 173 174 174 174 173 173 173 173 174 171 172
 171  28]","[ 29  29 186 189 187 187 186 187 187 186 186 187 187 187 187 187 187 187
 186 185 186 187 187 185 187 187 187 186 186 185 185 184 185 187 187 185
 186 185 183 183 188 186 183 182 182 183 183 182 182 180 179 179 181 184
 186 187 185 182 181 182 182 182 183 181 181 181 181 181 181 181 180 179
 178 179 180 179 179 180 179 178 176 176 177 178 177 175 174 174 173 173
 172 172 171 172 173 173 176 175 175 175 176 175 175 174 172 172 173 175
 175 173 172 172 172 172 172 173 173 172 171 170 171 170 169 168 167 165
 164 163 161 162 161 158 158 156 152 150 137 117 108 100  98  98 101  99
 105 103 102 100  99 102 108 112 115 116 116 116 119 122 122 122 118 114
 113 114 115 117 118 117 117 110 105 111 135 169 186 180 177 175 179 179
 177 178 176 175 175 174 174 174 175 174 173 173 173 172 174 176 174 175
 173  29]","[ 31  29 187 189 187 187 186 187 187 187 187 187 188 188 188 187 186 187
 186 184 186 188 189 187 187 187 187 187 187 187 186 185 186 187 187 186
 185 182 180 181 187 187 186 184 182 181 182 182 183 184 182 179 179 182
 185 185 185 183 182 182 180 181 182 181 182 181 181 180 180 180 180 180
 177 179 179 178 178 180 180 179 176 178 179 179 178 176 174 173 175 175
 174 174 174 174 173 173 176 175 175 175 174 173 174 175 174 173 174 174
 173 171 171 173 172 172 172 172 172 172 171 170 172 171 169 168 167 165
 164 164 165 162 159 156 153 152 151 149 136 117 107 101 102 104 106 102
 103 103 102 102 104 106 110 115 115 117 117 117 118 121 122 121 116 115
 116 117 116 115 114 112 110 104 104 129 165 179 178 180 175 175 180 180
 179 178 174 175 175 176 176 176 176 175 174 173 174 172 173 176 174 175
 173  29]","[ 31  29 185 188 187 187 187 188 188 187 187 187 188 188 188 188 187 187
 185 183 184 186 186 185 187 187 187 188 189 188 187 186 185 186 186 187
 188 184 183 185 183 185 187 185 183 182 184 186 185 188 187 182 180 182
 183 182 181 180 181 181 178 179 181 182 182 181 180 179 179 179 179 179
 181 182 182 180 179 180 180 179 177 179 179 179 177 177 176 175 180 179
 178 177 177 176 175 174 175 176 178 177 175 173 174 175 176 175 175 174
 172 170 171 175 171 170 171 171 172 172 172 171 171 169 167 165 164 164
 165 166 161 158 158 158 155 155 156 152 137 123 117 109 103 100 104 103
 107 108 107 107 111 111 113 118 119 122 123 123 122 123 122 120 121 118
 116 116 115 115 114 111 110 110 136 170 182 180 179 178 177 176 179 179
 180 179 174 177 176 177 178 178 178 176 175 175 176 173 173 176 174 175
 173  29]","[ 29  29 185 187 188 189 187 186 187 187 187 187 187 187 187 187 187 185
 183 182 183 186 187 186 183 183 185 188 188 185 182 182 186 187 187 186
 185 184 183 182 182 182 183 184 183 181 182 185 182 181 181 181 181 180
 179 179 180 181 181 180 179 179 180 181 181 180 180 180 179 179 178 178
 180 181 182 181 179 178 178 178 179 177 175 175 175 175 176 177 179 181
 178 176 177 174 172 174 175 174 176 179 178 173 172 175 175 173 173 176
 176 172 171 174 171 171 172 174 173 171 171 173 172 170 167 165 165 166
 165 165 162 160 158 156 156 156 153 149 136 132 115 108 100 102 104 103
 104 111 114 117 117 117 119 118 120 124 128 128 124 121 121 121 121 121
 121 115 114 115 110 103 103 129 177 176 182 180 178 178 179 179 178 177
 178 179 177 174 174 176 177 176 175 176 178 178 175 175 175 177 173 174
 174  28]","[ 29  28 183 184 187 189 188 188 186 186 186 187 187 187 186 186 186 185
 183 182 183 186 187 186 184 184 184 186 186 184 184 185 184 185 187 187
 187 186 185 183 180 181 183 185 183 181 181 184 182 182 182 182 182 180
 179 179 180 180 181 181 181 181 181 181 180 181 181 180 180 179 179 179
 179 180 180 180 179 178 179 179 179 178 176 175 176 176 177 178 175 177
 175 173 175 174 174 176 177 176 176 177 176 174 175 178 176 174 173 176
 176 174 173 174 173 172 172 174 173 172 172 174 174 171 168 166 166 165
 164 163 162 161 160 158 157 156 154 152 144 135 114 108 105 108 109 107
 110 115 118 120 121 121 123 121 124 128 131 129 126 123 122 122 122 122
 119 114 114 113 101 103 134 155 182 181 180 178 180 180 177 178 178 177
 177 179 177 175 174 176 176 175 175 177 177 176 175 177 177 175 172 173
 173  29]","[ 30  28 182 183 186 188 187 187 187 187 187 187 187 187 188 188 186 185
 184 183 184 186 187 187 186 185 185 185 183 182 183 186 181 184 186 188
 188 187 186 185 182 183 184 185 183 180 181 183 182 182 183 184 183 181
 179 179 180 180 180 180 181 182 182 182 181 181 181 181 180 179 179 179
 178 179 180 179 179 179 180 181 180 179 177 176 176 177 178 179 178 179
 177 175 175 173 172 173 176 176 177 177 177 176 176 176 175 174 173 173
 174 173 172 171 172 170 169 170 171 170 170 171 173 171 169 168 167 167
 165 164 162 162 162 160 158 157 156 155 150 137 117 111 110 113 114 113
 118 121 121 123 124 124 125 123 125 128 130 129 126 125 124 125 124 124
 121 116 112 106 102 124 167 178 179 182 178 179 181 177 175 177 178 177
 177 178 178 176 175 176 177 176 177 178 177 176 175 178 177 174 173 174
 170  30]","[ 30  29 185 186 186 187 184 184 186 186 184 183 182 183 185 188 186 186
 186 185 185 186 186 187 187 186 186 185 182 179 181 185 181 183 186 187
 187 187 186 185 186 185 184 183 181 179 180 182 182 182 183 183 182 180
 179 179 180 180 179 179 179 180 182 183 182 182 181 180 179 179 178 178
 179 179 179 180 179 180 180 181 181 180 178 177 178 179 179 178 175 176
 176 176 176 174 173 172 174 176 177 177 177 176 174 173 174 174 173 171
 171 171 170 169 170 168 167 168 169 169 169 169 172 171 170 170 169 168
 166 164 162 162 162 160 158 156 155 155 151 139 123 115 112 113 116 119
 122 124 122 123 125 126 127 124 127 128 128 127 125 124 125 125 124 124
 121 116 105 100 121 158 179 182 175 180 178 181 180 176 173 176 178 178
 177 177 176 176 176 177 177 177 178 178 178 176 176 177 174 173 174 171
 164  28]","[ 29  30 186 186 185 183 181 182 184 185 185 183 181 182 186 189 186 186
 186 187 186 186 186 186 186 186 186 186 183 180 180 183 182 184 186 185
 184 184 184 184 186 184 182 181 180 180 180 180 182 182 182 182 181 179
 179 179 179 180 180 180 179 180 181 182 184 182 180 179 179 179 178 177
 179 179 179 179 179 179 180 180 180 180 180 179 180 181 180 178 175 175
 176 176 176 176 175 174 175 175 175 174 174 174 174 173 173 174 174 172
 170 170 170 169 171 170 170 171 172 172 171 171 173 172 172 171 170 168
 165 162 163 162 161 160 159 157 155 154 152 140 127 116 112 112 116 122
 123 124 122 124 126 128 131 128 129 129 127 124 122 122 123 123 122 121
 118 110 100 108 150 176 175 177 178 180 179 181 179 180 174 177 179 179
 178 176 175 175 175 177 178 177 177 177 178 177 177 176 173 171 169 161
 155  27]","[ 29  30 184 184 182 181 181 182 184 185 187 187 186 186 188 190 186 186
 186 187 186 186 185 186 184 184 185 186 184 181 181 183 184 185 185 183
 182 181 181 182 183 182 181 181 182 182 182 181 181 181 181 181 181 180
 180 180 179 181 182 182 181 180 180 181 183 182 180 179 179 179 178 177
 178 179 179 179 179 179 178 178 178 178 178 178 179 180 179 177 175 174
 174 175 174 175 176 175 172 173 174 174 175 175 173 171 171 173 174 173
 171 171 171 171 171 172 172 173 174 174 173 172 171 171 171 171 170 168
 165 164 165 164 162 162 161 159 156 155 154 142 130 115 111 112 116 120
 125 126 124 125 126 127 129 128 128 127 124 122 122 123 123 123 121 119
 116 108 104 133 172 175 175 173 179 179 180 183 179 181 177 179 180 181
 180 178 176 176 176 178 179 178 177 178 177 177 177 175 172 166 159 152
 151  30]","[ 29  29 183 182 181 181 181 183 183 183 185 186 186 186 186 185 185 184
 183 184 184 184 184 186 183 182 183 184 184 182 183 184 185 186 185 182
 179 179 180 181 182 183 183 182 182 183 182 181 181 180 180 181 181 181
 181 181 181 182 183 182 181 180 180 180 181 181 181 180 179 179 178 178
 178 179 179 180 179 179 178 177 177 177 177 176 178 179 177 174 170 169
 171 173 173 175 177 175 172 172 174 176 177 175 172 170 171 171 173 173
 172 171 171 171 171 172 173 173 173 173 172 172 170 169 169 168 168 168
 167 166 165 164 163 163 162 159 158 157 154 144 136 118 113 111 114 118
 125 127 126 125 123 123 125 124 124 123 122 121 122 124 124 124 122 119
 117 113 111 155 178 173 178 175 178 178 181 185 179 180 180 180 180 181
 180 179 179 179 178 179 180 179 178 178 177 175 173 168 165 157 152 151
 152  30]","[ 29  29 183 182 182 183 182 182 186 185 184 185 186 186 185 184 183 180
 179 179 180 181 182 184 183 181 180 182 183 182 183 185 185 186 184 181
 179 178 179 180 184 184 184 182 180 180 181 181 181 180 180 181 182 182
 182 182 184 183 181 180 179 180 180 180 178 180 181 181 180 179 179 179
 179 179 180 181 181 180 178 178 179 179 178 176 177 178 176 173 176 175
 178 180 179 179 178 174 176 174 173 174 175 174 173 172 172 172 172 174
 174 172 171 171 171 173 174 174 172 172 172 172 171 170 168 167 166 166
 166 166 163 162 162 162 160 158 157 157 152 147 143 124 115 111 113 118
 122 126 125 124 122 121 124 124 124 122 121 121 122 124 123 122 122 117
 118 118 113 162 174 176 178 178 179 182 180 184 180 182 180 179 178 179
 180 180 179 180 179 180 179 179 179 178 175 172 167 160 156 149 149 155
 155  27]","[ 30  29 185 185 185 185 184 182 181 183 186 188 188 187 185 183 182 182
 181 180 180 181 182 182 182 181 182 183 184 184 183 184 187 185 182 180
 181 183 182 180 182 185 184 181 180 182 182 180 182 182 181 181 181 182
 181 180 181 180 180 180 180 180 180 180 183 182 180 179 180 181 182 183
 180 179 180 181 183 182 180 179 182 180 179 179 178 177 176 175 177 178
 180 180 179 177 176 176 174 173 172 173 172 172 172 172 172 173 174 175
 174 173 173 173 172 171 172 173 173 172 171 172 172 170 170 171 168 165
 164 166 162 161 162 163 162 158 155 154 154 152 146 132 114 112 118 117
 123 126 128 126 123 122 122 123 122 121 120 119 119 120 121 121 119 112
 114 114 123 166 175 178 179 179 179 179 180 181 181 181 180 179 179 180
 179 178 178 178 180 181 179 177 177 176 171 165 157 150 147 148 153 153
 152  29]","[ 29  28 183 184 184 184 183 181 184 185 187 188 188 187 185 184 182 181
 180 181 181 181 181 181 185 183 183 183 182 181 183 185 184 185 184 182
 180 180 181 181 181 182 181 180 179 179 179 180 183 185 186 183 180 179
 180 181 181 180 180 180 180 181 182 182 183 182 181 180 179 179 180 181
 181 180 180 181 182 182 181 181 182 180 179 179 179 178 178 178 177 179
 180 179 177 175 175 175 174 173 173 173 173 173 173 173 173 174 174 174
 173 173 173 173 172 172 172 173 173 172 171 171 171 171 171 171 168 163
 161 162 163 162 162 162 161 158 155 154 155 154 148 137 116 115 117 119
 124 127 129 129 127 124 121 119 118 119 120 120 121 121 121 120 117 115
 116 115 122 158 175 178 179 179 179 180 180 181 182 182 180 180 180 180
 179 178 176 176 180 178 178 178 175 168 160 155 151 147 146 146 150 150
 151  29]","[ 28  28 184 185 184 185 183 182 185 185 187 187 187 187 186 185 184 181
 180 182 182 181 180 182 187 187 186 185 183 181 183 186 183 182 181 180
 180 181 180 179 181 180 179 179 178 177 178 181 183 184 183 180 179 179
 180 180 180 180 180 180 181 181 182 182 182 182 181 180 179 179 179 179
 180 180 181 181 180 180 180 181 180 179 178 178 179 179 180 180 178 179
 179 177 175 174 174 175 175 174 173 174 174 174 174 174 174 174 174 174
 173 173 173 173 171 173 173 173 173 172 171 169 168 169 170 169 166 162
 161 161 165 163 162 162 160 157 155 154 154 155 150 145 124 120 119 122
 124 125 127 128 128 125 120 116 114 115 118 121 123 123 121 120 118 117
 113 110 118 148 174 177 178 179 180 180 180 180 182 183 180 179 179 179
 179 178 177 176 178 178 177 173 163 153 149 149 147 145 145 145 146 146
 148  28]","[ 29  29 185 187 186 186 185 183 182 183 185 186 187 187 187 186 185 183
 181 181 182 181 182 182 185 186 187 187 185 182 182 184 182 181 180 180
 181 182 181 179 181 180 179 180 180 180 180 181 181 181 179 177 177 178
 178 178 179 180 180 180 180 179 178 177 179 180 181 181 180 179 179 179
 177 178 179 179 178 176 176 178 178 177 177 178 179 179 178 178 178 178
 176 175 174 174 175 176 175 174 174 175 176 175 175 175 175 175 175 175
 174 174 174 174 172 174 175 174 173 173 171 169 168 168 167 166 164 162
 161 161 165 164 162 162 160 157 155 154 153 154 153 150 133 124 121 124
 123 123 124 125 126 125 121 117 113 113 115 119 123 124 122 121 121 116
 113 107 120 148 172 175 176 178 180 180 179 179 181 182 181 180 178 177
 177 178 177 176 177 177 171 158 149 146 147 147 147 146 146 145 144 144
 146  27]","[ 29  29 186 188 187 187 185 184 180 182 184 186 187 187 187 187 185 185
 183 180 180 182 184 183 183 184 185 186 185 183 182 183 182 184 184 183
 181 180 181 182 180 180 180 180 182 185 184 182 180 182 182 179 176 175
 177 179 179 180 180 179 178 176 175 175 178 179 181 181 180 179 178 178
 175 176 178 179 177 174 174 175 175 175 176 178 178 177 175 174 177 176
 175 175 176 176 176 175 173 173 174 175 176 175 174 174 174 174 175 175
 175 175 174 174 173 175 175 174 173 174 172 170 171 170 168 166 165 163
 161 160 164 163 162 162 161 158 156 156 156 153 154 148 137 122 121 124
 123 124 125 126 127 127 124 121 117 114 113 117 121 123 123 121 122 115
 117 110 124 148 167 173 175 177 179 180 179 179 180 181 184 181 178 176
 176 177 176 173 173 167 156 147 145 148 149 147 148 147 147 146 146 146
 149  29]","[ 29  29 187 189 187 187 185 184 181 182 184 186 187 187 186 186 187 188
 185 181 180 184 186 184 184 184 185 186 186 184 184 185 186 186 185 183
 182 182 182 181 178 179 179 179 183 187 186 182 181 182 182 180 179 179
 180 180 180 180 179 178 176 175 176 176 178 179 180 181 180 178 177 177
 176 178 179 180 178 176 175 175 174 174 175 177 177 175 173 172 175 175
 176 178 178 178 175 173 172 172 173 174 175 174 173 173 173 173 174 174
 175 175 174 174 174 175 175 175 174 174 173 172 171 170 169 169 168 167
 164 162 163 162 161 162 162 160 158 158 159 154 154 144 137 120 120 122
 123 125 127 128 129 128 126 124 122 118 115 117 120 121 120 120 121 114
 116 107 116 136 159 175 176 178 179 180 180 180 180 181 184 182 178 176
 177 177 174 170 160 154 147 146 148 149 149 149 148 147 148 147 149 150
 152  30]","[ 29  30 188 189 188 188 186 184 183 184 185 186 186 186 185 184 187 188
 187 183 182 184 185 185 186 185 186 187 186 185 185 186 188 185 182 181
 182 183 182 180 179 179 179 179 182 184 184 182 181 180 179 180 182 183
 181 179 179 179 179 178 177 176 177 177 178 179 180 180 180 178 176 175
 178 178 179 179 178 176 176 176 174 174 174 175 176 175 174 173 173 175
 176 178 178 176 175 173 173 173 174 174 174 173 173 174 174 174 174 174
 174 175 174 174 174 174 175 176 175 174 173 173 170 171 171 170 170 169
 168 166 164 162 162 162 161 160 159 159 159 155 153 147 141 125 121 123
 123 125 126 128 129 129 127 125 124 121 119 120 121 119 117 117 118 115
 112 106 109 125 155 178 178 178 178 179 179 180 180 181 182 181 179 177
 176 173 165 158 147 146 147 148 148 146 147 148 146 147 149 149 151 152
 152  29]","[ 28  29 188 189 188 187 185 184 183 184 185 186 185 185 184 183 185 186
 186 185 183 182 183 184 184 184 186 187 186 183 182 183 184 184 182 180
 179 180 181 181 181 179 179 180 181 180 181 182 179 180 181 180 180 179
 178 177 177 179 180 180 179 177 176 176 177 178 179 180 179 178 176 175
 178 177 176 175 175 174 175 175 175 174 174 174 175 175 175 175 173 175
 176 176 175 175 175 176 175 175 175 175 174 173 174 176 176 175 174 174
 174 175 175 175 173 173 174 176 176 174 172 173 172 173 172 170 168 167
 168 168 166 164 162 162 161 159 158 158 157 155 154 152 146 132 124 125
 124 124 124 126 128 129 128 126 123 122 122 123 122 118 115 115 116 118
 112 112 113 123 156 179 179 178 177 178 179 180 180 180 183 182 180 177
 173 166 153 142 142 145 147 146 146 147 146 143 146 147 149 150 151 151
 150  27]","[ 28  29 186 187 187 188 186 184 183 185 184 183 185 186 185 184 184 184
 185 186 186 184 183 183 183 183 184 186 186 183 182 184 183 182 181 180
 181 181 181 181 183 179 177 178 180 182 182 181 180 181 182 182 182 181
 180 179 179 179 178 178 177 178 179 179 177 180 181 178 176 177 178 179
 176 176 176 175 174 177 178 175 176 176 176 176 177 176 175 173 172 173
 174 174 176 176 175 173 174 177 179 178 175 173 174 174 176 174 173 173
 175 176 176 175 176 175 176 175 173 172 172 171 172 172 171 169 168 168
 167 166 162 162 162 161 160 158 158 159 156 157 154 150 151 142 137 125
 124 123 125 128 127 127 128 128 125 125 124 122 122 121 118 114 116 114
 114 114 117 126 149 171 176 176 177 175 175 178 180 182 179 182 181 174
 162 153 148 147 150 149 147 146 146 147 147 146 148 151 150 151 151 150
 147  29]","[ 29  29 186 187 186 187 186 185 183 182 181 183 186 185 184 185 183 183
 184 187 187 185 183 182 183 183 184 186 186 184 185 187 184 185 184 183
 182 181 181 182 182 179 177 178 181 182 182 182 179 180 181 181 181 180
 178 177 176 177 177 177 176 176 176 177 179 180 180 178 176 176 177 177
 176 176 177 176 175 177 178 175 176 176 176 175 174 173 172 172 172 172
 173 173 174 175 174 173 172 174 175 175 174 173 174 174 175 174 173 173
 175 176 176 175 174 172 172 173 173 173 171 169 171 171 170 168 167 167
 166 165 162 162 162 161 159 158 158 158 156 155 153 153 152 140 135 126
 123 123 124 125 125 127 129 128 127 127 126 124 123 122 119 116 111 110
 112 114 117 126 142 166 172 173 175 175 177 180 179 178 180 175 165 156
 149 146 147 149 148 147 146 146 147 148 147 145 149 152 151 152 151 149
 146  29]","[ 29  29 186 186 184 185 186 187 184 180 179 183 186 185 183 184 182 182
 183 185 185 184 182 182 182 183 184 184 183 184 185 186 184 185 186 185
 182 180 181 182 180 179 178 179 181 181 182 182 179 179 180 181 181 179
 177 176 175 177 178 178 177 177 177 178 180 181 180 179 177 177 178 178
 175 175 176 175 175 176 177 174 175 175 175 173 171 171 172 173 174 174
 174 174 174 173 173 172 173 173 173 173 174 176 176 176 175 174 173 173
 174 175 175 176 175 170 169 173 174 174 172 169 170 169 168 166 166 165
 164 163 162 162 162 160 158 157 157 158 156 154 153 155 153 140 133 127
 123 124 124 123 123 127 130 128 127 127 127 126 124 121 118 117 114 113
 114 116 115 121 128 156 170 173 175 175 177 179 181 180 169 162 154 150
 149 147 144 142 146 145 145 146 148 148 147 144 146 149 149 150 149 148
 147  29]","[ 29  29 185 185 183 183 184 186 186 181 180 183 184 184 183 182 182 180
 180 181 182 182 182 183 184 185 185 183 182 181 182 181 182 184 185 184
 181 180 180 181 178 178 178 179 180 180 180 181 180 179 179 180 180 178
 177 176 177 178 179 180 179 179 179 180 181 182 183 181 179 178 178 178
 176 175 175 175 174 175 176 174 173 174 173 172 171 171 173 175 174 174
 174 174 173 172 171 171 174 174 173 173 175 177 178 177 174 174 174 174
 174 174 175 175 175 170 169 173 174 173 172 170 171 169 168 166 166 166
 164 163 163 163 162 160 159 158 159 160 159 155 154 155 153 142 134 129
 126 126 125 124 124 128 131 130 127 126 126 127 126 121 118 117 114 112
 112 116 115 119 121 157 170 173 173 174 177 178 177 172 160 153 146 146
 148 147 144 142 143 144 145 146 147 148 147 145 144 146 147 150 148 148
 148  29]","[ 29  29 186 186 183 182 183 185 186 183 182 182 182 184 184 180 181 180
 179 180 181 182 183 184 186 187 187 185 182 181 181 180 181 182 182 182
 181 180 180 179 178 178 178 179 180 180 180 180 181 178 177 177 178 177
 176 176 178 179 179 179 179 179 179 180 182 183 182 180 176 174 175 177
 178 176 175 175 174 175 177 176 172 172 171 171 171 173 174 175 173 173
 174 175 173 171 170 171 175 174 174 173 173 175 176 176 173 174 174 174
 174 174 174 174 173 169 169 171 170 169 170 172 172 171 168 167 167 167
 166 164 164 164 163 161 160 160 161 162 161 157 154 154 152 147 137 130
 129 126 125 125 125 127 130 131 127 125 124 127 127 124 119 116 115 112
 112 117 116 117 117 155 170 174 172 174 175 171 164 153 151 147 144 144
 145 145 143 143 142 144 146 146 146 147 147 147 146 147 149 151 149 149
 149  29]","[ 29  29 187 188 184 182 183 185 186 183 182 182 180 183 184 180 181 180
 181 182 183 182 183 184 186 186 186 184 183 182 181 180 182 181 181 181
 182 181 180 178 179 179 179 180 180 180 180 180 181 178 176 176 176 175
 176 178 179 179 178 178 177 178 178 179 180 179 177 175 172 172 175 179
 178 176 175 175 173 175 176 176 172 171 171 171 172 173 173 172 171 172
 174 176 174 172 171 172 175 174 173 172 172 173 173 173 172 172 173 174
 174 173 173 173 170 168 169 170 168 168 170 172 172 170 167 166 167 167
 166 164 162 162 162 161 160 160 160 162 161 158 155 153 152 152 139 130
 129 125 123 124 124 125 128 129 126 123 122 124 126 124 119 114 115 114
 114 117 116 112 110 140 169 177 175 171 164 156 153 144 141 143 146 147
 146 144 142 140 143 144 145 145 145 146 147 147 145 145 147 150 148 149
 150  29]","[ 29  29 187 189 185 183 184 186 186 182 183 184 181 182 184 181 181 181
 182 183 183 181 182 184 186 184 182 183 182 181 180 181 182 181 180 181
 182 183 181 180 181 180 180 180 180 179 179 180 181 177 175 175 175 174
 176 179 179 178 177 177 177 178 179 179 178 176 175 174 173 173 176 179
 178 175 175 174 173 174 175 175 173 172 172 173 174 173 172 171 172 173
 175 176 175 172 172 174 175 174 173 172 172 172 173 172 169 170 172 173
 174 173 173 172 172 170 170 170 169 170 172 172 172 169 166 165 166 167
 166 163 161 162 161 160 159 159 159 160 159 156 154 154 153 153 138 130
 128 125 123 122 123 126 129 129 125 122 120 120 122 122 117 112 107 111
 112 114 116 111 109 126 165 174 171 163 152 143 146 143 140 144 146 145
 143 143 144 144 144 144 144 144 145 146 146 146 143 141 143 147 145 148
 150  30]","[ 28  28 186 189 186 184 184 187 187 182 185 187 183 181 184 182 183 182
 182 182 181 180 181 184 186 183 181 181 181 179 179 181 182 181 180 181
 183 184 183 181 181 180 179 179 179 179 179 179 179 176 173 174 174 173
 175 178 178 177 176 176 178 179 179 179 180 178 177 177 177 176 175 175
 179 176 175 175 174 174 175 175 173 173 174 175 175 174 172 171 173 173
 175 176 174 171 171 174 176 174 172 171 172 173 173 172 168 169 170 172
 174 174 173 172 174 172 171 171 171 172 173 171 172 170 167 166 167 168
 166 164 162 162 162 161 160 159 159 160 157 154 154 155 153 153 137 130
 129 128 125 123 123 129 133 131 124 122 119 118 120 120 116 111 103 109
 110 109 114 110 109 117 158 165 160 155 147 141 142 136 137 142 145 143
 141 143 145 144 144 144 143 143 145 146 146 145 146 143 144 147 144 148
 150  29]","[ 29  28 183 182 181 181 182 185 186 186 185 185 184 183 181 180 179 179
 179 179 178 179 181 182 182 182 181 180 181 180 179 178 180 179 179 181
 182 182 181 180 182 180 178 177 177 176 178 180 174 174 175 176 174 173
 175 178 178 177 177 178 179 178 179 181 178 177 176 178 179 176 176 174
 175 175 174 174 174 175 174 173 172 173 174 175 174 171 170 171 172 173
 174 173 172 173 172 171 174 174 172 171 172 174 174 173 170 169 170 172
 172 171 172 173 174 173 173 173 172 171 170 169 171 168 166 167 168 168
 166 165 164 163 162 161 161 160 160 161 161 157 155 158 159 154 139 123
 126 127 126 123 123 126 128 129 125 124 120 117 117 118 117 114 111 110
 110 108 107 111 116 117 149 153 147 146 145 138 136 139 138 142 144 143
 142 142 145 146 143 143 144 144 144 145 146 147 146 143 143 146 147 148
 146  30]","[ 29  29 183 182 180 180 180 183 187 186 184 183 182 181 180 179 179 179
 178 176 177 179 181 181 181 180 179 178 178 179 180 181 180 179 179 180
 181 180 180 180 180 179 178 177 175 175 175 176 173 172 174 175 175 174
 175 179 180 180 178 177 174 172 173 176 179 179 177 177 175 172 174 175
 175 175 174 174 175 175 174 173 173 174 175 176 174 172 171 172 172 174
 174 173 173 173 173 172 174 174 172 171 172 174 175 174 171 170 171 172
 173 172 172 172 172 173 173 172 171 171 171 170 170 167 165 165 166 167
 167 166 166 164 162 161 161 160 161 161 160 157 157 158 158 152 139 125
 125 126 125 123 123 125 127 127 125 124 121 118 117 117 114 110 109 108
 108 107 107 110 113 113 129 140 140 138 138 134 135 138 139 139 139 140
 143 145 145 143 143 144 145 144 142 142 144 146 144 142 143 145 146 147
 144  29]","[ 29  29 183 182 180 179 179 182 186 185 183 181 180 180 179 179 179 180
 178 175 175 178 179 179 180 180 179 178 178 179 181 183 179 179 179 179
 178 178 178 179 178 179 179 177 175 175 175 174 173 172 173 175 176 176
 178 180 179 178 177 176 175 175 178 181 176 178 175 174 170 167 172 174
 175 175 175 175 176 177 176 174 174 173 174 174 172 170 170 171 172 174
 174 173 172 172 172 172 175 175 173 172 173 175 175 175 173 172 171 173
 174 174 173 173 171 173 172 171 170 171 171 170 170 167 165 165 167 169
 169 170 168 165 163 162 161 161 161 161 160 159 159 158 154 147 133 120
 125 125 125 124 124 125 125 125 122 122 121 120 120 118 114 110 109 107
 106 106 106 107 107 105 111 130 138 138 137 136 139 140 139 138 137 139
 143 146 145 141 141 143 145 144 142 141 144 147 147 144 145 146 146 147
 145  30]","[ 28  29 184 183 180 180 180 182 183 182 181 180 179 179 179 178 178 179
 179 176 176 178 179 178 179 180 180 180 179 179 181 182 180 180 179 179
 178 177 177 178 178 180 179 176 175 176 176 175 175 173 173 176 178 178
 179 180 180 177 173 173 174 175 176 176 172 175 174 173 171 169 173 174
 176 176 176 176 177 177 177 176 174 173 172 172 170 169 169 170 173 174
 175 173 171 171 172 174 176 175 173 172 173 174 174 175 173 172 171 173
 175 176 175 174 172 172 171 171 170 169 170 171 171 168 165 166 169 171
 171 171 167 165 163 162 162 161 159 158 158 158 159 158 154 146 133 119
 126 126 126 125 125 125 124 123 120 121 122 122 122 120 115 111 109 107
 106 105 104 104 103 100 105 124 138 140 140 141 140 139 137 138 139 139
 141 143 143 142 139 142 145 144 142 141 143 146 146 144 144 144 143 143
 143  29]","[ 29  29 184 184 182 181 181 183 180 180 180 180 180 179 178 178 174 178
 180 178 177 179 179 179 179 179 179 179 180 180 181 181 182 181 180 179
 179 178 178 178 178 179 178 175 174 176 177 176 174 172 172 175 178 178
 178 178 179 177 175 174 174 174 173 173 174 176 174 175 175 174 176 175
 177 177 176 175 175 176 176 175 173 172 171 171 170 169 170 171 174 175
 175 174 172 171 174 176 175 174 172 172 172 172 172 173 172 172 171 172
 174 175 175 174 173 170 169 171 170 168 169 172 171 167 165 166 170 171
 170 168 164 162 161 162 162 160 157 155 152 154 157 159 158 153 140 126
 125 125 125 126 126 125 123 122 120 121 122 122 121 118 114 111 109 107
 106 105 104 104 104 101 103 117 132 137 139 140 138 136 136 138 138 138
 139 141 142 142 141 143 145 145 142 140 140 140 143 142 143 144 142 142
 142  29]","[ 29  29 183 183 181 180 180 182 180 181 181 181 181 180 179 178 176 179
 181 181 178 177 176 177 177 176 176 176 177 179 181 182 181 180 179 179
 179 179 178 178 179 178 177 174 174 176 177 177 173 171 171 175 179 179
 177 176 176 178 180 178 177 176 176 177 178 179 176 176 176 176 178 175
 177 178 177 176 175 175 175 174 172 171 170 171 171 171 171 173 173 173
 173 172 171 170 173 176 174 173 172 172 172 172 172 173 172 172 172 171
 172 173 173 172 171 168 168 170 170 168 169 171 170 167 165 166 168 168
 167 165 163 161 161 162 163 161 158 155 153 154 156 158 157 153 141 126
 124 124 124 125 125 124 123 123 121 121 122 122 120 118 116 115 114 111
 109 106 105 105 104 101 105 113 126 133 138 142 140 138 138 138 137 138
 140 143 143 140 142 143 144 145 144 142 140 138 139 140 144 146 144 143
 143  29]","[ 29  28 182 181 180 180 179 181 180 180 180 180 179 179 178 179 179 180
 181 181 178 174 173 174 176 176 176 176 176 176 178 180 179 179 178 178
 177 176 176 176 177 175 174 174 175 176 176 176 174 172 172 177 180 179
 176 175 175 178 179 178 177 176 174 173 175 177 175 175 174 174 175 174
 176 178 179 177 176 175 174 174 171 170 170 171 172 171 171 172 172 172
 171 171 169 168 170 173 173 172 172 173 173 172 172 174 173 173 173 171
 170 171 171 171 169 169 168 168 169 170 170 169 170 167 165 165 165 165
 164 165 162 161 161 162 162 161 159 158 156 156 156 155 153 150 138 125
 124 123 124 124 124 122 122 122 122 122 121 120 118 117 118 120 121 115
 111 107 105 105 103  98 105 112 126 133 139 145 143 141 139 138 138 138
 141 143 141 138 139 140 142 144 144 143 141 139 136 138 142 144 141 141
 141  28]","[ 30  28 182 181 180 180 180 181 178 178 177 177 176 176 177 178 179 178
 178 179 178 174 173 175 175 177 178 178 176 174 175 176 179 179 179 178
 176 174 173 174 173 171 171 173 175 175 175 175 176 173 174 178 180 179
 175 173 176 176 176 177 179 180 176 171 170 174 175 175 173 171 173 172
 174 176 178 178 176 175 174 174 172 171 171 172 172 171 171 171 172 172
 171 171 169 167 168 170 171 170 171 172 172 172 172 173 173 175 175 172
 170 171 171 171 170 172 171 168 169 172 172 168 169 167 165 163 162 161
 163 165 162 160 159 160 160 160 159 159 156 155 155 153 152 151 142 130
 125 125 124 125 123 121 121 122 124 123 121 119 116 114 117 120 122 116
 110 107 105 105 102  97 102 111 127 133 138 146 143 139 136 138 139 139
 139 140 138 136 137 138 140 141 142 141 139 138 139 140 143 143 140 140
 142  30]","[ 29  28 184 184 175 176 174 176 176 175 176 174 173 174 174 177 176 177
 176 178 178 176 176 173 174 180 181 176 173 174 176 178 179 180 179 176
 175 174 173 172 171 171 172 173 174 175 175 176 175 175 176 176 177 175
 173 172 174 175 176 179 180 179 175 171 170 172 174 175 173 172 173 175
 173 175 177 176 175 173 171 170 172 171 171 171 171 170 170 171 171 172
 172 171 171 170 167 165 170 170 171 172 171 169 169 172 172 175 175 172
 171 170 170 172 172 171 170 170 171 172 171 170 169 167 165 163 162 162
 162 162 161 161 161 160 159 158 158 159 156 153 153 153 153 152 142 126
 124 124 127 127 125 124 123 121 123 124 122 118 117 118 118 116 115 112
 110 107 104 104 104 101  99 108 122 133 138 142 142 138 137 136 136 137
 138 139 138 137 138 141 144 145 145 144 143 141 143 144 146 146 142 144
 144  28]","[ 29  27 176 175 168 168 167 167 169 172 173 167 166 171 172 170 171 173
 172 174 175 174 175 173 174 179 179 177 176 176 175 175 172 175 177 175
 172 170 168 167 170 171 172 172 171 172 174 175 169 170 171 173 174 174
 172 171 170 170 171 173 176 176 174 173 168 169 170 170 170 169 170 171
 170 173 175 175 173 171 170 169 170 170 170 169 168 168 169 171 170 169
 168 168 170 172 173 173 168 167 169 170 170 168 168 170 170 173 173 170
 169 168 169 171 171 170 169 168 169 169 169 168 168 167 166 164 163 163
 163 164 162 161 160 158 156 157 160 163 153 152 154 155 155 153 143 129
 125 124 126 126 124 124 126 125 120 120 119 118 118 118 117 115 115 113
 111 108 104 104 104 102 103 110 122 132 136 138 139 138 138 137 137 137
 138 139 139 139 137 139 142 145 145 144 143 143 144 143 145 146 144 145
 144  29]","[ 30  28 167 165 163 161 161 161 159 164 166 159 158 165 165 162 165 167
 166 168 168 168 170 170 168 170 170 170 171 170 166 164 163 166 168 167
 164 162 161 161 165 168 169 167 166 167 168 169 162 163 165 167 168 168
 167 166 166 166 165 166 166 167 168 168 165 164 164 164 165 165 165 165
 163 166 167 166 165 164 164 164 163 163 163 163 162 162 164 167 163 162
 161 161 164 167 170 171 171 170 169 170 169 167 165 164 169 171 169 166
 165 164 165 167 168 167 166 165 165 165 165 165 165 165 164 162 160 160
 160 161 162 160 159 157 154 154 158 163 155 154 155 156 154 152 145 133
 124 123 123 124 123 124 125 125 122 120 119 120 121 121 120 119 117 115
 113 110 106 106 106 104 104 109 120 130 134 135 138 138 139 138 137 137
 137 138 139 140 137 137 140 143 143 141 141 143 143 140 141 144 144 144
 143  28]","[ 29  30 162 161 163 159 161 161 160 161 163 161 160 162 162 164 163 164
 162 163 162 162 164 164 162 161 161 162 164 161 157 155 159 160 161 160
 157 157 158 160 161 164 165 163 161 162 163 162 159 160 161 162 163 162
 161 160 162 162 161 160 159 159 160 162 163 162 161 161 161 161 160 160
 160 159 158 156 155 156 158 159 155 156 157 158 157 157 159 162 157 157
 157 157 157 158 159 160 152 152 153 156 160 162 163 163 165 165 162 159
 159 159 158 158 160 161 161 160 159 158 159 160 163 162 160 158 155 154
 154 154 153 153 152 151 147 145 147 152 151 150 152 153 150 149 143 133
 122 121 122 123 123 124 125 124 124 121 118 119 119 119 120 122 118 116
 115 113 109 107 108 106 103 106 116 128 133 134 136 138 137 137 137 137
 137 137 138 139 138 139 140 141 140 139 139 140 140 138 139 143 143 142
 140  28]","[ 29  30 161 160 162 157 160 160 162 161 163 163 162 161 161 165 164 165
 162 162 161 160 162 162 162 162 160 162 164 162 159 159 160 161 161 161
 161 160 161 161 161 163 163 162 162 162 161 160 161 161 162 162 161 159
 158 157 157 158 158 158 158 159 160 161 161 160 161 161 160 158 158 158
 161 159 157 155 155 156 157 157 155 156 157 158 157 156 156 158 156 158
 159 157 155 154 154 154 157 155 154 154 156 157 156 156 158 157 154 153
 155 155 152 151 152 154 155 155 153 151 152 154 160 158 155 153 152 151
 150 150 147 147 148 147 144 141 142 145 141 141 146 148 146 145 139 130
 124 122 123 124 125 126 127 126 126 122 119 119 118 117 118 122 117 116
 115 114 110 109 109 108 105 104 111 122 129 132 135 136 135 136 137 138
 138 137 138 138 139 142 143 140 139 140 140 139 140 138 139 142 142 140
 138  29]","[ 29  30 162 161 162 157 159 159 162 163 164 162 161 162 160 161 164 164
 162 162 161 160 163 162 163 163 162 163 164 164 162 164 161 162 164 166
 167 164 162 160 162 162 163 164 164 163 161 160 162 163 163 162 161 159
 158 158 157 157 158 159 160 160 161 162 159 160 161 162 161 158 158 158
 161 160 159 158 158 159 158 157 158 158 159 159 158 155 154 154 156 158
 160 158 155 154 154 155 155 153 152 151 153 154 154 154 154 153 151 151
 154 155 153 151 150 152 154 153 152 151 151 152 155 153 151 150 150 150
 150 150 148 148 148 147 145 145 146 147 144 142 143 144 142 141 137 130
 125 123 122 123 124 128 130 130 128 125 122 121 119 116 117 119 116 114
 114 114 111 109 109 108 105 102 106 116 126 132 137 138 134 136 137 138
 138 138 138 138 139 142 143 140 139 142 142 140 139 139 139 141 141 138
 137  30]","[ 29  29 164 163 162 159 160 161 164 165 167 163 163 165 163 162 163 163
 161 161 161 160 162 161 161 162 161 161 163 163 162 163 160 161 163 166
 166 164 161 161 162 162 164 165 165 162 161 163 162 163 163 162 161 160
 160 160 160 160 160 160 161 161 160 160 159 159 161 162 162 160 159 159
 159 160 159 158 158 158 157 157 160 158 157 157 157 155 153 152 155 157
 159 158 156 155 155 155 154 153 152 151 152 153 154 154 153 154 153 153
 155 156 154 154 153 153 153 153 154 154 153 152 151 151 151 151 151 151
 151 151 149 149 148 146 146 148 148 146 150 146 145 144 141 140 137 131
 126 123 122 124 126 129 132 131 128 126 123 121 119 117 116 117 117 114
 114 114 112 110 110 108 106 103 106 116 126 133 138 138 136 137 138 138
 138 138 138 138 138 140 141 139 138 140 141 140 138 140 138 139 140 138
 137  29]","[ 29  28 165 163 163 162 163 164 164 163 165 163 163 164 162 162 163 163
 161 162 162 160 161 160 161 163 162 161 163 163 162 162 162 161 161 162
 162 162 163 164 162 162 164 166 165 161 161 165 162 163 163 162 162 162
 162 163 163 162 161 161 162 162 161 161 159 159 160 162 162 162 160 160
 158 159 159 157 156 156 157 158 161 158 156 155 156 156 156 155 156 157
 159 159 158 157 155 153 154 154 153 152 152 153 154 153 155 156 155 154
 155 155 154 155 154 152 150 151 153 154 152 150 150 151 153 153 152 152
 152 152 152 152 150 147 149 151 149 145 146 144 146 148 145 143 137 128
 127 125 126 128 129 132 133 131 133 130 126 123 122 121 120 120 118 115
 115 115 113 111 110 109 109 107 110 119 127 134 136 135 138 138 138 137
 137 137 137 137 139 139 140 139 138 138 138 139 138 140 138 138 140 139
 137  29]","[ 30  30 166 166 164 164 162 162 165 164 164 165 166 167 166 163 163 163
 162 160 160 161 163 163 161 162 164 165 164 162 161 163 162 162 161 160
 161 163 163 162 164 162 162 162 163 163 163 162 163 161 160 162 162 162
 163 164 161 161 162 162 161 162 162 163 160 160 160 162 162 161 160 159
 158 158 157 157 158 160 160 158 156 156 156 155 154 154 154 154 153 153
 156 157 155 155 157 158 154 154 155 154 152 154 155 154 155 155 155 154
 153 152 152 152 154 152 152 153 154 153 152 151 152 151 151 152 153 153
 153 153 150 150 148 147 149 150 149 145 143 145 145 142 138 138 135 129
 127 129 130 130 130 131 131 130 132 130 129 127 125 122 122 122 122 117
 115 115 114 112 111 108 109 109 105 112 132 133 135 137 137 138 138 138
 136 133 133 138 138 137 137 138 139 138 136 134 137 138 137 136 137 137
 138  29]","[ 29  30 165 165 163 163 161 162 163 166 168 167 165 164 165 165 161 162
 163 161 161 163 164 164 162 163 164 166 166 164 162 162 161 161 162 163
 165 167 165 163 163 162 162 162 162 162 162 163 163 162 163 165 166 164
 162 162 161 161 162 162 162 162 162 162 162 162 162 163 162 161 159 158
 161 160 158 157 157 159 160 159 159 160 159 157 155 154 154 154 155 155
 157 158 156 157 160 161 159 158 157 156 154 155 156 154 154 154 154 153
 152 152 152 152 153 154 155 155 154 154 154 155 151 151 152 153 154 153
 152 152 152 150 146 145 147 149 146 141 141 142 144 142 139 139 136 130
 129 128 127 128 129 131 130 129 127 127 126 125 123 122 122 122 119 117
 117 118 116 113 111 109 109 107 102 109 126 132 135 136 137 138 139 139
 138 134 134 138 139 138 137 138 138 138 136 136 137 137 136 136 137 137
 137  29]","[ 30  30 165 165 162 161 160 162 161 164 167 166 164 163 164 165 161 162
 162 162 161 163 165 166 163 163 163 165 165 164 163 162 162 162 162 164
 167 168 165 161 162 162 162 162 161 161 162 164 163 163 164 166 166 164
 161 159 159 160 161 162 162 162 162 162 160 160 160 161 161 161 160 159
 162 161 159 158 158 160 161 161 160 161 161 158 156 155 156 157 155 155
 157 159 157 158 160 161 160 158 157 155 155 157 157 154 154 154 154 153
 153 153 153 153 158 159 159 157 154 152 152 153 152 151 151 152 152 151
 150 150 150 147 143 143 146 148 144 140 138 139 141 140 138 139 137 132
 129 127 125 126 129 130 129 128 126 127 126 123 122 121 120 118 116 115
 117 118 116 113 112 110 109 105  98 105 117 128 135 135 137 138 138 138
 137 133 133 137 139 138 138 138 137 137 137 138 136 136 136 136 137 136
 136  28]","[ 30  31 166 165 161 161 161 163 163 162 162 162 164 165 163 161 162 162
 162 161 160 161 164 166 163 163 163 163 164 164 164 165 166 164 163 163
 164 164 163 160 163 163 163 163 162 161 163 164 163 162 163 164 163 160
 158 158 157 158 160 161 162 162 162 163 159 158 158 158 159 160 161 161
 160 159 158 158 160 162 162 161 160 161 160 158 156 156 157 158 154 154
 157 159 158 158 159 159 158 156 154 154 154 158 159 156 155 154 154 154
 154 154 154 155 159 157 156 155 155 155 155 153 153 152 150 149 148 147
 148 149 147 145 144 144 145 146 144 140 137 138 138 137 137 139 139 135
 128 125 124 126 128 129 128 128 127 128 127 124 122 122 120 116 116 115
 115 115 114 113 113 112 110 105  98 104 110 124 134 135 137 138 137 137
 135 132 132 135 139 139 138 138 137 137 137 138 136 137 136 137 137 136
 137  29]","[ 30  30 165 164 162 163 163 165 167 164 161 161 164 165 163 159 161 161
 161 160 160 161 163 165 163 164 165 165 164 164 165 166 167 165 164 163
 162 162 161 161 164 164 164 164 163 162 163 163 162 162 163 163 160 157
 157 159 157 158 159 160 160 161 161 162 161 161 159 157 158 160 161 162
 161 158 157 158 160 161 161 160 161 161 160 158 157 157 157 156 156 156
 157 158 157 157 158 158 159 156 155 154 154 157 159 156 155 154 154 154
 154 154 155 155 157 156 154 153 154 156 156 154 155 153 150 148 147 146
 146 147 147 148 148 147 145 143 141 139 138 138 139 138 138 139 138 134
 126 124 124 127 127 126 126 128 127 127 127 124 124 125 122 119 116 115
 114 114 113 114 114 112 110 107 102 106 107 121 133 136 137 138 137 135
 134 132 133 136 139 138 138 139 138 137 137 138 137 138 138 138 138 136
 137  30]","[ 29  29 163 164 163 165 164 166 167 166 164 162 162 163 162 161 159 159
 160 162 162 161 162 162 161 163 165 165 164 164 164 164 163 163 163 163
 162 161 161 162 164 164 165 165 164 162 162 162 161 162 164 164 161 158
 158 160 159 159 160 160 160 159 160 160 161 161 159 157 158 161 162 162
 162 160 157 157 158 158 158 158 159 159 159 158 158 158 158 157 159 157
 156 156 154 155 158 159 160 159 158 155 153 155 156 154 154 154 153 153
 154 154 154 154 154 156 156 153 152 153 154 155 154 152 151 150 148 146
 145 145 145 147 149 148 145 142 140 140 138 138 139 139 138 138 136 131
 125 124 125 128 127 124 124 128 127 127 126 125 125 125 123 119 115 114
 114 115 114 114 113 110 110 108 104 106 106 116 129 134 135 136 135 134
 133 133 134 137 138 137 137 138 139 138 137 136 136 137 137 137 135 132
 134  29]","[ 29  28 162 163 163 165 163 164 163 164 164 163 161 161 163 164 161 160
 160 162 162 161 161 162 162 164 164 163 162 163 163 162 162 161 161 162
 162 161 162 164 164 165 165 165 162 160 160 162 161 162 163 164 162 159
 159 161 161 161 162 161 160 160 159 159 159 160 159 158 159 161 161 160
 160 159 159 159 157 155 155 156 155 157 158 158 158 158 158 158 158 156
 155 154 153 154 156 157 159 159 159 156 152 153 155 155 154 154 153 153
 153 154 154 154 150 152 154 153 152 154 155 154 151 149 148 148 148 147
 146 145 143 145 146 147 145 142 140 140 140 138 139 139 138 137 135 131
 127 126 128 130 128 123 123 128 129 127 125 125 125 124 121 119 115 115
 116 115 113 113 113 110 110 108 106 105 105 109 123 129 132 133 133 132
 132 132 133 136 135 133 133 135 137 136 134 132 133 134 134 134 131 129
 131  28]","[ 30  28 161 162 163 164 161 161 159 161 163 162 162 164 166 167 165 162
 160 160 161 161 161 162 166 165 163 161 161 162 163 162 164 162 161 162
 162 162 164 166 164 165 166 164 160 158 159 161 162 161 161 161 161 160
 160 162 161 162 163 163 162 160 159 159 159 161 161 160 160 160 159 156
 156 158 161 162 159 155 154 156 155 157 159 158 156 156 156 156 157 155
 155 155 154 154 155 155 156 158 160 157 153 153 157 157 155 154 153 153
 154 154 154 154 153 154 153 152 152 153 150 147 148 146 144 144 145 145
 146 146 143 143 144 145 144 142 139 138 142 140 138 138 137 138 138 135
 130 128 130 132 129 124 124 128 128 125 124 125 125 124 122 120 116 117
 117 116 113 113 113 112 112 109 107 104 105 105 118 125 131 132 132 131
 132 132 133 135 132 130 130 132 135 134 132 129 130 132 132 133 130 128
 132  29]","[ 30  29 159 161 163 165 163 161 159 162 164 163 161 162 164 166 165 164
 161 159 158 159 160 160 162 162 163 164 164 163 163 163 160 161 163 164
 164 163 162 162 162 162 162 160 158 158 159 160 160 162 163 162 161 160
 159 159 163 162 160 159 160 162 161 157 158 159 160 160 159 159 159 158
 158 158 159 160 158 155 155 157 157 156 156 157 156 154 155 157 154 154
 154 154 153 155 157 159 159 157 155 154 154 154 155 158 157 154 153 154
 154 153 153 154 154 154 153 152 151 150 148 146 148 145 142 142 144 145
 146 147 147 144 142 142 141 140 138 137 138 139 139 140 139 139 138 139
 137 129 127 130 129 126 127 130 129 127 123 122 122 124 123 121 118 116
 118 119 114 111 112 115 115 112 108 105 104 105 113 123 128 134 136 135
 134 133 132 133 132 131 130 131 131 130 129 130 130 130 131 130 130 130
 131  28]","[ 30  29 160 161 162 164 163 162 162 162 163 162 161 162 163 164 164 163
 161 159 159 160 161 161 162 162 164 166 166 164 162 161 159 160 161 163
 163 162 161 161 162 162 161 160 160 159 159 158 160 161 161 161 162 162
 162 161 159 160 159 158 160 162 162 159 157 158 158 158 159 160 161 160
 156 156 157 158 158 157 157 158 157 156 155 155 155 156 156 155 153 154
 154 154 154 154 155 156 157 155 153 154 155 154 154 154 153 153 154 155
 155 153 151 151 153 153 153 152 151 150 148 147 146 143 142 142 143 144
 145 145 146 144 141 140 140 139 138 138 138 137 137 137 138 140 141 140
 136 128 125 128 129 128 128 129 128 125 121 121 124 127 125 122 122 118
 118 118 115 113 113 113 115 112 108 106 106 108 116 127 131 136 137 134
 133 133 134 136 133 132 131 132 132 131 130 130 130 131 132 130 130 130
 131  28]","[ 28  29 161 162 161 162 162 162 161 159 159 161 161 161 162 163 162 161
 160 160 160 161 162 161 162 162 164 166 166 164 162 161 161 160 161 162
 162 161 160 160 162 161 160 161 161 161 159 158 160 160 160 161 163 164
 162 160 157 158 158 158 160 162 162 160 158 158 157 157 157 158 158 158
 157 157 157 157 159 161 161 160 157 156 154 154 155 158 157 154 153 153
 153 154 155 155 155 154 156 154 152 153 155 155 153 152 152 152 154 155
 154 152 150 150 152 153 153 153 152 151 150 148 147 145 143 143 143 142
 141 141 144 142 141 141 140 139 138 138 138 137 135 133 135 139 141 140
 136 126 122 125 128 129 130 130 130 129 127 125 124 124 124 123 125 121
 118 117 116 116 115 114 114 112 108 106 105 105 112 122 129 134 135 132
 130 131 133 136 134 132 131 131 132 131 130 130 131 131 131 130 130 130
 130  28]","[ 28  29 162 163 162 163 162 161 161 159 159 161 162 160 161 162 160 160
 160 160 161 162 162 161 162 162 162 163 163 162 162 162 162 161 160 161
 161 160 159 159 160 160 160 161 162 162 160 159 161 160 160 161 162 162
 160 157 159 159 159 159 160 161 159 157 158 158 158 156 155 155 155 155
 157 158 157 156 158 161 161 159 156 155 154 155 157 157 155 153 154 153
 153 154 156 157 156 154 156 154 152 151 153 154 154 154 153 153 153 152
 151 150 151 151 152 153 153 152 151 151 150 149 148 147 145 145 143 141
 139 139 140 140 141 141 140 139 138 138 139 139 135 131 132 137 139 138
 134 125 120 123 127 129 130 131 128 129 129 127 125 125 126 126 122 119
 116 114 112 113 113 112 112 111 108 106 103 102 106 114 125 130 132 130
 130 130 131 133 134 131 129 129 130 130 129 130 130 129 129 128 128 128
 129  29]","[ 29  30 162 164 165 165 163 160 163 162 162 164 162 159 159 161 160 161
 161 161 162 163 163 162 163 162 162 162 162 162 162 163 161 160 159 160
 160 160 159 159 160 160 161 162 162 162 161 160 161 161 161 161 161 160
 158 155 159 159 158 159 160 160 157 154 155 157 158 157 155 155 155 155
 155 157 157 155 155 158 158 155 154 153 154 158 158 155 153 154 155 154
 153 154 156 156 155 154 154 154 153 151 151 152 154 154 153 153 152 151
 150 151 152 153 151 151 150 149 148 148 149 148 146 146 145 145 145 143
 141 140 138 138 139 140 139 137 137 137 139 139 137 133 132 136 138 137
 132 126 123 126 128 128 129 129 130 127 124 124 127 128 126 123 122 120
 119 115 110 109 111 111 110 110 108 106 104 103 106 114 122 127 129 129
 131 132 132 132 132 129 127 127 127 127 128 129 129 127 127 126 126 125
 128  29]","[ 29  29 161 163 164 165 163 160 162 162 163 163 161 159 159 161 161 162
 163 163 163 163 163 162 163 162 163 163 163 162 161 161 160 160 160 160
 161 160 161 161 160 161 162 162 161 160 160 161 161 161 162 162 161 160
 158 156 157 157 157 158 159 158 156 154 155 157 158 157 155 154 155 155
 154 156 157 155 155 157 157 154 154 153 155 159 158 153 152 155 155 154
 153 153 154 154 153 152 153 154 155 153 152 153 154 155 151 152 152 151
 151 152 152 152 151 150 148 147 147 148 148 148 146 145 145 145 145 143
 141 140 139 139 138 138 138 137 137 138 138 139 138 135 134 136 138 137
 131 126 126 130 130 128 127 126 128 126 123 122 124 125 124 121 124 123
 123 119 112 109 110 111 112 111 108 106 104 102 106 113 120 125 127 127
 131 133 132 132 130 128 126 126 126 126 126 128 128 126 126 125 124 123
 127  29]","[ 29  28 158 159 160 162 162 161 159 161 161 161 160 159 160 162 162 163
 164 163 162 162 162 162 162 162 163 163 163 162 161 161 161 160 161 161
 161 161 161 162 161 161 161 161 160 160 160 161 160 160 160 160 161 161
 159 157 157 157 157 157 157 156 156 157 158 159 157 155 154 154 154 154
 155 157 157 156 157 158 157 155 154 154 156 158 156 152 153 156 154 154
 153 153 153 153 152 151 151 154 155 153 152 153 153 154 151 152 152 152
 151 151 150 148 150 148 146 146 147 148 148 147 148 146 145 145 144 142
 140 139 139 139 139 140 139 138 138 138 137 137 137 136 136 137 136 136
 130 126 126 128 128 127 127 126 122 122 122 122 123 126 127 127 122 120
 121 120 114 110 110 111 113 112 109 106 104 101 101 107 117 122 125 126
 130 132 131 131 129 128 127 127 126 124 125 126 127 126 127 125 124 122
 126  28]","[ 29  28 158 157 158 161 163 163 161 162 161 159 158 159 160 160 162 163
 164 163 161 161 161 161 162 161 161 162 162 161 162 162 161 161 161 161
 161 160 160 160 161 160 160 159 160 160 161 161 160 159 158 158 160 161
 160 158 158 158 159 158 156 155 156 159 159 158 155 153 153 154 154 154
 156 156 155 155 156 157 156 155 154 154 154 154 152 151 152 154 153 153
 154 154 153 152 152 151 150 152 152 151 150 151 152 152 152 153 153 151
 150 150 148 145 148 146 145 145 146 148 148 147 147 145 144 144 144 143
 142 141 137 138 140 142 141 139 137 136 138 137 136 136 136 136 134 133
 129 124 122 124 125 126 127 128 125 123 121 122 125 128 128 127 123 120
 121 122 119 115 114 115 113 112 110 109 106 101 100 103 114 120 125 127
 130 130 129 129 129 128 128 128 127 124 124 125 127 127 128 127 124 122
 125  28]","[ 30  29 159 158 158 160 161 162 163 162 160 159 158 158 159 161 161 163
 164 163 162 160 160 159 161 161 161 162 162 162 162 161 162 162 161 159
 157 159 161 161 161 161 161 160 160 160 161 162 159 160 161 162 162 161
 160 159 158 159 160 158 155 156 159 158 157 157 156 154 155 158 159 157
 158 156 154 153 153 154 155 156 154 152 153 153 151 152 154 155 154 154
 154 154 153 152 152 152 151 151 151 150 150 151 152 153 152 152 152 150
 147 146 147 148 150 146 144 145 147 147 146 145 143 145 146 145 145 145
 144 143 140 138 137 138 138 138 138 140 137 137 137 136 136 136 133 131
 131 127 121 122 128 130 129 127 127 125 124 126 127 126 125 125 123 121
 119 118 117 115 114 113 112 110 111 112 109 102 100 103 110 117 125 128
 128 126 126 127 129 129 130 129 126 123 124 127 127 129 129 126 123 124
 128  29]","[ 29  29 160 159 159 160 163 165 161 160 160 160 160 159 159 159 161 162
 163 161 160 160 160 160 160 159 159 159 160 161 161 161 159 159 160 158
 156 158 161 160 162 162 161 159 158 159 161 162 161 161 161 161 162 161
 161 160 159 158 159 160 158 158 160 160 158 159 158 156 156 158 159 158
 157 156 154 153 153 153 154 155 153 152 152 153 152 153 155 155 155 155
 154 154 153 152 151 150 151 151 151 151 151 152 153 153 154 153 151 147
 144 144 147 151 147 145 144 145 147 147 145 142 141 143 144 144 143 143
 143 143 142 140 138 137 137 136 135 134 135 136 137 137 136 134 133 131
 127 125 123 125 129 130 129 130 129 129 129 129 129 128 126 124 123 122
 121 119 117 114 112 112 115 114 115 116 113 106 102 102 105 112 120 126
 126 124 123 123 126 126 126 126 125 123 125 127 127 128 128 126 126 127
 129  28]","[ 28  29 160 159 157 158 160 162 161 159 159 160 161 160 160 160 161 162
 161 160 159 159 161 161 160 159 158 158 159 161 161 161 159 159 160 159
 157 159 161 161 162 161 160 158 156 157 160 162 161 160 160 160 160 161
 161 161 157 155 156 159 159 158 158 159 159 159 158 157 156 156 157 158
 157 156 154 153 152 152 153 154 152 151 152 153 152 152 154 155 154 153
 153 153 154 153 152 151 151 151 150 150 150 151 151 150 150 151 152 149
 146 145 147 149 145 146 145 146 147 148 146 142 140 142 143 142 141 141
 142 143 140 139 136 135 135 136 134 132 134 136 137 137 134 132 130 130
 127 124 122 125 130 130 129 131 131 133 133 132 130 129 127 124 124 124
 124 122 118 114 112 112 115 115 116 116 114 109 105 102 102 107 115 123
 125 123 122 122 124 124 124 124 124 124 125 127 127 127 128 127 127 127
 129  28]","[ 29  29 160 159 157 157 158 160 162 159 158 158 159 161 161 162 161 161
 160 159 158 159 161 161 161 160 159 159 160 161 161 161 161 161 161 160
 158 160 162 161 161 159 157 155 156 157 160 162 161 160 159 159 160 161
 161 161 160 158 159 162 161 160 160 159 159 158 158 158 156 155 155 156
 156 156 155 153 152 151 152 152 151 151 152 153 151 151 153 154 152 151
 151 152 153 153 152 151 150 150 149 148 148 148 148 147 146 148 151 151
 149 147 146 146 145 145 144 142 143 146 145 143 141 141 141 140 139 140
 141 142 137 137 134 132 134 137 136 132 132 133 135 135 133 131 130 131
 130 125 120 123 129 130 129 130 132 134 134 131 129 129 128 125 124 124
 124 122 119 115 114 114 113 114 115 114 112 111 108 105 102 104 111 120
 124 123 122 123 124 124 125 125 125 125 125 126 128 127 127 126 126 126
 129  30]","[ 29  29 160 160 159 160 161 161 161 159 156 157 158 160 161 161 160 161
 160 158 158 159 160 160 160 160 159 160 161 161 160 159 161 160 160 159
 159 161 162 160 160 158 156 155 157 159 161 162 161 161 160 160 160 161
 161 161 162 161 162 162 161 162 161 158 159 158 157 158 157 156 155 154
 155 155 155 153 152 152 153 153 152 152 154 154 151 150 153 154 153 152
 151 151 152 151 149 147 149 149 148 147 147 147 146 145 146 146 146 146
 146 146 146 146 143 144 142 139 139 142 142 140 141 140 138 137 138 139
 139 138 137 137 135 132 133 137 137 133 131 131 132 132 132 131 131 132
 131 127 124 125 129 129 129 131 132 133 132 129 128 128 128 126 124 123
 122 121 119 116 115 114 112 115 115 113 111 110 108 106 102 103 109 118
 123 122 120 120 122 124 125 126 125 125 126 126 128 125 125 125 128 129
 131  29]","[ 29  29 160 160 159 160 160 160 160 159 157 159 160 161 160 160 159 160
 159 158 158 159 159 159 160 160 160 161 162 161 161 160 161 160 159 159
 159 162 162 159 158 158 157 158 158 159 160 161 161 161 160 160 159 159
 159 159 160 161 161 159 158 159 159 156 158 157 156 156 157 156 154 153
 153 154 154 153 153 154 154 154 154 154 155 156 153 152 154 154 155 153
 152 152 152 151 149 147 147 147 146 145 145 146 146 146 147 145 144 144
 145 146 146 145 143 143 143 141 140 140 140 139 142 140 137 136 137 138
 138 136 137 137 136 134 135 138 138 136 135 133 132 132 131 129 128 129
 127 129 130 129 129 128 129 133 133 132 130 127 127 128 128 126 124 123
 121 121 120 118 116 115 113 116 116 114 111 109 106 104 102 103 108 116
 122 121 119 118 120 122 124 125 125 126 126 127 126 123 123 127 133 134
 133  28]","[ 29  29 160 160 158 158 158 159 161 159 159 160 161 161 160 159 159 159
 159 159 159 160 160 160 161 161 161 161 160 160 161 161 161 159 159 160
 161 163 162 157 156 158 160 160 159 157 158 158 159 160 160 159 158 158
 158 159 162 161 161 160 157 157 158 157 156 156 155 154 155 156 155 153
 153 154 154 153 154 155 155 154 153 152 153 154 154 154 154 153 154 154
 153 153 154 153 151 149 147 147 146 145 145 146 147 147 146 145 145 145
 146 146 145 144 142 142 142 142 141 140 140 140 141 140 138 136 137 138
 137 136 134 136 136 135 136 138 138 138 136 134 132 131 129 125 124 124
 124 127 128 127 128 129 130 132 132 129 127 126 127 127 126 125 124 123
 122 123 122 120 118 116 114 115 115 112 110 109 107 105 105 105 107 113
 119 122 122 121 122 123 124 124 125 126 127 126 125 124 126 129 133 132
 131  29]","[ 28  29 162 162 160 160 161 162 161 160 159 160 160 160 159 159 159 160
 160 160 161 162 162 162 161 161 160 159 158 158 159 160 161 159 159 161
 162 163 160 155 154 158 162 162 158 155 155 156 158 159 159 159 158 158
 160 161 163 160 160 160 156 154 155 157 156 157 156 154 155 157 156 154
 154 155 155 154 154 156 155 153 151 149 149 152 153 154 154 152 154 154
 153 153 153 152 150 148 148 148 147 146 145 146 148 148 147 146 145 144
 144 144 144 144 139 139 139 139 138 138 140 142 140 139 137 136 136 136
 137 136 134 136 137 136 135 135 136 136 132 131 130 130 127 124 123 124
 122 124 122 121 125 130 131 130 130 127 125 126 128 127 125 124 122 122
 122 123 123 121 119 117 115 114 112 110 111 112 111 110 107 106 106 109
 116 122 126 126 126 126 125 124 125 127 127 126 124 126 130 131 129 126
 128  30]","[ 29  28 160 162 161 160 161 163 163 161 162 161 155 154 159 161 160 160
 160 161 162 163 162 160 161 160 158 156 156 158 161 162 162 161 160 160
 160 161 160 156 157 159 160 159 159 158 157 155 156 156 159 163 162 158
 158 162 162 161 160 157 156 155 156 158 159 160 158 157 157 157 156 156
 158 157 156 155 156 156 153 150 148 149 150 151 151 152 152 153 156 154
 152 151 151 150 149 147 148 148 147 147 146 146 146 147 150 147 145 143
 144 144 144 143 140 139 137 135 136 140 140 139 139 138 138 139 136 132
 130 130 133 136 137 135 135 136 135 133 131 130 131 131 129 129 129 126
 123 121 121 124 128 130 130 129 129 130 130 128 128 130 131 129 124 122
 122 124 124 120 116 115 115 114 112 111 111 112 114 114 111 109 108 109
 115 122 127 129 130 129 128 127 129 131 131 129 128 128 130 132 130 129
 133  28]","[ 31  32 161 157 153 155 159 161 162 160 161 161 157 156 159 160 161 160
 160 161 162 163 162 160 161 160 159 158 159 161 163 164 162 160 159 160
 160 160 158 154 156 157 158 158 159 160 160 159 158 158 159 163 162 160
 160 162 162 161 160 159 158 157 156 156 155 159 160 159 158 156 156 159
 158 157 155 155 157 157 155 151 148 150 153 154 154 154 154 155 155 153
 152 152 152 151 149 148 148 148 148 148 147 146 146 147 149 147 145 144
 144 144 143 142 141 141 140 138 137 138 139 139 138 137 136 137 135 133
 132 133 135 136 135 133 134 136 135 131 127 127 128 128 127 127 127 125
 126 123 122 125 129 130 130 130 130 132 132 131 131 132 132 130 125 124
 123 124 124 122 119 116 117 115 113 111 111 111 112 111 112 110 108 109
 114 121 127 131 133 133 132 132 133 135 134 131 130 131 132 134 133 133
 137  30]","[ 28  30 162 161 162 166 166 161 162 159 160 161 160 159 160 160 161 161
 161 161 163 164 163 161 160 160 160 160 161 163 164 164 161 157 157 159
 160 159 157 155 157 157 157 157 159 161 162 162 160 160 160 161 161 160
 160 161 161 160 160 161 161 160 158 156 158 160 159 158 157 154 154 158
 157 155 154 154 157 157 155 151 150 152 154 155 154 153 153 153 152 151
 150 150 150 150 148 147 146 147 148 150 149 146 144 144 147 146 146 146
 146 144 141 139 139 139 140 140 138 137 139 141 137 135 134 134 134 133
 134 136 137 137 134 133 134 136 134 130 127 126 127 128 128 128 128 126
 127 123 121 124 127 129 129 130 130 132 132 132 131 132 131 129 126 126
 126 124 124 123 121 117 116 114 112 111 110 110 109 109 114 112 109 108
 111 118 125 130 128 129 130 131 132 134 132 130 131 131 133 134 134 136
 139  30]","[ 29  30 159 156 157 163 164 161 161 158 158 161 162 162 162 160 160 160
 161 161 161 162 163 162 160 160 160 160 161 162 162 161 160 155 155 159
 161 160 159 158 160 159 157 157 159 161 162 162 161 161 160 158 157 158
 159 159 159 157 157 159 161 161 159 157 162 160 157 157 158 156 154 155
 157 156 154 154 155 156 154 152 154 154 154 154 154 153 153 153 152 151
 150 148 147 146 146 147 146 146 147 148 147 145 143 142 146 146 146 148
 148 146 142 139 138 138 140 140 139 137 139 142 138 137 136 135 134 134
 136 138 139 139 137 135 135 136 134 131 130 128 128 130 131 132 132 131
 129 125 122 123 126 129 130 129 129 130 131 130 130 130 129 129 127 128
 127 124 124 124 121 116 113 112 112 112 111 110 110 111 115 114 112 110
 110 114 120 125 124 125 127 130 133 135 134 131 131 131 132 132 134 137
 139  28]","[ 30  30 159 154 150 153 159 162 162 160 159 161 164 163 161 160 159 161
 161 160 159 159 161 162 160 160 160 160 161 161 161 159 159 155 155 159
 161 162 162 161 162 160 158 158 159 160 160 160 160 161 159 156 154 156
 159 160 158 155 155 157 159 159 158 157 158 157 157 159 161 159 156 156
 157 156 155 155 154 154 154 154 155 154 154 155 156 156 155 153 153 153
 153 150 147 145 145 147 148 147 145 145 145 146 147 148 147 147 147 148
 149 148 145 143 143 142 142 142 141 140 140 143 143 142 140 138 137 137
 138 139 139 141 141 139 136 135 134 134 133 130 130 131 132 133 134 133
 131 129 126 124 126 131 131 129 129 130 131 131 131 130 129 128 126 128
 127 124 123 123 121 116 113 113 114 114 113 112 113 114 114 114 114 112
 110 111 116 121 123 125 127 129 133 136 135 133 132 132 132 132 134 137
 139  28]","[ 29  28 161 161 159 158 159 161 163 162 160 161 164 162 159 159 161 162
 162 160 158 158 159 161 161 161 161 161 161 161 161 160 159 156 157 160
 162 162 163 162 161 160 159 159 160 160 159 160 160 160 159 156 155 157
 160 163 160 157 156 158 160 158 157 157 157 158 157 156 157 157 158 160
 156 156 156 155 154 153 155 156 156 156 156 157 157 156 153 151 152 154
 155 153 149 146 145 146 147 147 148 150 151 151 150 151 150 148 147 147
 148 148 148 147 147 146 145 146 145 145 145 146 145 144 142 140 138 138
 138 139 140 142 142 139 135 134 135 136 136 131 130 132 132 133 133 131
 131 130 127 124 126 130 131 129 128 130 132 134 134 132 129 127 126 127
 126 124 123 124 122 118 116 116 116 116 115 113 113 115 112 113 114 113
 110 110 114 120 124 125 127 128 130 133 132 131 132 132 132 134 135 138
 140  30]","[ 31  30 159 158 158 159 160 160 163 162 160 160 162 160 157 159 162 162
 161 159 158 158 159 160 161 162 162 161 160 161 161 160 159 158 159 161
 162 162 162 160 160 159 159 160 161 160 160 160 162 161 160 159 158 159
 161 164 163 160 159 161 161 158 157 157 159 161 158 155 156 158 159 161
 156 156 157 158 157 157 158 159 159 159 158 158 158 156 155 153 155 157
 157 155 152 149 149 149 149 150 153 156 157 155 152 150 152 151 149 149
 149 149 148 146 146 146 147 147 147 148 148 147 145 144 142 140 138 138
 139 139 142 142 140 136 133 133 135 137 137 132 131 132 132 131 130 128
 129 126 124 125 127 128 130 131 129 129 131 133 134 133 130 128 128 128
 127 124 123 124 123 121 121 118 116 117 118 116 114 114 113 114 114 112
 109 108 113 120 125 128 130 130 130 130 131 131 133 132 134 136 137 137
 139  30]","[ 28  29 159 157 156 159 162 163 162 162 160 159 162 159 157 160 161 160
 159 157 157 158 159 159 161 161 161 160 159 159 159 159 158 159 161 162
 161 162 161 158 159 158 159 161 161 160 160 161 164 162 161 161 161 161
 162 163 163 161 161 163 162 158 156 156 158 161 159 159 162 165 161 157
 157 157 158 161 162 161 162 163 161 161 161 160 160 160 162 163 162 161
 160 157 155 154 155 156 157 156 156 156 156 154 153 152 153 153 153 154
 154 152 148 145 145 147 147 146 146 147 146 144 144 144 142 139 138 138
 139 140 144 141 136 133 132 133 135 137 137 132 130 132 132 130 128 125
 128 123 123 127 129 129 131 135 131 130 129 131 133 132 131 129 130 129
 127 125 124 124 124 123 123 119 117 118 120 119 116 115 116 115 114 111
 107 106 112 119 123 128 131 130 128 128 130 132 134 133 135 139 138 137
 137  29]","[ 30  29 160 159 159 158 164 162 162 162 162 161 162 162 159 156 160 159
 155 155 159 162 162 163 163 163 163 163 162 161 161 162 161 159 160 166
 167 162 158 159 158 162 164 163 162 164 166 165 166 165 164 165 166 166
 166 167 163 161 165 168 166 168 170 166 162 167 171 171 172 173 171 167
 163 164 164 164 165 164 163 162 163 163 162 161 161 161 162 162 161 160
 159 160 158 156 156 158 160 159 157 157 157 157 155 153 153 152 152 153
 153 150 147 145 146 146 146 147 146 145 143 143 142 142 142 143 142 140
 139 139 137 139 139 136 134 134 136 138 137 132 129 131 131 129 128 129
 128 126 125 126 128 131 133 136 133 133 132 133 135 136 133 130 130 130
 129 125 123 123 124 125 126 124 122 121 121 121 119 117 115 116 115 111
 109 111 113 114 124 127 125 128 130 130 133 130 132 132 132 134 138 139
 139  29]","[ 30  29 161 158 157 156 162 160 160 163 165 163 161 161 162 162 160 160
 159 159 164 166 165 164 163 164 166 167 167 166 167 168 165 163 163 166
 166 164 164 166 169 172 174 172 170 171 172 171 170 169 168 168 168 168
 169 170 171 164 167 174 171 167 169 169 169 171 172 171 171 171 170 168
 166 166 165 165 164 164 163 162 162 163 163 164 163 163 163 163 164 161
 160 160 158 156 156 158 159 157 155 155 156 156 155 153 152 152 152 152
 150 147 145 145 146 146 146 146 145 144 141 139 142 141 141 141 143 143
 141 139 138 139 138 137 136 136 136 137 136 134 131 130 130 130 130 130
 130 127 124 124 126 128 132 135 137 135 133 132 133 135 134 132 128 128
 127 125 124 124 125 125 126 124 123 123 123 123 122 120 119 117 115 113
 110 108 109 112 122 126 125 127 130 130 132 132 129 131 131 134 137 138
 139  29]","[ 31  29 163 161 161 161 165 165 164 167 169 168 166 166 167 169 167 167
 167 168 171 172 169 167 166 168 171 172 172 171 171 173 171 170 170 170
 169 168 170 173 173 176 178 176 175 175 175 174 173 172 171 170 170 170
 171 172 175 168 169 175 171 166 167 170 170 170 169 168 168 169 169 169
 168 167 165 165 164 164 164 164 163 164 164 164 163 163 164 165 164 162
 160 159 158 157 157 158 158 156 154 154 155 155 154 153 152 151 150 150
 150 148 146 145 146 147 147 146 146 145 142 139 140 139 138 139 143 145
 142 138 137 138 137 137 137 137 137 136 135 136 135 131 129 131 132 130
 129 125 122 122 123 127 131 135 134 133 130 129 131 134 135 133 130 130
 129 128 128 129 129 127 125 123 122 123 125 125 124 122 121 119 118 119
 114 107 105 109 118 125 125 126 129 128 129 131 131 133 134 136 137 137
 137  28]","[ 30  29 166 166 169 171 174 174 173 173 172 172 173 173 173 173 175 175
 173 173 176 176 172 170 171 173 175 175 173 171 171 172 173 174 174 173
 171 171 171 172 169 171 173 173 174 175 175 175 173 172 171 171 171 170
 171 172 173 171 171 171 167 167 168 167 168 167 167 167 167 168 168 169
 167 166 165 165 165 165 165 165 166 165 163 161 161 162 163 164 163 161
 159 159 159 158 158 159 157 156 155 155 155 155 154 153 153 150 148 150
 153 153 150 147 146 148 148 147 147 147 145 142 139 139 138 139 144 147
 144 137 136 136 136 136 136 137 137 136 137 138 137 134 132 133 131 128
 129 126 122 121 122 124 128 132 130 130 130 129 130 133 133 132 131 131
 130 129 129 130 128 126 123 122 122 123 124 124 123 121 122 121 123 125
 120 110 105 105 111 120 123 124 127 126 127 129 132 134 136 137 138 138
 137  28]","[ 29  29 169 171 175 179 180 179 178 176 175 174 175 175 174 173 175 176
 175 175 178 177 174 172 174 175 176 175 172 170 170 171 171 172 172 172
 171 171 170 169 167 169 171 172 173 174 175 174 172 171 171 171 171 171
 172 172 173 174 173 168 166 168 169 167 169 169 168 168 168 168 167 167
 167 167 166 166 166 166 166 166 167 164 161 160 161 162 162 162 160 159
 159 159 160 159 159 159 157 157 158 157 155 154 153 153 152 151 151 152
 154 155 153 151 147 148 147 146 147 147 146 144 142 142 142 143 146 147
 144 138 134 135 135 134 134 135 136 137 139 138 137 137 136 134 131 128
 126 123 122 122 123 124 127 131 132 134 134 132 130 131 131 131 134 134
 132 131 130 130 128 125 123 122 121 122 123 123 121 120 121 123 125 125
 121 113 106 103 104 114 121 123 126 127 127 130 129 133 135 137 138 138
 138  30]","[ 29  29 171 173 177 180 179 177 178 177 177 176 174 172 173 174 172 175
 176 177 180 180 177 175 175 175 176 175 173 171 171 172 171 171 171 171
 172 172 172 171 171 172 172 172 173 174 173 172 171 170 170 171 172 172
 171 172 173 173 171 168 167 167 167 167 168 169 169 169 168 168 168 168
 168 168 167 167 167 166 166 165 165 163 161 161 162 163 162 160 158 159
 159 160 160 160 159 158 157 158 159 158 155 153 152 152 150 153 155 155
 153 152 153 154 150 149 147 147 147 147 145 144 145 146 146 145 145 144
 141 138 134 135 135 134 133 134 136 138 137 135 134 137 137 135 130 128
 125 123 123 123 124 125 127 129 133 135 135 133 131 131 133 133 137 137
 135 132 131 130 127 125 123 123 122 122 122 122 121 120 121 123 123 121
 118 114 109 104 104 112 122 124 124 128 128 129 130 133 136 137 138 137
 138  29]","[ 29  29 173 174 177 179 177 177 176 176 177 176 174 172 173 175 173 176
 177 178 179 179 177 177 174 175 175 175 174 172 173 174 173 172 172 173
 174 173 173 173 174 174 173 173 173 173 172 171 172 170 169 170 171 172
 171 171 171 171 169 168 168 167 166 167 166 168 168 166 165 167 168 168
 168 167 167 166 166 165 165 164 163 162 161 161 162 162 162 161 158 159
 160 160 160 160 159 158 158 158 158 157 155 153 152 151 152 155 157 155
 152 151 152 153 151 148 147 149 149 147 146 146 145 146 146 144 142 139
 138 138 137 138 137 135 134 134 136 138 135 133 132 134 135 134 131 129
 131 129 127 126 124 123 123 125 129 131 133 132 132 134 135 136 136 136
 134 130 127 126 125 123 123 123 123 123 122 122 122 123 121 121 120 117
 117 116 113 109 106 110 123 125 123 128 129 127 132 136 137 138 138 137
 137  28]","[ 29  29 175 175 177 180 178 179 176 175 174 175 175 174 174 175 176 178
 177 175 175 175 174 175 175 175 175 175 174 173 173 174 172 172 172 174
 174 172 171 172 175 174 173 173 174 174 173 173 174 171 170 170 172 172
 172 172 170 173 171 169 170 171 169 168 167 169 168 163 162 164 167 168
 167 166 165 165 164 164 164 163 163 163 161 160 160 161 162 163 157 159
 161 161 160 160 160 159 160 159 157 156 155 154 152 151 156 156 155 153
 152 153 152 151 150 146 146 149 150 148 147 148 145 144 144 142 139 137
 137 139 140 140 139 137 135 136 137 137 135 134 133 133 134 134 133 131
 129 127 126 126 125 125 127 129 127 129 131 132 133 135 136 135 136 137
 135 131 127 126 125 125 123 123 123 123 122 122 123 124 121 120 118 117
 118 118 116 113 105 108 122 125 122 129 132 129 132 135 137 138 138 138
 138  29]","[ 30  28 177 176 176 177 177 176 175 175 176 175 173 172 174 178 180 178
 175 173 173 173 173 173 174 175 176 176 174 173 172 172 177 177 176 173
 173 174 172 170 174 175 175 174 173 173 173 173 174 173 172 172 172 172
 172 171 171 172 172 172 171 171 170 169 168 168 168 165 164 164 166 167
 168 162 161 166 167 163 161 163 164 163 161 160 160 162 163 162 160 161
 163 163 162 161 159 158 158 158 157 155 154 153 154 155 155 157 156 153
 153 155 154 151 146 147 149 152 151 148 147 149 150 145 140 139 139 139
 138 138 139 139 140 141 139 137 139 142 138 135 136 138 136 135 133 129
 128 128 127 126 125 126 128 130 129 130 131 132 134 136 136 136 136 136
 135 132 130 129 127 126 124 123 122 121 121 122 123 123 120 119 120 122
 122 119 115 111 110 112 116 123 126 127 129 132 133 135 136 138 139 139
 139  29]","[ 30  28 177 176 177 178 179 178 177 177 177 177 175 173 175 177 178 176
 173 172 172 172 173 173 175 176 177 175 173 171 173 176 177 178 178 176
 175 176 175 174 171 175 178 176 173 171 172 174 174 173 172 173 174 174
 171 169 170 172 172 171 170 170 171 172 172 171 169 167 166 167 170 171
 168 164 163 167 167 164 161 163 161 162 163 165 165 164 163 162 163 164
 164 163 162 160 160 159 157 156 154 154 154 155 156 156 158 156 154 154
 155 155 153 150 148 148 148 149 149 147 146 147 146 144 141 140 140 139
 138 138 139 139 141 143 139 135 135 139 140 136 137 137 135 135 136 133
 133 131 127 124 122 123 127 131 131 131 130 132 135 138 139 139 137 137
 136 134 131 130 128 127 125 126 125 124 122 122 123 124 122 122 122 122
 121 118 114 112 108 109 113 120 126 128 130 132 132 134 135 136 138 138
 138  29]","[ 29  28 177 175 176 177 179 178 178 179 179 178 176 174 174 175 178 176
 173 172 172 173 173 172 178 176 175 176 176 174 174 176 175 177 178 177
 176 176 176 176 172 174 175 175 173 171 171 171 172 171 171 172 174 174
 172 170 173 174 175 173 171 168 168 168 172 171 169 167 167 169 171 172
 169 166 165 166 165 163 162 163 163 162 163 164 164 162 162 163 165 166
 166 163 161 160 160 160 159 156 154 155 157 159 159 157 158 155 153 154
 155 154 152 151 148 148 148 147 148 149 149 149 144 144 143 140 139 138
 138 138 139 140 143 144 140 135 134 138 138 137 137 138 136 136 137 135
 134 132 130 127 124 122 124 128 134 134 133 134 137 140 140 139 137 138
 137 135 132 131 129 128 127 128 129 127 125 124 124 126 125 124 123 123
 121 117 114 112 107 107 110 118 126 129 130 131 132 134 134 135 137 138
 138  29]","[ 29  27 177 175 175 175 177 176 177 179 180 179 176 173 173 173 176 175
 173 173 174 175 174 174 179 176 175 178 179 176 174 174 173 175 176 175
 174 174 175 175 174 175 174 173 172 172 171 170 173 172 171 171 172 172
 172 171 169 171 174 175 174 171 170 169 169 169 168 168 168 169 169 168
 169 168 166 165 165 165 165 165 167 165 164 164 163 161 161 164 166 167
 166 164 162 161 161 161 160 157 154 154 157 159 157 155 155 155 155 155
 154 153 153 153 150 150 150 148 148 150 150 150 146 146 144 140 138 139
 140 139 141 143 145 143 140 137 137 139 138 136 135 134 134 135 136 136
 131 130 130 129 125 121 121 125 131 133 135 137 139 140 140 139 139 139
 138 135 133 131 130 129 128 129 129 128 126 125 126 128 127 125 124 123
 122 119 115 113 110 107 108 115 124 128 130 130 133 135 135 136 137 138
 138  29]","[ 30  29 178 175 174 174 174 173 174 177 179 178 175 173 173 174 173 173
 173 174 175 176 175 175 175 176 178 180 177 173 173 176 175 175 174 173
 173 173 174 174 174 176 178 176 173 172 172 172 173 173 173 173 171 170
 171 171 169 169 171 174 174 173 171 170 168 168 168 168 168 168 167 166
 168 169 169 168 168 169 168 167 168 167 167 168 165 162 162 164 165 166
 166 165 163 162 161 161 161 159 157 157 158 157 156 154 154 155 155 153
 154 156 156 154 152 153 152 149 147 147 147 147 148 148 146 142 141 142
 142 141 142 144 143 139 137 138 139 138 139 136 131 129 131 134 136 136
 131 130 129 128 124 120 121 124 125 129 134 137 139 140 141 142 141 140
 138 136 134 133 131 130 129 129 128 126 125 125 126 126 126 124 123 124
 123 121 117 115 113 109 107 112 119 125 128 131 135 137 137 138 139 139
 139  29]","[ 30  29 177 175 173 173 173 172 172 176 178 177 175 174 175 176 176 176
 176 176 175 175 173 173 174 174 174 175 174 172 173 176 176 174 173 172
 173 174 174 173 174 175 177 177 176 174 172 169 166 169 173 173 172 171
 171 172 172 170 170 171 171 170 170 170 170 169 167 166 166 167 167 166
 166 168 169 170 170 170 168 166 167 166 166 166 164 162 162 164 164 164
 164 163 162 161 160 159 160 160 159 159 158 157 156 155 155 155 154 153
 156 160 158 153 153 154 153 150 148 146 146 146 147 147 146 145 145 144
 143 141 143 143 140 135 134 137 137 135 138 137 134 132 135 137 135 133
 131 132 132 131 127 123 121 121 125 129 134 136 137 139 142 144 143 141
 139 136 135 135 134 133 132 130 128 126 126 125 125 124 124 123 122 123
 124 122 118 116 113 110 107 109 113 119 126 132 135 137 139 140 141 140
 139  29]","[ 30  28 177 174 173 173 175 175 173 175 176 175 174 175 176 176 179 179
 179 177 176 174 173 172 175 172 171 171 173 174 174 174 174 173 171 172
 173 173 174 174 176 174 173 174 176 176 172 168 163 166 170 172 172 171
 171 171 169 167 167 168 169 169 171 173 170 169 167 165 164 166 167 167
 166 167 168 169 169 168 166 164 164 165 166 165 164 163 163 163 162 162
 162 162 162 161 160 159 156 157 159 159 158 156 155 154 158 157 156 156
 157 159 158 156 154 154 153 152 150 147 147 147 147 146 146 147 146 145
 144 144 145 143 140 138 137 136 136 135 136 139 137 136 139 138 133 131
 132 134 135 134 131 128 124 121 128 131 134 135 135 138 141 143 143 141
 138 136 136 137 137 136 134 132 130 128 127 125 124 123 122 122 122 123
 122 120 117 116 114 111 108 107 108 113 123 132 134 136 138 140 141 140
 138  28]","[ 30  28 177 174 174 175 178 179 174 175 175 174 174 175 175 173 178 178
 178 177 176 175 175 176 173 173 172 172 172 172 173 173 172 171 171 172
 173 173 174 175 176 175 174 173 173 173 173 171 167 169 171 172 171 170
 169 169 170 168 168 168 168 166 167 169 169 169 167 165 165 166 167 167
 168 167 166 167 167 166 166 165 162 165 169 171 170 168 164 161 162 162
 162 162 163 163 163 161 158 159 161 162 161 159 158 157 158 159 160 160
 157 155 157 159 157 155 153 152 150 147 145 146 150 148 148 148 147 146
 146 148 147 143 142 143 141 138 137 138 138 140 137 133 136 136 133 132
 135 136 134 131 129 129 127 123 126 129 132 134 135 137 140 142 142 140
 136 135 137 139 138 137 134 133 131 129 127 125 124 123 121 121 122 122
 120 118 116 116 114 112 109 107 105 110 121 132 133 135 137 139 140 139
 138  28]","[ 30  29 178 181 174 176 179 175 175 176 176 173 174 177 177 173 174 177
 178 176 174 175 174 171 173 173 173 173 173 173 173 173 172 172 172 172
 172 173 173 173 174 173 173 173 173 172 173 174 169 171 171 170 169 168
 168 170 168 169 170 168 166 166 167 168 167 167 167 166 165 164 166 168
 169 169 167 167 168 168 166 162 163 166 169 170 168 165 163 162 163 162
 161 160 160 162 163 164 161 161 162 162 161 159 157 156 156 158 161 160
 156 154 155 158 156 154 151 150 151 151 148 145 151 151 150 149 147 146
 147 148 145 143 143 143 141 138 135 135 135 135 135 134 134 133 134 136
 135 135 131 128 130 128 123 123 126 130 133 133 131 133 138 144 141 139
 136 135 137 138 137 136 136 133 129 128 127 125 124 124 124 126 126 123
 120 119 118 117 116 112 109 109 108 112 122 133 135 137 136 138 138 138
 140  29]","[ 29  28 176 180 177 178 178 173 170 172 173 174 175 178 176 173 172 174
 176 175 175 175 174 172 173 173 173 173 173 172 171 171 172 172 173 173
 173 173 173 172 172 172 172 172 173 173 174 174 169 170 171 171 171 172
 172 170 172 172 170 168 167 168 169 169 168 168 168 167 166 165 167 169
 169 169 168 168 168 167 165 162 165 166 169 169 167 164 163 163 163 162
 160 159 159 160 161 161 161 162 162 162 162 160 158 156 155 157 159 160
 159 157 157 158 156 155 153 152 152 152 151 150 152 151 150 149 147 146
 146 146 145 144 144 145 143 140 138 137 136 136 136 136 136 135 134 134
 134 137 136 133 131 127 122 122 123 127 130 131 131 132 137 141 142 140
 138 136 137 137 135 132 131 130 128 128 127 124 122 122 125 127 126 123
 121 120 120 120 114 111 109 108 108 111 120 129 133 138 137 137 137 139
 142  28]","[ 30  28 172 174 175 177 177 175 172 173 174 175 176 176 174 172 175 175
 176 177 176 175 173 172 174 175 175 175 174 173 171 170 172 172 173 174
 175 174 173 171 173 173 172 171 172 174 175 174 171 170 171 171 171 173
 173 167 166 167 168 169 170 170 170 168 167 168 169 169 168 167 167 168
 168 169 170 168 167 165 164 162 164 165 167 168 168 166 166 166 166 164
 162 161 161 162 162 162 161 162 162 162 162 160 158 156 154 156 158 160
 161 160 159 158 156 156 155 153 152 152 153 154 152 151 149 148 147 146
 146 146 145 144 145 145 143 141 139 138 138 138 137 136 137 139 137 134
 133 137 137 136 134 128 122 120 120 124 128 130 131 132 135 138 141 141
 139 137 136 134 132 129 129 127 127 127 126 123 122 122 125 125 125 122
 121 122 122 122 117 116 113 110 107 108 113 118 132 136 135 137 137 139
 142  29]","[ 30  30 171 172 175 176 174 175 177 176 176 176 175 174 173 173 177 176
 176 177 177 175 173 173 175 176 177 177 176 174 172 170 172 172 173 174
 175 174 173 171 174 174 173 170 171 174 174 172 172 170 172 172 170 173
 173 166 162 164 166 168 170 170 169 167 166 168 170 171 170 169 168 168
 168 170 170 169 166 164 163 163 162 164 166 168 167 166 166 166 163 162
 161 161 161 161 161 160 162 162 162 162 162 160 158 156 156 157 158 159
 160 160 159 158 156 156 155 152 151 152 154 154 152 151 148 147 146 146
 146 146 145 145 144 143 142 140 138 138 138 138 138 137 138 141 141 138
 138 138 138 139 140 137 129 123 122 125 128 131 132 133 135 136 139 140
 139 137 134 132 131 130 129 127 125 125 124 123 122 123 122 123 123 121
 121 123 123 123 121 122 119 113 108 107 109 112 128 131 132 136 138 138
 141  30]","[ 28  30 174 176 178 176 171 172 176 175 175 176 175 174 174 175 175 172
 172 175 176 175 175 176 174 175 176 176 175 174 172 171 172 172 172 173
 173 173 173 172 174 174 172 169 170 172 173 171 171 170 172 172 169 173
 175 169 169 169 169 167 167 168 169 170 169 170 171 171 170 169 168 168
 170 170 170 169 166 164 164 166 164 165 167 168 167 164 162 162 162 162
 162 162 161 161 159 159 162 161 161 161 160 159 158 157 158 158 158 157
 157 158 158 158 158 157 155 153 152 153 154 154 154 152 149 147 147 147
 147 147 146 145 144 143 141 140 140 139 138 139 140 139 139 141 141 139
 139 137 136 137 139 138 131 124 124 126 129 133 135 136 136 136 137 139
 140 137 134 132 132 133 130 127 125 125 125 123 122 122 122 123 123 122
 122 123 123 121 121 123 122 116 110 109 111 113 121 128 130 133 135 139
 143  30]","[ 28  30 175 177 177 174 171 173 174 175 176 177 176 175 174 175 175 173
 173 175 176 176 176 177 174 174 174 175 174 174 173 173 172 172 172 171
 171 172 173 173 172 172 171 170 171 173 173 172 172 171 173 173 169 170
 171 169 173 173 173 171 169 169 170 171 172 171 169 168 167 166 167 168
 171 170 170 169 167 166 166 168 166 166 168 168 167 164 162 162 164 165
 165 165 163 162 160 159 160 160 160 159 158 158 157 157 158 159 158 156
 155 156 158 159 159 158 156 154 154 155 154 154 155 154 152 150 148 147
 147 147 147 147 146 144 143 143 143 143 139 141 142 142 141 140 139 136
 136 134 134 134 132 131 128 122 124 125 128 131 134 136 137 137 137 139
 140 138 135 133 134 135 131 129 127 128 127 125 122 121 122 123 123 122
 122 122 121 119 118 120 120 117 112 110 111 113 115 127 131 129 131 140
 145  27]","[ 30  30 175 176 176 174 174 177 177 178 179 178 176 175 175 175 178 177
 176 176 176 176 175 175 175 175 174 174 174 174 175 175 173 173 172 171
 170 171 172 174 172 173 173 173 174 174 173 173 174 174 174 173 171 168
 167 168 172 173 173 172 171 170 170 170 172 170 168 167 165 165 166 168
 171 169 168 169 168 168 168 169 168 168 167 167 166 164 163 163 164 165
 165 164 163 161 160 160 159 159 160 159 158 157 157 157 158 159 159 156
 155 156 158 159 159 158 157 156 155 155 154 153 154 155 154 152 149 147
 146 146 146 147 147 146 146 146 146 145 143 143 144 144 143 141 139 138
 138 136 137 136 131 130 128 124 123 124 126 129 132 135 137 138 138 139
 139 138 137 136 136 135 132 131 130 130 128 125 123 123 123 124 123 123
 123 123 121 119 119 119 119 117 114 112 110 110 115 127 131 130 131 138
 143  27]","[ 30  29 176 180 179 177 177 178 179 179 179 176 175 175 177 177 177 176
 176 175 175 175 174 173 176 175 174 173 173 174 175 176 174 174 173 172
 170 170 172 174 173 173 174 175 175 173 171 171 174 174 174 174 173 169
 168 170 174 174 172 169 168 169 170 171 171 170 169 168 167 167 167 168
 170 168 167 168 169 168 168 168 171 169 167 165 163 161 161 162 165 166
 167 166 164 162 162 163 159 160 162 161 160 159 158 159 158 160 159 156
 155 157 158 158 157 158 157 156 155 154 154 153 152 153 155 153 149 146
 145 146 145 147 147 147 147 147 146 145 147 145 143 143 143 142 142 143
 140 137 137 136 132 131 129 124 124 125 126 129 133 136 138 139 138 138
 137 137 138 138 136 134 132 131 131 130 127 123 123 125 125 125 124 124
 124 125 123 121 121 120 119 119 118 115 112 110 118 125 130 133 133 135
 140  29]","[ 29  29 178 178 180 180 179 178 178 178 178 176 175 175 176 178 176 174
 174 176 176 173 173 175 175 174 175 176 175 174 174 175 175 174 173 172
 172 171 172 173 176 176 176 175 174 174 175 176 175 175 175 173 171 169
 169 169 172 172 171 170 169 170 170 169 169 170 170 167 167 169 171 171
 171 169 166 166 167 168 168 167 171 168 167 166 162 162 165 163 165 165
 165 166 165 164 164 164 164 163 162 161 162 163 163 162 162 158 156 157
 159 159 157 155 155 158 159 157 154 153 153 152 154 154 154 152 147 145
 146 146 149 147 147 148 147 146 145 145 143 143 144 144 145 145 145 145
 145 141 139 137 132 130 130 129 126 126 129 131 131 136 139 136 137 137
 139 140 139 138 138 136 137 135 132 131 126 122 123 121 124 123 121 119
 118 121 123 123 122 121 122 122 118 114 109 105 111 123 131 137 136 136
 142  27]","[ 29  28 177 177 179 179 178 178 175 175 176 177 177 178 179 179 175 175
 175 175 174 174 174 173 172 174 177 178 176 174 174 176 177 176 175 173
 171 170 170 172 176 175 175 174 173 173 175 177 174 174 173 172 171 170
 170 170 172 171 170 170 171 172 172 171 170 171 171 169 168 169 170 170
 168 165 164 164 166 166 166 167 169 166 166 166 163 164 167 165 164 164
 165 165 165 164 165 166 166 166 165 163 162 163 163 163 162 158 155 156
 159 159 157 155 156 158 158 155 153 152 153 153 153 152 151 150 148 148
 150 149 147 147 147 147 147 147 146 145 143 143 143 143 142 142 142 142
 143 141 140 139 136 132 129 125 125 125 127 128 129 132 135 135 131 131
 134 137 138 138 138 135 133 130 128 131 128 123 124 123 121 121 120 118
 118 119 120 120 122 121 121 119 114 110 108 106 108 117 130 135 134 137
 139  29]","[ 30  29 178 177 179 179 179 179 177 175 174 176 178 180 180 179 176 179
 178 174 173 175 175 173 174 174 175 177 177 176 175 175 176 176 175 174
 173 172 173 174 175 174 173 173 172 173 175 177 175 174 173 172 172 172
 172 172 169 168 167 168 170 172 172 170 170 171 171 171 169 168 169 169
 168 165 165 166 168 167 169 171 169 167 167 167 166 167 168 166 166 166
 166 165 164 163 164 165 164 165 166 164 162 163 164 165 164 159 156 157
 160 160 158 156 154 155 155 154 154 155 154 153 153 150 149 149 149 151
 152 150 147 148 148 147 147 148 148 146 145 144 144 143 142 142 141 141
 143 142 142 141 138 136 130 124 121 122 123 126 130 131 132 136 132 131
 133 137 139 139 138 134 129 126 125 130 129 123 124 124 121 122 121 120
 120 121 121 120 122 121 121 119 113 110 110 109 107 112 128 133 133 137
 137  30]","[ 30  29 178 177 179 179 179 180 180 177 174 174 177 180 180 179 178 181
 180 175 173 176 176 174 178 176 174 174 175 175 176 176 175 175 175 175
 175 175 175 176 174 173 172 171 171 172 174 176 175 173 172 171 172 173
 173 172 169 169 168 169 171 173 173 172 170 171 171 171 170 168 169 170
 169 167 166 168 169 169 170 173 171 169 168 167 168 168 167 166 167 167
 167 165 163 161 162 163 164 165 165 164 162 162 164 166 165 161 158 159
 161 161 160 158 155 157 158 158 159 159 157 154 158 155 153 153 153 154
 154 152 148 149 149 147 147 149 149 147 145 145 145 144 144 143 142 141
 143 143 142 140 138 137 133 127 119 120 121 125 131 131 131 136 135 132
 133 136 138 139 137 133 131 128 126 129 127 124 124 123 123 123 123 122
 122 122 122 122 121 121 122 120 116 114 113 112 109 111 123 130 132 135
 137  29]","[ 29  28 178 177 179 179 179 179 180 177 175 175 178 180 180 179 179 179
 177 175 174 175 176 176 178 179 178 175 172 172 175 178 175 175 175 176
 176 176 174 174 173 172 171 171 171 171 173 174 174 173 171 171 171 172
 172 171 168 169 169 169 170 172 172 172 171 171 171 171 169 168 168 170
 169 167 167 168 168 167 168 170 172 170 168 167 169 169 167 166 167 167
 167 166 164 162 162 163 167 167 166 164 162 162 163 164 164 162 160 160
 160 160 160 160 161 161 161 161 162 162 159 155 158 156 155 155 153 153
 153 150 149 150 149 146 146 149 149 147 145 145 145 145 145 144 143 141
 142 142 142 140 137 137 135 130 123 122 121 124 129 129 129 135 139 136
 135 137 139 140 140 137 133 131 127 127 125 124 127 124 123 122 121 121
 121 121 121 121 120 120 120 118 115 115 115 112 111 111 116 128 132 133
 139  28]","[ 29  29 179 178 180 179 179 180 180 179 178 178 178 178 177 176 178 177
 176 175 176 176 177 178 178 179 180 178 175 175 176 177 175 175 175 176
 177 176 175 174 173 172 171 171 171 171 172 173 174 173 172 172 172 171
 171 171 167 168 168 168 169 170 171 171 172 171 170 169 168 167 168 168
 171 170 169 168 168 167 167 168 172 171 168 168 171 171 168 168 167 168
 169 169 167 166 166 166 167 166 165 163 162 162 163 163 163 162 162 161
 161 160 160 161 161 159 157 156 158 160 159 156 154 153 154 154 153 152
 152 150 152 152 150 148 148 149 148 147 146 146 145 146 146 145 143 142
 141 141 142 142 140 140 137 133 128 124 120 122 126 128 131 136 141 139
 138 139 139 140 141 139 131 130 127 125 124 125 128 125 122 121 119 118
 117 117 117 118 121 119 117 115 113 114 114 111 110 110 111 124 131 133
 140  28]","[ 29  30 180 179 181 180 180 180 180 181 181 179 176 175 174 174 178 177
 176 177 178 178 178 178 178 178 178 178 180 180 178 174 174 175 176 176
 176 175 175 176 174 173 172 172 172 171 172 172 174 174 174 173 172 172
 171 172 170 170 170 170 171 172 172 172 170 171 169 168 167 168 168 166
 172 172 171 169 169 170 170 169 171 171 168 168 172 171 168 168 167 168
 169 170 170 168 167 167 164 165 164 162 161 162 163 164 164 163 163 163
 162 162 162 162 158 156 153 153 155 158 158 155 155 154 155 156 155 155
 155 153 153 152 151 150 150 149 148 148 148 147 146 146 146 146 145 144
 144 142 143 144 144 143 140 136 131 125 121 122 124 128 133 135 135 135
 137 138 137 137 139 138 130 129 127 128 127 127 130 128 124 121 119 117
 116 114 115 116 119 117 116 114 113 114 114 111 110 108 111 122 130 135
 139  29]","[ 29  30 180 180 181 180 180 180 179 180 180 178 175 173 175 177 178 178
 178 178 179 180 179 177 175 177 178 179 179 180 179 176 175 176 176 176
 174 172 173 175 176 174 173 173 172 172 172 173 173 174 174 174 172 171
 171 172 171 170 169 169 171 172 171 169 169 170 169 167 167 169 168 166
 169 170 170 168 168 171 171 170 170 170 168 167 170 169 165 165 166 167
 168 170 169 167 165 164 166 167 166 163 161 161 163 164 164 163 163 163
 164 163 162 162 161 159 156 155 157 158 157 154 154 153 154 155 155 155
 154 152 152 151 151 151 151 149 147 147 148 147 145 145 146 146 146 145
 146 142 142 144 145 144 141 137 134 127 124 124 125 129 132 131 130 132
 137 140 139 140 143 143 131 130 130 133 132 129 131 130 125 123 120 118
 116 114 113 115 115 115 116 115 114 115 114 110 110 106 114 121 129 137
 138  29]","[ 29  28 179 180 180 180 181 181 181 178 176 176 177 178 177 177 179 179
 179 179 179 178 178 179 182 178 177 179 179 180 180 178 176 174 175 175
 174 176 179 180 177 174 171 172 173 173 173 173 173 175 176 175 173 172
 171 171 171 173 173 171 172 172 172 173 168 166 167 170 170 167 166 167
 169 171 170 167 168 170 169 166 166 167 168 169 169 168 167 166 167 167
 167 167 167 166 165 165 166 165 165 164 163 162 163 165 161 163 164 164
 164 165 164 163 157 159 160 159 158 156 155 155 155 156 156 154 153 153
 154 154 153 152 151 151 149 148 147 147 146 146 147 146 146 146 146 147
 147 139 140 144 144 144 142 137 132 130 125 122 123 127 130 130 130 135
 139 141 141 142 141 139 134 131 133 138 136 132 129 129 128 123 120 116
 114 114 111 112 113 113 115 117 114 112 112 112 110 109 112 119 130 135
 135  30]","[ 29  29 180 181 181 179 180 179 181 178 176 176 177 178 178 178 178 178
 179 180 179 179 180 181 185 181 179 179 178 178 178 177 176 175 175 175
 173 175 179 180 177 174 173 174 175 175 174 173 175 175 175 174 172 171
 170 169 169 171 170 170 172 173 170 169 166 164 165 168 168 167 166 168
 167 167 167 169 171 171 170 168 167 168 170 171 171 170 168 166 168 168
 168 167 166 165 165 165 166 165 165 164 164 164 166 168 163 163 162 163
 165 165 163 162 159 161 162 161 159 157 156 155 155 157 158 157 156 155
 154 153 155 154 152 150 148 147 146 145 147 147 147 145 144 144 146 147
 144 139 140 143 141 141 141 136 135 133 127 123 123 126 129 130 134 137
 140 140 141 142 142 140 139 134 134 136 135 132 131 131 128 123 121 116
 113 112 110 112 114 114 115 114 113 113 112 109 111 109 109 114 125 133
 134  30]","[ 30  29 182 182 182 180 180 179 182 180 179 179 179 179 179 180 179 180
 180 180 179 178 178 180 183 180 179 178 177 177 178 177 177 176 175 175
 173 175 179 180 177 174 173 174 176 175 174 174 175 173 172 172 171 169
 167 167 166 167 167 168 173 174 172 169 168 166 165 167 168 166 166 167
 170 168 168 172 173 170 168 168 168 169 170 171 171 170 168 167 167 168
 167 166 164 164 165 166 164 162 162 161 162 162 164 166 165 163 161 164
 165 165 162 161 160 161 162 161 159 158 157 156 156 158 159 158 156 155
 154 153 154 154 152 149 148 148 148 147 151 151 149 146 143 141 142 144
 143 140 142 143 140 140 141 137 137 134 129 125 124 126 129 131 136 139
 140 139 140 142 142 141 140 136 135 135 134 134 134 132 127 124 122 117
 113 112 111 114 114 114 113 112 112 113 111 105 109 107 107 111 122 131
 133  28]","[ 30  29 182 183 182 180 180 180 182 181 181 181 181 180 180 180 179 179
 178 179 179 178 178 179 178 177 178 178 177 176 178 178 177 176 176 176
 174 175 179 180 178 175 173 173 174 174 174 174 173 172 172 172 171 168
 166 165 167 168 167 168 172 174 172 172 171 168 167 167 167 167 167 168
 172 170 171 173 173 169 167 168 169 169 169 169 169 169 168 168 166 167
 167 165 163 163 164 166 165 164 163 162 162 162 163 164 164 162 162 164
 165 163 161 161 161 160 160 160 159 158 158 158 159 158 157 155 153 152
 153 154 154 154 152 149 148 148 149 148 148 148 147 146 145 144 144 144
 142 141 142 141 138 140 141 139 136 134 131 128 127 128 131 133 135 137
 138 138 139 141 142 141 138 136 135 135 134 135 134 130 126 123 122 117
 113 112 110 113 112 111 111 111 110 111 108 103 106 104 102 105 115 127
 132  29]","[ 30  29 181 182 181 179 180 180 179 179 180 181 181 180 180 180 178 176
 176 178 180 181 181 181 180 178 178 178 176 176 178 178 179 178 178 178
 176 176 178 178 178 176 174 174 175 174 173 173 171 172 173 173 170 167
 164 163 166 170 171 170 170 170 170 171 169 167 166 166 167 167 167 169
 170 171 172 172 170 169 169 170 169 169 169 168 168 169 169 169 167 168
 168 167 164 163 163 164 166 165 164 164 163 162 162 162 162 162 164 166
 164 161 160 162 161 160 159 159 158 158 158 160 161 158 156 153 152 151
 152 154 155 154 152 149 147 147 147 146 146 146 147 147 148 146 143 140
 141 140 139 138 137 139 140 139 136 134 132 131 129 128 130 132 134 136
 138 138 139 140 140 139 140 138 136 135 134 134 132 127 125 122 120 116
 113 112 108 109 108 107 108 110 108 106 104 101 103 100  97  97 107 120
 130  30]","[ 29  29 181 181 180 178 179 179 177 178 179 180 181 180 180 181 179 178
 177 179 181 182 182 182 182 179 178 177 176 177 180 181 180 179 180 179
 177 177 177 176 176 175 175 176 176 174 172 171 170 172 172 171 168 165
 162 160 162 168 172 171 170 169 169 170 170 169 168 167 167 166 166 167
 168 171 172 170 168 168 169 169 167 168 168 168 168 167 167 167 169 169
 169 167 166 164 163 163 165 164 164 164 163 162 162 162 163 164 166 167
 165 162 162 163 163 161 159 159 159 158 159 161 160 157 155 155 154 152
 152 153 153 152 150 149 148 146 146 146 148 147 147 148 148 146 141 136
 141 140 137 137 138 140 140 140 136 133 131 130 128 125 125 127 134 137
 140 139 139 140 140 139 141 138 137 136 134 135 134 131 128 123 121 117
 115 112 107 106 105 103 105 105 102  99  98  98  98  96  95  97 105 115
 125  28]","[ 30  29 180 181 180 179 179 179 179 179 179 180 181 181 181 182 182 181
 180 180 181 180 180 181 182 178 177 178 177 179 182 183 181 180 180 180
 178 178 177 175 175 175 175 177 177 175 172 171 170 172 171 168 167 168
 166 163 161 167 171 171 171 170 170 171 171 171 171 169 167 166 165 166
 169 171 172 171 169 169 168 167 168 167 167 167 166 166 165 165 167 166
 166 166 166 166 165 164 166 165 165 165 164 163 164 165 164 165 165 165
 164 163 162 162 163 161 159 160 160 159 160 162 158 156 155 156 157 155
 154 154 152 150 149 150 149 147 146 148 146 145 145 147 149 149 146 143
 142 141 138 139 141 141 140 141 138 134 131 129 127 123 123 126 135 139
 141 140 140 141 142 141 141 139 138 138 137 136 136 134 130 126 123 119
 116 113 108 106 103 102 101  98  94  92  94  94  93  91  92  95 102 111
 122  27]","[ 30  29 181 181 182 181 181 180 182 180 180 180 180 181 181 182 181 181
 181 181 180 180 180 182 181 178 178 179 179 180 181 180 181 179 179 180
 179 178 178 176 177 176 176 178 178 176 174 173 171 173 171 168 169 173
 173 169 167 171 172 171 171 170 170 170 170 171 171 170 168 166 166 167
 168 169 170 172 172 171 169 168 170 169 167 166 165 165 165 166 163 162
 163 164 166 168 167 167 164 163 163 163 162 161 163 164 165 163 161 160
 161 162 160 158 161 159 159 160 160 159 160 162 158 155 154 156 158 157
 155 155 154 151 150 152 151 146 145 147 148 147 147 148 149 149 148 146
 143 141 140 141 143 141 139 141 141 135 131 130 128 124 125 128 135 139
 141 140 139 141 143 144 143 141 141 141 139 136 134 132 131 126 124 120
 116 113 108 108 103 102  99  93  87  88  91  90  92  89  87  89  95 105
 120  31]","[ 30  29 181 185 182 179 186 177 182 181 181 180 179 180 181 182 181 179
 179 182 184 183 182 181 180 180 179 179 179 179 179 179 180 179 178 177
 177 179 179 175 177 178 179 179 177 174 173 173 175 173 171 170 171 172
 172 172 170 171 172 170 170 172 172 171 172 171 171 171 168 165 165 168
 167 168 169 169 168 168 170 171 171 169 168 167 167 167 166 166 162 163
 163 165 167 167 167 167 167 163 162 162 160 159 160 160 161 160 160 161
 160 158 156 154 155 157 158 158 160 161 160 158 157 158 158 157 156 155
 154 154 155 152 152 153 151 147 145 147 145 147 148 148 147 146 146 146
 145 143 140 140 143 144 142 138 140 136 133 131 127 124 123 124 128 134
 138 138 138 140 142 142 141 141 141 141 140 138 133 130 129 127 124 122
 120 118 113 109 103 102  95  89  88  87  85  83  87  86  89  86  88  98
 120  29]","[ 32  24 186 182 181 183 182 179 180 181 182 183 183 182 182 182 180 180
 180 182 183 181 180 179 177 177 176 176 176 177 178 179 178 177 176 176
 176 179 180 177 175 175 176 178 178 177 176 176 174 173 172 172 171 171
 171 171 171 171 171 172 173 175 175 173 172 171 171 172 171 168 167 167
 168 169 170 170 169 168 167 168 170 171 171 170 169 167 166 166 164 163
 163 164 167 168 167 167 166 163 162 164 162 160 159 158 160 159 158 157
 157 156 155 154 155 156 157 158 159 159 158 156 154 156 157 156 153 153
 154 156 158 155 154 154 151 146 144 145 147 148 148 148 147 146 146 147
 144 144 143 141 139 138 139 140 138 137 135 132 127 124 123 124 124 129
 133 133 134 137 140 140 144 141 139 139 139 138 135 132 132 129 125 122
 122 121 115 107 104 101  96  90  86  84  83  82  79  82  82  82  83  80
  89  30]","[ 29  35 185 186 185 184 178 181 179 181 183 185 184 183 181 181 181 181
 183 184 183 181 179 179 177 177 176 176 177 178 179 179 179 177 176 175
 175 177 178 175 175 175 176 178 179 178 176 175 174 175 175 175 173 172
 172 172 171 170 168 169 172 174 174 173 172 170 169 171 171 170 168 167
 167 168 169 169 168 166 165 165 165 167 169 169 168 166 166 166 166 164
 164 164 166 167 167 166 166 163 163 164 163 162 161 160 163 162 161 161
 160 159 158 158 158 159 159 160 160 160 159 158 157 156 155 156 156 157
 156 156 155 153 152 153 152 149 148 149 148 148 147 147 146 146 147 147
 146 144 143 142 141 139 138 139 134 137 138 135 130 126 122 120 124 128
 132 132 134 137 139 140 142 139 136 135 137 138 136 134 133 131 127 123
 123 123 116 107 105 100  98  96  91  88  89  88  83  80  80  81  79  80
  83  29]","[ 32  26 183 178 182 181 182 179 181 182 185 186 185 183 181 180 181 181
 183 184 184 182 180 178 178 178 179 179 179 179 179 179 177 176 176 176
 175 176 176 174 174 174 176 178 179 177 174 172 171 172 173 173 172 171
 171 171 172 170 168 168 170 172 173 173 172 170 168 168 170 170 170 170
 168 168 169 169 168 168 167 167 164 166 168 169 168 167 167 167 166 165
 165 165 165 165 165 164 166 163 162 163 163 163 164 163 162 162 162 162
 161 159 158 157 158 158 159 159 159 159 159 159 158 156 155 156 158 158
 155 152 152 151 151 151 150 147 146 146 147 146 146 145 146 146 146 146
 145 143 142 144 144 140 138 137 137 140 141 138 135 131 125 119 119 124
 129 132 133 136 137 138 142 139 137 137 138 139 138 137 134 135 133 129
 126 124 119 114 108 102 103 103  94  90  91  90  82  78  81  82  80  83
  84  26]","[ 30  32 184 181 179 177 182 183 181 183 184 184 183 182 180 179 181 181
 182 184 185 184 182 179 180 180 180 180 180 180 179 179 176 176 177 179
 178 178 178 176 174 175 175 177 177 176 175 175 172 172 172 172 172 172
 171 171 170 170 169 169 168 168 169 169 169 167 166 166 167 167 168 168
 166 166 165 165 166 166 167 168 168 167 167 167 166 166 165 165 165 165
 165 165 163 162 162 163 164 162 162 162 162 163 164 163 164 163 163 163
 162 161 159 159 159 159 158 158 158 159 160 160 160 159 158 157 156 155
 154 154 150 150 151 151 150 148 145 145 147 147 147 147 148 148 148 148
 145 144 144 145 143 139 137 139 142 142 139 135 134 132 125 117 117 123
 130 132 132 131 132 132 138 138 138 138 138 138 137 136 136 134 133 131
 128 124 120 118 114 109 111 111 103  97  98  97  91  92  87  82  84  79
  82  31]","[ 28  27 184 183 182 185 182 182 181 181 182 182 181 180 179 179 180 180
 181 182 184 185 183 180 180 179 178 178 178 178 179 180 177 177 179 180
 179 178 178 176 177 176 175 174 174 173 175 176 173 171 170 170 171 171
 170 169 170 171 172 173 171 168 167 168 168 169 170 170 170 170 170 170
 168 167 165 165 166 168 169 169 170 168 167 166 167 168 168 167 165 166
 166 165 164 162 162 163 164 163 164 165 164 164 164 162 163 162 161 160
 159 158 158 159 161 160 159 160 160 160 161 163 163 161 158 156 155 155
 155 155 150 150 151 152 151 149 147 146 146 146 146 147 148 148 148 147
 146 143 141 140 140 138 136 136 140 139 138 136 135 133 125 115 113 119
 126 130 130 130 130 130 133 135 137 139 139 138 138 138 138 134 131 132
 132 128 124 122 118 114 115 114 107 101 100  99  95  93  89  86  91  89
  88  29]","[ 32  27 183 181 181 180 181 178 180 181 181 181 180 181 180 180 178 179
 178 179 180 181 180 178 178 178 177 177 177 178 179 180 178 177 179 179
 178 177 177 176 178 177 176 176 174 173 175 176 173 171 170 171 172 172
 170 169 168 169 170 171 169 166 166 167 168 169 170 170 170 170 170 170
 168 167 166 166 167 168 168 168 167 166 165 165 166 167 168 167 163 163
 162 162 162 162 161 161 162 162 164 164 163 163 163 161 163 162 161 161
 160 159 160 162 158 158 158 158 158 157 158 160 161 158 154 153 155 155
 155 154 154 154 153 153 151 149 147 146 147 147 148 148 148 148 148 148
 149 146 142 142 143 144 142 139 136 137 137 138 138 136 129 122 112 116
 122 126 129 131 132 133 131 134 136 138 138 138 138 139 138 135 133 134
 135 133 130 128 123 121 119 116 112 107 104 104 102  98  99  98  96  94
  84  31]","[28 29 30 28 30 29 30 29 28 29 29 29 29 28 28 28 28 29 29 28 28 29 29 28
 29 29 29 29 29 29 29 30 29 28 29 30 28 28 29 30 29 28 29 30 30 29 28 28
 29 29 29 29 30 30 29 28 30 29 29 29 28 27 28 31 29 30 30 29 28 29 30 30
 30 29 28 29 30 30 30 29 30 29 29 29 29 29 29 29 30 29 28 28 29 30 30 29
 29 29 30 30 28 29 30 30 29 29 29 30 29 28 29 29 29 29 29 30 29 28 29 30
 28 29 30 30 28 28 28 29 29 29 29 29 29 29 29 29 29 29 29 29 29 29 29 28
 28 29 30 29 28 29 29 28 30 30 29 28 29 29 29 28 29 29 29 30 30 29 28 28
 28 29 30 30 29 28 28 29 28 29 30 29 28 29 29 28 30 30 28 28 29 29 28 30
 29 29 28 27 29 29 31 28]"
