"[33 29 31 27 30 30 28 30 29 28 28 30 30 28 28 29 30 29 29 29 28 28 30 29
 28 29 29 29 28 28 29 30 30 30 28 28 30 30 28 28 29 28 29 30 30 28 28 29
 29 29 29 30 29 29 29 29 30 29 29 29 29 29 29 29 29 29 29 29 29 29 30 30
 29 29 28 28 29 30 30 29 28 28 29 30 30 29 29 30 30 28 30 31 29 28 29 28
 29 29 29 29 28 28 28 29 29 29 29 29 29 29 29 29 30 29 28 29 29 29 29 30
 29 30 30 28 28 30 30 28 30 29 29 29 29 29 29 29 29 29 29 29 29 29 29 29
 29 28 29 30 30 29 29 29 29 29 29 29 29 29 29 29 29 30 30 29 29 30 30 29
 29 28 29 30 29 28 30 30 29 29 29 29 30 29 29 29 30 29 28 28 29 30 30 29
 28 29 31 27 31 30 29 29]","[30 29 27 28 30 26 31 28 29 30 29 27 28 29 29 28 28 27 29 31 30 29 30 29
 31 30 29 29 29 29 28 27 28 29 29 28 29 28 28 30 30 29 29 28 29 29 29 29
 30 30 30 30 29 28 28 29 29 29 29 29 29 29 29 29 29 29 29 29 29 29 28 28
 29 30 30 29 29 30 29 27 31 30 29 29 28 28 28 29 29 28 28 28 27 28 30 31
 29 29 29 29 29 29 29 29 28 29 29 29 28 28 29 29 28 29 30 29 29 29 29 29
 29 29 28 29 29 29 28 28 28 29 30 31 30 30 29 29 29 29 29 28 28 29 29 29
 30 29 29 29 29 28 29 29 29 29 29 29 29 29 29 28 29 29 29 28 28 29 30 30
 31 29 29 30 28 28 29 28 30 30 29 27 28 30 30 28 28 29 30 30 30 29 28 27
 29 30 28 30 30 26 33 29]","[ 30  29 120 118 125 122 120 119 121 116 118 125 125 118 117 123 129 134
 142 150 155 157 161 165 170 170 170 170 170 169 167 166 164 166 165 163
 160 156 154 157 161 161 161 161 162 163 163 162 162 159 156 157 159 159
 157 155 154 154 153 153 153 152 152 153 150 150 150 150 150 149 148 147
 146 148 148 147 147 147 145 141 140 140 137 134 131 131 129 128 123 122
 121 118 114 115 116 115 114 113 113 113 114 113 112 110 110 110 109 106
 104 102 102 102 100 103 101  97  96  99 101  99  96  93  91  92  91  88
  85  86  83  84  86  86  86  85  84  84  86  85  84  84  83  83  83  83
  83  83  82  82  81  80  81  83  80  79  79  78  78  77  75  74  69  67
  65  64  63  61  61  62  59  57  57  59  58  57  56  54  52  53  51  48
  48  51  51  48  55  56  59  63  67  73  78  81  85  82  80  87  84  83
  80  30]","[ 31  25 124 124 119 122 124 121 125 125 126 126 123 121 120 120 122 120
 119 124 131 130 125 122 131 136 144 150 154 157 161 164 167 168 168 167
 164 159 158 161 162 163 163 162 162 162 161 160 162 163 163 162 159 157
 157 159 160 159 158 157 156 154 153 153 154 153 153 154 154 154 153 152
 150 152 153 151 151 151 149 145 147 148 148 146 146 146 144 140 140 140
 139 135 130 128 126 122 124 123 122 122 123 121 119 116 118 117 116 114
 113 113 113 114 108 109 107 103 102 105 105 103 101  98  96  98  98  96
  94  94  90  91  91  90  89  88  88  88  89  88  85  84  83  82  80  79
  82  82  81  80  79  79  80  82  84  83  83  83  83  82  81  80  80  77
  76  75  73  70  69  70  64  63  65  67  64  62  59  56  58  58  56  55
  55  56  54  51  51  49  47  46  47  50  53  55  60  78  78  74  72  74
  74  31]","[ 29  32 121 121 124 119 123 121 128 130 130 126 124 125 126 126 120 124
 126 124 121 116 116 121 121 123 126 127 127 127 128 129 136 138 140 144
 148 150 154 160 169 170 170 168 166 166 166 167 162 161 161 162 163 162
 161 160 161 161 160 161 160 159 159 159 156 155 155 155 156 156 155 154
 154 156 156 155 155 155 154 151 152 154 155 154 155 155 153 149 150 152
 153 150 146 145 142 138 135 134 133 134 134 133 130 127 125 123 121 119
 119 119 120 120 116 115 115 114 115 115 112 108 104 103 102 101 101 101
 100  99  98  98  98  97  95  94  94  94  94  92  90  88  87  86  84  83
  84  84  83  82  80  79  79  81  80  80  80  81  82  82  83  83  82  80
  80  82  82  79  78  79  73  73  75  75  71  67  65  63  63  61  61  62
  62  59  56  54  53  52  51  51  52  52  51  49  48  44  44  46  45  53
  60  28]","[ 29  29 150 137 138 130 129 131 127 126 127 128 127 124 122 123 123 124
 120 119 124 124 122 124 127 124 122 121 122 123 122 121 122 121 119 117
 118 120 122 126 131 132 136 140 145 150 157 162 169 167 165 167 169 169
 167 164 163 162 162 162 162 161 159 158 160 160 160 160 161 161 160 159
 160 160 160 160 160 160 160 159 160 160 159 158 158 158 156 153 154 154
 156 155 153 153 153 150 146 145 144 144 144 143 141 140 139 137 133 129
 126 125 123 123 125 122 119 119 120 120 118 115 112 112 111 110 108 107
 106 106 104 105 105 104 102 100  99  98  99  97  96  95  95  95  93  91
  90  89  88  87  84  82  82  82  81  81  81  81  81  81  81  81  80  80
  81  83  83  82  81  82  77  77  78  78  74  72  73  73  71  69  69  72
  72  68  64  64  62  61  60  60  61  59  56  52  53  54  51  48  51  48
  45  30]","[ 28  29 165 170 161 164 163 157 147 150 148 143 141 141 134 125 123 127
 123 119 121 123 123 126 126 124 121 123 126 128 127 125 125 127 124 121
 122 124 125 126 122 119 119 121 123 124 126 130 128 134 141 144 144 146
 152 159 163 162 163 165 166 165 164 163 160 160 161 162 162 162 161 161
 162 160 160 161 162 161 161 162 161 160 159 160 162 162 161 160 157 156
 157 157 155 155 156 155 155 155 154 153 152 151 151 151 147 147 145 143
 140 137 137 137 136 135 130 125 125 126 124 120 116 116 118 119 118 116
 116 118 115 115 114 113 111 108 107 106 104 103 101 102 102 102  99  97
  98  97  96  94  92  90  90  90  88  88  88  86  84  83  82  82  82  82
  81  81  80  80  79  79  79  78  79  80  77  76  77  77  76  74  74  75
  76  74  72  73  71  69  67  66  66  65  62  60  60  57  60  57  52  54
  55  28]","[ 29  31 183 178 180 178 182 180 181 174 168 168 168 163 158 156 148 152
 146 137 136 134 132 135 132 131 130 129 129 127 123 120 125 129 130 127
 128 130 130 129 128 124 122 125 125 122 120 122 123 121 120 120 119 118
 117 116 122 124 130 139 148 154 157 158 164 165 167 168 169 168 168 167
 163 161 160 163 163 162 162 164 164 162 161 163 165 164 162 161 164 162
 162 163 161 160 160 160 159 158 157 156 154 153 154 154 152 154 156 154
 151 149 150 151 148 150 148 142 139 138 132 124 123 122 125 128 126 120
 120 124 126 124 122 119 117 115 114 113 111 110 109 109 110 109 105 103
 104 102 100  99  98  97  96  96  95  95  96  94  92  90  89  89  87  87
  85  83  82  82  83  82  82  81  82  82  80  77  76  74  77  76  75  74
  74  76  77  77  75  74  73  73  73  71  69  68  68  65  63  62  61  63
  62  30]","[ 30  29 199 200 202 202 197 191 191 189 187 186 185 184 182 180 179 180
 177 172 171 172 169 164 163 156 149 147 146 142 139 142 141 131 128 134
 137 134 134 138 136 132 131 130 130 130 129 133 132 127 126 124 125 128
 125 122 125 121 119 120 122 122 122 123 126 126 134 142 135 141 154 162
 161 163 166 171 173 167 164 170 167 167 168 168 165 164 166 167 169 167
 164 163 165 165 163 163 163 161 161 163 162 160 159 160 161 160 159 158
 157 156 155 156 153 154 155 154 152 150 147 145 147 145 143 140 138 137
 136 135 132 130 130 127 122 122 124 123 121 119 118 118 117 116 114 114
 113 111 109 107 106 105 104 102 103 101 100  99  98  98  97  93  95  94
  90  86  87  89  88  87  89  84  82  85  84  79  77  78  81  79  78  76
  74  76  77  74  77  74  74  75  75  73  73  75  73  73  71  71  74  71
  74  27]","[ 30  30 202 202 203 203 200 197 201 200 198 197 196 194 193 191 193 193
 191 188 187 188 185 181 181 179 179 180 180 174 166 164 162 157 151 148
 148 148 145 141 138 134 135 137 139 139 138 140 140 138 138 138 141 143
 139 136 130 128 126 126 126 125 125 127 123 122 123 124 116 118 120 121
 124 124 124 129 138 142 145 149 156 158 164 168 167 167 169 168 165 169
 169 166 166 167 166 165 163 163 165 166 165 163 163 164 162 162 162 163
 163 161 161 161 156 157 158 158 157 155 152 150 152 152 150 149 149 151
 153 153 151 148 147 143 137 136 136 134 133 127 123 124 128 128 121 115
 117 116 115 115 115 114 112 112 112 109 107 106 105 105 104 102  99 100
  98  96  96  97  95  94  97  96  93  91  90  89  86  83  83  83  82  79
  77  79  81  78  73  73  74  76  77  77  76  75  75  74  73  72  75  73
  74  29]","[ 30  30 203 204 204 205 204 203 207 206 205 203 202 201 201 200 198 198
 197 196 196 196 193 191 193 191 188 187 187 185 182 182 184 183 177 171
 170 172 168 161 164 158 157 156 155 152 148 148 145 144 142 139 143 145
 141 143 136 133 131 131 131 130 130 131 129 129 127 126 123 127 126 126
 122 122 118 115 115 116 116 117 117 118 122 127 130 136 143 145 158 164
 168 170 172 173 172 172 168 165 162 162 164 166 167 166 165 166 167 167
 165 162 160 160 161 161 159 158 159 160 159 159 156 156 157 158 158 157
 155 154 156 154 153 152 150 151 152 150 148 144 140 139 139 136 130 125
 131 125 118 115 115 117 122 126 121 116 114 114 112 111 111 110 109 109
 105 100 100 101 102 104 101 100  98  96  95  95  94  92  90  90  89  85
  82  83  84  81  76  77  78  77  79  80  78  76  77  75  75  72  75  73
  73  29]","[ 29  30 203 204 204 205 206 207 207 206 206 204 203 203 203 204 205 204
 203 204 205 203 202 201 200 201 198 196 197 196 194 193 189 191 193 196
 197 193 187 181 183 179 178 177 176 175 172 174 168 167 161 155 156 154
 147 150 146 141 138 138 140 139 135 132 134 138 136 137 136 136 130 130
 131 130 127 124 124 124 124 125 121 120 121 120 119 119 120 119 119 120
 125 135 143 145 147 153 159 161 164 168 172 174 171 168 167 168 168 168
 167 166 167 168 163 163 163 163 164 165 164 163 164 162 160 161 162 162
 161 161 160 158 156 155 155 155 154 152 153 153 152 150 147 144 144 145
 140 139 140 143 142 136 132 131 129 124 122 122 120 118 117 117 115 116
 115 114 115 113 111 110 111 108 106 106 103  98  96  98  98  98  98  95
  93  95  96  92  87  85  83  82  82  83  82  81  80  78  79  74  75  74
  73  30]","[ 29  29 202 204 204 205 206 207 206 206 206 205 205 205 205 206 205 203
 203 204 204 203 202 202 201 202 201 200 201 201 198 197 199 197 195 195
 195 196 198 201 201 198 197 193 189 187 184 185 186 187 184 180 181 177
 168 170 168 165 161 160 160 157 151 146 145 145 139 139 138 138 133 136
 136 132 132 134 137 136 132 128 126 125 125 125 123 124 124 122 124 121
 119 121 121 118 118 123 123 128 132 135 138 145 153 158 163 165 168 170
 169 168 167 168 169 169 167 166 165 166 166 166 166 164 162 163 164 163
 161 160 163 163 161 160 161 161 160 159 157 156 155 155 154 153 152 153
 152 149 149 151 150 145 143 143 140 136 135 136 133 129 127 125 123 124
 122 122 124 123 120 119 116 115 115 115 112 107 106 108 107 106 106 104
 103 103 103  99  97  93  90  90  90  89  89  90  87  85  86  80  79  78
  79  30]","[ 29  29 201 204 205 206 206 206 206 206 206 206 205 205 205 206 206 204
 204 204 204 204 204 204 204 204 202 199 200 202 202 204 198 200 201 199
 198 199 200 200 199 198 200 199 197 196 194 195 191 191 191 190 192 191
 186 188 187 187 186 184 182 178 174 172 179 174 162 159 158 156 150 152
 149 142 136 134 133 134 135 134 132 131 130 129 128 130 130 127 125 129
 130 127 126 124 122 122 117 120 122 121 118 116 117 118 131 128 124 123
 126 132 140 146 155 160 166 171 174 174 173 171 172 168 164 164 164 163
 162 163 161 164 164 163 164 164 162 162 161 160 160 160 159 157 154 153
 157 156 157 159 158 155 154 154 151 148 148 149 146 143 139 136 137 134
 129 126 127 127 126 126 123 126 127 125 123 124 123 122 117 114 114 114
 112 111 110 107 107 104 102 102 101  97  96  98  97  95  95  91  87  86
  88  29]","[ 30  29 202 205 206 206 206 206 206 206 206 205 205 204 204 204 204 203
 203 202 203 203 203 203 201 203 202 201 202 201 200 202 201 203 202 199
 199 201 202 202 199 198 201 200 199 200 198 200 200 197 197 195 196 196
 193 195 191 192 193 192 190 189 188 188 185 186 183 185 185 185 179 177
 175 175 176 173 166 161 155 147 138 138 140 140 139 138 135 129 126 130
 131 130 131 131 127 124 130 126 123 122 123 122 122 122 122 122 122 121
 119 116 115 114 115 115 114 116 121 130 139 145 153 157 165 173 175 171
 166 165 168 173 174 172 172 168 164 165 161 162 164 165 164 162 161 161
 160 160 160 161 161 160 160 160 158 157 157 158 156 155 152 148 147 147
 145 144 144 141 136 135 133 135 134 130 129 129 127 123 125 122 123 125
 123 121 122 123 117 116 115 114 112 109 108 109 108 106 104 103  98  97
  99  28]","[ 30  30 203 206 207 206 205 206 208 208 208 207 206 205 205 204 203 204
 203 203 203 204 204 203 203 203 201 201 201 200 200 202 201 201 201 202
 202 201 201 201 202 200 201 199 200 202 201 203 199 195 198 199 199 199
 196 196 196 195 194 194 195 196 196 195 194 197 193 190 187 192 192 193
 190 188 185 182 181 186 186 178 174 171 167 162 158 158 156 151 154 147
 139 137 140 139 135 132 125 124 126 130 132 130 128 128 126 125 125 124
 124 123 122 122 121 121 120 118 117 118 119 121 118 118 119 122 126 130
 139 146 145 154 160 163 167 166 165 168 167 166 165 166 166 164 163 162
 163 164 165 164 164 163 162 161 162 161 162 163 163 163 162 158 154 155
 154 154 154 152 149 149 149 145 143 143 142 140 137 136 132 129 128 128
 123 118 119 122 122 123 123 120 119 120 121 121 117 115 111 112 107 106
 108  28]","[ 29  29 202 203 205 206 206 206 207 208 209 209 207 206 205 205 204 202
 202 205 207 206 204 203 203 203 202 201 201 201 201 201 201 202 203 202
 201 201 201 202 200 200 200 201 201 200 200 201 200 198 197 197 197 197
 197 196 196 196 195 195 196 197 196 196 195 195 195 195 195 195 195 194
 195 195 196 196 195 193 189 187 190 190 187 184 181 180 176 172 174 177
 174 168 166 162 158 157 152 148 144 141 138 137 135 131 123 122 124 127
 127 127 125 123 123 123 123 123 123 122 124 126 123 121 121 123 122 117
 115 116 115 115 115 121 125 127 134 139 143 147 154 164 172 172 167 164
 166 167 168 168 165 164 164 161 161 164 164 165 167 166 162 161 161 161
 160 161 159 157 159 157 158 155 153 153 152 150 150 152 146 145 142 139
 137 136 136 136 133 131 131 129 123 123 125 124 121 123 122 117 116 118
 115  30]","[ 30  29 201 203 204 205 206 207 207 208 209 209 208 206 206 206 205 204
 204 205 205 204 204 204 203 203 203 202 202 202 202 202 202 203 203 203
 202 201 200 201 200 200 200 200 199 199 199 200 200 199 198 198 198 198
 198 197 198 197 195 195 197 198 197 196 195 195 195 195 196 197 197 197
 196 196 195 195 196 196 196 195 194 195 194 193 193 194 192 190 187 191
 189 186 186 184 180 179 177 174 172 170 167 166 165 162 157 151 146 141
 136 132 131 128 130 128 126 125 125 124 124 125 126 125 125 127 126 124
 123 124 122 119 115 117 119 117 117 115 116 115 114 116 123 131 139 146
 153 158 162 162 163 169 170 165 170 170 169 169 170 166 163 164 166 165
 163 165 165 163 165 163 161 159 159 160 160 158 155 155 154 153 152 150
 148 148 148 149 150 145 141 137 132 134 138 138 130 130 128 124 122 124
 120  28]","[ 29  29 201 203 203 205 206 208 208 208 209 209 208 208 207 207 208 208
 207 207 206 205 205 206 204 204 204 204 203 203 203 202 203 203 204 203
 203 202 201 200 200 200 200 200 198 197 198 200 199 199 199 198 197 197
 198 198 199 197 195 196 198 199 199 198 197 196 196 196 197 197 197 197
 198 197 196 196 196 197 197 198 195 195 195 194 195 197 196 194 191 194
 195 194 196 195 192 190 190 189 190 188 185 184 184 182 178 174 173 172
 169 166 163 159 159 153 146 142 138 134 131 128 131 131 131 132 132 131
 130 128 127 127 125 126 126 125 126 124 119 118 118 119 117 113 110 109
 115 117 120 121 126 137 144 144 152 152 155 162 166 165 166 171 167 167
 165 167 165 163 166 165 165 164 162 161 161 161 159 157 158 160 161 161
 160 159 157 157 152 151 153 154 152 149 146 141 139 137 138 137 135 137
 133  30]","[ 29  28 200 203 204 205 206 207 209 209 210 210 210 210 209 209 210 210
 210 209 207 206 206 207 206 207 207 206 205 204 203 203 204 203 203 203
 203 203 202 201 201 201 201 200 199 199 199 200 199 200 199 198 196 196
 197 198 198 197 196 197 199 200 200 200 197 197 196 197 197 198 198 198
 197 197 197 197 197 196 196 195 196 196 195 194 194 195 194 193 193 194
 195 195 196 196 194 193 193 192 194 193 191 191 191 189 186 183 183 184
 185 185 185 183 182 180 180 180 178 171 162 156 150 147 140 134 131 131
 131 130 124 126 124 125 126 128 131 130 131 127 124 124 124 123 122 120
 119 116 116 117 116 115 114 112 111 111 112 118 125 131 138 146 153 159
 166 173 172 168 170 168 170 169 167 164 163 164 165 163 163 163 162 161
 160 160 160 161 160 158 157 156 156 156 155 153 152 150 151 151 147 147
 141  27]","[ 30  29 200 203 205 206 207 207 210 210 211 212 212 212 212 211 211 211
 211 210 209 208 207 206 207 208 208 207 206 206 205 204 204 204 203 203
 203 203 203 203 203 201 201 201 202 201 201 201 201 201 201 199 198 197
 198 199 197 198 198 199 199 199 200 200 197 196 196 197 197 198 199 199
 196 197 197 197 197 197 196 196 196 196 196 195 195 196 196 195 196 195
 196 196 196 196 196 195 195 195 195 195 194 195 195 193 194 192 192 194
 194 194 194 192 192 189 186 185 185 185 185 186 180 182 182 180 176 172
 165 160 159 157 149 145 142 140 137 130 131 128 129 131 130 128 126 123
 124 121 122 125 125 123 123 122 122 121 118 115 115 113 112 114 109 110
 112 116 118 123 132 136 138 145 153 158 162 166 167 166 164 165 167 167
 165 163 161 161 161 160 158 158 160 160 159 158 158 157 158 159 157 156
 154  31]","[ 30  30 200 202 204 205 206 206 210 210 211 212 212 213 213 213 213 213
 212 212 212 212 210 208 208 209 210 209 208 207 207 207 206 205 204 203
 203 203 203 203 203 201 201 201 202 202 201 200 202 202 201 201 199 199
 199 199 199 200 201 200 199 199 199 200 199 198 198 197 197 197 197 198
 197 197 197 196 196 196 196 196 194 194 194 195 195 195 195 196 195 194
 194 195 194 195 196 195 196 195 195 195 194 195 196 193 193 192 194 196
 196 196 195 193 192 193 193 193 192 190 189 189 189 189 187 184 182 182
 182 181 179 179 174 171 169 165 163 157 159 156 155 151 140 133 131 128
 128 125 122 119 118 121 123 121 121 123 122 122 124 125 123 122 120 118
 115 116 114 112 113 109 111 113 114 114 118 128 138 144 148 152 158 162
 165 166 167 168 169 168 163 160 161 161 159 160 159 159 159 159 157 157
 157  30]","[ 30  30 199 199 199 200 203 206 208 209 211 211 212 212 212 213 214 214
 214 214 215 215 213 211 209 210 211 209 208 208 208 209 209 208 207 206
 205 205 205 204 204 203 203 204 204 203 201 201 202 202 202 202 202 202
 201 200 201 201 202 201 200 199 199 199 200 200 199 198 197 196 197 197
 198 198 197 196 195 195 195 196 196 196 196 196 196 196 196 196 196 194
 195 197 195 195 197 196 196 195 196 196 195 196 196 194 198 195 194 194
 193 194 197 197 195 194 194 193 192 191 192 193 195 195 194 191 189 187
 186 186 190 191 189 187 183 179 179 178 177 175 178 177 167 161 161 159
 154 151 149 145 141 138 135 131 127 124 120 121 125 128 129 131 127 124
 121 123 122 121 122 120 116 117 117 113 110 109 110 110 109 111 113 116
 120 127 134 138 143 149 154 160 168 168 166 166 165 167 164 163 163 161
 160  28]","[ 30  29 198 196 194 196 200 205 207 208 210 211 211 211 212 213 213 215
 215 215 215 216 215 213 211 212 212 210 208 208 209 209 210 210 209 208
 208 207 207 206 206 206 207 207 206 205 203 203 203 203 203 203 204 204
 203 202 202 202 201 201 200 200 200 200 198 198 199 198 197 197 199 200
 196 197 197 197 197 196 196 197 196 195 196 197 197 196 196 196 196 194
 197 198 196 195 196 195 195 195 196 196 194 195 196 194 193 193 195 197
 196 195 195 194 195 195 195 195 195 194 193 194 194 194 194 192 190 189
 191 192 193 192 189 190 192 192 194 193 191 186 185 184 179 180 186 186
 182 175 172 172 168 163 162 163 157 152 148 149 148 141 133 131 128 129
 129 129 123 119 120 118 122 122 121 119 118 118 118 119 118 119 119 117
 114 110 108 107 112 114 113 113 118 122 124 129 133 140 142 149 158 161
 164  31]","[ 28  30 198 200 198 199 200 203 205 207 208 209 210 211 211 211 211 212
 213 215 216 216 216 215 213 213 212 210 209 209 210 211 211 211 211 210
 211 211 210 208 206 208 209 210 209 207 207 207 208 205 203 204 206 206
 204 202 203 203 203 203 202 201 201 202 200 200 198 197 198 200 200 199
 199 198 197 197 197 198 197 197 196 195 196 197 197 196 195 195 195 195
 196 196 195 195 195 195 195 195 195 195 195 195 195 195 194 195 196 196
 196 196 195 194 195 195 194 194 195 195 194 193 194 194 194 194 193 193
 193 193 194 193 192 192 193 193 192 192 192 191 189 188 188 189 189 188
 186 188 187 184 180 179 180 181 179 179 174 174 170 171 164 161 158 156
 152 148 145 142 138 135 134 130 125 123 124 124 123 122 122 121 122 125
 125 122 118 117 116 118 119 115 111 111 112 109 105 107 106 109 116 121
 127  30]","[ 28  29 196 198 197 199 199 201 203 203 204 207 208 207 208 210 210 211
 212 213 214 214 214 214 213 213 212 211 210 209 210 210 211 212 211 211
 211 210 209 207 208 209 210 211 210 209 209 209 209 207 206 206 208 207
 206 205 202 203 204 204 204 203 203 204 203 202 200 199 200 201 201 201
 200 199 199 199 199 199 199 198 196 195 195 196 196 196 195 195 195 196
 197 197 197 196 196 196 195 195 195 195 195 195 195 195 194 194 195 195
 196 195 195 195 195 195 194 194 195 195 194 194 194 194 193 193 194 194
 193 192 193 193 193 193 192 192 192 192 193 192 190 189 190 190 191 191
 190 191 191 189 187 187 187 188 188 189 187 188 185 187 184 183 175 174
 172 169 166 164 161 159 152 149 144 142 141 137 130 125 125 123 123 126
 129 129 126 124 129 127 125 121 119 121 122 119 116 117 117 117 116 116
 121  29]","[ 29  29 194 197 198 200 199 200 202 200 201 204 205 203 204 208 209 211
 212 213 213 213 212 212 214 214 213 212 211 210 210 210 211 211 211 211
 211 210 209 207 208 208 209 209 209 209 209 209 209 208 207 207 207 207
 206 206 204 205 206 206 205 203 203 203 205 204 202 201 201 202 202 202
 202 201 201 202 202 201 201 200 197 197 197 197 197 197 197 196 196 196
 197 197 197 197 197 196 196 196 196 196 195 195 195 195 194 194 194 195
 195 195 195 195 195 195 195 195 195 195 195 194 194 193 192 193 194 195
 194 192 192 193 194 194 193 192 192 193 192 191 190 189 190 191 192 193
 190 191 191 190 190 191 191 191 186 188 187 188 185 187 186 186 186 186
 185 184 182 181 180 179 177 174 170 168 168 167 162 159 157 155 151 146
 141 137 134 132 127 127 128 127 123 125 130 133 130 127 123 124 121 121
 122  30]","[ 30  29 195 197 199 201 200 200 201 199 200 202 203 201 202 205 209 210
 212 213 212 211 211 211 215 214 213 213 212 210 209 209 209 210 211 211
 210 210 209 208 207 206 207 207 208 208 208 207 208 206 206 206 207 206
 206 206 206 206 206 207 206 205 204 204 206 205 203 202 202 203 203 202
 203 203 203 203 203 203 202 201 200 200 200 199 199 200 200 200 199 198
 197 197 198 198 197 197 198 198 198 197 197 197 197 196 195 195 195 195
 195 195 195 195 195 195 195 196 196 196 195 195 194 194 193 194 195 195
 195 194 194 194 195 195 194 194 193 193 192 191 190 189 189 190 192 193
 190 191 191 190 190 190 190 190 191 192 192 192 190 189 189 189 187 187
 187 186 186 186 186 186 188 185 181 180 180 180 179 179 173 174 172 168
 165 166 167 167 162 155 150 149 146 143 139 135 129 125 120 122 122 126
 126  29]","[ 29  29 194 197 197 199 198 199 199 200 201 201 202 202 203 204 207 208
 210 211 211 210 210 211 214 214 213 212 212 210 209 209 209 210 211 210
 210 209 209 208 206 206 206 207 208 208 207 206 207 205 204 206 207 207
 207 207 205 204 204 206 207 207 206 205 205 204 203 203 203 204 204 203
 203 204 204 204 204 203 202 202 203 203 203 201 201 202 203 202 201 200
 199 199 199 199 200 199 200 200 200 200 199 199 199 199 197 197 196 196
 196 196 196 196 196 196 196 196 196 195 195 195 195 195 195 195 195 195
 196 196 195 195 195 195 195 195 194 193 194 193 192 191 190 191 191 192
 192 193 194 193 192 192 192 192 190 190 191 191 192 190 190 190 188 188
 188 188 189 190 190 189 189 189 189 189 188 187 186 185 186 185 183 182
 184 186 184 180 179 173 171 171 170 166 162 159 160 159 154 150 143 144
 140  27]","[ 29  29 194 196 196 197 197 198 197 198 200 200 201 202 204 204 205 206
 208 209 210 210 211 212 213 213 213 212 211 210 210 209 210 211 210 210
 209 209 208 207 206 205 206 206 207 207 207 206 205 204 203 204 206 207
 207 207 207 205 204 206 207 207 205 204 203 203 203 204 205 206 205 204
 203 204 204 204 203 203 202 202 203 204 204 202 202 203 203 203 201 201
 200 200 200 201 201 202 201 201 201 200 200 200 200 200 199 199 199 198
 198 198 198 198 197 197 197 197 196 196 195 195 195 195 195 195 195 195
 195 196 196 195 194 194 195 195 194 193 195 195 193 192 192 192 192 192
 193 194 194 193 193 193 193 193 191 190 192 192 193 191 191 190 190 190
 189 189 191 192 191 190 186 188 189 189 188 188 188 188 187 188 188 190
 191 191 187 184 187 187 190 189 182 178 181 183 178 180 176 174 171 172
 168  33]","[ 30  29 193 195 196 197 196 196 196 196 197 198 199 200 201 203 204 204
 206 207 208 209 210 211 211 212 212 211 211 210 210 211 212 211 210 209
 209 209 208 207 204 204 204 204 205 205 205 205 203 203 203 204 204 204
 205 206 208 207 207 207 206 205 203 203 202 203 203 204 206 206 206 204
 203 203 204 203 203 202 202 202 202 204 204 202 201 203 203 202 201 201
 201 201 201 201 202 202 201 201 201 201 201 201 201 201 200 200 200 200
 200 200 200 200 199 200 200 199 198 197 197 197 196 196 196 197 197 197
 196 196 196 195 195 195 195 195 195 194 195 194 193 193 193 193 193 192
 193 193 192 192 192 193 193 192 194 192 194 192 193 189 190 189 190 190
 191 191 191 191 190 189 192 192 190 189 188 188 189 189 188 189 191 192
 191 188 188 188 189 186 186 187 187 188 188 186 187 186 184 184 185 185
 181  28]","[ 30  28 192 194 195 197 195 195 196 193 194 197 197 197 199 203 203 203
 204 205 206 207 208 208 210 211 212 211 210 210 211 212 212 211 210 209
 209 210 209 208 204 203 203 203 203 203 204 204 202 203 203 204 203 203
 204 206 206 207 208 208 207 205 203 203 201 202 203 204 206 206 205 203
 203 203 204 203 202 202 202 202 202 204 204 202 201 202 203 202 202 202
 203 203 203 202 202 203 202 202 202 203 203 203 203 203 201 201 201 202
 202 202 202 201 202 202 202 201 200 199 199 199 199 199 199 200 201 200
 199 197 196 196 196 195 195 194 195 196 195 194 194 194 195 195 194 193
 195 193 192 191 193 194 194 192 194 192 194 191 193 188 190 191 189 192
 193 193 192 191 190 189 190 189 188 188 189 190 190 190 192 189 188 188
 189 188 189 190 189 188 188 188 188 188 188 186 189 189 189 189 189 185
 186  30]","[ 30  29 192 195 195 196 196 195 196 195 195 196 198 199 200 200 200 202
 203 204 204 206 208 210 211 211 211 210 210 209 210 211 212 211 209 208
 208 208 208 207 207 205 203 203 204 204 204 203 204 204 204 204 203 203
 205 206 207 207 207 205 204 204 203 202 201 202 202 203 203 203 203 203
 203 203 203 203 202 202 201 201 201 201 202 202 202 202 201 201 201 201
 202 202 202 202 203 204 203 202 202 202 202 203 204 204 202 201 200 201
 202 203 203 203 201 202 203 202 200 199 200 200 200 199 199 200 202 201
 199 196 196 196 196 196 196 196 196 194 195 195 195 195 195 195 195 194
 193 193 193 194 194 195 194 194 194 193 193 193 193 192 191 190 193 192
 192 192 192 192 191 190 191 190 189 189 190 191 191 190 191 190 190 189
 189 189 189 189 190 188 187 189 190 189 188 189 189 189 188 190 188 187
 186  29]","[ 29  29 192 195 195 194 195 194 195 195 195 196 197 199 200 200 200 201
 202 202 203 204 206 208 209 209 209 209 209 209 210 211 211 211 210 209
 209 209 209 208 208 206 204 204 205 205 205 204 204 203 204 204 204 204
 204 205 206 206 205 203 203 203 203 202 203 203 203 203 203 203 203 203
 203 203 202 202 201 201 200 199 201 201 201 201 201 201 201 201 202 202
 202 202 202 202 203 204 202 202 201 201 202 203 203 202 202 202 202 202
 203 203 202 202 201 201 202 201 201 200 200 200 200 200 200 201 201 201
 199 198 198 198 197 197 197 198 197 196 197 196 195 195 195 195 195 195
 195 195 195 195 196 196 195 195 195 195 194 194 194 194 193 193 193 193
 193 194 194 194 193 193 194 193 192 193 193 193 193 192 191 190 189 189
 189 190 190 189 189 188 188 190 191 191 190 191 191 191 189 190 188 188
 186  29]","[ 28  29 193 195 194 193 193 193 194 194 195 195 196 197 198 199 199 200
 201 202 203 204 205 206 207 207 207 207 208 209 209 210 210 210 210 210
 210 210 209 208 208 206 205 204 205 206 205 204 203 203 203 204 204 204
 204 204 205 204 203 202 202 203 203 202 203 203 203 203 203 203 203 203
 203 202 201 201 201 201 200 199 201 201 201 201 201 201 201 201 202 201
 200 201 201 201 201 202 201 200 200 201 202 202 201 200 200 201 201 202
 202 202 201 200 201 200 200 201 201 201 200 200 200 200 201 201 201 201
 200 200 199 199 198 198 199 199 199 198 198 198 197 196 196 196 196 196
 197 197 196 196 196 196 195 195 196 195 195 195 195 195 195 195 195 194
 195 195 195 195 195 194 195 195 194 194 195 195 194 193 192 191 190 190
 191 192 191 190 189 188 189 191 192 191 191 192 193 192 189 190 189 189
 187  28]","[ 29  29 192 195 194 193 193 193 194 194 195 195 195 195 196 197 199 200
 201 202 203 204 205 206 206 206 206 206 207 208 208 208 208 209 210 210
 210 210 209 207 208 206 205 204 205 206 205 204 203 202 202 203 204 204
 203 203 204 204 203 202 203 204 203 202 201 201 201 202 203 203 204 204
 203 202 201 201 202 202 202 201 202 201 201 200 200 200 200 201 201 200
 200 200 201 200 200 200 200 200 200 201 201 201 200 199 198 199 200 201
 201 201 200 200 200 200 200 201 201 201 201 200 200 200 200 200 200 200
 200 200 200 199 198 198 199 200 200 199 200 199 199 198 198 198 198 198
 200 199 198 198 198 197 196 196 196 195 195 195 196 196 197 196 196 195
 195 195 195 195 195 194 195 194 194 194 195 195 194 194 194 193 193 193
 194 194 193 191 190 190 191 192 192 191 190 190 192 192 190 191 190 190
 187  28]","[ 29  30 191 194 194 194 194 193 193 195 196 196 195 195 195 196 196 197
 199 201 202 203 203 204 205 205 205 205 206 207 208 207 206 208 209 209
 209 209 208 207 207 206 204 204 205 205 205 204 204 202 201 202 203 203
 203 202 203 203 203 203 203 203 202 201 200 200 200 201 202 203 203 204
 203 202 201 201 202 203 202 201 201 201 200 199 200 200 201 201 201 200
 200 201 202 201 200 199 199 200 201 201 200 200 200 200 198 199 200 200
 201 200 200 200 197 198 199 200 200 200 200 200 199 198 197 198 199 200
 200 199 199 199 198 198 199 200 200 200 199 199 199 200 199 199 199 199
 201 200 200 199 199 199 198 198 197 197 197 197 198 199 199 198 197 197
 196 196 196 196 196 196 196 196 195 195 196 196 196 195 196 195 195 194
 196 196 195 193 192 193 193 193 192 191 189 189 190 192 192 194 191 191
 188  29]","[ 30  30 191 193 194 194 195 193 192 193 194 195 194 194 194 195 195 196
 197 199 200 201 202 202 203 203 203 204 205 206 207 207 206 208 209 209
 209 209 208 208 205 204 203 203 204 204 204 202 204 203 202 202 203 202
 202 201 201 202 203 202 202 202 201 200 200 200 200 200 201 202 202 203
 203 202 201 201 201 201 201 200 200 200 199 199 200 201 202 202 200 199
 200 201 201 200 199 199 199 200 200 200 200 199 200 200 199 199 199 199
 200 199 199 199 196 197 198 199 199 199 199 199 198 197 196 197 198 199
 199 199 199 199 199 199 199 200 200 200 198 198 199 199 199 198 198 198
 199 199 199 199 199 199 199 199 197 197 198 199 200 200 200 199 198 198
 197 197 198 199 199 199 199 198 197 197 196 196 197 197 197 197 196 195
 196 196 195 194 194 194 194 194 193 192 191 190 191 194 194 196 194 193
 190  30]","[ 30  30 191 194 194 194 194 193 192 193 193 193 193 193 194 195 196 196
 196 197 198 200 201 202 201 202 202 203 204 205 206 206 207 208 208 208
 207 208 208 208 205 204 203 203 204 205 204 203 204 203 202 203 203 202
 201 200 199 201 202 201 201 200 200 200 200 200 200 200 200 201 202 202
 202 201 200 200 200 200 200 200 200 200 200 200 200 201 201 202 199 199
 200 201 201 199 199 199 200 199 198 198 199 200 200 200 199 199 198 199
 199 199 198 198 197 197 198 199 200 200 199 199 197 197 197 197 197 198
 199 199 199 200 200 199 199 199 199 198 198 198 198 198 197 197 197 197
 197 197 197 197 197 197 197 197 196 197 198 199 200 200 199 198 198 198
 198 198 199 199 199 199 200 199 198 197 196 197 197 198 199 198 197 196
 196 196 196 195 196 196 195 195 195 195 194 193 193 195 195 196 195 196
 191  30]","[ 30  30 193 195 194 193 193 193 195 195 194 194 193 194 195 196 197 196
 195 195 196 198 200 202 201 201 202 203 203 203 204 205 206 207 207 207
 206 207 207 207 207 205 205 205 206 207 206 205 204 203 203 203 203 201
 200 199 198 200 201 201 200 200 200 201 200 200 200 200 200 201 202 202
 200 200 200 199 199 199 200 200 201 201 201 201 200 200 200 200 199 200
 200 201 201 200 200 200 201 199 197 197 199 200 200 200 199 199 199 200
 201 201 200 198 198 198 198 199 201 201 200 199 196 197 198 198 197 197
 199 200 198 200 200 199 198 197 197 196 198 198 198 197 196 196 196 196
 197 197 196 196 196 196 196 195 196 197 198 199 200 199 198 198 197 197
 198 198 199 199 197 197 199 199 197 196 196 197 199 200 200 200 198 197
 196 197 196 196 197 197 197 196 197 198 197 195 195 196 194 196 196 197
 190  29]","[ 29  30 191 192 193 192 192 194 193 194 194 194 193 193 193 193 195 194
 194 195 196 197 198 199 199 200 202 202 202 202 202 203 203 204 205 206
 205 205 206 208 208 207 205 204 204 204 203 203 203 203 203 202 201 201
 200 200 201 201 201 201 200 199 199 200 200 200 201 201 202 202 202 202
 202 201 200 200 199 199 200 201 201 200 200 201 201 199 200 201 200 200
 200 201 201 201 201 201 199 199 199 199 198 198 199 200 199 199 199 200
 201 201 199 198 197 197 198 199 200 200 200 200 200 198 197 198 199 199
 199 199 197 198 199 199 197 196 197 199 199 199 199 198 197 197 197 197
 197 196 195 195 195 195 195 195 196 196 196 197 198 198 199 200 197 196
 196 196 197 197 197 197 198 198 197 197 197 197 198 198 199 199 199 198
 198 197 197 197 197 197 197 199 200 199 198 197 196 196 197 198 199 198
 193  28]","[ 29  30 191 193 193 192 192 194 193 193 193 193 192 192 192 193 193 194
 195 196 197 197 196 196 198 200 201 202 202 202 202 203 203 203 203 203
 204 204 205 206 206 205 204 204 204 204 203 203 203 202 202 202 201 201
 200 200 200 200 199 200 200 200 200 200 200 200 201 201 201 201 201 201
 201 200 199 199 199 198 200 201 200 199 199 200 200 199 199 200 200 200
 200 200 200 200 200 200 200 199 199 199 198 198 199 200 199 198 198 199
 200 200 199 198 198 198 198 198 198 199 200 200 199 198 196 197 198 198
 199 199 199 199 200 199 199 199 199 200 200 200 199 198 197 197 197 198
 198 197 196 195 195 196 196 196 196 196 196 197 197 198 199 199 196 197
 197 197 196 196 196 196 197 197 197 196 196 196 196 197 197 197 198 198
 198 197 196 196 197 197 197 198 199 199 198 197 197 197 198 198 199 198
 194  29]","[ 29  30 191 192 191 190 191 193 194 194 194 193 193 193 193 193 194 194
 195 196 196 195 195 194 197 198 199 200 200 200 200 201 202 202 201 201
 202 203 204 204 204 204 203 203 203 203 203 203 202 202 202 201 201 201
 201 200 200 198 197 199 201 201 200 200 201 201 202 202 202 202 201 201
 201 200 200 200 199 199 200 202 200 200 200 200 200 200 200 201 201 201
 201 201 201 201 201 201 200 200 200 199 198 197 198 200 199 199 198 199
 200 200 199 199 199 198 197 197 197 198 199 199 199 198 196 196 197 198
 198 198 200 200 200 200 200 200 201 201 201 200 199 197 197 197 198 199
 199 198 197 196 196 196 197 197 196 196 196 196 198 198 199 198 197 198
 199 199 197 196 196 196 196 196 196 195 195 196 196 196 195 196 196 197
 197 196 195 194 196 196 196 196 197 197 197 197 197 197 198 197 197 197
 193  30]","[ 29  29 190 191 190 189 190 192 194 194 194 193 193 193 193 193 195 195
 194 194 194 194 195 195 195 196 196 197 197 197 198 199 201 201 201 202
 202 203 203 203 203 203 203 203 203 203 203 203 202 202 202 202 202 201
 201 201 200 198 197 198 200 201 201 200 201 202 202 203 203 202 202 201
 201 201 201 201 200 200 201 202 202 201 201 201 201 201 202 202 202 202
 201 201 200 200 201 201 200 200 201 200 199 197 198 199 200 199 199 199
 200 200 200 200 199 199 198 197 197 197 198 199 200 198 197 197 197 197
 197 197 198 199 200 200 201 201 201 201 201 200 199 197 197 197 198 198
 199 199 198 197 197 197 198 198 196 196 196 197 198 199 199 198 198 200
 201 200 199 197 196 196 195 195 195 195 196 196 196 196 195 195 196 196
 197 196 195 194 195 194 194 195 195 196 197 197 197 197 197 196 196 196
 193  29]","[ 29  30 190 191 191 189 190 192 193 193 192 192 192 192 193 193 195 195
 194 193 193 194 195 196 196 196 196 196 196 197 198 199 199 201 202 203
 202 202 203 203 203 203 203 203 203 203 203 203 203 203 203 203 202 202
 201 200 200 199 198 199 200 200 200 201 201 201 202 203 203 202 202 201
 201 201 201 201 201 200 200 200 201 201 200 200 200 201 202 202 202 201
 200 199 199 199 199 200 200 200 201 201 200 198 197 198 200 200 200 200
 201 201 201 200 200 199 199 198 198 198 198 199 200 199 198 199 199 198
 197 196 196 198 200 201 200 200 200 201 200 199 198 197 197 197 197 197
 198 198 197 197 197 197 197 197 197 196 196 197 199 200 199 199 199 199
 200 200 200 198 196 195 195 195 195 195 196 196 196 195 195 195 195 196
 196 196 196 195 195 195 194 194 194 195 197 197 197 197 197 196 196 196
 193  30]","[ 29  29 190 191 191 190 190 191 193 192 192 192 192 193 193 193 193 193
 193 193 194 194 195 195 196 196 195 195 195 196 197 198 198 200 202 203
 202 202 202 203 202 203 203 203 203 203 204 204 204 204 204 204 203 202
 201 200 201 200 200 200 200 200 200 201 201 201 202 202 202 202 202 201
 201 201 201 201 200 199 199 200 200 200 200 199 200 201 201 201 202 201
 200 199 198 198 199 199 200 200 200 201 200 199 198 198 198 199 199 200
 200 200 200 200 200 200 199 199 199 199 199 199 200 199 199 200 200 199
 197 197 196 198 200 201 200 199 200 201 199 198 198 197 197 197 196 195
 195 196 196 196 195 195 196 196 197 197 197 197 198 199 199 198 199 199
 199 200 200 199 197 195 196 196 196 196 197 196 195 194 195 195 195 195
 197 198 198 198 196 195 194 194 194 195 196 197 197 196 197 196 196 196
 193  29]","[ 29  29 189 191 192 191 190 191 193 192 192 192 192 193 193 193 193 193
 193 193 194 194 195 195 195 195 195 195 195 196 196 196 197 199 200 202
 202 202 202 202 202 202 202 203 203 204 205 206 204 204 204 204 203 202
 201 200 201 200 200 200 200 200 201 202 202 202 202 202 201 201 201 200
 200 199 199 199 198 198 199 200 200 200 199 198 199 201 201 201 202 201
 200 198 198 198 199 199 200 200 199 200 200 199 199 199 197 198 199 199
 200 200 199 199 200 200 199 199 199 199 200 200 200 199 199 200 200 199
 197 197 196 197 199 199 199 199 199 200 199 198 198 197 197 197 196 195
 195 195 195 195 195 195 196 196 197 197 197 197 197 197 197 197 197 198
 199 199 199 198 197 196 196 196 196 196 197 197 195 194 195 195 194 195
 197 199 199 199 197 196 194 194 195 196 196 196 196 196 197 196 197 197
 193  28]","[ 30  29 190 192 193 192 191 191 192 191 191 191 192 193 193 193 193 193
 192 192 192 194 195 196 194 195 195 195 196 196 196 195 198 198 199 201
 202 203 203 202 201 201 202 202 203 204 206 207 203 203 204 203 203 202
 201 200 202 200 199 200 201 201 201 202 201 201 201 200 200 199 199 199
 198 198 197 196 196 196 198 199 199 199 199 197 198 200 201 200 201 200
 199 197 197 197 198 199 201 200 199 199 200 200 199 199 196 197 199 200
 200 199 199 198 200 199 199 199 199 199 200 200 201 200 199 199 199 198
 197 196 196 197 197 197 197 198 198 199 199 199 198 197 197 197 196 195
 195 195 195 195 195 195 197 198 197 197 197 197 196 196 195 195 195 197
 198 198 197 196 196 196 196 195 195 196 197 197 196 194 196 195 195 196
 198 199 199 198 198 197 195 195 196 197 197 197 197 197 198 198 199 199
 194  29]","[ 30  29 190 191 192 193 193 191 190 191 191 192 193 194 194 193 193 193
 193 193 193 193 194 195 195 195 195 195 196 196 195 194 195 195 195 197
 200 202 202 202 201 201 201 201 203 204 203 203 205 204 204 203 203 203
 202 202 202 201 200 200 200 201 201 201 203 201 199 198 198 197 196 197
 197 196 196 195 195 196 198 199 200 201 201 199 198 199 201 201 201 199
 197 196 196 198 199 199 199 200 200 200 199 199 200 200 199 199 199 199
 199 199 197 196 196 199 200 198 198 200 200 199 200 200 199 198 197 196
 197 198 198 197 197 196 195 195 198 201 196 199 201 199 197 197 198 197
 196 196 196 196 195 195 195 196 197 197 197 197 196 196 197 197 197 197
 197 196 196 195 195 195 196 196 196 196 197 197 197 196 196 197 197 196
 196 197 198 199 198 197 196 195 195 196 197 198 199 199 200 199 200 198
 193  29]","[ 29  29 190 191 191 192 192 190 190 191 191 192 193 194 194 193 192 192
 192 192 193 193 195 196 195 194 194 194 195 195 195 195 195 195 196 197
 199 200 200 200 198 199 200 201 202 202 203 203 207 206 205 204 204 203
 204 204 203 202 201 201 201 202 202 202 201 201 200 199 197 195 195 196
 198 197 196 196 196 197 199 200 200 201 201 199 199 200 201 201 200 199
 197 196 196 196 198 198 198 198 198 198 199 200 200 200 199 199 198 199
 199 199 198 197 199 197 195 195 197 198 199 200 202 200 199 199 200 199
 197 195 194 194 195 197 198 198 196 194 200 200 199 197 196 196 196 195
 197 197 197 197 197 197 197 196 196 197 197 197 196 196 196 197 196 196
 196 196 196 195 195 195 195 195 195 195 196 197 197 197 197 197 197 197
 196 196 197 197 198 198 197 196 196 196 197 198 199 198 199 199 199 198
 194  29]","[ 29  28 189 191 191 192 192 190 190 191 191 191 192 193 193 192 192 192
 192 192 192 193 195 196 194 194 193 194 194 195 196 196 195 195 196 197
 197 198 198 198 197 199 201 202 201 201 202 204 207 206 205 204 203 203
 203 203 203 202 201 201 201 201 201 201 200 200 201 200 198 196 195 196
 198 197 196 195 196 197 199 200 199 201 201 200 199 199 199 199 200 199
 197 196 195 196 197 198 199 198 198 198 199 200 200 199 199 198 197 198
 199 199 198 197 195 197 198 196 196 198 199 198 199 198 198 198 197 196
 197 199 197 198 198 196 194 195 197 198 195 197 199 200 199 198 198 198
 198 197 197 197 197 197 197 196 196 196 197 197 196 196 195 196 195 195
 195 195 195 195 195 195 195 195 194 195 196 197 197 197 197 197 197 197
 196 196 196 196 198 198 197 196 196 196 197 197 197 197 198 198 199 199
 194  30]","[ 30  29 190 192 192 192 192 190 190 191 191 191 192 192 192 192 193 193
 192 192 192 193 194 195 194 194 194 194 194 195 195 196 195 195 196 196
 196 196 197 198 197 199 201 202 201 201 202 203 204 204 203 203 202 202
 203 203 203 202 201 201 201 201 201 201 200 200 201 201 199 198 198 199
 198 197 196 195 196 197 198 199 199 200 201 200 198 198 198 198 200 199
 198 197 196 196 197 198 200 199 199 199 199 200 200 200 199 198 197 197
 198 198 197 196 196 196 196 195 196 198 199 198 199 199 198 198 197 196
 195 194 196 196 194 194 195 197 196 193 198 197 197 197 195 195 197 199
 198 198 197 197 197 197 196 195 196 196 196 197 196 196 195 195 195 195
 195 195 195 195 195 195 195 195 195 195 196 196 197 197 196 197 197 197
 197 197 197 197 197 197 197 196 196 196 196 196 196 196 198 198 199 199
 194  29]","[ 29  29 191 192 192 192 191 189 190 191 191 191 192 193 193 193 194 193
 193 192 192 193 193 194 194 194 194 195 195 195 195 195 195 195 195 195
 195 195 197 198 197 198 200 201 201 202 202 202 202 203 203 203 203 203
 203 203 203 203 202 202 202 202 201 201 201 200 200 200 200 200 200 200
 199 198 197 198 198 199 199 199 200 200 201 201 199 198 197 198 199 199
 198 197 196 196 197 197 199 199 200 200 199 199 199 200 200 199 197 197
 197 197 197 196 196 195 195 195 194 196 202 208 203 205 204 201 197 196
 196 196 198 198 197 195 195 196 195 194 194 194 196 198 199 200 199 198
 198 198 197 198 199 199 197 196 196 196 196 196 196 196 195 195 196 196
 195 195 195 195 195 195 195 195 196 196 196 197 197 197 197 197 197 197
 197 197 197 196 197 197 197 197 197 196 196 196 195 196 197 198 200 199
 194  29]","[ 29  29 190 192 191 191 191 189 188 189 190 191 191 193 193 194 193 193
 192 192 193 193 194 194 194 195 195 195 194 194 194 194 195 195 195 195
 194 195 196 197 196 196 197 198 200 201 201 201 201 201 202 203 204 204
 204 204 203 203 202 202 202 202 201 201 202 201 200 200 200 200 200 200
 199 199 199 199 200 200 199 199 200 200 201 200 199 197 196 197 197 197
 197 196 196 196 196 197 196 198 199 199 197 197 199 200 200 199 198 198
 197 197 196 196 194 196 196 195 201 206 200 189 173 175 182 193 202 204
 200 196 194 194 196 200 203 204 204 204 204 205 205 203 202 201 199 198
 197 197 197 198 199 199 198 197 197 196 196 196 196 196 196 195 196 196
 196 196 196 195 195 195 194 195 196 196 197 197 197 198 198 198 197 197
 197 197 196 196 196 196 196 196 196 196 196 196 196 196 197 198 200 199
 194  29]","[ 29  28 191 192 192 191 190 188 188 189 190 190 190 192 192 193 192 192
 192 192 193 194 194 194 194 194 194 194 193 193 193 194 193 194 194 194
 195 195 195 195 195 195 196 197 198 199 200 200 201 201 202 203 203 204
 204 204 203 202 202 202 202 202 202 201 202 201 200 200 200 199 200 201
 200 200 200 200 200 199 199 200 200 200 200 200 198 196 196 197 196 196
 196 196 196 196 196 196 196 197 197 197 197 197 198 199 198 198 198 197
 197 196 195 195 197 195 192 194 203 197 162 124 102  92  92 111 138 163
 186 203 203 198 197 200 197 181 158 143 146 154 167 181 195 204 203 197
 197 197 198 198 198 198 198 197 197 197 196 196 196 196 196 196 196 196
 197 197 197 197 196 196 195 195 196 196 196 196 197 198 198 198 197 196
 197 197 196 196 196 196 196 196 196 196 196 196 197 196 197 198 199 199
 194  29]","[ 29  29 191 193 192 191 191 189 190 191 191 191 191 191 192 192 192 192
 192 192 193 193 193 193 194 194 193 193 192 192 193 194 191 192 193 194
 195 195 195 195 195 195 196 196 196 197 198 199 201 202 202 202 203 204
 204 204 204 203 203 203 203 203 203 202 200 201 201 201 200 200 201 203
 201 201 201 200 200 199 200 200 201 200 200 201 199 197 196 198 196 195
 195 196 196 197 197 196 196 197 197 197 196 196 197 197 196 197 197 197
 196 195 195 195 193 193 197 199 185 149 104  74  66  63  63  65  65  81
 127 174 196 196 196 186 161 125  96  82  77  75  80 104 146 185 202 201
 199 199 199 200 199 198 197 197 197 197 196 195 196 196 197 196 196 196
 197 198 198 197 197 196 196 196 196 195 195 195 196 197 198 197 196 196
 196 197 197 197 197 196 196 196 197 197 197 198 198 197 197 197 199 199
 194  30]","[ 29  30 190 191 191 189 190 189 190 191 191 190 190 193 193 192 193 192
 191 190 192 193 193 192 193 193 193 193 192 191 192 192 192 191 191 193
 195 195 195 194 196 196 195 195 195 197 198 199 200 201 201 201 202 204
 203 202 204 203 203 204 204 203 202 201 201 201 200 200 199 199 201 202
 200 201 200 200 200 200 200 200 200 200 200 200 199 198 197 196 197 196
 195 195 196 198 198 198 196 200 198 198 196 193 194 197 195 196 196 197
 195 195 195 196 192 197 196 190 146 101  68  65  63  61  65  64  63  58
  68 106 165 187 185 157 115  75  58  57  62  70  64  69  82 123 173 201
 203 197 199 195 198 197 195 198 197 197 196 196 196 195 195 195 195 196
 197 197 197 196 196 195 196 196 196 195 194 194 195 196 198 197 195 195
 195 196 196 196 196 196 196 196 197 197 197 198 199 197 196 195 197 198
 194  28]","[ 29  29 188 189 191 190 191 189 189 190 190 189 190 192 192 191 192 191
 189 189 190 191 192 192 193 193 193 192 191 191 191 192 191 191 191 193
 194 195 195 196 196 196 196 195 195 196 197 198 199 200 200 201 202 203
 203 202 203 203 203 203 203 203 202 202 202 201 200 199 199 199 200 200
 202 201 201 201 201 201 201 200 201 201 201 201 200 199 198 198 199 199
 198 198 198 199 199 198 196 199 197 196 196 197 199 195 200 201 200 199
 198 194 197 195 198 195 191 166 105  72  66  67  62  61  62  61  65  63
  59  71 112 151 157 119  81  63  60  61  64  68  70  71  66  77 122 182
 200 200 197 197 196 200 201 196 197 197 196 196 196 196 195 195 195 195
 196 197 197 197 196 196 196 196 196 196 195 195 196 196 196 196 195 195
 195 196 196 196 196 196 196 196 197 197 197 197 200 198 197 196 197 197
 193  28]","[ 30  29 186 187 190 190 191 190 189 190 190 189 190 192 191 190 192 191
 190 189 190 191 191 191 192 193 192 191 190 190 190 191 192 192 192 193
 193 193 195 196 195 196 196 196 195 195 196 197 199 200 201 201 202 203
 203 203 203 203 203 203 203 203 202 202 202 201 200 199 199 199 200 200
 202 201 201 201 201 201 201 200 201 201 201 201 200 200 200 199 200 200
 200 200 200 200 199 197 198 195 195 198 198 198 204 202 209 211 211 207
 209 203 203 194 194 195 183 136  82  70  74  64  64  64  63  62  66  65
  59  57  72 104 112  83  59  56  59  63  68  63  67  71  69  64  80 137
 187 200 196 197 196 196 197 196 197 197 196 196 196 197 196 195 196 196
 196 196 197 197 197 196 196 197 196 196 196 196 196 196 195 195 195 195
 195 195 196 196 196 196 196 196 196 196 196 197 199 197 197 196 197 197
 193  29]","[ 30  28 186 187 189 189 191 189 189 190 190 189 190 191 191 190 193 192
 191 190 190 190 190 190 190 191 191 190 189 189 190 192 193 192 192 193
 193 192 193 195 195 195 195 195 195 195 196 197 198 199 200 200 201 202
 203 204 203 204 204 204 203 202 202 202 201 200 199 199 199 200 201 201
 202 201 201 201 202 202 201 200 201 201 201 200 200 200 200 200 201 201
 200 200 200 200 198 196 197 194 195 197 198 199 203 196 170 155 145 134
 141 150 176 197 200 197 167 115  82  69  68  65  64  62  60  63  62  60
  60  57  60  74  81  68  61  62  58  62  60  60  66  67  72  70  66  94
 152 190 201 198 196 196 194 199 197 196 196 196 197 197 196 195 197 197
 197 196 196 196 196 197 197 197 196 195 195 195 195 196 195 195 195 195
 195 195 195 196 195 196 196 196 196 196 196 196 197 196 197 196 197 197
 193  29]","[ 29  29 187 187 189 188 189 188 190 189 189 188 189 190 191 190 192 192
 192 191 191 190 189 188 188 189 190 190 189 189 191 193 193 192 191 192
 193 193 193 193 195 195 195 194 194 195 196 197 197 198 199 199 199 201
 202 203 204 204 204 204 203 202 202 202 201 200 199 199 200 201 202 202
 203 202 201 201 202 202 201 201 202 201 201 200 199 199 200 200 200 200
 200 199 199 200 198 197 194 196 197 194 198 197 184 152 112  88  84  75
  74  72  95 130 166 174 152 103  80  66  64  66  64  61  60  64  63  58
  55  50  53  64  72  66  64  67  62  62  60  63  66  64  68  72  69  72
 102 154 199 199 195 197 197 197 197 196 195 195 196 196 196 195 196 197
 198 197 196 196 197 198 199 198 196 195 195 195 195 196 195 196 195 195
 194 194 195 196 195 195 196 196 196 195 195 195 196 195 196 196 197 197
 193  29]","[ 29  29 187 188 188 187 188 188 190 189 188 188 188 189 190 190 192 192
 192 192 192 190 189 188 188 190 191 191 190 190 192 194 191 190 190 191
 192 192 193 193 196 195 194 194 194 195 196 196 197 197 198 198 199 200
 201 202 203 203 203 203 203 203 203 203 202 201 201 201 201 201 202 202
 203 202 201 201 201 201 201 200 202 201 201 200 200 200 200 200 200 200
 199 199 199 200 199 198 197 195 195 193 196 177 142  98  74  65  76  77
  76  64  60  70  89 113 118  89  71  67  69  63  64  64  65  64  61  58
  53  47  52  62  69  66  64  64  62  63  65  63  64  65  67  68  71  68
  75 109 172 199 197 195 198 195 196 196 195 195 195 196 195 195 196 197
 198 198 197 197 198 199 200 199 197 196 196 196 196 196 196 196 196 195
 195 195 195 196 196 196 196 196 196 195 195 195 196 195 197 196 197 197
 192  29]","[ 29  29 187 188 188 187 188 188 190 189 188 189 189 190 190 190 191 191
 192 192 191 190 189 189 189 191 192 192 190 190 191 193 190 190 190 190
 191 191 192 194 195 194 193 193 194 195 195 195 197 197 197 197 198 200
 201 201 202 202 202 202 203 203 202 202 202 202 202 202 202 201 201 201
 202 202 201 201 200 200 200 199 200 200 200 200 200 200 201 201 200 200
 199 199 199 200 199 197 200 194 195 192 182 140 103  72  72  69  67  66
  70  69  68  63  56  61  71  71  64  60  64  65  63  63  66  60  55  53
  48  49  55  60  63  65  63  61  62  62  61  61  67  66  65  61  68  71
  75  83 130 182 199 196 197 197 196 196 195 195 195 195 195 195 197 197
 198 198 199 199 199 199 198 198 197 197 197 197 197 196 197 196 196 196
 196 196 196 196 196 196 196 196 196 196 195 195 195 195 196 196 197 197
 192  29]","[ 29  29 186 187 188 187 189 188 190 190 189 190 191 190 190 191 189 190
 190 190 190 190 189 189 190 191 193 192 190 189 189 191 190 190 190 190
 189 189 191 194 193 193 192 193 195 196 195 195 196 196 196 196 197 199
 200 199 202 202 202 202 202 202 202 201 202 202 203 203 202 201 201 201
 202 202 202 201 201 200 200 200 199 199 199 199 200 200 201 201 200 199
 199 199 199 199 198 197 196 198 200 187 162 113  86  72  70  71  62  68
  68  62  67  64  60  55  56  64  68  66  65  65  65  62  65  60  56  53
  45  50  53  61  61  61  61  62  66  61  66  64  67  62  68  68  70  72
  74  75  94 151 191 199 195 195 196 196 195 195 195 195 195 195 199 198
 197 198 200 200 199 197 197 196 196 197 197 197 196 196 196 196 196 197
 198 198 197 197 197 197 197 197 197 196 195 195 195 195 196 196 198 198
 194  29]","[ 29  29 188 188 189 188 190 190 190 189 189 189 190 190 190 190 190 190
 191 190 190 190 191 192 190 191 192 192 192 191 191 191 190 190 190 190
 190 191 191 191 194 193 192 192 194 195 196 197 195 195 196 196 197 198
 199 200 199 199 200 202 203 203 202 201 202 202 202 203 203 203 202 201
 201 201 201 201 201 200 199 199 197 198 199 199 200 200 199 199 198 199
 199 199 199 200 199 198 197 198 200 183 141  89  76  74  70  69  66  65
  65  65  66  62  57  57  59  63  64  65  64  65  64  65  63  58  54  51
  49  50  55  57  62  62  60  61  63  67  66  65  65  68  70  71  72  73
  75  77  80 108 163 201 193 195 195 197 194 197 196 195 196 198 199 199
 200 199 198 197 197 197 197 197 197 198 199 199 197 196 197 196 196 196
 196 197 198 199 197 197 197 197 196 196 195 196 196 196 197 196 197 197
 193  29]","[ 29  29 187 188 189 188 190 189 189 189 189 189 190 190 190 190 189 189
 189 189 189 189 190 191 190 190 190 190 190 190 190 190 191 190 190 190
 190 190 191 191 191 192 192 192 193 194 195 195 194 195 195 195 196 196
 197 197 197 197 198 199 200 201 201 201 201 201 201 202 202 202 201 200
 200 201 201 201 201 200 199 199 196 196 197 199 199 200 199 199 201 200
 198 197 197 197 199 201 196 195 196 179 133  85  70  64  62  61  59  57
  55  53  53  53  50  51  56  59  65  62  61  59  59  60  59  55  51  47
  45  44  46  51  59  59  61  65  64  63  65  66  68  69  70  71  72  74
  75  78  83  89 124 188 197 195 195 196 193 194 194 199 199 198 198 198
 198 198 197 197 197 197 197 197 197 197 198 199 198 197 197 197 196 196
 196 196 197 198 197 197 197 197 196 196 196 196 196 196 197 196 197 197
 193  29]","[ 29  29 186 187 188 187 189 189 189 189 189 190 189 189 189 189 188 188
 187 187 188 189 190 190 191 190 190 189 190 190 191 191 191 191 190 189
 189 189 190 190 191 192 193 193 193 193 193 194 195 195 195 195 195 195
 196 196 197 197 197 197 198 199 201 202 201 201 201 201 202 202 201 201
 201 201 201 201 201 200 199 198 197 197 198 199 199 200 200 199 198 198
 199 199 198 196 196 198 199 196 193 174 121  85  82  88  99 104 104 100
  92  82  72  67  62  49  47  51  61  52  53  55  58  66  82 103 124 131
 123 110  87  72  60  55  58  61  62  65  64  68  71  71  71  72  74  74
  77  80  84  79  87 157 196 202 194 196 195 195 194 200 198 197 197 197
 198 197 196 196 197 198 198 197 197 197 197 198 197 197 196 196 196 196
 196 196 196 197 197 196 196 196 196 196 196 196 196 196 197 196 197 197
 193  28]","[ 29  29 187 187 188 187 189 188 188 189 190 190 189 189 189 189 188 188
 187 187 188 189 190 190 190 190 189 189 190 191 191 191 191 191 190 189
 188 189 190 190 192 192 193 193 193 193 192 192 195 195 195 195 195 195
 196 196 196 196 196 196 196 198 200 202 200 201 201 202 202 202 202 201
 202 202 201 201 200 199 199 198 199 199 199 200 199 199 199 199 197 198
 197 196 195 195 196 197 200 194 192 174 116  90 100 117 130 128 120 109
 110 119 127 134 121 104  97 101 114 108 109 114 118 132 149 157 155 147
 135 125  99  78  61  54  56  59  59  63  64  69  72  72  72  74  75  75
  77  81  81  84  78 116 175 205 195 195 196 196 195 198 195 197 196 197
 198 197 196 195 196 198 199 198 197 196 196 196 196 196 196 196 196 196
 196 196 196 196 197 196 196 196 197 197 196 196 196 196 197 197 198 197
 193  29]","[ 29  29 187 187 188 186 188 188 188 189 190 190 190 189 189 189 188 187
 188 188 189 190 189 189 189 189 189 189 190 190 190 189 191 190 189 188
 188 189 190 190 192 191 191 191 193 193 192 191 194 194 194 194 195 195
 196 196 195 195 195 195 195 196 197 199 200 200 201 201 201 202 202 202
 202 202 201 200 200 200 200 200 200 200 200 199 199 198 198 198 196 198
 197 195 195 197 197 195 197 194 193 173 116  99 107 119 120 107  93  81
  81  91 103 116 134 145 153 160 172 177 176 177 172 168 162 152 137 121
 101  84  71  67  61  53  53  59  60  60  65  69  72  72  72  75  75  74
  75  79  78  85  82  87 137 185 198 197 194 195 195 196 193 198 197 197
 198 197 196 196 196 197 199 198 196 195 195 195 195 195 195 195 196 196
 196 196 196 196 197 196 196 196 197 197 196 196 196 196 197 197 197 197
 193  29]","[ 29  29 187 187 187 186 188 188 188 189 189 190 189 189 189 188 187 187
 188 189 189 189 189 188 189 189 190 191 191 190 190 189 190 189 188 188
 188 189 190 190 191 190 189 190 192 194 193 192 193 193 194 194 195 196
 196 196 194 194 194 194 195 195 196 196 198 199 200 200 200 201 201 201
 201 201 200 200 200 200 201 201 200 200 200 200 199 199 199 199 199 199
 199 198 199 201 202 201 206 207 202 170 114 106 113 118 114  89  75  67
  63  65  73  88 107 135 159 169 171 168 162 163 165 157 145 127 103  86
  75  67  69  64  61  54  52  55  57  60  65  67  70  71  73  74  74  73
  75  78  81  79  84  81 104 147 194 202 194 193 195 195 193 198 197 197
 197 197 197 196 196 196 197 196 195 195 195 195 196 196 195 195 196 196
 196 196 197 197 197 197 196 196 197 197 197 196 197 196 197 196 197 197
 193  29]","[ 29  29 186 187 187 187 189 188 188 188 188 189 189 189 189 188 187 188
 188 189 188 188 188 188 190 191 191 192 191 191 190 189 189 189 188 188
 188 189 189 190 190 189 189 190 192 193 192 192 192 192 193 194 194 195
 195 195 194 194 194 194 195 195 195 195 197 198 199 199 200 200 201 201
 201 201 201 201 201 201 201 201 200 200 200 200 200 200 199 199 197 197
 200 205 209 212 216 219 220 217 207 168 115 106 110 110 102  77  72  71
  67  66  69  77  95 118 144 160 168 159 153 156 149 136 122 101  78  67
  67  67  71  62  59  59  58  55  53  58  63  65  69  72  73  73  72  72
  75  79  82  78  83  83  87 110 166 199 197 194 195 195 195 196 196 196
 196 196 196 196 196 196 196 196 195 195 195 195 196 197 196 196 196 196
 196 196 196 197 197 197 197 197 197 196 197 197 197 196 196 195 196 196
 193  29]","[ 30  29 186 187 188 187 189 188 188 188 188 188 189 189 189 188 188 189
 189 189 188 188 188 189 190 191 192 192 191 190 189 189 189 189 188 188
 188 189 189 189 189 189 189 190 190 190 190 190 190 190 191 192 193 193
 194 194 194 193 193 194 195 195 195 195 197 198 199 199 200 200 201 201
 201 201 202 202 201 201 200 199 200 200 199 199 199 199 199 199 196 197
 203 206 195 174 158 152 153 149 148 131 102 102 106 106  96  75  73  71
  65  69  70  71  80  95 113 126 147 141 132 127 114  98  87  79  70  69
  73  72  67  63  63  61  59  56  55  59  62  64  69  72  73  72  71  72
  74  80  79  83  82  81  83  89 131 187 199 195 195 195 197 195 196 195
 194 194 195 196 196 196 196 196 196 195 195 195 196 196 197 197 196 196
 196 196 196 196 197 197 198 197 196 196 197 197 197 196 196 194 195 196
 193  29]","[ 30  29 185 187 188 189 189 188 189 188 188 188 188 189 188 188 189 187
 187 188 187 187 188 190 189 189 191 192 192 191 189 188 189 188 188 189
 189 189 189 189 189 189 189 190 190 190 190 191 189 190 191 191 190 192
 193 194 193 193 194 194 194 194 195 195 196 196 197 198 199 200 200 201
 201 202 202 202 201 200 201 202 200 200 199 199 199 199 198 196 196 199
 202 182 151 117  91  78  75  79  80  80  86  95 101 100  85  77  71  71
  71  70  70  72  74  74  86 102 111 116 112 101  89  83  77  74  73  72
  71  71  71  69  70  69  64  59  57  55  62  65  71  74  72  68  68  72
  73  78  80  80  79  80  83  89 106 166 202 194 194 192 197 195 196 195
 195 195 196 196 196 196 196 196 196 195 195 195 196 197 198 197 197 197
 197 197 196 195 196 197 197 197 196 196 196 196 196 195 196 195 195 195
 192  29]","[ 29  29 185 188 187 189 188 188 188 187 187 187 188 188 187 186 188 187
 187 188 188 187 187 189 188 188 189 190 191 191 190 189 189 188 188 188
 189 189 189 189 190 190 190 190 190 190 191 191 188 189 190 190 190 191
 192 193 192 192 193 193 193 193 194 194 195 195 196 198 198 198 198 198
 200 201 202 201 200 199 199 199 199 199 199 199 199 199 197 196 202 192
 170 134 101  79  71  68  74  75  73  71  76  86  91  90  80  75  71  72
  73  70  68  68  68  67  74  83  87  91  91  84  80  77  74  73  73  72
  73  73  73  71  71  70  66  63  61  58  62  64  69  71  69  65  66  70
  74  76  77  77  77  79  84  90  93 136 190 197 197 197 197 196 196 195
 195 195 196 196 196 196 195 195 195 195 195 195 196 197 197 197 196 197
 197 197 197 196 196 196 197 197 196 195 196 196 196 195 196 195 195 195
 192  29]","[ 30  29 185 188 187 188 188 187 187 187 187 188 188 188 187 186 187 187
 187 188 187 187 187 188 188 188 188 188 189 190 189 189 189 187 187 188
 189 189 188 188 189 189 189 189 189 189 189 189 189 189 190 190 189 189
 189 190 191 192 193 193 192 192 194 195 195 195 195 197 197 196 195 195
 199 200 201 201 200 199 198 198 200 199 199 199 199 198 196 196 196 174
 136 100  78  72  74  76  73  72  67  63  68  77  82  80  78  74  70  68
  68  67  66  65  65  63  67  71  72  76  79  77  75  75  75  75  74  74
  74  74  74  72  72  70  68  67  65  61  62  63  65  65  62  59  61  66
  71  72  72  74  76  78  83  90  91 110 177 197 193 195 193 195 196 195
 195 195 196 196 196 196 195 195 195 195 195 195 196 197 197 196 196 196
 197 197 197 196 196 196 196 196 195 195 195 195 196 195 195 195 195 195
 192  29]","[ 30  29 186 188 187 187 187 187 187 187 187 188 188 188 187 187 187 187
 187 187 187 187 187 187 188 187 187 188 188 189 189 188 188 187 186 187
 189 189 188 188 188 188 188 187 187 187 187 187 188 189 189 189 189 188
 188 189 191 192 193 193 192 192 193 195 194 194 195 196 196 195 194 194
 197 198 199 200 200 200 200 199 200 199 199 200 199 197 196 196 195 162
 115  89  77  75  74  71  73  71  66  62  66  74  78  77  78  75  70  66
  65  66  66  65  65  65  69  72  72  75  79  79  76  76  77  77  76  75
  74  75  73  73  73  72  69  69  67  62  62  62  60  58  53  51  54  59
  64  66  68  72  76  77  80  85  89  97 165 196 192 194 194 198 196 195
 195 195 196 196 196 196 195 195 195 195 195 195 196 197 197 196 195 195
 196 196 196 195 196 196 196 196 195 195 195 195 195 194 195 195 195 195
 192  29]","[ 29  29 186 188 186 187 187 187 186 186 186 187 187 187 187 187 187 187
 187 187 186 187 187 188 187 187 187 188 188 188 188 188 188 187 186 187
 188 188 188 187 188 188 188 188 188 187 187 187 187 186 187 188 189 189
 190 191 189 190 191 191 190 191 192 194 194 194 195 197 197 196 195 195
 195 196 197 198 199 199 200 200 199 199 199 199 198 196 195 195 183 137
  93  77  76  75  75  74  73  72  68  65  68  74  77  76  73  74  73  71
  70  69  68  65  67  68  71  73  74  74  76  76  75  75  75  76  77  76
  75  75  73  75  76  75  72  71  69  65  63  61  58  52  47  45  49  53
  59  61  65  71  75  75  76  80  85  97 155 199 197 195 196 197 196 195
 195 195 195 196 196 196 195 195 195 195 195 195 196 196 196 196 196 196
 196 196 196 196 196 196 196 196 196 195 195 195 195 195 195 195 196 195
 192  29]","[ 29  29 185 187 186 187 186 186 186 186 186 186 186 186 186 187 186 187
 187 186 186 187 188 188 186 186 187 187 188 189 188 188 188 187 187 187
 188 187 187 187 188 188 188 188 188 188 187 187 187 186 186 187 188 188
 189 190 189 189 190 190 190 190 192 193 194 194 195 196 196 196 195 195
 196 196 196 197 197 198 199 200 199 199 199 198 197 196 195 193 172 118
  87  78  78  73  74  74  72  71  69  66  68  73  75  74  70  72  73  73
  72  72  71  69  69  71  72  73  74  74  75  75  78  77  76  77  78  77
  77  76  75  76  78  78  74  72  70  67  66  63  58  51  45  42  45  49
  56  60  65  69  73  74  75  77  86  99 142 200 198 194 195 194 196 195
 195 195 195 196 196 195 195 195 195 195 195 195 195 196 196 196 196 197
 197 197 197 197 197 196 196 196 196 196 195 195 195 195 196 195 196 195
 192  29]","[ 30  29 184 185 185 186 186 186 186 186 186 186 185 184 184 185 184 186
 186 186 186 187 188 188 187 187 187 187 188 188 188 188 187 187 187 188
 187 187 187 187 187 187 187 187 187 187 187 187 187 186 186 187 187 186
 186 188 188 189 189 189 189 190 191 192 193 193 194 195 195 194 194 194
 195 196 196 196 196 197 199 200 198 199 199 197 196 196 194 191 161 104
  86  81  83  76  76  76  72  70  67  64  66  71  73  73  72  72  72  72
  71  71  71  72  71  72  72  72  74  76  77  80  80  79  79  79  79  79
  79  79  78  76  77  78  75  73  72  70  69  66  61  53  45  41  42  45
  53  60  65  69  73  75  76  78  84  89 123 196 196 194 196 197 196 195
 195 195 195 196 196 195 195 195 195 195 194 194 195 195 195 196 196 197
 197 197 197 196 196 196 196 196 196 196 195 195 195 195 195 195 196 195
 192  29]","[ 29  28 183 184 184 186 186 185 185 185 185 185 184 182 182 182 183 185
 186 186 186 187 188 187 188 188 187 187 187 188 187 187 187 187 188 188
 187 186 186 187 187 187 187 187 187 187 187 187 184 183 184 186 187 186
 187 188 187 187 187 188 188 189 190 191 193 193 193 194 194 193 193 193
 193 194 195 195 195 196 197 199 197 199 198 195 195 197 194 189 165 102
  87  79  81  75  77  77  73  70  66  63  65  70  74  74  74  74  74  73
  72  70  70  71  70  72  71  71  74  75  77  81  78  78  79  79  80  80
  80  81  80  77  77  78  76  74  74  73  71  69  63  54  46  40  40  41
  49  59  66  70  74  77  79  80  82  79 110 195 195 194 194 194 196 195
 195 195 195 196 196 196 195 195 195 195 194 194 194 195 195 195 196 196
 196 196 195 195 196 195 195 195 196 196 195 194 195 194 195 195 196 195
 192  29]","[ 29  29 183 184 186 187 186 185 183 185 186 186 183 179 179 180 180 183
 186 187 187 187 188 188 187 187 187 188 188 188 187 187 187 187 187 187
 187 187 187 187 186 186 186 187 187 187 187 187 185 184 184 184 185 185
 185 185 186 187 187 187 187 188 189 190 190 190 191 192 193 193 194 194
 194 194 195 196 197 197 197 198 196 197 196 198 196 195 196 191 164 101
  89  81  81  81  76  75  74  72  69  60  60  64  74  79  77  75  73  73
  71  69  69  66  70  70  71  72  74  77  77  76  78  77  78  80  79  80
  81  81  80  79  77  77  79  78  76  74  72  68  64  59  53  47  43  43
  48  53  61  68  71  73  75  77  74  73 106 195 192 193 194 195 196 195
 195 195 195 195 195 195 195 195 195 195 195 195 195 195 195 195 195 195
 195 195 195 195 195 195 195 195 195 195 195 196 195 195 195 194 196 195
 191  29]","[ 29  29 183 184 186 187 185 184 183 183 185 184 183 180 179 180 182 185
 187 187 187 187 188 188 188 188 188 188 189 189 188 188 187 187 187 187
 187 187 187 187 187 187 187 187 187 186 186 186 186 186 185 185 186 186
 185 185 187 187 187 187 186 187 188 189 189 189 190 191 192 192 193 193
 195 194 194 195 196 197 197 197 196 196 195 196 195 194 195 195 169 111
  89  92  83  79  80  82  77  75  71  63  63  65  73  77  76  76  73  72
  69  66  66  61  61  66  71  73  72  71  73  74  74  74  76  78  78  79
  81  81  81  79  77  77  77  77  75  73  72  69  66  64  60  55  51  49
  46  53  58  60  62  66  68  67  64  74 111 194 191 192 194 196 195 195
 195 195 195 195 195 195 195 195 195 195 195 195 195 195 195 195 195 195
 195 195 195 195 195 195 195 195 195 195 195 196 195 195 195 194 196 195
 191  29]","[ 29  30 184 185 186 187 184 183 183 183 183 184 183 181 181 181 184 185
 186 186 186 187 188 188 189 189 189 189 189 189 189 188 187 187 187 187
 187 187 187 187 188 188 187 187 187 186 186 186 187 187 186 186 186 186
 185 185 186 186 186 186 186 186 187 187 188 188 189 189 190 191 192 192
 195 193 192 194 196 196 196 196 196 195 196 196 197 196 197 203 188 121
  89  90  83  82  81  78  78  76  73  66  65  65  72  75  75  76  73  71
  67  64  63  56  52  54  58  63  68  69  68  66  68  69  73  76  76  78
  81  81  82  80  79  78  78  77  76  75  75  71  68  66  65  62  56  53
  49  51  53  54  57  61  65  65  71  84 123 196 192 193 192 197 194 195
 195 195 195 195 195 195 195 195 195 195 195 195 195 195 195 195 195 195
 195 195 195 195 195 195 195 195 195 195 195 195 195 196 195 194 196 195
 191  29]","[ 29  30 184 185 186 187 184 183 184 184 184 184 183 182 182 183 184 185
 185 184 184 186 188 188 189 189 189 189 190 189 189 188 187 187 187 187
 187 187 187 187 187 187 187 187 187 186 186 186 187 187 187 186 186 186
 185 185 185 186 186 186 186 186 187 188 187 187 188 188 189 190 191 191
 193 192 192 193 195 195 196 196 197 195 196 194 194 193 194 203 191 122
 100  87  84  83  82  81  78  75  73  66  65  64  70  73  73  75  73  71
  67  65  62  54  45  40  39  44  54  59  56  51  59  62  69  74  76  78
  81  81  81  81  80  79  78  77  77  76  76  73  69  67  66  64  61  57
  56  52  51  56  60  62  67  73  82  92 141 196 192 193 192 196 194 194
 194 195 195 195 195 195 195 195 195 195 195 195 195 195 195 195 195 195
 195 195 195 195 195 195 195 195 195 194 195 195 195 195 195 194 195 195
 191  29]","[ 29  30 184 185 186 187 185 184 184 184 185 185 183 182 182 184 184 185
 185 183 184 186 187 187 188 188 189 189 190 189 188 187 187 187 187 187
 187 187 187 187 187 187 187 187 186 186 186 186 187 187 187 187 187 186
 186 186 186 186 187 187 187 187 187 188 187 187 187 188 188 189 190 191
 192 192 192 193 194 194 194 195 195 195 196 195 194 194 196 201 177 116
  97  87  87  84  82  81  79  75  72  66  65  62  66  70  70  73  72  71
  69  66  64  55  48  42  38  40  45  48  48  47  49  54  63  70  74  79
  81  80  81  81  81  80  78  77  76  75  75  73  71  69  69  68  65  63
  61  57  56  61  64  65  68  73  74  97 163 196 189 192 194 196 193 194
 194 195 195 195 195 195 195 195 195 195 195 195 195 195 195 195 195 195
 195 195 195 194 195 195 195 195 194 194 195 195 195 195 195 193 195 194
 191  29]","[ 28  29 184 185 185 186 184 184 183 183 184 184 183 181 182 183 185 186
 186 185 184 186 187 187 187 187 188 188 189 189 188 187 187 187 187 187
 187 187 187 187 188 187 187 186 186 185 185 185 187 187 188 188 187 187
 187 187 187 187 188 188 187 187 187 187 187 187 188 188 188 189 189 189
 191 191 192 193 193 192 193 194 193 195 195 196 195 196 198 193 168 119
  90  90  87  82  81  79  81  76  73  67  65  59  62  65  67  69  70  71
  68  66  63  56  45  40  35  34  36  37  39  40  43  47  55  63  70  78
  82  82  81  82  82  80  78  76  75  74  74  75  74  73  72  70  68  66
  65  66  66  65  66  68  68  67  73 118 187 198 187 191 196 194 193 194
 194 195 195 195 195 195 195 195 195 195 195 195 195 195 195 195 195 195
 195 195 194 194 194 195 195 195 194 194 194 195 195 195 194 193 195 194
 191  29]","[ 29  29 183 184 184 185 183 183 182 182 183 184 183 182 182 183 184 186
 187 186 185 186 187 187 187 187 187 187 188 188 188 188 187 187 187 187
 187 187 188 188 188 187 187 186 186 186 186 185 186 187 188 188 187 187
 187 187 187 188 188 188 187 187 187 187 187 187 188 188 188 188 188 188
 189 189 190 192 193 193 192 192 194 196 192 194 192 192 192 173 152 125
 103  95  86  80  82  84  81  76  74  69  66  58  58  59  64  65  66  68
  66  62  59  53  46  40  33  32  34  35  36  37  37  38  44  52  61  73
  81  81  82  82  81  80  78  76  74  74  74  75  76  74  72  71  69  67
  69  71  71  68  68  70  71  69 105 159 197 196 189 192 196 192 193 194
 195 195 195 195 194 194 194 194 195 195 195 195 195 195 195 195 195 195
 194 194 193 193 194 194 194 194 194 194 194 195 195 195 194 193 195 194
 191  29]","[ 29  29 183 183 183 184 182 182 182 182 182 183 184 184 183 183 183 185
 187 186 185 186 187 188 187 187 186 186 187 188 188 188 188 188 187 187
 187 188 188 188 187 187 186 186 186 186 186 187 186 187 187 187 187 186
 186 187 186 187 187 188 188 187 188 188 187 187 188 188 188 188 187 187
 188 187 188 191 193 194 193 192 193 195 189 194 194 196 196 169 131 115
 109  89  89  88  83  78  80  76  75  71  67  57  55  56  62  62  63  66
  63  59  56  50  47  40  33  30  29  30  32  35  31  31  34  41  52  67
  77  79  81  80  80  78  77  75  74  73  73  74  74  73  72  73  73  72
  71  70  70  70  70  72  76  79 144 192 194 190 191 192 194 192 194 194
 195 195 195 195 194 194 194 194 194 195 195 195 195 195 195 195 195 195
 194 193 193 192 194 194 194 194 194 194 194 195 195 195 194 193 195 194
 191  29]","[ 29  28 183 183 183 183 182 183 182 182 182 183 185 183 182 184 185 186
 186 186 186 186 187 188 187 186 186 187 188 188 187 186 188 187 187 187
 187 187 187 186 185 186 187 188 188 188 187 187 186 187 187 186 186 187
 188 189 187 186 187 189 189 188 187 187 188 187 187 187 187 187 187 187
 188 187 187 189 192 193 192 191 193 192 192 191 194 194 189 168 124 106
 101  94  90  89  82  81  77  75  74  72  66  58  52  51  54  57  60  61
  60  57  52  46  46  35  30  30  26  25  28  30  31  32  31  31  39  55
  70  78  77  80  81  80  77  76  75  74  73  72  72  74  75  74  73  72
  71  70  69  73  74  75  67 106 178 191 191 189 193 193 194 193 193 194
 195 195 195 194 194 193 194 194 194 195 196 196 195 195 194 194 194 194
 194 194 193 193 193 194 194 194 193 194 194 195 194 194 194 193 194 194
 191  30]","[ 29  28 183 183 182 182 181 182 182 183 182 183 185 183 181 183 185 185
 185 185 185 186 187 187 186 186 185 186 187 187 187 187 187 187 187 187
 187 187 186 186 185 186 186 187 187 187 187 186 186 186 187 186 186 187
 188 188 188 187 187 188 189 188 187 187 187 187 187 187 186 187 187 187
 187 186 186 188 189 190 190 189 191 190 189 189 190 191 191 167 128 107
  97  91  88  88  82  82  77  75  74  72  67  59  50  45  45  49  52  52
  52  50  46  42  37  31  28  26  23  22  24  27  32  32  30  28  32  44
  57  64  73  76  78  78  76  76  75  75  74  74  74  75  75  74  73  73
  72  74  68  71  77  74  86 147 191 195 188 188 193 193 192 191 193 194
 195 195 195 195 194 193 194 194 194 194 195 195 194 194 193 193 193 193
 193 193 193 194 194 194 194 193 193 194 194 193 193 194 194 193 195 194
 191  29]","[ 30  29 183 183 182 181 180 182 182 182 182 183 185 184 182 182 185 185
 185 185 186 187 187 187 187 186 186 187 187 187 187 188 187 187 187 187
 187 187 186 186 186 186 186 187 187 187 187 187 186 186 186 186 187 188
 188 187 188 187 187 188 188 188 188 188 186 186 186 186 186 186 186 186
 188 187 187 188 189 190 190 190 189 188 187 189 188 189 191 161 124 101
  89  85  85  86  82  82  78  75  72  69  66  60  49  40  40  43  45  46
  45  45  43  40  34  31  26  24  24  23  23  26  36  36  36  36  38  45
  56  64  68  72  75  75  74  75  75  74  75  75  76  76  75  73  72  73
  71  75  70  74  77  72 108 177 196 193 186 188 194 193 192 194 193 194
 195 195 195 195 195 194 194 194 194 194 194 194 193 193 193 193 193 192
 192 192 193 194 193 193 193 192 193 194 193 192 193 194 195 194 195 194
 191  28]","[ 29  29 183 182 181 181 180 182 182 182 182 182 185 184 183 183 185 184
 185 185 186 186 186 185 187 186 186 186 186 186 187 187 187 187 187 187
 187 187 187 187 187 187 187 187 187 187 187 187 186 186 186 186 187 187
 187 187 187 186 187 187 187 187 187 187 186 186 186 186 186 186 186 186
 188 188 188 188 189 189 190 190 188 188 186 190 187 187 188 148 113  92
  82  81  82  83  81  82  79  75  70  66  63  59  49  40  37  38  38  38
  39  39  38  36  34  30  24  22  23  22  25  32  43  43  44  44  45  49
  57  64  68  72  75  75  74  74  74  73  75  76  76  76  75  73  72  73
  73  72  72  76  74  72 128 184 191 190 187 189 193 192 193 196 194 195
 195 195 195 195 195 194 194 194 193 193 193 193 193 192 193 193 193 193
 192 191 192 192 192 192 193 193 193 194 193 192 193 194 195 194 195 194
 191  28]","[ 28  28 183 182 181 180 180 182 182 183 182 182 184 184 183 183 183 183
 184 185 185 185 183 182 186 186 186 186 186 185 186 186 186 187 187 187
 187 187 187 187 187 187 186 186 186 186 187 187 186 187 187 186 186 186
 186 186 185 186 186 186 186 185 185 184 185 185 185 185 185 185 185 186
 187 187 187 187 187 187 188 188 188 186 185 189 187 187 184 138 106  88
  79  80  80  79  79  80  76  72  66  62  59  56  48  40  36  34  33  33
  35  37  37  36  34  31  26  25  26  26  33  47  49  48  48  50  52  54
  58  63  69  73  75  75  75  74  74  72  73  74  75  75  74  72  73  74
  74  72  72  76  74  75 141 189 189 189 189 190 191 192 191 193 194 195
 195 195 195 195 194 193 193 193 192 192 193 193 193 193 193 193 193 193
 192 190 189 189 190 192 193 193 193 193 193 194 193 194 194 193 194 193
 191  29]","[ 29  29 183 182 181 181 181 183 183 184 182 181 183 184 183 183 182 183
 184 185 185 185 183 183 187 186 186 187 187 186 186 186 186 186 187 187
 187 187 187 187 187 187 187 186 186 187 187 187 187 187 187 185 184 184
 185 185 185 186 186 186 185 184 184 183 185 184 184 183 184 184 185 186
 187 188 188 188 187 187 187 187 188 186 186 188 187 189 180 132 104  88
  78  78  76  73  74  74  67  64  60  57  54  50  44  38  38  35  32  32
  34  37  38  37  36  31  27  31  37  40  47  56  55  54  54  57  58  60
  62  64  69  72  74  75  74  73  72  71  70  71  72  73  72  71  71  73
  72  75  73  76  79  80 145 192 190 188 189 189 191 193 191 190 194 195
 195 195 194 194 194 193 193 193 193 193 194 194 195 194 193 194 194 194
 193 191 189 188 190 192 194 194 193 193 193 194 192 193 194 192 193 192
 191  30]","[ 30  29 184 183 181 180 180 183 182 184 183 181 183 183 183 183 183 184
 185 185 185 185 185 185 186 185 185 187 188 187 187 186 186 187 187 187
 187 187 188 188 187 187 187 187 187 187 187 187 187 187 186 184 182 181
 182 183 184 185 186 184 184 184 183 183 184 183 182 182 182 184 185 186
 186 186 187 187 188 188 187 187 188 187 188 186 186 189 174 126 101  86
  75  74  73  70  68  64  58  55  52  51  50  47  42  39  40  36  32  31
  31  32  33  34  34  32  35  41  47  53  56  57  63  62  62  62  62  61
  61  62  67  70  73  73  73  72  71  69  68  68  70  71  71  70  71  72
  72  77  76  77  80  90 152 188 190 187 190 190 191 193 191 190 193 194
 194 194 194 194 194 193 194 194 193 194 194 195 195 195 194 194 194 195
 195 193 191 189 190 192 194 194 193 193 193 192 191 192 193 191 192 192
 190  29]","[ 29  28 183 181 179 179 178 181 180 183 182 181 183 183 183 183 183 184
 184 185 185 185 186 187 183 183 183 185 187 187 186 185 187 187 188 188
 188 188 189 189 187 186 186 186 186 186 186 186 186 187 186 183 180 180
 181 182 181 183 183 182 181 182 183 183 183 183 182 181 182 183 185 186
 182 183 184 185 186 187 186 186 186 186 189 185 184 187 167 119  97  82
  71  72  72  70  65  58  54  50  48  48  48  47  44  43  44  41  36  32
  30  29  30  32  32  40  52  57  56  59  64  64  64  65  65  65  66  67
  67  68  68  71  73  73  73  72  71  69  68  69  70  71  71  71  72  73
  77  78  79  76  76 100 166 185 189 187 192 193 191 191 188 190 192 193
 193 193 194 194 194 194 193 193 192 193 193 194 194 194 193 193 193 195
 195 194 192 190 192 193 194 194 193 193 192 191 190 191 192 191 192 191
 190  29]","[ 28  29 181 181 180 176 176 179 181 182 183 183 182 183 184 185 187 186
 185 185 185 186 186 186 185 184 184 185 185 185 186 188 187 188 188 187
 188 189 188 187 187 187 187 186 186 186 186 185 187 187 187 186 183 181
 181 181 181 182 182 181 181 182 182 182 182 182 181 180 180 181 182 184
 182 182 182 183 185 185 185 185 187 185 189 186 184 186 157 125 100  84
  72  70  69  68  64  58  51  48  44  42  44  47  45  42  43  41  37  33
  30  29  31  34  42  50  58  62  66  69  69  67  68  68  69  69  70  71
  72  73  72  73  74  74  73  72  72  73  71  69  70  72  73  73  74  75
  78  80  82  80  83 117 175 187 186 188 190 191 191 192 193 193 191 192
 194 194 195 194 194 194 194 193 192 193 194 194 193 193 192 193 194 193
 193 193 193 192 193 194 193 193 193 193 192 191 193 192 192 193 192 193
 188  29]","[ 29  30 180 179 176 172 172 176 180 181 182 182 182 183 184 185 187 186
 185 185 185 186 186 186 185 184 184 185 185 185 186 188 188 188 187 185
 186 187 186 184 185 186 186 186 186 187 187 186 187 187 187 186 185 184
 183 183 183 183 183 182 181 181 181 181 181 181 181 180 179 179 180 181
 182 182 183 183 184 185 185 185 185 185 188 186 186 186 159 128 106  90
  79  74  69  66  63  58  52  48  41  38  38  41  42  41  41  41  40  38
  37  37  40  44  52  58  64  67  70  72  73  71  73  73  73  73  72  73
  74  74  74  74  74  74  74  74  74  74  72  71  71  73  74  74  75  77
  82  82  85  80  82 125 182 191 188 190 192 192 192 192 192 192 193 193
 193 194 194 194 193 192 193 192 192 193 194 193 193 192 192 193 194 193
 192 192 192 192 194 194 193 193 193 193 192 191 192 192 192 193 192 193
 188  29]","[ 29  29 179 175 171 166 168 172 179 180 181 182 182 182 183 184 185 184
 183 183 185 185 185 184 185 185 185 185 185 185 186 187 188 187 185 184
 184 185 184 183 182 183 184 185 185 186 186 186 187 186 186 185 185 185
 184 183 184 184 183 182 182 181 181 181 180 181 181 179 178 178 178 179
 182 182 182 182 182 182 183 183 184 185 187 186 187 178 151 120 106  94
  83  76  69  65  64  62  55  50  43  38  37  38  40  40  43  44  44  44
  43  46  51  56  63  67  71  73  74  75  75  75  75  75  75  74  73  73
  74  74  74  74  73  73  75  75  75  74  73  72  73  74  75  76  78  80
  85  84  85  82  92 146 191 193 190 192 193 194 193 193 192 192 194 193
 193 193 194 194 192 191 190 190 191 192 193 192 191 190 191 193 193 192
 191 191 192 193 193 193 193 192 192 192 191 190 191 190 191 192 192 193
 188  29]","[ 29  29 179 175 170 165 167 172 179 180 181 182 182 182 183 183 182 182
 181 182 184 184 184 183 185 186 186 186 185 185 186 186 187 187 186 185
 185 185 184 184 182 183 184 183 184 184 185 185 186 185 185 184 184 183
 183 183 184 183 182 182 183 182 182 181 179 180 181 180 179 179 179 180
 181 181 181 180 180 180 181 182 184 185 186 185 186 170 138 107 104  93
  85  79  71  66  66  64  55  52  47  44  43  44  45  45  50  50  50  49
  50  53  60  66  70  71  74  76  76  75  75  76  74  74  74  74  74  73
  73  72  74  74  73  73  74  75  74  74  73  73  74  75  77  80  83  85
  86  87  87  88 111 167 194 191 190 192 193 193 193 194 194 193 194 193
 193 193 194 193 192 191 189 189 190 192 192 191 190 190 190 192 193 192
 191 191 193 194 193 193 192 192 192 192 191 190 190 190 191 192 192 193
 188  29]","[ 29  30 180 177 173 169 172 177 180 181 181 182 182 182 182 182 182 182
 182 182 184 185 185 184 186 186 187 186 185 184 185 185 186 187 187 186
 185 184 184 185 184 184 184 183 183 184 185 185 186 186 185 184 183 183
 184 186 184 183 182 183 183 182 182 182 180 180 181 181 180 180 180 181
 182 182 182 181 180 181 182 183 182 185 185 185 187 172 137 108 103  94
  87  82  74  69  67  63  55  53  52  51  51  52  54  55  56  55  55  55
  56  60  66  71  72  73  75  77  76  76  75  76  76  76  76  76  76  75
  73  72  74  75  75  75  74  74  74  74  74  75  76  78  80  83  87  89
  89  91  89  97 133 181 191 190 191 191 192 192 192 194 194 194 193 193
 193 193 192 192 191 190 190 190 190 191 191 191 191 191 190 192 193 192
 191 191 193 195 193 193 193 193 192 192 191 190 190 190 192 193 192 193
 188  30]","[ 28  29 180 179 177 173 175 180 181 181 181 181 181 181 181 181 182 182
 182 182 184 185 185 185 186 187 187 185 184 184 185 185 186 186 186 186
 185 184 184 184 184 184 183 182 183 184 185 185 185 185 185 184 182 183
 184 186 185 184 183 184 183 182 181 181 181 181 181 181 181 180 180 180
 182 182 181 181 181 182 182 183 183 184 183 184 188 179 138 114 100  91
  86  82  77  73  69  63  61  59  58  58  57  57  59  60  57  58  59  61
  63  66  70  73  74  75  77  77  77  77  77  77  79  79  79  78  78  76
  74  73  74  75  76  76  74  73  73  74  75  76  78  80  83  86  89  90
  93  88  87 108 155 191 190 189 191 191 191 191 191 193 194 194 193 193
 193 192 191 190 189 189 190 189 189 190 190 190 191 191 190 192 193 192
 190 190 192 193 192 193 192 192 192 192 191 189 190 190 192 192 191 192
 188  30]","[ 28  29 180 179 177 174 176 180 181 181 181 180 181 181 181 181 181 181
 181 182 182 183 185 186 185 186 187 185 183 184 185 186 186 184 184 185
 185 184 184 184 184 183 182 182 183 185 185 184 183 183 183 183 183 183
 184 185 186 184 184 185 184 181 180 182 182 182 181 181 181 181 180 180
 180 180 180 180 181 181 182 182 183 184 182 183 185 180 131 110  99  90
  85  82  78  76  72  65  66  64  63  62  61  59  60  62  59  61  64  66
  68  70  74  77  77  79  79  77  77  79  79  78  79  79  78  78  77  76
  75  74  75  76  76  76  74  73  73  74  75  78  80  83  86  90  91  91
  94  86  95 131 175 192 190 188 190 190 191 190 191 192 193 193 192 192
 191 191 190 189 188 188 188 187 187 188 189 189 189 189 189 191 192 191
 189 189 190 191 192 192 191 190 190 190 190 189 189 190 191 191 189 191
 187  29]","[ 29  29 179 179 178 175 176 179 180 180 180 180 180 180 181 181 181 181
 181 181 182 183 184 186 184 186 186 184 183 184 185 186 186 183 182 183
 185 186 185 185 185 184 183 183 184 185 185 183 182 182 182 183 184 184
 185 185 186 185 185 185 184 181 181 182 183 182 181 181 181 181 181 180
 179 179 179 179 180 181 181 181 181 182 180 181 182 179 123 102 101  92
  86  84  80  77  73  67  64  63  63  64  63  61  61  63  64  66  68  70
  71  73  77  82  80  81  80  76  76  79  80  79  78  77  76  76  76  76
  75  75  77  77  77  76  75  75  75  76  77  79  83  86  90  94  95  94
  94  89 114 156 186 186 187 189 189 189 190 190 191 192 193 192 192 190
 189 189 190 190 188 187 188 186 186 187 188 189 189 189 187 189 190 190
 188 188 189 190 192 192 190 189 189 190 190 190 190 190 191 191 189 190
 187  29]","[ 29  30 177 181 177 178 178 178 178 179 180 179 179 178 180 181 181 182
 182 182 181 182 184 186 184 184 183 182 182 183 183 182 182 181 181 181
 183 186 186 185 186 183 181 182 183 183 183 183 182 182 182 182 183 184
 185 185 184 183 182 183 183 182 182 182 181 180 180 181 182 182 181 181
 179 179 179 179 179 180 180 181 181 180 180 180 181 181 131  99 100  93
  92  87  79  78  73  67  65  64  63  63  63  64  64  63  65  69  73  73
  74  77  80  81  82  81  79  78  78  79  79  79  81  80  78  77  76  76
  76  76  74  76  77  78  80  79  77  77  78  83  85  86  92  95  95  97
  91  97 144 184 188 187 187 186 186 190 187 186 191 191 188 189 189 190
 191 191 190 189 189 189 187 187 187 188 189 190 189 187 188 188 188 187
 187 189 189 189 190 189 188 189 189 189 189 190 188 189 188 188 187 188
 185  30]","[ 28  29 177 179 174 175 174 175 177 179 180 181 181 180 179 178 179 179
 181 182 183 183 184 185 182 183 183 182 180 180 179 179 182 181 181 180
 180 181 182 182 183 182 182 183 184 184 183 182 181 180 180 180 182 183
 184 184 184 183 182 182 181 180 180 180 182 181 180 180 179 179 180 180
 178 179 178 177 175 175 175 176 178 177 178 178 180 182 142 105 104  95
  91  86  80  76  70  67  66  65  64  64  64  64  64  64  68  72  76  76
  77  79  81  81  81  80  79  79  79  79  79  79  80  79  77  77  77  77
  75  74  74  77  78  80  82  81  79  81  83  85  89  90  90  96  98  93
  93 119 162 188 189 187 187 188 187 188 186 185 189 191 190 190 188 189
 189 189 188 188 189 189 187 187 186 186 187 189 189 189 190 189 188 188
 188 188 188 188 188 187 187 188 188 188 187 187 188 189 188 188 188 189
 185  29]","[ 30  28 176 175 174 177 176 178 177 177 177 177 178 178 178 178 179 178
 179 181 182 181 181 182 180 181 181 181 181 181 180 179 179 179 179 179
 178 178 180 182 183 183 182 181 182 183 183 182 182 182 181 182 182 183
 184 184 181 181 181 182 182 182 182 183 181 179 177 179 181 182 182 182
 179 179 179 177 174 173 174 176 174 174 178 179 181 186 159 113 105  96
  89  83  78  73  66  65  65  64  64  64  64  64  65  67  73  76  79  80
  80  81  81  81  80  80  80  80  79  79  79  79  80  79  79  79  80  79
  77  74  74  77  79  81  82  81  81  83  90  87  87  92  95  96  93  89
 114 153 181 188 188 186 185 187 187 187 186 188 189 189 187 186 189 189
 189 189 189 189 190 191 190 190 189 188 189 190 191 191 190 189 188 188
 188 187 187 187 188 187 188 189 189 188 187 187 187 187 187 188 188 189
 185  29]","[ 30  28 174 172 175 177 172 173 176 176 177 177 177 178 179 180 180 178
 177 179 180 179 180 182 181 180 178 179 181 182 181 178 178 178 179 180
 179 179 180 182 177 180 181 182 183 184 182 180 181 181 180 181 181 181
 180 179 180 180 180 180 180 179 178 179 179 178 177 178 179 178 177 176
 176 176 176 175 173 173 174 175 174 174 178 178 179 185 173 123 103  96
  87  79  75  72  65  65  63  63  64  64  64  65  68  71  76  79  81  81
  82  82  82  81  81  81  81  81  80  79  79  79  80  79  79  79  80  79
  78  77  75  78  80  81  81  80  81  85  86  91  92  97  97  87  91 115
 150 180 189 186 188 187 187 187 187 186 188 190 189 188 188 187 187 187
 187 187 187 187 188 189 188 189 189 188 188 188 188 187 189 188 188 189
 188 187 187 188 187 187 187 188 187 186 184 184 187 187 187 188 188 189
 186  29]","[ 28  29 176 176 179 180 173 173 171 174 178 180 180 179 179 180 178 177
 178 179 180 179 181 183 182 181 179 179 180 181 180 179 180 180 180 181
 180 179 178 179 181 182 181 179 179 180 179 177 179 179 180 181 181 181
 179 178 180 179 180 181 181 180 179 179 175 175 177 178 178 178 179 180
 178 177 176 175 176 176 176 175 176 176 178 177 175 180 177 131 101  96
  88  77  73  72  67  67  64  63  64  65  66  67  71  76  79  80  82  82
  82  82  83  83  83  83  82  81  79  78  78  79  78  78  78  77  76  76
  76  77  77  80  80  80  81  81  82  86  91  93  91  92  93  88 104 140
 176 186 183 182 186 185 186 185 184 183 185 186 185 186 188 188 187 187
 186 187 187 187 188 188 188 189 189 188 186 186 187 187 186 187 188 189
 188 187 187 188 187 187 187 187 186 184 183 183 187 187 187 187 187 189
 186  29]","[ 28  31 169 167 165 167 165 168 165 167 170 172 172 171 172 172 178 179
 180 180 179 178 177 177 179 181 183 181 180 181 184 186 183 184 184 183
 184 184 183 182 181 181 181 180 181 181 181 179 178 178 179 181 182 182
 181 180 183 182 182 183 183 182 180 180 181 178 175 177 180 182 181 180
 182 180 178 177 178 179 177 175 175 178 182 183 180 179 177 139 103  95
  86  76  71  70  68  68  67  66  66  68  68  69  74  79  81  82  83  83
  83  83  84  85  84  84  83  81  79  78  78  78  78  79  78  76  75  75
  77  79  78  80  80  80  82  82  84  88  90  94  99  94  87 100 138 172
 185 183 181 184 185 183 183 181 181 184 185 185 186 186 186 185 187 187
 187 187 187 188 188 188 188 189 188 187 186 187 188 188 185 187 187 186
 185 185 186 187 188 187 187 187 185 184 183 183 186 187 187 187 186 187
 184  29]","[ 30  28 148 144 138 142 141 142 142 141 141 141 141 142 143 144 146 147
 147 145 144 144 142 139 143 146 149 149 148 149 151 152 158 160 160 159
 160 163 163 161 156 159 165 171 175 173 170 167 170 170 171 172 173 173
 173 172 171 168 166 165 164 161 159 157 157 154 154 160 167 172 172 171
 173 171 170 170 172 172 170 168 161 166 169 171 168 165 164 139 106  91
  82  74  68  67  67  68  68  68  68  70  71  71  75  80  83  83  84  84
  83  83  84  86  84  83  82  81  80  79  77  77  78  78  78  77  76  76
  78  80  79  80  80  81  83  84  86  89  90  93  96  95 103 133 168 185
 185 183 184 183 184 186 183 181 182 186 185 183 187 189 186 185 185 184
 183 183 184 185 186 186 186 187 187 187 186 186 186 185 186 187 186 183
 183 186 187 186 186 185 186 186 184 183 182 183 185 187 187 187 186 187
 184  28]","[ 31  27 138 138 134 140 136 132 132 131 130 130 131 131 130 128 136 137
 135 133 133 135 134 130 133 134 135 136 137 137 135 133 131 134 134 131
 132 136 138 136 138 136 135 137 139 138 137 138 137 137 137 137 137 137
 137 136 136 134 132 132 133 133 132 132 131 134 137 138 136 133 133 135
 135 134 134 135 138 139 138 136 135 137 135 136 133 134 138 126 109  88
  78  73  67  66  66  68  68  68  69  72  72  72  75  80  83  84  85  85
  83  82  84  86  83  82  82  81  80  79  77  76  75  75  75  76  76  77
  78  80  80  81  81  83  86  87  87  90  89  96  95  95 112 141 163 173
 176 177 179 173 177 185 182 180 180 182 175 170 177 184 185 186 187 185
 184 184 185 187 188 189 188 190 192 192 192 190 188 185 188 189 186 182
 183 188 189 187 188 188 189 189 188 187 187 187 186 189 190 190 188 188
 184  29]","[ 28  30 136 136 136 137 137 135 136 136 135 135 136 137 136 134 136 137
 137 138 138 138 137 137 138 138 138 139 138 136 137 139 137 137 137 137
 138 138 136 133 135 136 137 137 136 136 138 139 137 136 135 135 137 137
 135 133 134 135 136 135 134 132 132 133 134 135 137 137 136 135 136 137
 137 137 137 137 138 138 137 136 138 137 138 137 135 138 135 126 113  86
  72  72  67  68  66  68  66  70  72  72  73  75  77  81  83  84  85  86
  85  84  83  83  82  81  81  80  79  78  76  75  75  74  74  74  75  76
  77  78  80  82  82  82  85  87  87  87  92  95  92 102 123 139 136 140
 138 138 137 136 137 140 144 146 146 144 143 143 145 146 147 147 148 148
 148 147 147 148 149 150 152 155 157 159 161 163 162 159 157 156 154 157
 165 172 173 170 170 173 174 172 168 165 165 165 168 169 170 168 173 178
 170  31]","[ 29  29 135 135 135 136 136 135 136 136 137 137 137 137 136 136 137 137
 138 138 138 137 137 136 138 138 138 138 137 136 136 138 137 137 137 138
 139 139 137 135 137 138 139 137 136 136 138 138 137 137 137 137 137 137
 136 136 136 136 136 137 137 136 136 136 135 136 137 137 136 135 135 136
 138 138 138 138 138 138 136 135 136 136 136 136 136 138 136 131 124 101
  82  78  73  73  70  69  68  72  73  73  74  76  78  82  82  83  84  84
  83  83  83  83  82  82  81  80  79  78  76  75  73  73  74  75  76  76
  76  76  78  81  82  84  87  89  89  91  93  91 100 115 135 140 140 140
 141 143 144 143 141 140 138 137 139 139 140 141 141 140 139 138 141 141
 141 141 142 142 143 144 144 145 144 142 142 143 143 141 148 147 146 144
 142 140 140 139 140 141 141 140 139 139 140 140 145 138 138 138 137 136
 142  27]","[ 29  29 135 134 134 135 135 135 134 136 138 138 137 137 137 137 138 138
 138 138 137 137 137 136 138 138 138 138 137 135 136 137 137 137 138 138
 139 139 138 137 139 139 138 136 135 136 137 137 135 136 137 137 136 136
 136 137 136 136 136 137 138 139 138 137 137 137 137 137 136 135 136 136
 138 138 139 138 138 137 136 134 136 137 137 136 137 137 136 135 135 116
  88  80  76  74  72  67  68  72  73  73  74  76  78  81  81  82  82  82
  81  81  81  82  82  82  81  80  79  78  76  75  73  74  75  76  77  77
  77  78  79  81  82  84  87  88  88  91  93  89 109 128 143 138 143 140
 141 141 142 141 141 141 140 140 139 141 144 144 143 141 140 139 141 142
 142 143 144 145 145 145 146 146 145 143 144 146 147 147 143 144 145 144
 141 139 142 147 147 147 146 145 145 147 147 147 145 142 144 145 144 141
 146  31]","[ 29  29 135 135 134 134 135 134 134 136 138 138 137 137 137 137 138 137
 137 136 136 137 137 137 138 138 138 138 137 136 136 137 136 137 138 138
 138 139 138 137 138 137 136 135 134 135 136 136 135 136 137 136 136 135
 135 136 136 136 136 136 138 138 138 137 137 137 136 136 136 136 136 137
 138 138 139 138 137 137 136 135 136 138 137 136 138 136 134 137 141 124
  88  80  77  74  72  66  68  71  72  72  74  75  77  80  81  82  82  82
  81  80  81  81  82  81  80  79  78  77  75  74  75  75  75  76  77  78
  79  80  81  82  81  81  85  87  88  89  89  97 119 133 143 138 143 140
 143 142 140 138 137 139 140 141 141 142 144 144 143 142 142 143 143 143
 143 144 145 146 146 146 146 146 145 144 144 144 144 143 145 143 141 139
 138 138 141 143 145 146 146 145 145 145 144 142 145 146 146 143 145 147
 148  26]","[ 29  29 135 136 135 134 135 134 134 135 136 137 137 137 137 136 136 136
 135 135 135 137 138 139 138 138 139 138 138 137 137 136 136 137 138 138
 138 138 138 137 137 137 136 135 135 136 136 136 136 136 137 137 136 136
 136 136 136 136 136 137 137 137 137 137 137 137 136 136 136 136 136 137
 138 138 138 137 137 137 137 136 134 137 136 137 139 136 135 139 139 121
  84  80  81  75  73  67  68  72  73  73  74  76  77  80  81  82  83  83
  82  81  81  82  81  80  79  78  77  76  75  74  75  75  75  77  78  79
  80  81  80  83  82  81  84  88  89  88  89 115 131 136 140 141 143 140
 142 142 141 139 139 140 140 140 142 142 142 142 142 142 143 143 143 143
 142 143 144 145 145 145 147 147 146 145 145 144 142 141 142 141 138 136
 138 143 145 146 144 145 146 147 146 146 145 144 143 143 143 143 145 143
 145  29]","[ 29  29 135 137 136 135 135 135 136 136 136 136 137 137 137 135 135 135
 134 135 135 136 138 138 138 139 139 138 138 137 136 135 136 137 138 137
 137 138 138 137 139 138 137 136 136 136 136 136 137 137 136 136 137 136
 136 135 135 136 136 136 136 136 137 137 138 137 136 136 135 135 136 136
 138 138 137 136 136 137 137 136 136 137 137 137 138 136 135 136 130 112
  79  80  82  75  72  68  69  73  74  74  76  77  78  81  80  81  82  82
  82  81  81  82  81  79  78  76  76  76  75  75  75  75  77  79  81  81
  81  81  81  84  84  82  85  87  87  87  97 131 138 139 139 144 142 140
 139 140 140 140 141 142 144 144 143 143 143 143 144 144 144 143 144 144
 143 143 144 144 145 145 145 144 144 144 144 144 145 144 143 144 143 140
 140 143 144 143 143 145 145 145 144 144 145 145 142 144 145 146 148 145
 145  29]","[ 29  29 135 137 136 135 136 137 137 137 137 136 137 137 137 136 135 135
 135 135 136 136 136 136 137 138 139 138 137 137 136 134 135 135 136 136
 136 137 137 137 138 138 138 136 136 136 136 135 136 136 136 136 136 136
 136 136 135 135 135 135 135 135 136 137 137 137 136 136 135 135 135 135
 137 136 136 136 137 138 138 137 138 137 138 138 136 135 135 133 125 107
  79  79  79  75  72  69  71  74  76  77  79  79  80  82  81  81  82  82
  81  80  80  81  81  80  78  76  76  76  77  77  75  76  78  80  82  82
  82  82  84  85  84  84  84  84  87  93 111 139 139 141 141 144 142 141
 142 143 142 141 140 141 143 144 142 142 142 143 144 144 143 142 142 142
 143 143 143 143 144 144 147 145 144 144 144 144 144 145 143 144 145 145
 144 145 146 146 146 147 146 145 144 144 144 144 144 146 143 139 144 145
 146  28]","[ 29  29 135 136 136 135 136 138 138 138 138 137 137 137 137 137 135 135
 136 137 136 136 135 134 136 137 138 137 137 137 136 134 133 133 134 134
 135 136 137 136 136 137 137 136 135 135 135 134 135 135 136 136 135 135
 136 137 136 136 135 135 136 136 136 136 135 136 136 135 135 135 136 136
 135 135 135 136 138 139 139 138 137 136 137 138 135 137 137 134 127 109
  83  80  78  76  76  74  73  77  79  80  82  82  82  84  84  84  84  83
  81  80  80  81  82  80  78  76  76  77  78  79  76  76  77  79  80  81
  82  83  85  83  82  84  84  84  92 104 125 141 137 142 143 143 143 143
 141 143 144 144 143 143 143 143 142 142 143 143 143 143 144 144 142 143
 144 144 144 144 144 144 144 143 143 143 144 144 144 145 144 143 143 144
 144 143 142 143 145 146 146 145 145 145 144 142 141 144 143 142 146 144
 145  30]","[ 29  29 134 134 136 136 135 135 137 137 137 136 136 137 137 137 136 136
 136 136 137 137 136 133 134 135 136 137 138 137 136 135 131 131 132 133
 134 135 136 136 137 135 134 134 134 133 133 134 135 136 136 136 134 134
 135 137 135 135 135 135 135 135 136 137 136 136 136 135 135 135 136 135
 135 135 135 135 136 137 138 139 137 136 135 136 135 135 135 136 135 119
  91  80  84  82  77  74  74  77  80  81  81  83  84  85  86  84  82  81
  81  81  81  81  82  79  76  75  76  78  79  79  77  77  77  79  80  81
  82  83  83  85  83  85  83  85  91 112 134 137 141 143 143 142 142 142
 143 143 143 143 143 143 143 142 142 142 143 143 143 143 143 143 142 142
 143 143 144 144 143 143 144 143 142 143 144 145 146 145 144 143 143 144
 143 141 142 144 144 146 146 143 142 143 143 143 144 144 144 145 145 145
 144  31]","[ 28  29 133 133 135 135 135 136 135 136 136 136 136 136 136 135 134 135
 135 134 135 136 136 134 135 135 136 136 137 137 136 136 134 133 132 132
 134 135 135 135 136 135 134 134 134 133 132 133 134 134 135 134 133 133
 134 135 135 135 135 134 134 134 134 135 134 135 135 134 134 135 135 134
 133 133 133 135 136 138 138 137 136 135 135 135 135 134 134 135 131 115
  90  81  83  81  78  77  76  78  80  81  81  83  84  86  85  83  82  81
  82  82  82  82  81  79  77  76  77  79  79  79  79  79  79  79  79  80
  81  83  86  86  82  85  83  83  97 121 136 138 141 142 142 142 142 143
 143 143 142 142 143 143 142 141 141 141 142 142 142 143 144 143 143 143
 143 144 144 144 144 144 144 143 142 143 144 145 145 145 144 143 143 144
 143 141 141 143 144 145 146 145 144 144 144 144 144 144 145 145 145 145
 143  29]","[ 28  29 132 132 133 134 134 136 135 136 136 136 136 136 135 134 133 133
 134 133 133 134 135 135 135 135 135 135 135 136 136 136 135 133 131 131
 133 134 135 134 135 134 134 134 134 133 132 132 132 132 132 132 132 133
 133 133 135 135 134 133 133 132 133 133 133 133 133 133 133 134 134 133
 132 132 132 134 136 137 136 135 134 133 133 134 133 133 132 133 128 111
  89  81  81  77  77  77  77  79  81  82  82  84  86  87  84  82  81  81
  81  82  82  82  80  80  79  79  79  80  80  80  79  79  79  79  79  80
  83  86  87  86  83  85  84  81 104 128 138 139 140 140 140 141 142 144
 142 141 140 140 142 142 141 139 140 140 140 140 141 142 143 143 144 143
 143 143 143 143 143 143 143 142 142 143 144 145 145 144 143 142 142 143
 142 140 140 141 143 144 145 146 145 144 143 144 144 144 144 144 144 144
 142  29]","[ 29  29 133 131 132 132 133 135 135 136 137 136 136 136 135 134 132 133
 133 132 131 132 133 134 135 135 135 135 134 134 134 135 134 133 131 131
 132 133 134 134 134 133 132 132 133 132 132 132 132 131 131 131 132 133
 132 132 133 133 133 132 132 132 133 133 132 132 132 132 132 133 133 132
 133 132 132 133 135 135 134 132 132 132 132 132 132 132 132 132 130 111
  88  80  79  75  75  76  77  79  81  82  83  85  87  88  85  83  82  82
  82  82  81  81  81  81  81  81  80  80  80  80  79  78  79  79  80  81
  83  86  85  86  85  86  85  84 112 130 138 139 140 140 140 140 142 143
 139 138 138 139 140 141 140 139 140 140 140 140 140 141 142 142 143 143
 143 143 143 143 143 143 143 142 142 142 143 144 144 144 142 142 141 142
 142 141 140 141 143 143 144 145 144 142 141 143 143 143 143 143 143 144
 142  30]","[ 29  29 133 131 132 132 132 134 135 136 135 135 134 135 134 133 132 132
 133 132 131 130 131 132 134 135 135 134 133 133 132 132 132 132 132 131
 131 131 132 133 132 132 131 131 131 132 132 132 131 131 131 131 132 132
 132 132 132 132 132 132 131 131 132 133 132 132 132 132 132 132 132 131
 133 132 132 132 133 132 132 131 131 131 132 132 133 133 133 132 133 116
  90  80  79  76  76  76  78  80  82  83  83  85  86  87  86  84  83  83
  83  83  83  83  82  82  82  82  81  81  81  81  81  80  79  80  81  81
  81  82  82  85  85  84  86  92 121 132 137 138 139 140 140 140 140 141
 138 138 139 139 140 140 140 140 139 139 139 139 139 141 142 142 141 142
 143 143 143 143 143 143 142 142 141 141 141 142 143 143 142 142 142 142
 142 142 142 142 142 141 142 142 141 139 139 141 142 142 142 142 142 143
 142  30]","[ 29  29 132 131 132 132 132 133 134 134 133 132 132 132 132 132 131 131
 131 132 131 130 130 130 132 133 134 133 132 131 130 130 130 132 132 132
 130 129 130 131 131 131 130 130 130 132 132 132 131 131 131 132 132 132
 132 131 132 132 132 131 131 130 131 131 132 132 132 132 131 132 131 131
 132 132 132 132 131 131 131 131 131 131 132 132 133 133 133 133 132 121
  94  79  79  78  77  78  80  82  84  86  86  87  87  87  86  84  83  83
  84  84  83  83  81  81  82  81  81  81  81  81  81  79  79  80  81  82
  81  81  80  82  82  81  83 100 129 136 137 138 139 140 139 139 139 139
 139 140 140 140 139 139 140 140 138 138 139 139 139 141 141 141 140 140
 141 142 142 142 141 141 142 141 140 140 140 141 141 142 141 141 141 142
 142 142 142 141 140 140 140 140 139 138 139 141 142 142 142 141 141 142
 142  29]","[ 29  28 131 130 132 132 131 131 132 132 131 130 130 130 131 130 130 129
 129 130 131 130 129 130 130 131 132 132 131 130 130 130 130 131 132 131
 130 129 129 130 131 131 130 129 130 131 132 131 130 131 132 132 131 130
 131 131 132 132 132 131 130 130 130 130 130 131 131 131 131 131 131 130
 131 132 132 131 130 130 130 130 130 131 132 131 131 132 133 132 130 126
 100  79  78  77  77  80  82  84  87  88  89  89  88  87  85  84  83  83
  83  83  82  82  81  81  81  81  81  81  81  80  80  79  79  80  81  81
  81  81  79  79  80  79  81 106 131 138 137 138 138 139 138 138 138 139
 139 139 140 140 139 139 139 139 137 138 138 138 139 140 140 140 139 139
 139 140 140 139 139 138 140 140 140 140 140 140 139 139 139 140 140 141
 142 141 140 138 139 141 141 140 139 139 140 140 142 142 142 142 142 143
 142  29]","[ 30  28 130 129 131 131 130 130 131 131 131 130 129 130 130 129 129 127
 127 129 131 130 130 130 128 130 131 131 130 129 129 130 130 130 130 130
 130 130 130 130 131 131 131 130 130 131 131 130 129 131 132 132 130 129
 130 131 132 132 131 131 130 129 129 130 129 130 130 130 130 131 131 130
 132 131 131 131 130 130 129 129 130 131 131 130 130 131 131 130 130 132
 106  81  78  77  76  81  81  83  87  89  90  90  88  87  86  84  83  83
  83  82  81  81  80  80  81  81  81  80  79  78  82  81  81  81  80  79
  79  80  81  79  81  81  81 109 131 138 138 138 138 138 137 138 138 139
 138 138 138 138 139 139 139 138 138 138 139 139 139 139 139 139 139 139
 139 139 139 138 138 138 139 140 140 140 140 139 138 138 138 139 141 142
 142 141 139 137 140 142 142 140 139 139 140 139 140 141 142 143 143 144
 142  29]","[ 28  30 128 128 128 129 129 131 129 128 127 127 128 129 130 130 128 127
 126 127 129 129 129 127 127 129 131 130 128 128 129 130 129 127 127 128
 128 130 130 129 130 129 129 129 129 130 129 129 129 129 130 129 129 129
 130 131 131 131 130 130 130 129 129 128 127 127 127 128 129 131 130 129
 130 130 131 131 130 130 130 130 130 130 130 130 130 130 130 131 130 129
 121  99  76  77  75  78  81  84  87  89  89  89  88  88  86  87  87  86
  83  81  81  83  81  81  81  81  80  79  79  80  81  81  81  80  79  80
  81  82  82  79  82  82  86 110 133 136 138 138 137 138 138 139 138 138
 139 138 138 137 137 137 138 138 139 138 137 138 139 139 138 138 138 138
 138 139 140 140 139 137 138 138 137 137 138 138 138 138 138 138 139 139
 139 139 139 139 141 140 139 140 141 141 140 139 140 142 142 141 142 143
 141  29]","[ 29  30 127 127 128 128 128 129 129 129 129 128 128 128 129 129 128 128
 128 128 127 127 126 125 127 128 128 127 126 126 127 128 128 126 127 128
 128 130 131 129 129 128 128 127 128 128 128 128 130 130 130 129 129 129
 129 130 130 129 128 128 128 129 128 128 126 127 128 128 129 130 130 130
 130 130 131 131 130 130 130 130 130 130 130 130 130 130 130 130 130 132
 130 112  86  76  74  76  80  82  85  88  89  89  88  88  87  86  86  84
  82  80  81  82  81  81  81  81  79  78  78  78  81  81  81  81  80  80
  81  81  81  80  81  82  88 111 131 134 138 138 137 138 138 138 137 137
 137 137 136 136 137 137 137 138 138 137 137 138 138 138 137 137 137 137
 138 138 139 139 138 137 138 138 138 138 138 138 138 138 138 138 139 139
 139 139 139 139 140 140 140 141 142 141 140 139 139 141 140 139 140 140
 139  28]","[ 29  29 126 126 126 127 126 127 127 128 129 128 127 126 127 128 127 127
 128 128 127 126 125 125 126 127 127 126 125 125 126 126 125 124 125 126
 127 128 129 128 128 128 128 127 127 128 129 129 130 129 129 128 128 128
 128 129 130 128 127 127 128 128 128 127 126 128 128 129 129 130 130 130
 130 131 131 131 130 129 129 129 129 129 129 129 130 130 130 130 130 130
 131 119  93  75  77  78  80  82  84  87  89  89  89  87  87  86  84  81
  80  80  81  80  81  81  80  80  79  77  77  77  81  81  81  81  81  81
  81  81  80  81  81  83  93 114 130 133 136 136 137 137 138 137 136 136
 135 135 136 136 137 138 138 138 137 138 138 139 139 137 137 137 137 137
 138 139 138 138 138 138 138 138 137 138 138 139 138 138 138 138 139 139
 138 138 139 139 139 139 140 141 142 141 140 138 140 140 139 138 139 139
 139  29]","[ 29  30 126 125 125 125 124 126 125 126 127 126 124 123 123 124 124 125
 126 126 126 126 125 125 126 126 126 125 125 125 125 125 124 122 123 125
 126 128 128 126 126 127 128 127 127 127 128 129 128 128 128 126 125 125
 127 128 130 128 127 128 128 129 128 127 128 128 128 128 129 130 130 129
 130 130 130 130 129 128 128 128 128 128 129 129 129 130 130 130 132 127
 126 121 102  78  80  77  80  82  85  87  89  89  88  87  87  86  83  80
  80  81  81  79  81  80  79  79  78  78  78  79  80  80  80  81  81  81
  81  80  79  82  81  84  97 116 128 131 132 133 135 136 137 137 136 135
 135 135 136 137 137 138 138 138 138 138 138 138 138 138 137 137 137 138
 138 139 138 138 138 138 137 137 137 137 138 138 138 138 138 138 139 138
 137 137 138 140 138 138 139 139 140 140 139 138 140 140 138 138 138 139
 139  30]","[ 29  30 126 125 123 123 123 125 123 123 123 123 123 122 121 121 122 122
 122 123 124 124 124 123 124 125 125 125 125 125 125 123 125 122 122 125
 127 128 128 125 123 124 126 126 125 125 126 126 126 127 126 125 123 123
 125 128 128 127 127 128 129 129 128 127 129 128 126 126 127 129 128 127
 128 128 129 128 128 127 127 127 128 128 128 129 129 130 130 130 133 127
 129 129 114  87  81  74  78  81  85  88  89  88  88  88  87  86  83  80
  80  81  80  79  80  78  77  77  78  79  80  80  80  79  79  80  80  80
  80  80  79  82  81  84  98 116 126 130 131 132 133 134 135 135 135 135
 135 135 136 136 137 137 137 137 138 136 135 136 137 137 136 135 137 137
 137 137 138 138 138 137 137 137 137 137 138 138 138 138 137 138 138 138
 137 137 138 139 138 138 137 138 138 138 138 138 138 138 137 137 138 138
 137  28]","[ 29  29 125 123 122 122 121 124 123 122 122 122 123 123 122 120 122 122
 122 122 122 122 122 121 123 124 125 125 126 125 124 123 124 122 122 125
 126 127 127 124 122 123 124 125 124 123 124 124 124 125 125 124 122 122
 124 126 125 125 126 127 128 128 127 127 128 126 124 124 125 127 127 125
 126 127 128 128 128 128 128 128 127 128 128 129 129 130 130 130 130 128
 130 132 120  96  84  78  78  81  86  88  88  88  88  88  87  85  82  81
  80  79  79  79  79  77  75  76  78  79  80  80  79  79  79  79  79  80
  79  79  79  82  81  84  97 114 125 130 130 131 132 133 133 134 134 134
 136 136 136 136 136 137 137 137 138 136 134 135 137 137 135 134 137 137
 136 137 138 138 138 137 137 137 137 137 138 139 138 138 137 137 138 138
 137 137 138 138 138 138 137 137 137 137 138 138 137 138 137 138 138 137
 137  28]","[ 29  28 123 122 121 122 120 121 122 121 121 121 123 123 122 121 122 122
 123 122 122 121 121 121 122 124 125 125 124 124 123 122 120 120 122 123
 123 124 125 123 122 123 124 124 124 123 123 124 124 125 125 125 123 123
 123 123 123 124 125 126 126 125 125 125 125 125 124 124 125 126 126 126
 126 126 127 128 128 128 128 128 127 128 128 129 129 130 130 130 128 128
 128 128 121 105  87  84  82  84  87  88  89  89  89  88  87  83  81  81
  80  77  77  79  78  76  75  76  78  78  78  78  78  79  79  80  80  79
  79  79  79  80  81  83  94 111 124 130 131 131 131 132 132 133 134 135
 136 136 136 136 136 136 137 137 137 136 135 136 137 136 135 133 136 137
 137 137 137 137 138 138 137 137 137 137 138 138 138 137 137 137 137 137
 137 137 137 138 138 138 137 136 136 136 138 138 138 138 137 138 139 137
 137  29]","[ 29  27 121 120 121 122 120 120 119 119 119 120 120 121 121 121 119 121
 123 123 121 120 120 121 121 123 123 123 122 121 121 120 117 118 122 123
 121 122 123 123 123 123 124 123 123 123 123 124 125 125 125 125 125 124
 122 121 124 125 125 125 124 123 124 124 122 124 125 125 125 126 126 127
 125 126 126 126 126 126 126 126 127 127 128 129 129 129 129 129 129 129
 127 127 124 114  89  83  87  88  88  89  90  90  89  88  86  82  80  81
  79  75  76  79  78  76  75  76  77  77  77  76  77  78  80  81  80  80
  79  79  77  78  79  81  90 107 122 128 130 130 131 131 131 133 135 136
 135 135 135 134 135 135 136 136 135 135 135 136 136 135 133 132 135 136
 137 136 136 135 137 138 136 136 136 136 137 137 137 136 136 137 137 137
 138 138 137 137 138 137 136 135 135 136 137 138 138 138 137 138 138 137
 137  30]","[ 29  31 119 121 120 120 120 121 120 117 116 117 117 116 117 118 121 121
 121 120 119 118 118 119 122 122 122 121 122 122 122 121 118 120 122 123
 123 123 123 123 122 124 125 123 122 123 123 123 124 125 124 122 123 124
 124 122 124 125 126 126 124 122 121 122 122 123 125 125 126 127 128 128
 125 125 126 127 127 126 126 126 125 126 128 129 130 130 129 129 129 129
 130 127 130 116  91  89  89  89  89  90  89  89  89  89  89  84  80  80
  79  75  74  75  75  76  76  76  77  77  76  76  76  79  80  81  81  81
  80  79  79  80  78  81  89 103 121 130 130 131 131 131 131 132 133 133
 135 134 134 134 134 134 136 137 135 136 136 136 134 133 132 132 135 136
 137 137 135 133 133 135 135 136 136 137 137 137 137 137 136 137 137 137
 138 138 136 137 138 137 136 135 136 137 137 138 137 137 138 136 136 137
 137  30]","[ 29  30 118 120 119 119 119 120 120 118 117 118 118 116 116 117 120 120
 120 119 118 117 117 118 120 121 121 121 121 121 119 118 117 118 120 121
 122 122 122 123 122 123 122 121 121 121 122 122 122 123 123 122 121 122
 122 122 124 124 123 123 122 121 121 122 122 123 124 125 125 126 126 126
 123 123 124 126 126 126 125 126 125 126 127 128 129 129 129 128 128 128
 129 128 130 118  93  89  88  88  89  89  89  89  89  88  88  84  81  81
  79  75  73  75  74  74  76  77  77  76  75  74  77  78  80  80  81  81
  81  79  79  80  79  81  89 102 120 129 130 131 132 131 130 131 132 132
 134 134 133 134 134 133 134 134 134 135 136 136 135 134 133 133 135 135
 135 136 135 134 133 134 135 135 135 136 136 136 135 135 135 137 137 137
 138 137 136 137 136 135 135 135 135 136 136 136 138 137 137 136 136 136
 135  29]","[ 29  30 116 118 117 118 118 118 119 118 118 119 118 116 115 116 119 119
 119 118 117 117 117 117 120 121 121 120 119 119 118 117 116 117 118 119
 120 120 121 121 122 122 120 119 119 120 120 120 120 122 122 122 121 122
 122 122 124 123 122 122 122 122 122 122 121 122 123 125 125 125 124 123
 121 122 123 125 125 125 126 126 124 124 125 126 127 128 128 127 126 127
 128 127 130 121  97  88  88  88  88  88  89  89  88  87  86  84  82  82
  79  75  74  76  74  73  75  78  78  75  73  74  78  79  79  79  80  81
  81  81  81  82  79  81  87  97 114 123 130 131 132 131 130 130 131 131
 133 133 133 134 134 133 132 132 134 134 134 135 135 135 134 133 136 135
 134 135 135 135 134 134 135 135 135 135 136 135 134 133 133 135 136 136
 137 135 134 134 135 135 135 136 137 137 137 137 138 135 136 135 135 135
 134  29]","[ 29  29 114 115 115 116 116 116 117 117 118 119 118 117 116 116 117 118
 117 117 116 116 116 116 120 120 119 117 116 117 117 118 117 118 118 118
 119 119 119 119 121 121 120 119 119 120 120 120 120 121 121 122 122 122
 122 122 122 122 122 122 122 122 122 123 122 122 123 124 125 125 124 122
 122 122 122 124 125 125 125 126 125 124 123 124 125 126 126 125 125 126
 127 126 129 124 103  89  89  89  88  88  89  88  87  86  86  83  82  82
  80  77  75  77  75  73  75  78  79  75  74  75  79  78  78  77  78  80
  80  81  82  82  80  81  85  94 110 120 128 130 131 131 130 130 131 131
 133 133 133 134 134 133 132 132 133 133 133 134 134 134 133 132 135 134
 133 134 135 135 135 135 136 135 135 136 136 135 133 132 132 135 136 136
 136 133 131 132 133 133 134 134 135 135 135 135 137 133 133 134 134 133
 133  29]","[ 29  29 113 114 114 115 115 115 115 116 117 118 118 117 117 117 116 117
 117 116 115 115 115 116 118 118 117 116 115 115 116 117 118 118 118 118
 118 118 118 118 119 119 120 120 120 119 120 121 120 119 119 121 122 123
 122 121 120 121 122 123 122 120 120 121 122 122 122 123 124 124 124 123
 122 122 122 122 123 123 124 125 125 124 123 123 124 125 124 124 125 126
 126 125 128 125 108  91  91  89  88  88  88  88  87  86  85  82  81  81
  81  79  77  77  76  74  76  79  79  77  76  78  79  77  76  76  77  78
  79  80  80  81  80  82  85  92 109 122 127 130 131 131 130 130 131 131
 132 132 132 133 133 132 132 132 133 132 132 132 133 133 132 131 133 133
 133 133 133 133 133 134 135 135 135 135 135 135 133 132 132 135 136 136
 136 133 131 132 134 134 134 134 134 135 135 135 135 131 132 133 133 132
 133  29]","[ 29  29 113 114 113 114 114 114 114 115 116 117 117 117 117 117 117 117
 117 117 116 116 116 116 116 117 117 117 116 116 116 115 117 117 117 117
 117 117 117 117 115 117 118 119 119 118 118 120 121 120 119 121 122 123
 122 121 120 122 123 123 121 119 118 119 121 121 121 122 122 123 123 123
 123 122 121 122 122 122 123 124 125 124 123 123 123 124 124 123 125 125
 125 124 124 123 110  93  91  90  88  87  87  87  87  86  85  82  80  81
  81  80  78  78  77  75  76  78  79  77  77  78  79  78  76  77  78  79
  80  81  80  82  81  82  83  88 106 121 127 129 132 131 130 130 130 130
 131 130 131 132 132 132 132 132 132 131 131 131 132 132 132 131 132 133
 133 133 133 131 131 132 133 133 133 133 134 134 133 132 132 134 134 134
 134 133 132 132 135 135 135 134 134 134 135 135 133 131 131 131 132 132
 133  29]","[ 29  29 114 114 113 114 114 114 114 114 114 115 115 116 116 116 116 117
 117 116 116 116 116 116 116 117 117 117 117 117 116 115 117 117 117 117
 117 117 116 116 115 115 117 118 118 117 117 118 122 120 119 121 122 122
 122 122 121 121 122 122 121 119 118 118 121 122 122 122 122 122 122 123
 122 122 122 122 122 122 122 122 124 124 123 123 124 124 124 124 125 124
 124 124 122 122 112  94  90  89  87  86  86  86  87  88  85  83  82  82
  81  80  79  79  76  76  76  77  77  77  76  77  78  77  77  79  80  81
  81  81  81  82  82  82  80  84 102 119 125 128 131 131 130 129 130 130
 130 130 130 131 132 131 131 132 131 130 130 131 132 132 132 131 132 132
 132 133 133 133 132 132 131 131 131 132 132 132 132 132 131 133 132 132
 133 132 131 132 132 132 132 131 130 131 131 132 133 131 131 130 131 133
 133  28]","[ 29  29 114 114 113 114 114 114 114 114 114 113 114 115 115 115 115 115
 115 115 114 114 115 115 117 117 116 115 115 116 115 115 118 118 117 118
 118 117 116 115 117 116 117 119 120 119 118 119 121 120 119 120 121 120
 120 121 121 120 119 119 119 118 118 118 122 122 123 122 122 122 122 122
 122 122 122 123 123 122 122 122 123 123 124 124 124 124 124 124 126 125
 125 126 123 122 114  96  89  88  86  85  85  86  88  89  86  85  84  83
  82  81  80  81  75  76  76  76  76  76  75  75  76  75  76  79  81  81
  81  81  80  82  82  82  79  83 102 120 124 127 130 131 130 130 130 131
 130 130 131 132 132 132 131 132 130 130 130 131 131 132 132 132 131 130
 130 132 134 133 132 131 130 131 131 131 132 132 133 133 133 133 132 131
 132 132 131 132 133 133 133 132 132 132 132 133 133 132 132 130 130 133
 134  28]","[ 28  30 112 114 113 111 111 112 111 111 112 113 112 111 112 112 113 114
 115 114 114 114 115 115 114 114 114 113 112 112 114 116 117 118 118 117
 117 116 116 116 116 116 117 119 118 116 117 119 121 121 120 118 118 119
 119 118 118 119 119 118 117 118 119 120 121 121 121 122 122 122 122 122
 122 122 122 122 122 122 122 122 122 122 122 122 123 123 124 124 125 124
 126 124 126 125 119  98  91  88  87  87  87  86  86  88  88  87  85  83
  82  81  81  80  77  77  77  78  77  75  74  75  74  74  76  78  80  80
  81  82  82  80  82  81  78  82  96 115 121 126 129 130 131 131 130 130
 130 130 130 130 130 130 130 131 131 130 130 130 130 131 131 131 129 130
 130 130 131 131 131 131 131 130 129 129 130 131 131 131 131 131 131 131
 131 131 131 131 131 132 132 131 130 130 131 132 133 132 132 131 132 131
 131  28]","[ 29  30 111 112 112 110 110 110 111 111 111 112 112 111 111 111 113 114
 114 114 114 115 116 116 115 114 114 113 112 112 114 116 116 117 117 116
 116 115 115 115 116 116 117 119 118 116 116 118 121 120 119 118 118 120
 120 119 120 119 118 117 117 118 119 120 121 121 122 122 123 123 122 122
 122 122 122 122 122 122 122 122 121 122 122 122 122 123 123 124 124 124
 126 125 125 123 118  98  91  88  87  88  88  87  87  89  88  88  86  84
  82  81  80  81  79  79  79  79  77  75  74  74  74  74  76  78  79  80
  81  81  82  81  82  82  81  82  91 108 119 125 127 128 129 129 128 128
 128 129 130 130 129 129 129 130 130 130 129 129 130 131 131 131 130 130
 130 130 130 131 131 131 130 129 129 129 130 131 131 131 130 130 130 130
 130 131 131 131 131 131 132 131 130 130 130 131 132 131 131 131 132 132
 132  29]","[ 29  29 109 110 111 109 109 107 110 110 111 112 113 112 111 111 111 113
 113 112 112 113 115 116 114 113 112 112 112 112 114 116 115 115 115 115
 114 114 115 115 116 116 117 118 118 116 116 117 119 119 118 118 118 119
 119 118 120 118 116 116 117 119 119 118 120 120 121 122 122 123 123 123
 122 122 122 122 122 122 122 122 121 122 122 123 122 122 122 123 122 123
 125 124 124 122 118 100  92  90  88  88  88  87  88  89  89  89  88  86
  83  81  80  81  80  81  81  80  78  75  74  74  74  74  75  77  78  79
  80  81  80  80  80  80  81  79  84 101 117 124 127 127 128 128 128 128
 128 129 130 130 129 129 130 130 130 129 129 129 130 130 131 131 129 130
 130 130 130 130 130 130 130 129 129 129 130 130 130 130 130 130 130 130
 130 130 131 131 131 131 131 131 131 130 130 130 130 130 130 130 131 131
 132  29]","[ 29  29 109 109 109 108 108 107 109 109 110 111 112 112 110 110 111 112
 113 112 111 111 113 114 112 111 111 111 112 112 113 114 113 113 114 114
 114 114 114 115 115 115 116 118 117 116 116 117 117 117 117 117 117 117
 117 116 119 117 116 117 118 119 119 118 118 118 119 120 120 122 122 123
 122 122 122 122 122 122 122 122 122 122 122 122 122 122 122 122 122 122
 124 123 124 123 120 103  93  91  89  88  87  87  88  89  89  89  89  87
  84  82  81  81  80  81  81  80  78  76  75  75  74  74  74  75  76  77
  78  80  82  82  81  80  82  80  84 102 114 121 126 126 127 128 128 129
 129 129 129 129 129 129 130 130 129 129 129 129 130 130 130 129 128 129
 129 130 130 130 129 129 129 129 129 129 129 129 130 130 130 130 130 129
 129 130 130 130 130 131 131 131 131 131 130 130 129 129 129 129 130 130
 131  29]","[ 28  29 109 108 108 107 108 108 106 106 108 110 111 111 109 109 111 112
 112 111 111 111 112 112 110 110 111 112 113 113 112 112 112 112 113 113
 113 114 114 115 114 115 116 117 117 117 117 117 116 116 116 117 117 116
 114 113 116 116 117 119 120 120 119 119 118 118 118 118 119 120 121 122
 122 122 122 122 122 122 122 122 123 121 120 120 121 122 122 121 123 122
 123 123 124 125 123 107  93  91  89  87  87  87  88  88  89  89  88  87
  85  83  81  80  80  81  80  79  77  77  77  76  75  74  74  74  75  76
  77  78  80  82  81  79  81  78  81  98 110 119 124 124 125 126 126 127
 128 127 126 126 127 128 128 129 129 129 129 130 130 129 128 127 127 127
 128 129 129 129 129 129 129 129 128 128 128 128 129 130 130 130 129 129
 129 129 129 129 130 130 130 130 131 131 130 130 129 129 130 129 130 129
 130  28]","[ 28  29 109 107 106 107 108 108 106 106 108 110 111 110 110 109 109 110
 110 110 110 111 111 111 110 111 112 113 114 113 112 111 111 112 113 113
 114 114 114 114 115 115 115 116 116 116 117 117 116 115 116 117 117 115
 114 113 113 115 117 118 119 119 119 118 119 119 118 118 118 119 120 121
 122 122 122 122 122 122 121 121 123 121 119 119 120 122 121 120 122 120
 121 121 123 123 122 107  91  90  89  88  88  88  88  88  88  87  87  87
  86  84  81  80  80  80  80  78  78  78  78  76  75  74  74  74  75  75
  76  77  78  80  81  78  78  76  78  91 109 118 124 125 125 126 126 126
 128 126 125 125 125 126 127 127 128 129 129 129 130 129 128 127 125 126
 128 129 129 129 129 128 130 130 129 129 128 129 130 131 129 129 129 128
 128 128 128 128 129 130 130 130 130 129 130 130 130 130 130 130 130 129
 130  28]","[ 29  29 107 105 105 106 107 106 107 107 108 110 110 109 109 109 107 107
 107 107 108 110 111 111 111 111 112 113 113 112 112 112 111 112 113 114
 114 114 114 114 116 116 115 115 115 116 116 116 117 115 115 115 115 114
 114 114 114 114 115 117 118 118 118 118 118 118 118 118 118 119 119 120
 122 122 122 121 121 121 121 121 122 121 120 120 121 121 121 121 119 118
 120 121 122 122 121 107  89  89  90  90  89  89  87  86  85  86  87  87
  86  84  82  80  79  80  79  79  79  80  78  75  75  74  74  74  75  75
  76  77  80  81  82  79  77  78  80  88 107 118 125 125 126 126 126 125
 126 127 126 126 125 126 126 127 128 128 128 128 129 129 129 128 125 126
 128 129 129 129 128 128 130 130 130 130 130 129 130 130 128 128 128 127
 127 128 128 128 130 130 130 129 128 128 128 129 130 130 130 130 130 129
 130  28]","[ 29  29 106 103 104 106 107 104 106 106 107 108 108 107 107 108 107 107
 106 106 108 110 111 111 111 111 111 111 111 111 112 113 110 112 113 114
 114 114 114 113 116 116 115 114 114 115 115 115 117 115 114 114 114 113
 114 115 116 116 116 116 118 119 119 120 116 116 117 118 118 119 119 120
 121 121 121 121 121 120 120 120 122 122 122 122 121 122 122 122 117 117
 121 122 122 122 122 109  88  89  91  91  91  90  87  84  83  85  87  87
  86  83  82  81  78  79  79  79  81  82  79  75  76  75  75  75  75  75
  76  77  78  78  79  75  74  77  80  86 104 116 123 124 125 126 125 124
 125 127 128 127 125 125 126 127 128 128 127 128 128 129 129 129 126 127
 128 129 129 129 128 127 128 129 130 130 129 128 128 128 127 127 127 127
 127 128 128 129 130 130 130 128 127 126 127 128 129 129 130 129 129 129
 129  28]","[ 29  30 102 103 104 104 104 104 105 105 106 106 105 105 106 107 108 108
 107 106 107 107 109 109 110 110 109 109 109 110 110 109 111 112 112 111
 112 114 114 113 115 116 117 116 114 113 113 114 114 114 114 114 113 113
 114 116 115 116 116 117 118 119 119 118 116 115 115 117 118 119 120 121
 121 121 122 121 119 119 119 119 121 123 123 119 119 122 123 120 119 120
 120 122 122 121 121 115  98  89  90  92  91  89  85  83  83  86  89  88
  84  82  81  81  81  80  79  80  81  81  79  77  75  74  74  74  75  76
  77  76  81  78  77  77  78  78  78  79  97 117 124 123 125 124 124 124
 124 124 125 126 125 124 126 129 129 129 128 127 128 130 130 130 128 127
 128 128 126 126 126 125 128 129 130 130 129 129 130 131 129 129 129 129
 129 128 128 129 130 130 130 130 129 128 129 129 129 130 123 126 127 128
 130  28]","[ 29  29 102 104 104 105 105 104 105 104 104 105 106 107 106 105 108 108
 108 107 107 108 108 109 109 109 109 108 108 110 110 110 110 111 111 111
 112 114 115 115 113 114 115 115 114 114 114 114 113 113 114 114 113 113
 113 115 115 116 117 117 118 119 118 116 116 115 116 117 118 119 119 120
 120 121 121 121 119 118 117 117 120 122 121 119 119 120 120 118 120 122
 122 123 121 119 118 112  98  89  89  91  89  88  85  83  83  86  89  88
  84  82  81  81  82  81  80  80  80  80  79  79  77  75  73  72  73  75
  76  77  81  79  78  78  77  77  77  78  96 115 123 123 125 125 125 124
 124 124 124 125 125 124 126 128 130 130 129 128 128 128 128 127 126 126
 128 128 126 126 128 127 128 129 130 130 129 129 129 130 129 128 128 128
 128 128 129 130 130 130 130 129 129 129 129 129 128 129 124 126 126 126
 128  28]","[ 28  29 102 104 105 105 105 105 105 103 103 105 107 108 107 105 108 108
 108 108 108 108 107 107 108 109 110 110 110 110 111 110 111 112 112 112
 112 113 114 114 112 113 113 114 115 114 114 114 113 113 114 115 115 114
 114 114 115 116 117 117 117 118 117 116 116 116 117 118 118 118 118 119
 118 119 121 121 121 120 119 119 119 120 120 119 119 119 119 118 118 121
 122 123 122 120 119 113 100  90  89  90  89  88  85  83  84  86  88  88
  85  82  81  81  82  81  81  80  79  80  80  81  78  75  73  72  72  74
  75  76  81  80  79  78  77  75  75  76  92 112 121 122 125 125 125 124
 125 125 125 125 125 125 126 128 127 128 128 128 128 128 127 127 127 127
 128 129 127 128 129 129 128 129 130 130 130 129 129 129 129 129 129 129
 128 128 130 131 130 129 129 129 129 129 129 129 127 129 125 127 125 125
 127  30]","[ 28  29 102 104 104 105 105 105 104 104 105 106 107 108 107 106 109 109
 110 110 109 108 107 106 108 110 112 112 112 111 111 110 112 113 113 113
 112 112 113 113 113 112 112 113 114 115 114 114 114 114 115 116 116 115
 114 114 114 115 116 116 117 117 117 116 116 117 117 118 118 117 118 118
 117 119 120 121 121 120 119 119 118 118 118 119 119 119 119 120 118 120
 121 123 123 122 122 115 102  92  90  90  89  89  86  84  85  86  88  88
  85  82  81  81  81  80  79  79  79  80  81  81  76  75  74  74  74  75
  75  74  80  80  80  79  77  75  74  75  89 109 119 122 125 126 126 125
 127 127 127 127 127 128 128 129 126 128 129 129 129 129 129 129 128 127
 129 130 129 129 130 129 129 130 130 130 130 129 129 130 129 128 129 129
 128 128 129 131 129 128 128 128 129 128 127 127 126 127 125 126 125 124
 126  29]","[ 29  29 102 103 104 104 104 104 104 106 108 108 106 105 106 107 109 110
 110 111 110 109 108 107 109 110 111 110 110 110 111 110 109 110 111 112
 111 112 113 114 114 112 111 111 113 114 114 114 114 114 115 116 116 115
 114 114 115 115 116 115 116 117 117 117 115 115 116 117 116 116 117 118
 118 119 119 119 119 118 117 117 118 117 117 118 119 119 119 121 122 122
 121 122 123 123 122 115 102  91  89  89  88  88  86  85  86  86  88  88
  86  83  81  81  81  79  78  78  80  81  80  80  76  76  75  75  75  75
  75  74  78  79  81  80  78  77  76  75  87 109 120 123 127 127 128 127
 129 128 128 128 129 129 130 130 130 131 131 130 129 129 130 129 130 128
 129 130 129 129 129 127 130 130 129 129 129 129 129 129 127 127 127 127
 127 126 127 127 127 127 127 128 128 127 125 124 124 125 123 125 123 124
 124  28]","[ 29  29 102 103 103 104 104 104 105 108 110 108 105 103 104 106 108 109
 109 109 109 108 107 107 110 109 108 106 106 108 110 111 109 110 111 112
 111 110 111 113 115 113 111 111 112 114 114 114 114 114 115 116 115 114
 114 114 114 115 116 115 115 115 116 116 115 115 115 116 116 116 117 118
 117 118 118 119 119 119 119 119 120 119 119 120 120 120 121 122 123 123
 121 122 123 123 123 117 101  91  89  89  88  88  87  86  86  86  87  88
  86  83  81  81  81  79  78  78  80  81  80  78  78  77  77  75  74  74
  75  76  76  78  81  81  80  79  78  78  86 109 120 123 126 127 127 128
 128 128 128 128 128 129 130 129 130 130 129 128 128 129 130 130 131 129
 130 131 130 130 129 127 129 128 128 127 127 127 127 128 127 126 126 126
 126 126 125 125 125 126 126 127 126 125 124 122 124 123 123 124 123 124
 123  28]","[ 29  29 101 102 103 104 105 105 107 108 109 108 105 104 105 106 108 108
 108 108 108 108 108 108 109 108 107 106 107 109 110 111 111 111 112 113
 111 109 111 113 116 114 113 112 114 115 115 115 116 116 117 117 116 115
 115 116 115 117 118 118 117 118 117 117 118 118 118 119 120 119 119 119
 118 119 119 120 121 122 122 122 122 122 122 122 122 122 122 122 122 123
 122 123 123 125 126 121 103  93  91  91  88  88  87  88  87  86  86  87
  86  82  81  81  81  80  79  79  80  81  80  79  79  79  78  76  74  73
  74  76  76  78  80  80  79  79  78  77  86 109 121 123 125 125 126 127
 126 127 128 127 127 128 129 129 128 128 127 126 126 128 130 130 129 129
 130 129 128 128 129 128 127 127 126 126 125 125 126 126 127 125 125 125
 126 126 125 125 124 125 125 125 125 124 123 123 123 122 124 124 123 124
 123  29]","[ 29  29 101 102 102 104 105 106 107 107 107 107 107 107 107 107 108 108
 108 108 109 109 109 110 108 108 108 109 110 111 111 110 110 111 113 114
 113 111 113 116 117 116 114 115 116 117 117 117 119 119 119 119 118 117
 118 119 117 119 121 122 122 122 121 121 122 122 122 123 124 123 122 122
 122 122 122 122 123 122 122 122 122 123 123 122 122 123 123 122 122 124
 124 125 124 125 127 123 104  94  92  91  88  87  87  87  87  85  86  87
  86  82  80  81  81  80  80  80  80  81  81  81  78  79  79  77  74  72
  73  74  76  78  79  78  77  78  77  76  87 111 123 124 125 124 125 126
 125 127 127 126 126 128 129 128 129 129 127 126 126 128 129 129 126 126
 128 127 124 125 127 128 127 126 126 125 125 125 125 125 126 124 123 124
 125 125 125 125 124 124 124 124 124 124 124 124 122 121 124 124 123 123
 122  29]","[ 30  28 105 102 105 106 104 107 107 107 107 108 109 110 109 108 109 109
 109 109 109 110 111 112 112 110 110 113 115 115 114 114 114 115 116 116
 117 118 118 117 117 117 118 119 120 121 122 122 120 120 122 122 122 122
 122 122 122 122 123 123 123 123 123 123 123 123 123 124 125 125 124 123
 124 124 124 125 126 125 123 122 122 123 124 124 124 124 125 126 126 125
 125 125 125 126 127 126 105  95  93  91  89  90  89  88  85  86  85  85
  87  86  82  80  80  80  79  80  80  81  82  82  80  79  77  75  74  74
  74  74  74  75  77  77  76  74  74  75  83 102 119 124 125 125 126 126
 125 126 126 126 125 125 126 127 128 128 129 128 127 126 126 126 125 127
 127 125 125 127 127 126 126 126 126 127 127 125 125 125 125 124 124 124
 124 124 125 125 124 124 124 123 123 122 122 123 123 122 122 123 123 123
 122  29]","[ 29  28 106 104 107 107 106 109 109 109 109 110 111 111 110 109 112 112
 112 112 113 115 116 117 119 117 116 118 120 121 121 121 119 119 120 120
 121 121 122 121 120 120 121 121 122 123 123 123 121 122 123 124 123 123
 122 122 121 122 123 124 124 125 124 124 124 124 125 125 125 125 125 124
 124 123 124 124 126 125 124 122 123 124 125 125 125 124 125 126 126 125
 125 125 125 127 128 126 105  95  92  91  89  89  88  86  83  85  84  85
  87  86  83  81  80  80  80  80  80  80  81  82  81  80  78  76  75  75
  75  75  74  75  76  76  75  73  72  73  82 102 119 123 124 126 126 125
 126 126 126 126 127 127 126 126 126 127 128 128 127 126 126 125 125 126
 126 124 124 126 126 126 126 125 125 126 126 125 124 125 125 125 125 125
 125 125 126 126 126 125 124 123 122 122 122 123 123 123 123 124 124 124
 122  30]","[ 29  29 110 109 111 112 111 114 113 113 114 115 115 115 114 114 116 116
 116 116 117 118 120 121 120 119 117 117 120 122 123 122 121 121 122 121
 122 122 122 122 122 122 123 123 123 123 123 123 122 123 124 125 124 123
 122 122 121 122 123 125 127 127 126 125 125 125 125 125 125 125 124 125
 123 122 122 123 125 125 124 123 123 124 125 125 125 125 126 126 127 125
 125 125 125 128 129 127 106  95  91  90  88  89  87  86  86  87  86  85
  87  86  83  81  79  80  80  80  79  79  80  81  80  78  76  74  73  74
  74  74  76  76  76  76  75  73  72  72  80 101 119 123 124 127 126 125
 127 126 125 126 128 129 127 125 124 125 127 128 127 127 126 125 125 126
 126 125 124 126 126 126 124 124 124 125 125 124 124 124 125 125 125 125
 124 124 124 125 125 125 124 124 123 123 122 122 122 122 122 123 122 122
 121  29]","[ 30  31 114 114 116 115 114 116 115 116 117 118 118 118 117 117 118 119
 119 118 118 118 119 121 122 121 119 118 120 123 123 121 120 121 121 121
 121 121 120 120 121 122 122 123 123 122 122 121 122 123 124 124 123 122
 122 122 122 123 124 126 128 128 127 125 124 124 125 124 123 123 123 124
 123 122 122 123 125 126 125 124 123 124 125 125 125 126 127 128 127 125
 125 125 125 127 128 125 109  96  91  89  88  89  88  88  88  88  86  85
  86  85  83  82  81  79  78  78  78  79  80  81  82  80  77  75  74  75
  76  76  77  76  76  76  75  73  72  73  78 101 119 123 124 126 127 126
 127 126 125 126 129 129 128 126 124 125 125 126 127 126 126 125 125 126
 126 125 125 126 126 126 125 124 124 125 125 125 124 124 124 124 125 124
 123 122 122 122 122 122 123 124 124 124 122 121 121 122 121 122 121 121
 120  28]","[ 29  30 115 117 116 116 115 116 116 117 118 117 117 116 116 117 117 119
 120 119 117 117 118 119 121 122 121 120 121 122 121 118 120 121 122 122
 122 122 121 120 121 121 122 123 123 122 122 121 122 123 123 123 122 122
 122 122 123 123 124 126 128 127 126 124 123 124 125 124 123 122 122 123
 124 123 123 123 125 126 126 125 125 125 125 125 125 126 127 128 126 125
 125 125 124 125 126 123 109  96  92  91  89  90  89  89  86  86  83  82
  84  85  83  83  82  79  76  76  77  80  81  81  83  80  77  75  74  75
  76  77  76  75  75  75  74  73  72  73  77 101 120 124 124 125 126 126
 126 125 125 126 128 129 128 128 126 125 125 125 126 126 126 126 124 125
 126 126 126 125 125 125 126 125 125 125 126 126 126 125 123 124 125 124
 123 122 122 122 122 122 122 123 124 124 123 123 122 122 122 122 122 122
 121  29]","[ 29  29 115 117 115 115 114 114 117 117 117 116 115 115 115 115 115 117
 119 119 117 116 117 118 119 120 120 120 120 120 118 117 119 120 121 121
 122 122 122 121 121 121 122 122 123 122 122 122 124 124 124 123 122 122
 122 122 123 123 124 125 126 125 124 123 123 124 125 125 124 123 123 124
 124 123 122 122 124 125 125 125 126 125 125 124 124 125 125 126 125 124
 125 125 124 124 124 122 108  97  94  94  92  91  89  89  87  87  84  82
  83  84  83  83  82  79  75  75  77  79  80  80  81  80  77  75  74  74
  75  75  75  74  74  74  73  73  73  74  79 100 119 124 124 124 124 125
 125 125 126 126 126 127 128 129 128 126 125 125 126 127 127 126 124 125
 126 126 126 125 125 125 125 125 125 124 125 126 126 124 122 123 124 124
 123 123 123 123 124 123 122 121 122 123 124 124 123 123 122 122 122 122
 122  30]","[ 29  28 114 116 114 114 115 115 117 117 116 115 115 115 116 116 115 116
 117 117 117 117 117 117 119 119 121 122 122 121 120 120 120 121 121 121
 121 122 122 121 121 121 122 122 122 122 122 122 123 124 124 124 123 123
 123 123 123 123 123 124 124 124 124 123 123 124 126 126 125 124 124 124
 123 123 122 122 122 123 124 125 125 125 125 125 124 124 124 124 124 124
 126 126 124 124 124 123 109  97  95  95  91  90  89  90  89  88  85  83
  84  84  82  82  81  79  77  77  77  78  79  79  81  81  81  79  77  76
  76  76  76  75  74  74  74  74  74  75  80  99 116 123 124 124 123 125
 124 125 126 126 126 126 127 127 128 126 125 125 127 127 127 126 126 126
 126 126 126 125 125 126 125 125 124 123 124 125 125 123 121 122 123 124
 124 124 123 123 125 123 122 121 122 123 123 123 123 122 121 122 122 122
 121  29]","[ 30  28 113 114 112 113 115 115 117 116 115 115 115 116 117 118 116 115
 115 115 117 118 117 116 118 118 119 121 121 120 121 123 123 123 122 121
 121 122 122 122 122 122 123 123 123 123 123 123 122 123 124 124 124 124
 124 124 123 124 124 124 124 124 124 124 123 125 126 126 126 125 124 124
 124 124 123 122 122 123 124 125 126 126 126 126 126 126 125 124 123 124
 126 127 125 125 125 123 110  98  95  93  89  88  89  92  87  87  84  83
  84  84  83  82  81  81  81  80  80  79  79  79  79  80  81  80  77  75
  74  74  77  75  75  74  74  74  74  75  80  97 114 122 125 125 124 125
 124 125 126 126 126 126 125 126 127 126 125 126 128 128 127 126 126 126
 125 125 125 124 125 126 125 125 125 124 124 126 125 124 121 122 123 124
 125 124 124 123 123 122 122 122 123 123 122 121 123 122 121 121 122 122
 121  29]","[ 29  30 112 113 114 113 114 113 116 114 114 114 117 118 119 118 119 117
 115 115 116 118 118 118 118 119 121 121 121 121 122 122 123 122 121 121
 121 122 122 122 123 123 123 124 124 124 123 122 122 122 122 123 124 124
 124 124 123 124 124 124 124 125 125 125 124 124 124 124 123 123 124 125
 125 124 124 125 126 124 123 124 125 125 126 126 127 126 126 126 124 124
 125 125 124 123 123 124 108 100  95  92  88  87  88  89  88  85  83  82
  82  84  83  80  81  80  80  80  80  79  78  77  80  81  81  79  76  74
  74  74  74  76  77  76  75  74  73  73  81  96 112 123 123 126 122 122
 124 125 126 127 126 126 125 125 126 127 127 127 128 128 127 126 126 127
 127 125 124 124 126 126 125 124 125 125 125 124 124 124 124 124 124 124
 124 124 123 122 122 121 121 122 122 123 122 122 122 123 122 123 122 122
 121  29]","[ 28  29 111 112 113 113 114 113 110 111 112 114 116 118 119 119 118 117
 116 116 117 118 118 119 117 119 120 121 121 122 122 121 120 121 121 122
 122 122 122 122 122 122 123 123 124 124 124 123 123 123 122 123 123 123
 122 122 123 124 125 124 124 125 125 125 124 124 123 124 124 124 124 125
 125 124 123 124 125 124 124 124 125 125 126 126 126 126 126 125 123 123
 124 124 123 122 121 122 105  98  94  93  90  88  87  86  86  83  82  81
  81  82  83  80  81  80  79  79  78  78  78  79  81  81  80  78  75  74
  73  74  74  75  75  75  73  73  72  72  75  91 110 122 122 124 121 123
 124 125 126 126 126 126 125 125 125 126 127 127 127 128 126 124 124 125
 125 124 123 123 125 125 125 124 124 124 124 124 124 125 124 124 124 124
 124 123 123 122 123 123 123 123 123 122 122 122 122 122 121 122 121 122
 121  29]","[ 28  29 110 111 112 111 113 113 110 111 113 114 115 116 117 117 117 118
 118 117 117 117 117 118 117 117 118 119 121 122 121 119 117 119 121 122
 122 122 122 122 121 122 123 123 123 124 124 124 125 124 124 124 124 123
 122 121 122 124 125 125 124 124 125 125 125 124 123 124 124 124 124 123
 125 124 123 123 124 124 124 124 124 124 125 125 125 125 125 125 124 123
 123 123 122 122 122 124 110 101  94  92  89  87  87  87  86  84  83  83
  81  81  82  81  81  80  79  77  76  77  79  81  81  81  80  78  75  74
  74  74  75  75  75  74  73  72  71  71  71  88 110 123 121 123 121 124
 124 125 125 125 126 126 126 126 125 125 125 125 126 127 126 124 124 124
 125 124 123 124 125 126 125 124 123 123 124 124 125 125 124 124 123 123
 123 123 122 122 122 123 124 124 122 121 121 122 121 122 121 121 121 121
 121  29]","[ 29  30 111 111 111 110 111 111 112 113 113 114 114 114 115 115 116 117
 118 118 117 116 116 116 116 116 116 118 120 121 120 117 117 118 120 122
 123 122 122 122 122 122 123 123 123 123 123 124 125 125 125 125 125 124
 123 122 122 124 125 124 124 124 125 126 127 125 124 124 124 123 122 122
 124 123 123 123 123 124 124 124 123 123 124 124 124 124 124 124 125 123
 122 122 123 124 125 127 113 103  94  91  89  88  88  88  87  86  86  85
  82  81  81  81  80  80  79  77  75  76  79  82  81  81  80  78  77  76
  75  75  75  75  75  75  74  73  72  72  72  87 110 123 123 123 122 124
 125 125 125 125 126 127 127 127 124 124 123 124 126 126 126 125 124 125
 125 125 124 125 126 126 125 124 123 123 124 124 125 125 124 123 123 122
 122 123 122 122 121 122 123 123 122 121 121 121 121 121 121 121 121 121
 121  29]","[ 29  30 110 110 110 109 110 110 111 111 112 112 114 114 115 115 115 116
 117 117 117 117 116 116 117 116 116 117 119 120 118 116 117 117 118 120
 123 124 124 123 122 123 123 124 123 123 124 124 125 125 124 125 125 125
 123 122 121 123 124 124 124 125 126 126 127 126 126 125 124 122 122 123
 123 123 123 123 124 124 124 123 122 123 123 123 122 122 123 123 123 122
 122 123 124 125 126 127 109 100  93  92  91  90  88  87  86  85  86  85
  82  80  80  80  79  79  79  78  76  77  79  81  80  80  79  79  78  77
  76  75  75  75  75  76  76  74  73  73  74  84 107 121 123 123 124 124
 125 125 125 126 126 127 128 129 125 124 123 124 125 125 126 126 125 125
 125 125 124 125 125 125 125 124 123 124 124 124 124 125 123 123 122 122
 122 123 123 123 122 122 122 122 122 122 120 119 118 119 119 121 121 121
 121  29]","[ 29  28 108 108 109 109 110 110 111 111 111 112 113 114 115 114 114 115
 116 117 117 117 118 118 118 117 117 117 119 120 118 116 115 115 115 118
 121 124 124 123 122 122 123 123 124 124 125 125 125 125 125 125 126 126
 124 123 122 123 124 124 124 125 126 125 124 124 124 124 123 121 121 122
 122 122 123 123 124 124 124 122 122 122 123 122 122 122 122 123 122 122
 123 125 126 126 125 125 112 101  93  90  89  88  88  87  85  83  84  85
  83  81  80  80  79  79  79  79  78  78  79  80  79  79  78  79  79  78
  76  75  75  74  75  76  76  74  73  73  73  79 102 117 122 123 125 124
 125 125 126 126 126 127 128 129 127 125 124 124 124 124 124 125 125 125
 125 124 124 125 125 124 124 124 124 125 124 124 123 124 122 122 122 122
 122 123 123 123 123 122 121 121 122 121 119 116 115 116 117 119 120 121
 121  29]","[ 29  28 106 105 107 108 109 110 110 111 112 113 113 113 113 113 113 114
 116 116 115 116 117 119 118 117 117 117 118 119 118 117 115 114 115 117
 120 122 123 123 122 122 123 123 124 124 125 125 124 124 124 125 127 127
 126 124 123 124 124 124 125 125 125 125 123 123 123 123 122 121 121 121
 121 122 123 123 124 125 124 122 122 123 123 123 122 122 122 123 123 123
 123 125 126 126 125 125 117 105  94  89  87  87  88  89  87  84  84  85
  83  81  81  81  81  80  79  79  79  79  79  80  80  79  78  79  79  78
  77  75  76  74  74  76  76  74  73  73  75  78 101 116 122 123 126 124
 123 125 126 126 125 126 127 128 127 126 125 125 124 123 123 124 125 125
 125 125 125 125 125 124 124 124 124 125 124 122 122 123 122 122 122 122
 122 123 122 122 122 121 121 121 122 121 118 116 114 115 116 119 120 121
 121  30]","[ 30  28 105 103 105 106 108 109 106 109 111 112 112 112 113 114 113 114
 116 115 113 113 116 118 117 117 116 116 116 118 118 118 116 116 117 118
 120 121 122 123 123 123 123 123 124 124 124 124 121 121 122 124 127 128
 127 125 124 124 124 124 125 126 125 124 125 124 123 123 123 122 121 121
 121 122 123 123 124 125 124 122 123 123 124 123 122 122 123 124 125 123
 122 123 124 124 125 126 115 104  94  91  89  88  88  88  88  84  83  84
  83  81  81  81  82  81  79  78  79  80  80  80  81  80  79  79  79  79
  77  76  77  75  74  76  76  73  72  73  79  80 103 117 123 123 126 124
 122 124 126 126 125 125 126 128 125 125 125 126 125 123 123 124 124 124
 124 124 124 125 125 124 124 124 125 124 123 121 122 123 123 122 122 122
 123 123 122 121 122 121 121 122 123 122 120 117 116 117 117 119 119 121
 121  30]","[ 29  28 104 103 106 107 106 105 102 105 108 111 113 112 112 113 114 115
 115 114 113 114 115 116 116 116 116 116 115 116 118 119 119 119 119 119
 119 120 121 123 123 124 123 122 121 123 124 124 122 122 123 124 124 123
 122 121 124 123 122 123 124 125 126 126 125 125 125 125 125 125 123 120
 122 123 123 123 124 124 124 124 124 123 123 122 122 122 123 123 124 124
 124 124 125 126 125 125 114 102  98  95  90  89  88  90  89  87  84  83
  83  83  82  81  80  82  82  79  77  77  79  81  80  80  80  79  78  77
  78  78  79  77  76  76  75  74  74  76  75  81  98 116 124 126 127 125
 123 124 125 125 125 124 125 126 125 125 126 126 125 124 124 125 125 124
 123 124 124 124 124 124 124 124 124 124 124 123 123 122 123 123 122 122
 121 122 122 122 123 123 122 122 122 122 121 119 116 117 118 121 122 123
 122  30]","[ 28  29 104 104 105 105 106 107 108 105 103 106 110 112 111 110 113 114
 114 113 113 113 115 115 115 115 116 116 116 117 118 119 119 118 119 119
 121 122 122 122 123 123 123 121 121 122 123 122 121 122 123 124 124 123
 122 122 122 121 122 123 125 125 125 126 125 125 125 125 125 125 124 122
 122 122 123 123 124 124 124 124 123 123 123 122 122 122 123 124 124 124
 125 126 126 125 124 123 112  99  95  93  91  92  92  93  90  88  85  83
  83  82  81  80  80  81  81  78  76  75  77  80  80  80  80  80  79  79
  79  80  78  77  77  77  76  75  74  75  76  81  97 115 122 125 127 126
 125 125 125 126 126 125 125 126 125 125 125 125 125 124 125 126 125 124
 124 124 124 124 123 123 124 124 124 125 124 124 123 123 124 124 123 123
 122 122 122 123 122 122 122 122 121 121 121 121 117 118 119 121 121 122
 121  29]","[ 29  29 100 104 105 105 106 105 107 104 105 108 110 111 112 110 111 113
 113 112 111 112 113 114 114 115 116 116 117 117 118 119 119 118 118 119
 121 122 122 122 122 123 122 121 121 121 122 122 122 123 124 125 124 124
 124 124 122 122 122 124 125 125 124 124 125 126 125 124 124 124 124 124
 123 122 122 123 124 124 124 123 122 122 123 123 122 123 124 125 123 124
 124 124 124 124 124 124 112  98  92  92  91  92  91  91  91  89  86  84
  83  82  81  81  81  80  80  79  76  75  77  80  80  81  81  80  80  80
  80  80  78  78  78  78  77  75  75  75  75  79  95 113 121 125 127 127
 126 125 125 126 127 127 126 127 125 124 124 125 126 126 125 126 125 125
 124 125 125 124 123 122 123 123 124 125 125 125 124 124 124 123 123 122
 122 122 122 122 121 122 123 122 121 121 121 122 120 121 121 122 121 121
 121  29]","[ 29  30 100 105 105 105 106 105 104 103 107 110 109 109 111 111 110 111
 113 112 110 110 112 113 114 115 116 116 117 117 118 118 120 119 117 117
 118 120 121 121 121 122 122 122 121 122 123 123 123 124 125 126 125 124
 124 125 124 124 124 125 125 124 123 122 126 126 126 124 123 124 124 124
 123 122 122 122 123 124 123 122 121 122 123 123 123 123 124 125 124 124
 123 122 122 123 125 127 113  99  93  91  90  91  90  89  90  88  86  85
  83  83  84  84  82  80  79  79  78  76  77  80  80  81  81  80  79  79
  78  78  80  79  79  78  76  75  75  75  74  78  93 112 121 125 127 127
 125 124 124 126 127 128 127 127 124 124 125 127 128 127 125 124 124 124
 124 125 125 124 124 123 122 123 123 124 124 125 125 125 123 123 122 122
 122 122 122 121 122 123 123 122 121 121 122 122 122 123 122 123 122 122
 121  29]","[ 28  30 103 105 104 103 104 105 104 104 105 107 107 108 108 108 109 111
 113 112 110 111 112 113 114 115 115 116 117 117 117 117 119 119 119 118
 117 118 119 120 121 121 122 122 122 122 122 123 123 124 125 125 124 123
 123 124 126 125 124 125 124 123 122 122 126 126 125 124 123 123 125 125
 123 122 122 122 123 123 122 121 122 123 124 124 123 123 123 124 125 124
 123 121 121 122 126 129 113  99  94  92  91  91  91  91  89  88  87  85
  85  85  85  86  82  79  77  78  78  76  77  79  81  81  81  80  79  77
  77  76  79  79  79  78  77  76  75  74  73  76  92 112 121 125 127 126
 125 124 124 125 127 128 127 127 126 125 125 126 127 127 125 124 125 124
 123 124 125 125 124 125 124 124 124 124 124 124 124 124 124 123 123 123
 123 124 123 123 123 124 123 122 121 122 122 122 123 123 122 122 122 122
 122  30]","[ 30  27 102  99 104 104 103 101 103 108 110 108 109 107 106 106 109 111
 112 112 111 112 113 114 114 114 115 116 116 117 116 116 118 119 121 121
 119 117 118 119 121 121 121 122 122 121 121 122 124 125 125 125 124 123
 123 124 125 124 123 124 124 123 123 123 124 124 124 123 123 124 125 126
 124 124 123 123 123 123 122 121 122 123 124 124 123 123 123 123 123 123
 123 122 121 122 124 125 114 100  95  93  90  90  89  90  89  88  87  86
  85  85  85  85  82  79  76  77  77  77  77  78  81  81  82  81  79  78
  77  76  77  78  78  78  78  78  75  73  74  76  90 110 121 124 126 125
 126 124 124 126 127 127 127 127 129 126 125 125 125 126 126 126 126 125
 124 125 125 124 124 125 126 125 125 124 124 123 123 123 124 124 123 124
 125 125 125 124 125 124 123 122 122 122 122 122 123 122 121 122 122 122
 121  29]","[ 31  26 107  96 102 104 103 102 115 122 118 110 110 108 105 107 108 110
 111 111 111 111 112 113 114 114 114 115 116 117 117 116 117 119 120 120
 119 118 119 120 122 121 122 122 122 121 121 122 125 125 125 125 124 124
 124 124 124 123 123 123 124 124 124 124 122 123 124 123 123 124 125 125
 125 125 124 124 124 123 122 122 122 122 123 123 123 123 122 122 121 122
 123 123 122 122 123 123 115 101  95  93  91  90  88  87  89  88  87  86
  85  85  84  83  82  80  78  77  76  77  77  78  80  81  82  81  80  79
  78  77  76  76  76  76  78  79  77  74  75  74  87 107 119 124 126 126
 126 125 125 126 128 128 127 127 129 127 125 125 125 125 126 127 127 126
 125 126 126 125 124 124 125 126 126 126 125 125 124 123 124 123 123 124
 124 125 124 123 124 124 124 122 121 122 123 123 123 122 121 122 123 123
 122  29]","[ 28  29 118 100 100  99 104 111 138 138 121 106 108 109 104 105 107 108
 109 110 110 110 111 112 114 114 114 115 116 117 117 117 117 118 118 118
 117 118 120 123 122 121 122 123 123 122 122 123 124 124 124 124 124 124
 124 124 124 123 123 124 125 125 124 125 122 123 124 123 124 124 124 124
 124 124 124 123 122 122 121 121 121 122 122 123 123 123 122 122 122 122
 123 124 124 124 125 125 114 100  95  93  92  92  89  88  89  88  87  86
  85  84  83  82  81  82  80  77  75  76  77  78  79  80  81  81  81  80
  79  79  76  75  73  73  76  79  79  76  75  73  85 105 118 124 127 128
 126 125 126 127 128 129 129 129 127 126 126 126 127 126 126 125 127 126
 126 127 127 126 125 124 124 125 126 127 127 126 125 124 124 124 123 124
 124 124 124 122 123 124 125 123 121 121 123 125 124 123 122 123 124 124
 122  29]","[ 30  24 116  95  97 100 125 149 160 138 112 104 105 105 105 103 107 107
 109 111 109 110 111 111 111 113 114 115 115 116 118 119 118 118 118 118
 119 121 121 122 122 122 122 122 122 122 122 122 122 123 124 125 126 126
 125 124 123 123 123 124 125 125 125 124 125 124 124 124 124 124 124 124
 122 122 123 124 124 122 121 121 121 123 124 123 122 122 122 122 124 124
 122 124 125 125 126 124 114 100  93  90  91  94  92  90  88  88  88  88
  87  84  82  81  81  81  81  80  79  78  78  78  79  80  80  81  81  79
  76  74  77  75  75  76  76  78  78  75  77  77  85 105 118 123 127 127
 128 125 125 128 129 129 128 128 128 127 126 127 127 127 126 125 126 127
 127 127 127 126 126 125 123 123 124 127 128 128 126 124 125 125 124 121
 122 124 126 126 125 124 123 122 123 123 124 124 124 123 121 121 122 123
 122  29]","[ 30  32  94 105 126 147 164 161 142 122 106 105 106 103 100 103 106 106
 107 110 110 110 109 107 110 111 113 114 114 114 116 117 118 118 118 119
 120 121 122 122 122 122 122 122 122 123 123 123 124 125 125 125 124 124
 123 122 124 124 124 125 125 125 124 124 124 124 124 125 125 124 123 123
 123 122 123 124 124 123 123 123 122 123 124 123 122 122 122 121 123 124
 122 124 126 126 127 125 114 102  96  92  89  91  90  90  89  89  89  89
  87  84  82  82  80  81  81  81  80  79  79  78  80  80  81  81  80  79
  77  75  75  75  76  77  77  78  77  74  74  74  82 103 118 122 126 126
 128 126 126 127 129 129 128 127 127 126 126 127 127 127 127 127 126 126
 127 127 126 126 125 125 125 125 126 128 128 127 126 125 127 128 126 123
 123 125 127 127 125 124 123 123 124 124 125 125 125 124 122 122 122 123
 122  29]","[ 27  31 121 142 159 153 143 128 103 100 104 103 103 103 103 109 105 105
 106 107 109 110 111 110 109 111 114 114 113 113 114 116 116 117 117 119
 120 122 122 122 122 122 122 122 122 123 124 124 126 126 126 124 123 123
 123 122 124 124 124 124 124 124 124 123 124 124 124 125 125 123 122 122
 123 122 122 123 124 124 124 124 123 123 123 122 122 122 122 122 124 125
 123 125 127 126 127 125 116 103  97  93  90  91  90  90  89  89  90  89
  87  84  83  83  79  80  81  81  81  80  80  79  79  79  80  80  79  78
  77  77  76  75  76  77  77  77  77  74  74  73  80 103 119 123 126 127
 128 128 127 126 127 128 128 126 125 126 127 129 129 128 128 128 126 127
 127 127 126 125 125 125 127 127 128 129 128 127 126 126 127 128 127 124
 123 125 126 126 125 124 124 124 125 125 126 126 126 125 123 123 122 122
 121  29]","[ 30  27 156 157 152 122 105  96  96  95 105 108 111 110  98  96  98  99
 102 104 109 108 109 109 111 113 114 114 114 113 115 116 116 117 118 120
 121 122 122 122 122 122 122 122 122 123 124 125 126 126 125 124 123 124
 124 124 125 124 124 123 123 123 122 122 123 124 124 125 124 123 122 123
 124 122 121 122 123 124 124 125 123 123 123 122 122 123 123 123 125 125
 123 125 127 126 126 123 116 101  94  92  92  94  92  89  89  89  89  89
  87  84  83  84  80  80  81  81  81  80  80  80  79  79  79  79  78  78
  78  78  79  77  76  75  75  77  78  76  75  74  80 103 121 124 126 128
 128 129 127 126 126 128 127 125 125 126 129 130 130 129 128 128 127 127
 127 127 126 125 126 126 126 127 129 129 128 126 125 126 125 126 126 124
 123 124 125 125 124 124 124 125 125 126 126 126 126 125 124 124 122 122
 121  29]","[ 30  26 164 157 151 143 144 135 123 115 120 117 104  86  69  72  74  75
  83  93 110 111 110 108 112 113 114 114 114 114 115 116 117 119 120 122
 122 122 122 122 122 122 121 121 122 123 124 125 125 125 125 123 123 124
 125 125 126 125 123 122 122 122 122 123 124 124 124 124 124 123 123 124
 125 123 122 122 124 124 124 124 123 123 122 123 123 124 124 125 124 124
 122 124 126 125 125 123 114  99  92  91  91  93  91  90  89  88  87  88
  87  86  84  84  81  81  81  81  80  80  80  81  80  80  80  79  79  78
  79  79  80  77  74  74  75  78  79  76  75  74  79 101 120 124 126 128
 129 129 128 126 126 128 127 125 126 127 128 129 128 127 127 128 127 127
 126 125 124 124 125 126 125 126 128 128 127 125 125 125 125 125 126 125
 125 125 124 124 124 124 124 125 125 125 126 126 125 125 124 124 122 122
 121  30]","[ 27  31 177 168 163 149 133 117 101  83  71  63  59  56  51  54  54  53
  59  71 100 111 113 110 111 112 113 113 114 114 114 115 117 119 122 122
 121 120 121 122 122 122 121 121 122 122 123 123 124 124 124 122 122 123
 124 125 126 125 124 123 122 122 123 124 124 124 124 124 123 123 124 125
 125 124 123 124 124 124 124 124 123 122 123 123 124 124 125 126 123 124
 122 125 126 126 128 126 114 100  95  93  91  91  91  92  90  88  87  87
  87  86  85  84  81  81  81  81  80  80  80  81  81  81  81  80  79  78
  78  78  78  75  75  76  77  79  79  76  75  75  78  98 118 124 126 128
 129 129 128 127 127 128 127 126 128 128 127 126 125 125 126 128 128 127
 126 125 125 125 126 126 126 126 127 128 127 126 125 126 125 125 125 126
 125 125 124 123 124 124 124 124 124 125 125 125 125 125 124 124 123 122
 122  30]","[ 31  27 108  83  73  53  34  32  22  30  38  43  48  53  54  52  54  53
  51  53  83 102 112 110 111 112 113 114 116 116 115 114 116 119 121 121
 119 118 119 121 122 122 122 122 122 122 122 122 124 124 124 122 121 122
 124 125 126 125 124 123 123 123 124 124 124 124 124 124 123 122 124 125
 124 124 124 124 124 124 123 123 123 122 123 124 124 124 124 126 125 126
 124 125 126 126 128 128 117 103  98  95  92  91  91  91  90  89  87  87
  86  85  83  83  81  81  81  81  80  80  80  80  80  80  80  80  79  79
  78  77  76  75  76  77  77  79  78  75  75  76  78  95 116 123 125 128
 130 129 128 129 129 128 128 128 129 128 128 127 126 125 126 127 128 127
 126 125 126 126 126 126 127 126 126 126 127 126 126 126 125 124 124 125
 125 125 124 124 124 125 125 124 124 124 125 125 125 125 124 124 123 123
 122  30]","[ 29  28  23  20  22  27  25  30  33  37  40  44  47  50  53  52  51  55
  53  46  74  97 113 112 112 112 114 116 118 118 117 115 116 119 122 122
 119 118 119 122 122 122 122 122 122 122 122 122 124 124 124 123 122 123
 124 125 124 124 124 124 123 123 123 124 124 124 124 124 123 122 123 125
 123 123 123 124 124 123 122 122 122 122 124 125 124 123 124 126 126 127
 125 125 125 124 126 126 121 104  97  95  94  93  90  89  89  88  87  86
  84  82  81  81  80  80  81  81  80  80  80  80  80  79  80  80  81  80
  79  78  76  76  77  77  76  76  77  75  75  77  78  92 113 121 124 126
 130 129 129 130 130 129 128 129 128 128 129 129 128 127 126 126 127 126
 125 125 126 126 125 124 128 126 124 124 125 125 125 126 125 124 123 124
 126 126 126 126 125 125 125 124 124 124 124 125 126 125 124 124 123 123
 122  29]","[ 29  25  35  31  33  36  34  39  39  42  45  47  48  50  51  51  52  51
  50  51  59  82 114 114 113 113 114 115 116 115 115 115 114 116 118 118
 118 119 121 122 120 122 123 121 121 122 122 122 124 124 123 124 124 123
 124 124 124 124 123 122 123 124 124 124 124 124 124 123 124 125 124 123
 123 122 121 122 124 123 123 122 124 124 125 125 125 125 124 124 124 124
 125 125 125 125 125 125 119 100  93  96  92  91  92  89  89  88  87  86
  85  84  83  81  80  80  80  80  79  79  79  79  80  80  80  80  80  79
  77  76  76  78  79  78  76  76  76  76  74  74  74  84 110 123 127 127
 130 129 128 129 129 128 128 128 128 128 129 129 129 128 128 128 126 127
 127 126 125 126 127 128 128 125 124 124 125 125 125 124 124 125 125 126
 126 126 126 127 126 126 126 124 123 123 124 125 126 122 125 122 124 121
 120  30]","[ 32  31  45  43  44  45  43  45  44  46  47  47  47  48  49  50  47  48
  48  51  49  61 102 116 112 112 112 114 114 114 114 115 116 117 118 118
 119 120 121 121 117 120 122 122 121 122 122 121 125 124 124 125 125 124
 124 124 124 124 123 123 124 125 125 125 124 124 124 123 123 124 124 122
 124 123 122 123 124 123 123 123 124 124 125 125 125 124 124 124 124 125
 125 125 125 125 124 123 120 102  94  95  94  95  95  90  89  89  88  86
  84  82  81  81  82  82  81  80  81  81  80  79  78  78  79  80  80  78
  76  74  74  76  78  78  76  75  74  74  73  72  73  82 107 120 127 131
 131 129 129 130 130 130 130 130 130 129 127 127 128 128 129 129 127 127
 127 126 126 126 127 127 127 125 124 124 124 124 124 124 125 125 125 126
 126 126 126 126 125 125 126 126 125 124 124 123 122 127 124 122 124 124
 123  28]","[ 28  28  47  50  49  51  49  49  47  47  45  43  41  40  40  39  39  36
  30  31  27  37  88 115 112 111 111 113 114 114 115 115 116 116 116 117
 119 121 121 120 118 120 122 122 122 123 123 122 124 124 124 125 124 124
 123 123 123 123 122 122 123 125 125 124 124 125 124 124 124 125 125 124
 124 124 124 124 124 124 124 124 125 126 126 126 126 125 126 126 126 127
 126 125 125 127 126 123 117 103  96  95  92  94  94  88  86  87  87  86
  84  83  83  84  83  81  80  80  80  80  79  78  79  79  80  80  80  79
  77  75  73  75  76  76  75  74  73  72  70  71  74  82 104 116 124 128
 130 129 129 130 130 130 130 130 131 128 126 125 126 128 129 129 128 128
 127 127 127 127 127 126 128 127 126 126 125 124 125 126 127 126 126 127
 127 127 127 127 126 126 126 127 126 126 125 124 125 122 123 126 121 120
 123  31]","[ 30  30  49  51  47  47  45  40  39  38  36  33  31  29  27  25  22  27
  25  27  20  29  86 118 112 111 112 114 116 117 117 117 117 118 118 120
 122 123 123 122 119 120 121 121 121 122 123 124 124 124 124 124 124 124
 124 124 125 124 122 122 124 125 124 123 122 123 123 124 124 124 123 123
 123 122 123 123 123 122 123 124 124 125 126 125 125 124 125 126 125 126
 125 123 124 126 125 122 113 103  97  95  91  90  91  89  89  89  89  87
  84  83  82  83  82  82  81  81  81  80  79  78  80  80  79  79  79  78
  77  76  74  74  74  73  73  73  73  73  75  74  73  76  96 113 124 128
 130 129 129 129 130 129 129 129 130 128 127 126 127 128 129 129 129 128
 128 127 127 128 127 125 125 125 126 125 124 123 124 126 125 124 124 125
 125 125 125 125 127 126 124 123 124 124 124 124 128 123 126 123 124 126
 121  26]","[ 30  28  40  39  34  33  30  24  23  23  22  21  20  21  20  18  19  21
  20  24  20  30  85 119 111 110 111 114 116 117 117 116 116 118 119 120
 121 121 120 119 121 121 122 122 123 124 125 126 125 125 124 124 124 123
 123 124 125 124 123 123 124 126 125 124 123 123 124 125 124 123 122 122
 122 123 123 123 123 123 124 125 125 125 126 126 125 125 126 127 126 127
 126 123 124 127 127 124 116 105  98  96  93  90  91  92  89  89  87  86
  85  84  83  83  81  82  82  82  81  79  78  78  80  79  79  79  79  77
  76  75  76  76  75  74  74  75  75  75  71  71  71  74  95 115 127 126
 129 129 129 129 129 129 129 129 128 129 129 129 129 128 128 128 128 127
 126 126 127 127 126 124 125 125 126 126 124 124 125 128 126 124 124 124
 125 125 124 125 128 127 125 123 123 124 124 125 124 125 125 120 125 121
 122  33]","[ 30  28  34  30  27  25  24  18  20  19  18  18  19  20  21  21  20  19
  20  25  22  30  78 115 112 112 113 116 117 118 117 117 116 118 121 122
 122 122 122 122 120 120 122 124 125 125 125 126 126 125 124 123 123 122
 122 122 122 122 121 122 123 124 124 123 123 123 124 124 124 122 120 120
 121 121 122 122 122 122 123 124 124 124 125 124 124 124 124 125 126 127
 126 125 125 127 128 126 120 106  96  94  93  90  90  90  91  89  87  86
  86  85  84  83  79  81  82  82  80  78  78  78  77  77  79  79  79  77
  74  72  74  74  75  75  75  75  74  73  74  74  75  77  94 113 125 122
 126 127 127 127 127 128 128 128 126 128 129 129 128 126 125 125 126 125
 125 124 125 126 125 123 125 125 126 126 125 125 126 128 126 125 124 125
 125 125 125 125 126 126 125 124 124 124 123 123 124 126 124 126 124 120
 126  24]","[ 30  28  30  24  22  21  21  17  18  18  17  16  16  17  18  18  18  17
  20  19  18  32  79 118 112 112 113 115 116 115 115 115 116 118 119 120
 121 121 122 122 121 121 122 124 125 124 124 125 127 126 126 126 126 125
 124 125 124 124 123 123 124 125 125 125 124 123 124 124 123 121 121 122
 122 121 121 122 122 122 122 123 123 124 124 124 124 124 124 124 125 126
 126 126 126 126 126 125 113 105  98  96  95  94  93  93  92  90  88  86
  84  83  81  79  80  81  82  81  80  80  80  80  75  76  77  78  78  77
  75  73  73  74  75  75  75  75  74  73  72  70  72  73  88 105 120 123
 126 127 128 127 127 128 128 128 127 128 129 129 128 126 126 125 127 127
 126 126 126 127 127 126 125 125 125 125 125 125 126 127 126 125 125 125
 125 124 125 126 124 124 125 125 124 124 123 123 121 123 121 123 120 126
 123  32]","[30 29 31 26 28 29 30 29 29 30 30 29 29 30 29 28 30 27 31 29 29 27 29 29
 29 29 29 30 30 29 29 29 30 30 30 29 29 29 29 28 30 29 28 29 29 28 29 30
 29 29 29 30 30 29 29 29 29 29 29 28 29 29 29 29 29 29 29 30 29 28 28 30
 29 29 28 28 28 28 28 29 29 29 29 30 30 29 29 28 28 29 29 30 30 29 28 28
 29 29 29 28 28 28 29 30 29 29 28 28 29 29 30 29 29 29 29 28 28 29 29 29
 29 28 28 29 29 29 29 28 29 29 29 29 28 29 29 29 30 28 31 29 29 28 30 28
 28 30 30 29 28 29 29 28 29 29 29 29 29 29 29 29 29 29 28 28 28 29 30 29
 30 29 28 29 29 29 29 29 30 29 29 29 28 28 29 30 28 29 29 29 29 29 29 30
 30 30 27 30 30 27 30 27]"
