"[41 58 43 47 42 51 41 42 38 35 32 31 32 33 34 33 31 29 27 27 29 29 29 27
 27 28 29 30 29 28 26 24 22 22 23 25 26 28 29 30 32 34 38 42 45 47 48 48
 47 50 53 53 51 50 52 54 50 48 45 45 53 64 69 68]","[ 58 111 111 105  90 102  91  80  81  77  71  66  62  57  52  48  51  46
  39  35  33  33  33  33  26  26  27  27  28  28  28  28  24  24  24  24
  24  24  24  24  29  31  36  41  46  50  53  55  65  70  75  80  83  88
  94  98  92  92  91  89  91  94  90  83]","[ 48 110 110 113 108 120 116 111 108 105 100  95  91  85  79  75  75  71
  66  62  60  58  56  53  50  48  44  39  34  31  28  27  26  25  25  23
  22  21  20  20  22  22  22  23  24  26  27  28  35  38  43  48  54  62
  69  74  78  82  87  91  96  98  92  83]","[ 51  91  69  86  92  90  89  98 106 106 106 109 113 116 118 118 108 106
 103 100  94  85  75  69  69  68  66  63  60  56  53  52  46  45  44  42
  39  37  36  35  36  34  31  28  25  24  23  23  21  22  22  23  26  30
  35  38  45  51  58  66  76  84  82  76]","[ 72 130 100 105 100  83  77  79  82  80  79  81  85  90  93  95 102 103
 105 110 114 117 116 114  99  98  96  92  86  79  72  68  69  67  64  60
  56  52  49  48  49  47  44  41  39  38  38  38  39  36  33  31  31  32
  34  34  32  34  35  37  44  52  53  49]","[110 225 224 213 199 190 185 169 139 132 122 111 102  93  87  82  85  82
  80  81  87  94  99 102 117 118 119 120 119 117 114 112 101  99  96  92
  87  83  79  78  66  65  62  58  54  51  49  48  46  43  40  38  39  39
  38  37  36  34  29  26  29  36  37  33]","[ 94 238 246 242 237 237 240 223 238 234 225 214 203 190 179 171 148 140
 128 114 102  91  83  77  72  74  76  81  86  93  98 101 116 115 115 114
 114 113 113 113 103 101  99  95  91  86  82  80  72  69  65  64  63  62
  58  55  59  58  55  51  54  57  55  49]","[115 239 234 239 243 238 244 236 235 237 241 245 247 246 242 238 237 235
 231 225 214 200 185 175 150 142 128 112  98  88  83  81  78  80  83  87
  92  96  99 101 112 113 114 115 114 113 112 110 105 101  96  92  89  84
  78  73  71  72  70  67  67  66  59  50]","[113 244 247 245 245 245 248 243 244 244 244 244 244 244 244 244 244 244
 243 242 241 240 239 239 239 237 233 224 211 196 182 174 150 139 125 114
 106  98  89  82  86  85  84  85  90  98 106 111 114 117 122 126 126 122
 117 114 113 104  98 106  93  87  95  71]","[113 244 247 244 244 244 248 244 247 247 247 247 248 248 247 247 247 247
 246 245 244 243 243 242 245 247 249 249 247 243 238 234 246 237 224 212
 202 191 179 170 145 139 129 117 105  94  87  83  86  87  89  94 101 108
 115 120 122 119 122 137 129 123 128  99]","[113 243 247 245 245 245 248 243 248 248 248 249 249 249 249 248 248 247
 247 247 247 246 247 247 240 241 244 247 248 248 248 247 245 243 242 244
 247 247 244 240 240 237 231 222 210 198 189 183 154 146 134 120 108 100
  95  94 106 101  98 110 108 115 130 104]","[113 243 248 245 245 246 248 244 247 247 247 247 247 247 247 247 249 248
 248 248 248 248 248 248 249 249 249 248 247 247 247 246 243 242 241 243
 246 247 245 243 236 238 241 244 245 244 242 241 249 245 239 228 215 202
 190 184 160 149 133 127 111 109 113  77]","[112 243 248 245 245 246 249 246 247 247 247 247 247 247 247 247 249 249
 249 249 249 249 249 249 250 250 250 250 250 251 251 251 251 251 250 249
 248 248 248 247 247 247 249 250 251 251 251 252 239 242 248 251 252 249
 247 244 251 249 242 239 222 212 197 145]","[112 243 248 246 246 247 250 247 248 248 248 248 249 249 249 249 250 250
 250 250 249 249 249 249 247 247 246 246 247 248 250 250 245 244 243 243
 246 249 251 251 251 250 249 249 248 248 248 248 251 252 252 252 252 252
 251 251 242 247 247 252 248 252 244 192]","[112 243 248 247 247 248 250 247 250 250 250 250 251 251 251 250 249 249
 249 249 250 250 250 250 252 252 251 250 250 250 250 250 251 251 251 249
 247 246 247 248 249 249 250 251 251 252 252 252 251 251 250 249 249 250
 252 253 253 253 251 250 245 253 249 196]","[112 243 248 248 247 248 251 247 250 250 250 250 250 250 250 250 249 250
 250 250 250 250 250 250 250 250 249 249 249 250 251 251 248 250 252 251
 252 251 251 251 251 251 252 252 252 252 250 249 249 250 252 253 254 254
 253 252 245 252 252 253 253 253 247 186]","[112 243 249 247 247 248 251 248 249 249 249 249 249 249 249 249 250 250
 250 251 251 252 252 252 251 251 252 252 252 252 252 252 252 252 252 252
 252 252 252 252 252 252 252 252 252 252 252 252 252 252 252 252 252 252
 252 252 254 248 254 252 253 251 254 191]","[113 243 249 248 248 249 252 248 249 249 249 249 249 249 249 249 250 250
 250 251 251 252 252 252 252 252 252 252 252 252 252 252 252 252 252 252
 252 252 252 252 252 252 252 252 252 252 252 252 252 252 252 252 252 252
 252 252 254 248 255 252 253 251 254 191]","[114 245 249 248 249 249 252 248 249 249 249 249 249 249 249 249 250 250
 250 251 251 252 252 252 252 252 252 252 252 252 252 252 252 252 252 252
 252 252 252 252 252 252 252 252 252 252 252 252 252 252 252 252 252 252
 252 252 254 248 255 252 253 251 254 191]","[115 246 250 249 249 249 252 249 250 250 250 250 250 250 250 250 250 250
 250 251 251 252 252 252 252 252 252 252 252 252 252 252 252 252 252 252
 252 252 252 252 252 252 252 252 252 252 252 252 252 252 252 252 252 252
 252 252 254 248 255 252 253 251 254 191]","[115 246 250 248 248 248 252 249 250 250 250 250 250 250 250 250 250 250
 250 251 251 251 252 252 252 252 252 252 252 252 252 252 252 252 252 252
 252 252 252 252 252 252 252 252 252 252 252 252 252 252 252 252 252 252
 252 252 254 248 255 252 253 251 254 191]","[114 245 250 248 248 248 252 249 250 250 251 251 251 251 251 251 250 250
 250 251 251 251 252 252 252 252 252 252 252 252 252 252 252 252 252 252
 252 252 252 252 252 252 252 252 252 252 252 252 252 252 252 252 252 252
 252 252 254 248 255 252 253 251 254 191]","[113 244 250 247 248 248 251 248 250 250 250 251 251 251 251 251 250 250
 250 251 251 251 252 252 252 252 252 252 252 252 252 252 252 252 252 252
 252 252 252 252 252 252 252 252 252 252 252 252 252 252 252 252 252 252
 252 252 254 248 255 252 253 251 254 191]","[112 243 249 247 247 248 251 248 250 250 250 251 251 251 251 251 250 250
 250 251 251 251 252 252 252 252 252 252 252 252 252 252 252 252 252 252
 252 252 252 252 252 252 252 252 252 252 252 252 252 252 252 252 252 252
 252 252 254 248 255 252 253 251 254 191]","[110 246 247 243 247 247 249 250 250 249 250 251 251 252 251 251 250 250
 250 251 251 251 251 251 251 251 252 252 253 253 253 253 252 252 252 252
 252 252 252 252 252 252 252 252 252 252 252 252 252 252 252 252 252 252
 252 252 254 248 255 252 253 251 254 191]","[110 246 247 243 247 247 249 250 250 249 249 251 251 251 251 251 250 250
 250 251 251 251 252 251 251 251 252 252 253 253 253 253 252 252 252 252
 252 252 252 252 252 252 252 252 252 252 252 252 252 252 252 252 252 252
 252 252 254 248 255 252 253 251 254 191]","[111 246 247 243 247 247 249 249 250 249 249 249 251 251 251 251 250 250
 250 250 251 251 251 251 251 251 252 252 252 252 252 253 252 252 252 252
 252 252 252 252 252 252 252 252 252 252 252 252 252 252 252 252 252 252
 252 252 254 248 255 252 253 251 254 191]","[111 246 247 243 247 247 248 249 249 249 249 249 250 251 251 251 250 250
 250 250 250 250 250 251 251 251 252 252 252 252 252 252 252 252 252 252
 252 252 252 252 252 252 252 252 252 252 252 252 252 252 252 252 252 252
 252 252 254 248 255 252 253 251 254 191]","[112 247 248 243 247 247 248 248 249 249 249 249 250 250 251 251 250 250
 250 250 250 250 250 249 251 251 251 251 252 252 252 252 252 252 252 252
 252 252 252 252 252 252 252 252 252 252 252 252 252 252 252 252 252 252
 252 252 254 248 255 252 253 251 254 191]","[112 247 248 243 247 247 248 248 248 248 249 249 250 250 250 250 250 250
 250 250 249 249 249 249 250 251 251 251 252 252 252 252 252 252 252 252
 252 252 252 252 252 252 252 252 252 252 252 252 252 252 252 252 252 252
 252 252 254 248 255 252 253 251 254 191]","[113 247 248 243 247 246 247 247 248 248 249 249 249 250 250 250 250 250
 250 249 249 248 248 248 250 250 251 251 251 251 251 252 252 252 252 252
 252 252 252 252 252 252 252 252 252 252 252 252 252 252 252 252 252 252
 252 252 254 248 255 252 253 251 254 191]","[113 247 248 243 247 246 247 247 248 248 248 249 249 250 250 250 250 250
 250 249 249 248 248 248 250 250 250 251 251 251 252 252 252 252 252 252
 252 252 252 252 252 252 252 252 252 252 252 252 252 252 252 252 252 252
 252 252 254 248 254 252 253 251 254 191]","[114 246 245 245 246 242 250 242 248 248 248 248 248 249 249 249 247 245
 245 246 249 250 249 248 250 244 243 249 251 251 252 253 251 252 253 252
 250 249 250 251 253 253 253 253 253 253 252 251 253 253 253 252 251 251
 250 250 249 252 248 250 248 254 248 193]","[111 240 245 250 249 244 249 240 243 243 244 245 246 247 247 248 250 249
 246 244 243 244 245 245 249 245 245 250 251 248 248 251 251 252 254 253
 252 251 252 254 250 250 250 250 250 250 250 250 254 254 255 254 255 254
 254 253 251 253 253 254 252 254 248 193]","[130 241 244 249 246 241 246 243 244 245 246 247 248 250 252 252 245 246
 248 248 248 249 251 252 248 246 247 252 253 252 251 252 246 248 250 250
 249 249 251 252 254 253 252 252 253 253 254 254 253 253 253 254 254 254
 254 254 246 251 250 254 249 252 243 190]","[ 70 154 139 138 133 135 142 143 144 145 146 147 148 150 150 151 153 158
 165 169 170 170 171 172 175 173 174 180 186 188 186 184 195 197 199 200
 199 200 202 204 211 210 209 209 210 213 216 218 221 221 221 222 223 223
 224 224 235 238 237 242 236 240 236 187]","[ 50 104  82  83  81  87  90  91  92  93  93  93  94  94  94  94  89  91
  94  96  96  97  98  99 101 101 100 102 107 111 110 108 103 105 108 108
 108 109 111 114 116 115 114 114 115 118 121 124 126 126 127 127 128 128
 129 129 124 126 124 129 122 128 131  90]","[ 52  90  75  85  85  90  84  86  91  91  91  91  91  91  91  91 104 102
 100 101 104 107 108 108 102 108 109 101  94  96 103 108 107 109 111 112
 112 112 115 117 114 113 113 113 115 117 119 121 116 116 116 116 117 117
 117 117 120 121 119 123 116 123 130  94]","[ 53  83  79  94  90  92  85  92  96  96  96  97  98  98  99  99  99  98
  99 103 105  98  85  74  81  98 105  86  63  61  81 100 110 112 113 114
 113 114 115 117 116 116 117 118 119 120 121 121 125 125 125 125 125 124
 124 124 119 120 120 126 117 121 129  96]","[ 53  79  80  93  83  84  81  96  89  90  91  92  94  95  96  97  93  95
 100 105  99  75  40  13  22  50  63  38   4   2  31  62 111 113 114 115
 114 114 116 117 117 118 119 120 121 121 121 121 123 122 122 121 121 120
 120 119 119 121 122 129 119 120 127  94]","[ 50  83  85  85  87  85  93  88  95  90  90  96  97  94  94  99  89 107
  99  99 100  48   6  26  20  22  22  19  16  17  23  28  73 124 113 109
 123 115 119 120 119 119 119 120 120 120 121 121 123 123 123 123 123 123
 123 123 123 126 121 126 124 123 125  97]","[ 50  83  85  85  87  85  93  88  84  88  95 101 101  99  98 101 100 105
  97  99  94  44   2   5  16  14  12  12  14  17  20  22  57 114 113 110
 120 114 117 116 119 120 120 120 121 121 121 122 123 123 123 123 123 123
 123 123 123 126 121 126 124 123 125  97]","[ 50  83  85  85  87  85  93  88  87  93  97  96  93  93  94  93 103  77
  55  53  49  30  16  19  19  15  11  13  20  25  25  24  39 102 119 115
 121 120 122 121 121 121 121 121 122 122 123 123 125 125 125 125 125 125
 125 125 124 128 122 127 125 124 126  99]","[ 50  83  85  85  87  85  93  88  97  98  94  88  88  96  99  96  87  39
  11  11  11  20  34  36  28  26  24  25  29  32  34  33  30  92 123 119
 119 123 126 125 122 122 123 123 123 124 124 124 126 126 126 126 126 126
 126 126 127 130 124 130 128 127 129 101]","[ 50  83  85  85  87  85  93  88  95  93  91  92 100 107 106 100  61  19
   7  16  14  20  28  16  27  29  30  29  27  28  31  34  33  83 123 121
 116 121 121 124 124 124 124 125 125 125 126 126 128 128 128 128 128 128
 128 128 130 133 127 133 131 130 132 104]","[ 50  83  85  85  87  85  93  88  92  89  92 100 102  91  76  66  38  11
  10  21  16  16  18   6  16  19  22  20  16  16  19  24  42  75 121 126
 120 124 119 125 125 125 126 126 127 127 127 127 129 129 129 129 129 129
 129 129 131 135 129 135 132 131 133 106]","[ 50  83  85  85  87  85  93  88  93  89  94 100  86  52  28  22  21   8
   9  15  10   9  14  15  10  11  12  12  13  13  15  16  34  52 106 125
 125 130 121 129 126 127 127 127 128 128 128 129 131 131 131 131 131 131
 131 131 131 134 128 134 132 131 132 105]","[ 50  83  85  85  87  85  93  88  95  89  93  97  72  29   7  11  11  12
  18  23  17   8   8  14  12  10   9  12  17  20  19  17  13  22  83 115
 122 129 118 128 127 127 128 128 128 129 129 129 131 131 131 131 131 131
 131 131 129 133 127 133 130 129 131 104]","[ 50  82  85  88  89  84  91  91  94  91  98  88  48  15  11  17  14  14
  14  13  12  11  10   9  11  10   9   9  11  13  16  18  17  19  27  67
 118 126 115 124 120 120 119 119 118 118 117 117 114 114 113 112 111 109
 109 108 106 103 104 102  98 103  99  81]","[ 52  84  86  88  89  83  91  90  89  89  94  79  41  15  13  16  13  13
  13  13  12  11  10   9  10   9   8   8  10  12  15  17  14  22  23  31
  64  94 103 102 100 100 100  99  99  98  98  98  99  99  99  98  97  97
  96  96 100  97  99  97  93  99  95  77]","[51 81 82 83 85 79 85 84 81 85 87 66 29 14 17 15 12 12 13 12 12 10  9  9
  8  8  7  7  8 10 13 14 16 17 17 12 21 56 86 92 92 92 91 91 91 90 90 90
 93 93 93 93 93 93 93 93 95 92 95 93 90 97 94 75]","[46 74 73 75 77 71 77 74 74 82 81 53 19 13 19 14 11 11 12 11 11 10  9  8
  7  7  7  7  8  9 11 12 21  6 14 23 17 36 77 98 95 95 95 95 95 95 95 95
 95 95 95 96 96 97 97 97 94 92 95 94 91 99 96 78]","[ 43  70  68  69  72  66  72  69  71  78  76  46  13  12  19  12  10  10
  10  11  10  10   9   8   8   8   8   8   9  10  11  11  19   7  15  23
  17  38  78  98  94  94  94  94  94  94  94  94  92  92  92  93  94  95
  95  95  95  93  95  95  93 100  97  79]","[45 71 67 68 72 68 74 70 72 76 73 46 14 10 17 11  8  9  9 10 10  9  8  8
  9 10 10 10 11 11 12 12 11 17 17  6 15 54 85 86 91 91 91 91 92 92 92 92
 91 91 92 92 93 93 94 94 94 92 95 94 92 99 96 78]","[46 71 67 69 74 70 76 72 75 75 72 50 18  9 13 10  7  8  8  9  9  9  8  8
 11 12 13 13 14 14 13 13  9 20 13  7 37 77 90 85 92 92 92 93 93 94 94 94
 95 95 95 96 96 96 96 96 96 94 96 95 92 99 96 78]","[ 46  70  66  68  74  71  77  72  78  74  72  53  22   9  11  10   7   7
   8   9   9   8   8   7  13  13  14  15  15  15  15  14  14  15   7  27
  73  93  90  96  92  92  93  93  94  94  95  95  97  97  97  96  96  96
  96  96  99  96  99  97  94 101  98  79]","[ 46  73  71  71  74  69  75  73  75  70  75  59  23  14  19   7   8   8
   8   9  10  11  12  13  15  15  13  11  12  14  14  12  15   7  22  60
  89  93  90  91  93  93  93  94  94  94  95  95  96  96  96  96  97  97
  97  98  97  95  99  98  96 102  99  81]","[ 43  70  68  69  71  67  74  71  77  72  76  60  23   8  12   8   9   9
   8   9   9  10  12  12  15  14  13  12  12  14  14  13  14  24  50  83
 101 100  98 100  98  98  98  99  99  99 100 100 101 102 102 102 103 103
 103 103 102 100 104 103 101 107 104  85]","[ 43  71  69  71  74  70  77  75  80  75  80  69  33   9  10  15  10  10
  10  10  10  12  13  14  14  13  12  12  12  12  14  15   8  36  74  96
  99  94  93  95  96  96  97  97  97  98  98  98 101 101 101 101 102 102
 103 103 100  98 101 101  98 105 101  82]","[ 43  71  70  72  75  71  79  77  76  75  81  77  47  15   9  19  13  13
  12  12  13  14  15  16  13  11  10  11  11  10  13  17  28  64  99 108
 102  99 100 100 103 103 103 104 104 105 105 105 108 108 109 109 109 110
 110 110 107 105 108 107 104 110 107  88]","[ 42  70  69  70  74  70  78  75  72  76  81  81  60  25   7  13  13  13
  12  12  12  13  14  14  12   9   9  11  10   8  13  20  58  86 107 106
  99 100 103 102 101 101 101 102 102 102 103 103 106 106 106 107 107 108
 108 108 104 102 105 104 101 107 103  84]","[ 46  74  72  74  77  73  80  77  78  85  85  85  76  44  15  12  11  11
  10  10  10  11  11  12  13   9   9  13  12   8  14  25  86  99 107 103
  99 102 106 106 104 104 105 105 105 106 106 106 109 109 109 109 110 110
 111 111 107 105 108 107 104 109 105  86]","[ 46  73  71  72  75  70  77  75  78  86  80  78  84  62  28  17  13  13
  12  12  12  12  13  13  16  11  12  17  15  11  18  31 102 105 108 106
 105 107 110 112 111 111 112 112 112 113 113 113 115 115 115 116 116 116
 117 117 114 112 115 113 110 116 111  92]","[37 64 62 63 65 60 67 64 66 75 65 64 80 69 34 19 17 17 16 16 15 16 16 17
 19 14 15 20 18 13 21 35 81 81 84 87 86 85 87 91 86 86 86 87 87 88 88 88
 89 89 89 90 90 90 91 91 89 87 89 88 84 90 86 67]"
