"[30 28 31 32 28 31 28 31 29 29 29 30 30 29 29 30 29 28 28 29 29 29 29 29
 30 28 28 30 30 29 29 30 29 29 30 29 28 28 30 30 29 29 29 29 29 29 29 30
 29 29 29 29 30 29 29 29 29 29 29 28 29 30 29 29 30 29 29 29 28 28 30 30
 30 28 28 29 29 29 29 29 29 29 29 28 28 29 29 29 30 29 29 28 28 29 29 30
 29 29 30 29 29 29 29 29 29 29 29 29 29 30 30 29 29 29 30 30 30 29 29 29
 28 29 28 28 30 29 29 30 29 30 30 30 29 28 29 30 29 30 29 28 28 29 30 29
 28 29 30 30 29 29 29 29 28 30 29 28 30 30 29 29 29 30 28 28 29 29 28 31
 28 29 29 30 29 28 28 29 30 29 29 29 29 28 28 29 29 29 29 29 30 29 29 29
 29 29 28 28 31 29 33 29]"
"[32 27 29 27 25 30 32 27 32 29 28 28 28 28 29 30 30 30 29 30 29 29 28 29
 30 29 28 27 28 29 29 29 29 28 29 30 28 28 29 28 28 29 29 29 29 29 29 28
 29 29 29 28 29 29 29 29 29 29 29 29 29 29 29 29 29 28 29 30 30 30 30 28
 29 29 29 29 29 29 29 29 29 30 30 29 28 29 28 28 29 29 29 30 29 29 28 28
 28 28 28 28 29 29 29 28 29 30 30 29 28 28 29 29 30 29 28 28 27 27 29 31
 30 30 29 29 30 28 27 30 29 28 27 28 29 29 29 29 29 29 29 30 31 30 29 28
 30 30 29 27 27 28 29 29 28 30 30 29 29 29 28 29 29 30 29 29 31 30 28 28
 30 30 29 28 28 29 30 30 29 29 29 29 28 28 29 29 30 30 28 29 30 30 29 30
 28 30 31 31 29 31 25 31]"
"[ 29  31 133 133 129 134 128 131 125 125 126 127 127 125 122 120 114 114
 113 112 111 109 107 107 104 104 101  96  94  95  94  92  89  88  89  89
  87  86  85  82  81  82  81  80  79  80  79  76  76  75  75  75  74  74
  74  75  73  73  72  70  68  67  66  65  66  65  66  67  65  64  63  60
  56  57  58  57  57  58  58  57  56  57  58  57  56  56  55  55  55  55
  56  56  56  55  54  54  51  50  48  47  48  48  47  45  44  45  46  44
  41  40  41  43  43  42  41  40  39  39  41  43  54  56  59  64  70  73
  77  82  87  87  89  92  95  97  99 101 105 103 104 107 110 111 114 117
 116 118 119 120 121 122 123 123 126 129 130 130 133 135 138 141 137 138
 138 140 145 147 147 148 147 150 153 155 156 156 154 150 144 139 133 126
 120 116 114 114 113 114 116 123 134 143 150 155 166 161 165 169 174 186
 199  31]"
"[ 31  28 136 139 139 136 137 136 138 136 134 132 131 130 129 129 125 125
 124 124 122 119 117 116 118 117 113 109 107 105 103 101 101  99  98  97
  94  92  89  86  88  89  87  84  85  87  86  82  82  82  82  81  80  78
  78  77  76  76  75  74  74  75  73  72  73  72  73  73  71  70  70  68
  64  66  65  62  61  62  61  60  59  60  61  60  58  58  57  57  57  57
  57  57  57  57  57  57  58  57  55  53  52  52  50  49  50  50  50  48
  45  44  45  46  44  44  44  44  41  39  39  40  38  39  41  45  50  50
  53  58  66  68  72  75  78  82  88  93  95  94  94  95  96  97 100 104
 109 112 114 115 114 115 116 116 121 123 122 121 123 126 130 134 139 139
 137 136 137 138 138 139 143 145 147 148 150 152 153 151 155 153 149 144
 141 139 138 137 133 130 125 123 124 123 121 122 127 131 142 147 157 163
 168  29]"
"[ 28  32 139 144 143 140 145 150 143 141 138 137 137 138 138 138 136 135
 134 133 131 128 125 124 126 124 123 123 122 120 118 118 115 112 110 109
 106 104 102  98  96  96  93  90  91  94  94  91  89  89  87  86  84  83
  83  82  82  80  79  79  80  80  79  76  74  74  76  76  74  74  75  74
  74  75  73  69  66  67  66  64  65  65  65  63  62  61  61  61  61  61
  60  60  59  59  60  60  59  59  58  57  56  55  55  55  56  55  55  54
  53  52  52  52  49  50  50  50  48  44  42  42  45  45  44  44  44  41
  40  42  40  41  44  49  54  60  66  70  72  77  82  84  86  89  93  95
  94  98 102 103 104 106 109 112 114 115 114 113 115 118 121 124 122 124
 124 124 127 130 132 134 136 139 140 141 142 145 147 147 145 147 150 152
 153 155 154 153 155 154 150 148 147 142 136 134 133 128 116 124 120 131
 131  29]"
"[ 31  24 182 171 165 162 152 147 144 144 144 144 145 145 143 140 139 138
 137 138 138 138 137 137 134 132 131 133 132 129 127 127 127 124 122 120
 118 118 117 115 113 112 108 104 104 106 105 103 100  98  94  92  91  91
  91  92  94  92  90  89  89  89  86  82  78  79  81  81  79  78  78  77
  77  77  76  74  73  73  73  72  72  72  71  68  66  66  66  66  66  66
  65  64  63  62  61  60  61  61  61  60  59  59  59  59  59  58  58  58
  59  59  58  57  56  56  56  55  54  52  51  51  48  49  48  48  49  48
  47  48  46  42  39  39  41  42  41  41  41  47  52  55  59  66  71  74
  77  82  87  90  91  92  94  95  98 101 103 105 109 112 114 116 117 121
 122 122 123 124 125 126 126 128 132 135 138 139 140 141 142 144 146 147
 148 150 151 151 151 153 153 156 160 162 162 164 158 152 150 148 137 132
 132  28]"
"[ 29  29 202 203 204 200 206 195 194 190 183 174 167 161 155 150 149 146
 144 143 144 145 145 145 144 143 142 142 141 139 137 137 136 133 131 130
 128 128 129 127 126 124 121 118 117 116 115 113 113 110 106 104 103 103
 103 102  97  96  95  94  94  94  92  89  88  87  87  87  84  83  82  80
  81  81  81  81  81  81  80  80  79  79  77  75  74  74  74  73  73  73
  72  70  69  67  66  66  65  64  64  63  63  62  61  60  62  62  62  62
  62  62  61  60  60  59  58  58  58  58  58  59  56  58  57  56  57  57
  55  53  52  49  47  48  49  49  48  48  45  44  43  42  42  45  47  49
  50  54  60  66  72  78  81  83  83  87  90  93  96  99 100 103 108 112
 114 115 118 120 120 121 123 121 121 124 127 129 131 134 132 135 136 136
 138 142 146 147 151 152 151 151 153 155 157 161 164 165 154 157 159 155
 148  31]"
"[ 28  32 159 169 180 190 198 209 210 212 212 212 211 209 204 199 189 182
 172 164 158 152 148 146 142 143 142 141 142 144 145 144 146 143 141 139
 137 137 138 137 134 132 131 130 130 129 127 127 126 124 121 119 118 117
 114 112 109 109 108 105 103 102 100  98  98  95  93  91  90  90  91  89
  89  88  88  88  87  85  83  82  82  82  81  80  79  80  80  79  81  79
  77  74  73  72  73  73  69  68  68  68  69  69  67  65  65  65  65  65
  65  63  62  61  60  59  58  59  60  61  61  61  61  63  63  62  65  66
  64  61  59  59  59  58  55  53  53  54  53  49  47  48  49  48  47  47
  44  42  40  40  44  50  55  58  66  71  74  76  79  82  86  90  91  96
  98 100 106 111 114 115 120 117 116 121 123 121 118 118 122 127 132 133
 134 136 138 138 137 140 142 145 147 147 147 150 154 153 155 159 159 163
 167  28]"
"[ 29  27 142 137 137 139 144 147 145 153 167 178 187 197 203 210 211 212
 213 215 215 208 202 203 193 184 173 167 163 158 151 146 150 146 141 145
 147 144 146 145 145 146 145 143 140 136 136 140 139 136 132 130 129 129
 130 130 128 123 122 122 118 117 115 110 109 108 106 103 101 100  98  96
  97  95  94  95  96  95  93  91  89  89  89  88  88  87  84  81  82  82
  82  81  81  80  78  75  77  77  76  75  74  74  74  74  73  71  69  66
  65  67  68  66  64  65  65  63  63  64  64  64  63  65  64  63  64  65
  65  65  65  65  66  66  66  65  65  65  62  59  56  56  57  55  53  51
  49  50  50  49  49  49  48  46  46  45  44  45  50  58  67  72  75  77
  80  84  89  92  96  97  99 103 105 106 109 114 117 117 122 123 124 124
 124 125 127 129 130 132 135 138 140 144 146 144 145 147 151 153 154 151
 155  30]"
"[ 29  26 127 124 128 131 135 137 140 140 142 143 146 152 154 158 160 163
 169 178 186 193 201 210 214 214 214 213 208 201 195 192 187 181 168 161
 159 155 154 147 146 146 144 143 144 143 143 145 142 142 142 141 138 137
 137 139 138 134 133 132 129 127 127 124 127 120 116 117 116 112 111 114
 108 105 102 101 101 100  98  96  95  95  96  98  98  96  92  89  89  88
  87  87  87  86  84  83  84  83  81  81  81  81  80  78  77  75  74  73
  72  73  74  72  72  71  70  68  68  69  68  67  64  66  63  60  60  61
  63  66  65  63  63  64  66  66  66  66  67  65  64  65  64  62  60  59
  57  58  57  56  54  53  52  51  54  52  49  46  45  46  47  48  46  47
  50  55  62  68  72  75  81  89  97 101 102 105 107 108 109 113 117 120
 121 123 123 124 126 126 128 130 131 135 141 144 145 146 142 145 146 146
 146  28]"
"[ 31  28 116 112 114 113 115 117 116 118 125 129 135 138 138 140 141 142
 144 147 147 149 154 160 166 171 179 185 189 194 201 207 207 210 210 209
 206 202 199 194 186 180 168 158 154 151 149 148 150 145 142 144 146 146
 146 147 140 139 139 140 137 137 138 136 134 133 131 129 127 126 125 124
 121 120 118 116 115 112 107 104 103  99  96  96  98 100 101 103  99  98
  98 100 100  97  94  93  92  90  88  87  88  87  84  80  84  82  82  83
  81  81  81  81  79  78  76  74  75  76  75  73  68  72  73  70  68  66
  65  65  66  64  63  64  66  67  66  66  64  64  65  66  66  66  67  68
  66  66  65  63  60  59  59  61  61  60  58  56  54  52  51  50  51  49
  47  46  47  48  49  48  51  55  61  68  77  87  92  93 103 105 105 104
 106 111 116 118 123 120 120 123 125 126 126 127 130 138 140 145 139 143
 143  28]"
"[ 28  31 127 126 125 117 113 113 115 115 118 115 113 111 111 113 119 121
 125 128 128 128 132 136 136 138 142 143 144 141 144 145 154 160 169 179
 183 184 190 196 203 207 208 209 211 208 201 196 177 176 173 168 159 150
 148 151 150 149 147 146 145 145 145 143 141 143 142 138 136 137 138 137
 133 133 131 130 129 129 128 128 123 121 116 112 110 108 107 106 107 105
 104 105 104 101  99  99 100  98  96  95  96  96  93  90  91  88  88  90
  88  86  86  87  85  84  82  81  81  81  80  79  80  82  81  77  76  75
  74  75  73  71  70  70  71  71  69  68  67  67  66  65  65  65  66  67
  70  69  67  65  64  64  66  68  65  64  64  63  62  60  59  57  57  55
  53  51  51  50  50  49  47  49  48  45  43  47  54  59  63  68  73  76
  84  96 105 108 111 112 114 117 121 122 121 121 121 125 123 126 128 136
 136  29]"
"[ 30  32 148 147 146 139 137 137 134 130 130 121 118 114 114 115 112 110
 112 113 111 111 114 115 116 117 124 127 132 132 136 136 141 141 145 146
 145 145 147 152 157 166 176 185 193 198 200 200 205 202 203 205 205 200
 194 190 185 180 172 164 159 155 149 145 148 145 144 147 147 145 143 144
 138 141 142 141 139 137 136 134 132 132 130 127 124 124 123 120 120 116
 112 111 109 107 107 109 104 103 102 102 102 103 102 100 100  97  97  98
  96  94  95  95  92  92  91  90  89  87  86  86  84  86  84  81  82  83
  82  82  80  80  79  80  79  77  75  74  75  74  72  71  71  71  71  71
  70  69  68  67  67  67  68  69  70  69  68  67  67  67  66  65  67  66
  66  64  62  60  58  57  62  57  51  49  51  54  52  49  49  50  49  48
  54  65  76  81  82  90  95  96 102 110 117 124 121 122 120 120 126 125
 123  32]"
"[ 30  26 173 167 164 160 155 152 154 149 152 146 148 143 140 136 126 122
 121 120 115 113 113 110 112 110 112 107 111 109 117 119 116 123 131 131
 132 137 139 142 141 145 146 145 146 148 151 156 159 167 178 189 196 201
 207 211 215 215 212 208 206 202 194 189 179 171 160 154 153 153 152 149
 147 150 151 151 150 149 148 147 144 145 143 139 137 137 137 136 133 131
 129 128 126 123 121 122 114 114 112 111 110 110 109 107 107 105 104 104
 102 101 101 100  99  99  99  99  98  96  96  97  89  91  90  89  90  90
  86  85  83  84  84  85  84  82  81  81  80  80  79  79  80  80  79  78
  73  72  72  73  73  70  68  68  72  71  70  70  71  72  73  73  72  73
  74  75  75  74  74  74  70  70  69  66  63  61  60  59  56  58  59  56
  54  53  51  48  50  59  62  64  74  85  93  98 107 109 120 123 121 124
 125  28]"
"[ 31  30 220 219 215 210 200 192 182 176 177 168 171 165 163 160 159 154
 154 154 148 146 145 140 135 130 129 121 121 113 115 112 110 113 116 110
 108 112 113 116 116 122 130 136 139 138 139 142 142 142 143 144 148 151
 151 148 152 162 171 180 193 201 205 208 212 216 216 214 212 210 201 191
 179 175 168 159 154 152 150 149 151 149 149 150 150 148 146 146 143 143
 143 143 141 138 135 134 134 133 131 128 126 125 122 120 116 114 113 112
 109 109 109 106 107 105 105 105 105 105 105 106 103 103  99  95  95  96
  96  96  90  90  90  90  89  88  88  88  90  89  88  86  84  84  83  81
  82  81  81  82  80  76  74  74  74  73  72  72  72  72  72  71  75  75
  74  74  74  75  75  75  84  81  79  79  79  79  75  72  66  67  67  67
  66  66  65  65  63  64  58  53  58  59  54  52  59  59  68  78  86 104
 113  30]"
"[ 28  29 248 253 252 254 251 248 247 240 239 223 218 205 200 196 187 181
 179 175 168 166 165 160 161 154 151 144 148 141 141 135 138 131 128 123
 122 121 116 117 118 117 115 114 114 114 118 123 125 128 130 131 134 138
 139 138 140 146 146 144 147 151 156 162 164 171 182 192 199 204 210 214
 222 220 216 211 207 203 196 189 184 173 164 162 159 153 152 156 154 153
 152 149 148 148 148 147 146 144 142 140 139 137 133 130 131 130 129 126
 124 124 122 118 115 111 109 108 108 108 107 108 106 108 107 105 105 104
 103 103 102 100  99  98  97  96  96  97  96  96  93  90  88  89  91  91
  90  89  88  87  84  81  81  83  82  82  81  81  81  81  79  77  77  75
  73  72  74  76  77  78  75  77  80  82  82  82  81  81  83  83  83  82
  81  78  76  75  73  72  64  61  66  66  60  60  62  72  62  62  65  61
  65  29]"
"[ 29  29 246 252 253 253 253 253 253 253 253 253 253 253 253 253 249 245
 240 235 228 217 202 191 184 179 174 172 171 169 163 158 162 159 157 156
 153 147 142 140 132 126 123 120 115 111 114 117 116 115 114 116 118 117
 117 121 125 124 125 128 132 134 138 144 145 147 147 149 152 156 163 172
 175 181 183 187 199 210 215 218 219 221 216 210 202 200 189 186 176 166
 157 156 155 151 148 147 149 149 150 151 150 148 146 145 144 145 142 137
 137 139 136 130 129 130 125 123 125 122 118 120 118 117 115 113 111 110
 110 110 110 108 105 105 107 106 103 103 100 100 100  99  98  97  96  96
  96  95  94  93  92  91  90  89  86  87  87  87  88  90  88  84  83  82
  81  81  81  80  80  81  77  77  78  80  80  81  82  82  82  82  84  87
  87  86  85  86  84  85  84  82  78  76  74  72  74  66  65  63  63  62
  59  31]"
"[ 29  29 246 252 253 252 252 253 252 253 253 253 253 253 253 252 254 253
 252 252 254 254 253 251 254 251 245 238 231 223 214 209 197 190 181 176
 172 168 166 166 167 161 158 155 150 147 147 147 138 134 128 126 125 121
 119 121 112 114 118 121 120 118 116 114 119 122 124 129 135 137 138 141
 142 142 143 146 150 151 153 160 170 180 189 197 201 211 212 218 218 215
 213 209 203 194 184 177 171 165 157 152 150 149 149 150 150 148 147 147
 148 147 144 142 142 147 144 139 138 138 136 137 133 131 129 126 123 121
 119 118 114 115 113 112 112 110 109 111 107 109 110 108 105 103 103 104
 103 103 103 102 102 101  99  98  97  98  97  96  96  96  93  90  89  88
  88  88  88  87  88  88  85  84  83  82  82  82  82  82  82  82  83  84
  85  85  86  88  89  90  91  91  93  94  95  96  93  90  89  90  86  82
  78  26]"
"[ 29  29 246 251 252 252 252 252 252 252 252 252 252 252 252 252 253 253
 252 252 252 253 253 253 251 252 253 254 254 253 252 251 248 245 243 242
 237 227 217 210 196 191 186 181 175 170 166 162 167 163 156 154 153 148
 143 143 137 132 128 123 117 117 118 115 117 116 113 112 114 114 113 115
 116 125 129 129 132 138 141 142 146 149 150 149 149 158 164 175 179 186
 193 196 199 202 203 203 207 204 201 199 196 190 182 177 170 164 158 154
 152 152 153 154 151 151 148 146 146 147 146 144 147 145 143 140 138 135
 133 131 130 129 126 125 124 122 118 117 114 114 115 116 114 110 111 114
 112 111 110 110 109 108 106 105 106 104 102 101 101 101 101 100  97  97
  96  96  95  94  94  94  93  92  90  89  89  90  90  90  87  87  87  85
  85  86  88  89  86  86  87  88  91  94  97  98  98  98  97 102  99 101
 104  30]"
"[ 29  29 246 251 252 252 252 252 252 252 252 252 252 252 252 252 252 253
 253 253 252 251 251 250 252 253 253 253 252 252 253 254 254 253 251 252
 254 254 254 254 254 250 245 238 231 226 220 214 199 193 183 177 174 169
 165 165 159 155 157 156 149 146 142 134 131 130 127 124 121 117 113 113
 114 113 113 114 114 115 118 123 123 127 132 135 137 139 137 142 139 143
 146 145 146 152 160 165 181 184 192 201 208 212 212 212 207 206 202 194
 187 182 175 168 164 155 151 152 152 150 150 151 154 152 149 148 147 148
 147 147 141 141 138 137 139 137 132 130 130 128 125 124 122 120 117 115
 117 116 115 114 114 115 115 115 114 111 109 108 108 107 107 107 106 105
 104 103 101  99  98  97  98  96  95  95  96  97  97  97  96  97  96  93
  91  93  94  94  94  93  91  91  92  94  95  96  96  97  94  99  97 101
 107  29]"
"[ 29  29 246 252 252 252 252 252 252 252 252 252 252 252 252 252 251 251
 251 251 252 253 253 253 253 253 252 252 252 252 252 252 251 251 252 253
 253 252 252 251 253 252 253 252 252 255 255 252 254 253 251 248 241 229
 217 212 209 198 190 183 174 170 171 168 164 162 158 154 152 147 142 139
 135 130 127 127 124 119 116 116 117 117 118 115 116 116 117 121 127 128
 129 129 129 133 141 147 142 143 145 148 150 153 157 161 177 185 194 202
 208 212 212 209 210 206 204 202 192 179 172 169 163 160 157 154 152 151
 149 148 154 155 153 150 149 147 146 146 144 146 144 137 137 141 138 132
 131 130 128 126 125 124 123 122 119 118 118 119 118 117 115 115 115 114
 114 113 112 110 108 108 107 106 105 105 105 104 102 101 101 103 103 101
 100 101 101 100 101 100  98  96  96  97  97  97  97  98  98  99  99  98
  98  27]"
"[ 29  30 246 252 252 252 252 252 252 252 252 252 252 252 252 252 254 253
 252 252 252 252 251 250 251 251 251 252 253 253 252 251 252 252 252 252
 252 252 253 253 251 252 252 252 251 253 254 252 252 253 252 252 253 253
 252 254 251 247 248 248 240 229 219 212 203 198 188 182 179 174 165 159
 159 157 155 153 150 148 142 134 132 132 133 125 123 119 118 120 116 115
 116 117 117 116 119 123 122 125 129 133 135 137 141 145 147 148 151 155
 157 158 161 165 174 180 186 192 199 204 205 205 202 201 199 195 189 180
 170 164 160 160 157 153 153 154 154 154 153 153 151 149 146 144 145 146
 146 145 143 141 139 136 133 131 128 126 124 123 122 122 121 121 120 119
 119 119 120 119 118 118 118 117 116 116 115 113 111 110 107 108 108 107
 107 106 105 103 108 107 106 104 103 103 103 102 100 100 103 100 103 100
  98  32]"
"[ 29  29 246 252 252 252 252 252 252 252 252 252 252 252 252 252 251 251
 252 253 254 253 252 251 252 252 252 253 253 253 252 251 251 252 253 253
 252 252 251 251 253 252 253 252 251 251 252 251 251 252 252 252 253 253
 252 253 254 253 252 253 253 253 253 253 253 251 248 243 241 234 223 216
 198 186 181 182 176 167 164 165 162 160 158 147 144 141 138 138 133 130
 127 125 121 117 114 114 114 114 115 116 118 119 121 123 128 129 133 137
 139 140 145 150 149 150 145 143 151 159 164 166 169 174 184 194 203 208
 210 210 211 208 198 188 183 176 167 161 156 152 151 152 151 147 150 155
 152 151 151 151 150 150 149 148 146 143 139 134 132 131 130 128 128 126
 125 126 126 126 125 124 123 123 122 122 121 121 120 120 117 116 115 115
 115 114 113 113 114 114 113 110 109 108 108 107 110 109 110 106 107 105
 104  31]"
"[ 29  29 246 251 252 252 252 252 252 252 252 252 252 252 252 252 253 253
 252 252 252 252 252 252 253 252 251 251 251 251 252 252 252 252 251 251
 251 252 253 252 252 251 252 253 252 252 253 252 252 252 251 251 253 252
 251 252 251 253 252 251 252 253 252 252 251 254 254 253 253 254 252 252
 254 251 251 251 244 236 230 224 213 206 199 183 180 174 167 161 162 160
 159 157 154 149 146 144 137 133 127 124 122 119 117 115 115 119 121 119
 117 119 122 124 124 130 131 133 139 140 140 145 144 144 145 148 153 160
 166 170 180 187 193 198 205 210 211 211 213 213 204 190 183 181 177 169
 161 159 157 155 155 155 155 155 154 156 155 154 154 154 150 146 145 143
 140 140 140 138 136 135 129 129 128 128 127 128 129 129 127 125 123 125
 126 126 126 128 123 124 122 120 118 117 117 116 116 116 117 115 115 114
 113  29]"
"[ 29  29 246 252 252 252 253 252 252 252 252 252 252 252 252 252 252 252
 252 252 252 252 252 252 252 252 252 252 252 252 252 252 252 252 252 252
 252 252 252 252 252 252 252 252 252 252 252 252 252 252 252 252 252 252
 252 252 252 252 252 252 252 252 252 252 252 252 252 252 252 252 252 252
 253 253 253 253 254 254 254 254 253 250 247 244 241 235 225 217 210 203
 193 184 178 172 167 163 163 156 156 151 151 153 144 143 137 135 130 125
 124 124 122 118 123 118 116 120 123 123 123 125 128 131 135 138 139 138
 140 145 145 148 146 147 156 160 166 179 187 193 199 201 204 208 210 210
 205 205 201 194 186 178 173 172 167 166 157 156 159 161 162 155 159 158
 157 155 154 152 150 148 146 143 143 143 140 138 137 137 137 134 135 134
 132 131 130 134 134 131 129 129 128 126 125 126 125 123 124 127 124 120
 123  31]"
"[ 29  29 246 252 252 252 253 252 252 252 252 252 252 252 252 252 252 252
 252 252 252 252 252 252 252 252 252 252 252 252 252 252 252 252 252 252
 252 252 252 252 252 252 252 252 252 252 252 252 252 252 252 252 252 252
 252 252 252 252 252 252 252 252 252 252 252 252 252 252 252 252 252 252
 252 252 252 252 252 253 253 253 254 254 253 254 255 255 254 251 254 253
 247 241 236 230 225 222 209 196 188 176 173 173 165 164 158 159 159 157
 154 150 145 140 136 130 125 125 123 119 115 113 117 117 119 123 124 124
 125 127 132 140 142 141 146 148 146 146 149 153 154 152 155 166 179 185
 197 205 215 221 223 220 217 217 206 204 195 189 182 175 171 163 162 161
 161 162 164 165 163 160 161 156 154 152 151 152 154 154 149 146 146 143
 142 141 137 137 136 134 132 132 133 134 135 137 133 136 136 133 132 132
 132  27]"
"[ 29  29 246 252 252 252 253 252 252 252 252 252 252 252 252 252 252 252
 252 252 252 252 252 252 252 252 252 252 252 252 252 252 252 252 252 252
 252 252 252 252 252 252 252 252 252 252 252 252 252 252 252 252 252 252
 252 252 252 252 252 252 252 252 252 252 252 252 252 252 252 252 252 252
 252 252 252 252 252 252 252 252 251 251 251 250 250 252 253 253 251 252
 253 253 253 253 253 253 255 253 254 247 239 231 217 214 203 199 193 187
 182 177 169 162 163 162 161 161 161 158 154 151 144 136 130 127 123 122
 123 122 125 123 120 120 122 124 126 128 129 134 138 139 142 147 149 148
 151 151 150 151 154 159 169 179 193 200 207 214 216 215 215 213 209 206
 200 193 186 179 172 168 164 161 161 162 163 166 167 164 165 162 161 158
 155 154 151 153 153 149 144 141 140 141 143 143 143 144 143 143 145 143
 140  28]"
"[ 29  29 246 252 252 252 253 252 252 252 252 252 252 252 252 252 252 252
 252 252 252 252 252 252 252 252 252 252 252 252 252 252 252 252 252 252
 252 252 252 252 252 252 252 252 252 252 252 252 252 252 252 252 252 252
 252 252 252 252 252 252 252 252 252 252 252 252 252 252 252 252 252 252
 252 252 252 252 252 252 252 252 252 253 253 253 252 251 252 252 253 253
 253 252 251 251 252 252 251 251 253 252 251 253 253 254 251 250 249 247
 243 233 218 206 202 195 187 180 178 175 169 164 168 160 159 159 154 152
 150 144 139 132 130 132 129 125 122 120 122 122 122 122 124 127 128 128
 134 137 140 146 149 149 151 157 155 156 158 162 164 168 176 183 192 199
 208 215 217 217 216 215 210 204 196 187 179 177 175 171 168 163 164 168
 171 169 167 170 164 164 162 162 162 162 159 155 155 153 149 150 152 149
 149  32]"
"[ 29  29 246 252 252 252 253 252 252 252 252 252 252 252 252 252 252 252
 252 252 252 252 252 252 252 252 252 252 252 252 252 252 252 252 252 252
 252 252 252 252 252 252 252 252 252 252 252 252 252 252 252 252 252 252
 252 252 252 252 252 252 252 252 252 252 252 252 252 252 252 252 252 252
 252 252 252 252 252 252 252 252 250 252 252 252 252 252 252 251 252 251
 251 251 252 253 253 253 252 251 252 252 253 254 252 251 253 253 253 252
 252 253 254 255 251 248 243 241 240 233 219 207 197 188 184 180 172 171
 170 165 166 163 161 157 154 156 156 148 138 137 134 131 126 122 124 127
 127 126 125 128 131 130 131 136 136 139 146 152 154 153 152 154 157 161
 167 172 178 186 194 199 210 212 216 218 218 219 219 215 210 202 196 190
 186 181 173 170 169 168 165 165 168 170 169 166 166 168 167 164 164 163
 162  26]"
"[ 29  29 246 252 252 252 253 252 252 252 252 252 252 252 252 252 252 252
 252 252 252 252 252 252 252 252 252 252 252 252 252 252 252 252 252 252
 252 252 252 252 252 252 252 252 252 252 252 252 252 252 252 252 252 252
 252 252 252 252 252 252 252 252 252 252 252 252 252 252 252 252 252 252
 252 252 252 252 252 252 252 252 253 253 253 252 252 252 252 251 253 252
 252 252 252 252 251 250 252 252 251 250 251 252 252 252 253 253 252 252
 251 251 251 252 254 254 253 253 254 255 254 252 254 251 250 246 238 231
 225 219 211 202 194 185 176 173 172 168 167 167 167 167 163 156 152 152
 145 141 135 132 131 128 127 129 126 124 127 129 132 134 134 137 141 143
 145 148 151 152 150 148 158 161 167 173 179 187 194 197 203 211 220 220
 222 226 223 220 214 208 200 193 188 184 181 178 175 174 175 175 174 177
 179  31]"
"[ 29  29 246 252 252 252 253 252 252 252 252 252 252 252 252 252 252 252
 252 252 252 252 252 252 252 252 252 252 252 252 252 252 252 252 252 252
 252 252 252 252 252 252 252 252 252 252 252 252 252 252 252 252 252 252
 252 252 252 252 252 252 252 252 252 252 252 252 252 252 252 252 252 252
 252 252 252 252 252 252 252 252 251 252 252 251 251 252 253 253 251 252
 252 253 254 254 253 253 250 252 253 254 252 251 253 254 252 251 251 253
 254 253 252 251 250 252 254 253 251 250 252 254 254 253 253 252 252 253
 254 253 252 247 246 245 237 226 219 215 208 201 192 185 181 178 174 171
 174 171 165 160 158 155 152 153 145 138 135 131 131 134 131 133 132 130
 129 130 134 138 138 137 141 142 147 151 151 152 154 155 157 162 170 170
 175 187 197 205 213 213 215 218 218 216 215 215 213 203 197 193 188 188
 188  26]"
"[ 29  29 246 252 252 252 253 252 252 252 252 252 252 252 252 252 252 252
 252 252 252 252 252 252 252 252 252 252 252 252 252 252 252 252 252 252
 252 252 252 252 252 252 252 252 252 252 252 252 252 252 252 252 252 252
 252 252 252 252 252 252 252 252 252 252 252 252 252 252 252 252 252 252
 252 252 252 252 252 252 252 252 251 252 253 252 252 252 252 251 252 252
 252 252 251 251 252 253 252 253 251 252 252 251 252 252 252 252 252 252
 251 251 252 253 254 252 250 251 253 253 252 252 251 253 252 251 253 253
 252 252 252 253 253 252 251 253 254 254 254 252 246 238 232 229 223 216
 205 202 193 184 180 178 177 178 172 168 169 166 164 161 151 147 145 143
 138 134 131 130 130 130 129 128 130 134 135 138 144 147 149 146 150 156
 160 160 158 160 161 164 171 180 187 194 204 212 222 224 230 229 226 229
 215  32]"
"[ 29  29 245 252 252 252 253 252 252 252 252 252 252 252 252 252 252 252
 252 252 252 252 252 252 252 252 252 252 252 252 252 252 252 252 252 252
 252 252 252 252 252 252 252 252 252 252 252 252 252 252 252 252 252 252
 252 252 252 252 252 252 252 252 252 252 252 252 252 252 252 252 252 252
 252 252 252 252 252 252 252 252 252 252 252 252 252 252 252 252 252 252
 252 252 252 252 252 252 252 252 252 252 252 252 252 252 252 252 252 252
 252 252 252 252 252 252 252 252 252 252 252 252 252 252 252 252 252 252
 252 252 252 252 252 252 252 252 252 252 253 253 253 253 253 254 254 254
 254 254 253 249 242 232 223 218 211 203 195 191 187 182 177 175 172 167
 166 169 166 158 153 155 146 146 143 137 134 135 134 132 134 136 140 139
 140 139 144 147 151 151 153 156 157 157 159 162 163 167 165 174 187 203
 204  30]"
"[ 29  29 245 252 252 252 253 252 252 252 252 252 252 252 252 252 252 252
 252 252 252 252 252 252 252 252 252 252 252 252 252 252 252 252 252 252
 252 252 252 252 252 252 252 252 252 252 252 252 252 252 252 252 252 252
 252 252 252 252 252 252 252 252 252 252 252 252 252 252 252 252 252 252
 252 252 252 252 252 252 252 252 252 252 252 252 252 252 252 252 252 252
 252 252 252 252 252 252 252 252 252 252 252 252 252 252 252 252 252 252
 252 252 252 252 252 252 252 252 252 252 252 252 252 252 252 252 252 252
 252 252 252 252 252 252 252 252 252 252 252 252 252 252 253 253 253 253
 253 253 255 255 255 255 253 252 253 250 248 248 244 235 226 221 211 204
 197 192 186 180 176 175 173 172 170 169 167 163 159 156 153 147 144 139
 139 136 139 141 139 139 141 144 148 150 152 154 156 158 159 166 161 158
 168  27]"
"[ 29  29 245 252 252 252 253 252 252 252 252 252 252 252 252 252 252 252
 252 252 252 252 252 252 252 252 252 252 252 252 252 252 252 252 252 252
 252 252 252 252 252 252 252 252 252 252 252 252 252 252 252 252 252 252
 252 252 252 252 252 252 252 252 252 252 252 252 252 252 252 252 252 252
 252 252 252 252 252 252 252 252 252 252 252 252 252 252 252 252 252 252
 252 252 252 252 252 252 252 252 252 252 252 252 252 252 252 252 252 252
 252 252 252 252 252 252 252 252 252 252 252 252 252 252 252 252 252 252
 252 252 252 252 252 252 252 252 252 252 252 252 252 252 252 252 252 252
 251 251 250 250 251 252 253 253 255 253 252 254 254 254 254 254 254 253
 251 248 244 240 232 225 213 205 196 191 187 181 179 181 177 171 169 169
 170 160 153 148 146 144 143 143 145 144 144 143 144 145 143 149 152 152
 156  29]"
"[ 29  29 245 252 252 252 253 252 252 252 252 252 252 252 252 252 252 252
 252 252 252 252 252 252 252 252 252 252 252 252 252 252 252 252 252 252
 252 252 252 252 252 252 252 252 252 252 252 252 252 252 252 252 252 252
 252 252 252 252 252 252 252 252 252 252 252 252 252 252 252 252 252 252
 252 252 252 252 252 252 252 252 252 252 252 252 252 252 252 252 252 252
 252 252 252 252 252 252 252 252 252 252 252 252 252 252 252 252 252 252
 252 252 252 252 252 252 252 252 252 252 252 252 252 252 252 252 252 252
 252 252 252 252 252 252 252 252 252 252 252 252 252 252 252 252 252 252
 254 254 254 253 252 252 252 252 254 253 252 253 253 252 252 252 253 254
 254 254 254 254 253 249 254 252 253 254 252 243 236 233 233 222 213 205
 202 193 188 184 180 177 174 170 167 162 157 154 154 157 152 148 147 148
 150  29]"
"[ 29  29 245 252 252 252 253 252 252 252 252 252 252 252 252 252 252 252
 252 252 252 252 252 252 252 252 252 252 252 252 252 252 252 252 252 252
 252 252 252 252 252 252 252 252 252 252 252 252 252 252 252 252 252 252
 252 252 252 252 252 252 252 252 252 252 252 252 252 252 252 252 252 252
 252 252 252 252 252 252 252 252 252 252 252 252 252 252 252 252 252 252
 252 252 252 252 252 252 252 252 252 252 252 252 252 252 252 252 252 252
 252 252 252 252 252 252 252 252 252 252 252 252 252 252 252 252 252 252
 252 252 252 252 252 252 252 252 252 252 252 252 252 252 252 252 252 252
 250 251 251 252 252 252 252 252 249 250 251 253 254 253 253 253 254 253
 252 252 252 253 255 255 254 253 253 254 253 252 253 253 253 251 251 247
 248 243 239 233 220 218 215 209 202 194 187 182 181 178 173 173 171 164
 160  29]"
"[ 29  29 245 252 252 252 253 252 252 252 252 252 252 252 252 252 252 252
 252 252 252 252 252 252 252 252 252 252 252 252 252 252 252 252 252 252
 252 252 252 252 252 252 252 252 252 252 252 252 252 252 252 252 252 252
 252 252 252 252 252 252 252 252 252 252 252 252 252 252 252 252 252 252
 252 252 252 252 252 252 252 252 252 252 252 252 252 252 252 252 252 252
 252 252 252 252 252 252 252 252 252 252 252 252 252 252 252 252 252 252
 252 252 252 252 252 252 252 252 252 252 252 252 252 252 252 252 252 252
 252 252 252 252 252 252 252 252 252 252 252 252 252 252 252 252 252 252
 253 252 252 251 251 251 252 252 254 254 252 251 251 251 252 253 251 252
 254 255 254 251 251 252 252 254 254 253 253 253 253 253 254 254 254 253
 254 254 254 252 254 254 254 251 247 241 236 233 222 216 210 204 194 187
 187  30]"
"[ 29  29 245 252 252 252 253 252 252 252 252 252 252 252 252 252 252 252
 252 252 252 252 252 252 252 252 252 252 252 252 252 252 252 252 252 252
 252 252 252 252 252 252 252 252 252 252 252 252 252 252 252 252 252 252
 252 252 252 252 252 252 252 252 252 252 252 252 252 252 252 252 252 252
 252 252 252 252 252 252 252 252 252 252 252 252 252 252 252 252 252 252
 252 252 252 252 252 252 252 252 252 252 252 252 252 252 252 252 252 252
 252 252 252 252 252 252 252 252 252 252 252 252 252 252 252 252 252 252
 252 252 252 252 252 252 252 252 252 252 252 252 252 252 252 252 252 252
 252 252 252 251 251 252 252 252 251 251 252 252 253 253 252 251 253 253
 253 253 253 252 253 254 253 253 253 252 252 253 253 253 252 252 254 251
 253 252 255 254 251 252 253 254 254 254 254 253 254 251 250 253 252 252
 233  30]"
"[ 29  29 245 252 252 252 253 252 252 252 252 252 252 252 252 252 252 252
 252 252 252 252 252 252 252 252 252 252 252 252 252 252 252 252 252 252
 252 252 252 252 252 252 252 252 252 252 252 252 252 252 252 252 252 252
 252 252 252 252 252 252 252 252 252 252 252 252 252 252 252 252 252 252
 252 252 252 252 252 252 252 252 252 252 252 252 252 252 252 252 252 252
 252 252 252 252 252 252 252 252 252 252 252 252 252 252 252 252 252 252
 252 252 252 252 252 252 252 252 252 252 252 252 252 252 252 252 252 252
 252 252 252 252 252 252 252 252 252 252 252 252 252 252 252 252 252 253
 251 252 252 252 252 252 252 251 252 253 253 252 252 253 252 252 252 253
 253 253 253 254 253 252 254 253 252 253 254 253 253 253 255 253 254 253
 254 252 253 253 253 254 253 252 253 254 254 253 254 253 254 253 251 253
 246  28]"
"[ 29  29 245 252 252 252 253 252 252 252 252 252 252 252 252 252 252 252
 252 252 252 252 252 252 252 252 252 252 252 252 252 252 252 252 252 252
 252 252 252 252 252 252 252 252 252 252 252 252 252 252 252 252 252 252
 252 252 252 252 252 252 252 252 252 252 252 252 252 252 252 252 252 252
 252 252 252 252 252 252 252 252 252 252 252 252 252 252 252 252 252 252
 252 252 252 252 252 252 252 252 252 252 252 252 252 252 252 252 252 252
 252 252 252 252 252 252 252 252 252 252 252 252 252 252 252 252 252 252
 252 252 252 252 252 252 252 252 252 252 252 252 252 252 252 252 252 252
 252 252 252 252 252 252 252 252 252 252 252 252 252 252 252 252 252 252
 252 252 253 253 253 253 253 253 253 253 253 253 253 253 253 253 253 253
 253 253 253 253 253 253 253 253 253 253 253 253 253 253 252 253 253 253
 244  29]"
"[ 29  29 245 252 252 252 253 252 252 252 252 252 252 252 252 252 252 252
 252 252 252 252 252 252 252 252 252 252 252 252 252 252 252 252 252 252
 252 252 252 252 252 252 252 252 252 252 252 252 252 252 252 252 252 252
 252 252 252 252 252 252 252 252 252 252 252 252 252 252 252 252 252 252
 252 252 252 252 252 252 252 252 252 252 252 252 252 252 252 252 252 252
 252 252 252 252 252 252 252 252 252 252 252 252 252 252 252 252 252 252
 252 252 252 252 252 252 252 252 252 252 252 252 252 252 252 252 252 252
 252 252 252 252 252 252 252 252 252 252 252 252 252 252 252 252 252 252
 252 252 252 252 252 252 252 252 252 252 252 252 252 252 252 252 252 252
 252 252 252 252 252 252 253 253 253 253 253 253 253 253 253 253 253 253
 253 253 253 253 253 253 253 253 253 253 253 253 253 253 252 253 253 253
 244  29]"
"[ 29  29 245 252 252 252 253 252 252 252 252 252 252 252 252 252 252 252
 252 252 252 252 252 252 252 252 252 252 252 252 252 252 252 252 252 252
 252 252 252 252 252 252 252 252 252 252 252 252 252 252 252 252 252 252
 252 252 252 252 252 252 252 252 252 252 252 252 252 252 252 252 252 252
 252 252 252 252 252 252 252 252 252 252 252 252 252 252 252 252 252 252
 252 252 252 252 252 252 252 252 252 252 252 252 252 252 252 252 252 252
 252 252 252 252 252 252 252 252 252 252 252 252 252 252 252 252 252 252
 252 252 252 252 252 252 252 252 252 252 252 252 252 252 252 252 252 252
 252 252 252 252 252 252 252 252 252 252 252 252 252 252 252 252 252 252
 252 252 252 252 252 252 253 253 253 253 253 253 253 253 253 253 253 253
 253 253 253 253 253 253 253 253 253 253 253 253 253 253 253 253 253 253
 245  29]"
"[ 29  29 245 252 252 252 253 252 252 252 252 252 252 252 252 252 252 252
 252 252 252 252 252 252 252 252 252 252 252 252 252 252 252 252 252 252
 252 252 252 252 252 252 252 252 252 252 252 252 252 252 252 252 252 252
 252 252 252 252 252 252 252 252 252 252 252 252 252 252 252 252 252 252
 252 252 252 252 252 252 252 252 252 252 252 252 252 252 252 252 252 252
 252 252 252 252 252 252 252 252 252 252 252 252 252 252 252 252 252 252
 252 252 252 252 252 252 252 252 252 252 252 252 252 252 252 252 252 252
 252 252 252 252 252 252 252 252 252 252 252 252 252 252 252 252 252 252
 252 252 252 252 252 252 252 252 252 252 252 252 252 252 252 252 252 252
 252 252 252 252 252 252 252 252 252 253 253 253 253 253 253 253 253 253
 253 253 253 253 253 253 253 253 253 253 253 253 253 253 253 253 253 253
 245  29]"
"[ 29  29 245 252 252 252 253 252 252 252 252 252 252 252 252 252 252 252
 252 252 252 252 252 252 252 252 252 252 252 252 252 252 252 252 252 252
 252 252 252 252 252 252 252 252 252 252 252 252 252 252 252 252 252 252
 252 252 252 252 252 252 252 252 252 252 252 252 252 252 252 252 252 252
 252 252 252 252 252 252 252 252 252 252 252 252 252 252 252 252 252 252
 252 252 252 252 252 252 252 252 252 252 252 252 252 252 252 252 252 252
 252 252 252 252 252 252 252 252 252 252 252 252 252 252 252 252 252 252
 252 252 252 252 252 252 252 252 252 252 252 252 252 252 252 252 252 252
 252 252 252 252 252 252 252 252 252 252 252 252 252 252 252 252 252 252
 252 252 252 252 252 252 252 252 252 252 252 253 253 253 253 253 253 253
 253 253 253 253 253 253 253 253 253 253 253 253 253 253 253 253 253 253
 244  29]"
"[ 29  29 245 252 252 252 253 252 252 252 252 252 252 252 252 252 252 252
 252 252 252 252 252 252 252 252 252 252 252 252 252 252 252 252 252 252
 252 252 252 252 252 252 252 252 252 252 252 252 252 252 252 252 252 252
 252 252 252 252 252 252 252 252 252 252 252 252 252 252 252 252 252 252
 252 252 252 252 252 252 252 252 252 252 252 252 252 252 252 252 252 252
 252 252 252 252 252 252 252 252 252 252 252 252 252 252 252 252 252 252
 252 252 252 252 252 252 252 252 252 252 252 252 252 252 252 252 252 252
 252 252 252 252 252 252 252 252 252 252 252 252 252 252 252 252 252 252
 252 252 252 252 252 252 252 252 252 252 252 252 252 252 252 252 252 252
 252 252 252 252 252 252 252 252 252 252 252 252 252 252 253 253 253 253
 253 253 253 253 253 253 253 253 253 253 253 253 253 253 253 253 253 253
 244  29]"
"[ 29  29 245 252 252 252 253 252 252 252 252 252 252 252 252 252 252 252
 252 252 252 252 252 252 252 252 252 252 252 252 252 252 252 252 252 252
 252 252 252 252 252 252 252 252 252 252 252 252 252 252 252 252 252 252
 252 252 252 252 252 252 252 252 252 252 252 252 252 252 252 252 252 252
 252 252 252 252 252 252 252 252 252 252 252 252 252 252 252 252 252 252
 252 252 252 252 252 252 252 252 252 252 252 252 252 252 252 252 252 252
 252 252 252 252 252 252 252 252 252 252 252 252 252 252 252 252 252 252
 252 252 252 252 252 252 252 252 252 252 252 252 252 252 252 252 252 252
 252 252 252 252 252 252 252 252 252 252 252 252 252 252 252 252 252 252
 252 252 252 252 252 252 252 252 252 252 252 252 252 252 253 253 253 253
 253 253 253 253 253 253 253 253 253 253 253 253 253 253 252 253 253 253
 244  29]"
"[ 29  29 245 252 252 252 253 252 252 252 252 252 252 252 252 252 252 252
 252 252 252 252 252 252 252 252 252 252 252 252 252 252 252 252 252 252
 252 252 252 252 252 252 252 252 252 252 252 252 252 252 252 252 252 252
 252 252 252 252 252 252 252 252 252 252 252 252 252 252 252 252 252 252
 252 252 252 252 252 252 252 252 252 252 252 252 252 252 252 252 252 252
 252 252 252 252 252 252 252 252 252 252 252 252 252 252 252 252 252 252
 252 252 252 252 252 252 252 252 252 252 252 252 252 252 252 252 252 252
 252 252 252 252 252 252 252 252 252 252 252 252 252 252 252 252 252 252
 252 252 252 252 252 252 252 252 252 252 252 252 252 252 252 252 252 252
 252 252 252 252 252 252 252 252 252 252 252 252 252 252 252 252 252 252
 253 253 253 253 253 253 253 253 253 253 253 253 253 253 252 253 253 253
 244  29]"
"[ 29  29 246 252 252 252 253 252 252 252 252 252 252 252 252 252 252 252
 252 252 252 252 252 252 252 252 252 252 252 252 252 252 252 252 252 252
 252 252 252 252 252 252 252 252 252 252 252 252 252 252 252 252 252 252
 252 252 252 252 252 252 252 252 252 252 252 252 252 252 252 252 252 252
 252 252 252 252 252 252 252 252 252 252 252 252 252 252 252 252 252 252
 252 252 252 252 252 252 252 252 252 252 252 252 252 252 252 252 252 252
 252 252 252 252 252 252 252 252 252 252 252 252 252 252 252 252 252 252
 252 252 252 252 252 252 252 252 252 252 252 252 252 252 252 252 252 252
 252 252 252 252 252 252 252 252 252 252 252 252 252 252 252 252 252 252
 252 252 252 252 252 252 252 252 252 252 252 252 252 252 252 252 252 252
 252 252 252 252 253 253 253 253 253 253 253 253 253 253 253 253 253 253
 244  29]"
"[ 29  29 246 252 252 252 253 252 252 252 252 252 252 252 252 252 252 252
 252 252 252 252 252 252 252 252 252 252 252 252 252 252 252 252 252 252
 252 252 252 252 252 252 252 252 252 252 252 252 252 252 252 252 252 252
 252 252 252 252 252 252 252 252 252 252 252 252 252 252 252 252 252 252
 252 252 252 252 252 252 252 252 252 252 252 252 252 252 252 252 252 252
 252 252 252 252 252 252 252 252 252 252 252 252 252 252 252 252 252 252
 252 252 252 252 252 252 252 252 252 252 252 252 252 252 252 252 252 252
 252 252 252 252 252 252 252 252 252 252 252 252 252 252 252 252 252 252
 252 252 252 252 252 252 252 252 252 252 252 252 252 252 252 252 252 252
 252 252 252 252 252 252 252 252 252 252 252 252 252 252 252 252 252 252
 252 252 252 252 253 253 253 253 253 253 253 253 253 253 253 253 253 253
 244  29]"
"[ 29  29 246 252 252 252 253 252 252 252 252 252 252 252 252 252 252 252
 252 252 252 252 252 252 252 252 252 252 252 252 252 252 252 252 252 252
 252 252 252 252 252 252 252 252 252 252 252 252 252 252 252 252 252 252
 252 252 252 252 252 252 252 252 252 252 252 252 252 252 252 252 252 252
 252 252 252 252 252 252 252 252 252 252 252 252 252 252 252 252 252 252
 252 252 252 252 252 252 252 252 252 252 252 252 252 252 252 252 252 252
 252 252 252 252 252 252 252 252 252 252 252 252 252 252 252 252 252 252
 252 252 252 252 252 252 252 252 252 252 252 252 252 252 252 252 252 252
 252 252 252 252 252 252 252 252 252 252 252 252 252 252 252 252 252 252
 252 252 252 252 252 252 252 252 252 252 252 252 252 252 252 252 252 252
 252 252 252 252 253 253 253 253 253 253 253 253 253 253 253 253 253 253
 244  29]"
"[ 29  29 246 252 252 252 253 252 252 252 252 252 252 252 252 252 252 252
 252 252 252 252 252 252 252 252 252 252 252 252 252 252 252 252 252 252
 252 252 252 252 252 252 252 252 252 252 252 252 252 252 252 252 252 252
 252 252 252 252 252 252 252 252 252 252 252 252 252 252 252 252 252 252
 252 252 252 252 252 252 252 252 252 252 252 252 252 252 252 252 252 252
 252 252 252 252 252 252 252 252 252 252 252 252 252 252 252 252 252 252
 252 252 252 252 252 252 252 252 252 252 252 252 252 252 252 252 252 252
 252 252 252 252 252 252 252 252 252 252 252 252 252 252 252 252 252 252
 252 252 252 252 252 252 252 252 252 252 252 252 252 252 252 252 252 252
 252 252 252 252 252 252 252 252 252 252 252 252 252 252 252 252 252 252
 252 252 252 252 252 252 252 253 253 253 253 253 253 253 253 253 253 253
 244  29]"
"[ 29  29 246 252 252 252 253 252 252 252 252 252 252 252 252 252 252 252
 252 252 252 252 252 252 252 252 252 252 252 252 252 252 252 252 252 252
 252 252 252 252 252 252 252 252 252 252 252 252 252 252 252 252 252 252
 252 252 252 252 252 252 252 252 252 252 252 252 252 252 252 252 252 252
 252 252 252 252 252 252 252 252 252 252 252 252 252 252 252 252 252 252
 252 252 252 252 252 252 252 252 252 252 252 252 252 252 252 252 252 252
 252 252 252 252 252 252 252 252 252 252 252 252 252 252 252 252 252 252
 252 252 252 252 252 252 252 252 252 252 252 252 252 252 252 252 252 252
 252 252 252 252 252 252 252 252 252 252 252 252 252 252 252 252 252 252
 252 252 252 252 252 252 252 252 252 252 252 252 252 252 252 252 252 252
 252 252 252 252 252 252 252 252 252 253 253 253 253 253 253 253 253 253
 244  29]"
"[ 29  29 246 252 252 252 253 252 252 252 252 252 252 252 252 252 252 252
 252 252 252 252 252 252 252 252 252 252 252 252 252 252 252 252 252 252
 252 252 252 252 252 252 252 252 252 252 252 252 252 252 252 252 252 252
 252 252 252 252 252 252 252 252 252 252 252 252 252 252 252 252 252 252
 252 252 252 252 252 252 252 252 252 252 252 252 252 252 252 252 252 252
 252 252 252 252 252 252 252 252 252 252 252 252 252 252 252 252 252 252
 252 252 252 252 252 252 252 252 252 252 252 252 252 252 252 252 252 252
 252 252 252 252 252 252 252 252 252 252 252 252 252 252 252 252 252 252
 252 252 252 252 252 252 252 252 252 252 252 252 252 252 252 252 252 252
 252 252 252 252 252 252 252 252 252 252 252 252 252 252 252 252 252 252
 252 252 252 252 252 252 252 252 252 252 252 252 253 253 253 253 253 253
 244  29]"
"[ 29  29 246 252 252 252 253 252 252 252 252 252 252 252 252 252 252 252
 252 252 252 252 252 252 252 252 252 252 252 252 252 252 252 252 252 252
 252 252 252 252 252 252 252 252 252 252 252 252 252 252 252 252 252 252
 252 252 252 252 252 252 252 252 252 252 252 252 252 252 252 252 252 252
 252 252 252 252 252 252 252 252 252 252 252 252 252 252 252 252 252 252
 252 252 252 252 252 252 252 252 252 252 252 252 252 252 252 252 252 252
 252 252 252 252 252 252 252 252 252 252 252 252 252 252 252 252 252 252
 252 252 252 252 252 252 252 252 252 252 252 252 252 252 252 252 252 252
 252 252 252 252 252 252 252 252 252 252 252 252 252 252 252 252 252 252
 252 252 252 252 252 252 252 252 252 252 252 252 252 252 252 252 252 252
 252 252 252 252 252 252 252 252 252 252 252 252 252 252 252 253 253 253
 244  29]"
"[ 29  29 246 252 252 252 253 252 252 252 252 252 252 252 252 252 252 252
 252 252 252 252 252 252 252 252 252 252 252 252 252 252 252 252 252 252
 252 252 252 252 252 252 252 252 252 252 252 252 252 252 252 252 252 252
 252 252 252 252 252 252 252 252 252 252 252 252 252 252 252 252 252 252
 252 252 252 252 252 252 252 252 252 252 252 252 252 252 252 252 252 252
 252 252 252 252 252 252 252 252 252 252 252 252 252 252 252 252 252 252
 252 252 252 252 252 252 252 252 252 252 252 252 252 252 252 252 252 252
 252 252 252 252 252 252 252 252 252 252 252 252 252 252 252 252 252 252
 252 252 252 252 252 252 252 252 252 252 252 252 252 252 252 252 252 252
 252 252 252 252 252 252 252 252 252 252 252 252 252 252 252 252 252 252
 252 252 252 252 252 252 252 252 252 252 252 252 252 252 252 253 252 252
 244  29]"
"[ 29  29 246 252 252 252 253 252 252 252 252 252 252 252 252 252 252 252
 252 252 252 252 252 252 252 252 252 252 252 252 252 252 252 252 252 252
 252 252 252 252 252 252 252 252 252 252 252 252 252 252 252 252 252 252
 252 252 252 252 252 252 252 252 252 252 252 252 252 252 252 252 252 252
 252 252 252 252 252 252 252 252 252 252 252 251 252 252 252 252 252 252
 252 252 252 252 252 252 252 252 252 252 252 252 252 252 252 252 252 252
 252 252 252 252 252 252 252 252 252 252 252 252 252 252 252 252 252 252
 252 252 252 252 252 252 252 252 252 252 252 252 252 252 252 252 252 252
 252 252 252 252 252 252 252 252 252 252 252 252 252 252 252 252 252 252
 252 252 252 252 252 252 252 252 252 252 252 252 252 252 252 252 252 252
 252 252 252 252 252 252 252 252 252 252 252 252 252 252 252 252 251 252
 243  29]"
"[ 29  29 246 252 252 252 253 252 252 252 252 252 252 252 252 252 252 252
 252 252 252 252 252 252 252 252 252 252 252 252 252 252 252 252 252 252
 252 252 252 252 252 252 252 252 252 252 252 252 252 252 252 252 252 252
 252 252 252 252 252 252 252 252 252 252 252 252 252 252 252 252 252 252
 252 252 252 252 252 252 252 252 254 251 250 253 254 253 251 251 250 252
 253 252 251 251 252 253 252 252 252 252 252 252 252 252 252 252 252 252
 252 252 252 252 252 252 252 252 252 252 252 252 252 252 252 252 252 252
 252 252 252 252 252 252 252 252 252 252 252 252 252 252 252 252 252 252
 252 252 252 252 252 252 252 252 252 252 252 252 252 252 252 252 252 252
 252 252 252 252 252 252 252 252 252 252 252 252 252 252 252 252 252 252
 252 252 252 252 252 252 252 252 252 252 252 252 252 252 252 252 251 252
 243  29]"
"[ 29  29 246 252 252 252 253 252 252 252 252 252 252 252 252 252 252 252
 252 252 252 252 252 252 252 252 252 252 252 252 252 252 252 252 252 252
 252 252 252 252 252 252 252 252 252 252 252 252 252 252 252 252 252 252
 252 252 252 252 252 252 252 252 252 252 252 252 252 252 252 252 252 252
 252 252 252 252 252 252 252 252 250 252 253 251 250 250 252 253 253 252
 251 251 253 253 252 250 252 252 252 252 252 252 252 252 252 252 252 252
 252 252 252 252 252 252 252 252 252 252 252 252 252 252 252 252 252 252
 252 252 252 252 252 252 252 252 252 252 252 252 252 252 252 252 252 252
 252 252 252 252 252 252 252 252 252 252 252 252 252 252 252 252 252 252
 252 252 252 252 252 252 252 252 252 252 252 252 252 252 252 252 252 252
 252 252 252 252 252 252 252 252 252 252 252 252 252 252 252 252 251 252
 244  29]"
"[ 29  29 246 252 252 252 253 252 252 252 252 252 252 252 252 252 252 252
 252 252 252 252 252 252 252 252 252 252 252 252 252 252 252 252 252 252
 252 252 252 252 252 252 252 252 252 252 252 252 252 252 252 252 252 252
 252 252 252 252 252 252 252 252 252 252 252 252 252 252 252 252 252 252
 252 252 252 252 252 252 252 252 252 252 252 252 253 253 252 251 250 252
 253 252 251 250 251 253 252 252 252 252 252 252 252 252 252 252 252 252
 252 252 252 252 252 252 252 252 252 252 252 252 252 252 252 252 252 252
 252 252 252 252 252 252 252 252 252 252 252 252 252 252 252 252 252 252
 252 252 252 252 252 252 252 252 252 252 252 252 252 252 252 252 252 252
 252 252 252 252 252 252 252 252 252 252 252 252 252 252 252 252 252 252
 252 252 252 252 252 252 252 252 252 252 252 252 252 252 252 252 251 252
 244  29]"
"[ 29  29 246 252 252 252 253 252 252 252 252 252 252 252 252 252 252 252
 252 252 252 252 252 252 252 252 252 252 252 252 252 252 252 252 252 252
 252 252 252 252 252 252 252 252 252 252 252 252 252 252 252 252 252 252
 252 252 252 252 252 252 252 252 252 252 252 252 252 252 252 252 252 252
 252 252 252 252 252 252 252 252 252 250 251 253 253 250 250 253 253 253
 253 252 252 252 253 254 252 252 252 252 252 252 252 252 252 252 252 252
 252 252 252 252 252 252 252 252 252 252 252 252 252 252 252 252 252 252
 252 252 252 252 252 252 252 252 252 252 252 252 252 252 252 252 252 252
 252 252 252 252 252 252 252 252 252 252 252 252 252 252 252 252 252 252
 252 252 252 252 252 252 252 252 252 252 252 252 252 252 252 252 252 252
 252 252 252 252 252 252 252 252 252 252 252 252 252 252 252 252 251 252
 244  29]"
"[ 29  29 246 252 252 252 253 252 252 252 252 252 252 252 252 252 252 252
 252 252 252 252 252 252 252 252 252 252 252 252 252 252 252 252 252 252
 252 252 252 252 252 252 252 252 252 252 252 252 252 252 252 252 252 252
 252 252 252 252 252 252 252 252 252 252 252 252 252 252 252 252 252 252
 252 252 252 252 252 252 252 252 251 253 253 251 252 255 255 254 252 253
 253 253 252 252 251 251 252 252 252 252 252 252 252 252 252 252 252 252
 252 252 252 252 252 252 252 252 252 252 252 252 252 252 252 252 252 252
 252 252 252 252 252 252 252 252 252 252 252 252 252 252 252 252 252 252
 252 252 252 252 252 252 252 252 252 252 252 252 252 252 252 252 252 252
 252 252 252 252 252 252 252 252 252 252 252 252 252 252 252 252 252 252
 252 252 252 252 252 252 252 252 252 252 252 252 252 252 252 252 251 252
 244  29]"
"[ 29  29 246 252 252 252 253 252 252 252 252 252 252 252 252 252 252 252
 252 252 252 252 252 252 252 252 252 252 252 252 252 252 252 252 252 252
 252 252 252 252 252 252 252 252 252 252 252 252 252 252 252 252 252 252
 252 252 252 252 252 252 252 252 252 252 252 252 252 252 252 252 252 252
 252 252 252 252 252 252 252 252 251 252 252 252 252 249 238 226 229 238
 248 253 253 252 252 254 252 252 252 252 252 252 252 252 252 252 252 252
 252 252 252 252 252 252 252 252 252 252 252 252 252 252 252 252 252 252
 252 252 252 252 252 252 252 252 252 252 252 252 252 252 252 252 252 252
 252 252 252 252 252 252 252 252 252 252 252 252 252 252 252 252 252 252
 252 252 252 252 252 252 252 252 252 252 252 252 252 252 252 252 252 252
 252 252 252 252 252 252 252 252 252 252 252 252 252 252 252 252 251 252
 244  29]"
"[ 29  29 246 252 252 252 253 252 252 252 252 252 252 252 252 252 252 252
 252 252 252 252 252 252 252 252 252 252 252 252 252 252 252 252 252 252
 252 252 252 252 252 252 252 252 252 252 252 252 252 252 252 252 252 252
 252 252 252 252 252 252 252 252 252 252 252 252 252 252 252 252 252 252
 252 252 252 252 252 252 252 252 252 251 252 243 210 162 128 117 115 128
 155 191 226 247 253 251 252 252 252 252 252 252 252 252 252 252 252 252
 252 252 252 252 252 252 252 252 252 252 252 252 252 252 252 252 252 252
 252 252 252 252 252 252 252 252 252 252 252 252 252 252 252 252 252 252
 252 252 252 252 252 252 252 252 252 252 252 252 252 252 252 252 252 252
 252 252 252 252 252 252 252 252 252 252 252 252 252 252 252 252 252 252
 252 252 252 252 252 252 252 252 252 252 252 252 252 252 252 252 251 252
 244  29]"
"[ 29  29 245 252 252 252 253 252 252 252 252 252 252 252 252 252 252 252
 252 252 252 252 252 252 252 252 252 252 252 252 252 252 252 252 252 252
 252 252 252 252 252 252 252 252 252 252 252 252 252 252 252 252 252 252
 252 252 252 252 252 252 252 252 252 252 252 251 251 252 253 253 252 251
 251 252 252 251 252 253 253 252 253 251 242 180 117  89  79  79  83  89
  91  96 121 163 208 245 249 252 252 253 252 252 253 252 252 252 252 252
 252 252 252 252 252 252 252 252 252 252 252 252 252 252 252 252 252 252
 252 252 252 252 252 252 252 252 252 252 252 252 252 252 252 252 252 252
 252 252 252 252 252 252 252 252 252 252 252 252 252 252 252 252 252 252
 252 252 252 252 252 252 252 252 252 252 252 252 252 252 252 252 252 252
 252 252 252 252 252 252 252 252 252 252 252 252 252 252 252 252 251 252
 244  29]"
"[ 29  29 245 252 252 252 253 252 252 252 252 252 252 252 252 252 252 252
 252 252 252 252 252 252 252 252 252 252 252 252 252 252 252 252 252 252
 252 252 252 252 252 252 252 252 252 252 252 252 252 252 252 252 252 252
 252 252 252 252 252 252 252 252 252 252 253 252 252 253 251 249 251 254
 251 253 253 252 250 249 252 254 248 219 146  86  73  64  58  62  59  56
  61  71  78  81 103 140 193 236 253 248 254 250 252 251 252 252 252 252
 252 252 252 252 252 252 252 252 252 252 252 252 252 252 252 252 252 252
 252 252 252 252 252 252 252 252 252 252 252 252 252 252 252 252 252 252
 252 252 252 252 252 252 252 252 252 252 252 252 252 252 252 252 252 252
 252 252 252 252 252 252 252 252 252 252 252 252 252 252 252 252 252 252
 252 252 252 252 252 252 252 252 252 252 252 252 252 252 252 252 251 252
 244  29]"
"[ 29  29 245 252 252 252 253 252 252 252 252 252 252 252 252 252 252 252
 252 252 252 252 252 252 252 252 252 252 252 252 252 252 252 252 252 252
 252 252 252 252 252 252 252 252 252 252 252 252 252 252 252 252 252 252
 252 252 252 252 252 252 252 252 252 252 251 252 252 251 252 253 252 251
 253 251 250 252 254 254 253 253 236 154  88  65  60  58  63  55  62  61
  62  66  75  80  82  90 103 149 233 251 254 254 252 254 252 252 252 252
 252 252 252 252 252 252 252 252 252 252 252 252 252 252 252 252 252 252
 252 252 252 252 252 252 252 252 252 252 252 252 252 252 252 252 252 252
 252 252 252 252 252 252 252 252 252 252 252 252 252 252 252 252 252 252
 252 252 252 252 252 252 252 252 252 252 252 252 252 252 252 252 252 252
 252 252 252 252 252 252 252 252 252 252 252 252 252 252 252 252 251 252
 244  29]"
"[ 29  29 245 252 252 252 253 252 252 252 252 252 252 252 252 252 252 252
 252 252 252 252 252 252 252 252 252 252 252 252 252 252 252 252 252 252
 252 252 252 252 252 252 252 252 252 252 252 252 252 252 252 252 252 252
 252 252 252 252 252 252 252 252 252 252 254 254 252 251 252 253 253 252
 252 251 251 253 253 252 250 250 194  95  65  62  56  54  53  56  53  55
  57  57  65  74  76  81  83  99 160 242 252 253 255 250 252 252 252 252
 252 252 252 252 252 252 252 252 252 252 252 252 252 252 252 252 252 252
 252 252 252 252 252 252 252 252 252 252 252 252 252 252 252 252 252 252
 252 252 252 252 252 252 252 252 252 252 252 252 252 252 252 252 252 252
 252 252 252 252 252 252 252 252 252 252 252 252 252 252 252 252 252 252
 252 252 252 252 252 252 252 252 252 252 252 252 252 252 252 252 251 252
 244  29]"
"[ 29  29 245 252 252 252 253 252 252 252 252 252 252 252 252 252 252 252
 252 252 252 252 252 252 252 252 252 252 252 252 252 252 252 252 252 252
 252 252 252 252 252 252 252 252 252 252 252 252 252 252 252 252 252 252
 252 252 252 252 252 252 252 252 252 252 251 251 253 253 253 250 251 253
 253 253 252 252 253 254 251 248 157  73  63  54  52  56  49  55  50  52
  56  56  57  61  65  73  85  82 104 177 245 253 254 254 252 252 252 252
 252 252 252 252 252 252 252 252 252 252 252 252 252 252 252 252 252 252
 252 252 252 252 252 252 252 252 252 252 252 252 252 252 252 252 252 252
 252 252 252 252 252 252 252 252 252 252 252 252 252 252 252 252 252 252
 252 252 252 252 252 252 252 252 252 252 252 252 252 252 252 252 252 252
 252 252 252 252 252 252 252 252 252 252 252 252 252 252 252 252 251 252
 244  29]"
"[ 29  29 245 252 252 252 253 252 252 252 252 252 252 252 252 252 252 252
 252 252 252 252 252 252 252 252 252 252 252 252 252 252 252 252 252 252
 252 252 252 252 252 252 252 252 252 252 252 252 252 252 252 252 252 252
 252 252 252 252 252 252 252 252 252 252 250 252 253 250 251 254 254 252
 250 253 254 252 252 252 251 248 129  62  64  58  49  52  53  49  48  50
  52  50  54  62  65  65  74  88  93 123 216 248 254 249 253 252 252 252
 252 252 252 252 252 252 252 252 252 252 252 252 252 252 252 252 252 252
 252 252 252 252 252 252 252 252 252 252 252 252 252 252 252 252 252 252
 252 252 252 252 252 252 252 252 252 252 252 252 252 252 252 252 252 252
 252 252 252 252 252 252 252 252 252 252 252 252 252 252 252 252 252 252
 252 252 252 252 252 252 252 252 252 252 252 252 252 252 252 252 251 252
 244  29]"
"[ 29  29 245 252 252 252 253 252 252 252 252 252 252 252 252 252 252 252
 252 252 252 252 252 252 252 252 252 252 252 252 252 252 252 252 252 252
 252 252 252 252 252 252 252 252 252 252 252 252 252 252 252 252 252 252
 252 252 252 252 252 252 252 252 252 252 253 253 252 251 252 250 238 225
 223 233 244 252 253 251 249 248 121  61  58  56  52  46  49  51  49  47
  51  53  53  57  63  71  76  82  94 105 153 245 253 254 253 253 252 252
 252 252 252 252 252 252 252 252 252 252 252 252 252 252 252 252 252 252
 252 252 252 252 252 252 252 252 252 252 252 252 252 252 252 252 252 252
 252 252 252 252 252 252 252 252 252 252 252 252 252 252 252 252 252 252
 252 252 252 252 252 252 252 252 252 252 252 252 252 252 252 252 252 252
 252 252 252 252 252 252 252 252 252 252 252 252 252 252 252 252 251 252
 244  29]"
"[ 29  29 245 252 252 252 253 252 252 252 252 252 252 252 252 252 252 252
 252 252 252 252 252 252 252 252 252 252 252 252 252 252 252 252 252 252
 252 252 252 252 252 252 252 252 252 252 252 252 252 252 252 252 252 252
 252 252 252 252 252 252 252 252 252 252 253 250 251 249 225 175 125  97
  96 107 137 183 228 250 251 246 133  58  53  53  52  51  52  46  48  46
  49  50  51  56  61  65  74  75  92  99 107 191 250 252 253 253 253 252
 252 252 252 252 252 252 252 252 252 252 252 252 252 252 252 252 252 252
 252 252 252 252 252 252 252 252 252 252 252 252 252 252 252 252 252 252
 252 252 252 252 252 252 252 252 252 252 252 252 252 252 252 252 252 252
 252 252 252 252 252 252 252 252 252 252 252 252 252 252 252 252 252 252
 252 252 252 252 252 252 252 252 252 252 252 252 252 252 252 252 251 252
 244  29]"
"[ 29  29 245 252 252 252 253 252 252 252 252 252 252 252 252 252 252 252
 252 252 252 252 252 252 252 252 252 252 252 252 252 252 252 252 252 252
 252 252 252 252 252 252 252 252 252 252 252 252 252 252 252 252 252 252
 252 252 253 252 252 252 253 253 251 253 252 248 238 186 126  90  71  71
  69  75  75  82 122 195 247 245 167  63  47  54  51  49  47  49  48  48
  48  48  50  54  58  60  66  69  80  96  97 139 232 254 254 253 253 253
 250 251 254 252 252 252 252 252 252 252 252 252 252 252 252 252 252 252
 252 252 252 252 252 252 252 252 252 252 252 252 252 252 252 252 252 252
 252 252 252 252 252 252 252 252 252 252 252 252 252 252 252 252 252 252
 252 252 252 252 252 252 252 252 252 252 252 252 252 252 252 252 252 252
 252 252 252 252 252 252 252 252 252 252 252 252 252 252 252 252 251 252
 244  29]"
"[ 29  29 245 252 252 252 253 252 252 252 252 252 252 252 252 252 252 252
 252 252 252 252 252 252 252 252 252 252 252 252 252 252 252 252 252 252
 252 252 252 252 252 252 252 252 252 252 252 252 252 252 252 252 252 252
 252 252 252 252 252 251 252 252 251 252 251 238 147  87  66  56  60  63
  70  62  64  63  58  93 174 236 188  79  46  48  50  49  48  50  47  48
  48  48  49  52  55  57  62  69  77  88  96 110 167 243 252 254 251 254
 251 251 250 253 252 252 252 252 252 252 252 252 252 252 252 252 252 252
 252 252 252 252 252 252 252 252 252 252 252 252 252 252 252 252 252 252
 252 252 252 252 252 252 252 252 252 252 252 252 252 252 252 252 252 252
 252 252 252 252 252 252 252 252 252 252 252 252 252 252 252 252 252 252
 252 252 252 252 252 252 252 252 252 252 252 252 252 252 252 252 251 252
 244  29]"
"[ 29  29 245 252 252 252 253 252 252 252 252 252 252 252 252 252 252 252
 252 252 252 252 252 252 252 252 252 252 252 252 252 252 252 252 252 252
 252 252 252 252 252 252 252 252 252 252 252 252 252 252 252 252 252 252
 252 252 252 253 253 252 251 251 252 252 238 137  83  63  61  59  55  50
  51  52  53  56  54  48  78 136 156  76  49  49  51  48  47  48  47  48
  49  48  49  50  51  52  60  64  69  80  91  94 113 180 250 253 252 253
 251 253 253 251 252 252 252 252 252 252 252 252 252 252 252 252 252 252
 252 252 252 252 252 252 252 252 252 252 252 252 252 252 252 252 252 252
 252 252 252 252 252 252 252 252 252 252 252 252 252 252 252 252 252 252
 252 252 252 252 252 252 252 252 252 252 252 252 252 252 252 252 252 252
 252 252 252 252 252 252 252 252 252 252 252 252 252 252 252 252 251 252
 244  29]"
"[ 29  29 245 252 252 252 253 252 252 252 252 252 252 252 252 252 252 252
 252 252 252 252 252 252 252 252 252 252 252 252 252 252 252 252 252 252
 252 252 252 252 252 252 252 252 252 252 252 252 252 252 252 252 252 252
 252 252 252 253 253 253 252 252 253 249 187  91  66  49  55  55  52  51
  53  49  50  49  51  50  47  57  76  46  43  47  49  47  48  45  47  48
  49  48  48  48  49  48  56  61  63  72  85  94  99 117 198 250 253 253
 252 250 253 250 252 252 252 252 252 252 252 252 252 252 252 252 252 252
 252 252 252 252 252 252 252 252 252 252 252 252 252 252 252 252 252 252
 252 252 252 252 252 252 252 252 252 252 252 252 252 252 252 252 252 252
 252 252 252 252 252 252 252 252 252 252 252 252 252 252 252 252 252 252
 252 252 252 252 252 252 252 252 252 252 252 252 252 252 252 252 251 252
 244  29]"
"[ 29  29 245 252 252 252 253 252 252 252 252 252 252 252 252 252 252 252
 252 252 252 252 252 252 252 252 252 252 252 252 252 252 252 252 252 252
 252 252 252 252 252 252 252 252 252 252 252 252 252 252 252 252 252 252
 252 252 251 252 251 252 252 252 251 243 152  73  58  62  52  46  49  49
  48  46  51  51  51  53  46  41  39  34  38  41  45  48  48  44  46  47
  48  48  48  48  48  48  51  60  60  63  80  89  97 100 132 234 249 250
 252 251 252 253 252 252 252 252 252 252 252 252 252 252 252 252 252 252
 252 252 252 252 252 252 252 252 252 252 252 252 252 252 252 252 252 252
 252 252 252 252 252 252 252 252 252 252 252 252 252 252 252 252 252 252
 252 252 252 252 252 252 252 252 252 252 252 252 252 252 252 252 252 252
 252 252 252 252 252 252 252 252 252 252 252 252 252 252 252 252 251 252
 244  29]"
"[ 29  29 245 252 252 252 253 252 252 252 252 252 252 252 252 252 252 252
 252 252 252 252 252 252 252 252 252 252 252 252 252 252 252 252 252 252
 252 252 252 252 252 252 252 252 252 252 252 252 252 252 252 252 252 252
 252 252 252 253 250 253 252 251 250 237 126  61  53  48  51  52  48  45
  47  49  48  47  51  50  44  46  43  39  37  36  41  44  45  46  44  45
  46  46  46  47  48  49  51  53  58  55  69  84  91  92 100 182 249 251
 254 255 251 253 252 252 252 252 252 252 252 252 252 252 252 252 252 252
 252 252 252 252 252 252 252 252 252 252 252 252 252 252 252 252 252 252
 252 252 252 252 252 252 252 252 252 252 252 252 252 252 252 252 252 252
 252 252 252 252 252 252 252 252 252 252 252 252 252 252 252 252 252 252
 252 252 252 252 252 252 252 252 252 252 252 252 252 252 252 252 251 252
 244  29]"
"[ 29  29 245 252 252 252 253 252 252 252 252 252 252 252 252 252 252 252
 252 252 252 252 252 252 252 252 252 252 252 252 252 252 252 252 252 252
 252 252 252 252 252 252 252 252 252 252 252 252 252 252 252 252 252 252
 252 252 252 253 251 253 252 251 250 235 114  60  55  50  55  46  50  48
  48  46  48  49  44  44  47  41  40  36  32  31  37  42  42  48  45  45
  44  43  43  45  46  47  50  47  54  53  60  78  83  77  81 121 211 246
 254 253 250 252 252 252 252 252 252 252 252 252 252 252 252 252 252 252
 252 252 252 252 252 252 252 252 252 252 252 252 252 252 252 252 252 252
 252 252 252 252 252 252 252 252 252 252 252 252 252 252 252 252 252 252
 252 252 252 252 252 252 252 252 252 252 252 252 252 252 252 252 252 252
 252 252 252 252 252 252 252 252 252 252 252 252 252 252 252 252 251 252
 244  29]"
"[ 29  29 245 252 252 252 253 252 252 252 252 252 252 252 252 252 252 252
 252 252 252 252 252 252 252 252 252 252 252 252 252 252 252 252 252 252
 252 252 252 252 252 252 252 252 252 252 252 252 252 252 252 252 252 252
 252 252 251 253 251 253 252 251 251 235 114  58  53  51  48  49  42  46
  43  47  38  39  49  47  44  43  42  39  34  32  38  43  40  44  46  46
  44  41  41  42  43  44  44  49  50  54  57  69  74  75  74  90 120 215
 248 250 253 254 252 252 252 252 252 252 252 252 252 252 252 252 252 252
 252 252 252 252 252 252 252 252 252 252 252 252 252 252 252 252 252 252
 252 252 252 252 252 252 252 252 252 252 252 252 252 252 252 252 252 252
 252 252 252 252 252 252 252 252 252 252 252 252 252 252 252 252 252 252
 252 252 252 252 252 252 252 252 252 252 252 252 252 252 252 252 251 252
 244  29]"
"[ 29  29 246 252 252 252 253 252 253 251 251 253 249 253 252 252 252 253
 251 252 253 250 251 253 253 253 251 253 252 251 253 251 252 252 252 252
 252 252 252 252 252 252 252 252 252 252 252 252 253 252 250 253 250 251
 251 252 252 252 253 252 252 251 252 240 137  56  44  48  48  42  46  43
  43  41  40  41  43  44  44  43  40  39  36  32  31  34  39  42  44  45
  43  42  42  40  41  44  46  49  51  50  56  66  72  76  74  86  94 119
 216 250 250 253 251 253 251 251 250 254 249 253 252 252 252 252 252 252
 252 252 252 252 252 252 252 252 252 252 252 252 252 252 252 252 252 252
 252 252 252 252 252 252 252 252 252 252 252 252 252 252 252 252 252 252
 252 252 252 252 252 252 252 252 252 252 252 252 252 252 252 252 252 252
 252 252 252 252 252 252 252 252 252 252 252 252 252 252 252 252 251 252
 244  29]"
"[ 29  29 246 252 252 252 253 252 253 250 253 252 254 251 253 253 252 254
 254 253 251 253 253 249 248 250 251 253 252 251 253 252 252 252 252 252
 252 252 252 252 252 252 252 252 252 252 252 252 250 251 253 253 253 251
 253 252 253 253 251 251 246 247 246 237 151  51  50  52  45  46  45  44
  41  41  40  41  42  43  43  43  41  40  37  33  31  32  37  40  43  42
  39  40  42  42  41  42  46  47  49  46  51  60  67  74  78  77  91  98
 142 239 250 250 254 252 250 255 250 249 252 250 252 252 252 252 252 252
 252 252 252 252 252 252 252 252 252 252 252 252 252 252 252 252 252 252
 252 252 252 252 252 252 252 252 252 252 252 252 252 252 252 252 252 252
 252 252 252 252 252 252 252 252 252 252 252 252 252 252 252 252 252 252
 252 252 252 252 252 252 252 252 252 252 252 252 252 252 252 252 251 252
 244  29]"
"[ 29  29 245 251 252 252 253 252 251 252 253 253 251 253 253 248 250 246
 250 254 252 253 254 254 254 254 251 253 253 251 252 251 252 252 252 252
 252 252 252 252 252 252 252 252 252 252 252 252 251 254 252 250 252 252
 249 253 251 227 186 174 162 171 199 206 156  57  49  45  41  47  44  43
  40  40  41  41  41  42  43  43  41  41  39  35  31  31  34  38  40  41
  39  39  40  41  43  48  47  48  50  49  52  59  65  74  75  82  87  81
 105 157 243 249 252 253 251 254 254 250 254 253 252 252 252 252 253 252
 252 252 252 252 252 252 252 252 252 252 252 252 252 252 252 252 252 252
 252 252 252 252 252 252 252 252 252 252 252 252 252 252 252 252 252 252
 252 252 252 252 252 252 252 252 252 252 252 252 252 252 252 252 252 252
 252 252 252 252 252 252 252 252 252 252 252 252 252 252 252 252 251 252
 244  29]"
"[ 29  29 245 251 252 252 253 252 252 252 248 254 251 232 193 169 141 149
 178 213 238 249 253 254 252 254 251 249 251 253 253 251 252 252 252 252
 252 252 252 252 252 252 252 252 252 252 252 252 252 254 250 249 252 253
 251 244 183 129  90  75  67  72  72  80  68  31  37  40  44  41  40  39
  40  41  41  41  40  41  42  43  42  41  40  37  33  31  32  35  39  40
  40  41  44  46  50  55  55  56  58  57  59  61  63  71  76  80  73  80
  83  93 136 223 251 254 251 251 253 252 250 252 252 252 252 252 252 252
 253 253 252 252 252 252 252 252 252 252 252 252 252 252 252 252 252 252
 252 252 252 252 252 252 252 252 252 252 252 252 252 252 252 252 252 252
 252 252 252 252 252 252 252 252 252 252 252 252 252 252 252 252 252 252
 252 252 252 252 252 252 252 252 252 252 252 252 252 252 252 252 251 252
 244  29]"
"[ 29  29 245 251 252 252 253 252 253 253 253 253 228 159 105  88  85  89
  95 111 155 205 234 250 253 255 252 254 254 249 250 253 252 252 252 252
 252 252 252 252 252 252 252 252 252 252 252 252 250 252 252 253 253 250
 245 186 108  73  56  56  56  50  50  51  41  40  41  38  41  37  41  42
  40  41  41  40  40  39  40  41  41  40  39  38  35  32  31  31  35  38
  40  46  54  56  55  53  54  54  56  58  62  64  64  70  77  78  80  81
  77  82  98 144 225 253 252 253 251 252 253 253 252 252 252 252 252 252
 252 253 252 252 252 252 252 252 252 252 252 252 252 252 252 252 252 252
 252 252 252 252 252 252 252 252 252 252 252 252 252 252 252 252 252 252
 252 252 252 252 252 252 252 252 252 252 252 252 252 252 252 252 252 252
 252 252 252 252 252 252 252 252 252 252 252 252 252 252 252 252 251 252
 244  29]"
"[ 29  29 246 252 252 252 253 252 251 251 254 245 161  94  73  73  79  72
  72  77  89 104 143 202 240 252 254 251 253 254 254 252 252 252 252 252
 252 252 252 252 252 252 252 252 252 252 252 252 251 253 253 253 251 251
 189 111  64  50  62  54  53  53  47  56  50  44  44  39  41  41  41  39
  41  41  41  40  40  40  40  40  41  39  39  38  36  32  30  30  31  38
  46  54  60  59  53  49  47  46  48  50  55  59  60  66  74  75  76  84
  88  86  82 102 161 247 253 253 253 251 253 252 253 253 252 252 252 252
 252 252 252 252 252 252 252 252 252 252 252 252 252 252 252 252 252 252
 252 252 252 252 252 252 252 252 252 252 252 252 252 252 252 252 252 252
 252 252 252 252 252 252 252 252 252 252 252 252 252 252 252 252 252 252
 252 252 252 252 252 252 252 252 252 252 252 252 252 252 252 252 251 252
 244  29]"
"[ 29  29 246 252 252 252 253 252 251 249 250 232 116  74  73  69  69  70
  75  73  73  72  76  97 130 194 242 253 251 253 254 250 252 252 252 252
 252 252 252 252 252 252 252 252 252 252 252 252 252 252 252 252 251 222
 119  73  55  54  51  49  51  51  51  48  48  43  47  41  36  35  39  42
  40  40  39  39  40  40  39  39  40  39  38  39  37  34  33  34  37  46
  55  58  58  53  49  47  47  45  45  43  46  50  50  54  54  57  65  76
  82  86  97 100 118 213 247 250 253 252 253 254 252 252 253 253 253 253
 252 252 252 252 252 252 252 252 252 252 252 252 252 252 252 252 252 252
 252 252 252 252 252 252 252 252 252 252 252 252 252 252 252 252 252 252
 252 252 252 252 252 252 252 252 252 252 252 252 252 252 252 252 252 252
 252 252 252 252 252 252 252 252 252 252 252 252 252 252 252 252 251 252
 244  29]"
"[ 29  29 246 252 252 252 253 252 251 253 248 220 114  68  67  68  66  60
  65  65  68  71  71  80  83 107 151 212 251 253 250 255 252 252 252 252
 252 252 252 252 252 252 252 252 252 252 252 252 252 252 252 253 247 156
  77  58  50  57  52  52  49  48  47  48  45  48  47  44  41  35  36  36
  38  37  36  37  38  39  38  37  39  38  39  40  38  36  37  40  51  56
  58  56  54  50  47  46  44  43  43  41  44  48  48  52  54  54  52  61
  65  70  80  88  95 137 199 228 233 241 245 245 250 251 252 254 254 254
 254 253 252 252 252 252 252 252 252 252 252 252 252 252 252 252 252 252
 252 252 252 252 252 252 252 252 252 252 252 252 252 252 252 252 252 252
 252 252 252 252 252 252 252 252 252 252 252 252 252 252 252 252 252 252
 252 252 252 252 252 252 252 252 252 252 252 252 252 252 252 252 251 252
 244  29]"
"[ 29  29 246 252 252 252 253 252 250 252 250 233 120  70  69  64  62  60
  59  59  62  61  61  72  74  73  88 123 178 244 253 252 253 253 255 251
 250 254 249 252 252 252 252 252 252 252 252 252 252 251 253 249 241 109
  59  52  55  52  49  49  48  45  46  48  48  48  47  45  42  39  36  33
  34  37  36  37  34  37  36  38  37  37  38  38  40  43  48  52  57  58
  58  54  49  44  43  43  42  41  40  41  43  46  47  48  49  49  51  54
  56  56  59  67  73  80  98 109 124 142 148 156 172 184 188 225 250 251
 253 252 254 253 249 253 250 254 249 253 252 252 252 252 252 252 252 252
 252 252 252 252 252 252 252 252 252 252 252 252 252 252 252 252 252 252
 252 252 252 252 252 252 252 252 252 252 252 252 252 252 252 252 252 252
 252 252 252 252 252 252 252 252 252 252 252 252 252 252 252 252 251 252
 244  29]"
"[ 29  29 246 252 252 252 253 252 254 252 251 243 156  86  60  60  60  60
  58  56  55  58  62  61  68  75  75  81  90 140 204 250 253 255 252 252
 254 248 252 253 252 252 252 252 252 252 252 252 251 254 250 251 238  98
  56  54  54  50  47  47  47  45  45  47  47  47  46  45  43  41  38  36
  33  33  33  35  34  35  36  38  36  37  40  45  51  55  57  57  53  53
  52  49  45  41  40  41  41  40  40  41  43  45  47  47  48  48  49  52
  54  54  58  64  62  64  71  70  72  79  80  85  90  98  98 110 143 202
 246 251 251 254 254 254 252 252 253 251 252 252 252 252 252 252 252 252
 252 252 252 252 252 252 252 252 252 252 252 252 252 252 252 252 252 252
 252 252 252 252 252 252 252 252 252 252 252 252 252 252 252 252 252 252
 252 252 252 252 252 252 252 252 252 252 252 252 252 252 252 252 251 252
 244  29]"
"[ 29  29 245 251 252 252 253 252 250 250 254 254 213 131  68  60  59  57
  56  57  56  54  56  58  60  66  71  76  77  86 115 173 246 250 248 254
 248 253 254 253 252 252 252 252 252 252 252 252 253 251 251 254 238  99
  55  54  53  49  46  46  47  46  46  46  45  45  45  44  43  42  40  39
  35  32  33  33  35  33  37  41  45  46  48  54  60  61  58  54  49  48
  46  44  41  39  39  40  40  39  39  40  42  44  46  46  46  48  48  49
  51  52  54  58  60  60  65  61  59  62  62  66  72  79  82  83  87 108
 163 242 250 248 253 253 252 250 254 251 252 252 252 252 252 252 252 252
 252 252 252 252 252 252 252 252 252 252 252 252 252 252 252 252 252 252
 252 252 252 252 252 252 252 252 252 252 252 252 252 252 252 252 252 252
 252 252 252 252 252 252 252 252 252 252 252 252 252 252 252 252 251 252
 244  29]"
"[ 29  29 245 251 252 252 253 252 253 251 251 254 251 205 128  70  58  56
  56  53  55  54  50  55  57  63  65  63  72  78  75 103 166 246 253 254
 254 253 252 252 252 252 252 252 252 252 252 252 254 248 252 253 239 108
  58  49  54  49  46  46  47  46  46  45  44  43  42  42  42  41  40  40
  38  35  36  33  37  40  51  57  57  55  55  56  57  55  50  45  44  43
  41  40  39  39  39  39  38  37  38  39  41  43  45  46  45  47  47  47
  49  51  51  53  53  55  61  61  61  63  63  65  67  67  63  73  86  79
  94 165 245 249 253 254 253 252 252 251 252 252 252 252 252 252 252 252
 252 252 252 252 252 252 252 252 252 252 252 252 252 252 252 252 252 252
 252 252 252 252 252 252 252 252 252 252 252 252 252 252 252 252 252 252
 252 252 252 252 252 252 252 252 252 252 252 252 252 252 252 252 251 252
 244  29]"
"[ 29  29 245 251 252 252 253 252 252 251 252 252 252 252 212 135  72  59
  63  57  53  55  48  50  52  56  53  57  60  67  74  71  90 136 214 248
 254 250 254 251 252 252 252 252 252 252 252 252 251 253 250 253 247 141
  71  53  55  51  48  47  47  46  44  43  42  41  40  40  40  39  40  41
  44  52  62  62  63  60  60  57  55  54  53  51  49  46  42  39  39  38
  37  37  37  37  37  38  37  37  37  38  40  42  43  44  44  46  45  45
  48  50  50  50  52  54  58  59  59  59  58  58  57  61  61  67  73  77
  79  97 193 249 251 252 253 252 250 253 252 252 252 252 252 252 252 252
 252 252 252 252 252 252 252 252 252 252 252 252 252 252 252 252 252 252
 252 252 252 252 252 252 252 252 252 252 252 252 252 252 252 252 252 252
 252 252 252 252 252 252 252 252 252 252 252 252 252 252 252 252 251 252
 244  29]"
"[ 29  29 245 251 252 252 253 252 247 252 253 252 250 254 250 223 150  80
  52  55  55  56  51  52  54  51  50  55  56  58  65  70  68  85 116 173
 242 252 252 254 252 252 252 252 252 252 252 252 251 254 252 250 254 197
  87  55  55  53  50  49  47  45  43  41  41  40  39  40  39  39  41  43
  59  63  64  58  53  51  51  48  45  46  47  46  43  40  37  36  36  35
  35  35  35  35  36  37  37  37  38  38  39  40  41  41  41  43  43  44
  47  48  48  49  50  51  53  54  55  55  55  54  57  55  59  68  67  73
  79  79 125 233 250 250 254 252 252 253 252 252 252 252 252 252 252 252
 252 252 252 252 252 252 252 252 252 252 252 252 252 252 252 252 252 252
 252 252 252 252 252 252 252 252 252 252 252 252 252 252 252 252 252 252
 252 252 252 252 252 252 252 252 252 252 252 252 252 252 252 252 251 252
 244  29]"
"[ 29  29 246 252 252 252 253 252 253 253 251 251 254 251 250 254 239 154
  84  60  55  55  55  54  45  52  56  49  52  56  56  68  62  71  80  99
 151 219 249 253 253 253 252 252 252 252 252 252 254 251 253 249 252 236
 130  66  55  54  53  50  47  44  42  40  40  39  39  39  38  38  41  45
  58  58  54  49  43  43  42  41  39  41  42  42  40  38  35  34  34  34
  34  34  33  34  35  37  37  37  37  38  38  39  40  40  39  40  41  42
  45  46  46  47  49  50  50  51  51  51  52  53  54  54  55  62  63  69
  72  77  95 191 249 251 254 253 253 251 252 252 252 252 252 252 252 252
 252 252 252 252 252 252 252 252 252 252 252 252 252 252 252 252 252 252
 252 252 252 252 252 252 252 252 252 252 252 252 252 252 252 252 252 252
 252 252 252 252 252 252 252 252 252 252 252 252 252 252 252 252 251 252
 244  29]"
"[ 29  29 246 252 252 252 253 252 253 246 254 250 250 253 254 252 253 245
 181 103  58  49  56  55  55  52  46  50  52  47  54  57  58  63  70  74
  83 111 180 233 253 253 253 253 252 252 252 252 251 252 251 254 252 250
 200 101  55  56  55  52  48  44  42  40  40  39  39  39  38  37  41  46
  55  53  46  45  39  39  36  37  38  39  39  40  40  38  36  34  33  33
  33  32  31  32  34  36  35  36  37  37  38  39  40  40  39  39  40  41
  44  44  43  45  48  50  50  51  50  48  50  51  52  54  56  57  57  66
  70  81  87 136 236 250 253 254 254 252 252 252 252 252 252 252 252 252
 252 252 252 252 252 252 252 252 252 252 252 252 252 252 252 252 252 252
 252 252 252 252 252 252 252 252 252 252 252 252 252 252 252 252 252 252
 252 252 252 252 252 252 252 252 252 252 252 252 252 252 252 252 251 252
 244  29]"
"[ 29  29 246 251 252 252 253 252 252 252 252 252 252 252 252 252 252 252
 247 197 115  64  53  53  52  51  48  51  47  47  49  52  54  57  61  66
  65  78  96 137 198 243 250 250 254 254 251 250 253 252 252 251 251 252
 245 172  71  48  57  54  47  43  43  39  39  39  39  39  37  36  39  43
  50  47  43  41  39  37  35  32  34  37  38  37  37  37  36  34  33  33
  33  33  33  33  33  34  36  36  36  36  37  38  39  41  38  37  37  37
  39  40  41  41  45  46  46  46  46  47  47  48  50  51  52  55  59  61
  68  77  84 107 207 250 253 253 254 251 252 252 252 252 252 252 252 252
 252 252 252 252 252 252 252 252 252 252 252 252 252 252 252 252 252 252
 252 252 252 252 252 252 252 252 252 252 252 252 252 252 252 252 252 252
 252 252 252 252 252 252 252 252 252 252 252 252 252 252 251 252 251 252
 243  29]"
"[ 29  29 246 252 252 252 253 252 252 252 252 252 252 252 252 252 254 248
 249 251 209 125  67  59  55  48  53  50  49  46  47  49  49  52  53  55
  56  67  68  84 103 155 224 253 252 252 255 254 251 252 250 253 254 250
 252 240 140  62  45  53  43  51  43  42  42  41  40  39  37  36  38  42
  46  44  41  40  39  37  35  34  33  35  36  35  35  36  35  33  32  32
  31  31  32  32  32  32  34  35  35  35  36  37  38  39  39  38  37  38
  39  40  40  39  42  43  43  44  44  45  46  46  50  51  52  55  58  59
  65  73  83  96 170 251 253 252 251 252 252 252 252 252 252 252 252 252
 252 252 252 252 252 252 252 252 252 252 252 252 252 252 252 252 252 252
 252 252 252 252 252 252 252 252 252 252 252 252 252 252 252 252 252 252
 252 252 252 252 252 252 252 252 252 252 252 252 252 252 251 252 251 252
 243  29]"
"[ 29  29 246 252 252 252 253 252 252 252 252 252 252 252 252 252 252 254
 253 253 252 231 167  92  62  58  48  47  53  46  48  44  43  48  48  49
  52  63  58  64  74  81 112 166 231 251 251 253 254 253 252 253 250 254
 254 249 220 129  59  50  53  46  48  46  45  43  41  39  37  36  38  40
  41  40  39  38  37  36  34  33  31  32  32  31  31  33  33  32  32  31
  30  31  32  32  32  31  33  34  35  35  34  35  36  38  39  38  37  37
  39  40  39  38  40  40  40  40  41  42  43  44  47  48  50  53  56  58
  64  73  81  89 133 250 252 252 251 253 252 252 252 252 252 252 252 252
 252 252 252 252 252 252 252 252 252 252 252 252 252 252 252 252 252 252
 252 252 252 252 252 252 252 252 252 252 252 252 252 252 252 252 252 252
 252 252 252 252 252 252 252 252 252 252 252 252 252 252 252 252 251 252
 244  29]"
"[ 29  29 246 252 252 252 253 252 252 252 252 252 252 252 252 252 253 249
 251 254 250 253 243 198 127  79  54  51  45  51  48  48  44  45  45  48
  48  54  54  63  69  68  74  93 134 196 249 250 251 254 251 250 252 253
 253 254 250 216 111  51  52  46  46  45  43  41  39  38  37  36  37  39
  39  39  38  37  36  34  32  31  30  31  30  30  30  31  32  31  31  31
  31  31  32  32  32  31  32  33  34  34  33  33  35  36  37  35  34  35
  37  39  39  38  39  38  38  38  40  41  41  41  45  46  47  49  53  56
  63  72  78  89 116 244 251 253 253 253 252 252 252 252 252 252 252 252
 252 252 252 252 252 252 252 252 252 252 252 252 252 252 252 252 252 252
 252 252 252 252 252 252 252 252 252 252 252 252 252 252 252 252 252 252
 252 252 252 252 252 252 252 252 252 252 252 252 252 252 252 252 251 252
 244  29]"
"[ 29  29 246 252 252 252 253 252 252 252 252 252 252 252 252 252 253 252
 249 253 252 251 254 251 228 165  85  55  49  51  52  47  45  43  43  46
  46  48  46  51  57  70  67  66  72 106 175 239 252 249 251 254 253 248
 253 250 250 252 194  76  48  45  48  44  41  40  39  38  37  37  37  37
  38  38  38  38  36  34  33  32  31  31  31  31  32  32  32  32  29  30
  31  31  31  31  32  32  32  33  33  33  32  32  33  34  35  33  32  33
  35  37  38  38  38  37  37  38  39  40  40  40  45  46  47  48  50  52
  58  66  75  86 109 223 252 253 254 251 252 252 252 252 252 252 252 252
 252 252 252 252 252 252 252 252 252 252 252 252 252 252 252 252 252 252
 252 252 252 252 252 252 252 252 252 252 252 252 252 252 252 252 252 252
 252 252 252 252 252 252 252 252 252 252 252 252 252 252 252 252 251 252
 244  29]"
"[ 29  29 246 252 252 252 253 252 252 252 252 252 252 252 252 252 249 254
 252 252 253 251 253 253 254 252 209 121  72  56  50  50  45  45  44  44
  44  46  46  46  50  52  54  56  59  67  80 118 175 227 252 249 252 253
 253 253 253 251 248 153  66  35  45  43  40  39  39  38  38  37  36  35
  35  35  36  36  36  35  34  34  32  32  31  32  32  32  32  31  29  30
  32  32  31  31  32  33  33  33  33  32  32  32  33  33  33  32  32  32
  34  35  36  36  36  36  36  38  39  40  40  40  42  44  46  48  50  51
  55  61  73  79 101 195 253 252 253 251 252 252 252 252 252 252 252 252
 252 252 252 252 252 252 252 252 252 252 252 252 252 252 252 252 252 252
 252 252 252 252 252 252 252 252 252 252 252 252 252 252 252 252 252 252
 252 252 252 252 252 252 252 252 252 252 252 252 252 252 252 252 251 252
 244  29]"
"[ 29  29 246 252 252 252 253 252 252 252 252 252 252 252 252 252 253 252
 250 250 252 253 253 250 251 251 253 228 163  91  61  47  48  48  47  43
  40  41  44  42  47  45  51  52  57  63  59  68  83 115 169 219 246 254
 250 254 253 252 251 230 117  46  34  41  38  38  38  38  37  37  36  34
  32  33  33  34  34  34  33  33  32  31  30  31  31  31  30  29  30  31
  32  32  32  31  32  32  32  31  30  29  29  29  30  30  30  30  31  31
  32  33  34  34  33  34  35  37  38  38  39  39  39  42  44  46  48  50
  55  61  71  77  94 170 251 251 252 253 252 252 252 252 252 252 252 252
 252 252 252 252 252 252 252 252 252 252 252 252 252 252 252 252 252 252
 252 252 252 252 252 252 252 252 252 252 252 252 252 252 252 252 252 252
 252 252 252 252 252 252 252 252 252 252 252 252 252 252 252 252 251 252
 244  29]"
"[ 29  29 245 252 252 252 253 252 252 252 252 252 252 252 252 252 252 252
 253 252 252 252 250 253 253 254 250 254 247 193 110  67  50  47  45  44
  43  41  43  40  39  40  40  42  53  53  54  55  59  63  82 110 154 228
 250 252 251 253 250 248 187  74  40  41  36  37  37  36  36  36  36  34
  33  32  32  33  33  33  32  32  33  31  30  30  31  30  29  29  30  30
  31  31  31  31  31  30  29  27  26  25  25  25  26  26  27  28  30  31
  31  31  32  32  32  33  35  36  36  36  37  37  41  43  43  43  46  49
  55  62  68  79  90 155 247 251 253 254 252 252 252 252 252 252 252 252
 252 252 252 252 252 252 252 252 252 252 252 252 252 252 252 252 252 252
 252 252 252 252 252 252 252 252 252 252 252 252 252 252 252 252 252 252
 252 252 252 252 252 252 252 252 252 252 252 252 252 252 252 252 251 252
 244  29]"
"[ 31  26 246 252 255 252 249 253 252 252 253 253 252 252 252 253 252 252
 253 252 252 251 251 252 251 252 251 253 254 254 225 151  78  50  43  42
  41  42  40  39  41  39  39  42  44  47  49  52  57  63  62  65  75  92
 138 195 234 248 247 246 194  91  38  36  33  33  33  34  35  35  34  34
  33  32  32  31  31  31  31  30  30  30  30  31  31  30  28  26  27  27
  27  28  28  28  29  29  24  23  24  25  24  22  21  21  24  25  26  27
  28  30  31  32  31  32  33  33  33  34  35  36  39  40  43  45  46  48
  53  60  65  81  88 119 242 250 254 252 252 252 252 252 252 252 252 252
 252 252 252 252 252 252 252 252 252 252 252 252 252 252 252 252 253 252
 252 252 252 252 252 252 252 252 252 252 252 252 252 252 252 252 252 252
 252 252 252 252 252 252 252 252 252 252 252 252 251 251 251 252 251 251
 244  29]"
"[ 28  34 244 250 252 250 254 251 253 252 251 251 251 251 251 252 252 252
 252 252 252 252 252 252 253 253 251 253 249 250 254 243 175 100  51  43
  39  40  40  39  37  38  39  40  40  41  45  49  47  51  52  56  61  60
  68  89 115 138 152 151 111  51  31  36  32  31  30  31  31  32  33  33
  32  32  31  30  29  29  29  29  28  28  29  29  29  28  26  24  24  24
  24  24  24  26  28  29  27  25  24  24  24  23  21  20  20  22  24  25
  25  27  29  31  30  31  32  33  33  33  34  35  39  40  43  45  46  47
  52  58  67  81  80 104 225 251 251 254 252 252 253 252 252 252 252 252
 253 253 252 252 252 252 252 253 252 252 252 252 252 252 252 252 252 252
 252 252 252 252 252 252 253 253 252 252 252 252 252 252 253 253 253 252
 252 252 252 252 252 252 252 252 252 252 252 252 253 252 252 252 252 252
 244  29]"
"[ 30  26 248 250 252 254 249 254 253 253 252 253 254 253 252 252 252 251
 251 251 252 253 252 252 250 252 251 253 254 253 254 252 251 215 124  58
  40  42  38  40  36  38  39  39  38  39  41  44  46  48  46  48  52  51
  50  53  47  52  57  59  49  38  34  29  31  30  29  28  28  30  32  33
  33  33  31  30  29  28  28  28  26  27  27  28  27  26  25  24  24  23
  22  21  21  24  27  29  29  27  25  24  24  24  22  20  19  21  24  24
  24  25  28  31  30  31  32  33  33  33  34  34  38  39  42  44  46  48
  52  56  63  72  82  99 195 251 253 253 251 252 252 252 251 251 251 251
 251 251 251 251 251 252 252 253 252 252 252 253 252 252 252 252 252 252
 252 252 252 252 252 252 252 252 252 252 252 252 252 252 252 252 252 252
 252 251 251 251 252 252 252 252 252 252 252 252 252 252 251 251 251 251
 242  28]"
"[ 30  27 248 254 252 248 251 252 251 251 251 251 252 252 251 250 252 252
 252 252 252 252 252 252 252 253 252 248 251 253 251 252 248 252 241 157
  68  49  31  38  37  37  35  34  35  38  40  41  41  42  41  40  42  44
  45  46  46  40  40  41  41  42  40  34  31  31  29  27  26  27  30  32
  33  33  33  31  30  28  28  27  24  25  26  26  26  25  25  24  25  24
  22  21  20  22  25  28  29  28  26  24  24  25  23  20  21  23  25  25
  25  26  29  31  30  31  32  32  32  32  33  34  37  37  40  42  44  47
  51  55  62  68  82  90 160 247 254 251 252 252 252 252 252 252 252 253
 252 253 253 253 252 252 251 251 252 252 252 252 252 252 252 251 252 252
 252 252 252 252 252 252 252 252 252 252 252 253 253 253 252 252 253 253
 253 253 253 253 252 252 252 252 252 252 252 252 253 252 252 252 252 252
 243  29]"
"[ 29  27 246 251 252 253 255 250 254 254 252 252 251 252 252 252 250 251
 251 251 250 249 249 250 249 249 251 250 250 250 250 251 249 248 248 236
 166  88  37  39  41  39  36  34  34  35  37  38  39  38  38  39  40  40
  39  37  36  35  39  40  39  36  30  31  31  31  30  28  26  25  26  28
  29  30  31  31  30  29  27  26  24  25  26  26  26  25  24  24  25  24
  23  21  20  21  24  26  27  27  27  25  24  25  24  21  23  24  25  26
  26  28  30  31  32  32  32  31  31  31  32  34  36  37  38  40  42  45
  50  53  57  68  78  81 139 241 253 253 253 252 252 251 252 252 252 252
 252 252 252 252 252 253 253 253 252 252 253 253 253 253 252 252 252 253
 253 253 252 252 253 253 252 251 251 251 251 251 252 252 252 252 252 252
 252 252 252 252 252 252 252 252 252 252 252 252 251 251 251 252 252 252
 243  29]"
"[ 30  32 242 253 252 253 251 254 252 253 253 252 251 250 249 246 247 248
 250 250 249 248 249 250 250 247 247 248 248 248 246 245 248 244 247 242
 203 150  83  38  37  36  36  37  37  35  35  35  36  34  34  36  37  37
  37  38  35  36  36  35  39  38  32  31  31  31  30  29  26  25  25  25
  26  26  28  30  31  30  28  27  26  27  27  27  27  26  25  25  24  24
  24  23  22  22  24  25  25  26  26  25  24  24  23  23  24  24  25  27
  28  30  31  32  35  35  35  34  33  33  34  35  37  38  39  40  42  45
  49  52  58  67  77  79 114 216 251 253 253 253 252 252 252 252 252 252
 253 252 251 251 251 251 252 252 251 251 251 251 251 251 252 252 252 252
 252 252 251 251 251 252 254 253 253 253 252 252 252 253 253 253 253 252
 252 252 252 252 253 253 253 253 253 253 253 253 251 252 251 252 251 251
 243  29]"
"[ 29  27 178 209 229 226 229 220 220 206 182 159 146 144 144 144 141 143
 145 146 146 146 146 147 148 153 155 157 160 159 155 151 152 152 145 153
 146 136 123  88  55  47  39  38  39  38  37  37  37  38  38  38  37  34
  33  35  35  37  35  33  33  33  33  32  29  30  30  29  27  25  25  24
  25  25  26  28  30  30  29  28  28  28  28  28  29  29  28  27  25  25
  25  24  24  24  24  25  25  24  24  24  23  23  23  24  24  25  26  28
  30  31  31  32  35  36  36  36  35  35  35  36  38  40  41  41  42  45
  49  51  59  62  73  80  95 188 247 253 252 253 254 254 253 253 253 254
 253 254 254 254 254 254 253 252 254 254 254 254 254 254 254 254 254 254
 254 254 254 254 254 254 253 253 253 253 253 253 253 253 252 253 253 253
 253 253 253 253 252 252 252 252 252 252 252 252 254 254 253 253 251 251
 244  31]"
"[ 30  29 136 145 151 149 147 147 140 136 130 125 126 129 128 124 122 124
 127 129 130 131 131 131 130 133 127 129 135 130 125 126 126 125 124 123
 124 125 124 122 108  84  57  44  41  39  38  38  35  36  33  31  33  33
  31  33  31  31  32  35  33  30  32  29  27  27  28  28  26  25  24  23
  25  24  24  26  28  30  29  28  27  27  27  28  30  30  30  29  25  25
  25  25  24  24  24  24  25  23  23  23  23  22  23  24  24  25  27  28
  29  29  30  30  31  33  34  34  34  34  34  34  36  38  40  41  42  44
  48  50  57  64  67  73  78 140 186 191 196 199 202 202 201 200 201 203
 215 219 226 232 237 239 239 238 240 240 239 239 239 240 241 241 240 240
 241 240 239 239 239 239 243 243 243 243 244 245 245 246 245 245 245 246
 247 247 248 248 251 251 251 251 251 251 251 251 250 250 250 248 246 247
 240  27]"
"[ 29  30 133 134 131 134 134 134 126 125 124 125 127 127 127 126 126 127
 129 130 129 129 128 128 131 130 131 131 131 130 129 129 130 127 126 125
 125 125 123 123 122 116  97  75  41  37  36  38  35  36  33  32  32  32
  33  31  33  33  33  33  33  33  31  31  31  29  26  25  24  24  24  24
  24  23  23  23  24  26  28  30  29  27  26  27  30  32  32  30  31  28
  25  24  24  24  23  23  23  23  23  23  22  21  22  24  25  27  29  29
  29  30  31  31  33  33  33  34  34  34  34  34  37  37  38  39  41  43
  48  52  56  61  64  70  76  95 160 158 155 157 158 157 157 158 158 157
 158 160 163 164 163 163 163 164 168 169 168 167 168 168 168 170 167 168
 169 169 168 168 169 170 173 173 174 175 177 179 181 181 180 182 184 186
 187 188 191 194 203 202 200 197 196 196 197 199 204 198 193 189 186 192
 185  31]"
"[ 29  28 127 127 125 128 128 128 125 125 124 124 125 125 124 124 123 123
 124 124 124 124 124 124 128 127 128 128 128 128 128 128 128 126 125 124
 125 124 124 124 127 124 127 123  98  69  47  35  35  35  32  32  31  29
  32  33  34  33  32  32  32  32  32  31  30  29  27  25  25  24  24  24
  24  24  23  23  23  25  26  27  29  28  26  25  26  28  30  30  31  28
  26  25  25  25  24  23  23  22  22  22  21  21  22  23  25  27  29  30
  30  31  32  32  32  33  33  34  34  34  34  34  36  36  37  38  40  43
  47  51  56  61  64  68  71  82 146 157 155 156 156 155 156 157 158 157
 160 161 162 162 160 159 160 160 160 161 159 157 158 157 156 157 156 157
 159 159 159 160 161 162 162 161 160 160 160 160 161 161 160 160 161 161
 160 159 160 162 163 162 161 160 160 160 160 160 159 157 160 163 159 160
 163  25]"
"[ 30  28 123 122 121 123 123 121 123 123 123 123 123 122 122 122 121 121
 121 122 122 122 122 121 124 124 125 126 126 125 126 127 127 125 123 123
 124 124 125 125 124 126 133 127 127 113  85  46  36  37  34  33  32  32
  32  30  33  32  32  32  32  32  32  31  30  28  27  26  25  25  25  25
  24  24  23  23  23  24  24  25  28  28  27  25  25  27  29  30  27  25
  24  24  24  22  21  20  22  22  22  22  21  21  22  24  25  27  29  30
  30  31  32  32  32  32  32  33  33  33  33  33  35  36  37  38  40  43
  47  51  52  55  61  65  72  76 136 164 156 156 156 155 156 158 159 159
 160 161 161 160 160 160 160 161 164 164 163 162 163 162 162 163 162 163
 164 164 163 163 164 164 165 164 163 162 162 162 163 163 163 163 163 163
 162 161 160 161 161 160 160 161 163 163 162 160 161 159 161 166 163 160
 162  31]"
"[ 30  29 121 121 121 121 120 117 119 120 121 121 121 121 122 122 123 122
 122 122 123 123 122 122 122 123 125 126 125 124 125 126 125 124 123 124
 124 124 125 126 126 124 127 122 129 128 121 102  66  47  30  32  36  32
  31  32  32  32  33  34  34  33  32  31  30  29  28  27  26  25  25  25
  24  24  24  24  24  24  25  25  25  27  28  28  28  29  29  29  27  25
  24  24  24  23  21  21  23  23  23  23  23  23  23  25  26  28  30  31
  31  32  33  33  32  32  33  33  33  33  33  34  35  36  37  38  40  43
  47  51  56  58  63  65  74  71 121 160 158 158 157 156 157 158 159 159
 160 160 160 160 160 161 162 162 159 160 160 160 161 162 161 163 161 162
 162 162 161 161 161 161 162 162 162 162 161 162 163 164 163 163 163 164
 164 163 162 162 163 162 163 164 166 166 165 163 165 166 163 163 165 165
 164  29]"
"[ 29  29 119 118 119 118 118 117 117 118 119 120 120 120 120 121 122 122
 122 123 123 123 122 121 122 123 125 126 125 124 124 125 125 124 124 124
 125 124 125 126 128 125 126 127 128 127 130 133 122  97  63  44  36  33
  33  32  35  35  35  35  35  34  33  32  30  29  28  27  26  25  24  24
  23  23  24  24  24  24  25  25  24  25  26  27  28  29  29  28  26  25
  24  24  24  23  22  21  23  23  23  24  24  24  24  26  27  29  31  32
  32  33  33  33  33  33  33  33  34  34  34  34  34  35  36  38  39  42
  46  50  52  57  62  63  72  70 110 161 158 157 157 157 157 158 158 158
 159 159 159 159 160 160 160 160 160 162 161 161 162 162 161 162 161 161
 162 162 162 162 163 163 162 162 163 162 162 161 162 162 163 163 163 163
 163 162 161 161 161 161 162 162 162 162 162 162 160 164 162 160 162 163
 163  29]"
"[ 29  29 117 115 117 116 118 118 117 118 119 119 118 118 118 119 121 121
 122 122 122 122 122 121 122 123 124 125 125 124 123 124 125 125 125 125
 125 124 125 126 125 127 124 124 126 131 128 125 130 127 108  80  50  33
  35  38  38  37  35  34  33  33  32  32  31  30  29  27  25  24  24  24
  24  24  24  23  24  24  24  24  25  24  24  24  25  26  26  25  24  23
  23  23  23  22  21  21  23  23  23  23  24  24  24  25  27  28  30  31
  32  33  33  32  33  33  33  33  33  33  33  33  34  34  35  37  38  40
  44  48  54  61  66  64  68  66  97 156 158 157 156 157 158 158 157 157
 158 159 159 159 160 160 160 159 160 162 161 161 162 162 161 162 162 162
 162 162 162 162 162 162 161 162 162 162 161 161 161 161 162 162 162 163
 163 162 161 161 162 162 163 162 161 161 162 163 162 164 162 162 163 162
 162  30]"
"[ 29  30 116 114 117 116 118 117 118 118 119 119 119 119 119 119 121 121
 122 122 122 122 122 122 122 122 123 124 124 124 124 124 125 125 125 125
 125 124 126 128 128 129 127 129 128 129 128 131 127 128 127 119  88  49
  33  34  38  37  35  33  32  32  32  31  31  30  29  27  25  24  24  24
  25  24  24  24  24  24  24  24  25  24  24  23  23  24  24  24  25  25
  24  25  25  24  24  24  23  22  22  23  24  24  24  25  26  28  30  32
  33  34  33  32  33  32  32  32  32  32  32  32  33  34  35  37  38  40
  43  46  50  56  62  65  68  69  90 154 159 157 156 157 158 158 158 158
 158 158 159 160 160 161 161 161 160 161 161 161 163 163 162 162 163 163
 162 162 162 161 161 160 162 162 162 162 162 162 162 162 161 161 161 162
 162 162 162 163 161 162 162 162 161 161 162 163 165 163 162 164 165 164
 164  31]"
"[ 29  30 115 115 119 116 117 115 117 118 119 120 120 121 121 121 121 122
 122 122 121 122 123 124 122 121 122 123 123 124 124 125 125 125 125 125
 124 124 126 129 128 129 128 128 129 129 128 129 131 130 129 133 130 110
  76  45  38  37  36  35  34  33  33  32  31  30  29  27  25  24  25  25
  25  25  24  24  24  25  25  26  24  25  25  24  24  24  24  24  23  23
  23  24  24  23  23  23  23  22  22  23  24  24  24  25  27  29  31  33
  34  35  35  34  34  33  33  33  32  33  33  33  34  34  36  37  38  39
  43  46  53  55  60  67  69  68  80 142 158 156 155 157 158 158 158 159
 159 160 160 160 160 160 160 161 161 163 162 162 163 162 160 161 162 162
 162 162 162 162 162 162 163 162 162 162 162 162 162 162 162 162 162 162
 162 161 161 162 162 163 163 163 163 164 164 164 164 165 165 164 162 163
 164  28]"
"[ 29  29 114 115 115 116 116 115 116 116 118 119 120 120 120 120 121 121
 122 123 122 121 122 123 123 122 122 123 124 123 123 124 124 125 126 126
 125 125 125 126 128 128 129 129 129 129 129 129 130 129 129 130 131 133
 115  78  43  33  37  35  34  33  33  31  31  31  30  28  26  25  24  23
  23  24  25  25  25  24  24  25  24  24  24  24  23  23  23  23  23  23
  22  20  21  23  25  24  22  23  24  23  22  23  25  26  27  29  31  32
  33  33  34  34  31  32  33  33  32  31  32  33  34  33  34  36  38  41
  45  48  50  55  59  64  68  72  74 140 162 156 159 158 157 161 160 160
 160 160 160 160 161 161 162 162 162 162 162 162 162 162 162 161 162 162
 162 162 162 163 163 163 160 161 162 162 161 160 161 164 163 164 164 163
 162 162 162 163 162 163 164 164 164 164 164 164 165 164 163 164 163 164
 165  29]"
"[ 29  29 114 115 114 115 116 116 116 116 117 118 118 119 119 119 120 120
 121 122 122 121 122 123 123 122 122 124 124 123 123 124 124 124 125 125
 125 125 125 126 127 128 129 130 130 130 129 129 131 131 130 130 128 133
 132 116  71  42  33  33  33  31  32  33  32  32  30  28  26  25  25  24
  24  24  25  25  24  24  24  24  23  23  23  23  23  23  23  24  23  24
  23  22  22  24  24  24  23  24  23  21  20  22  24  25  28  30  32  33
  33  33  34  34  33  34  34  34  33  32  33  33  34  34  34  36  38  41
  45  48  50  54  57  61  64  68  69 132 161 156 159 159 158 160 160 160
 161 161 161 161 162 162 162 163 162 162 161 161 162 162 161 161 162 162
 162 162 162 163 163 163 161 162 163 164 163 162 163 165 164 165 165 164
 163 163 164 164 163 164 164 164 164 164 164 165 165 165 164 165 164 164
 165  29]"
"[ 29  29 113 114 114 115 115 116 116 116 116 117 117 118 118 118 119 119
 120 121 122 122 123 124 123 122 123 124 124 124 124 125 124 124 124 125
 125 125 126 127 128 128 129 130 130 130 129 129 129 131 131 132 130 132
 138 138 113  74  41  29  36  35  33  34  32  31  29  26  24  24  25  25
  24  25  25  25  24  24  23  23  23  23  23  22  22  23  24  25  24  24
  24  23  24  25  24  23  24  23  22  20  20  21  24  25  30  31  33  33
  32  33  33  33  32  33  33  33  32  32  32  33  34  34  35  36  38  40
  45  48  50  54  57  60  62  64  66 123 161 157 159 160 159 160 159 161
 161 161 161 161 161 162 162 162 162 162 161 161 162 162 162 161 162 162
 162 163 163 163 163 163 162 162 163 164 164 164 164 165 165 165 165 164
 163 164 165 165 165 164 164 164 163 164 165 166 165 165 164 165 164 165
 165  29]"
"[ 29  29 114 114 114 115 115 116 116 116 116 117 117 118 118 119 119 119
 120 121 122 123 123 124 122 123 123 124 124 124 125 125 125 125 124 124
 125 126 128 129 129 130 130 130 130 130 129 129 129 131 130 133 133 131
 133 135 135 109  63  29  34  38  33  31  30  29  28  25  23  23  25  26
  25  25  25  24  24  24  24  24  23  23  23  22  22  23  24  25  24  24
  24  24  24  25  24  23  23  23  22  21  21  23  25  26  30  31  33  32
  32  32  32  32  30  31  31  31  31  31  32  32  33  34  34  36  37  40
  44  48  52  55  58  60  62  64  66 116 161 158 158 160 160 160 160 162
 162 161 161 161 162 162 162 162 162 162 162 162 162 162 162 162 162 162
 163 163 163 164 164 164 162 162 163 164 165 165 165 166 165 165 165 164
 163 164 165 165 165 165 165 164 164 164 165 166 165 165 165 165 164 165
 165  29]"
"[ 29  29 114 115 115 115 116 115 116 116 116 116 117 118 119 120 118 118
 119 121 122 122 123 123 123 123 123 124 124 125 125 125 126 125 124 124
 125 127 129 130 130 130 130 130 130 130 130 130 132 133 129 131 135 134
 134 133 137 130  98  52  33  32  36  32  29  28  27  24  23  24  26  27
  25  25  24  24  24  24  24  24  24  24  23  22  22  22  23  24  25  24
  24  24  24  24  24  24  22  23  23  23  23  24  25  25  29  30  32  32
  31  31  32  32  31  31  32  32  32  32  33  33  33  33  34  35  37  40
  44  47  51  54  58  59  62  64  66 109 161 159 157 159 161 161 161 162
 162 162 162 162 162 163 163 163 162 162 162 162 162 162 162 162 163 163
 163 164 164 164 164 164 164 163 163 164 165 165 166 166 166 166 165 164
 164 165 166 166 165 165 166 165 165 165 165 166 166 166 165 165 164 165
 165  29]"
"[ 29  29 114 115 115 116 116 116 115 115 116 116 117 118 119 119 118 118
 119 120 120 121 121 122 123 123 124 124 124 125 125 125 126 125 125 125
 126 128 129 130 130 130 130 129 130 131 131 132 131 133 130 132 135 136
 136 134 134 136 130  93  46  26  36  34  30  29  28  26  26  27  28  28
  25  25  24  24  24  24  24  24  24  24  24  23  22  23  23  24  25  24
  23  24  24  24  24  24  22  23  23  23  23  23  24  23  27  29  31  31
  31  31  31  31  33  33  33  32  32  32  32  33  32  32  33  35  37  40
  43  45  49  52  57  58  62  65  67 101 159 160 157 159 162 161 162 162
 162 162 162 162 162 162 163 163 162 162 162 162 162 162 162 163 163 164
 164 164 165 165 165 164 164 163 163 163 164 164 165 166 165 166 165 164
 164 165 165 165 165 166 166 167 166 166 166 166 166 166 165 166 165 165
 165  29]"
"[ 29  29 114 115 115 116 116 117 115 116 116 117 118 118 119 119 118 118
 119 120 120 120 120 121 123 124 124 124 124 125 126 125 126 126 126 126
 128 129 129 130 130 130 130 130 130 131 132 132 130 132 131 133 135 135
 136 133 134 133 138 123  78  36  31  32  31  31  29  28  29  30  30  29
  26  25  24  24  24  24  23  23  24  24  24  23  23  23  23  24  25  24
  23  24  24  24  24  24  23  23  23  22  22  23  24  23  27  29  31  32
  31  31  31  31  33  33  32  32  31  31  31  31  32  31  32  34  37  40
  42  44  47  49  55  57  61  64  66  94 156 161 158 159 162 161 162 161
 161 161 161 161 162 162 162 162 163 163 163 163 162 162 163 164 164 164
 165 165 165 165 165 165 165 164 164 164 164 164 165 166 166 166 166 165
 165 166 166 165 165 166 167 167 167 167 167 167 167 167 166 167 166 165
 165  29]"
"[ 29  29 113 114 114 116 117 117 116 116 117 118 118 119 119 119 119 119
 120 121 120 120 120 122 123 124 124 124 124 125 126 125 126 127 127 128
 130 130 130 129 130 130 130 130 131 131 132 132 133 132 130 133 134 135
 138 136 137 133 133 136 112  58  32  33  33  32  30  29  30  31  30  29
  27  26  25  24  24  23  23  22  23  23  23  23  23  23  23  24  25  23
  23  24  25  24  24  24  23  23  22  21  22  23  25  25  27  29  31  32
  32  31  31  31  32  31  31  30  30  31  31  31  32  31  32  34  37  40
  42  43  45  47  53  55  60  63  63  88 153 161 160 160 162 161 162 161
 162 162 162 162 162 162 163 163 164 164 164 164 164 164 164 165 165 165
 165 165 165 165 165 165 165 165 166 166 166 165 165 166 167 167 167 167
 167 167 167 166 166 166 167 167 167 167 167 168 168 168 167 168 166 166
 166  29]"
"[ 29  29 114 115 114 115 116 116 116 116 117 117 118 118 119 120 119 120
 121 122 122 122 122 122 124 125 124 123 123 124 125 126 126 127 128 129
 130 130 130 130 130 131 131 130 130 131 132 132 133 132 132 132 134 136
 137 137 138 133 135 134 134 109  56  30  32  32  29  35  30  30  32  28
  28  25  24  25  26  25  24  24  24  23  23  22  22  22  24  25  24  24
  23  24  25  25  25  24  24  23  21  20  21  23  25  26  27  28  30  31
  31  31  31  30  31  31  31  31  31  31  31  31  32  31  32  35  37  39
  41  43  48  51  51  54  60  62  60  84 152 166 158 161 165 161 161 163
 162 162 162 162 162 162 163 164 165 164 164 164 164 164 165 165 166 165
 165 165 165 166 166 166 165 165 166 166 166 166 166 166 168 167 167 167
 166 166 166 166 166 167 167 167 167 167 167 167 168 168 167 167 167 168
 167  29]"
"[ 29  29 114 115 114 115 115 115 115 116 116 117 117 118 119 120 121 121
 122 122 122 122 122 123 123 123 123 122 123 124 125 125 127 128 128 129
 129 130 130 130 130 131 132 131 131 132 132 132 132 133 133 134 135 136
 136 137 137 136 135 135 139 131  94  53  32  32  30  31  29  29  30  31
  27  25  24  25  25  25  25  26  23  23  23  23  22  22  23  24  24  24
  24  24  24  24  24  24  25  23  22  21  22  23  25  26  27  29  31  31
  31  31  31  31  31  30  30  30  30  30  30  30  31  31  32  34  37  39
  43  45  48  51  52  54  58  60  58  79 148 165 160 162 163 163 163 164
 164 164 164 164 164 164 165 165 165 165 165 164 165 165 165 165 166 166
 165 165 166 166 166 166 166 166 167 167 166 166 166 167 166 166 167 168
 167 167 166 165 167 167 167 167 167 167 168 168 168 168 167 168 168 168
 167  29]"
"[ 28  29 114 115 114 115 114 114 114 115 116 117 117 118 119 120 120 121
 122 122 122 122 122 122 122 122 123 123 124 125 126 126 127 128 128 129
 129 130 130 130 130 131 132 132 132 133 133 133 133 134 135 136 136 136
 137 138 135 140 138 137 138 142 130  90  38  29  31  33  34  32  32  31
  29  27  25  25  25  24  24  24  23  24  24  23  22  21  22  23  24  24
  24  24  24  24  24  25  25  24  23  23  22  23  24  25  27  29  31  31
  30  29  30  31  31  30  30  30  30  30  30  29  31  31  32  33  35  38
  43  46  47  52  53  54  57  60  58  73 139 165 162 163 160 165 164 164
 165 165 166 165 165 165 165 165 166 166 166 166 166 166 166 166 167 167
 166 166 167 167 167 166 166 167 167 167 167 167 167 168 166 167 167 168
 168 167 167 167 168 168 168 168 168 168 168 168 168 168 168 169 169 169
 167  29]"
"[ 29  29 114 114 114 114 114 114 114 115 116 117 118 118 119 119 119 119
 121 121 121 122 122 122 122 122 123 123 124 126 126 126 126 127 128 129
 130 130 130 130 130 131 132 132 132 133 133 133 134 135 136 136 137 137
 137 138 136 140 138 140 135 138 143 125  88  44  30  31  33  30  32  31
  30  28  26  24  24  23  23  23  23  24  24  23  22  21  21  22  23  24
  25  25  25  25  25  25  25  25  24  24  23  23  24  24  27  29  30  29
  29  29  30  30  32  31  30  30  31  31  30  30  31  31  32  32  33  36
  41  44  45  49  52  52  57  61  60  68 128 169 162 162 161 165 165 164
 164 165 166 166 165 165 165 165 167 167 167 167 167 167 167 167 167 167
 167 167 167 167 167 167 166 167 168 168 168 168 168 168 169 169 168 168
 168 169 169 170 168 168 168 168 168 168 168 168 168 169 168 169 169 169
 168  29]"
"[ 30  29 114 114 114 115 115 115 116 116 117 118 118 118 118 119 118 119
 121 122 122 122 121 121 122 122 123 123 124 125 126 126 125 127 129 130
 130 130 129 129 130 131 132 132 132 133 133 133 136 135 135 136 137 138
 138 137 139 137 137 139 138 138 142 143 134  79  42  29  32  31  30  31
  29  28  26  24  24  24  25  25  24  24  24  24  22  21  22  22  21  22
  24  25  25  25  24  24  24  24  24  24  23  23  24  24  27  28  29  29
  29  29  30  30  31  31  30  30  30  30  30  29  31  31  32  31  32  35
  40  43  44  46  50  51  57  60  61  62 114 174 162 162 164 165 166 165
 165 165 166 167 166 166 166 166 166 166 167 167 167 167 167 166 168 168
 168 168 168 168 168 167 167 168 168 169 168 168 168 168 170 169 169 169
 169 170 171 171 169 169 169 169 169 169 169 169 169 169 168 169 169 169
 168  29]"
"[ 30  29 114 114 114 115 116 116 117 117 118 118 118 118 119 120 120 121
 122 122 122 122 121 121 123 124 124 124 124 125 127 127 127 128 129 130
 130 129 129 129 130 132 132 132 133 133 134 134 136 136 136 136 137 138
 138 137 139 137 139 139 140 138 136 144 140 122  82  39  29  33  31  30
  30  29  27  25  24  24  24  24  24  24  24  24  23  23  22  22  20  21
  23  24  24  24  24  23  24  24  24  24  24  24  24  24  27  28  28  29
  30  30  31  30  31  31  31  30  30  29  29  29  30  31  32  32  33  36
  40  43  45  46  50  51  56  59  62  59  96 167 163 162 166 164 166 166
 165 166 167 167 167 167 167 167 167 167 167 167 168 167 167 167 168 169
 169 170 169 169 168 168 169 169 170 170 169 168 168 168 168 169 170 171
 171 171 170 170 170 170 170 170 170 170 170 170 170 170 169 170 169 169
 168  30]"
"[ 29  29 114 114 114 115 116 116 117 117 118 118 118 119 120 121 122 122
 122 122 122 122 122 123 124 125 126 125 125 126 128 129 128 129 130 130
 129 129 129 130 131 132 133 133 133 134 135 135 136 136 137 137 138 138
 138 138 137 138 141 140 139 138 137 141 142 149 123  72  35  29  32  31
  31  31  29  26  24  24  24  23  24  24  24  25  25  24  23  23  21  22
  22  23  24  24  24  23  24  24  24  24  24  24  24  24  25  27  29  29
  30  30  31  31  31  31  31  30  29  28  29  29  29  31  32  32  34  37
  41  42  46  46  51  52  56  58  63  60  77 152 167 164 165 164 167 166
 166 167 167 167 167 167 167 168 167 168 168 169 169 169 168 168 169 170
 171 171 170 170 169 169 170 170 171 171 170 170 169 169 169 169 171 172
 172 171 170 169 171 171 171 171 171 171 171 171 170 171 170 171 171 170
 168  30]"
"[ 29  29 114 115 115 116 116 116 117 117 117 118 118 119 121 122 122 122
 122 121 121 122 123 124 123 125 126 125 125 126 128 130 129 130 130 130
 129 129 130 132 132 133 133 133 133 134 135 136 135 136 138 139 138 138
 138 138 139 137 139 141 141 142 144 142 143 143 138 116  60  31  33  32
  30  30  29  26  25  26  25  25  24  24  25  25  26  25  24  22  23  23
  23  24  24  25  24  24  25  24  24  24  24  24  24  24  24  26  29  29
  29  29  30  31  29  30  30  29  27  26  27  28  28  30  32  32  34  37
  40  41  44  45  51  53  55  57  65  62  66 139 170 167 163 165 168 166
 168 168 168 168 167 167 168 168 167 168 168 169 169 169 168 168 169 170
 171 172 171 170 170 170 169 170 171 171 171 171 171 171 170 171 171 171
 171 171 171 171 171 171 171 171 171 171 171 171 171 172 171 173 172 171
 169  30]"
"[ 29  29 114 115 114 115 115 115 117 117 118 118 118 119 121 122 122 122
 122 122 122 123 124 124 124 124 125 126 126 127 128 130 129 130 129 129
 129 129 130 131 133 133 132 133 134 135 136 136 134 135 137 138 138 138
 139 139 138 139 141 141 141 142 142 142 144 140 148 143 105  56  29  27
  31  26  30  29  29  29  22  26  25  24  23  23  24  24  24  23  24  24
  24  24  24  24  24  24  24  24  24  24  24  24  24  23  25  27  29  30
  29  28  28  29  28  29  29  28  26  24  25  28  31  31  31  33  36  39
  40  41  44  46  49  52  55  57  60  61  59 110 165 168 165 169 167 167
 169 168 168 167 167 168 169 169 170 169 168 169 170 170 170 169 169 169
 170 171 171 171 170 170 171 171 171 172 172 172 172 173 171 171 171 172
 172 172 172 172 172 172 171 171 171 171 172 172 172 172 171 170 172 170
 172  29]"
"[ 29  29 114 115 115 116 116 117 118 118 119 120 120 121 122 122 122 122
 122 122 122 123 124 125 125 124 125 125 125 126 127 129 130 130 130 130
 130 130 132 133 134 133 133 133 135 136 136 136 136 137 138 138 138 138
 139 141 139 140 141 141 141 141 142 143 141 146 143 146 143 104  54  33
  33  31  29  31  31  28  28  24  25  24  23  24  25  25  24  23  24  24
  24  24  24  24  24  24  24  24  24  24  24  24  24  24  24  26  27  28
  29  28  27  26  26  26  27  27  27  26  26  27  30  31  32  34  36  38
  40  41  45  47  50  52  54  57  60  62  59  83 160 168 164 167 166 168
 169 169 169 168 169 169 170 170 170 170 169 170 171 171 171 170 169 170
 170 171 171 171 170 170 171 171 171 172 172 172 172 172 172 172 172 172
 172 173 173 173 172 172 172 172 172 172 173 174 173 173 171 171 173 172
 173  29]"
"[ 29  29 114 116 116 117 118 118 118 118 119 120 120 121 121 121 121 122
 122 122 122 123 125 125 126 125 125 125 126 126 128 129 130 130 130 130
 131 132 133 134 135 134 134 135 136 136 137 137 138 138 138 138 138 139
 140 141 141 142 142 142 142 142 143 144 143 146 141 143 150 139  95  40
  27  33  31  28  29  28  27  25  25  24  24  24  25  25  25  24  24  24
  24  24  24  24  24  24  24  24  24  24  24  24  24  24  24  25  25  27
  28  28  26  24  24  24  25  27  27  26  25  25  29  30  33  34  34  35
  38  41  44  46  49  51  53  56  60  63  64  62 138 167 168 168 167 168
 169 169 170 170 170 171 171 171 171 171 170 171 172 172 172 171 171 171
 171 172 172 171 171 170 172 172 172 173 173 173 172 172 173 173 173 173
 173 173 173 173 173 173 173 173 173 173 174 174 174 173 173 173 174 173
 174  29]"
"[ 29  29 114 116 116 117 118 118 118 118 118 119 120 120 120 119 121 122
 123 122 122 124 125 126 126 126 126 127 127 128 129 130 130 130 130 130
 131 132 132 133 135 135 135 136 136 137 137 137 138 138 138 138 139 140
 141 142 142 143 143 143 143 143 144 144 143 142 142 144 141 151 138  84
  40  27  31  32  29  29  25  28  26  25  24  24  25  25  25  24  24  24
  24  24  24  24  24  24  24  24  24  24  24  24  24  24  24  24  25  26
  27  27  26  24  24  24  25  26  26  25  25  25  29  31  32  33  33  34
  37  40  42  44  47  49  52  55  58  60  65  62 102 158 174 169 170 169
 169 169 170 171 171 172 171 171 172 171 171 171 172 172 172 172 172 172
 173 173 172 172 172 171 172 172 173 174 174 174 174 173 174 174 174 174
 174 174 174 174 175 174 174 174 174 174 174 174 174 174 174 173 176 175
 175  29]"
"[ 29  29 114 116 116 117 117 117 119 118 118 119 120 120 120 120 121 122
 123 123 123 124 126 127 125 125 126 128 129 129 130 130 130 130 130 130
 131 132 132 132 135 136 136 136 137 137 137 138 138 138 138 139 140 141
 142 143 142 142 143 143 144 144 143 143 143 143 143 148 146 147 151 135
  87  38  26  32  30  31  29  29  28  27  25  25  25  25  25  24  24  24
  24  24  24  24  24  24  25  25  25  24  24  24  25  25  24  24  24  25
  25  26  26  26  25  25  26  26  24  24  25  27  31  32  32  32  33  34
  37  39  42  43  46  50  53  56  57  57  59  66  71 131 175 169 170 170
 169 170 170 171 172 172 172 172 172 171 171 171 172 172 172 172 173 173
 173 173 173 172 172 172 172 172 173 174 174 175 175 174 174 174 174 174
 174 174 174 174 175 175 175 175 175 175 175 175 174 175 174 174 176 175
 175  28]"
"[ 29  29 115 116 116 117 117 117 119 119 119 120 120 121 121 121 121 123
 124 123 123 124 126 127 125 125 126 128 130 130 130 130 131 131 131 131
 132 133 133 133 135 136 137 137 137 137 138 138 138 138 139 140 142 143
 143 143 142 143 143 144 145 145 144 143 145 147 144 147 146 142 148 152
 134  87  35  19  26  31  32  28  30  29  27  26  26  25  24  24  24  24
  24  24  24  24  24  25  25  25  24  24  24  24  24  25  23  24  24  24
  24  24  25  26  25  25  26  25  23  23  26  28  31  32  32  32  33  35
  38  40  44  45  48  52  54  55  55  55  56  62  56  94 160 173 170 168
 169 170 171 172 172 172 172 172 172 172 172 172 172 172 172 172 173 173
 173 172 172 172 172 172 172 172 173 173 174 174 175 175 174 174 175 175
 175 174 174 174 175 175 175 176 176 176 176 176 175 176 175 174 176 175
 175  28]"
"[ 29  29 115 116 116 117 117 117 118 119 120 121 121 121 121 122 121 123
 124 123 122 124 125 127 127 126 127 129 130 130 130 130 131 131 131 132
 133 134 134 134 135 136 137 138 138 138 138 138 139 139 139 140 142 144
 144 143 144 144 144 145 146 146 146 145 146 147 146 145 144 146 150 152
 152 136  84  37  28  30  30  30  31  30  28  28  27  26  25  23  24  24
  24  24  24  24  25  25  25  24  24  24  24  24  24  24  24  24  24  24
  24  24  25  25  25  25  25  24  24  24  26  28  28  30  31  33  34  36
  38  40  44  46  49  51  52  52  53  54  57  58  57  68 125 168 173 167
 170 170 171 172 172 173 173 173 173 173 173 173 173 172 172 172 173 173
 173 172 172 172 172 172 173 173 173 173 174 174 175 175 175 175 175 175
 175 175 175 174 175 175 176 176 177 177 176 176 175 177 177 175 176 175
 175  29]"
"[ 29  29 115 116 117 118 118 118 118 119 121 122 122 122 122 122 121 123
 124 123 122 123 125 126 129 128 128 129 131 131 131 131 130 130 131 132
 133 134 134 134 135 136 137 138 138 138 138 138 140 139 138 139 141 143
 143 143 144 144 144 145 146 146 146 146 146 147 148 147 148 147 144 148
 154 152 140  87  38  30  31  33  31  30  29  29  29  27  25  23  24  24
  24  24  24  24  25  25  25  25  25  24  24  25  25  25  25  24  24  24
  24  24  24  24  25  24  24  24  24  24  25  26  25  27  30  32  33  35
  38  40  43  45  48  49  49  49  51  54  56  61  65  62  89 155 174 170
 171 171 172 172 173 173 173 173 174 174 174 174 173 173 173 173 173 173
 173 173 173 173 173 173 174 174 174 174 174 175 175 175 175 175 176 176
 176 176 175 175 175 176 176 177 177 177 176 176 176 178 178 175 176 175
 176  29]"
"[ 29  29 115 116 116 118 118 118 119 120 121 121 121 122 122 122 121 122
 123 123 124 126 128 129 127 128 128 129 130 130 131 131 132 132 131 132
 133 134 135 136 135 136 137 138 138 139 138 138 138 138 139 140 142 143
 144 144 144 146 147 146 145 146 146 146 146 147 147 147 147 147 148 149
 150 153 156 137  85  39  30  34  32  29  29  29  30  28  23  25  24  24
  24  24  24  25  25  24  23  24  24  24  24  24  24  24  25  25  25  24
  24  24  24  24  24  24  24  24  24  24  24  25  26  28  31  31  31  33
  37  39  42  44  47  47  48  50  52  54  57  58  59  63  68 119 174 173
 171 170 172 171 173 174 173 172 173 173 173 173 173 173 173 174 173 173
 174 175 174 173 173 175 174 174 174 175 175 176 176 176 175 175 175 176
 177 177 176 175 177 177 178 179 178 178 178 176 177 177 179 177 177 177
 178  30]"
"[ 29  30 115 116 117 118 118 118 117 119 120 121 121 122 122 122 122 123
 124 124 124 126 127 128 128 128 129 129 130 130 131 132 132 132 131 132
 133 135 135 136 136 136 137 138 138 138 138 138 139 139 140 141 142 143
 144 144 144 146 146 146 146 146 147 147 147 147 147 147 148 149 150 151
 151 152 150 155 141  87  39  26  29  32  34  29  27  30  27  24  25  25
  25  24  24  24  24  24  24  24  24  24  24  24  24  24  25  25  25  25
  24  24  24  25  24  24  23  24  24  25  24  24  24  27  29  30  31  33
  36  38  39  42  45  47  48  50  50  50  53  57  61  60  60  89 142 178
 173 171 172 173 173 173 173 173 174 174 175 174 174 175 175 175 174 174
 174 174 174 173 173 175 176 175 175 175 175 175 175 174 175 176 176 175
 174 175 178 181 177 177 178 179 178 178 180 179 178 178 180 180 179 178
 178  28]"
"[ 29  29 114 116 116 117 117 117 117 119 120 121 122 122 122 122 122 123
 124 124 125 126 127 127 128 129 129 130 130 130 131 132 132 132 132 132
 134 135 136 136 136 137 137 138 138 138 138 138 140 140 141 142 143 143
 144 144 145 146 146 146 146 147 147 147 147 147 147 147 148 150 151 152
 149 151 150 154 158 139  92  44  26  32  31  28  32  26  20  31  27  26
  25  25  25  24  24  24  24  25  25  25  25  25  24  24  24  25  25  25
  24  24  24  24  25  24  24  25  26  26  25  24  24  26  29  30  32  34
  36  37  38  40  43  45  47  48  48  48  49  53  59  59  60  67 104 171
 175 171 171 174 173 173 174 175 174 174 173 173 173 173 173 173 176 175
 175 175 175 175 175 176 175 175 175 176 177 177 177 177 174 175 177 178
 179 179 178 177 178 178 179 179 177 177 178 177 180 180 179 179 178 179
 180  28]"
"[ 29  29 114 116 116 117 117 117 117 119 120 121 121 122 122 122 122 123
 124 124 125 126 127 128 128 129 130 130 130 130 131 133 132 132 133 134
 135 136 136 137 137 137 138 138 138 138 138 139 140 140 141 142 143 144
 145 145 145 146 146 146 146 147 148 147 148 148 148 148 150 151 151 151
 154 150 152 153 150 158 146 106  46  28  29  34  28  29  32  31  29  26
  24  24  24  24  24  25  25  25  25  25  24  24  24  24  24  25  26  25
  25  24  24  25  27  26  27  27  28  28  28  27  27  28  29  31  32  34
  35  36  38  39  41  42  44  46  48  48  48  49  54  59  63  62  78 150
 177 173 169 174 173 174 175 176 176 176 175 174 174 174 174 173 175 174
 174 175 175 175 176 176 176 176 176 176 176 176 175 175 179 177 176 176
 177 177 176 175 175 174 177 179 179 180 180 179 179 179 178 179 177 178
 178  27]"
"[ 29  30 115 116 116 117 118 118 118 119 120 119 120 121 121 121 123 124
 124 124 125 127 128 129 129 130 130 130 130 130 131 133 132 133 134 135
 136 137 137 138 138 138 138 138 138 138 139 140 140 140 141 143 144 145
 145 146 145 146 146 146 147 148 148 148 150 150 150 151 152 152 152 152
 153 154 155 155 152 155 158 150 108  52  24  29  31  29  29  29  30  28
  25  24  24  24  24  26  25  25  24  24  24  24  24  24  25  26  26  26
  26  27  27  27  28  29  30  30  30  30  30  30  30  29  30  31  32  33
  34  36  38  40  41  41  42  44  47  49  46  49  53  58  58  61  64 121
 171 173 167 171 171 174 174 174 175 174 174 174 174 174 174 174 175 175
 175 176 176 177 177 177 177 176 176 177 177 178 177 177 174 175 177 178
 178 179 180 181 183 181 181 183 183 184 183 181 181 182 182 185 182 181
 177  34]"
"[ 29  30 115 116 116 118 118 118 117 118 119 119 119 120 121 122 124 124
 125 125 126 128 129 130 130 130 130 130 130 130 131 132 132 133 134 136
 136 137 138 138 138 138 139 138 138 138 140 141 140 141 142 143 144 145
 146 146 146 146 146 146 147 148 149 149 150 150 151 152 152 153 152 152
 150 156 154 153 153 152 155 156 155 132  82  37  30  33  28  31  30  30
  27  25  23  24  24  25  24  24  24  24  24  24  24  24  24  25  25  26
  27  28  29  29  29  30  31  31  30  30  30  31  30  29  30  31  32  32
  34  36  36  39  42  42  42  44  46  47  45  49  52  56  55  62  58  87
 157 175 172 173 173 176 175 175 176 175 175 175 176 176 176 176 178 179
 179 178 178 179 179 179 180 179 179 179 179 179 179 179 177 177 177 177
 175 172 167 164 165 161 158 157 156 155 154 151 155 153 153 155 153 155
 152  25]"
"[ 29  29 114 116 116 117 117 118 119 120 120 120 120 121 122 122 125 126
 126 126 127 128 130 130 130 130 130 130 130 130 131 132 132 133 135 136
 137 137 138 138 138 139 139 139 138 139 140 142 141 142 143 144 145 146
 146 146 146 147 147 147 147 148 150 150 150 150 151 152 152 152 153 153
 157 153 151 156 155 151 154 157 161 160 143 101  57  35  29  31  29  31
  30  26  24  25  25  24  24  24  24  24  24  24  24  24  25  24  24  25
  27  28  29  29  29  30  30  30  30  30  30  31  30  29  30  32  32  32
  33  36  37  39  41  41  42  43  45  46  45  49  51  52  56  61  58  65
 130 167 172 172 170 173 171 172 173 173 172 172 171 170 170 170 168 168
 167 164 163 163 164 164 162 160 158 156 155 154 154 154 153 149 145 145
 148 149 147 145 146 144 143 142 141 142 142 140 142 137 138 138 137 141
 139  30]"
"[ 29  29 115 116 116 118 118 118 121 122 122 122 122 122 122 122 125 127
 127 128 128 129 130 130 130 130 130 129 130 130 131 131 131 133 135 136
 137 137 138 138 138 139 139 139 138 139 141 142 142 143 144 145 145 146
 146 146 146 147 148 147 147 148 150 151 151 151 152 152 152 152 153 154
 153 155 154 155 154 153 154 154 154 154 161 159 132  82  39  25  27  31
  31  27  25  26  26  24  24  24  24  24  24  24  25  25  27  25  24  25
  27  28  29  29  30  30  30  30  30  30  30  30  30  30  31  33  33  32
  33  36  38  39  39  40  41  43  45  45  46  49  50  46  54  56  61  64
  96 147 158 158 154 158 156 158 155 154 153 151 148 146 144 144 146 146
 144 139 136 137 138 138 139 139 138 138 139 140 141 142 144 143 142 142
 143 143 141 139 138 138 139 140 138 138 138 136 140 135 139 138 137 138
 132  31]"
"[ 28  30 116 117 117 118 118 119 121 122 123 122 122 122 123 123 125 126
 128 129 129 129 130 130 131 131 131 131 131 131 130 131 132 133 134 136
 137 138 138 138 139 138 138 139 138 140 142 142 143 144 145 144 144 145
 146 146 146 146 147 148 148 148 149 150 152 151 152 153 152 152 154 154
 153 153 154 154 154 154 155 156 156 154 155 160 163 147  99  51  24  27
  32  28  29  30  23  25  25  24  23  23  24  25  25  25  27  27  27  27
  28  29  30  30  29  30  30  30  28  27  28  30  29  31  32  32  32  33
  34  35  36  37  37  38  41  41  39  39  43  46  48  50  54  58  60  59
  71 115 144 144 142 144 146 145 144 143 142 141 140 140 139 138 138 139
 140 141 141 141 140 139 139 140 141 141 141 139 139 140 139 139 139 139
 137 136 137 138 137 137 138 138 138 138 137 137 137 137 137 136 136 135
 134  30]"
"[ 28  29 116 118 119 119 119 118 119 121 122 122 122 123 124 124 124 126
 127 128 128 128 129 130 128 128 130 131 132 132 132 133 133 134 135 137
 138 138 138 138 138 137 139 140 139 140 143 143 142 143 144 144 145 146
 147 146 148 147 148 149 149 149 149 150 149 148 150 151 151 153 156 156
 154 154 154 154 154 154 155 156 156 155 154 156 162 162 145 121  73  33
  28  36  31  29  27  25  24  24  24  24  25  25  26  26  25  27  29  31
  31  31  30  29  29  29  29  29  28  28  28  29  30  31  33  34  33  33
  34  34  36  37  37  37  39  39  39  41  42  44  46  47  50  55  59  61
  63  95 133 138 138 140 138 139 141 140 139 138 138 138 138 138 138 138
 138 139 139 139 138 137 139 139 139 139 139 138 138 139 139 138 138 137
 136 135 136 138 137 137 137 136 136 136 136 136 136 135 135 133 134 133
 133  29]"
"[ 29  29 115 117 118 119 118 118 121 123 124 124 123 123 124 125 125 126
 127 128 128 129 129 130 131 132 133 133 133 131 131 132 133 134 136 137
 137 137 137 137 137 138 140 140 138 139 142 143 144 144 144 144 146 147
 147 145 148 147 147 148 148 147 147 147 152 151 153 153 152 153 156 157
 154 153 152 151 151 152 154 155 150 149 146 143 144 149 149 143 125  74
  41  30  27  29  27  27  24  24  24  24  24  24  25  25  24  27  30  32
  33  32  30  28  28  27  26  27  28  28  28  29  30  32  33  34  34  34
  34  34  35  37  38  38  39  39  39  41  41  42  44  45  47  50  56  60
  63  77 121 136 138 139 135 139 138 138 137 136 136 137 137 137 138 138
 138 138 138 138 138 137 138 138 138 138 137 137 137 138 137 137 137 135
 134 134 135 137 136 136 136 136 135 135 135 135 135 134 133 131 132 132
 132  29]"
"[ 29  29 115 116 116 118 119 119 120 122 124 123 122 122 123 123 126 127
 127 128 128 128 128 129 128 128 130 130 130 130 130 132 135 136 137 137
 136 136 136 137 138 138 140 140 138 138 139 139 139 138 138 138 138 138
 138 138 138 137 136 136 137 137 137 137 138 137 138 138 135 136 138 138
 136 135 134 133 133 134 135 136 137 136 135 133 132 133 132 129 135 119
  81  40  30  33  26  24  25  25  24  24  24  24  24  24  24  26  29  31
  32  31  30  30  27  26  25  26  27  27  28  29  30  31  32  33  33  33
  34  34  34  36  37  37  39  38  38  39  40  40  43  46  47  48  52  57
  63  63 101 130 132 134 132 136 136 136 136 134 134 135 136 136 137 137
 136 137 137 138 138 138 137 136 136 136 136 136 136 137 136 136 136 135
 134 134 135 135 135 135 135 136 136 135 134 133 136 134 133 131 132 132
 132  29]"
"[ 29  30 116 117 117 119 120 121 120 122 124 124 124 124 125 125 125 125
 125 125 125 125 125 125 130 130 130 130 129 128 129 131 128 129 129 129
 128 128 130 131 131 130 131 131 130 130 131 130 128 127 127 126 125 125
 125 126 129 127 126 126 127 128 128 129 128 128 130 130 129 129 131 130
 130 130 129 129 129 130 130 130 130 129 130 131 131 131 131 129 128 132
 118  75  39  30  30  28  29  27  25  24  25  25  25  24  24  25  27  30
  31  31  31  31  25  25  26  26  26  26  27  29  29  30  31  32  32  33
  34  34  34  35  34  35  37  37  36  37  40  39  42  46  48  48  50  54
  63  60  83 124 131 133 133 137 134 135 134 133 133 134 135 136 136 136
 135 135 136 136 137 137 135 135 135 135 135 135 135 135 135 136 136 135
 135 135 135 135 135 134 134 134 135 134 134 133 135 134 134 132 133 133
 133  29]"
"[ 29  30 117 119 118 120 120 121 121 123 123 122 122 122 122 122 124 124
 123 123 123 122 123 123 123 121 120 118 116 115 115 116 117 118 118 118
 118 119 121 122 121 119 120 121 121 122 123 121 123 123 123 122 121 120
 122 123 126 125 124 125 125 126 127 128 125 125 127 128 127 128 129 128
 129 129 129 130 130 131 130 130 130 129 131 131 128 128 129 129 129 130
 131 111  66  32  26  32  31  28  25  24  24  25  24  23  23  24  27  30
  31  32  30  29  25  25  26  26  25  24  26  29  29  29  30  31  32  33
  34  35  36  35  33  33  35  37  37  38  39  39  40  44  46  48  50  54
  56  57  66 110 128 129 131 132 134 134 134 133 134 135 136 136 136 135
 134 134 135 135 135 135 135 135 135 135 136 135 135 135 135 136 136 135
 135 136 136 134 136 134 133 132 133 134 135 135 135 134 134 132 133 133
 132  29]"
"[ 29  28 113 114 114 115 116 115 115 115 114 113 113 113 113 112 110 110
 109 109 109 109 109 109 112 112 111 112 112 112 113 114 114 115 115 116
 117 117 118 119 118 117 118 119 118 119 121 120 123 122 122 123 123 122
 122 123 122 122 122 123 123 123 124 125 125 124 125 126 125 126 126 124
 125 125 126 128 129 129 128 127 128 129 131 131 128 127 128 128 127 128
 131 131 107  63  33  28  30  29  26  25  24  24  24  24  24  24  26  28
  30  30  29  27  25  26  27  26  24  24  25  28  28  28  29  30  31  32
  33  33  35  35  34  33  35  36  36  38  38  38  39  42  44  46  49  51
  55  59  61  96 129 130 132 132 133 133 133 133 133 135 135 135 134 134
 133 133 134 134 134 134 135 134 134 134 135 135 135 135 135 136 136 135
 135 136 136 135 135 134 132 132 133 135 135 135 135 134 133 132 133 132
 132  28]"
"[ 30  26 107 107 107 109 110 109 108 108 108 107 108 109 110 110 110 110
 109 109 109 109 110 110 110 110 110 110 111 111 112 113 113 114 114 115
 116 116 116 115 117 116 117 116 115 115 117 117 119 118 118 120 121 119
 118 118 119 120 121 122 122 121 122 123 124 123 123 124 124 125 125 123
 123 124 125 126 128 128 127 126 128 128 129 130 129 129 130 128 128 129
 126 129 126 100  60  29  29  29  28  26  24  23  24  25  25  24  24  26
  28  29  28  26  26  26  27  26  25  24  25  27  27  27  28  29  30  31
  31  31  31  33  34  34  35  34  33  35  35  37  40  42  43  45  47  48
  53  58  58  82 126 127 129 130 132 132 131 131 131 132 132 131 132 131
 131 131 132 133 133 133 134 133 131 132 132 133 133 134 135 136 136 134
 135 136 137 135 133 132 133 134 135 136 135 134 135 134 133 131 132 132
 132  28]"
"[ 29  29 102 103 104 105 107 108 107 107 107 107 107 107 107 107 107 107
 107 107 108 108 108 107 110 110 110 110 110 110 111 112 113 112 111 112
 113 114 115 115 115 115 115 115 116 116 115 115 115 116 117 120 120 119
 119 118 119 119 121 122 122 122 121 121 121 123 124 124 124 124 124 125
 125 124 124 126 128 128 127 126 128 128 127 127 127 129 130 129 128 130
 125 128 129 125 100  47  26  25  29  26  24  25  23  25  24  24  24  24
  25  26  26  26  26  25  25  25  25  25  25  26  26  27  28  29  30  30
  31  32  33  33  34  34  34  34  35  36  36  37  39  41  44  45  46  47
  52  51  57  66 111 120 132 131 132 132 131 131 131 132 132 132 132 131
 131 131 132 132 132 132 134 133 132 132 132 133 134 135 134 134 133 133
 134 134 135 135 134 133 133 135 136 136 135 135 134 134 134 132 132 131
 131  29]"
"[ 28  29 101 102 102 104 104 105 105 105 105 105 105 106 106 105 106 105
 105 106 106 106 106 106 108 108 108 109 109 109 110 111 110 110 110 111
 111 112 113 114 114 114 115 115 116 116 115 115 116 116 117 119 119 119
 119 119 118 119 120 121 122 122 122 122 121 122 124 124 124 124 124 125
 125 124 124 125 127 127 125 125 126 126 126 125 126 128 129 128 127 129
 127 128 128 128 119  92  48  28  28  30  24  24  25  24  24  24  24  24
  24  24  24  24  25  24  24  25  25  25  25  26  26  26  27  28  29  30
  31  32  33  33  33  33  33  33  35  36  36  37  38  41  43  44  46  47
  50  50  52  61  93 115 128 128 130 131 132 131 130 131 131 131 131 131
 131 131 132 132 132 132 133 133 133 132 132 133 133 133 132 132 132 132
 133 134 134 134 133 133 134 135 135 134 134 134 133 133 133 131 131 131
 131  29]"
"[ 28  29 101 102 102 102 102 102 103 104 104 103 104 105 105 105 105 105
 105 105 105 105 105 105 107 107 107 108 108 108 109 110 110 110 111 111
 111 112 113 114 114 114 115 116 116 116 115 114 116 116 116 117 118 118
 119 120 119 119 119 120 121 122 122 123 121 122 123 124 124 124 124 124
 125 124 124 125 126 125 125 125 125 125 125 124 125 127 128 128 125 125
 126 125 123 125 126 123  86  45  25  29  29  25  24  25  24  24  24  24
  24  23  24  24  24  24  24  24  25  25  25  26  25  25  26  28  29  30
  31  32  33  33  32  31  31  32  34  36  36  37  38  40  42  43  44  45
  49  52  53  60  78 114 129 131 129 131 133 132 131 131 131 131 132 131
 131 132 132 133 132 132 133 133 133 133 133 133 132 132 132 132 132 132
 133 134 134 134 133 134 134 135 134 132 132 133 132 132 132 131 132 131
 132  29]"
"[ 29  29 101 102 102 102 102 101 102 103 104 104 104 105 105 104 104 104
 104 104 104 105 105 105 107 107 107 108 109 109 110 111 111 111 111 112
 112 113 114 115 114 114 115 116 117 116 115 114 117 116 116 116 117 118
 119 120 120 120 121 121 121 121 121 122 121 122 122 123 124 124 124 124
 125 124 124 125 125 125 125 125 126 125 125 125 125 126 128 128 128 125
 127 125 125 125 123 129 119  82  42  26  30  31  26  25  24  24  24  24
  24  23  24  24  24  23  23  24  24  24  24  25  24  24  25  27  29  30
  31  31  32  32  31  31  31  32  34  35  36  37  38  39  40  41  41  42
  45  49  52  56  65 107 126 128 130 131 133 132 132 131 131 131 133 132
 132 132 133 133 132 131 132 132 133 133 133 133 133 132 133 133 132 133
 134 135 135 135 135 135 135 135 134 132 132 132 133 133 133 132 132 132
 132  29]"
"[ 29  29 101 102 102 102 102 101 101 103 104 104 105 105 105 104 103 103
 103 103 104 105 105 106 108 107 108 109 110 110 110 111 111 111 110 111
 113 114 114 114 114 114 115 116 117 116 115 115 116 116 116 117 118 118
 119 120 121 121 122 122 122 122 121 121 122 122 122 122 123 123 124 124
 124 124 124 125 125 125 125 126 126 126 125 125 125 126 127 127 128 125
 127 126 128 128 122 126 130 120  83  42  27  30  31  25  25  24  24  24
  23  23  23  23  23  23  23  24  24  24  24  25  23  24  25  28  29  29
  29  30  31  31  31  31  31  32  34  35  35  36  37  39  39  40  40  42
  48  50  54  55  61  96 123 126 130 131 131 131 131 131 131 130 132 132
 132 132 133 133 132 131 131 132 132 133 133 134 134 134 134 133 132 132
 133 134 134 135 136 135 135 135 135 134 133 133 135 135 135 133 134 133
 132  29]"
"[ 29  29 100 101 101 102 102 101 101 102 103 103 104 104 104 103 102 103
 103 103 104 105 106 107 108 107 108 109 110 110 110 110 111 110 110 112
 114 115 114 113 114 114 115 116 116 116 115 115 115 115 115 116 117 117
 118 118 120 121 122 122 123 122 121 121 122 122 122 122 122 123 124 124
 123 123 124 125 125 124 124 125 126 125 125 125 125 125 125 126 125 124
 126 124 126 128 123 125 127 130 117  80  39  23  28  28  26  25  24  23
  23  23  22  21  22  22  23  24  24  24  24  24  23  24  26  28  28  28
  28  29  30  30  31  32  32  33  33  34  34  35  37  39  39  40  41  42
  45  46  50  49  56  78 113 125 131 131 131 131 132 132 131 130 130 131
 131 132 133 133 132 132 132 132 132 133 134 134 135 135 134 133 133 133
 133 134 135 135 136 135 134 135 136 136 135 135 136 136 136 135 135 134
 133  29]"
"[ 29  28 100 100 101 101 101 101 102 102 102 102 103 103 103 103 103 103
 104 104 104 105 107 108 108 108 108 109 110 110 110 110 111 111 111 112
 114 115 114 114 114 114 114 115 115 116 115 115 114 114 115 116 117 117
 117 118 119 120 121 122 122 122 122 121 121 122 122 122 122 123 124 125
 124 123 124 125 125 124 124 124 125 124 125 126 125 124 125 126 127 126
 127 126 127 129 127 127 124 126 128 116  75  35  27  31  27  25  24  23
  24  23  22  21  22  22  22  24  24  24  24  24  24  25  26  27  27  27
  29  30  30  31  31  32  32  32  33  33  35  36  38  39  39  40  41  42
  45  47  49  51  58  65 104 125 128 130 131 132 132 132 132 131 130 131
 131 132 133 133 133 132 132 133 133 134 134 135 135 135 133 133 134 135
 135 136 136 135 135 135 135 136 136 136 136 136 137 136 136 135 136 135
 133  29]"
"[ 30  29 100 100 100 101 101 101 102 103 102 102 102 103 103 103 103 103
 103 103 104 104 106 107 109 108 108 110 110 110 110 109 110 110 111 112
 113 114 114 114 115 114 114 114 115 115 115 115 115 115 116 118 118 118
 118 119 119 119 120 121 122 122 121 121 121 122 123 123 123 123 124 125
 125 124 125 126 126 125 124 124 124 124 125 126 126 125 125 126 126 125
 126 127 128 129 129 125 125 128 127 130 110  63  33  30  27  25  24  24
  25  25  24  22  22  22  22  24  24  24  24  24  24  25  26  27  27  27
  29  32  31  31  32  31  31  31  32  32  36  37  39  40  40  39  40  42
  43  47  47  51  56  51  91 118 124 127 130 132 132 132 132 132 132 132
 132 133 134 134 133 133 133 134 134 135 135 135 135 135 133 133 134 136
 137 137 136 135 135 135 136 136 135 134 135 136 136 136 136 135 136 135
 133  29]"
"[ 28  29 101 102 101 101 101 101 102 102 102 102 103 103 103 103 103 103
 103 104 106 107 108 108 108 108 108 109 110 111 110 109 110 111 112 113
 113 114 114 114 114 114 114 114 115 116 115 114 115 116 116 117 118 118
 118 118 119 119 119 119 121 122 122 122 122 122 123 124 123 123 123 124
 124 126 127 126 125 125 124 124 124 125 126 126 126 125 125 125 126 127
 128 129 128 127 127 127 127 126 125 129 121  96  43  31  31  28  27  25
  23  25  23  23  23  23  23  23  23  23  24  24  24  25  27  27  28  28
  30  31  31  31  32  32  31  31  32  33  37  38  39  40  40  39  40  41
  42  44  48  49  51  54  69 118 127 130 131 130 133 130 134 133 132 132
 134 134 135 135 136 136 135 134 134 134 134 135 135 135 135 135 135 135
 136 136 136 136 136 137 137 136 135 135 135 135 137 134 135 135 135 134
 134  29]"
"[ 29  29 102 102 101 101 101 101 101 102 102 102 102 103 103 103 105 104
 104 105 106 107 108 108 108 108 108 109 110 111 110 109 110 111 112 112
 113 113 114 115 115 114 114 115 116 116 115 114 115 116 117 117 118 118
 118 118 119 119 119 120 121 122 122 122 122 122 123 123 123 122 123 123
 125 126 127 127 125 124 124 124 125 125 125 125 125 125 125 125 127 127
 128 129 128 128 127 127 127 128 127 128 130 116  73  32  31  32  29  28
  25  23  21  24  24  23  23  23  23  23  24  24  24  25  26  28  29  30
  30  31  32  32  33  32  32  32  32  33  36  38  40  41  40  39  39  40
  44  45  48  49  50  51  60 100 124 129 131 131 134 132 133 133 134 134
 135 135 135 135 135 135 136 136 135 135 136 136 136 136 135 135 136 136
 136 136 136 136 137 137 137 137 136 135 135 136 137 135 135 135 135 134
 133  28]"
"[ 30  30 101 102 101 101 101 101 102 102 102 102 103 103 103 104 105 105
 105 105 105 106 106 107 108 108 108 108 109 110 110 110 110 111 111 111
 111 112 113 113 114 114 114 115 116 116 115 115 115 116 117 117 118 118
 118 118 118 119 119 121 122 122 122 122 122 122 122 123 123 122 122 123
 125 125 126 127 127 124 124 125 126 126 125 125 125 126 126 127 127 128
 129 129 129 128 128 128 127 129 129 126 129 125 105  53  29  33  30  29
  25  24  22  25  24  24  24  24  24  24  24  24  24  24  26  27  29  30
  31  30  31  31  31  31  31  31  32  32  34  37  40  42  41  40  40  40
  44  45  47  48  51  51  53  82 121 131 131 132 132 133 133 133 135 136
 136 135 135 135 135 136 137 136 136 136 136 137 137 137 135 135 136 136
 137 137 136 136 137 137 138 137 136 135 136 136 138 136 136 135 135 135
 134  28]"
"[ 29  29 101 101 101 102 102 102 102 102 102 103 103 104 104 104 104 104
 105 105 105 105 106 106 107 108 109 109 109 109 110 110 110 110 111 110
 110 110 111 112 114 114 114 115 116 116 116 115 115 116 117 118 118 119
 119 119 119 119 120 121 122 122 122 122 122 122 122 123 122 122 122 123
 123 123 125 128 127 125 124 126 126 126 125 125 125 127 127 128 128 128
 129 129 129 128 128 128 128 127 128 125 125 122 120  83  37  31  33  29
  26  26  25  24  24  24  24  24  24  24  24  24  24  25  25  26  28  29
  30  30  29  29  29  30  30  31  31  31  33  35  39  42  43  43  43  43
  44  45  46  48  50  52  51  68 116 131 132 132 130 134 134 136 135 136
 136 136 135 136 137 137 137 137 136 136 136 137 137 137 135 136 136 137
 137 137 137 136 137 138 138 138 136 136 136 137 139 137 137 137 137 137
 135  29]"
"[ 29  29 100 101 101 102 102 102 101 101 102 102 103 103 103 103 104 104
 105 105 105 105 106 107 107 108 109 109 109 110 110 111 110 110 110 110
 110 111 111 112 114 115 115 116 116 117 117 116 116 116 117 118 118 119
 119 119 120 120 121 121 122 122 122 123 123 122 123 123 123 122 123 124
 123 123 125 128 127 125 124 126 125 125 124 125 126 127 128 128 128 129
 129 130 129 129 129 129 129 126 127 127 126 125 120 106  60  30  34  30
  29  27  25  23  24  24  24  24  24  24  24  24  24  25  25  25  25  27
  29  30  29  29  29  30  31  31  32  32  32  34  37  40  43  45  45  44
  45  46  46  46  47  50  48  58 103 126 132 131 130 135 135 136 136 136
 136 136 136 137 138 138 138 138 137 137 137 137 137 137 136 136 137 138
 138 138 137 137 137 138 138 138 137 136 137 137 138 137 138 137 138 138
 136  30]"
"[ 30  29 101 101 101 102 101 101 100 101 101 101 102 102 103 103 103 104
 104 104 105 105 106 106 107 108 109 109 109 110 110 110 110 110 111 111
 111 112 113 113 114 114 115 116 116 117 117 117 116 116 117 118 118 119
 119 119 120 121 121 122 122 122 123 123 123 122 123 123 123 123 123 124
 124 125 126 128 127 125 124 125 124 124 124 125 126 127 127 128 129 129
 130 130 129 129 129 129 129 129 129 128 127 128 121 121  87  39  32  32
  32  26  24  26  24  24  24  24  24  24  24  24  24  25  25  25  24  25
  28  30  29  30  30  30  31  31  32  33  32  34  36  38  42  45  46  44
  44  45  45  45  44  49  49  54  82 115 130 132 133 136 135 135 136 137
 137 137 137 137 138 138 138 138 138 137 137 137 137 137 137 137 137 138
 138 138 137 137 137 138 138 138 138 138 138 138 138 137 138 137 138 139
 137  29]"
"[ 30  29 101 102 102 102 101 100 100 100 101 101 102 102 103 103 104 103
 104 104 104 105 105 105 106 107 108 109 109 109 109 109 110 110 111 112
 112 112 113 113 113 114 115 116 116 117 117 117 116 116 117 118 119 119
 119 119 119 120 121 122 122 122 123 123 123 122 122 123 123 123 124 125
 125 126 127 127 126 125 125 125 126 126 126 126 127 127 128 128 129 130
 130 130 130 129 130 130 129 131 131 128 126 129 126 130 110  64  34  33
  31  27  25  27  24  24  24  24  24  24  24  24  24  24  24  24  25  26
  29  30  30  30  31  31  30  31  31  32  32  34  36  38  40  44  45  45
  43  44  44  46  45  50  50  51  63 104 129 132 136 136 136 135 137 138
 138 138 138 138 138 138 138 138 138 138 137 137 137 137 138 138 138 138
 138 138 138 138 138 138 138 139 139 139 139 138 138 138 139 137 138 139
 137  29]"
"[ 29  29 101 102 103 103 102 100 101 101 102 102 103 103 103 104 105 104
 104 105 105 105 105 105 105 106 107 108 109 109 109 108 110 111 112 112
 112 111 111 111 114 115 115 116 117 117 117 118 116 116 117 118 119 119
 119 119 117 119 121 122 122 122 123 123 123 122 122 123 123 123 124 125
 125 127 128 127 126 126 126 126 128 128 128 128 127 128 129 129 130 130
 130 130 130 130 130 130 128 129 129 130 131 131 130 129 127  91  41  34
  30  30  27  25  25  25  24  24  24  24  24  24  24  24  23  24  26  28
  29  30  30  31  32  31  30  30  31  32  31  35  37  38  40  43  46  46
  44  44  44  47  44  49  48  47  54  99 129 131 138 136 138 136 137 138
 138 139 139 138 139 139 139 139 140 139 138 138 138 138 138 138 138 138
 138 138 138 138 138 138 138 139 140 140 139 139 139 139 140 138 139 140
 137  29]"
"[ 30  30 100 100 101 101 100 101 102 102 102 103 104 105 105 105 105 105
 105 106 106 105 105 106 104 105 106 107 107 107 108 108 110 110 111 111
 111 111 112 113 113 114 115 116 116 116 117 118 118 117 116 118 119 120
 119 119 121 121 122 122 122 122 122 121 123 123 122 122 122 123 125 126
 126 125 125 126 128 129 129 128 128 128 128 128 128 128 128 129 130 130
 130 130 130 130 131 132 131 131 131 131 130 130 130 129 130 115  67  30
  35  28  26  27  25  24  24  24  24  24  24  24  24  24  23  24  25  26
  28  30  31  31  32  32  32  31  31  31  33  32  33  36  40  44  46  47
  44  45  45  46  46  47  48  48  51  81 127 135 136 136 136 139 137 138
 139 140 140 140 140 141 138 139 139 138 138 138 139 140 138 138 137 138
 138 138 139 139 139 139 139 139 139 139 139 139 139 139 139 139 139 140
 140  28]"
"[ 28  29 100  99 101 101 100 101 102 102 103 103 104 104 104 105 105 104
 104 105 105 105 104 105 105 106 106 107 107 107 108 108 108 109 109 110
 111 111 112 112 114 114 115 115 115 116 116 117 117 116 116 117 118 119
 120 121 121 121 122 122 122 122 122 123 123 123 123 123 124 124 126 127
 127 126 126 127 128 129 129 129 128 128 128 128 129 129 130 130 130 130
 130 130 130 131 130 130 131 131 131 131 131 131 131 130 133 126  84  34
  32  33  31  28  25  24  24  24  24  24  24  24  24  24  24  24  25  26
  28  30  30  31  32  32  32  32  32  32  32  32  33  36  40  43  45  46
  47  46  46  45  45  46  48  49  51  70 115 136 136 140 138 137 139 139
 140 141 141 142 142 142 140 140 140 140 140 140 141 141 140 140 139 139
 139 140 140 141 139 140 140 140 140 140 140 140 140 140 141 140 140 141
 141  28]"
"[ 28  29 100  99 100 100 100 102 103 103 103 103 103 103 104 104 105 105
 105 105 105 105 105 105 106 106 107 108 108 108 109 109 108 109 109 110
 111 112 112 112 114 114 114 115 115 115 116 117 117 117 117 118 117 118
 120 123 121 122 122 122 122 123 124 124 124 125 125 125 125 125 126 127
 128 128 128 128 129 129 129 129 129 129 129 129 130 130 131 131 131 130
 130 131 131 132 131 130 131 132 132 131 131 131 131 131 131 130 105  48
  29  32  31  26  25  24  23  24  24  24  24  24  24  24  24  24  25  25
  27  29  30  31  32  33  33  32  32  32  33  33  34  37  40  42  45  47
  47  47  46  45  45  46  48  50  53  58  97 137 135 141 140 138 141 141
 142 143 143 144 144 144 142 142 142 143 143 143 143 143 142 142 141 140
 140 140 140 141 141 141 142 142 142 142 142 142 142 142 142 142 142 142
 142  29]"
"[ 29  30 100 100 100 100 100 101 103 103 103 102 102 102 103 103 106 105
 105 106 106 105 105 105 106 107 107 108 109 110 111 111 110 110 110 110
 111 112 112 112 113 114 114 114 115 115 117 118 118 118 118 119 118 119
 121 123 122 123 123 123 122 123 124 125 126 126 126 126 126 126 126 127
 128 128 128 128 128 128 129 129 129 129 129 129 130 131 131 132 131 131
 131 131 132 132 132 132 133 133 132 131 131 131 131 131 132 131 124  76
  33  32  31  28  25  24  23  24  24  24  24  25  24  24  24  24  24  25
  26  28  29  31  33  33  33  33  32  32  33  33  34  36  39  42  45  48
  45  46  46  46  46  47  48  49  53  52  77 132 135 138 140 142 142 142
 143 144 145 146 145 145 144 144 144 144 145 145 144 144 142 142 141 140
 140 140 140 140 142 143 143 143 144 144 144 144 143 143 143 143 143 143
 142  29]"
"[ 29  30 101 100 100 100 100 102 103 103 103 102 102 102 102 103 105 105
 105 105 105 105 105 105 106 106 107 108 109 110 111 112 110 110 109 110
 111 112 112 113 114 114 115 115 115 116 117 118 118 118 118 119 120 120
 121 122 122 123 123 123 122 122 124 125 126 126 126 126 126 127 127 128
 128 128 128 129 129 129 129 129 130 130 130 130 130 131 131 131 131 132
 133 132 131 132 133 135 135 135 134 133 132 133 133 132 133 131 135 102
  39  31  31  30  27  25  24  24  24  24  24  24  24  24  24  24  24  24
  25  27  29  31  33  33  33  32  32  32  33  32  33  34  36  40  44  47
  46  46  46  47  47  47  48  49  52  51  58 117 136 137 140 142 143 143
 143 144 145 146 146 145 144 144 145 145 146 146 145 144 142 142 141 141
 141 141 140 140 143 143 143 143 144 144 144 145 144 144 144 143 143 144
 142  29]"
"[ 29  29 100 100 100 101 101 102 102 103 103 103 102 102 102 103 105 105
 105 106 106 106 106 107 106 106 107 108 109 110 111 111 111 110 110 111
 112 113 114 114 115 115 116 116 116 117 117 118 117 117 117 119 121 121
 121 121 122 123 123 123 122 122 123 124 126 126 127 127 127 128 129 130
 129 129 129 130 130 130 130 129 130 130 130 130 130 131 131 131 133 134
 134 133 132 132 134 135 136 136 136 135 135 135 135 135 134 132 136 117
  52  31  31  29  29  27  25  25  24  23  23  23  24  24  24  24  24  24
  24  26  28  30  32  33  32  32  32  33  33  33  33  34  36  38  43  46
  48  47  47  46  46  47  49  50  52  52  48  96 133 141 141 141 144 144
 144 145 146 146 146 146 145 145 145 145 146 145 145 144 144 143 143 142
 142 142 142 142 143 143 144 144 144 145 145 145 145 145 144 144 144 144
 143  29]"
"[ 29  29  99  99 100 101 101 102 102 103 104 104 103 103 103 104 105 105
 106 107 107 107 107 108 108 108 108 108 109 110 111 111 111 112 113 113
 114 114 115 115 115 115 116 117 117 117 118 119 117 117 118 120 122 122
 122 122 123 123 123 123 124 124 125 125 127 127 128 128 128 129 129 130
 130 130 130 130 131 131 131 130 131 131 131 131 131 131 132 132 135 135
 135 134 133 133 134 136 136 137 137 137 136 137 137 136 136 135 137 131
  80  39  33  30  29  27  25  25  24  23  23  24  24  24  24  25  24  24
  24  25  27  29  31  32  32  32  33  34  34  34  33  34  36  38  41  44
  47  47  47  47  47  47  48  49  51  51  49  73 120 143 142 142 144 145
 145 146 146 146 146 146 146 146 146 146 146 145 145 145 146 145 143 142
 141 142 142 143 144 144 144 145 145 146 146 146 145 145 145 144 144 145
 143  29]"
"[ 29  29  99  98 100 100 100 100 102 103 104 105 104 103 104 104 105 105
 105 106 107 107 107 108 110 109 109 109 110 111 111 111 111 112 114 114
 114 114 114 114 114 115 116 117 118 118 119 120 118 119 120 122 122 122
 122 123 124 124 124 125 125 126 126 126 128 128 129 129 129 129 129 129
 130 130 129 130 132 132 131 130 131 131 131 131 131 132 133 133 135 135
 135 135 135 135 135 136 137 137 137 137 136 136 136 135 135 134 134 140
 105  44  32  30  28  26  25  24  24  24  24  25  24  24  24  25  24  23
  24  24  25  27  30  31  31  32  34  35  34  34  33  34  36  37  39  41
  44  45  47  48  48  48  48  48  50  50  53  57 104 140 142 144 145 145
 146 146 146 146 146 147 147 147 147 147 146 146 146 146 146 145 142 140
 140 140 142 142 144 144 144 145 145 145 146 146 146 146 145 145 145 145
 143  30]"
"[ 29  29 101 101 100 100 100 101 101 102 103 103 104 104 104 104 105 105
 105 106 107 107 108 109 110 110 110 110 111 112 112 111 111 112 113 114
 115 115 115 115 116 116 116 117 118 118 120 122 122 122 122 122 121 122
 123 123 124 124 125 125 127 128 128 127 128 129 129 129 129 129 130 130
 130 131 131 131 131 131 132 132 133 134 135 135 134 134 134 135 136 136
 136 136 136 137 137 137 138 138 138 138 137 136 136 137 136 138 134 137
 123  61  27  33  31  28  25  24  23  23  24  25  24  24  24  24  24  24
  24  24  24  27  29  31  31  32  33  34  33  33  33  33  34  36  38  39
  43  45  47  48  47  47  47  47  49  48  52  53  88 132 146 144 146 147
 147 146 144 144 146 148 147 147 146 146 145 145 146 146 146 145 143 140
 139 140 142 144 145 146 146 146 146 147 146 146 145 145 144 146 146 145
 145  29]"
"[ 29  29 100 101 100 100 101 102 101 101 102 103 104 104 104 104 105 105
 106 107 107 108 108 109 110 110 110 110 111 112 112 111 112 113 114 115
 115 115 115 116 116 116 117 118 119 120 121 122 122 122 122 122 122 122
 123 123 125 125 125 126 127 129 129 129 130 130 130 130 130 130 131 131
 131 131 132 133 133 133 132 132 133 134 135 136 135 135 136 136 137 137
 137 137 137 137 138 138 138 137 138 138 137 136 137 138 137 141 137 135
 132  84  33  29  30  28  25  24  24  24  24  25  24  24  24  24  24  23
  23  23  24  26  28  30  31  31  33  34  33  33  32  32  33  35  38  38
  41  41  43  46  46  45  45  46  47  50  51  54  68 117 142 145 145 146
 147 148 147 149 150 147 149 148 148 148 147 147 147 147 147 146 144 141
 140 142 143 144 144 145 146 146 146 147 147 146 146 146 144 146 145 145
 145  29]"
"[ 29  29 100 101 100 101 101 102 101 101 102 103 104 105 105 104 105 105
 106 107 108 108 108 109 111 111 111 111 112 114 114 113 113 114 115 115
 115 116 116 117 117 117 118 119 121 121 122 122 122 122 122 122 123 123
 124 124 126 126 126 126 128 129 130 130 130 130 130 130 130 130 131 131
 131 132 133 134 134 134 134 133 134 135 135 136 136 136 136 137 137 137
 137 138 138 138 138 138 137 137 137 138 138 137 138 139 139 141 140 136
 143 113  46  32  31  29  26  25  25  25  24  24  25  24  24  24  24  24
  23  23  25  26  28  29  30  31  32  33  33  33  32  32  33  35  37  38
  40  39  41  44  45  43  43  46  45  49  49  53  53  96 137 147 146 145
 147 146 145 149 151 147 148 148 148 148 148 147 147 147 147 146 145 143
 142 143 144 145 145 145 145 146 147 148 148 147 147 147 145 146 146 145
 145  28]"
"[ 29  28 100 100 100 101 101 102 102 102 102 103 104 105 105 104 104 104
 105 107 108 109 109 110 111 111 111 112 113 114 115 114 114 114 115 115
 115 116 116 117 118 117 118 120 121 122 122 122 122 122 122 122 124 125
 125 125 126 127 127 128 129 130 131 131 130 130 131 131 131 131 131 132
 132 132 132 134 135 136 136 135 136 136 136 136 137 137 137 137 138 138
 138 138 139 139 139 139 138 138 138 139 139 139 140 141 142 140 139 138
 143 124  58  31  32  31  29  27  26  24  24  24  24  24  24  24  24  25
  25  25  26  27  28  29  29  30  31  32  33  33  33  33  34  35  37  38
  40  40  41  43  44  43  44  45  45  45  48  48  51  72 125 146 147 146
 149 150 147 149 153 151 151 151 151 151 151 151 150 149 147 147 146 145
 144 145 145 145 145 146 146 147 148 149 149 148 148 148 146 147 146 146
 146  29]"
"[ 30  28  99 100 100 101 102 102 102 102 103 104 104 105 105 104 105 105
 106 108 108 108 109 109 110 110 110 111 112 113 114 114 115 115 115 115
 115 116 117 117 119 118 118 119 121 122 122 122 122 122 122 123 124 126
 126 126 126 127 128 129 130 131 131 131 129 130 131 132 132 133 133 133
 132 132 132 134 135 137 137 137 138 137 137 137 138 138 138 137 138 138
 139 139 140 140 140 140 139 139 139 140 141 141 141 142 143 139 138 141
 142 134  83  36  32  31  31  29  26  24  23  24  24  24  24  24  25  25
  26  26  26  26  27  27  29  30  31  31  32  33  33  33  34  35  36  36
  38  40  41  41  42  44  44  43  45  44  47  44  50  52 101 142 146 145
 149 152 151 151 152 152 152 152 152 152 152 152 150 149 148 148 147 146
 146 146 146 145 146 146 147 147 148 150 150 149 148 148 146 147 146 147
 147  29]"
"[ 30  28  99 100 100 101 102 102 103 103 104 104 105 105 105 105 107 107
 107 108 108 108 108 109 111 111 111 111 112 114 114 114 115 115 116 116
 116 116 117 117 119 118 118 119 121 122 122 122 123 123 123 124 125 126
 126 126 126 128 129 130 130 131 131 131 130 130 131 132 133 133 133 134
 133 133 133 134 136 137 138 139 138 137 137 137 138 138 137 137 138 138
 139 139 140 140 140 140 140 139 139 140 141 141 141 142 141 141 139 142
 141 142 110  43  30  31  31  30  27  24  24  24  24  24  24  24  24  24
  24  24  24  24  25  26  28  30  30  30  31  32  33  33  34  35  35  34
  34  38  40  39  40  42  43  41  41  44  43  43  48  45  76 132 151 149
 148 149 151 151 151 151 152 151 151 151 151 151 150 149 148 148 147 146
 146 147 146 145 146 147 148 148 148 149 150 149 148 149 147 147 147 148
 147  29]"
"[ 29  28  99  99 100 101 102 103 102 103 104 105 105 105 106 106 108 108
 108 108 109 109 109 110 112 112 112 112 113 114 115 114 115 116 117 117
 117 117 117 118 119 118 119 120 122 122 122 122 124 124 125 125 125 126
 126 127 127 128 130 130 130 131 131 131 131 131 132 132 132 132 134 134
 134 135 135 136 137 137 138 139 138 138 137 138 138 138 138 138 138 138
 139 140 141 141 141 141 141 140 140 141 141 141 141 142 143 144 141 140
 137 142 125  56  31  30  30  30  28  25  24  24  25  25  25  24  24  23
  24  24  23  23  24  26  29  30  31  30  30  31  32  32  33  34  34  33
  34  37  39  39  39  41  41  40  38  42  40  42  46  46  54 108 150 154
 152 149 152 154 153 155 154 154 153 153 153 153 152 151 149 149 148 147
 147 148 147 146 148 149 150 150 149 150 150 151 149 150 149 149 149 150
 148  29]"
"[ 30  28  99 100 100 102 103 103 102 103 105 105 105 105 106 107 108 108
 107 108 109 109 111 112 112 112 112 112 113 114 115 114 116 117 117 118
 118 118 118 118 119 119 120 121 123 123 122 122 123 124 125 126 126 127
 127 128 128 129 130 130 130 131 132 132 133 133 133 132 132 133 134 136
 135 136 137 138 137 137 138 138 139 139 139 139 140 140 140 140 140 140
 141 142 143 143 144 144 144 143 142 143 144 143 143 143 142 144 143 143
 141 147 141  83  33  31  31  31  29  27  24  23  26  26  25  25  24  24
  24  24  24  24  25  27  30  31  31  30  31  31  32  32  32  33  34  33
  35  37  39  41  40  39  39  40  39  39  40  38  47  48  40  82 133 149
 154 150 153 154 153 155 154 153 152 153 153 153 152 151 151 151 150 149
 149 150 149 148 149 151 152 151 150 151 151 152 151 152 151 151 150 151
 150  30]"
"[ 29  30  99 100 101 103 101 104 102 104 105 105 104 104 106 107 108 108
 108 109 109 110 110 111 112 112 113 113 114 114 114 114 117 116 117 118
 119 118 119 121 122 122 122 122 122 122 123 124 125 126 127 128 128 128
 128 129 130 130 131 131 131 131 132 133 134 134 133 132 133 134 136 136
 136 136 137 138 138 138 139 140 138 139 141 142 142 141 141 140 142 143
 143 143 142 143 144 145 144 143 144 144 144 143 144 145 144 144 145 143
 144 142 142  99  41  32  30  30  29  25  25  25  28  27  25  24  23  24
  24  25  24  24  25  25  27  30  31  31  31  31  32  32  33  32  33  34
  36  37  37  38  39  39  39  40  40  40  40  40  41  45  52  57 110 153
 153 154 156 151 155 153 154 154 153 154 154 153 153 152 152 151 150 150
 150 150 149 148 150 151 151 152 151 151 151 151 150 151 151 151 148 151
 151  27]"
"[ 32  26 103 100 102 105 102 101 102 104 105 105 105 105 106 107 109 110
 110 110 110 111 112 112 111 112 113 114 114 114 115 115 118 117 118 119
 119 118 119 120 122 121 122 123 123 124 124 124 125 125 127 128 129 129
 129 130 129 130 130 131 131 132 133 133 135 136 136 135 136 137 137 137
 136 137 137 138 138 138 138 139 140 140 142 143 143 142 141 141 141 142
 142 142 142 142 143 144 144 144 144 144 144 144 145 145 145 144 145 142
 143 143 145 114  49  29  29  28  32  29  25  26  26  26  25  24  24  24
  24  24  23  24  24  25  27  29  30  30  31  30  31  32  32  32  33  34
  35  35  36  36  37  38  38  38  37  37  38  39  41  43  46  49  79 149
 155 155 151 152 157 155 155 155 154 154 154 155 154 154 152 152 151 151
 151 150 149 149 149 150 151 152 152 152 153 153 155 148 153 149 147 149
 153  31]"
"[ 30  27 101  99 101 104 104 106 103 104 105 106 106 106 107 108 109 109
 109 109 109 109 111 112 111 112 113 114 114 114 115 115 116 117 118 119
 119 119 120 121 123 122 122 124 125 125 125 125 125 125 126 128 129 130
 130 130 130 131 131 132 133 133 134 135 135 136 136 136 137 137 137 137
 139 139 140 140 140 139 139 141 140 141 142 143 143 143 142 142 144 144
 145 145 144 144 145 146 145 145 144 145 146 145 146 146 147 145 147 143
 144 144 147 132  63  33  37  28  29  30  25  24  26  26  26  26  26  25
  25  24  24  24  25  25  27  29  30  30  30  30  30  30  31  31  32  33
  33  34  34  35  36  37  37  37  36  36  37  39  41  42  43  44  61 131
 154 153 153 157 154 153 155 155 154 154 154 155 155 155 155 154 153 153
 153 152 151 151 151 152 153 154 154 155 155 155 152 154 148 152 158 150
 150  27]"
"[ 27  34  98 103 105 104 102 105 104 104 105 105 106 107 108 108 110 110
 110 110 109 110 111 113 113 114 115 115 114 115 116 117 115 117 119 120
 119 118 119 120 122 121 122 123 125 124 124 123 126 125 126 128 129 130
 130 130 131 131 132 133 133 134 135 135 136 137 137 138 138 139 139 138
 138 139 140 140 139 138 138 140 140 141 142 143 143 143 143 143 143 143
 144 144 143 143 143 144 145 144 144 145 146 146 146 146 146 144 147 144
 146 145 145 142  88  28  30  28  30  27  25  27  24  24  24  25  24  24
  23  23  23  23  23  24  25  27  28  29  30  30  30  31  31  31  31  32
  32  32  33  34  35  36  37  37  37  37  38  39  40  41  43  45  44  93
 148 151 155 160 155 155 156 155 155 155 155 155 155 155 155 154 153 153
 152 152 151 151 151 152 153 154 154 153 153 153 151 155 152 155 148 153
 159  30]"
"[ 29  30  98 100 102 104 104 105 105 105 105 105 106 107 108 108 109 109
 110 110 110 111 113 114 113 114 114 114 114 114 116 118 120 121 123 123
 121 120 121 121 123 122 122 124 125 125 124 123 125 125 126 127 129 130
 130 130 130 130 131 132 133 135 135 136 135 136 137 137 138 139 139 139
 140 140 141 142 142 141 142 143 143 143 144 144 145 144 144 144 143 144
 144 144 144 144 145 145 146 145 145 146 147 147 147 147 147 145 148 146
 148 146 144 147 105  32  33  34  31  28  26  24  24  24  24  24  24  24
  24  24  24  24  24  23  24  26  28  29  29  29  31  32  32  32  32  32
  31  32  33  34  35  36  37  37  37  37  37  37  37  38  41  44  46  71
 136 155 152 156 159 160 157 157 157 157 157 156 156 155 155 154 154 153
 153 153 152 151 152 152 153 154 154 153 153 153 157 149 152 153 153 155
 151  26]"
"[ 30  24 106 104 102 103 105 103 105 105 105 106 106 107 107 108 108 109
 109 110 110 112 113 115 114 115 115 115 116 117 118 120 118 120 122 122
 121 121 122 122 122 122 122 124 125 125 124 124 126 126 126 128 130 130
 131 131 131 131 132 134 135 137 137 137 137 138 138 138 138 140 140 140
 139 139 140 142 142 142 143 144 143 143 143 143 143 143 142 142 143 143
 144 144 145 145 146 146 145 145 145 146 146 146 146 146 147 146 146 145
 147 146 145 149 129  48  29  29  30  29  29  24  25  25  24  24  24  24
  25  25  25  25  25  24  24  25  27  28  26  27  29  31  32  31  31  32
  31  32  33  34  35  36  36  36  36  37  38  38  37  37  39  41  45  49
  97 153 155 156 159 157 158 158 158 158 158 157 156 155 155 155 154 154
 154 154 153 153 152 153 154 154 154 154 154 154 153 154 154 153 155 151
 158  29]"
"[ 30  32  96 101 103 104 105 104 105 105 105 105 105 106 106 107 109 109
 109 110 110 111 112 112 113 114 114 115 115 116 116 117 118 120 121 121
 121 122 123 123 123 122 123 124 124 124 124 124 128 128 129 130 130 130
 131 132 132 132 133 134 135 136 136 136 138 138 138 138 138 139 140 139
 141 140 141 142 143 143 144 144 145 145 145 145 145 144 144 144 143 144
 144 145 145 146 146 146 146 146 147 147 147 147 147 147 148 149 147 147
 148 147 148 150 137  64  30  31  36  28  25  26  24  24  24  24  24  24
  24  24  24  25  25  24  23  24  25  26  26  27  28  30  30  29  29  30
  31  31  31  32  33  33  33  33  35  35  36  36  35  34  35  36  41  43
  74 136 155 160 160 160 158 158 158 158 158 158 157 156 154 154 154 153
 154 154 153 153 152 153 153 154 153 153 154 154 154 154 155 156 152 155
 152  29]"
"[29 29 31 30 28 29 28 30 29 29 29 29 29 29 30 30 29 29 29 29 29 29 29 29
 29 29 29 30 30 29 29 28 28 30 30 29 28 29 29 28 29 29 29 29 29 29 29 29
 29 29 29 30 29 28 29 29 29 28 28 29 30 30 30 29 29 29 29 29 29 29 29 29
 29 28 28 29 30 30 29 29 28 28 29 29 29 29 29 29 29 29 29 30 30 29 29 29
 28 28 29 30 29 28 29 30 28 30 28 30 29 27 29 29 28 28 30 28 28 28 30 29
 29 29 29 29 29 29 29 29 28 29 30 29 29 29 29 29 28 28 29 30 30 29 29 29
 28 29 29 29 29 29 29 29 30 29 29 29 29 29 29 30 27 30 29 29 29 30 26 30
 30 29 29 29 29 29 29 28 30 29 29 29 29 29 29 29 29 29 29 29 29 29 29 30
 29 29 28 28 30 30 27 31]"
