"[30 30 28 31 28 31 29 28 30 30 29 28 29 30 30 29 30 29 29 30 29 29 30 29
 28 28 29 31 29 29 29 29 28 29 30 29 29 29 29 29 29 30 30 29 28 29 29 28
 28 31 29 29 30 30 32 29 30 30 30 30 30 30 30 30 29 29 30 30 29 29 30 28
 30 29 29 29 29 29 29 29 29 29 29 29 29 29 29 29 29 29 29 29 29 28 29 30
 29 29 29 29 28 29 29 29 28 29 29 28 28 29 29 29 30 29 28 29 30 29 29 29
 29 29 29 29 29 29 30 31 29 30 30 29 28 29 29 28 28 29 29 29 29 29 29 30
 29 30 28 31 29 28 31 28 28 29 29 29 29 28 29 29 29 28 29 30 30 29 29 30
 28 28 28 29 29 29 29 29 29 30 30 30 29 29 28 28 29 29 28 29 29 29 29 28
 29 29 29 30 30 30 30 30]"
"[32 29 32 27 27 28 26 32 30 30 29 29 29 29 28 28 29 28 29 30 28 28 29 29
 31 29 29 29 27 28 29 28 29 29 29 29 28 28 29 29 29 29 29 29 29 30 30 29
 28 30 28 28 28 27 29 27 29 29 29 29 29 29 29 29 30 29 29 29 28 29 30 28
 28 28 28 30 30 30 30 30 29 29 30 30 30 30 29 29 29 29 29 29 28 28 28 29
 30 30 30 29 28 29 29 29 29 30 30 30 29 30 30 30 30 28 28 29 30 30 30 30
 28 28 29 30 31 30 28 27 28 29 30 29 29 30 30 30 29 29 29 29 28 29 28 28
 27 28 27 30 29 28 31 29 30 29 28 29 30 31 30 28 31 30 29 29 29 29 29 29
 30 30 30 29 29 28 29 29 29 29 28 28 29 30 30 30 30 30 29 28 29 29 30 30
 32 25 28 29 28 32 25 30]"
"[ 28  31 114 122 125 118 112 113 110 110 109 109 108 107 106 107 101  99
  99  98  94  91  91  90  86  83  81  80  77  76  75  73  75  73  72  71
  69  67  66  67  63  62  60  58  57  56  54  52  55  55  53  53  52  50
  52  51  47  47  47  47  47  46  46  46  45  43  42  42  40  40  39  37
  33  33  34  36  37  36  36  35  34  35  36  37  37  36  35  35  34  34
  34  34  34  33  33  34  30  29  28  26  25  25  25  24  24  24  24  24
  23  22  23  23  23  23  23  23  22  22  25  27  35  35  38  41  46  51
  55  56  55  58  60  63  66  71  74  75  77  79  79  79  80  82  83  83
  87  88  88  90  89  87  89  88  91  93  95  96  97  99 102 105 103 102
 102 104 106 108 110 111 112 113 114 113 112 112 113 115 109 105  99  93
  88  85  81  78  79  83  89  97 105 112 118 121 124 137 138 139 144 165
 177  30]"
"[ 34  26 124 124 121 120 124 121 123 121 120 119 116 114 113 114 112 111
 111 110 106 103 103 102 101  99  97  95  92  90  87  83  78  76  75  76
  75  72  72  74  70  70  69  68  67  66  65  64  62  61  57  57  57  54
  55  54  54  54  53  52  51  49  48  47  50  48  49  48  46  44  43  41
  39  40  40  40  40  39  37  36  38  38  37  38  38  38  37  37  36  36
  36  37  36  35  36  36  34  34  33  31  29  28  28  28  30  30  29  29
  27  25  25  25  23  24  24  24  22  22  23  24  23  22  22  23  26  30
  35  38  47  48  51  53  57  61  65  68  69  71  71  70  70  73  74  74
  76  79  80  83  85  84  85  85  84  86  89  90  90  92  97 101 101 100
 100 101 103 104 105 105 109 110 112 112 111 111 113 114 113 111 108 105
 104 104 103 102 102 100  96  92  90  89  89  89  96 100 108 122 124 127
 130  25]"
"[ 29  31 128 133 131 129 131 125 127 126 125 124 123 121 122 123 120 119
 121 120 117 114 114 113 112 110 110 109 107 106 105 101 100  97  94  92
  89  83  80  80  75  76  75  75  73  72  72  72  74  72  67  67  67  65
  65  63  62  62  61  59  57  55  53  52  55  54  54  54  50  48  49  48
  46  47  46  45  44  43  41  39  42  40  38  37  37  37  37  37  37  37
  37  37  37  36  36  37  37  37  37  37  35  33  33  34  32  32  32  32
  31  29  29  29  28  28  28  28  28  28  26  24  26  26  26  25  23  23
  23  24  24  25  28  31  35  40  45  49  52  55  57  56  57  61  64  66
  66  69  72  75  78  79  77  80  80  80  81  82  84  88  91  93  89  89
  91  94  98 100 101 102 104 106 107 108 107 107 108 110 112 112 113 112
 113 114 114 114 111 113 115 116 115 111 104 100  97  97  92  91  91  96
 102  31]"
"[ 29  29 159 150 146 141 144 143 139 138 136 134 132 131 131 130 130 128
 129 129 125 123 122 121 121 120 120 118 116 116 117 114 110 108 107 107
 106 103 100  99  96  95  93  91  88  85  83  83  83  80  75  75  75  73
  72  68  68  67  67  66  65  64  63  63  63  60  59  57  52  50  51  52
  53  54  53  51  50  50  49  47  50  47  44  42  41  42  42  42  40  40
  40  40  40  38  38  39  35  35  36  37  35  33  33  35  35  34  34  35
  36  35  35  35  32  33  32  31  30  31  32  33  29  30  30  29  26  24
  23  23  24  24  23  23  23  24  25  27  30  32  34  37  39  43  47  51
  50  53  56  58  64  66  64  69  74  75  76  77  78  82  86  89  85  85
  87  88  89  89  89  90  96  97  99 101 102 103 104 105 105 107 110 111
 111 113 114 115 117 116 116 116 118 120 122 122 122 117 112 105 111  99
  94  28]"
"[ 31  24 169 165 167 165 167 162 160 160 157 151 147 145 142 138 136 134
 134 134 132 130 131 130 129 130 130 127 123 123 124 122 121 119 117 116
 115 114 111 108 108 106 105 105 104 102 100  99  95  94  90  87  86  84
  83  79  76  75  75  74  73  73  73  73  74  70  68  67  63  61  61  61
  59  60  59  57  56  57  56  53  55  53  50  49  49  49  49  49  44  44
  44  44  43  42  42  42  40  39  39  40  38  36  36  37  36  34  34  37
  38  37  36  37  37  38  38  40  43  45  45  43  45  43  39  36  33  31
  30  29  25  24  24  25  24  23  24  25  25  23  23  24  24  24  27  30
  33  35  39  40  48  52  52  59  63  65  66  65  64  66  71  75  75  76
  80  84  86  88  90  92  89  89  89  91  94  96  98  98  99 101 104 105
 106 108 109 110 112 113 115 116 117 119 120 121 119 126 117 118 113 117
 113  30]"
"[ 29  32 136 148 147 152 166 171 174 176 175 170 169 169 167 163 153 149
 147 145 141 139 139 138 137 139 140 138 133 133 132 130 130 128 126 124
 124 124 121 118 117 114 113 114 116 115 113 111 110 111 107 103 100  98
  98  93  91  90  88  85  83  82  81  80  76  72  72  74  73  71  70  69
  67  68  67  65  64  64  63  60  59  57  56  55  56  57  57  56  51  50
  50  50  49  48  47  48  48  45  43  43  42  40  38  39  40  38  38  40
  41  39  38  39  40  38  40  50  63  66  54  40  36  34  33  32  33  33
  33  32  33  32  32  33  32  29  28  29  32  27  25  25  25  23  23  25
  25  26  27  25  31  34  32  40  49  49  49  51  54  58  61  63  64  67
  71  76  78  81  84  86  88  87  86  86  88  90  91  91  93  95  96  97
  99 101 103 104 104 106 110 111 111 111 113 114 118 117 118 118 119 119
 123  28]"
"[ 30  31 103 104 106 103 101 110 111 120 135 149 161 164 164 172 174 174
 178 173 171 168 167 163 155 152 146 141 141 139 135 132 131 130 130 129
 133 130 133 130 130 129 126 124 124 126 124 121 123 119 117 117 115 113
 112 111 106 107 106 104 100  98  96  95  92  89  85  81  80  80  78  77
  74  75  74  75  75  73  73  70  69  66  63  61  60  61  63  62  60  58
  58  56  57  58  54  52  49  50  51  51  48  46  46  48  47  46  44  44
  44  43  43  43  44  36  53  71  73  58  35  31  29  28  27  27  26  27
  32  38  43  41  39  40  40  39  38  39  36  35  32  31  30  29  28  28
  26  26  27  29  30  29  26  24  22  23  26  29  32  35  39  41  51  55
  57  55  58  65  68  73  72  74  79  78  85  85  86  89  90  91  89  88
  89  90  92  95  96  96 102 105 104 105 109 109 112 111 117 114 115 119
 117  29]"
"[ 31  27  95  98 100 102 103 107 106 107 109 110 114 116 118 127 131 136
 147 155 157 161 164 166 169 174 174 172 172 170 162 155 156 154 150 145
 144 136 135 130 130 134 136 135 135 134 132 130 127 128 128 126 124 125
 125 121 119 117 115 113 113 112 111 109 104 103 100  97  96  96  95  94
  88  85  78  79  81  81  82  79  77  75  74  72  69  69  72  72  72  69
  68  65  65  65  62  60  57  58  58  59  57  55  55  57  52  50  48  47
  46  46  47  49  42  49  76  77  57  36  29  30  27  26  25  25  24  24
  27  31  39  40  40  40  40  41  40  40  41  41  40  39  37  36  35  34
  31  31  31  31  31  29  27  26  27  26  25  25  25  24  24  24  22  26
  31  32  37  45  48  53  60  64  72  71  72  73  77  75  78  81  85  90
  91  88  87  91  92  92  94  96  97 101 104 106 108 106 107 108 112 112
 110  31]"
"[ 30  26  95  98  94  97  96  94  94  97 102 103 106 106 104 108 109 106
 104 110 111 119 124 128 132 141 150 154 159 163 166 169 172 173 172 170
 168 163 166 164 156 155 150 143 138 136 136 135 138 137 135 131 130 133
 134 130 130 129 128 126 125 124 121 118 118 117 116 113 111 109 108 107
 104 103 100  99  97  93  90  86  88  82  78  79  79  80  80  78  79  75
  74  71  71  73  70  69  68  67  66  64  62  60  59  60  59  59  57  55
  53  53  55  57  59  59  74  57  37  27  31  28  25  24  24  24  23  23
  24  26  32  37  40  40  39  41  41  40  40  41  41  41  40  40  40  41
  40  38  37  37  35  32  32  33  32  30  29  30  30  28  26  25  26  28
  29  25  24  25  22  23  28  36  57  71  71  64  61  54  57  60  66  74
  79  80  83  90  90  91  89  88  91  94  94  95  98 101 101 101 105 104
 104  29]"
"[ 29  28 101  96  88  90  89  88  88  89  91  89  89  89  87  88  91  92
  93 100 102 105 103  99 104 106 109 111 110 107 110 119 129 136 142 145
 147 150 160 166 174 174 173 171 169 167 164 162 159 152 148 145 142 139
 136 133 132 133 133 133 132 131 130 129 125 125 124 123 122 120 119 117
 118 118 115 114 112 109 108 106 105  97  91  92  92  92  90  87  88  85
  85  82  82  83  80  80  78  76  74  72  71  70  68  68  66  67  67  65
  62  61  61  61  62  62  65  43  30  27  30  24  25  24  24  25  25  24
  24  25  26  34  40  40  40  41  42  41  40  39  38  38  38  40  42  43
  44  42  40  40  39  37  38  40  39  37  36  36  36  35  33  31  28  29
  31  28  28  28  25  26  25  40  57  63  53  39  32  27  30  36  47  60
  70  75  77  82  82  85  83  82  86  89  89  90  86  89  91  93  94  95
  98  28]"
"[ 29  30 125 118 113 115 109 111 105 100  98  92  89  90  89  90  92  94
  92  88  88  89  95  92  98  96  96 101 104 101 100 103 104 108 109 110
 107 108 116 121 131 138 147 154 160 164 167 168 165 164 167 169 166 162
 159 156 152 151 149 145 143 141 139 137 134 133 132 130 130 130 129 127
 128 126 122 123 124 122 121 117 118 114 112 111 107 104 102 101  98  96
  96  93  92  92  87  86  85  83  81  80  80  81  80  79  76  76  76  74
  73  72  70  69  64  69  59  39  32  30  25  23  24  24  24  24  25  25
  24  24  23  32  41  44  44  45  46  46  47  45  42  40  41  43  44  44
  43  41  39  40  40  40  41  42  42  41  40  40  40  40  39  39  39  39
  39  36  35  34  31  34  41  66  68  53  39  32  30  28  23  24  25  30
  39  46  50  52  57  62  63  65  72  79  81  84  86  83  86  92  89  92
  96  30]"
"[ 29  29 158 148 144 144 136 136 130 125 125 122 118 115 109 105  96  97
  94  87  87  85  91  84  88  88  85  85  90  94  96  97  96  98  94  98
  98 101 105 108 102 106 110 111 111 113 120 125 132 141 152 158 161 167
 172 172 175 173 171 169 167 164 157 152 145 144 142 140 140 140 139 139
 138 139 136 136 135 132 131 128 127 125 125 125 121 119 117 114 115 113
 114 111 109 108 103 101  97  95  91  89  88  88  86  83  85  84  82  80
  79  80  79  76  76  77  56  35  32  33  26  26  24  24  24  24  24  24
  24  23  23  29  39  48  52  52  52  52  52  50  48  48  49  49  48  47
  45  44  42  42  42  43  44  44  42  41  41  43  44  45  46  47  45  44
  45  45  46  47  47  52  61  76  60  40  31  27  24  23  24  26  26  26
  30  32  29  26  26  30  34  39  47  56  63  67  81  82  89  88  86  95
  93  26]"
"[ 30  27 197 186 176 173 169 167 159 152 152 153 151 150 145 141 138 136
 127 122 118 114 115 105 101 101  95  88  86  87  88  90  91  92  88  92
  91  94  95  95  95  98 101 102 102 104 108 112 105 109 112 112 112 115
 118 116 133 137 145 154 163 170 173 173 174 176 176 174 170 165 162 159
 149 150 146 144 140 138 143 144 143 140 138 136 135 136 134 129 127 125
 126 123 122 122 117 116 117 114 110 106 104 102  99  96  96  95  92  89
  88  88  87  85  82  84  67  41  34  29  28  28  24  24  24  24  24  24
  24  23  23  25  34  50  60  61  60  60  58  57  56  56  57  56  54  53
  51  52  51  49  48  50  51  51  48  46  45  45  46  46  45  45  45  44
  46  46  48  50  52  59  73  66  39  31  28  26  26  27  25  26  24  22
  25  29  33  36  35  33  33  32  31  31  33  32  33  41  53  53  59  75
  76  32]"
"[ 28  32 241 247 235 229 225 220 209 197 191 187 181 177 171 167 162 163
 153 155 148 145 146 141 141 138 133 128 123 114 105 103  97 100  96  98
  91  90  89  90  91  90  90  92  95  96  97  98 100  96  97 102 105 107
 106 104 101 106 110 111 112 117 124 130 129 139 152 162 167 170 172 172
 175 175 172 171 167 163 161 159 157 155 150 143 139 140 142 139 140 137
 137 134 132 132 129 129 127 126 123 120 119 119 116 113 113 113 110 106
 103 103 101  98  94  90  72  43  35  29  31  25  23  24  24  24  24  25
  24  23  24  22  31  51  66  68  66  66  67  67  65  64  62  61  59  58
  58  60  59  55  53  56  58  57  54  51  49  49  51  51  49  48  46  45
  45  45  45  46  47  55  64  55  32  28  24  23  25  23  23  24  23  23
  25  27  32  39  38  35  37  40  38  38  39  36  42  40  43  39  37  38
  42  28]"
"[ 29  29 243 248 249 248 248 248 249 249 248 246 242 236 229 225 212 207
 199 190 181 174 168 163 164 158 152 150 148 146 144 144 131 131 128 124
 122 120 114 108 104  99  93  90  89  90  91  93  93  90  89  91  94  96
  95  95  97  95  95  99  97 103 104 109 110 109 113 111 116 122 131 132
 139 142 151 161 168 175 178 176 179 177 174 172 171 167 160 155 155 152
 151 147 145 138 135 133 136 138 135 134 130 131 128 126 128 126 125 123
 119 118 117 115 109 104  92  45  36  32  29  25  24  24  24  25  25  25
  25  25  25  24  23  41  74  78  74  77  77  75  73  72  74  74  71  67
  66  65  64  64  63  61  61  62  59  57  56  58  58  55  52  51  53  50
  49  48  47  46  48  57  61  43  33  25  25  24  25  23  23  24  25  23
  24  25  36  53  55  53  52  50  48  47  45  44  46  45  44  41  47  38
  35  31]"
"[ 30  29 243 248 248 248 248 248 248 248 248 249 250 250 248 248 249 249
 249 249 248 243 234 227 219 214 207 201 192 182 174 171 167 165 161 157
 155 154 151 147 140 137 132 128 125 120 115 111 106 104 102  99  95  91
  90  91  94  91  90  90  85  89  91  97  97  98 100 101 101 104 107 108
 107 107 109 109 107 114 124 130 142 149 155 159 165 170 174 177 174 175
 174 167 166 162 159 153 148 149 145 143 137 138 136 135 130 130 132 133
 131 130 128 125 125 120 108  61  33  34  31  29  25  24  24  24  24  25
  25  24  25  22  25  30  65  79  79  80  78  80  81  80  80  81  82  83
  80  76  72  72  73  72  70  69  68  66  65  65  65  63  61  60  61  59
  58  56  55  55  57  62  58  40  32  25  24  23  24  24  24  24  24  22
  23  24  33  50  57  58  59  60  60  60  60  60  58  57  58  52  51  46
  45  26]"
"[ 30  29 244 248 249 248 248 248 249 249 248 248 248 249 249 249 249 250
 249 249 249 250 249 249 250 250 250 248 244 238 233 231 218 215 210 202
 195 188 179 172 167 164 159 156 155 153 147 142 142 137 132 127 120 113
 110 111 106 100  97  96  92  94  89  88  89  90  90  95  92  95  94  96
  93  97 102 102  98  98 104 108 111 115 115 114 122 131 139 147 148 153
 160 159 162 163 166 165 171 171 167 164 158 157 153 152 149 148 144 139
 136 137 137 135 133 133 129  92  38  35  32  28  26  25  24  23  24  24
  24  24  24  23  25  22  49  86  92  90  90  93  95  93  91  90  88  85
  87  83  81  81  83  82  79  76  77  77  76  75  73  70  69  68  68  67
  63  60  59  60  63  66  53  36  30  25  24  22  24  25  24  24  23  22
  23  24  29  45  53  55  58  60  60  61  63  65  66  66  69  66  64  66
  69  30]"
"[ 30  29 244 249 250 249 249 249 250 249 249 249 249 249 248 248 249 249
 251 249 248 248 250 250 249 249 251 251 251 250 250 250 248 249 250 249
 247 242 236 231 220 214 204 194 188 182 174 165 162 159 159 161 160 153
 145 142 141 134 130 126 121 118 109 103  97  94  93  95  92  91  90  90
  90  91  92  92  91  91  94  96  94  99  98  97 101 103 101 102 106 108
 114 115 117 119 130 140 147 154 160 169 171 176 175 175 169 171 168 163
 159 156 151 146 143 144 143 118  49  32  34  32  28  26  24  23  24  24
  24  24  24  25  24  24  34  91 111 106 106 106 104 100  98  98  97  94
  96  96  95  94  91  89  88  88  85  86  87  86  84  81  78  78  79  78
  74  72  69  69  70  69  47  32  28  26  26  23  23  24  24  23  21  21
  22  23  25  42  57  58  60  61  62  63  65  66  64  65  66  69  71  75
  78  30]"
"[ 29  29 244 250 251 250 249 249 249 249 250 251 252 251 250 250 250 249
 249 249 251 250 249 246 251 250 250 250 250 250 250 250 250 250 250 250
 251 251 250 249 251 251 250 249 250 250 245 239 227 218 207 201 195 187
 180 177 171 167 167 162 157 154 150 148 146 138 133 127 123 115 111 106
 101  96  90  87  87  88  89  90  93  97  96  94  97  99  99 100  95  96
 100 100 100  98 104 111 108 108 106 108 111 122 130 138 151 158 162 164
 170 173 172 172 172 171 167 151  80  35  34  30  30  28  25  24  24  25
  25  24  24  25  23  27  26  80 125 121 121 124 124 120 116 115 114 113
 109 108 106 101  96  94  94  96  94  95  95  95  93  92  91  90  87  86
  84  86  83  78  76  69  46  31  27  25  26  23  23  23  24  22  20  21
  22  23  22  42  62  63  64  66  66  67  67  67  66  67  63  66  69  68
  70  27]"
"[ 29  29 246 251 251 250 250 250 251 250 250 250 250 250 249 249 251 250
 250 249 249 250 251 251 249 249 249 249 251 251 251 251 249 249 249 249
 249 250 250 250 249 250 250 250 251 251 250 246 251 250 250 251 249 245
 240 238 226 220 218 207 198 188 180 173 171 165 164 160 160 154 151 144
 137 135 130 126 123 116 108 105 104 102 101  99  98  97  93  89  88  90
  94  94  97  95  96  93  97  99  99 102 102 106 108 111 114 117 116 115
 121 127 132 138 145 146 146 143  96  42  35  31  30  28  26  24  24  24
  24  24  25  24  24  25  24  56 125 132 132 131 130 128 128 127 126 124
 125 125 123 120 117 114 112 109 105 104 103 100  98  98  97  96  95  94
  91  94  93  90  87  74  45  31  27  23  24  23  24  23  23  22  21  22
  22  24  20  44  68  69  72  74  75  74  73  71  71  72  69  69  68  64
  67  30]"
"[ 29  30 246 252 252 251 251 251 251 251 250 250 251 251 251 251 249 251
 251 251 251 250 250 250 251 251 251 250 250 250 249 248 251 250 251 251
 251 251 250 251 251 251 251 250 250 251 250 250 249 249 250 250 250 250
 250 250 251 248 251 247 249 246 241 234 225 220 215 207 198 188 178 168
 162 161 158 158 158 152 145 144 147 135 127 121 115 112 111 106 100  97
  95  90  91  90  91  88  90  92  92  95  92  92  90  92  96  99  97  97
 101 102 104 112 114 112 110 110  92  49  34  34  30  29  27  25  24  24
  24  24  25  24  25  24  25  35 113 144 144 138 131 130 133 135 136 137
 135 135 133 132 131 129 126 123 122 120 117 114 112 110 108 106 103 102
  96  97  97  97  91  69  41  29  27  23  23  23  25  23  23  23  22  23
  22  24  19  46  72  74  76  78  78  77  75  74  76  76  77  76  73  71
  73  31]"
"[ 29  30 246 253 253 252 251 252 252 251 251 252 253 253 252 251 252 251
 251 251 252 252 252 251 250 251 251 251 250 251 251 251 251 251 251 251
 251 251 251 252 251 251 251 252 251 250 250 250 250 250 251 250 250 251
 251 250 251 249 252 249 251 250 251 250 251 251 251 251 250 251 246 242
 230 225 215 208 205 194 183 179 167 161 163 163 153 147 147 143 141 137
 137 133 128 115 111 111  97  98  97  98  92  90  87  88  83  87  87  88
  92  89  89  97  99  98  96  97  98  64  36  36  32  31  29  27  25  25
  25  25  24  26  24  25  26  26 102 154 165 163 162 162 159 153 148 147
 147 146 142 137 135 135 136 136 138 137 135 133 131 130 126 121 122 124
 118 117 116 114 100  67  35  27  28  24  24  24  25  23  23  24  23  24
  22  24  19  48  85  86  88  87  86  85  85  85  85  82  86  85  81  83
  80  28]"
"[ 29  29 246 252 252 251 252 252 252 252 252 252 252 252 252 252 253 252
 253 252 253 252 252 252 252 251 252 251 251 251 251 251 252 252 252 252
 252 252 252 252 252 252 252 252 252 251 251 251 251 251 251 251 251 251
 252 252 252 251 251 251 251 250 250 250 250 250 250 250 250 250 250 250
 250 251 251 251 251 246 241 236 231 226 216 204 196 192 183 175 173 170
 164 158 153 148 145 143 141 133 130 125 115 111 112 108  98  98  96  93
  91  89  90  91  92  91  95  93  97  77  52  36  33  32  32  26  24  26
  25  24  24  28  23  25  26  29  52 126 151 156 158 161 170 167 175 170
 164 160 159 158 154 153 154 151 146 144 143 143 141 138 138 139 137 141
 137 133 131 129 115  66  32  30  28  25  23  24  25  22  24  22  22  25
  24  23  22  42  94  98  97  99 100 102  98  96  97  96  95  95  91  91
  89  31]"
"[ 29  29 246 252 252 251 252 252 253 253 253 253 253 253 253 253 253 253
 253 253 253 253 253 252 252 252 252 252 252 251 252 252 253 253 252 252
 252 252 252 252 253 253 253 253 253 252 253 252 252 252 252 252 253 253
 253 253 252 252 252 251 251 251 251 251 251 250 250 250 250 250 250 250
 250 249 249 249 250 250 251 251 251 252 252 249 248 248 244 239 225 222
 215 206 196 186 178 173 168 159 157 156 153 152 148 140 138 136 134 131
 127 120 113 108 101  93  92  88  93  78  55  42  37  31  32  28  23  25
  25  23  25  24  24  25  25  24  27  82 103 108 110 115 126 132 148 153
 163 169 176 179 177 177 176 172 171 169 165 160 155 151 150 150 151 145
 143 142 137 139 123  57  33  29  26  24  23  25  25  23  22  21  22  23
  23  24  23  40  96 106 108 111 109 108 107 107 104 105 105 104 102 100
  96  28]"
"[ 29  29 246 252 252 251 252 252 252 252 252 252 252 252 252 252 253 253
 253 253 253 253 253 253 253 253 253 253 253 252 253 253 253 253 252 252
 252 252 252 252 253 253 253 253 253 253 253 253 253 253 253 253 253 253
 253 253 252 252 252 252 252 252 252 252 251 251 251 250 250 250 250 250
 250 251 251 250 250 250 251 251 250 251 251 251 251 251 251 250 251 251
 252 252 252 250 248 247 238 225 213 205 195 188 179 169 168 163 157 155
 155 154 152 149 142 133 131 129 129 109  70  42  41  33  33  30  23  24
  25  23  25  21  25  25  27  29  24  61  94 102 104 105 107 104 109 112
 107 112 114 117 128 140 149 152 161 167 172 174 173 173 175 177 172 170
 165 161 159 156 128  56  34  28  24  24  24  24  25  23  22  23  23  23
  23  25  24  39 107 122 120 120 116 114 118 118 115 114 114 112 112 113
 110  31]"
"[ 29  29 246 252 252 251 252 252 252 252 252 252 252 252 252 252 252 252
 252 252 252 252 252 252 252 252 252 252 252 252 252 252 252 252 252 252
 252 252 252 252 252 252 252 252 252 252 252 252 252 252 252 252 252 252
 252 252 252 252 252 252 252 252 253 252 252 251 251 251 251 250 250 250
 248 249 250 251 250 250 249 248 252 252 252 252 251 250 251 252 250 250
 250 250 250 250 250 250 251 249 250 252 250 247 243 237 228 222 213 204
 197 188 179 172 169 161 156 154 157 144  96  46  41  37  35  30  26  27
  25  24  25  23  25  24  24  29  28  51  79  92  93  96  98  97  97 101
  98 103 104 106 112 114 112 110 117 122 126 128 131 138 144 147 157 167
 171 172 173 167 131  57  34  27  24  25  24  24  24  24  23  24  24  24
  23  25  24  40 117 139 136 136 132 131 133 128 129 126 124 122 121 120
 120  27]"
"[ 29  29 246 252 252 251 252 252 252 252 252 252 252 252 252 252 252 252
 252 252 252 252 252 252 252 252 252 252 252 252 252 252 252 252 252 252
 252 252 252 252 252 252 252 252 252 252 252 252 252 252 252 252 252 252
 252 252 252 252 252 253 253 253 253 253 252 252 252 251 251 251 251 251
 252 251 250 249 250 251 251 251 250 250 251 252 252 252 250 250 252 252
 252 251 251 251 251 252 252 252 251 251 249 249 251 252 252 252 251 250
 247 243 237 234 228 216 203 191 191 184 137  62  43  42  37  29  31  30
  24  26  24  26  25  25  23  25  29  37  75  99  91  87  88  92  94  98
  99 103 104 103 104 103 103 106 109 109 109 109 112 116 117 115 113 118
 128 137 137 142 123  53  34  27  25  26  25  23  24  25  24  24  24  25
  23  24  24  42 125 153 151 148 145 146 149 143 142 139 139 140 139 134
 135  27]"
"[ 29  29 246 252 252 251 252 252 252 252 252 252 252 252 252 252 252 252
 252 252 252 252 252 252 252 252 252 252 252 252 252 252 252 252 252 252
 252 252 252 252 252 252 252 252 252 252 252 252 252 252 252 252 252 252
 252 252 252 252 252 253 253 253 253 253 252 252 252 252 252 252 251 251
 252 252 251 250 250 251 251 251 253 253 253 253 253 252 252 252 252 252
 252 252 252 252 252 252 251 252 252 252 252 251 249 248 250 251 251 250
 250 250 251 251 251 251 253 250 251 242 196  98  49  46  38  31  33  32
  25  26  23  26  22  24  25  27  33  31  72 129 132 131 130 127 119 114
 104 104 103 102 101  96  92  92  95  98 102 104 104 104 103 102 107 108
 105 106 108 113 102  48  34  28  26  27  25  23  24  24  24  23  24  25
  24  24  25  43 132 164 169 164 160 160 161 157 154 151 152 153 154 149
 152  29]"
"[ 29  29 245 252 252 251 252 252 252 252 252 252 252 252 252 252 252 252
 252 252 252 252 252 252 252 252 252 252 252 252 252 252 252 252 252 252
 252 252 252 252 252 252 252 252 252 252 252 252 252 252 252 252 252 252
 252 252 252 252 252 252 253 253 252 252 252 252 252 252 252 252 252 252
 250 251 251 251 251 251 251 252 252 252 251 250 250 252 253 253 253 253
 253 253 253 252 252 252 253 252 250 250 251 251 251 252 250 251 251 251
 251 250 250 251 250 249 251 249 251 250 236 145  61  48  40  35  31  29
  26  25  25  25  22  22  24  27  32  29  67 154 163 159 154 155 154 153
 148 142 135 131 128 125 119 111 104 105 105 104 101  99 100 102  97 104
  99 100 107 105  93  56  35  30  27  26  25  24  24  24  24  24  24  25
  25  26  24  39 132 164 176 179 180 180 176 176 170 169 168 166 166 162
 164  25]"
"[ 29  29 245 252 252 251 252 252 252 252 252 252 252 252 252 252 252 252
 252 252 252 252 252 252 252 252 252 252 252 252 252 252 252 252 252 252
 252 252 252 252 252 252 252 252 252 252 252 252 252 252 252 252 252 252
 252 252 252 252 252 252 252 252 252 252 252 252 252 252 252 252 253 253
 252 252 253 252 252 251 252 253 252 253 253 253 252 252 252 251 252 252
 252 251 251 251 252 253 252 253 253 253 253 252 251 252 252 251 251 250
 250 250 250 249 252 250 252 251 249 248 251 170  71  48  41  39  29  26
  26  24  24  24  26  25  27  30  32  31  57 171 195 195 187 181 176 172
 165 161 160 157 155 157 153 144 148 141 134 132 129 123 115 110 107 108
 104 102  97  92  88  55  37  31  27  25  25  25  25  23  24  25  24  23
  23  26  23  34 102 125 135 142 153 163 166 175 184 186 188 185 187 183
 181  30]"
"[ 29  29 245 252 252 252 253 252 252 252 252 252 252 252 252 252 252 252
 252 252 252 252 252 252 252 252 252 252 252 252 252 252 252 252 252 252
 252 252 252 252 252 252 252 252 252 252 252 252 252 252 252 252 252 252
 252 252 252 252 252 252 252 252 252 252 252 252 252 252 252 252 252 252
 252 252 252 252 253 253 253 253 252 252 252 252 252 252 252 252 252 252
 252 252 252 252 252 252 252 252 252 252 253 253 253 253 252 252 252 251
 251 251 251 251 251 254 249 251 250 251 247 212  97  47  39  40  30  33
  22  24  24  24  24  25  27  29  32  38  47 166 241 253 252 252 245 236
 229 222 213 206 200 191 180 171 169 168 164 159 157 157 154 150 147 144
 138 135 127 120  95  56  41  31  27  26  26  26  24  25  24  23  28  23
  24  27  23  36  98 111 121 120 115 122 124 127 126 132 138 147 154 160
 175  29]"
"[ 29  29 245 252 252 252 253 252 252 252 252 252 252 252 252 252 252 252
 252 252 252 252 252 252 252 252 252 252 252 252 252 252 252 252 252 252
 252 252 252 252 252 252 252 252 252 252 252 252 252 252 252 252 252 252
 252 252 252 252 252 252 252 252 252 252 252 252 252 252 252 252 252 252
 252 252 252 252 252 252 252 252 252 252 252 252 252 252 252 252 252 252
 252 252 252 252 252 252 252 252 252 252 252 252 253 253 252 252 252 252
 252 252 252 252 251 254 252 252 251 251 251 232 116  58  43  39  31  31
  24  23  24  24  24  24  26  28  32  37  42 133 237 255 251 252 253 252
 253 253 251 252 252 248 243 238 234 229 218 204 195 190 184 179 175 168
 163 158 155 145 115  59  40  30  28  27  26  25  23  24  24  23  27  25
  26  29  24  39  94 106 109 112 112 118 118 119 122 124 128 125 128 131
 136  29]"
"[ 29  29 245 252 252 252 253 252 252 252 252 252 252 252 252 252 252 252
 252 252 252 252 252 252 252 252 252 252 252 252 252 252 252 252 252 252
 252 252 252 252 252 252 252 252 252 252 252 252 252 252 252 252 252 252
 252 252 252 252 252 252 252 252 252 252 252 252 252 252 252 252 252 252
 252 252 252 252 252 252 252 252 252 252 252 252 252 252 252 252 252 252
 252 252 252 252 252 252 252 252 252 252 252 252 252 252 253 253 252 252
 252 252 252 252 252 253 253 252 251 251 252 250 150  67  42  39  35  30
  27  26  24  25  25  25  26  28  32  39  43 101 230 255 252 250 252 253
 250 251 252 253 253 252 249 247 251 253 254 253 251 250 246 241 236 225
 218 207 203 185 139  55  40  31  28  27  26  25  23  24  24  23  25  26
  28  30  25  45  94 106 103 103 103 105 108 111 110 112 116 113 113 116
 116  32]"
"[ 29  29 245 252 252 252 253 252 252 252 252 252 252 252 252 252 252 252
 252 252 252 252 252 252 252 252 252 252 252 252 252 252 252 252 252 252
 252 252 252 252 252 252 252 252 252 252 252 252 252 252 252 252 252 252
 252 252 252 252 252 252 252 252 252 252 252 252 252 252 252 252 252 252
 252 252 252 252 252 252 252 252 252 252 252 252 252 252 252 252 252 252
 252 252 252 252 252 252 252 252 252 252 252 252 252 252 252 252 252 252
 253 253 253 253 253 252 252 252 252 252 252 252 186  79  47  41  36  31
  31  30  25  26  25  25  27  29  34  40  42  74 203 253 253 253 250 251
 253 253 253 253 253 252 252 252 250 252 254 254 254 255 253 251 253 252
 255 254 255 239 174  67  40  31  28  26  24  25  25  26  25  24  23  26
  27  30  26  59 131 149 146 145 140 132 125 120 123 119 116 116 111 116
 117  26]"
"[ 29  29 245 252 252 252 253 252 252 252 252 252 252 252 252 252 252 252
 252 252 252 252 252 252 252 252 252 252 252 252 252 252 252 252 252 252
 252 252 252 252 252 252 252 252 252 252 252 252 252 252 252 252 252 252
 252 252 252 252 252 252 252 252 252 252 252 252 252 252 252 252 252 252
 252 252 252 252 252 252 252 252 252 252 252 252 252 252 252 252 252 252
 252 252 252 252 252 252 252 252 252 252 252 252 252 252 252 252 252 252
 252 252 252 252 252 251 252 251 252 252 250 251 211  95  56  46  36  33
  34  30  26  27  26  26  27  29  33  39  42  51 161 248 251 253 253 252
 253 252 252 251 251 251 252 252 252 252 251 250 250 251 253 253 253 253
 252 251 251 248 173  64  37  30  28  26  24  25  24  26  25  25  23  25
  26  30  27  82 162 179 173 171 168 164 158 152 150 147 143 143 137 138
 135  28]"
"[ 29  29 245 252 252 252 253 252 252 252 252 252 252 252 252 252 252 252
 252 252 252 252 252 252 252 252 252 252 252 252 252 252 252 252 252 252
 252 252 252 252 252 252 252 252 252 252 252 252 252 252 252 252 252 252
 252 252 252 252 252 252 252 252 252 252 252 252 252 252 252 252 252 252
 252 252 252 252 252 252 252 252 252 252 252 252 252 252 252 252 252 252
 252 252 252 252 252 252 252 252 252 252 252 252 252 252 252 252 252 252
 252 252 252 252 251 253 253 251 252 252 253 254 232 115  54  49  43  37
  33  31  30  29  28  27  29  30  33  38  45  39 123 240 252 252 254 250
 253 253 252 252 252 252 251 250 251 252 253 253 253 253 252 251 249 253
 252 254 252 249 159  55  34  28  28  26  24  25  23  23  24  25  24  25
  27  33  30 109 211 226 224 218 210 201 191 183 177 175 175 169 166 165
 157  32]"
"[ 29  29 245 252 252 252 253 252 252 252 252 252 252 252 252 252 252 252
 252 252 252 252 252 252 252 252 252 252 252 252 252 252 252 252 252 252
 252 252 252 252 252 252 252 252 252 252 252 252 252 252 252 252 252 252
 252 252 252 252 252 252 252 252 252 252 252 252 252 252 252 252 252 252
 252 252 252 252 252 252 252 252 252 252 252 252 252 252 252 252 252 252
 252 252 252 252 252 252 252 252 252 252 252 252 252 252 252 252 252 252
 252 252 252 252 251 253 253 252 251 252 254 254 245 149  59  50  47  40
  33  33  32  31  29  29  30  30  32  37  41  38  90 212 255 254 253 251
 251 251 252 253 253 253 253 252 253 253 252 251 251 251 251 251 253 253
 252 253 250 242 145  55  34  29  29  26  24  24  23  23  24  25  25  24
  29  36  32 130 242 253 254 254 251 252 252 255 251 245 235 219 212 205
 194  27]"
"[ 29  29 245 252 252 252 253 252 252 252 252 252 252 252 252 252 252 252
 252 252 252 252 252 252 252 252 252 252 252 252 252 252 252 252 252 252
 252 252 252 252 252 252 252 252 252 252 252 252 252 252 252 252 252 252
 252 252 252 252 252 252 252 252 252 252 252 252 252 252 252 252 252 252
 252 252 252 252 252 252 252 252 252 252 252 252 252 252 252 252 252 252
 252 252 252 252 252 252 252 252 252 252 252 252 252 252 252 252 252 252
 252 252 252 252 252 252 251 253 252 251 253 251 250 187  76  48  41  39
  37  33  32  31  29  29  30  30  32  35  38  45  67 176 254 254 250 253
 252 252 252 252 251 251 252 252 252 252 252 252 253 253 252 252 252 251
 251 254 253 238 134  53  37  31  29  25  22  24  24  25  23  25  25  24
  30  38  31 141 248 249 252 255 252 254 251 253 254 254 250 254 253 250
 242  29]"
"[ 29  29 245 252 252 252 253 252 252 252 252 252 252 252 252 252 252 252
 252 252 252 252 252 252 252 252 252 252 252 252 252 252 252 252 252 252
 252 252 252 252 252 252 252 252 252 252 252 252 252 252 252 252 252 252
 252 252 252 252 252 252 252 252 252 252 252 252 252 252 252 252 252 252
 252 252 252 252 252 252 252 252 252 252 252 252 252 252 252 252 252 252
 252 252 252 252 252 252 252 252 252 252 252 252 252 252 252 252 252 252
 252 252 252 252 252 252 252 252 252 252 253 253 251 220  88  53  48  42
  39  33  32  31  31  30  30  30  33  36  42  41  53 137 251 255 251 253
 252 252 252 252 252 252 252 252 252 252 252 252 252 252 252 252 253 253
 249 254 253 224 119  54  37  33  30  26  23  24  25  25  24  24  23  26
  29  37  38 156 252 253 253 252 252 252 252 252 252 252 253 253 252 252
 244  30]"
"[ 29  29 245 252 252 252 253 252 252 252 252 252 252 252 252 252 252 252
 252 252 252 252 252 252 252 252 252 252 252 252 252 252 252 252 252 252
 252 252 252 252 252 252 252 252 252 252 252 252 252 252 252 252 252 252
 252 252 252 252 252 252 252 252 252 252 252 252 252 252 252 252 252 252
 252 252 252 252 252 252 252 252 252 252 252 252 252 252 252 252 252 252
 252 252 252 252 252 252 252 252 252 252 252 252 252 252 252 252 252 252
 252 252 252 252 252 252 252 252 252 252 252 252 253 236 112  57  48  45
  41  32  32  32  31  31  30  30  33  35  38  42  51  96 229 251 255 250
 252 252 252 252 252 252 252 252 252 252 252 252 252 252 252 252 251 252
 252 254 249 211 102  52  37  33  30  27  24  24  25  25  24  24  25  30
  34  39  39 164 252 253 253 252 252 252 252 252 252 252 252 253 252 252
 243  29]"
"[ 29  29 245 252 252 252 253 252 252 252 252 252 252 252 252 252 252 252
 252 252 252 252 252 252 252 252 252 252 252 252 252 252 252 252 252 252
 252 252 252 252 252 252 252 252 252 252 252 252 252 252 252 252 252 252
 252 252 252 252 252 252 252 252 252 252 252 252 252 252 252 252 252 252
 252 252 252 252 252 252 252 252 252 252 252 252 252 252 252 252 252 252
 252 252 252 252 252 252 252 252 252 252 252 252 252 252 252 252 252 252
 252 252 252 252 252 252 252 252 252 252 252 252 254 249 140  62  49  46
  42  32  33  32  31  31  31  31  32  34  39  43  47  72 203 251 254 254
 252 252 252 252 252 252 252 252 252 252 252 252 252 252 252 252 251 252
 254 254 251 197  84  47  36  32  29  27  24  24  25  24  26  24  27  31
  36  39  42 177 252 253 253 252 252 252 252 252 252 252 252 252 252 252
 243  29]"
"[ 29  29 245 252 252 252 253 252 252 252 252 252 252 252 252 252 252 252
 252 252 252 252 252 252 252 252 252 252 252 252 252 252 252 252 252 252
 252 252 252 252 252 252 252 252 252 252 252 252 252 252 252 252 252 252
 252 252 252 252 252 252 252 252 252 252 252 252 252 252 252 252 252 252
 252 252 252 252 252 252 252 252 252 252 252 252 252 252 252 252 252 252
 252 252 252 252 252 252 252 252 252 252 252 252 252 252 252 252 252 252
 252 252 252 252 252 252 252 252 252 252 252 252 252 251 160  66  50  44
  40  36  33  32  31  31  31  31  32  33  36  46  50  59 164 253 253 253
 252 252 252 252 252 252 252 252 252 252 252 252 252 252 252 252 252 252
 253 253 254 179  76  48  37  33  29  27  25  24  25  25  27  25  30  32
  38  40  46 187 252 253 253 252 252 252 252 252 252 252 252 252 251 251
 243  29]"
"[ 29  29 245 252 252 252 253 252 252 252 252 252 252 252 252 252 252 252
 252 252 252 252 252 252 252 252 252 252 252 252 252 252 252 252 252 252
 252 252 252 252 252 252 252 252 252 252 252 252 252 252 252 252 252 252
 252 252 252 252 252 252 252 252 252 252 252 252 252 252 252 252 252 252
 252 252 252 252 252 252 252 252 252 252 252 252 252 252 252 252 252 252
 252 252 252 252 252 252 252 252 252 252 252 252 252 252 252 252 252 252
 252 252 252 252 252 252 252 252 252 252 252 252 252 250 177  70  49  43
  40  39  33  32  31  31  31  32  32  33  35  40  49  47 122 241 253 254
 252 252 252 252 252 252 252 252 252 252 252 252 252 252 252 252 252 254
 253 252 251 153  74  54  40  34  31  29  26  26  27  27  26  27  33  34
  41  42  53 195 252 253 253 252 252 252 252 252 252 252 252 252 251 251
 243  29]"
"[ 29  29 245 252 252 252 253 252 252 252 252 252 252 252 252 252 252 252
 252 252 252 252 252 252 252 252 252 252 252 252 252 252 252 252 252 252
 252 252 252 252 252 252 252 252 252 252 252 252 252 252 252 252 252 252
 252 252 252 252 252 252 252 252 252 252 252 252 252 252 252 252 252 252
 252 252 252 252 252 252 252 252 252 252 252 252 252 252 252 252 252 252
 252 252 252 252 252 252 252 252 252 252 252 252 252 252 252 252 252 252
 252 252 252 252 252 252 252 252 252 252 252 252 252 252 198  80  47  44
  40  38  34  32  31  31  32  32  32  33  35  36  44  49  88 220 253 254
 253 252 252 252 252 252 252 252 252 252 252 252 252 252 252 252 251 253
 252 254 245 129  68  48  40  34  30  29  27  26  27  28  28  29  32  31
  37  41  63 207 253 253 253 252 252 252 252 252 252 252 252 252 251 251
 243  29]"
"[ 29  29 245 252 252 252 253 252 252 252 252 252 252 252 252 252 252 252
 252 252 252 252 252 252 252 252 252 252 252 252 252 252 252 252 252 252
 252 252 252 252 252 252 252 252 252 252 252 252 252 252 252 252 252 252
 252 252 252 252 252 252 252 252 252 252 252 252 252 252 252 252 252 252
 252 252 252 252 252 252 252 252 252 252 252 252 252 252 252 252 252 252
 252 252 252 252 252 252 252 252 252 252 252 252 252 252 252 252 252 252
 252 252 252 252 252 252 252 252 252 252 252 252 252 252 221 101  54  47
  40  38  36  33  31  31  32  32  32  32  31  41  46  48  61 188 253 252
 253 253 252 252 252 252 252 252 252 252 252 252 252 252 252 252 251 252
 251 254 231 108  58  40  39  32  29  29  27  27  28  28  30  30  30  30
  34  37  71 218 253 254 253 252 252 252 252 252 252 252 252 252 251 251
 243  29]"
"[ 29  29 245 252 252 252 253 252 252 252 252 252 252 252 252 252 252 252
 252 252 252 252 252 252 252 252 252 252 252 252 252 252 252 252 252 252
 252 252 252 252 252 252 252 252 252 252 252 252 252 252 252 252 252 252
 252 252 252 252 252 252 252 252 252 252 252 252 252 252 252 252 252 252
 252 252 252 252 252 252 252 252 252 252 252 252 252 252 252 252 252 252
 252 252 252 252 252 252 252 252 252 252 252 252 252 252 252 252 252 252
 252 252 252 252 252 252 252 252 252 252 253 253 251 253 238 121  64  50
  41  40  37  35  32  31  32  32  32  32  35  36  46  43  53 146 246 253
 253 253 253 252 252 252 252 252 252 252 252 252 252 252 252 252 252 253
 252 254 211  90  50  41  38  32  29  29  28  28  29  29  28  30  32  36
  37  36  75 221 253 254 253 252 252 252 252 252 252 252 252 252 251 251
 243  29]"
"[ 29  29 246 252 252 252 253 252 252 252 252 252 252 252 252 252 252 252
 252 252 252 252 252 252 252 252 252 252 252 252 252 252 252 252 252 252
 252 252 252 252 252 252 252 252 252 252 252 252 252 252 252 252 252 252
 252 252 252 252 252 252 252 252 252 252 252 252 252 252 252 252 252 252
 252 252 252 252 252 252 252 252 252 252 252 252 252 252 252 252 252 252
 252 252 252 252 252 252 252 252 252 252 252 252 252 252 252 252 252 252
 252 252 252 252 252 252 252 252 252 252 252 252 253 252 245 135  60  46
  43  38  37  34  31  31  31  31  31  31  32  36  42  45  48 109 234 254
 253 253 252 252 252 252 252 252 252 252 252 252 252 252 252 252 251 253
 251 251 189  79  48  39  33  31  29  28  28  27  27  27  30  28  33  36
  36  37  74 218 253 253 252 252 252 252 252 252 252 252 252 252 251 252
 244  29]"
"[ 29  29 246 252 252 252 253 252 252 252 252 252 252 252 252 252 252 252
 252 252 252 252 252 252 252 252 252 252 252 252 252 252 252 252 252 252
 252 252 252 252 252 252 252 252 252 252 252 252 252 252 252 252 252 252
 252 252 252 252 252 252 252 252 252 252 252 252 252 252 252 252 252 252
 252 252 252 252 252 252 252 252 252 252 252 252 252 252 252 252 252 252
 252 252 252 252 252 252 252 252 252 252 252 252 252 252 252 252 252 252
 252 252 252 252 252 252 252 252 252 252 252 252 253 254 251 154  66  48
  45  42  37  34  32  32  32  32  31  32  34  37  40  48  41  82 208 251
 254 253 252 252 252 252 252 252 252 252 252 252 252 252 252 252 252 253
 252 250 171  71  46  39  34  32  30  29  28  27  27  27  30  28  32  35
  37  37  80 223 253 253 252 252 252 252 252 252 252 252 252 252 251 252
 244  29]"
"[ 29  29 246 252 252 252 253 252 252 252 252 252 252 252 252 252 252 252
 252 252 252 252 252 252 252 252 252 252 252 252 252 252 252 252 252 252
 252 252 252 252 252 252 252 252 252 252 252 252 252 252 252 252 252 252
 252 252 252 252 252 252 252 252 252 252 252 252 252 252 252 252 252 252
 252 252 252 252 252 252 252 252 252 252 252 252 252 252 252 252 252 252
 252 252 252 252 252 252 252 252 252 252 252 252 252 252 252 252 252 252
 252 252 252 252 252 252 252 252 252 252 252 252 253 253 253 176  73  53
  47  43  37  34  31  31  32  32  31  32  33  35  38  45  41  59 161 252
 254 253 252 252 252 252 252 252 252 252 252 252 252 252 252 252 253 253
 253 245 144  61  44  41  34  32  30  29  28  27  27  27  30  29  31  34
  39  37  88 230 253 253 252 252 252 252 252 252 252 252 252 252 251 252
 244  29]"
"[ 29  29 246 252 252 252 253 252 252 252 252 252 252 252 252 252 252 252
 252 252 252 252 252 252 252 252 252 252 252 252 252 252 252 252 252 252
 252 252 252 252 252 252 252 252 252 252 252 252 252 252 252 252 252 252
 252 252 252 252 252 252 252 252 252 252 252 252 252 252 252 252 252 252
 252 252 252 252 252 252 252 252 252 252 252 252 252 252 252 252 252 252
 252 252 252 252 252 252 252 252 252 252 252 252 252 252 252 252 252 252
 252 252 252 252 252 252 252 252 252 252 252 252 253 252 251 193  77  57
  48  41  38  34  31  31  31  31  31  32  31  33  37  38  48  52 111 246
 253 253 252 252 252 252 252 252 252 252 252 252 252 252 252 252 253 252
 254 233 116  52  42  41  32  31  29  29  28  28  28  28  30  31  31  34
  41  37  95 237 253 254 253 252 252 252 252 252 252 252 252 252 251 252
 244  29]"
"[ 29  29 246 252 252 252 253 252 252 252 252 252 252 252 252 252 252 252
 252 252 252 252 252 252 252 252 252 252 252 252 252 252 252 252 252 252
 252 252 252 252 252 252 252 252 252 252 252 252 252 252 252 252 252 252
 252 252 252 252 252 252 252 252 252 252 252 252 252 252 252 252 252 252
 252 252 252 252 252 252 252 252 252 252 252 252 252 252 252 252 252 252
 252 252 252 252 252 252 252 252 252 252 252 252 252 252 252 252 252 252
 252 252 252 252 252 252 252 252 252 252 252 252 253 252 251 206  81  58
  49  42  41  36  32  31  31  31  31  32  30  32  36  37  50  48  81 226
 253 253 252 252 252 252 252 252 252 252 252 252 252 252 252 252 253 251
 252 211  93  47  41  38  33  31  30  30  29  29  28  28  28  31  30  34
  41  37  98 241 253 254 253 252 252 252 252 252 252 252 252 252 251 252
 244  29]"
"[ 29  29 246 252 252 252 253 252 252 252 252 252 252 252 252 252 252 252
 252 252 252 252 252 252 252 252 252 252 252 252 252 252 252 252 252 252
 252 252 252 252 252 252 252 252 252 252 252 252 252 252 252 252 252 252
 252 252 252 252 252 252 252 252 252 252 252 252 252 252 252 252 252 252
 252 252 252 252 252 252 252 252 252 252 252 252 252 252 252 252 252 252
 252 252 252 252 252 252 252 252 252 252 252 252 252 252 252 252 252 252
 252 252 252 252 252 252 252 252 252 252 252 252 252 253 253 216  87  55
  49  45  41  36  32  31  31  31  31  31  30  31  34  40  45  45  73 198
 253 253 253 252 252 252 252 252 252 252 252 252 252 252 252 252 253 253
 251 183  76  43  39  35  33  31  30  29  29  28  27  28  27  31  30  35
  40  37  97 241 253 253 252 252 252 252 252 252 252 252 252 252 251 252
 244  29]"
"[ 29  29 246 252 252 252 253 252 252 252 252 252 252 252 252 252 252 252
 252 252 252 252 252 252 252 252 252 252 252 252 252 252 252 252 252 252
 252 252 252 252 252 252 252 252 252 252 252 252 252 252 252 252 252 252
 252 252 252 252 252 252 252 252 252 252 252 252 252 252 252 252 252 252
 252 252 252 252 252 252 252 252 252 252 252 252 252 252 252 252 252 252
 252 252 252 252 252 252 252 252 252 252 252 252 252 252 252 252 252 252
 252 252 252 252 252 252 252 252 252 252 252 252 252 252 253 224  99  56
  48  47  40  36  32  31  32  31  31  30  29  29  32  39  39  46  64 168
 251 252 253 253 252 251 252 252 252 252 252 252 252 252 252 252 253 254
 247 154  65  40  38  33  32  30  29  29  29  28  27  27  28  32  31  35
  36  36  92 239 253 253 252 252 252 252 252 252 252 252 252 252 251 252
 244  29]"
"[ 29  29 246 252 252 252 253 252 252 252 252 252 252 252 252 252 252 252
 252 252 252 252 252 252 252 252 252 252 252 252 252 252 252 252 252 252
 252 252 252 252 252 252 252 252 252 252 252 252 252 252 252 252 252 252
 252 252 252 252 252 252 252 252 252 252 252 252 252 252 252 252 252 252
 252 252 252 252 252 252 252 252 252 252 252 252 252 252 252 252 252 252
 252 252 252 252 252 252 252 252 252 252 252 252 252 252 252 252 252 252
 252 252 252 252 252 252 252 252 252 252 252 252 253 252 252 228 109  59
  48  46  40  36  32  32  33  33  31  30  30  27  32  33  36  49  48 145
 250 252 253 253 252 251 251 252 252 252 252 252 252 252 252 252 252 253
 244 136  60  39  38  34  31  30  29  29  29  29  28  28  30  33  31  35
  33  34  88 236 253 253 252 252 252 252 252 252 252 252 252 252 251 252
 244  29]"
"[ 29  29 246 252 252 252 253 252 252 252 252 252 252 252 252 252 252 252
 252 252 252 252 252 252 252 252 252 252 252 252 252 252 252 252 252 252
 252 252 252 252 252 252 252 252 252 252 252 252 252 252 252 252 252 252
 252 252 252 252 252 252 252 252 252 252 252 252 252 252 252 252 252 252
 252 252 252 252 252 252 252 252 252 252 252 252 252 252 252 252 252 252
 252 252 252 252 252 252 252 252 252 252 252 252 252 252 252 252 252 252
 252 252 252 252 252 252 252 252 252 252 252 252 252 253 253 236 127  71
  55  48  42  38  34  33  33  32  30  29  30  30  32  31  35  45  51 103
 236 254 254 253 253 250 252 252 252 252 252 252 252 252 252 252 252 253
 217 110  48  35  37  33  32  31  29  29  30  31  31  30  31  32  32  32
  37  38  82 236 253 253 252 252 252 252 252 252 252 252 252 252 251 252
 244  29]"
"[ 29  29 246 252 252 252 253 252 252 252 252 252 252 252 252 252 252 252
 252 252 252 252 252 252 252 252 252 252 252 252 252 252 252 252 252 252
 252 252 252 252 252 252 252 252 252 252 252 252 252 252 252 252 252 252
 252 252 252 252 252 252 252 252 252 252 252 252 252 252 252 252 252 252
 252 252 252 252 252 252 252 252 252 252 252 252 252 252 252 252 252 252
 252 252 252 252 252 252 252 252 252 252 252 252 252 252 252 252 252 252
 252 252 252 252 252 252 252 252 252 252 252 252 252 253 251 240 137  62
  58  47  41  37  34  32  32  31  30  30  31  32  32  33  35  41  43  82
 215 253 253 252 253 252 253 252 252 252 252 252 252 252 253 253 253 250
 193  90  44  37  35  30  31  30  29  29  30  31  31  31  29  32  32  33
  40  43  86 235 253 253 252 252 252 252 252 252 252 252 252 252 251 252
 244  29]"
"[ 29  29 246 252 252 252 253 252 252 252 252 252 252 252 252 252 252 252
 252 252 252 252 252 252 252 252 252 252 252 252 252 252 252 252 252 252
 252 252 252 252 252 252 252 252 252 252 252 252 252 252 252 252 252 252
 252 252 252 252 252 252 252 252 252 252 252 252 252 252 252 252 252 252
 252 252 252 252 252 252 252 252 252 252 252 252 252 252 252 252 252 252
 252 252 252 252 252 252 252 252 252 252 252 252 252 252 252 252 252 252
 252 252 252 252 252 252 252 252 252 252 252 252 252 253 249 243 144  61
  58  47  40  37  34  32  31  31  30  30  31  32  31  34  36  41  41  63
 182 252 254 253 252 253 253 251 252 252 252 252 252 253 253 254 254 251
 163  70  42  38  32  28  29  28  28  28  30  31  31  31  30  33  32  34
  40  45  91 235 253 253 252 252 252 252 252 252 252 252 252 252 251 252
 244  29]"
"[ 29  29 246 252 252 252 253 252 252 252 252 252 252 252 252 252 252 252
 252 252 252 252 252 252 252 252 252 252 252 252 252 252 252 252 252 252
 252 252 252 252 252 252 252 252 252 252 252 252 252 252 252 252 252 252
 252 252 252 252 252 252 252 252 252 252 252 252 252 252 252 252 252 252
 252 252 252 252 252 252 252 252 252 252 252 252 252 252 252 252 252 252
 252 252 252 252 252 252 252 252 252 252 252 252 252 252 252 252 252 252
 252 252 252 252 252 252 252 252 252 252 252 252 252 253 252 246 151  70
  57  51  41  38  35  33  31  30  30  30  30  32  28  33  35  40  44  54
 148 248 254 254 252 251 251 252 252 252 252 252 252 253 253 253 253 247
 132  59  39  37  30  29  28  27  27  27  28  30  31  31  30  33  32  34
  38  44 103 241 253 253 252 252 252 252 252 252 252 252 252 252 251 252
 244  29]"
"[ 29  29 246 252 252 252 253 252 252 252 252 252 252 252 252 252 252 252
 252 252 252 252 252 252 252 252 252 252 252 252 252 252 252 252 252 252
 252 252 252 252 252 252 252 252 252 252 252 252 252 252 252 252 252 252
 252 252 252 252 252 252 252 252 252 252 252 252 252 252 252 252 252 252
 252 252 252 252 252 252 252 252 252 252 252 252 252 252 252 252 252 252
 252 252 252 252 252 252 252 252 252 252 252 252 252 252 252 252 252 252
 252 252 252 252 252 252 252 252 252 252 252 252 252 253 253 250 173  76
  56  51  41  38  35  33  31  30  29  29  30  32  28  32  33  37  44  48
 126 243 254 253 252 251 251 254 252 252 252 252 252 252 252 252 250 225
 101  52  36  35  30  30  28  27  26  26  27  28  29  30  29  33  33  36
  36  44 122 247 253 253 252 252 252 252 252 252 252 252 252 252 251 252
 244  29]"
"[ 29  29 246 252 252 252 253 252 252 252 252 252 252 252 252 252 252 252
 252 252 252 252 252 252 252 252 252 252 252 252 252 252 252 252 252 252
 252 252 252 252 252 252 252 252 252 252 252 252 252 252 252 252 252 252
 252 252 252 252 252 252 252 252 252 252 252 252 252 252 252 252 252 252
 252 252 252 252 252 252 252 252 252 252 252 252 252 252 252 252 252 252
 252 252 252 252 252 252 252 252 252 252 252 252 252 252 252 252 252 252
 252 252 252 252 252 252 252 252 252 252 252 252 252 253 252 254 205  80
  56  47  40  37  34  32  31  30  29  29  28  31  29  32  33  35  43  46
 116 238 253 252 253 253 252 252 252 252 252 252 252 252 252 252 251 191
  79  49  37  35  31  30  29  28  27  27  27  28  28  29  29  32  35  38
  36  47 145 247 253 253 252 252 252 252 252 252 252 252 252 252 251 252
 244  29]"
"[ 29  29 246 252 252 252 253 252 252 252 252 252 252 252 252 252 252 252
 252 252 252 252 252 252 252 252 252 252 252 252 252 252 252 252 252 252
 252 252 252 252 252 252 252 252 252 252 252 252 252 252 252 252 252 252
 252 252 252 252 252 252 252 252 252 252 252 252 252 252 252 252 252 252
 252 252 252 252 252 252 252 252 252 252 252 252 252 252 252 252 252 252
 252 252 252 252 252 252 252 252 252 252 252 252 252 252 252 252 252 252
 252 252 252 252 252 252 252 252 252 252 252 252 252 252 251 254 229  93
  55  45  42  38  33  31  30  29  29  29  27  29  29  31  33  34  42  47
 101 229 254 252 253 252 252 251 252 252 252 252 252 252 252 253 250 149
  68  48  39  35  31  30  30  30  30  29  29  29  29  29  30  32  35  37
  38  57 171 248 253 252 252 252 252 252 252 252 252 252 252 252 251 252
 244  29]"
"[ 29  29 246 252 252 252 253 252 252 252 252 252 252 252 252 252 252 252
 252 252 252 252 252 252 252 252 252 252 252 252 252 252 252 252 252 252
 252 252 252 252 252 252 252 252 252 252 252 252 252 252 252 252 252 252
 252 252 252 252 252 252 252 252 252 252 252 252 252 252 252 252 252 252
 252 252 252 252 252 252 252 252 252 252 252 252 252 252 252 252 252 252
 252 252 252 252 252 252 252 252 252 252 252 252 252 252 252 252 252 252
 252 252 252 252 252 252 252 252 252 252 252 252 253 251 253 254 238 110
  54  48  45  40  34  31  30  30  29  29  28  29  29  30  32  32  39  46
  82 218 253 253 251 251 253 252 252 252 252 252 252 253 253 254 240 115
  62  45  39  33  29  31  30  31  31  31  31  30  29  29  29  31  34  35
  41  69 195 253 252 252 252 252 252 252 252 252 252 252 252 252 251 252
 244  29]"
"[ 29  29 245 252 252 252 253 252 252 252 252 252 252 252 252 252 252 252
 252 252 252 252 252 252 252 252 252 252 252 252 252 252 252 252 252 252
 252 252 252 252 252 252 252 252 252 252 252 252 252 252 252 252 252 252
 252 252 252 252 252 252 252 252 252 252 252 252 252 252 252 252 252 252
 252 252 252 252 252 252 252 252 252 252 252 252 252 252 252 252 252 252
 252 252 252 252 252 252 252 252 252 252 252 252 252 252 252 252 252 252
 252 252 252 252 252 252 252 252 252 252 252 252 253 248 254 253 246 137
  66  56  48  40  34  33  31  31  31  30  30  30  29  28  30  33  37  39
  68 199 252 253 253 251 252 253 252 253 251 252 254 254 249 254 223  92
  51  41  37  33  31  30  30  30  31  31  32  31  30  30  29  35  36  34
  46  89 235 251 253 253 253 252 252 252 252 252 252 252 252 252 251 252
 244  29]"
"[ 29  29 245 252 252 252 253 252 252 252 252 252 252 252 252 252 252 252
 252 252 252 252 252 252 252 252 252 252 252 252 252 252 252 252 252 252
 252 252 252 252 252 252 252 252 252 252 252 252 252 252 252 252 252 252
 252 252 252 252 252 252 252 252 252 252 252 252 252 252 252 252 252 252
 252 252 252 252 252 252 252 252 252 252 252 252 252 252 252 252 252 252
 252 252 252 252 252 252 252 252 252 252 252 252 252 252 252 252 252 252
 252 252 252 252 252 252 252 252 252 252 252 252 253 251 253 251 251 172
  74  56  50  42  36  34  31  30  30  30  31  31  30  29  29  30  32  32
  50 152 230 248 251 254 253 253 251 252 252 251 253 251 255 250 187  75
  46  40  36  33  30  29  28  29  30  31  31  31  31  31  30  37  37  35
  48 136 249 254 253 253 252 252 252 252 252 252 252 252 252 252 251 252
 244  29]"
"[ 29  29 245 252 252 252 253 252 252 252 252 252 252 252 252 252 252 252
 252 252 252 252 252 252 252 252 252 252 252 252 252 252 252 252 252 252
 252 252 252 252 252 252 252 252 252 252 252 252 252 252 252 252 252 252
 252 252 252 252 252 252 252 252 252 252 252 252 252 252 252 252 252 252
 252 252 252 252 252 252 252 252 252 252 252 252 252 252 252 252 252 252
 252 252 252 252 252 252 252 252 252 252 252 252 252 252 252 252 252 252
 252 252 252 252 252 252 252 252 252 252 252 252 251 252 252 250 254 214
  92  63  55  47  41  37  34  31  31  30  31  31  30  29  29  29  30  31
  27  70 111 132 184 231 251 254 254 253 253 252 253 250 255 242 145  60
  44  41  37  33  30  27  28  29  30  30  30  30  30  31  32  38  39  40
  59 189 253 252 253 253 252 252 252 252 252 252 252 252 252 252 251 252
 244  29]"
"[ 29  29 245 252 252 252 253 252 252 252 252 252 252 252 252 252 252 252
 252 252 252 252 252 252 252 252 252 252 252 252 252 252 252 252 252 252
 252 252 252 252 252 252 252 252 252 252 252 252 252 252 252 252 252 252
 252 252 252 252 252 252 252 252 252 252 252 252 252 252 252 252 252 252
 252 252 252 252 252 252 252 252 252 252 252 252 252 252 252 252 252 252
 252 252 252 252 252 252 252 252 252 252 252 252 252 252 252 252 252 252
 252 252 252 252 252 252 252 252 252 252 252 252 252 252 251 250 253 237
 113  65  58  50  44  40  36  33  32  31  31  30  29  26  26  29  32  33
  36  28  43  57  75 140 228 252 253 252 251 252 253 254 249 230 110  52
  44  40  35  32  31  28  29  30  31  30  30  29  30  30  33  38  40  48
  89 226 251 250 253 253 252 252 252 252 252 252 252 252 252 252 251 252
 244  29]"
"[ 29  29 245 252 252 252 253 252 252 252 252 252 252 252 252 252 252 252
 252 252 252 252 252 252 252 252 252 252 252 252 252 252 252 252 252 252
 252 252 252 252 252 252 252 252 252 252 252 252 252 252 252 252 252 252
 252 252 252 252 252 252 252 252 252 252 252 252 252 252 252 252 252 252
 252 252 252 252 252 252 252 252 252 252 252 252 252 252 252 252 252 252
 252 252 252 252 252 252 252 252 252 252 252 252 252 252 252 252 252 252
 252 252 252 252 252 252 252 252 252 252 252 252 252 251 252 252 253 250
 149  72  56  49  44  41  36  33  32  31  32  30  26  23  24  27  30  32
  31  38  36  42  44  63 144 241 253 252 252 252 253 255 250 199  82  47
  42  37  33  31  32  29  30  31  31  31  30  29  30  31  33  38  36  52
 131 246 252 253 252 252 252 252 252 252 252 252 252 252 252 252 251 252
 244  29]"
"[ 29  29 245 252 252 252 253 252 252 252 252 252 252 252 252 252 252 252
 252 252 252 252 252 252 252 252 252 252 252 252 252 252 252 252 252 252
 252 252 252 252 252 252 252 252 252 252 252 252 252 252 252 252 252 252
 252 252 252 252 252 252 252 252 252 252 252 252 252 252 252 252 252 252
 252 252 252 252 252 252 252 252 252 252 252 252 252 252 252 252 252 252
 252 252 252 252 252 252 252 252 252 252 252 252 252 252 252 252 252 252
 252 252 252 252 252 252 252 252 252 252 252 252 251 252 252 252 253 254
 191  86  56  49  43  40  37  34  33  31  29  28  25  23  24  27  30  30
  31  35  31  40  48  50  96 223 253 253 254 253 253 252 248 153  63  45
  41  35  33  31  31  28  30  31  31  30  30  30  31  32  33  38  31  53
 171 250 252 254 252 252 252 252 252 252 252 252 252 252 252 252 251 252
 244  29]"
"[ 29  29 245 252 252 252 253 252 252 252 252 252 252 252 252 252 252 252
 252 252 252 252 252 252 252 252 252 252 252 252 252 252 252 252 252 252
 252 252 252 252 252 252 252 252 252 252 252 252 252 252 252 252 252 252
 252 252 252 252 252 252 252 252 252 252 252 252 252 252 252 252 252 252
 252 252 252 252 252 252 252 252 252 252 252 252 252 252 252 252 252 252
 252 252 252 252 252 252 252 252 252 252 252 252 252 252 252 252 252 252
 252 252 252 252 252 252 252 252 252 252 252 252 252 253 252 250 251 251
 220 108  60  51  45  41  38  35  33  32  28  26  24  24  26  29  31  30
  33  30  34  36  36  40  74 201 250 250 253 253 252 252 218 109  53  46
  40  35  34  30  30  28  30  30  30  30  30  31  32  33  33  38  33  67
 205 251 251 252 252 252 252 252 252 252 252 252 252 252 252 252 251 252
 244  29]"
"[ 29  29 245 252 252 252 253 252 252 252 252 252 252 252 252 252 252 252
 252 252 252 252 252 252 252 252 252 252 252 252 252 252 252 252 252 252
 252 252 252 252 252 252 252 252 252 252 252 252 252 252 252 252 252 252
 252 252 252 252 252 252 252 252 252 252 252 252 252 252 252 252 252 252
 252 252 252 252 252 252 252 252 252 252 252 252 252 252 252 252 252 252
 252 252 252 252 252 252 252 252 252 252 252 252 252 252 252 252 252 252
 252 252 252 252 252 252 252 252 252 252 252 252 251 252 251 252 254 253
 245 141  64  54  46  42  37  34  33  31  30  27  24  24  26  29  30  29
  30  29  32  33  40  39  58 174 251 253 253 254 251 251 172  73  45  44
  37  32  33  29  31  31  30  29  29  29  30  31  32  33  34  38  40  87
 230 251 251 254 252 252 252 252 252 252 252 252 252 252 252 252 251 252
 244  29]"
"[ 29  29 245 252 252 252 253 252 252 252 252 252 252 252 252 252 252 252
 252 252 252 252 252 252 252 252 252 252 252 252 252 252 252 252 252 252
 252 252 252 252 252 252 252 252 252 252 252 252 252 252 252 252 252 252
 252 252 252 252 252 252 252 252 252 252 252 252 252 252 252 252 252 252
 252 252 252 252 252 252 252 252 252 252 252 252 252 252 252 252 252 252
 252 252 252 252 252 252 252 252 252 252 252 252 252 252 252 252 252 252
 252 252 252 252 252 252 252 252 252 252 252 252 253 250 253 252 252 253
 250 167  74  48  51  40  40  33  31  31  29  25  23  26  27  28  29  27
  26  28  31  32  37  36  46 155 253 254 252 250 255 229 117  60  40  38
  35  33  32  31  30  29  28  28  29  30  29  29  30  32  37  40  42 110
 245 253 251 254 252 252 252 252 252 252 252 252 252 252 252 252 251 252
 244  29]"
"[ 29  29 245 252 252 252 253 252 252 252 252 252 252 252 252 252 252 252
 252 252 252 252 252 252 252 252 252 252 252 252 252 252 252 252 252 252
 252 252 252 252 252 252 252 252 252 252 252 252 252 252 252 252 252 252
 252 252 252 252 252 252 252 252 252 252 252 252 252 252 252 252 252 252
 252 252 252 252 252 252 252 252 252 252 252 252 252 252 252 252 252 252
 252 252 252 252 252 252 252 252 252 252 252 252 252 252 252 252 252 252
 252 252 252 252 252 252 252 252 252 252 252 252 251 252 253 252 252 252
 253 203  89  51  48  42  38  34  34  30  28  25  25  27  28  29  30  29
  29  26  29  31  36  38  43 127 250 254 251 254 247 194  80  43  39  36
  33  31  30  30  29  28  27  27  27  28  28  29  31  33  34  43  43 139
 250 251 251 253 252 252 252 252 252 252 252 252 252 252 252 252 251 252
 244  29]"
"[ 29  29 245 252 252 252 253 252 252 252 252 252 252 252 252 252 252 252
 252 252 252 252 252 252 252 252 252 252 252 252 252 252 252 252 252 252
 252 252 252 252 252 252 252 252 252 252 252 252 252 252 252 252 252 252
 252 252 252 252 252 252 252 252 252 252 252 252 252 252 252 252 252 252
 252 252 252 252 252 252 252 252 252 252 252 252 252 252 252 252 252 252
 252 252 252 252 252 252 252 252 252 252 252 252 252 252 252 252 252 252
 252 252 252 252 252 252 252 252 252 252 252 252 252 253 251 252 253 251
 254 239 125  63  51  47  38  34  34  26  26  24  26  29  29  30  30  29
  31  25  28  31  33  40  40  96 249 254 252 252 241 141  56  44  37  34
  31  28  28  28  27  26  26  26  27  27  28  29  32  35  36  38  43 163
 252 251 254 252 252 252 252 252 252 252 252 252 252 252 252 252 251 252
 244  29]"
"[ 29  29 245 252 252 252 253 252 252 252 252 252 252 252 252 252 252 252
 252 252 252 252 252 252 252 252 252 252 252 252 252 252 252 252 252 252
 252 252 252 252 252 252 252 252 252 252 252 252 252 252 252 252 252 252
 252 252 252 252 252 252 252 252 252 252 252 252 252 252 252 252 252 252
 252 252 252 252 252 252 252 252 252 252 252 252 252 252 252 252 252 252
 252 252 252 252 252 252 252 252 252 252 252 252 252 252 252 252 252 252
 252 252 252 252 252 252 252 252 252 252 252 252 253 253 250 252 253 252
 253 251 158  67  50  46  38  35  33  26  24  25  28  30  30  29  30  29
  28  24  28  30  31  38  38  77 232 253 253 249 200  94  48  39  36  33
  29  26  25  26  25  24  25  26  27  28  29  30  33  36  41  33  55 185
 251 253 254 253 252 252 252 252 252 252 252 252 252 252 252 252 251 252
 244  29]"
"[ 29  29 245 252 252 252 253 252 252 252 252 252 252 252 252 252 252 252
 252 252 252 252 252 252 252 252 252 252 252 252 252 252 252 252 252 252
 252 252 252 252 252 252 252 252 252 252 252 252 252 252 252 252 252 252
 252 252 252 252 252 252 252 252 252 252 252 252 252 252 252 252 252 252
 252 252 252 252 252 252 252 252 252 252 252 252 252 252 252 252 252 252
 252 252 252 252 252 252 252 252 252 252 252 252 252 252 252 252 252 252
 252 252 252 252 252 252 252 252 252 252 252 252 253 251 251 253 252 253
 252 252 192  79  53  45  41  36  32  27  24  26  30  31  29  28  28  27
  24  24  26  27  30  36  35  65 212 252 252 242 131  62  36  36  33  30
  27  24  24  24  24  24  25  26  27  28  29  30  32  35  41  35  73 218
 251 252 252 253 252 252 252 252 252 252 252 252 252 252 252 252 251 252
 244  29]"
"[ 29  29 245 252 252 252 253 252 252 252 252 252 252 252 252 252 252 252
 252 252 252 252 252 252 252 252 252 252 252 252 252 252 252 252 252 252
 252 252 252 252 252 252 252 252 252 252 252 252 252 252 252 252 252 252
 252 252 252 252 252 252 252 252 252 252 252 252 252 252 252 252 252 252
 252 252 252 252 252 252 252 252 252 252 252 252 252 252 252 252 252 252
 252 252 252 252 252 252 252 252 252 252 252 252 252 252 252 252 252 252
 252 252 252 252 252 252 252 252 252 252 252 252 252 251 253 253 250 253
 254 253 222 104  59  47  43  35  30  26  23  26  29  30  27  26  26  24
  24  25  23  24  30  34  32  51 191 250 241 162  64  34  27  32  29  27
  25  24  24  24  24  24  24  25  27  28  28  28  31  34  40  40  87 243
 252 251 252 254 252 252 252 252 252 252 252 252 252 252 252 252 251 252
 244  29]"
"[ 29  29 245 252 252 252 253 252 252 252 252 252 252 252 252 252 252 252
 252 252 252 252 252 252 252 252 252 252 252 252 252 252 252 252 252 252
 252 252 252 252 252 252 252 252 252 252 252 252 252 252 252 252 252 252
 252 252 252 252 252 252 252 252 252 252 252 252 252 252 252 252 252 252
 252 252 252 252 252 252 252 252 252 252 252 252 252 252 252 252 252 252
 252 252 252 252 252 252 252 252 252 252 252 252 252 252 252 252 252 252
 252 252 252 252 252 252 252 252 252 252 252 252 252 252 253 252 251 252
 253 254 239 131  63  49  41  32  30  25  23  26  29  29  25  24  24  23
  25  25  23  25  28  31  27  33 139 205 176  69  35  32  33  27  25  25
  24  24  24  24  24  24  24  25  26  27  27  27  30  33  40  45 111 250
 251 252 254 254 252 252 252 252 252 252 252 252 252 252 252 252 251 252
 244  29]"
"[ 29  29 245 252 252 252 253 252 252 252 252 252 252 252 252 252 252 252
 252 252 252 252 252 252 252 252 252 252 252 252 252 252 252 252 252 252
 252 252 252 252 252 252 252 252 252 252 252 252 252 252 252 252 252 252
 252 252 252 252 252 252 252 252 252 252 252 252 252 252 252 252 252 252
 252 252 252 252 252 252 252 252 252 252 252 252 252 252 252 252 252 252
 252 252 252 252 252 252 252 252 252 252 252 252 252 252 252 252 252 252
 252 252 252 252 252 252 252 252 252 252 252 252 253 253 251 251 254 250
 251 251 254 159  71  57  41  31  30  24  24  27  30  29  25  24  25  24
  23  23  24  26  25  26  23  19  58  97  58  33  31  32  24  24  24  24
  24  24  23  23  23  24  24  25  26  26  26  27  31  34  39  49 143 251
 253 252 254 252 252 252 252 252 252 252 252 252 252 252 252 252 251 252
 244  29]"
"[ 29  29 245 252 252 252 253 252 252 252 252 252 252 252 252 252 252 252
 252 252 252 252 252 252 252 252 252 252 252 252 252 252 252 252 252 252
 252 252 252 252 252 252 252 252 252 252 252 252 252 252 252 252 252 252
 252 252 252 252 252 252 252 252 252 252 252 252 252 252 252 252 252 252
 252 252 252 252 252 252 252 252 252 252 252 252 252 252 252 252 252 252
 252 252 252 252 252 252 252 252 252 252 252 252 252 252 252 252 252 252
 252 252 252 252 251 253 250 253 250 252 252 252 252 252 251 251 251 249
 250 249 251 187  70  47  41  35  27  24  24  28  30  29  25  24  24  25
  24  24  24  25  25  25  24  24  29  29  28  26  27  25  23  23  24  22
  22  23  23  23  23  25  25  26  27  28  28  29  33  36  39  61 180 252
 254 252 254 252 252 252 252 252 252 252 252 252 252 252 252 252 251 252
 244  29]"
"[ 29  29 245 252 252 252 253 252 252 252 252 252 252 252 252 252 252 252
 252 252 252 252 252 252 252 252 252 252 252 252 252 252 252 252 252 252
 252 252 252 252 252 252 252 252 252 252 252 252 252 252 252 252 252 252
 252 252 252 252 252 252 252 252 252 252 252 252 252 252 252 252 252 252
 252 252 252 252 252 252 252 252 252 252 252 252 252 252 252 252 252 252
 252 252 252 252 252 252 252 252 252 252 252 252 252 252 252 252 252 252
 252 252 252 252 253 254 253 250 252 253 250 251 251 239 217 192 173 175
 198 222 232 179  79  53  40  33  26  25  24  28  30  28  25  24  24  24
  24  24  24  25  25  25  24  24  26  26  24  23  24  23  22  22  23  22
  22  23  24  23  23  25  24  25  27  28  28  29  33  37  41  83 209 253
 252 252 253 251 252 252 252 252 252 252 252 252 252 252 252 252 251 252
 244  29]"
"[ 29  29 245 252 252 252 253 252 252 252 252 252 252 252 252 252 252 252
 252 252 252 252 252 252 252 252 252 252 252 252 252 252 252 252 252 252
 252 252 252 252 252 252 252 252 252 252 252 252 252 252 252 252 252 252
 252 252 252 252 252 252 252 252 252 252 252 252 252 252 252 252 252 252
 252 252 252 252 252 252 252 252 252 252 252 252 252 252 252 252 252 252
 252 252 252 252 252 252 252 252 252 252 252 252 252 252 252 252 252 252
 252 252 252 252 249 252 253 250 252 251 247 226 171 127  90  69  60  57
  66  89 135 116  65  54  41  32  24  24  25  27  29  27  25  24  24  24
  24  24  25  25  25  25  24  24  22  22  20  19  20  20  20  21  21  21
  21  23  23  23  23  24  24  25  27  29  29  29  33  38  40 106 235 251
 252 253 251 253 252 252 252 252 252 252 252 252 252 252 252 252 251 252
 244  29]"
"[ 29  29 245 252 252 252 253 252 252 252 252 252 252 252 252 252 252 252
 252 252 252 252 252 252 252 252 252 252 252 252 252 252 252 252 252 252
 252 252 252 252 252 252 252 252 252 252 252 252 252 252 252 252 252 252
 252 252 252 252 252 252 252 252 252 252 252 252 252 252 252 252 252 252
 252 252 252 252 252 252 252 252 252 252 252 252 252 252 252 252 252 252
 252 252 252 252 252 252 252 252 252 252 252 252 252 252 252 252 252 252
 252 252 252 252 253 251 249 253 253 237 181  93  65  46  36  31  36  40
  31  30  30  37  31  42  39  34  24  24  23  26  27  26  25  24  24  24
  24  24  25  25  25  24  24  25  22  22  19  17  18  19  19  20  19  19
  20  21  22  22  23  23  24  24  26  29  29  29  33  38  38 130 245 250
 254 254 250 254 252 252 252 252 252 252 252 252 252 252 252 252 251 252
 244  29]"
"[ 29  29 245 252 252 252 253 252 252 252 252 252 252 252 252 252 252 252
 252 252 252 252 252 252 252 252 252 252 252 252 252 252 252 252 252 252
 252 252 252 252 252 252 252 252 252 252 252 252 252 252 252 252 252 252
 252 252 252 252 252 252 252 252 252 252 252 252 252 252 252 252 252 252
 252 252 252 252 252 252 252 252 252 252 252 252 252 252 252 252 252 252
 252 252 252 252 252 252 252 252 252 252 252 252 252 252 252 252 252 252
 252 252 252 252 250 252 251 249 232 164  80  54  39  36  37  29  27  32
  29  31  26  28  28  38  38  34  22  19  20  23  25  25  24  24  24  24
  24  24  25  25  24  24  24  25  23  23  19  17  18  17  17  19  18  18
  19  19  20  22  23  23  24  24  25  27  28  29  33  38  43 161 250 252
 254 253 250 253 252 252 252 252 252 252 252 252 252 252 252 252 251 252
 244  29]"
"[ 29  29 245 252 252 252 253 252 252 252 252 252 252 252 252 252 252 252
 252 252 252 252 252 252 252 252 252 252 252 252 252 252 252 252 252 252
 252 252 252 252 252 252 252 252 252 252 252 252 252 252 252 252 252 252
 252 252 252 252 252 252 252 252 252 252 252 252 252 252 252 252 252 252
 252 252 252 252 252 252 252 252 252 252 252 252 252 252 252 252 252 252
 252 252 252 252 252 252 252 252 252 252 252 252 252 252 252 252 252 252
 252 252 252 252 253 252 252 244 160  73  49  44  42  34  33  32  32  30
  24  27  28  25  23  29  30  28  23  20  17  21  23  24  24  24  24  24
  24  24  24  24  24  24  24  25  24  23  20  18  18  17  16  17  18  19
  19  19  20  22  23  23  24  24  25  26  28  31  35  38  55 195 252 253
 252 252 252 252 252 252 252 252 252 252 252 252 252 252 252 252 251 252
 244  29]"
"[ 29  29 245 252 252 252 253 252 252 252 252 252 252 252 252 252 252 252
 252 252 252 252 252 252 252 252 252 252 252 252 252 252 252 252 252 252
 252 252 252 252 252 252 252 252 252 252 252 252 252 252 252 252 252 252
 252 252 252 252 252 252 252 252 252 252 252 252 252 252 252 252 252 252
 252 252 252 252 252 252 252 252 252 252 252 252 252 252 252 252 252 252
 252 252 252 252 252 252 252 252 252 252 252 252 252 252 252 252 252 252
 252 252 252 252 251 248 247 170  72  44  37  37  32  30  26  21  22  26
  25  22  23  23  24  26  25  23  24  19  16  20  23  24  24  24  24  24
  24  24  24  24  24  24  24  24  24  24  21  19  19  18  16  17  17  19
  19  19  20  22  23  22  24  25  25  25  28  32  36  37  76 222 253 252
 252 253 253 252 252 252 252 252 252 252 252 252 252 252 252 252 251 252
 244  29]"
"[ 29  29 245 252 252 252 253 252 252 252 252 252 252 252 252 252 252 252
 252 252 252 252 252 252 252 252 252 252 252 252 252 252 252 252 252 252
 252 252 252 252 252 252 252 252 252 252 252 252 252 252 252 252 252 252
 252 252 252 252 252 252 252 252 252 252 252 252 252 252 252 252 252 252
 252 252 252 252 252 252 252 252 252 252 252 252 252 252 252 252 252 252
 252 252 252 252 252 252 252 252 252 252 252 252 252 252 252 252 252 252
 252 252 252 252 252 253 208 109  49  40  41  34  31  29  25  25  24  22
  24  24  24  24  24  23  23  22  26  17  15  20  24  25  24  24  24  24
  24  24  23  23  24  24  24  24  24  24  21  20  20  19  17  17  16  18
  19  19  20  22  22  21  22  23  24  23  26  32  34  34  97 238 253 252
 254 253 252 251 252 252 252 252 252 252 252 252 252 252 252 252 251 252
 244  29]"
"[ 29  29 245 252 252 252 253 252 252 252 252 252 252 252 252 252 252 252
 252 252 252 252 252 252 252 252 252 252 252 252 252 252 252 252 252 252
 252 252 252 252 252 252 252 252 252 252 252 252 252 252 252 252 252 252
 252 252 252 252 252 252 252 252 252 252 252 252 252 252 252 252 252 252
 252 252 252 252 252 252 252 252 252 252 252 252 252 252 252 252 252 252
 252 252 252 252 252 252 252 252 252 252 252 252 252 252 252 252 252 252
 252 252 253 253 252 251 166  70  40  38  39  33  29  26  24  24  24  25
  25  25  24  24  24  23  22  21  19  18  16  19  23  24  24  25  24  24
  24  24  24  24  24  24  23  23  24  24  23  23  23  22  19  16  16  16
  18  19  20  21  23  24  25  23  24  26  29  31  32  34 118 242 252 254
 252 252 253 253 252 252 252 252 252 252 252 252 252 252 252 252 251 252
 244  29]"
"[ 29  29 245 252 252 252 253 252 252 252 252 252 252 252 252 252 252 252
 252 252 252 252 252 252 252 252 252 252 252 252 252 252 252 252 252 252
 252 252 252 252 252 252 252 252 252 252 252 252 252 252 252 252 252 252
 252 252 252 252 252 252 252 252 252 252 252 252 252 252 252 252 252 252
 252 252 252 252 252 252 252 252 252 252 252 252 252 252 252 252 252 252
 252 252 252 252 252 252 252 252 252 252 252 252 252 252 252 252 252 252
 252 252 252 252 251 240 120  57  29  35  33  31  29  26  24  24  24  25
  24  24  24  24  24  23  22  20  19  18  15  18  22  24  24  24  23  23
  23  23  24  24  24  24  24  24  24  24  24  23  23  22  19  16  16  17
  17  18  19  20  22  24  25  24  25  26  28  30  34  37 129 248 254 254
 252 251 250 250 252 252 252 252 252 252 252 252 252 252 252 252 251 252
 244  29]"
"[ 29  29 245 252 252 252 253 252 252 252 252 252 252 252 252 252 252 252
 252 252 252 252 252 252 252 252 252 252 252 252 252 252 252 252 252 252
 252 252 252 252 252 252 252 252 252 252 252 252 252 252 252 252 252 252
 252 252 252 252 252 252 252 252 252 252 252 252 252 252 252 252 252 252
 252 252 252 252 252 252 252 252 252 252 252 252 252 252 252 252 252 252
 252 252 252 252 252 252 252 252 252 252 252 252 252 252 252 252 252 252
 252 252 252 252 254 231 102  50  37  34  33  33  29  27  24  24  24  24
  24  24  24  24  24  23  22  20  18  17  16  18  21  24  25  23  23  23
  23  23  23  24  24  24  24  24  24  24  24  24  24  23  20  17  17  17
  17  17  18  20  22  24  24  24  25  25  26  28  34  39 127 246 252 252
 253 253 253 253 252 252 252 252 252 252 252 252 252 252 252 252 251 252
 244  29]"
"[ 29  29 245 252 252 252 253 252 252 252 252 252 252 252 252 252 252 252
 252 252 252 252 252 252 252 252 252 252 252 252 252 252 252 252 252 252
 252 252 252 252 252 252 252 252 252 252 252 252 252 252 252 252 252 252
 252 252 252 252 252 252 252 252 252 252 252 252 252 252 252 252 252 252
 252 252 252 252 252 252 252 252 252 252 252 252 252 252 252 252 252 252
 252 252 252 252 252 252 252 252 252 252 252 252 252 252 252 252 252 252
 252 252 252 252 251 223  98  42  39  31  28  29  30  27  25  24  24  24
  24  24  24  24  24  23  22  20  18  17  16  16  19  23  24  22  22  24
  23  23  23  24  24  24  24  24  24  24  24  24  24  24  21  18  17  17
  16  16  17  19  21  22  23  24  24  24  25  28  34  39 118 244 252 252
 252 252 252 252 252 252 252 252 252 252 252 252 252 252 252 252 251 252
 244  29]"
"[ 29  29 245 252 252 252 253 252 252 252 252 252 252 252 252 252 252 252
 252 252 252 252 252 252 252 252 252 252 252 252 252 252 252 252 252 252
 252 252 252 252 252 252 252 252 252 252 252 252 252 252 252 252 252 252
 252 252 252 252 252 252 252 252 252 252 252 252 252 252 252 252 252 252
 252 252 252 252 252 252 252 252 252 252 252 252 252 252 252 252 252 252
 252 252 252 252 252 252 252 252 252 252 252 252 252 252 252 252 252 252
 252 252 252 252 253 227  91  46  39  39  30  32  30  27  25  24  25  24
  24  24  24  24  24  24  23  21  19  17  15  14  16  20  21  21  21  23
  23  23  23  23  23  24  24  25  24  24  24  24  25  24  22  20  17  17
  16  16  17  18  20  21  23  24  24  24  25  29  34  38 100 238 254 253
 252 253 251 251 252 252 252 252 252 252 252 252 252 252 252 252 251 252
 244  29]"
"[ 29  29 245 252 252 252 253 252 252 252 252 252 252 252 252 252 252 252
 252 252 252 252 252 252 252 252 252 252 252 252 252 252 252 252 252 252
 252 252 252 252 252 252 252 252 252 252 252 252 252 252 252 252 252 252
 252 252 252 252 252 252 252 252 252 252 252 252 252 252 252 252 252 252
 252 252 252 252 252 252 252 252 252 252 252 252 252 252 252 252 252 252
 252 252 252 252 252 252 252 252 252 252 252 252 252 252 252 252 252 252
 252 252 252 252 252 231  88  51  40  35  31  31  30  28  25  25  25  25
  24  24  24  24  24  24  24  22  19  17  15  14  15  17  19  20  21  22
  22  22  23  23  23  24  24  24  24  24  24  24  24  24  23  21  19  18
  17  16  17  18  19  19  22  23  24  24  26  30  34  37  80 228 251 252
 252 254 253 253 252 252 252 252 252 252 252 252 252 252 252 252 251 252
 244  29]"
"[ 29  29 245 252 252 252 253 252 252 252 252 252 252 252 252 252 252 252
 252 252 252 252 252 252 252 252 252 252 252 252 252 252 252 252 252 252
 252 252 252 252 252 252 252 252 252 252 252 252 252 252 252 252 252 252
 252 252 252 252 252 252 252 252 252 252 252 252 252 252 252 252 252 252
 252 252 252 252 252 252 252 252 252 252 252 252 252 252 252 252 252 252
 252 252 252 252 252 252 252 252 252 252 252 252 252 252 252 252 252 252
 252 252 252 252 251 232  99  52  43  32  34  30  31  28  25  25  25  25
  25  24  24  24  24  24  24  22  20  17  16  15  15  16  18  20  20  20
  20  20  22  23  24  24  24  24  24  24  24  24  24  24  24  22  21  19
  17  16  17  18  19  19  20  22  23  24  25  30  34  37  74 225 250 253
 252 253 251 251 252 252 252 252 252 252 252 252 252 252 252 252 251 252
 244  29]"
"[ 29  29 245 251 252 252 253 252 252 252 252 252 252 252 252 252 252 252
 252 252 252 252 252 252 252 252 252 252 252 252 252 252 252 252 252 252
 252 252 252 252 252 252 252 252 252 252 252 252 252 252 252 252 252 252
 252 252 252 252 252 252 252 252 252 252 252 252 252 252 252 252 252 252
 252 252 252 252 252 252 252 252 252 252 252 252 252 252 252 252 252 252
 252 252 252 252 252 252 252 252 252 252 252 252 252 252 252 252 252 252
 252 252 253 253 252 231 104  47  37  38  34  31  31  28  26  25  25  25
  25  25  24  24  24  24  24  23  20  17  15  15  15  15  17  19  19  17
  18  19  21  23  24  24  24  23  24  24  24  24  24  24  24  23  23  20
  18  16  16  17  19  19  19  22  24  24  26  30  36  39  74 224 251 253
 254 253 251 253 252 252 252 252 252 252 252 252 252 252 252 252 251 252
 244  29]"
"[ 29  29 246 251 252 252 253 252 252 252 252 252 252 252 252 252 252 252
 252 252 252 252 252 252 252 252 252 252 252 252 252 252 252 252 252 252
 252 252 252 252 252 252 252 252 252 252 252 252 252 252 252 252 252 252
 252 252 252 252 252 252 252 252 252 252 252 252 252 252 252 252 252 252
 252 252 252 252 252 252 252 252 252 252 252 252 252 252 252 252 252 252
 252 252 252 252 252 252 252 252 252 252 252 252 252 252 252 252 252 252
 252 252 252 252 251 240 113  53  43  40  35  32  31  29  27  25  25  25
  25  24  24  24  24  24  24  23  21  19  18  16  16  16  17  17  18  18
  18  19  20  21  23  25  25  24  25  25  24  24  24  24  24  24  22  22
  20  18  17  17  18  18  19  22  24  25  26  29  33  36  63 216 252 254
 253 252 253 251 252 252 252 252 252 252 252 252 252 252 251 252 251 252
 243  29]"
"[ 29  29 246 251 252 252 253 252 252 252 252 252 252 252 252 252 252 252
 252 252 252 252 252 252 252 252 252 252 252 252 252 252 252 252 252 252
 252 252 252 252 252 252 252 252 252 252 252 252 252 252 252 252 252 252
 252 252 252 252 252 252 252 252 252 252 252 252 252 252 252 252 252 252
 252 252 252 252 252 252 252 252 252 252 252 252 252 252 252 252 252 252
 252 252 252 252 252 252 252 252 252 252 252 252 252 252 252 252 252 252
 252 252 252 252 252 246 138  60  43  41  34  34  32  30  27  26  26  26
  24  23  24  24  24  24  24  23  21  19  17  16  15  15  16  16  17  18
  18  19  19  20  22  24  24  24  24  24  24  24  24  24  24  24  23  23
  22  19  18  18  18  18  21  20  20  22  26  30  33  33  56 206 252 251
 254 252 253 252 252 252 252 252 252 252 252 252 252 252 252 252 251 252
 243  29]"
"[ 29  29 246 252 252 252 253 252 252 252 252 252 252 252 252 252 252 252
 252 252 252 252 252 252 252 252 252 252 252 252 252 252 252 252 252 252
 252 252 252 252 252 252 252 252 252 252 252 252 252 252 252 252 252 252
 252 252 252 252 252 252 252 252 252 252 252 252 252 252 252 252 252 252
 252 252 252 252 252 252 252 252 252 252 252 252 252 252 252 252 252 252
 252 252 252 252 252 252 252 252 252 252 252 252 252 252 252 252 252 252
 252 252 252 252 253 253 171  71  43  41  35  36  33  30  28  26  26  25
  24  23  24  24  24  24  24  23  20  18  16  15  14  14  15  15  16  17
  18  18  18  18  20  22  24  24  24  24  24  23  23  23  23  23  24  24
  23  21  19  19  18  18  19  20  21  23  26  29  33  35  50 192 254 250
 255 253 252 253 252 252 252 252 252 252 252 252 252 252 252 252 251 252
 244  29]"
"[ 29  29 246 252 252 252 253 252 252 252 252 252 252 252 252 252 252 252
 252 252 252 252 252 252 252 252 252 252 252 252 252 252 252 252 252 252
 252 252 252 252 252 252 252 252 252 252 252 252 252 252 252 252 252 252
 252 252 252 252 252 252 252 252 252 252 252 252 252 252 252 252 252 252
 252 252 252 252 252 252 252 252 252 252 252 252 252 252 252 252 252 252
 252 252 252 252 252 252 252 252 252 252 252 252 252 252 252 252 252 252
 252 252 252 252 253 254 195  79  44  40  37  36  31  30  28  26  25  24
  24  23  25  25  24  24  23  22  20  18  15  14  13  13  14  14  15  16
  17  17  17  17  19  21  23  24  24  24  23  23  23  23  23  23  24  24
  23  22  20  20  19  18  18  20  22  24  25  27  32  37  46 170 253 250
 255 253 252 252 252 252 252 252 252 252 252 252 252 252 252 252 251 252
 244  29]"
"[ 29  29 246 252 252 252 253 252 252 252 252 252 252 252 252 252 252 252
 252 252 252 252 252 252 252 252 252 252 252 252 252 252 252 252 252 252
 252 252 252 252 252 252 252 252 252 252 252 252 252 252 252 252 252 252
 252 252 252 252 252 252 252 252 252 252 252 252 252 252 252 252 252 252
 252 252 252 252 252 252 252 252 252 252 252 252 252 252 252 252 252 252
 252 252 252 252 252 252 252 252 252 252 252 252 252 252 252 252 252 252
 252 252 252 252 253 253 207  87  47  40  40  36  31  31  29  27  25  23
  23  24  24  24  24  24  24  23  21  19  15  14  13  13  13  13  14  15
  15  16  17  18  19  21  23  23  24  24  24  23  23  23  23  24  24  24
  24  23  22  21  20  19  19  19  20  22  25  27  31  34  41 145 248 251
 252 252 253 251 252 252 252 252 252 252 252 252 252 252 252 252 251 252
 244  29]"
"[ 29  29 246 252 252 252 253 252 252 252 252 252 252 252 252 252 252 252
 252 252 252 252 252 252 252 252 252 252 252 252 252 252 252 252 252 252
 252 252 252 252 252 252 252 252 252 252 252 252 252 252 252 252 252 252
 252 252 252 252 252 252 252 252 252 252 252 252 252 252 252 252 252 252
 252 252 252 252 252 252 252 252 252 252 252 252 252 252 252 252 252 252
 252 252 252 252 252 252 252 252 252 252 252 252 252 252 252 252 252 252
 252 252 252 252 253 252 216  97  48  41  41  36  32  32  31  28  25  24
  24  24  23  23  23  23  24  24  23  21  16  14  13  13  13  13  13  14
  14  15  17  18  19  21  23  23  24  24  24  24  24  24  24  24  24  24
  24  24  23  23  22  21  19  19  21  23  24  25  29  33  40 134 248 251
 252 252 254 251 252 252 252 252 252 252 252 252 252 252 252 252 251 252
 244  29]"
"[ 29  29 246 252 252 252 253 252 252 252 252 252 252 252 252 252 252 252
 252 252 252 252 252 252 252 252 252 252 252 252 252 252 252 252 252 252
 252 252 252 252 252 252 252 252 252 252 252 252 252 252 252 252 252 252
 252 252 252 252 252 252 252 252 252 252 252 252 252 252 252 252 252 252
 252 252 252 252 252 252 252 252 252 252 252 252 252 252 252 252 252 252
 252 252 252 252 252 252 252 252 252 252 252 252 252 252 252 252 252 252
 252 252 252 252 253 253 228 108  47  42  39  37  33  32  30  28  26  25
  24  24  23  23  23  24  24  25  23  22  17  15  13  13  12  12  12  13
  13  15  16  17  19  21  23  24  24  24  24  24  24  24  24  24  24  24
  24  23  23  24  23  22  19  20  22  23  22  23  27  32  40 134 250 252
 253 254 252 252 252 252 252 252 252 252 252 252 252 252 252 252 251 252
 244  29]"
"[ 29  29 246 252 252 252 253 252 252 252 252 252 252 252 252 252 252 252
 252 252 252 252 252 252 252 252 252 252 252 252 252 252 252 252 252 252
 252 252 252 252 252 252 252 252 252 252 252 252 252 252 252 252 252 252
 252 252 252 252 252 252 252 252 252 252 252 252 252 252 252 252 252 252
 252 252 252 252 252 252 252 252 252 252 252 252 252 252 252 252 252 252
 252 252 252 252 252 252 252 252 252 252 252 252 252 252 252 252 252 252
 252 252 252 252 253 254 238 115  46  43  35  37  32  30  28  27  27  26
  25  24  24  24  24  24  24  24  23  21  17  15  13  12  12  11  12  12
  13  15  16  17  19  21  23  24  24  24  24  24  24  24  24  24  24  24
  23  23  23  23  22  21  22  19  17  20  23  24  26  28  36 134 249 250
 253 255 251 253 252 252 252 252 252 252 252 252 252 252 252 252 251 252
 244  29]"
"[ 28  30 245 252 253 250 254 251 252 252 251 250 251 253 253 252 251 252
 251 251 253 253 252 252 252 251 252 253 253 251 252 253 253 253 253 253
 253 253 252 251 253 252 251 252 253 252 252 253 252 252 253 253 252 251
 251 251 251 250 251 252 253 253 252 251 252 252 252 252 252 252 252 252
 251 251 251 252 252 252 252 252 252 252 253 252 252 253 252 250 252 251
 252 253 252 252 253 251 253 252 252 252 252 252 252 252 252 251 253 251
 250 251 249 253 250 254 238 119  51  42  35  33  31  31  29  26  24  23
  24  24  25  22  23  25  25  24  24  22  18  15  13  12  12  12  13  15
  15  16  16  16  18  19  21  23  22  23  25  24  24  24  24  24  23  24
  24  24  23  23  24  24  22  20  18  18  20  24  25  25  31 132 245 252
 253 252 254 250 252 252 252 252 252 252 252 252 252 251 252 253 252 252
 244  28]"
"[ 28  30 245 251 252 250 252 251 251 253 253 252 252 252 251 249 253 253
 254 252 252 251 250 252 252 252 252 252 252 251 251 252 251 251 252 252
 252 252 253 253 252 252 252 252 252 251 251 252 253 251 251 251 252 252
 253 253 253 253 254 252 250 249 251 254 252 253 253 253 253 252 251 251
 254 253 253 252 252 252 252 252 252 252 251 251 252 253 254 253 252 251
 252 253 252 253 254 253 251 252 252 252 253 253 252 252 253 253 251 253
 253 253 252 252 252 252 224 113  53  43  31  30  29  29  27  25  24  24
  24  23  25  23  23  24  22  22  22  21  18  16  13  12  11  11  12  13
  15  16  16  16  19  20  20  23  22  23  25  24  24  24  24  24  25  25
  25  25  24  23  23  23  23  22  21  21  21  23  26  27  31 124 244 250
 251 251 254 253 252 252 253 252 252 252 252 252 252 252 251 251 250 250
 244  30]"
"[ 32  27 247 251 253 254 250 252 251 252 252 252 252 253 253 253 251 253
 252 252 253 253 253 254 253 253 253 252 251 251 251 251 252 252 252 252
 252 252 252 252 251 252 253 253 252 252 252 253 253 252 252 253 253 253
 252 251 252 253 253 254 253 253 252 252 253 252 250 251 252 253 253 253
 250 250 251 252 252 252 252 251 253 252 252 253 253 252 251 251 254 252
 253 252 251 251 252 251 253 253 253 253 253 252 252 252 249 253 250 253
 249 250 253 251 249 227 171  82  44  40  29  30  27  26  25  24  24  25
  24  23  25  24  23  22  19  19  20  20  18  16  14  13  12  11  11  12
  14  16  16  17  19  20  20  22  22  23  24  24  24  24  25  25  26  26
  26  25  24  23  23  23  24  23  24  24  23  23  27  31  32 108 238 250
 254 255 253 251 251 252 252 252 251 251 251 252 252 252 253 254 252 252
 243  30]"
"[ 29  30 245 254 251 248 253 252 253 252 252 251 250 251 251 252 252 252
 251 251 252 252 251 250 251 251 251 250 249 250 250 249 249 249 250 250
 251 252 252 251 252 252 252 252 252 252 252 252 253 252 251 251 252 252
 252 253 253 252 252 251 252 253 253 252 252 251 252 252 252 252 252 252
 253 253 253 253 253 253 253 253 251 250 251 252 253 252 252 253 252 251
 252 253 252 253 254 253 253 252 252 252 251 252 252 252 253 253 249 251
 249 240 200 155 111  91  61  34  28  30  21  23  25  25  24  24  24  24
  24  24  25  24  24  22  18  18  20  20  18  16  14  13  13  12  12  12
  14  16  17  17  19  20  20  21  21  23  24  24  23  24  25  25  25  25
  25  25  24  24  24  24  23  23  24  25  24  23  27  32  26  94 236 251
 253 251 249 254 252 252 253 253 252 252 253 253 251 251 251 252 252 251
 242  28]"
"[ 29  25 245 252 250 252 251 251 249 250 251 251 252 252 251 250 249 250
 250 250 250 250 250 250 249 249 249 248 248 248 248 248 249 249 248 248
 249 250 250 250 251 251 251 251 251 251 251 249 250 251 251 251 251 250
 250 251 249 251 252 252 251 251 252 252 248 251 253 253 251 249 249 250
 251 251 250 249 249 250 252 253 254 253 252 251 251 251 252 254 252 251
 252 252 251 251 252 251 251 252 252 253 253 253 253 252 250 249 251 243
 198 139  84  62  46  39  34  35  28  23  22  25  22  24  25  24  24  24
  24  24  24  24  24  22  19  19  21  20  17  15  14  13  12  11  11  11
  14  16  17  17  19  19  19  21  21  22  24  24  23  24  24  25  24  24
  24  24  24  24  24  24  24  23  23  24  24  24  27  32  27  90 234 251
 252 253 252 254 251 252 252 251 251 251 251 252 255 253 251 251 252 252
 244  30]"
"[ 30  34 233 248 248 251 247 248 250 248 245 243 242 240 237 234 230 235
 238 237 236 236 238 242 242 242 242 242 245 246 245 243 241 239 236 235
 236 238 240 240 242 242 242 243 246 249 248 246 243 245 246 247 245 244
 245 246 249 249 248 247 249 252 252 251 252 251 248 250 251 253 252 252
 250 253 254 253 254 253 252 252 251 253 254 254 253 253 253 252 255 255
 255 255 254 254 255 254 252 254 254 255 254 254 252 252 249 251 231 169
 107  67  40  32  32  30  32  34  26  23  24  20  20  22  24  24  23  23
  24  24  23  23  24  22  20  21  22  20  18  16  14  13  12  11  11  11
  13  15  16  16  18  18  18  20  20  22  24  24  23  24  24  24  26  26
  26  26  25  25  25  25  25  24  24  24  25  25  27  30  26  91 233 253
 252 255 254 249 254 253 253 252 252 252 252 252 251 251 251 252 252 251
 242  28]"
"[ 31  26 131 151 168 171 187 173 156 151 142 134 128 124 120 117 120 124
 126 125 124 123 125 129 137 135 134 137 140 140 138 135 137 137 137 137
 139 142 144 145 145 146 147 148 151 155 156 154 151 149 147 146 147 151
 157 162 168 164 160 163 174 188 196 197 195 189 184 185 190 195 194 192
 200 202 204 204 201 197 193 191 200 205 209 209 210 212 213 212 214 213
 214 215 216 219 223 223 223 223 223 222 222 223 223 223 219 201 153  86
  55  41  35  28  36  31  26  23  23  24  24  19  18  20  23  23  23  23
  24  24  23  23  22  21  20  22  23  20  19  17  15  14  13  12  12  12
  12  14  15  15  17  17  17  19  20  22  24  24  24  24  24  23  26  27
  27  26  25  25  25  25  25  25  24  24  24  26  28  29  30  93 228 254
 253 251 255 255 253 252 252 252 253 253 253 253 251 253 253 254 252 251
 243  31]"
"[ 30  30 111 116 118 116 115 115 109 108 106 104 104 105 106 107 104 105
 105 105 108 110 111 114 113 110 109 112 115 114 110 108 111 112 114 114
 113 112 112 113 112 113 114 113 115 117 118 117 115 115 116 117 117 116
 116 116 116 116 115 116 121 124 124 120 122 122 122 122 122 122 122 122
 126 127 127 127 126 125 125 125 125 128 129 125 123 128 131 132 134 132
 132 132 132 135 138 139 139 138 137 136 138 142 146 148 155 132  86  47
  43  30  30  27  24  26  26  24  26  22  21  21  17  19  21  22  23  24
  24  23  23  22  21  20  19  22  23  20  18  16  14  13  12  12  12  13
  12  14  14  14  16  16  16  18  20  22  24  25  24  24  24  23  24  25
  25  24  24  23  23  24  23  24  25  24  24  26  28  30  32  73 188 231
 239 237 239 238 243 242 241 242 244 245 245 245 245 245 243 240 236 238
 236  27]"
"[ 29  30 104 107 106 104 105 107 105 107 108 108 107 107 108 111 109 109
 110 109 108 109 110 112 112 111 111 113 113 112 111 111 113 111 110 111
 113 115 115 114 115 115 114 116 117 118 118 117 114 114 114 114 115 116
 116 115 116 116 117 117 116 116 117 117 114 116 119 120 119 119 117 116
 119 118 118 120 121 121 121 122 123 124 124 123 122 122 124 126 124 123
 123 123 123 123 124 124 123 118 123 126 122 129 138 135 120  80  46  36
  33  31  29  25  25  24  23  23  24  24  23  23  19  18  19  23  25  24
  23  24  23  22  20  19  20  21  21  21  17  16  15  13  12  11  12  13
  13  13  13  14  15  16  17  18  20  23  24  24  25  24  23  25  24  25
  25  25  25  25  24  24  24  24  25  24  23  24  26  29  30  40 101 150
 150 150 151 160 166 162 158 158 163 167 167 163 162 164 161 152 147 151
 150  31]"
"[ 29  30 104 106 106 106 106 107 104 105 106 105 104 104 105 107 106 107
 108 109 109 109 108 108 110 109 109 111 112 110 109 109 109 110 111 112
 113 113 112 112 112 113 113 114 115 116 116 115 114 114 113 113 114 115
 116 115 115 116 117 117 118 118 119 119 118 120 121 121 122 122 122 121
 120 120 120 122 122 123 123 123 123 124 124 123 122 122 123 124 123 123
 123 123 124 125 127 127 126 124 126 127 127 131 127 114  83  54  33  30
  29  29  28  25  25  24  23  23  24  24  23  22  18  16  17  20  22  22
  22  22  22  20  19  18  19  19  19  19  18  17  15  14  12  11  12  13
  13  12  12  13  15  16  17  18  20  22  23  23  24  24  23  24  24  24
  24  24  24  24  24  23  24  24  24  24  23  23  25  27  31  28  73 129
 127 129 128 130 133 134 133 130 126 126 129 131 129 129 131 132 130 130
 134  27]"
"[ 29  29 102 105 105 106 105 105 103 104 105 104 104 103 104 105 105 105
 105 107 108 108 107 105 107 107 108 110 110 109 108 108 107 108 111 112
 112 111 110 110 110 111 112 113 113 114 114 114 114 114 113 112 112 114
 115 115 114 115 116 117 117 118 119 120 117 117 117 117 118 119 120 120
 120 121 122 122 122 122 122 123 122 122 123 123 122 121 121 122 123 123
 123 123 124 124 125 125 125 125 125 125 128 128 112  90  60  43  32  31
  28  26  25  23  24  24  23  24  24  24  23  22  19  17  16  18  21  21
  21  21  20  19  17  17  18  18  18  18  18  18  16  14  12  11  12  14
  13  12  12  13  14  15  18  20  21  22  22  22  23  23  23  24  24  24
  24  25  25  26  25  24  24  24  24  24  23  23  23  25  31  31  62 129
 128 129 132 131 135 136 136 133 131 131 133 134 137 131 132 137 136 132
 134  30]"
"[ 29  29 101 103 104 105 104 103 104 104 105 105 104 105 105 105 105 105
 104 105 106 107 107 106 106 106 107 109 110 108 107 108 108 109 109 109
 109 109 109 110 109 110 111 112 111 111 113 114 114 113 112 111 112 113
 114 114 114 114 115 116 116 117 118 118 117 116 115 115 116 118 119 119
 119 120 122 122 121 121 121 121 121 122 122 123 122 122 122 122 124 124
 123 123 123 122 123 123 124 124 123 124 126 118  95  74  50  40  32  29
  25  24  24  24  24  24  24  24  24  24  23  22  21  18  16  18  20  21
  20  20  18  18  17  17  18  18  18  18  17  17  16  15  13  11  12  14
  13  12  12  12  13  15  18  20  22  23  22  22  23  23  22  24  24  24
  24  25  26  27  26  25  24  24  24  24  24  23  23  23  25  29  46 119
 135 129 130 132 132 131 129 129 131 133 134 133 137 134 133 135 135 132
 133  27]"
"[ 30  29 101 102 103 105 104 102 103 103 104 104 104 104 104 104 104 104
 104 105 105 106 107 108 106 106 108 110 110 109 108 109 110 109 109 108
 108 109 109 109 108 109 110 110 109 110 111 113 113 114 113 112 112 113
 114 114 114 114 115 115 115 115 116 117 117 117 116 116 116 118 119 119
 119 121 122 122 121 121 121 121 122 122 123 123 122 122 123 123 123 123
 123 123 123 124 124 124 123 123 122 121 116  97  73  60  46  38  31  26
  23  23  24  24  24  24  24  24  24  24  23  23  21  18  16  17  19  20
  19  18  18  18  18  18  18  18  18  18  16  17  17  16  14  11  11  13
  13  12  11  11  12  13  16  19  20  21  21  20  22  23  23  24  24  24
  23  24  25  26  25  24  24  24  24  24  24  24  23  23  26  22  29  84
 128 137 126 131 130 131 132 131 131 132 133 134 130 133 133 133 132 130
 133  29]"
"[ 30  29 100 100 101 103 103 102 103 103 103 103 103 102 102 102 102 103
 105 105 105 105 106 106 106 107 108 110 110 109 109 110 111 110 109 109
 110 110 109 108 109 110 110 110 110 111 112 113 113 114 114 113 113 114
 114 114 113 114 114 114 114 114 115 116 116 116 116 115 116 117 117 117
 119 121 123 122 121 121 122 121 122 122 122 121 121 121 122 122 122 122
 123 123 123 124 124 124 122 122 121 117 103  78  58  51  44  38  31  25
  24  24  24  24  24  24  24  24  24  24  24  23  21  19  17  16  18  18
  18  16  18  18  18  18  18  18  17  17  17  17  18  17  15  12  11  11
  12  11  10  10  11  12  14  16  17  18  18  19  21  22  22  24  25  24
  24  24  25  25  24  23  24  24  24  24  25  24  24  24  23  18  22  36
  90 136 130 130 129 131 132 131 130 130 131 132 133 134 133 134 134 131
 132  29]"
"[ 29  28  99  99  99 101 102 101 102 103 103 103 102 102 102 102 102 103
 105 105 105 105 104 104 106 106 107 109 109 108 109 110 110 109 109 109
 109 110 109 109 110 110 110 111 112 113 112 112 112 113 114 114 113 114
 115 115 114 114 114 114 114 114 114 115 117 118 118 117 117 118 119 119
 120 122 122 121 121 122 122 121 121 121 121 121 121 121 121 122 123 123
 122 122 122 122 123 123 123 123 121 110  90  67  53  47  36  33  28  25
  25  24  24  25  24  24  24  24  24  24  24  24  23  21  18  16  16  17
  17  16  16  17  18  18  18  18  18  18  18  18  18  17  15  13  11  11
  12  11  10  11  11  12  13  14  15  17  17  18  20  20  21  23  24  24
  24  24  24  24  24  24  24  24  24  24  24  23  23  24  23  24  26  18
  47 107 132 128 131 132 132 132 133 134 134 133 133 133 131 132 136 134
 134  29]"
"[ 29  30 100  98  98 100 101 101 101 102 103 103 102 102 102 103 105 104
 104 105 105 104 104 103 105 105 106 108 108 107 108 109 110 109 108 108
 108 109 110 111 110 109 110 111 113 113 112 111 112 113 114 113 113 114
 115 115 116 116 116 115 115 115 115 115 117 117 117 116 116 117 119 119
 121 123 123 121 121 123 123 122 121 121 122 122 123 123 123 123 122 122
 122 122 122 123 123 123 121 122 116  98  75  57  46  40  37  35  31  28
  26  24  23  25  24  24  24  24  24  24  24  25  23  21  18  15  15  16
  17  16  15  16  17  19  19  20  20  20  18  18  18  17  16  13  12  12
  12  11  11  12  13  13  13  14  15  17  18  18  19  19  20  22  21  22
  22  23  23  24  24  24  24  24  24  24  24  23  23  24  24  23  22  25
  27  73 130 131 131 132 132 132 133 133 133 132 130 136 134 131 132 132
 133  28]"
"[ 29  29 100 101 100 100 100 101 102 102 102 102 102 103 103 103 105 105
 104 103 103 105 104 103 104 105 107 108 108 107 107 108 107 107 108 108
 109 109 109 110 110 110 110 111 112 112 113 113 113 113 113 112 112 113
 115 116 116 116 116 116 116 116 116 116 116 117 118 118 118 118 120 121
 123 122 121 121 122 121 121 122 122 122 122 122 122 122 123 123 122 123
 123 123 123 122 122 122 123 122 117  87  61  46  40  40  35  33  30  28
  28  27  25  23  25  24  24  24  24  24  24  24  23  22  19  16  15  17
  18  17  16  17  18  20  21  21  21  20  19  18  18  16  16  14  12   9
  10  10  12  14  15  14  13  13  16  17  19  19  19  20  21  21  23  23
  22  21  21  23  24  24  24  24  24  23  23  23  23  23  23  24  23  24
  22  40 119 136 131 132 133 134 135 135 134 134 133 133 133 132 132 132
 131  28]"
"[ 30  29 101 101 100 100 100 102 102 102 102 102 102 102 103 103 105 105
 105 104 104 105 105 104 103 104 106 107 107 107 106 107 107 106 107 107
 107 108 109 109 110 110 110 110 111 111 111 112 112 112 113 113 113 114
 115 115 116 116 116 116 116 117 117 118 116 117 118 118 118 119 120 121
 121 120 120 121 121 122 122 122 121 121 121 122 122 123 123 123 122 122
 122 122 122 122 122 122 121 123 111  73  46  40  37  36  34  32  29  28
  28  28  26  25  25  25  24  24  24  24  24  24  22  21  19  16  15  17
  18  18  18  18  19  19  19  20  21  22  20  20  19  17  16  15  12  10
  10  11  12  15  16  15  15  14  16  17  19  20  20  22  22  23  22  23
  23  23  24  24  24  24  24  24  24  24  24  24  23  23  22  25  24  24
  21  27  99 134 130 130 132 133 134 134 134 134 135 134 134 132 133 133
 132  29]"
"[ 30  29 100 100  98  98 100 101 101 101 102 102 102 102 103 103 104 104
 105 104 104 104 104 104 103 104 105 107 108 107 107 107 107 106 106 106
 107 108 109 110 111 110 110 111 111 111 111 112 111 112 113 113 113 114
 114 114 115 115 115 116 116 117 118 118 117 117 118 118 118 119 120 122
 119 119 119 120 121 121 122 122 121 121 122 122 123 123 123 123 122 121
 121 121 122 122 122 122 121 124 104  59  34  36  34  32  33  31  29  29
  29  28  27  26  25  25  25  24  24  24  24  24  23  22  20  17  16  16
  17  18  18  19  19  18  18  18  21  23  20  20  19  17  16  15  13  10
  10  10  12  15  16  16  15  14  14  16  18  19  20  21  22  22  20  22
  24  24  23  24  23  23  24  24  24  24  24  24  24  24  23  24  24  24
  23  19  78 132 129 130 131 132 133 133 134 134 135 134 133 132 133 133
 132  29]"
"[ 30  28 100 100  98  98  99 100 100 101 101 102 101 102 102 103 103 104
 104 104 103 103 104 104 104 104 105 107 107 107 107 108 106 106 106 107
 108 109 109 110 110 110 111 111 111 111 111 112 112 112 113 113 113 113
 113 114 114 114 115 116 116 116 117 117 117 118 118 118 118 118 120 121
 119 118 118 119 120 121 121 122 122 122 122 122 122 122 122 122 122 122
 121 121 122 122 122 122 122 124 100  54  32  37  32  30  31  31  30  30
  30  29  27  26  25  25  25  24  24  24  24  24  24  23  21  18  16  15
  16  17  17  18  19  19  18  18  19  20  19  19  18  17  16  15  13  11
  10  10  12  15  16  16  15  14  13  14  16  17  18  20  20  20  21  22
  23  23  22  23  23  24  23  23  23  23  23  23  23  23  25  23  23  24
  26  21  70 132 130 131 132 132 132 133 133 134 136 134 133 131 133 133
 132  29]"
"[ 29  29 100 101 100  99  99 100 100 100 101 101 101 101 102 103 103 103
 104 104 104 103 104 105 105 105 105 106 107 107 107 108 105 105 106 107
 108 108 109 109 108 109 110 112 112 111 111 112 113 113 113 113 112 112
 113 114 114 115 116 116 116 116 116 117 118 118 118 118 118 118 118 119
 118 118 118 119 120 121 121 121 123 122 122 121 121 122 122 122 123 123
 122 122 122 122 122 122 122 122  97  53  37  37  29  29  30  30  30  31
  30  29  27  25  25  25  24  24  24  24  24  24  24  23  22  20  17  15
  16  17  17  18  19  19  19  19  18  18  18  18  17  17  17  16  14  13
  11  11  13  15  16  16  15  15  14  14  15  15  16  18  18  18  19  21
  23  23  23  23  24  25  23  23  23  24  24  24  24  24  26  22  25  24
  25  24  69 131 131 131 132 132 132 132 133 134 136 134 133 132 133 133
 133  29]"
"[ 29  28 100 100 100 100  99  99 100  99  99 100 100 101 102 103 103 102
 103 104 104 103 104 104 105 104 105 105 105 105 106 107 105 106 107 108
 109 109 109 109 108 109 111 113 113 112 112 113 114 114 113 113 112 112
 113 114 116 116 117 117 117 116 116 117 118 118 118 117 117 117 118 118
 118 117 118 119 120 121 121 121 122 122 121 121 121 122 123 123 124 123
 122 122 123 123 122 121 123 122  97  52  40  36  29  30  28  28  29  30
  30  29  26  24  25  25  24  24  24  24  24  24  23  23  23  21  18  16
  16  17  18  18  18  19  19  20  19  19  17  17  16  16  16  16  15  13
  11  12  13  15  16  16  15  16  15  15  15  14  15  16  16  16  16  19
  22  23  24  24  24  24  24  24  24  24  24  24  24  24  24  23  27  24
  22  22  63 125 130 131 131 132 132 132 133 134 135 134 133 132 133 133
 133  29]"
"[ 30  28  98  99 100 100  99  98 100  99  98  98 100 101 102 103 102 102
 102 103 104 103 103 104 104 104 105 106 105 104 104 105 106 107 107 108
 109 109 110 110 110 111 112 113 113 112 113 114 114 114 113 113 112 113
 114 115 116 117 118 118 117 116 117 117 118 118 117 117 117 117 118 118
 118 118 118 119 120 120 120 120 122 121 121 121 121 122 123 123 124 123
 122 123 123 123 122 121 123 125 101  49  40  35  30  30  26  26  26  28
  30  29  27  25  25  25  25  24  24  24  24  24  23  24  24  23  20  16
  16  17  17  18  18  19  19  19  19  19  17  17  16  16  16  16  15  13
  11  12  14  15  16  16  17  18  17  16  15  14  15  16  17  16  16  18
  20  22  23  23  23  22  24  24  24  24  24  24  24  24  22  25  25  23
  24  19  52 116 130 131 132 133 132 132 133 134 134 133 134 133 134 133
 133  29]"
"[ 31  28  98  99 100 101 100  99 100  99  97  98  99 101 103 103 103 102
 102 104 105 104 104 105 104 105 106 107 106 105 104 105 106 106 107 107
 108 109 109 110 111 111 112 112 112 112 113 114 113 113 113 113 113 114
 115 116 115 116 118 118 117 116 116 117 118 117 116 116 117 118 119 119
 119 118 118 119 120 119 119 119 122 122 122 122 122 122 122 122 123 122
 122 123 124 124 123 122 121 127 105  47  39  34  30  28  24  24  24  26
  29  29  28  26  25  25  25  24  24  24  24  24  24  24  25  24  20  16
  15  17  15  17  19  20  19  18  18  18  18  18  17  16  17  17  15  14
  12  13  15  16  16  17  19  21  20  19  17  16  16  18  18  18  19  19
  20  20  21  23  23  23  24  24  24  24  24  24  24  24  23  25  21  21
  27  18  45 110 132 133 134 134 133 133 133 134 134 134 135 134 135 134
 134  30]"
"[ 29  29  97  98  99  99 100 100 100 100  98  98 100 101 101 103 101 103
 105 106 105 103 103 104 104 106 107 107 106 105 105 105 106 106 107 107
 109 110 110 110 111 112 112 112 111 111 113 114 115 114 113 113 113 113
 114 115 115 115 116 117 117 118 117 117 118 118 117 116 116 118 119 119
 121 120 121 122 121 119 118 119 122 122 121 122 122 123 123 123 122 122
 122 123 123 123 122 121 123 123 104  45  37  29  30  26  24  23  23  24
  26  27  26  26  27  26  25  25  24  24  24  24  24  23  22  22  21  18
  16  16  17  18  18  18  18  18  19  20  21  20  18  16  16  16  16  16
  13  13  14  16  17  16  18  21  21  19  17  15  17  19  20  20  20  20
  21  21  22  22  23  23  24  24  24  24  24  24  24  24  22  23  25  25
  24  21  30  99 133 132 133 134 134 135 135 135 134 136 135 133 132 133
 135  28]"
"[ 29  29  96  97  98  98  99  99 101 101  99  99 101 102 102 103 102 102
 104 104 104 103 103 104 104 105 105 105 105 105 105 105 105 106 107 107
 109 111 111 111 112 112 112 111 111 111 113 114 114 114 114 113 113 114
 114 115 114 115 116 117 117 117 117 117 117 117 117 116 117 118 119 119
 121 121 121 122 120 118 119 121 123 122 122 122 123 123 123 123 123 123
 123 123 124 124 123 122 121 123 105  49  38  30  27  23  25  24  24  24
  25  25  25  24  26  26  25  24  24  23  23  23  23  21  20  20  20  19
  17  16  16  17  18  18  18  18  20  21  24  22  20  18  17  17  16  15
  14  13  14  17  17  17  18  21  21  20  18  17  17  18  20  21  21  21
  21  21  22  22  22  22  24  24  24  24  24  24  24  24  25  24  23  24
  24  21  22  88 134 132 133 135 135 135 135 134 134 135 135 134 134 133
 135  28]"
"[ 29  29  96  96  97  97  98  98 100 100  99  99 101 102 101 101 102 102
 102 103 103 102 103 104 104 104 103 103 104 104 105 105 105 107 108 108
 109 111 111 111 112 112 111 111 111 112 113 113 114 114 114 114 114 114
 114 114 114 115 116 117 116 116 117 117 116 117 117 117 118 119 119 119
 121 121 120 120 118 118 120 123 122 122 123 123 122 122 122 122 124 124
 124 124 124 124 123 123 121 126 106  54  37  32  26  23  24  24  24  24
  24  24  24  23  25  25  24  24  23  23  23  23  22  20  19  19  19  19
  18  16  16  17  18  18  18  19  20  22  25  23  21  19  18  17  16  15
  14  13  14  16  17  17  18  20  21  21  20  19  17  18  20  22  22  22
  22  22  22  22  23  23  23  24  24  24  24  24  24  24  24  23  23  24
  24  23  19  86 133 132 133 135 135 135 136 135 136 135 134 136 136 134
 135  29]"
"[ 29  29  96  96  97  96  97  97  99 100  98  98 101 101  99 100 102 102
 102 103 103 103 103 105 105 105 104 104 104 104 105 105 106 107 109 109
 110 110 111 110 110 110 111 111 112 113 113 113 115 115 115 114 114 114
 114 114 115 116 117 117 116 116 117 117 117 118 118 118 118 119 119 118
 120 120 119 119 118 118 120 123 121 122 122 122 122 122 122 122 124 124
 124 124 124 124 123 123 123 128 106  57  34  32  26  25  23  24  24  24
  24  24  24  24  24  24  24  24  23  23  23  23  23  22  20  19  19  19
  18  17  16  17  18  18  18  20  21  23  24  22  20  19  19  18  17  15
  15  14  14  15  16  17  19  20  21  21  21  20  19  19  20  22  22  22
  22  23  23  23  24  24  23  23  24  24  24  24  24  24  22  23  24  24
  24  24  21  92 132 131 133 135 135 136 137 136 136 135 134 136 137 135
 135  29]"
"[ 29  29  96  96  97  96  97  96  99 100  99  99 101 101 100 100 102 102
 102 103 103 103 104 105 105 106 106 106 105 104 105 105 105 107 109 110
 110 110 110 109 108 109 110 112 113 113 112 112 114 114 114 114 114 114
 115 115 116 117 117 117 116 116 116 117 118 118 118 118 118 119 119 119
 121 119 118 118 119 120 121 122 120 121 122 122 122 122 123 124 124 124
 125 125 124 124 123 123 125 130 106  58  30  31  25  25  23  24  24  24
  23  23  23  24  24  24  24  24  23  22  22  22  23  23  22  19  18  18
  18  17  16  17  18  18  19  20  22  24  23  21  20  19  19  18  17  16
  16  15  14  14  16  18  20  22  22  21  21  21  21  20  21  22  23  23
  23  23  24  24  24  25  23  23  24  24  24  24  23  23  23  24  25  24
  23  22  22  93 132 130 132 135 135 136 137 136 136 134 134 136 137 135
 135  28]"
"[ 29  29  97  97  98  97  97  96  98  99  99  99 101 101 100 100 101 102
 102 104 104 104 104 104 104 105 106 106 104 103 103 104 104 106 108 110
 110 111 110 109 109 110 111 112 112 112 111 111 113 113 113 113 114 115
 116 116 116 116 117 117 116 116 117 118 118 118 118 118 118 120 121 121
 121 120 119 120 121 122 122 122 122 122 122 123 123 124 125 126 125 126
 126 126 125 125 125 125 126 131 107  60  30  31  24  23  24  24  23  22
  21  20  21  22  24  24  25  24  23  22  21  21  22  23  22  19  17  17
  18  18  16  17  17  18  19  20  23  24  23  22  21  19  18  18  17  17
  16  16  15  15  16  19  21  23  22  21  20  22  22  22  22  22  24  24
  24  24  24  24  24  24  24  24  24  24  24  23  23  22  24  22  23  23
  25  22  30  96 133 132 133 135 135 135 136 135 136 136 135 137 137 136
 136  29]"
"[ 29  29  96  96  97  96  97  96  96  98  97  98  99  99  99 101 102 101
 102 103 104 104 104 104 104 105 106 106 105 104 104 104 105 106 107 108
 109 110 110 109 109 110 112 112 112 111 111 111 112 112 113 114 114 115
 115 115 115 115 115 116 116 117 117 118 118 119 118 118 119 121 122 122
 121 121 121 121 121 122 123 122 123 123 122 122 123 124 126 126 126 126
 127 126 126 126 126 126 125 130 108  60  31  31  24  22  24  23  21  19
  18  17  18  18  23  24  25  24  23  22  22  22  21  22  21  18  17  18
  18  17  16  17  17  18  18  20  22  24  24  23  21  20  18  17  18  18
  16  16  16  16  16  18  21  22  21  20  20  22  23  22  22  23  24  24
  24  24  24  24  24  24  24  24  24  24  23  23  23  23  23  21  22  22
  25  22  43 108 135 133 134 136 135 136 137 136 136 137 136 136 137 137
 137  29]"
"[ 29  29  96  96  97  96  97  97  95  97  97  97  98  98  99 101 102 101
 102 103 103 103 104 104 106 106 107 107 107 107 106 106 106 107 107 107
 108 109 109 108 109 110 111 112 111 111 112 113 112 113 114 114 115 114
 114 114 114 114 114 115 116 117 118 118 119 119 119 119 119 121 122 122
 121 122 122 121 121 122 123 123 124 123 122 122 123 124 125 126 126 126
 127 126 126 126 126 126 124 128 106  58  30  30  25  23  23  21  19  17
  15  15  16  17  21  22  24  24  23  23  23  23  22  22  21  18  18  19
  18  16  16  16  17  17  18  20  22  24  23  23  21  19  17  17  18  19
  15  16  17  16  16  17  19  20  20  20  21  23  24  22  22  24  24  24
  24  24  24  24  24  24  24  24  23  23  24  24  24  24  23  21  23  22
  22  19  53 120 136 134 134 136 136 136 138 137 135 137 136 135 135 136
 136  28]"
"[ 29  29  97  96  97  97  99 100  99  98  97  98  99 101 101 101 102 102
 102 102 102 102 103 104 105 106 107 106 106 107 107 107 106 106 106 107
 108 109 109 110 111 111 113 114 115 113 114 115 114 113 113 113 115 116
 116 115 114 114 115 115 116 117 118 119 119 119 119 121 122 122 121 121
 121 122 122 122 122 122 122 123 123 124 124 124 124 125 126 127 126 126
 126 125 125 127 128 128 125 125 110  52  31  27  24  22  19  19  17  16
  15  15  16  16  19  22  24  24  22  22  22  24  21  20  19  19  19  19
  18  17  16  16  17  18  18  18  20  23  22  23  23  22  20  18  18  18
  16  15  15  15  16  16  18  20  20  21  23  24  24  23  23  23  24  24
  24  24  24  24  24  23  24  24  24  24  24  24  24  24  24  19  19  22
  18  22  69 129 135 136 136 136 136 137 138 138 138 138 137 137 137 136
 137  28]"
"[ 29  29  96  96  97  97  99 100  99  99  98  99 100 101 102 102 103 103
 103 103 103 104 105 105 105 106 106 105 105 106 106 106 107 107 107 107
 108 109 110 110 111 111 112 114 115 114 113 114 114 114 113 114 115 116
 115 115 114 115 115 116 117 118 119 119 118 118 119 120 122 122 122 122
 121 122 122 122 122 122 122 123 124 124 124 124 124 125 126 126 126 126
 126 126 126 128 128 128 127 129 108  46  28  26  23  23  20  20  19  18
  18  18  18  18  19  20  22  23  23  22  22  22  22  21  20  19  19  19
  18  17  16  15  16  17  17  17  19  21  22  23  23  22  20  19  18  18
  15  15  15  15  15  16  17  19  20  21  23  24  24  24  24  24  24  24
  24  24  24  24  24  24  24  24  24  24  24  24  24  24  22  24  20  20
  21  20  92 134 137 137 137 137 137 137 138 138 138 138 137 137 137 137
 137  29]"
"[ 29  29  96  96  98  98 100  99 100 100 100 100 101 102 102 103 102 102
 101 102 103 104 105 105 104 104 105 105 105 105 106 107 108 107 107 107
 108 109 110 111 110 111 112 114 115 114 114 114 115 114 114 115 116 116
 115 115 115 115 116 117 118 119 119 119 117 118 119 120 122 122 122 122
 122 122 122 122 122 122 122 123 124 124 125 125 125 125 125 126 125 126
 127 127 128 129 129 128 126 131 110  43  26  26  22  24  21  21  21  21
  21  20  20  19  18  18  20  22  22  22  22  21  22  21  20  20  20  19
  18  17  16  15  16  17  17  16  17  19  21  22  22  22  20  18  18  17
  15  15  15  15  16  16  17  18  20  21  22  23  24  24  24  24  24  24
  24  24  24  24  24  24  24  24  24  24  24  24  24  24  21  25  21  21
  21  31 113 138 136 137 137 137 137 137 138 138 138 138 137 138 138 138
 138  29]"
"[ 29  29  96  96  99  99 100  99 100 100 100 101 101 101 102 103 102 101
 100 101 102 103 104 104 104 104 104 105 106 107 108 109 108 108 108 108
 109 109 110 111 111 111 112 113 114 115 114 114 115 115 115 116 116 116
 115 114 115 115 117 118 118 119 119 118 118 119 120 121 122 122 122 122
 122 122 122 122 122 122 123 123 123 124 125 125 125 125 125 125 125 126
 128 128 129 129 129 128 126 129 119  52  25  29  23  24  23  23  23  23
  23  22  21  20  18  17  18  20  22  23  22  20  21  20  20  20  20  20
  19  18  16  16  16  17  17  16  16  17  19  19  20  19  18  17  16  16
  16  15  15  16  17  17  18  19  20  20  21  23  23  24  24  24  24  24
  24  24  24  24  24  24  24  24  24  24  24  24  23  23  23  22  21  24
  17  52 122 137 135 136 137 137 138 138 138 138 138 138 137 138 138 138
 138  30]"
"[ 29  29  96  97 100 100 100  99  99 100 100 100 100 100 101 102 102 102
 102 102 103 104 104 104 104 104 105 106 107 107 109 110 108 109 109 110
 110 110 110 111 111 111 111 112 113 114 114 114 115 115 115 116 116 116
 115 115 115 115 116 118 118 118 118 118 118 119 120 121 122 122 122 122
 122 122 122 122 122 122 123 124 123 123 124 125 126 126 126 126 125 126
 128 128 129 129 129 128 127 126 130  71  25  30  23  25  24  24  23  23
  23  22  21  20  18  17  17  18  21  22  22  21  19  19  19  20  20  19
  18  17  16  15  16  17  16  16  16  17  18  18  18  17  16  16  16  16
  16  16  15  16  17  18  19  21  19  20  21  22  23  24  24  24  24  24
  24  24  24  24  24  24  24  24  24  24  23  23  23  23  25  20  22  26
  14  66 127 137 136 137 138 138 138 138 139 139 138 138 138 138 138 138
 138  29]"
"[ 29  29  96  98 100 100 100  99  99 100 100 100 100 100 100 101 102 102
 103 103 104 104 105 105 105 104 105 107 107 107 108 109 108 109 110 111
 111 110 111 111 111 111 111 110 111 113 114 114 114 115 115 116 116 116
 116 115 115 116 116 117 118 118 118 118 118 119 120 121 122 122 122 123
 122 123 123 122 122 123 123 124 123 123 124 125 126 127 127 127 126 127
 128 128 129 129 129 128 128 124 133  90  29  27  24  24  25  24  23  22
  22  22  21  20  19  18  17  18  20  21  21  20  18  18  18  18  18  17
  17  16  16  15  15  16  16  15  15  17  17  17  17  16  16  16  16  16
  16  15  15  17  18  19  20  21  20  20  21  22  23  24  24  24  24  24
  24  24  24  24  24  24  24  24  24  24  23  23  23  23  23  21  22  24
  14  68 134 137 137 138 138 138 138 138 138 138 138 139 138 138 139 138
 138  29]"
"[ 29  29  97  98 100 100 100  99 100 100 100 100 100 100 101 101 101 101
 103 104 104 104 105 105 105 104 106 108 108 107 107 109 109 110 111 111
 111 110 111 112 111 112 112 111 111 113 114 114 114 114 115 115 116 116
 116 116 116 116 117 117 118 118 118 118 119 120 121 122 122 122 122 122
 123 123 123 123 123 123 124 125 124 124 124 125 127 128 128 128 127 127
 128 127 128 129 129 129 128 127 131 108  39  27  27  24  24  23  22  22
  23  23  22  21  19  19  18  19  20  20  20  20  19  19  18  18  17  17
  18  18  18  17  15  15  15  14  14  15  16  16  16  16  16  16  16  16
  15  15  16  18  19  20  20  20  21  21  21  22  23  24  24  24  24  24
  24  24  24  24  24  24  24  24  24  24  24  23  23  23  22  22  23  21
  15  73 138 137 138 138 138 138 137 137 138 138 139 140 139 139 139 138
 138  29]"
"[ 29  29  97  98 100  99 100  98 101 101 101 101 101 101 101 101 100 101
 103 104 105 105 105 105 105 104 106 109 109 108 108 109 109 110 111 111
 110 110 111 112 112 113 113 112 112 114 115 114 114 114 115 115 115 116
 116 116 116 117 117 117 118 118 118 118 120 121 122 122 122 121 121 122
 123 123 123 123 123 123 124 125 125 125 125 126 127 128 129 128 127 128
 127 127 127 129 129 129 127 131 128 121  50  29  31  26  23  23  22  22
  23  23  22  21  19  19  19  19  20  20  19  19  21  20  19  18  18  19
  20  21  21  19  17  16  15  13  13  14  15  16  16  16  16  16  16  15
  16  16  17  19  21  20  19  19  21  21  21  22  23  24  24  24  25  24
  24  24  24  24  24  24  24  24  24  24  24  24  23  23  24  23  24  20
  16  84 138 137 138 138 139 138 138 138 139 140 140 140 140 140 140 139
 138  29]"
"[ 28  29  96  97  98  99  99  98 100 101 102 101 100 101 101 102 101 103
 104 104 104 104 104 105 105 107 108 108 108 108 109 110 110 110 110 110
 110 111 112 112 112 112 112 113 114 114 113 113 114 113 114 116 116 116
 116 116 116 117 118 118 119 119 119 119 120 121 121 121 122 123 124 123
 122 123 123 123 123 124 125 125 127 125 124 125 127 129 129 128 127 128
 129 129 129 129 129 130 130 129 130 124  65  33  30  24  25  24  23  23
  24  24  23  22  19  19  19  19  19  19  19  19  20  18  17  18  19  20
  22  24  23  20  18  16  15  13  12  12  12  13  15  16  16  15  16  17
  17  18  18  17  19  18  18  20  21  22  22  23  23  24  24  24  24  24
  23  23  23  23  24  24  25  24  23  23  23  23  23  23  23  21  21  20
  23  95 134 134 137 138 139 139 139 138 138 139 140 139 138 139 141 138
 139  29]"
"[ 29  29  97  98 100 100 100  99 100 101 102 101 100 101 102 102 102 103
 104 105 105 105 106 106 108 108 109 109 109 109 110 110 108 108 109 110
 111 111 112 112 110 110 111 112 113 114 114 114 114 114 115 116 116 116
 116 117 118 118 119 119 119 120 120 121 121 121 121 121 121 122 123 123
 123 123 124 124 124 124 124 125 126 125 125 125 127 129 129 128 128 128
 129 130 130 130 130 130 129 127 131 131  80  28  28  28  24  23  22  22
  23  23  22  21  21  20  19  17  17  18  19  19  21  20  18  18  19  22
  24  25  24  22  20  18  16  14  12  12  11  12  14  16  16  16  17  18
  18  19  18  17  18  18  19  21  21  21  22  23  23  24  23  23  24  24
  24  24  24  24  24  24  23  23  22  22  23  23  23  23  23  21  21  19
  25  99 137 136 139 140 140 140 139 138 138 139 138 139 140 140 138 137
 138  29]"
"[ 28  29  96  97  99  99  99  98  99 100 101 101 100 101 101 102 102 103
 104 105 105 105 106 107 108 108 108 109 110 110 110 110 108 108 109 110
 111 111 111 111 111 110 110 111 112 114 114 115 114 114 115 115 115 115
 116 118 119 119 119 119 119 119 121 122 121 121 121 120 120 121 122 122
 124 124 124 124 124 124 124 125 126 126 126 127 128 129 129 129 129 129
 129 129 130 130 130 130 130 127 131 133  96  22  25  27  25  24  22  22
  22  22  22  21  22  21  19  17  17  17  18  19  22  22  20  18  19  22
  24  24  24  22  21  19  17  15  13  12  11  12  14  16  16  16  17  18
  19  20  18  17  18  18  19  21  22  22  22  23  24  24  24  23  24  24
  24  24  25  24  24  24  23  22  21  21  22  22  23  23  21  21  19  15
  25 102 137 135 138 139 140 140 139 138 139 139 137 139 140 140 138 140
 140  29]"
"[ 28  29  95  95  97  97  98  97  99 100 101 101 101 101 102 101 102 103
 104 105 105 104 105 105 106 106 107 108 109 109 109 108 110 109 109 110
 111 111 110 110 111 111 111 111 113 114 114 114 114 114 115 115 115 115
 116 118 119 119 119 119 119 119 120 121 121 121 121 120 121 121 122 122
 123 124 124 124 124 124 125 125 124 125 126 127 128 129 129 129 130 129
 129 129 130 130 130 130 131 129 129 127 107  24  26  25  26  25  23  23
  22  22  22  22  20  20  19  19  18  18  18  19  22  23  21  18  18  21
  24  24  24  22  20  19  17  15  14  13  12  13  14  15  16  16  17  18
  18  19  18  17  18  19  20  22  22  21  21  22  23  24  24  23  23  23
  24  24  24  24  24  24  24  23  22  21  21  21  21  21  20  21  19  15
  29 109 139 137 136 137 138 139 139 139 139 139 139 138 137 138 138 141
 138  27]"
"[ 29  29  95  95  96  97  98  98  99 100 101 101 102 102 102 102 102 103
 104 105 105 104 104 103 104 105 107 108 108 108 108 108 111 110 110 110
 111 111 110 110 111 111 111 111 113 113 113 113 114 114 115 115 115 115
 116 118 118 118 119 119 119 119 120 120 121 122 122 122 122 123 123 123
 123 123 124 124 124 125 125 126 123 124 126 127 127 128 128 128 130 130
 129 129 130 130 130 130 130 130 130 125 117  33  29  28  26  25  24  23
  23  22  22  22  20  20  20  19  19  19  19  19  21  23  22  19  18  21
  24  25  24  22  20  19  17  16  15  15  13  13  14  15  15  16  17  18
  18  20  19  19  20  21  21  23  22  21  20  21  22  23  23  23  23  23
  23  23  23  23  24  24  24  23  22  21  20  20  20  19  19  21  21  18
  36 115 140 138 139 140 141 142 142 142 141 141 142 141 139 139 137 140
 136  32]"
"[ 29  29  95  95  97  98 100 100  98  99 100 100 100 101 101 101 102 103
 104 105 105 105 104 103 104 105 107 108 108 108 109 109 110 110 110 110
 111 111 111 112 111 111 111 112 113 114 114 114 115 115 115 115 115 115
 116 118 118 118 119 120 120 120 120 120 121 122 122 123 123 124 124 124
 123 123 124 124 125 125 125 126 124 125 126 127 128 129 129 129 130 130
 130 130 130 130 130 130 129 130 132 130 125  44  27  30  25  25  24  23
  23  22  22  21  22  21  20  19  18  19  20  20  18  20  21  19  18  20
  23  25  25  23  21  19  18  16  16  16  13  13  13  15  16  17  18  19
  20  22  22  22  23  22  21  23  24  23  22  22  23  24  24  24  24  24
  24  23  23  24  24  24  23  23  22  21  21  21  20  19  19  21  20  18
  37 110 128 126 125 125 126 126 125 124 123 123 122 125 123 123 119 121
 119  29]"
"[ 28  29  96  96  98  99 100 100  99  99  98  98  98 100 101 101 103 103
 104 104 105 105 105 105 105 106 106 107 107 108 108 108 108 109 110 111
 111 111 112 112 113 112 112 112 113 114 114 114 115 115 115 116 116 116
 116 117 118 118 119 120 121 121 120 119 121 122 122 122 123 124 124 124
 124 124 125 125 125 125 125 125 125 126 126 128 129 129 129 129 130 130
 130 130 130 130 130 129 130 130 132 133 131  61  28  29  24  24  24  24
  23  22  21  21  22  21  20  19  19  19  19  19  18  18  18  18  18  19
  21  23  24  22  20  19  18  17  16  16  14  14  14  15  16  18  19  20
  21  23  23  23  24  23  22  23  24  24  24  24  24  25  25  25  24  24
  24  24  24  24  24  24  23  23  22  22  22  21  20  19  19  19  20  18
  35 101 112 110 112 112 111 111 110 109 108 108 106 110 107 108 107 107
 108  29]"
"[ 29  29  97  97  99  99 100  99 101 100  99  97  98 100 102 103 103 102
 103 103 104 105 105 106 106 105 104 104 106 107 106 106 107 108 110 111
 111 111 111 112 114 113 112 111 112 113 113 113 115 115 115 116 117 117
 117 117 118 118 118 119 121 121 120 119 121 122 122 122 122 123 124 124
 125 125 125 125 125 125 125 125 125 125 125 126 128 128 129 128 129 129
 130 130 129 129 128 129 129 128 129 132 135  79  34  30  24  25  25  24
  23  22  22  21  20  20  20  21  20  19  18  18  20  18  18  18  19  19
  20  22  21  20  19  19  18  17  16  16  16  15  15  16  17  18  19  20
  21  23  23  23  24  23  23  24  23  23  24  24  24  24  23  23  24  24
  24  24  24  24  23  23  23  23  23  23  22  21  20  19  19  19  20  19
  36  97 105 104 108 107 106 105 105 105 105 104 104 106 100 103 104 104
 103  29]"
"[ 29  29  96  97  99  99 101 101 101 101 100 101 102 103 103 104 105 105
 104 104 105 106 106 105 107 107 105 104 107 107 106 107 108 109 110 110
 110 111 111 111 114 114 114 113 111 111 112 114 115 115 117 117 116 115
 115 117 117 118 119 121 122 122 121 121 122 121 121 121 122 123 123 123
 124 125 127 127 126 124 123 123 124 125 126 126 127 127 128 127 128 129
 130 132 130 128 128 129 131 130 129 132 132 101  35  31  25  23  23  25
  25  22  21  21  23  21  20  20  20  20  19  17  19  19  18  18  19  19
  20  21  20  18  17  17  17  17  16  16  16  16  16  16  16  17  19  20
  20  22  23  23  23  23  23  24  24  24  24  24  24  24  24  24  25  24
  24  24  24  24  23  22  23  23  22  22  21  21  20  19  18  20  18  15
  51 100 100 102 102 104 105 104 104 104 104 103 102 102 102 104 104 103
 102  29]"
"[ 29  29  97  97  98  98  98  98 101 101 100 100 101 103 104 104 102 103
 102 102 103 104 104 104 107 108 107 106 107 107 105 106 107 109 110 110
 110 110 111 111 112 113 114 114 113 112 113 114 115 116 117 118 118 117
 117 118 116 117 119 120 121 121 120 120 123 123 122 123 123 124 124 124
 124 125 126 126 125 124 124 124 126 126 126 126 126 127 127 127 124 125
 128 129 128 125 124 125 130 127 124 127 126 103  39  26  27  25  23  23
  23  22  22  23  23  21  20  20  20  21  20  19  18  18  18  18  18  19
  19  19  20  19  17  16  16  16  15  15  16  16  16  16  16  17  20  21
  22  22  23  23  23  23  23  24  24  24  24  24  24  24  24  24  24  24
  23  23  23  23  23  23  22  22  21  20  20  20  19  18  19  21  20  16
  56 101 103 104 102 103 104 103 103 103 103 103 102 102 102 103 103 102
 101  29]"
"[ 29  29  96  96  98  98  99  99 101 101 101 101 102 103 104 105 103 104
 104 104 105 105 106 106 106 108 107 107 107 106 104 105 107 109 111 110
 109 109 111 111 111 112 114 114 114 114 114 114 114 114 115 116 117 116
 115 115 116 117 119 120 121 121 121 120 121 121 121 122 122 122 122 123
 122 123 123 122 121 121 121 122 120 120 119 118 119 120 120 119 116 117
 119 120 118 116 115 115 115 113 110 114 113 102  48  25  29  26  23  23
  23  23  23  24  23  22  20  20  20  20  20  20  18  18  18  18  18  19
  18  18  20  19  17  16  16  16  16  16  16  16  15  15  16  18  20  22
  25  24  24  24  24  24  24  24  24  24  24  24  24  24  24  24  24  24
  24  23  22  22  22  22  22  21  20  20  20  19  19  18  17  18  18  14
  59  98 101 101 103 104 104 103 103 103 104 104 102 103 102 104 103 102
 101  29]"
"[ 29  29  95  95  96  97  99 100 100 100 101 101 102 103 104 105 103 103
 103 104 104 104 105 106 105 106 107 106 107 106 105 106 108 109 110 109
 108 108 109 110 110 110 112 113 113 112 111 111 113 113 113 114 114 113
 113 112 111 111 111 112 114 114 113 111 110 111 111 112 111 111 112 112
 113 113 113 112 111 110 110 111 111 110 110 109 110 111 110 109 109 109
 109 109 107 106 106 107 109 109 106 108 103 101  60  27  29  27  25  24
  24  24  23  23  24  23  21  19  19  19  19  19  19  18  18  18  19  19
  18  17  18  18  18  17  17  17  17  18  16  16  16  16  17  18  20  21
  24  24  24  24  24  24  24  24  24  24  24  24  24  24  24  24  23  24
  24  23  21  20  21  21  22  21  20  19  19  19  19  19  18  19  19  15
  67  96 101  99 103 104 104 103 103 103 104 103 103 103 102 103 102 102
 101  29]"
"[ 29  29  96  96  97  96  98  97  98  99 100 101 101 101 102 102 103 102
 103 103 103 102 102 103 102 104 103 103 105 105 104 105 105 105 105 104
 104 105 106 106 106 106 107 107 107 106 105 104 104 103 102 103 103 103
 103 103 105 103 102 104 106 107 105 102 103 104 104 105 104 104 104 104
 105 106 106 106 104 104 104 104 105 105 105 105 106 107 106 104 105 106
 106 105 104 104 104 105 107 107 106 106 101 104  74  31  29  27  25  24
  24  24  24  24  23  22  21  19  18  18  19  19  19  18  18  18  19  19
  17  16  17  17  18  18  18  17  17  17  16  16  16  17  18  19  20  21
  21  22  24  24  23  23  23  24  24  24  24  24  24  24  24  24  23  23
  23  22  20  20  20  21  20  20  19  18  18  18  18  18  19  19  18  18
  75  96 100  99 102 103 103 102 102 103 103 102 102 102 101 102 101 100
 100  28]"
"[ 29  29  97  98  99  98  99  98  97  98  98  98  99  99  99  99 102 100
  99 100 100  98  97  98  96  97  96  96  98  98  97  98  99  99  98  98
  99 101 102 101 101 101 101 100 100  99  99  98 102 100  99 100 101 101
 102 102 104 102 100 101 104 105 103 101 102 103 104 104 104 103 103 103
 104 105 105 105 105 104 104 105 103 103 104 104 105 106 104 103 102 104
 105 106 105 105 105 104 105 103 102 104 102 106  85  35  30  28  25  23
  22  23  24  25  22  22  20  19  18  18  19  20  19  19  18  19  19  19
  18  17  18  18  19  19  19  18  17  17  16  16  17  18  19  20  21  21
  20  22  24  24  23  23  23  24  24  24  24  24  24  24  24  24  22  22
  22  21  20  19  20  21  20  19  19  19  19  19  18  18  17  18  16  22
  83  97  99  99 102 102 102 102 102 103 102 101 102 102 101 102 101 100
 100  29]"
"[ 29  29  95  95  96  95  97  97  95  95  94  94  94  95  95  95  94  92
  91  93  93  92  90  90  90  92  92  91  93  92  92  93  94  95  95  95
  96  98  98  98  98  98  97  97  96  96  96  96  98  97  97  97  97  98
  99  99 100  99  98  98 100 101 101 101 100 101 101 102 102 101 100  99
 101 102 103 103 102 102 102 103 102 103 103 104 104 104 104 103 101 103
 105 105 105 106 105 104 108 105 106 104 104 104  96  47  28  27  26  24
  23  23  24  25  23  22  20  19  19  19  20  20  20  19  19  19  19  19
  19  19  20  19  19  19  20  19  18  18  16  16  17  18  20  21  22  23
  21  22  23  24  24  24  24  24  24  24  24  24  24  24  24  24  23  23
  22  21  19  19  19  20  19  19  19  19  20  19  19  18  18  19  17  31
  94 102 101 103 102 102 102 102 102 103 103 102 102 103 102 102 101 100
 101  30]"
"[ 30  28  91  88  87  87  89  90  93  92  90  89  90  90  91  91  90  88
  87  90  91  90  89  89  89  91  92  92  92  92  92  94  92  94  95  95
  95  96  96  96  97  97  97  97  96  96  96  97  98  97  96  97  97  97
  97  98  97  97  97  97  98  99 101 102 100 100 100 101 101 100  99  98
 101 102 102 102 101 101 101 102 102 103 104 104 103 104 104 103 103 104
 105 104 104 105 105 104 104 102 106 103 102 102 106  65  26  27  27  25
  24  24  24  24  24  23  21  20  20  20  20  20  19  19  19  19  19  19
  19  19  19  19  18  19  19  20  19  18  17  16  16  18  20  22  23  24
  22  22  22  23  24  24  24  24  24  24  24  24  24  24  24  24  24  24
  23  21  19  18  18  18  18  18  18  19  19  19  18  17  16  17  15  34
  97 102  99 102 102 102 101 100 101 102 102 101 102 102 101 102 101 100
 100  30]"
"[ 28  30  85  85  87  87  89  88  88  89  90  89  88  88  89  89  90  90
  89  89  89  88  88  88  87  88  89  90  90  91  92  93  94  94  94  94
  93  94  95  97  95  96  96  96  96  95  95  95  96  96  96  96  96  97
  97  97  97  96  95  96  98 100 100  99 101 100  99  98  99  99  98  97
  99  99 100 101 101 100 100 101 102 103 103 103 102 102 103 104 103 104
 104 104 104 104 104 104 104 102 105 103  99 104  99  79  31  24  24  25
  23  23  24  23  24  24  23  21  20  20  20  19  18  18  18  19  19  19
  18  19  19  18  18  18  18  19  19  19  20  19  18  19  21  23  24  23
  23  22  22  24  25  25  24  24  24  24  25  24  24  24  24  23  23  22
  21  19  17  16  18  20  19  18  17  17  19  19  18  17  17  18  16  41
  93  98 102 100 102 102 102 102 102 102 102 101 102 103 102 102 100 100
 100  29]"
"[ 28  29  85  85  86  85  87  87  88  88  89  88  88  88  88  87  88  88
  88  88  88  88  88  88  88  88  88  89  90  90  91  91  92  92  93  93
  92  93  94  95  94  95  95  96  96  96  96  96  95  96  96  96  96  97
  97  97  97  97  97  98  99 100 101 101 100  98  97  98  99 100 100  99
 100 100 101 102 102 101 101 102 102 103 103 103 102 101 102 103 102 103
 103 104 104 104 104 103 103 100 103 103 101 104 103  93  46  24  27  24
  24  25  24  23  22  23  22  21  20  20  20  19  19  19  20  20  21  20
  19  20  19  18  17  17  18  19  20  20  20  19  18  19  21  23  23  22
  21  20  21  23  24  25  24  24  24  24  24  24  24  24  24  23  23  22
  21  20  19  19  19  20  17  17  16  17  17  18  18  17  17  17  16  53
  96  98 102 103 102 102 101 101 101 102 102 101 102 103 102 102 101 100
 100  29]"
"[ 28  30  86  85  86  85  86  86  87  87  87  87  87  87  86  85  86  87
  87  87  87  87  88  88  89  88  88  88  90  90  90  90  90  91  92  92
  92  92  93  94  93  94  95  95  96  96  96  96  96  96  96  96  96  97
  98  97  96  97  98  99  99  99 100 100  98  97  96  97  98  99 100 100
 100 100 101 102 102 102 102 103 102 103 103 102 102 101 102 103 101 102
 103 104 104 104 103 103 103 101 102 103 101 101 103 103  63  23  29  26
  24  25  23  25  22  22  22  21  21  21  21  20  20  20  20  21  21  20
  20  20  19  18  17  17  18  19  20  21  20  19  19  19  21  23  23  23
  20  20  20  22  24  25  24  24  24  24  24  24  24  24  24  23  23  21
  20  21  21  21  20  19  16  16  16  16  17  17  17  18  17  16  19  66
  97  99 102 103 103 102 102 101 101 102 102 102 101 102 101 101 100 100
 100  28]"
"[ 29  30  85  85  86  86  86  85  86  87  87  86  87  87  86  84  86  86
  87  87  86  86  88  89  89  88  88  89  89  90  90  90  90  91  92  93
  92  92  93  94  95  95  96  96  95  95  95  95  96  97  97  97  97  98
  98  98  96  97  98  99  99  99  99  99  98  97  97  98  99  99 100 100
 101 101 101 102 102 102 101 102 102 103 103 103 102 102 103 103 101 102
 103 104 104 104 103 102 103 102 102 103 102  99 100 104  79  31  27  29
  25  23  22  26  22  23  23  23  23  23  22  21  21  20  21  21  21  20
  20  20  20  19  18  18  18  19  19  19  20  19  19  20  22  23  24  24
  22  21  21  23  25  25  24  24  24  24  24  24  24  24  24  23  22  21
  21  21  22  21  19  18  16  16  17  17  17  17  18  19  18  17  24  78
  97 101 102 101 104 104 103 103 103 103 102 102 101 101 100 101 100 100
 100  28]"
"[ 29  29  83  83  86  86  86  83  85  85  86  86  87  87  87  86  86  87
  87  86  85  86  88  89  89  90  90  90  89  89  90  91  91  92  93  94
  93  93  94  94  95  96  96  96  95  95  95  95  96  97  97  96  97  97
  98  98  97  98  99 100 101 101 100 100  98  98  99 100 100 100 100 101
 101 101 102 103 103 102 101 101 101 102 102 102 102 102 103 103 101 102
 103 104 104 104 103 103 101 103 102 102 102 101 102 105  96  48  24  30
  25  23  22  24  23  23  23  24  23  23  22  22  21  21  21  22  21  20
  20  20  20  20  19  19  19  18  18  17  19  18  19  20  22  23  24  24
  23  22  22  23  25  24  24  24  24  24  24  24  24  24  24  23  21  20
  21  21  21  19  18  17  16  17  17  17  17  17  18  19  19  16  31  88
  99 102 102 102 104 104 104 104 104 103 103 102 101 102 101 102 101 101
 101  29]"
"[ 29  29  82  83  86  86  86  83  83  84  85  85  86  87  88  87  87  87
  86  86  86  86  88  89  91  92  93  92  90  89  90  92  91  92  93  94
  93  93  94  94  95  96  96  96  96  96  96  96  97  97  97  97  97  98
  98  97  96  96  97  98 100 100  99  98  96  98  99 100 100 100 100 100
 101 101 101 103 103 102 101 101 101 101 101 101 101 102 102 103 102 102
 103 104 104 104 103 103 102 104 102 100 101 103 103 104 103  68  26  25
  24  25  24  23  22  22  22  23  23  22  21  22  20  20  20  21  21  20
  19  19  19  19  19  19  19  19  18  17  18  17  18  19  21  22  23  23
  23  22  21  22  24  24  24  24  24  24  24  23  24  24  24  22  20  20
  21  21  19  18  17  17  17  17  17  17  17  17  18  19  19  14  42  96
 102 101 102 105 104 104 104 104 104 103 102 101 101 102 101 102 102 102
 101  29]"
"[ 29  30  83  83  85  85  85  84  83  84  84  84  85  85  86  86  86  86
  86  86  86  87  88  89  91  92  92  92  91  90  92  93  91  92  93  94
  93  93  94  94  94  95  96  96  96  96  96  96  97  97  97  97  97  97
  98  97  95  96  97  98  98  97  97  97  96  97  99 100  99  99 100 100
 100  99  99 101 102 102 102 102 101 101 101 101 101 101 102 102 102 102
 103 103 103 103 103 103 104 104 102 100 101 103 103 101 101  87  42  23
  23  26  24  24  22  21  21  22  22  21  21  22  19  19  19  20  20  19
  18  18  19  19  19  19  19  19  19  18  18  18  18  19  21  22  23  23
  23  22  21  22  23  24  24  25  24  24  23  23  24  24  23  22  20  20
  20  20  19  17  17  18  18  18  18  17  17  18  18  19  17  21  62 102
 102 102 102 105 104 104 104 104 104 103 102 102 101 101 101 102 102 102
 101  29]"
"[ 29  30  84  83  83  82  84  84  84  85  85  84  83  83  84  84  85  85
  86  86  87  88  88  88  89  89  89  89  90  90  91  92  92  93  94  94
  93  93  94  95  94  95  96  96  96  96  96  96  96  97  96  96  96  96
  97  96  98  99 100 100  98  97  97  98  98  99 100 100 100 100 100 101
  99  98  97  98 100 101 102 102 102 102 101 101 101 101 101 101 102 102
 102 102 102 103 103 103 103 102 103 103 103 104 104 100 100 104  62  26
  24  25  22  23  21  20  21  22  22  21  22  23  20  19  20  20  20  19
  18  18  19  19  19  19  19  19  19  19  19  19  19  20  21  22  23  23
  24  23  21  21  22  23  24  25  24  24  23  23  23  24  23  21  21  20
  19  19  19  18  18  18  19  19  18  18  18  18  19  19  17  31  80 106
 102 104 105 103 105 105 104 104 104 103 103 103 101 102 101 102 102 103
 102  30]"
"[ 29  30  85  84  84  82  83  84  85  85  85  86  86  85  84  84  85  85
  85  85  86  87  87  88  88  88  88  89  90  91  91  90  90  91  92  92
  92  92  93  94  94  95  95  96  96  96  96  95  96  96  95  96  96  97
  96  96  97  99 100  99  98  97  97  97 101 101 100 100 100 100 101 101
  99  98  97  98 100 101 102 102 103 102 101 101 101 101 101 103 104 103
 103 102 103 103 103 103 103 104 103 103 102 102 102 101 101  99  88  37
  26  24  26  24  24  22  21  21  22  21  20  19  21  20  20  20  19  19
  18  18  19  19  19  19  19  19  19  18  18  18  18  19  20  20  21  22
  23  23  23  23  23  23  22  21  22  23  24  23  22  23  22  21  20  19
  19  19  19  19  19  18  18  18  21  16  20  18  18  18  15  42  92  98
 103 104 103 104 105 105 104 104 104 104 103 103 103 103 102 103 102 104
 103  28]"
"[ 29  29  83  82  83  82  84  85  83  83  85  86  86  85  85  86  86  86
  85  85  85  86  87  88  88  88  89  90  91  91  91  90  90  91  93  93
  92  92  92  92  94  95  95  95  95  95  95  96  96  96  97  97  97  97
  97  97  96  98 100  99  98  98  98  98 101 100 100 100 100 101 101 101
 101 100 100 100 101 102 102 101 102 101 101 101 101 101 102 103 104 103
 103 103 103 103 103 103 103 104 104 103 102 102 102 101 102 102  97  62
  29  30  25  24  25  23  23  23  22  21  20  20  20  20  20  19  19  19
  19  19  20  19  19  19  20  20  20  19  18  18  19  20  20  20  20  20
  23  23  23  23  22  22  21  21  20  22  23  23  23  23  22  20  20  19
  19  19  19  19  19  19  20  19  21  18  20  17  19  19  16  61 100  97
 101 104 103 104 104 104 104 104 104 104 103 103 104 103 103 104 103 104
 104  29]"
"[ 29  29  83  82  83  82  85  86  84  85  87  87  85  84  84  84  85  86
  85  85  85  85  86  87  88  88  89  90  91  91  90  90  90  91  93  93
  93  92  91  91  94  95  94  94  94  94  95  96  96  96  97  97  96  96
  97  98  96  98  99  99  99  99  99  98 100 100  99  99 100 101 101 101
 102 102 101 102 102 102 102 101 100 100 100 101 102 102 103 104 103 103
 103 103 103 103 103 103 103 104 104 103 102 102 102 101 101 102 101  89
  42  27  24  25  25  24  24  24  22  21  20  21  20  20  20  19  18  18
  19  20  20  19  19  19  19  19  20  19  19  19  20  21  21  21  20  20
  23  23  23  22  22  21  21  21  20  21  21  22  23  23  22  20  20  19
  18  18  18  18  19  19  20  19  20  19  19  17  20  19  23  81 104  98
 102 103 102 104 104 104 104 104 104 104 104 103 104 104 103 104 102 103
 103  29]"
"[ 29  29  82  81  83  82  84  85  87  87  88  88  86  84  83  84  84  85
  86  85  85  85  86  87  88  89  90  90  90  90  89  88  90  91  92  93
  93  92  92  92  94  95  94  94  94  94  95  97  96  96  96  96  96  96
  97  97  96  97  98  98  98  99  99  98  99  98  98  98 100 101 101 101
 101 101 101 102 103 103 102 102  99  99 100 102 103 103 103 103 103 103
 103 103 102 102 103 103 103 103 104 103 102 102 101 101 100 102  99 102
  66  26  24  27  24  24  24  24  22  20  20  21  21  21  21  19  18  18
  19  20  19  19  18  18  18  19  19  19  20  19  20  21  22  22  22  22
  23  23  23  22  22  22  22  22  22  21  20  20  22  23  23  22  19  18
  17  17  17  18  18  18  19  19  19  20  19  18  21  17  39  92 100 100
 105 103 102 103 104 104 104 104 104 105 104 104 104 104 104 104 102 103
 103  29]"
"[ 28  28  82  82  83  83  84  83  85  84  85  87  87  87  86  85  84  85
  86  87  86  86  87  88  88  89  90  90  90  89  88  88  89  90  91  92
  93  93  94  94  94  94  95  95  95  95  96  97  97  96  96  96  97  97
  97  97  97  97  97  96  97  98  98  97  97  97  97  98 100 101 101 101
 100 101 101 102 103 103 102 102 101 101 101 102 103 102 102 102 103 103
 102 102 102 102 102 103 103 103 103 103 103 102 102 101 102 104 100 104
  92  48  26  24  24  24  24  24  22  21  21  22  23  23  22  20  18  18
  19  20  20  19  19  19  19  20  20  20  20  19  19  21  22  22  23  23
  23  23  23  23  23  23  23  23  22  20  19  20  21  22  22  21  19  18
  17  17  17  18  18  18  18  20  20  20  19  20  20  17  57  97  99 103
 104 103 104 103 104 103 103 103 104 104 104 104 105 105 105 105 103 104
 103  29]"
"[ 29  28  82  83  85  84  85  84  83  83  83  85  87  87  86  85  85  86
  87  88  88  87  88  88  88  89  89  90  89  89  88  88  89  90  91  92
  93  94  95  95  94  94  94  95  96  96  96  96  97  96  95  96  97  97
  97  97  98  98  98  97  98  98  99  98  96  97  98  99 100 101 101 101
 101 102 102 103 103 103 103 102 102 102 102 102 102 102 102 102 103 103
 102 102 102 103 102 102 103 103 104 103 103 103 102 101 102 103 102 102
 104  83  38  22  24  24  24  24  23  22  22  23  23  23  22  20  19  18
  19  20  20  20  19  19  20  20  20  20  20  20  19  20  20  21  21  22
  23  23  23  23  23  23  22  21  20  19  19  21  22  22  20  19  20  19
  18  18  18  19  19  19  19  20  20  20  18  20  17  22  74 102 104 104
 102 103 107 104 105 104 104 104 105 105 105 105 105 105 105 105 104 104
 104  29]"
"[ 29  29  83  83  86  85  85  84  83  83  84  85  86  86  85  84  87  87
  87  87  87  87  88  88  88  88  89  89  89  89  90  90  90  90  91  92
  92  93  94  95  94  93  94  95  96  97  97  96  96  96  96  96  96  96
  97  97  99  99 100 100 100 100 100  99  97  99 100 101 101 101 101 101
 102 103 103 103 103 103 103 103 103 102 101 102 102 102 103 104 104 103
 102 102 103 103 103 102 103 104 104 104 104 104 103 102 102 103 104 101
 104 102  67  32  26  25  24  24  24  23  22  22  22  21  21  20  19  19
  20  20  21  21  20  20  21  21  20  20  20  20  20  20  20  20  20  21
  23  22  22  22  23  23  21  20  20  19  20  22  23  21  20  19  19  19
  18  18  19  19  19  19  20  19  20  20  19  19  15  34  89 104 106 103
 103 105 105 106 107 106 106 106 107 107 107 107 106 105 105 106 104 105
 104  29]"
"[ 29  29  82  82  84  83  83  82  82  82  84  86  86  86  85  86  88  87
  86  86  86  86  87  88  87  88  89  89  89  90  91  92  91  91  91  92
  92  93  93  93  94  93  93  94  96  97  97  96  97  97  97  97  96  96
  97  98  97  99 100 100 100 100 100  99  98 100 102 103 102 101 101 101
 102 102 103 103 103 103 103 103 102 101 101 101 102 102 104 105 104 103
 102 102 103 104 103 102 103 104 104 104 104 104 104 103 103 104 105 104
 102 103  96  49  26  25  24  24  24  23  22  21  20  20  19  19  19  20
  20  21  22  22  22  22  22  22  22  21  20  20  20  21  20  20  20  21
  21  20  20  21  23  23  21  19  23  21  20  22  22  21  20  20  19  18
  18  18  19  19  19  18  22  18  21  22  21  20  16  45  99 103 103 101
 106 106 102 108 107 107 106 107 107 107 107 107 107 106 106 107 106 106
 105  30]"
"[ 29  29  81  83  81  81  81  83  83  83  85  86  86  85  85  85  87  87
  86  86  86  86  87  88  88  88  88  89  90  91  90  89  89  89  90  91
  91  91  91  93  94  94  94  95  96  96  96  95  96  96  97  98  98  97
  97  98  98  97  98  98  99 100 100 100  99 100 101 101 101 100 101 101
 101 102 103 104 104 104 102 101 102 102 103 102 102 103 104 105 104 104
 104 103 103 103 104 104 103 104 105 105 105 105 105 105 104 105 103 106
 101 101 103  83  32  26  23  26  22  24  21  22  21  22  21  19  18  19
  21  22  23  22  22  22  23  23  22  21  20  20  21  22  21  20  21  21
  22  21  20  20  22  24  23  23  23  22  21  21  22  22  21  19  18  19
  19  19  19  19  19  20  22  21  22  22  21  19  15  65 103 103 103 104
 105 105 105 106 106 106 106 107 108 108 107 106 106 108 107 106 106 105
 107  29]"
"[ 30  29  82  83  81  81  81  82  85  84  84  85  86  86  86  87  89  88
  87  87  87  87  87  88  89  89  89  90  90  90  89  89  87  88  89  90
  91  92  92  93  94  94  95  95  96  96  96  95  95  95  96  97  97  96
  96  97  97  97  97  98  99  99  99  99 100 100 101 101 100 100 101 101
 102 102 103 104 104 104 103 103 102 102 103 103 103 103 104 105 104 105
 105 104 103 104 104 104 104 105 105 106 105 105 105 105 105 105 104 107
 103 103 107  98  58  25  29  26  25  27  21  19  22  21  21  20  20  21
  22  21  21  22  22  22  21  20  19  19  20  20  21  22  21  21  21  22
  23  22  21  21  22  23  22  22  22  21  20  20  21  22  20  18  20  20
  20  20  20  20  20  20  21  21  23  23  22  21  24  79 105 104 104 104
 104 105 107 108 106 106 106 107 107 106 106 105 106 107 107 106 106 105
 107  28]"
"[ 30  29  82  84  82  82  81  82  85  84  84  85  86  87  87  87  89  88
  88  87  87  87  88  88  89  89  90  89  89  89  89  89  88  88  89  91
  93  93  93  94  93  94  95  96  96  96  95  95  95  95  96  97  97  96
  97  97  98  98  97  98  99  99 100 100 101 101 101 101 101 100 101 101
 102 103 103 103 103 103 104 104 102 103 104 104 104 104 105 105 105 105
 105 105 104 104 105 105 105 105 105 105 105 104 105 105 106 104 105 106
 103 103 107 109  87  37  29  24  22  26  23  20  21  21  20  20  22  23
  21  20  19  20  22  22  20  19  20  20  20  20  21  22  22  22  22  23
  24  23  22  22  23  23  22  20  21  20  20  20  21  21  20  18  20  20
  20  20  20  20  19  19  18  19  21  21  18  17  29  89 106 105 104 104
 104 105 106 107 105 106 107 108 108 107 107 106 106 108 107 107 107 106
 107  28]"
"[ 30  29  82  84  82  82  82  83  83  83  83  85  87  87  86  86  87  87
  86  86  86  87  87  88  88  89  90  90  89  89  90  91  91  90  90  92
  93  93  93  93  93  94  95  96  96  96  95  95  96  97  97  97  97  97
  97  98 100  99  99  99 100 101 101 101 102 102 102 102 102 101 101 101
 102 102 103 103 102 103 104 105 103 104 104 104 105 105 105 105 104 105
 105 105 105 105 106 106 106 106 106 105 105 104 105 105 106 104 107 106
 105 104 103 108 102  65  30  26  22  24  26  24  21  20  20  20  21  22
  21  18  19  21  22  22  20  19  20  21  20  20  21  23  23  23  23  23
  24  23  23  23  23  23  22  21  21  21  21  21  22  22  20  18  19  19
  19  19  20  20  19  18  19  19  20  21  19  17  35  95 105 105 105 106
 106 105 104 104 105 106 108 109 109 109 109 109 107 109 109 108 109 107
 108  28]"
"[ 29  29  82  84  82  83  83  85  83  82  83  85  86  86  86  85  86  86
  86  86  86  86  87  87  89  90  91  90  90  90  92  93  93  91  91  91
  92  92  92  93  93  94  95  96  96  96  96  96  97  97  97  97  96  96
  97  98 101 100 100 100 101 102 102 102 102 102 103 103 103 103 102 102
 102 103 104 104 103 103 104 105 105 105 105 105 105 105 105 105 104 105
 105 105 105 106 106 106 107 107 107 107 106 106 106 107 107 106 109 106
 107 109 103 107 103  88  40  24  24  22  23  21  22  22  21  21  21  21
  21  20  22  22  22  21  20  19  19  19  19  20  21  23  24  24  23  23
  24  24  23  24  24  24  23  22  23  23  23  22  22  22  21  19  20  19
  19  19  20  20  19  18  18  18  18  21  20  18  41  98 105 105 106 107
 107 105 104 104 105 106 108 109 109 109 108 109 108 109 109 109 110 108
 108  29]"
"[ 29  29  82  83  82  83  84  86  84  83  83  83  84  85  86  86  87  87
  87  86  86  86  87  87  89  89  90  89  89  89  91  92  94  93  92  92
  92  93  93  94  94  95  95  96  96  96  96  97  98  97  96  97  97  97
  98  99 101 100 100 101 102 102 102 102 103 103 103 103 104 104 103 103
 103 104 105 105 105 104 105 105 106 105 105 105 105 106 106 106 104 105
 106 105 105 106 107 107 107 107 108 107 107 107 107 108 108 107 108 105
 108 112 107 108 111 105  67  28  28  27  25  26  23  23  23  22  21  22
  22  22  22  22  21  21  21  21  21  21  19  20  21  23  24  24  23  23
  24  24  24  24  24  24  24  23  24  24  24  23  23  23  22  20  20  20
  20  19  19  19  18  18  19  18  17  19  20  16  42  96 106 105 104 105
 105 105 106 107 107 107 108 109 109 109 108 108 108 110 109 109 110 108
 109  29]"
"[ 29  29  82  84  83  83  83  85  85  84  84  84  85  85  86  87  88  87
  87  87  87  87  87  87  89  89  89  88  88  88  90  91  93  93  93  93
  94  94  95  96  95  95  95  96  97  97  97  97  98  97  97  98  99 100
 100 100 101 101 101 102 103 103 102 102 104 103 102 102 103 104 105 105
 105 105 105 105 105 105 105 105 106 105 106 106 107 107 107 107 106 107
 107 106 106 106 106 106 107 107 108 108 108 108 108 108 108 107 107 106
 107 109 109 109 109 108  88  42  23  22  22  23  23  23  22  21  21  22
  22  22  22  21  21  21  22  22  22  23  20  20  20  22  23  24  24  24
  24  24  24  24  24  24  24  24  24  24  24  23  23  23  23  22  21  21
  20  19  19  18  18  19  22  23  21  21  20  17  47 100 107 106 104 104
 104 105 106 108 109 109 110 110 110 110 110 110 109 110 110 109 110 109
 109  29]"
"[ 29  30  82  84  83  83  83  84  85  85  85  86  86  86  85  86  87  87
  87  87  88  88  88  88  89  89  89  89  89  89  91  92  92  92  93  94
  94  94  95  96  96  95  95  96  97  98  98  98  97  96  96  99 101 101
 101 100 101 102 102 103 104 104 103 102 104 103 102 102 103 104 105 106
 105 105 105 105 105 105 105 105 105 105 106 107 108 109 108 108 107 108
 108 107 106 106 106 106 107 108 109 110 110 110 110 110 110 108 108 109
 107 106 108 108 106 113 106  69  26  23  25  23  21  21  20  19  20  21
  22  21  22  23  23  22  21  20  20  20  20  20  20  21  22  23  24  24
  25  24  24  24  24  24  24  24  24  24  23  23  23  23  23  23  21  21
  21  20  20  20  20  21  21  23  22  21  19  17  52 105 109 108 106 105
 105 105 106 108 110 110 110 110 111 112 112 111 111 111 110 110 111 110
 110  30]"
"[ 28  29  84  84  85  84  84  83  85  85  86  87  87  87  87  86  87  87
  88  88  88  88  89  89  87  88  88  89  90  91  92  93  95  94  93  94
  95  96  96  95  96  96  97  97  97  97  98  97  96  97  98  99 100 100
  99  98 103 102 101 101 101 101 101 101 104 104 104 104 104 105 105 105
 105 105 105 105 105 105 105 105 107 107 108 108 108 107 107 107 108 107
 108 109 109 107 107 107 109 109 110 110 110 110 110 110 109 109 110 109
 108 107 109 111 110 110 108  94  37  23  25  24  23  21  19  19  20  20
  21  23  24  22  21  20  20  20  19  18  20  21  21  22  23  24  24  25
  23  24  24  23  23  23  23  24  24  24  23  23  24  24  24  24  23  22
  20  19  20  20  21  21  22  18  19  20  18  15  48 106 111 109 107 105
 104 105 106 108 110 110 110 110 111 112 112 111 111 110 110 111 111 109
 110  29]"
"[ 29  29  83  84  86  86  86  85  85  85  86  86  86  87  87  88  88  88
  88  88  87  87  88  88  89  90  90  91  91  92  93  94  95  94  93  94
  95  96  97  96  96  97  97  96  97  98  98  98  98  99 100 100 100  99
  99 100 101 101 101 101 101 102 103 103 105 105 105 105 105 105 104 104
 104 104 105 105 106 105 105 105 107 107 108 108 107 107 108 108 109 108
 108 109 109 108 108 108 109 109 110 111 111 111 111 111 110 110 110 110
 108 108 109 111 111 107 111 109  59  28  26  22  24  21  20  20  20  20
  21  22  23  22  21  20  21  21  21  20  22  22  22  22  22  23  23  23
  24  24  24  24  23  23  24  24  25  24  22  22  23  24  24  24  23  22
  20  19  19  20  21  21  20  19  19  19  19  16  44  99 110 109 108 106
 106 107 108 109 111 111 112 111 110 111 111 111 112 111 111 111 112 110
 110  29]"
"[ 29  29  82  83  86  86  87  86  84  85  85  86  86  86  87  88  89  89
  89  89  88  88  89  89  91  92  93  93  94  94  94  95  96  95  94  94
  95  97  97  97  97  97  97  96  97  98  98  98 100 101 102 101 100  99
 100 101 100 101 101 101 102 103 104 105 106 106 106 105 105 105 104 104
 103 104 105 106 106 106 105 105 107 107 108 108 108 108 109 109 109 109
 109 110 110 109 109 109 109 109 110 111 111 111 111 111 112 112 111 111
 110 109 111 113 111 108 110 117  87  41  23  21  24  23  21  20  20  20
  20  21  21  21  21  20  21  21  22  22  23  23  22  22  22  22  23  23
  24  24  24  23  23  23  23  24  26  24  22  22  23  24  24  23  22  21
  20  19  19  19  21  21  19  20  19  19  21  19  39  93 109 109 108 108
 108 108 109 110 111 113 114 113 111 111 112 112 112 112 112 112 112 111
 111  29]"
"[ 29  29  82  82  84  84  86  86  83  84  85  86  86  85  86  87  89  89
  89  89  89  89  90  91  93  94  94  94  94  94  95  95  96  95  95  95
  96  97  97  97  97  97  97  96  96  98  98  98 101 101 102 102 101 100
 101 101 100 101 102 103 103 104 105 106 107 107 106 105 105 105 105 105
 104 104 105 106 106 106 106 106 108 109 109 110 110 110 110 110 109 109
 110 110 110 110 110 110 110 110 110 111 111 111 111 111 112 112 112 112
 111 111 112 114 110 114 107 113 108  66  26  25  24  23  22  21  20  19
  19  20  20  21  20  20  20  20  21  22  22  22  22  22  22  23  23  24
  24  24  24  23  23  22  23  23  25  23  22  22  23  24  24  23  21  21
  20  20  19  19  20  20  18  21  19  19  23  20  37  93 110 109 109 109
 109 109 109 108 110 112 114 113 112 112 113 114 113 113 113 112 113 111
 111  29]"
"[ 29  29  83  82  83  82  85  86  82  84  86  87  87  86  86  86  89  89
  89  89  89  89  90  91  94  94  94  94  94  94  94  95  96  96  96  96
  96  96  96  96  97  97  97  96  97  98  99  99 100 101 101 102 102 102
 102 102 102 103 103 104 104 105 106 106 108 107 106 105 105 105 106 106
 105 106 106 106 107 107 108 108 109 110 111 111 111 110 110 110 109 110
 110 110 110 110 111 111 111 111 111 112 113 113 113 112 112 112 112 113
 112 112 112 113 111 115 108 110 116  95  42  25  24  23  22  21  20  19
  19  19  20  20  20  19  19  19  20  21  22  22  23  23  24  24  24  24
  24  25  25  24  23  23  23  23  24  23  22  23  24  24  24  23  20  20
  20  20  19  18  18  19  18  20  18  19  22  20  35  96 111 111 110 110
 111 110 110 109 109 111 113 112 111 111 113 114 114 113 113 113 113 112
 112  29]"
"[ 28  29  83  82  82  82  85  87  84  85  87  88  88  87  87  87  89  90
  90  90  89  89  90  91  93  94  93  93  93  93  94  95  95  96  96  96
  97  96  96  96  98  98  98  97  98  99  99  99 100 100 101 102 103 103
 103 102 104 104 104 105 105 105 105 105 108 107 106 105 105 106 107 107
 107 107 107 108 108 108 109 109 109 110 111 111 111 110 110 109 110 111
 111 110 110 111 112 112 111 111 111 112 113 114 114 113 112 112 113 113
 112 111 111 112 112 111 112 112 112 109  63  19  24  24  23  21  20  19
  19  19  19  19  19  19  18  18  19  20  22  23  23  24  24  24  24  23
  24  24  24  24  23  23  23  23  23  23  23  23  23  23  23  23  20  20
  20  20  19  18  17  17  18  19  17  19  20  18  32  96 111 111 110 111
 111 112 111 110 111 112 113 112 112 112 113 114 114 114 114 113 114 113
 113  29]"
"[ 29  29  83  82  83  83  86  87  86  86  86  87  87  88  89  90  90  91
  91  91  90  90  90  90  93  93  93  93  93  94  94  95  95  96  96  96
  97  97  97  97  99  99  99  99  99 100 100 100 100 101 101 102 103 103
 104 104 105 105 105 105 105 105 104 104 107 107 107 106 106 107 107 107
 108 109 109 109 109 110 110 110 109 110 111 111 111 110 110 110 110 112
 112 111 111 112 113 113 112 111 111 112 114 114 114 114 113 113 113 113
 113 112 112 112 112 109 112 113 109 112  87  30  24  25  24  21  20  19
  19  18  18  18  18  18  18  19  20  21  23  23  24  24  24  24  24  24
  23  24  24  24  23  22  23  23  23  23  24  23  21  21  21  22  21  21
  20  19  18  18  17  17  18  19  19  20  18  17  30  91 112 111 110 111
 112 113 112 112 113 114 114 113 113 114 114 115 114 114 114 113 114 114
 113  29]"
"[ 29  29  82  81  83  83  85  85  87  86  85  85  86  88  90  91  90  90
  91  91  90  90  90  90  92  93  94  94  94  94  95  95  95  95  96  96
  97  97  98  98  99 100 100 100 100 101 101 101 101 102 102 102 102 103
 104 106 105 105 105 105 105 105 104 103 107 107 107 108 108 107 107 107
 109 109 110 110 110 110 110 110 110 110 111 111 111 111 111 111 111 113
 113 112 111 112 114 114 113 113 112 113 114 115 115 114 114 114 113 114
 113 113 113 114 112 112 111 112 113 116 109  53  24  25  25  22  20  19
  18  17  17  17  17  18  18  20  21  22  23  23  23  23  24  24  24  24
  24  24  24  24  23  23  23  23  23  24  24  22  20  19  20  21  23  22
  20  19  18  18  17  17  18  20  21  21  17  18  29  86 114 113 112 112
 113 114 114 114 114 114 113 112 113 114 115 115 114 114 114 113 114 114
 114  29]"
"[ 30  30  82  85  81  82  87  87  87  86  85  85  86  88  90  92  88  90
  92  93  92  92  93  94  92  92  93  94  95  96  96  96  96  96  96  97
  98  98  98  97 100 100 100 101 101 101 101 101 102 103 104 104 103 103
 104 104 105 105 107 108 106 104 105 108 107 108 108 107 107 108 108 108
 109 109 110 110 110 110 110 110 110 111 111 112 113 114 113 112 112 113
 114 115 115 115 114 114 114 114 114 114 114 114 114 114 115 115 114 113
 113 114 114 114 111 115 113 114 115 113 110  75  28  27  23  24  20  17
  19  18  17  17  18  19  20  20  20  21  23  24  25  25  25  24  23  22
  23  23  24  24  24  23  21  20  22  21  20  19  20  21  22  23  19  19
  19  18  17  17  17  18  16  19  23  21  23  17  25  84 113 113 113 114
 114 114 114 114 114 113 113 113 113 114 115 116 117 111 116 113 115 113
 113  31]"
"[ 30  29  85  82  86  85  85  86  85  85  85  86  86  88  89  90  89  90
  91  92  92  92  93  93  92  93  94  95  95  95  95  95  96  96  96  96
  97  97  97  97  98  98  99  99 100 100 100 101 101 101 102 103 103 104
 104 105 104 104 105 106 105 104 105 107 107 108 108 107 108 109 110 110
 110 110 110 110 110 110 110 111 111 111 112 113 114 115 114 114 112 113
 114 114 114 114 114 114 115 115 115 116 116 116 116 116 116 115 115 114
 113 113 113 114 114 116 113 114 112 110 108  86  30  27  24  22  22  20
  18  15  17  17  17  19  20  20  21  21  22  23  23  24  23  23  22  21
  23  23  22  22  22  21  20  19  20  20  19  20  21  22  22  22  18  18
  18  17  16  16  17  17  18  19  20  16  18  18  24  82 116 115 115 114
 114 113 113 113 115 115 115 115 116 117 117 117 112 116 114 112 115 114
 115  27]"
"[ 27  31  86  83  87  85  85  89  85  86  87  87  87  88  89  89  90  90
  90  91  93  93  93  93  93  95  96  97  97  96  96  96  97  98  98  98
  98  97  97  97  99  99  99 100 100 101 101 101 101 101 102 103 104 105
 105 105 105 105 105 105 105 105 106 107 107 107 107 107 108 109 111 111
 111 110 110 109 109 110 111 111 111 111 112 113 114 115 114 114 113 113
 114 114 114 113 114 114 113 113 114 114 114 113 114 114 116 116 116 115
 114 113 114 115 114 115 114 116 114 114 114 108  36  23  25  23  24  17
  16  19  17  17  17  18  19  20  21  21  23  24  24  24  24  24  23  22
  22  22  21  21  21  20  20  20  19  20  21  22  23  23  23  22  21  21
  20  18  17  16  16  16  19  19  21  21  20  18  18  80 115 115 114 114
 114 114 114 115 113 113 113 114 115 116 115 114 116 112 114 117 114 112
 116  31]"
"[ 27  33  84  90  87  85  86  84  86  87  88  88  87  87  88  89  88  89
  90  91  92  92  92  92  93  94  96  96  95  95  95  96  96  96  97  97
  96  96  96  96 100 100 100 101 102 102 102 103 103 102 102 103 104 105
 105 104 105 105 105 105 104 104 105 106 109 109 109 108 109 110 112 112
 112 112 111 110 111 111 112 113 112 112 112 113 114 115 115 114 114 114
 115 114 114 114 115 115 114 115 116 115 115 114 115 115 116 117 117 116
 115 115 115 116 114 115 113 115 113 114 111 114  66  28  24  21  23  19
  18  17  16  16  16  17  18  18  19  20  22  22  23  23  23  23  22  22
  21  20  19  18  18  19  19  19  18  19  20  21  22  22  21  20  22  21
  20  18  17  16  15  15  17  18  18  18  17  19  16  77 115 114 114 115
 116 115 116 117 116 115 115 116 116 116 115 114 117 111 116 113 115 118
 115  26]"
"[ 31  29  83  85  85  87  90  87  85  86  87  87  86  86  87  89  90  91
  93  94  94  93  93  94  95  96  97  96  96  96  97  98  96  97  98  98
  98  98  99  99 100 100 101 102 102 103 104 104 104 104 103 103 105 105
 104 104 105 106 106 105 104 104 105 106 108 108 108 107 108 110 111 111
 111 111 110 110 111 111 111 111 113 112 113 113 114 114 114 113 113 114
 114 113 113 113 113 114 113 114 115 115 114 114 115 115 115 116 116 115
 114 114 115 115 115 116 115 117 115 118 111 115  78  29  25  23  23  23
  22  17  20  19  19  19  20  19  20  20  20  22  22  23  23  24  24  23
  23  21  20  20  19  20  20  20  19  19  20  21  22  22  22  22  21  21
  20  20  20  19  19  19  18  20  20  19  17  22  16  63 114 114 114 115
 115 114 114 114 116 115 114 115 115 115 115 114 114 115 116 109 117 114
 116  33]"
"[ 31  25  88  82  84  85  85  85  87  87  88  88  88  89  90  91  90  92
  94  94  93  93  93  94  95  95  95  95  95  95  97  98  96  97  98  99
 100 101 101 101 100 100 101 102 103 104 105 105 105 104 104 104 105 106
 105 105 105 106 107 107 106 106 107 108 107 108 108 108 108 110 111 111
 111 111 111 112 112 112 112 112 115 115 114 114 115 115 115 114 114 114
 115 114 114 114 114 115 113 114 115 115 115 116 116 117 118 118 118 118
 117 116 116 117 114 115 116 116 117 119 113 112  92  36  25  26  24  20
  20  18  18  17  16  17  17  16  16  17  18  19  20  22  23  24  24  24
  23  22  20  19  19  19  19  19  18  18  19  20  21  21  21  21  21  21
  20  19  18  18  17  17  17  16  18  21  17  15  14  59 114 114 115 116
 116 116 116 116 116 116 115 116 116 117 117 116 117 118 117 117 117 114
 121  24]"
"[ 29  32  80  83  88  89  87  89  87  87  87  87  88  88  89  90  93  94
  94  94  94  94  94  94  96  96  95  95  95  96  96  97  97  97  98  99
 100 100 100 100 101 102 102 103 104 104 105 105 105 105 104 104 105 106
 105 105 104 106 107 106 106 107 107 107 108 109 109 109 109 110 111 111
 111 111 111 112 112 112 112 111 114 114 113 113 114 114 114 113 113 114
 114 114 114 113 114 114 114 115 115 116 116 116 117 117 117 117 117 116
 116 115 115 115 118 118 118 117 118 115 114 111  94  46  25  24  25  23
  18  19  19  18  17  18  17  17  17  18  20  20  21  22  23  23  24  24
  22  22  21  20  20  20  19  19  20  20  20  20  21  22  22  22  23  22
  21  20  20  19  18  17  19  15  15  18  16  15  21  56 112 112 113 115
 115 115 115 116 116 116 116 116 117 117 117 117 115 117 116 116 115 122
 117  30]"
"[29 30 27 30 27 29 29 29 29 29 29 29 29 29 29 29 30 29 28 28 28 29 29 29
 30 29 29 29 29 29 29 29 29 29 29 29 30 30 29 29 29 29 29 29 29 29 29 29
 30 29 29 29 29 30 29 29 28 29 29 29 30 30 30 28 28 29 29 29 29 29 29 29
 28 29 29 29 29 29 29 29 29 29 29 29 29 30 29 29 28 29 30 30 29 29 29 29
 29 29 29 29 29 29 29 28 29 29 29 29 29 29 29 29 28 28 29 29 30 27 31 28
 29 29 30 27 28 32 28 28 30 29 28 29 29 28 29 30 28 29 29 29 30 29 29 29
 29 29 29 29 29 29 29 28 29 28 28 28 29 29 29 29 29 28 28 28 29 30 29 29
 27 31 30 27 29 32 25 29 29 29 29 29 29 29 29 29 29 29 29 29 29 29 29 29
 29 29 28 30 30 28 29 30]"
