"[29 34 29 33 29 29 27 30 28 29 30 29 29 30 30 29 29 29 29 29 29 29 29 29
 29 29 30 30 29 28 30 30 30 28 29 29 28 30 30 28 29 29 28 30 29 28 30 28
 29 28 31 30 29 29 28 29 29 30 29 28 30 30 30 29 29 28 29 29 29 30 30 28
 29 29 28 28 30 29 29 31 29 29 28 29 30 29 28 29 28 29 29 29 28 28 29 30
 29 30 30 29 28 28 29 29 29 29 29 29 28 30 29 28 28 31 28 28 31 30 28 28
 28 30 28 30 31 28 30 28 29 28 30 32 27 27 31 29 30 30 28 30 29 28 31 28
 30 30 29 28 29 29 28 30 30 29 29 29 29 28 29 30 30 29 29 30 29 29 30 29
 29 29 29 29 29 27 27 30 30 29 29 29 29 29 29 29 31 29 29 29 29 28 28 30
 30 30 28 28 31 30 28 29]"
"[33 26 32 28 27 29 32 28 30 29 28 29 29 29 30 30 30 30 29 29 28 28 28 29
 30 30 29 28 29 30 29 27 30 29 29 28 27 28 29 28 28 29 27 28 29 28 31 31
 29 27 28 27 28 30 29 31 29 28 29 29 29 28 28 29 30 30 29 28 28 28 29 30
 28 30 30 29 29 27 26 28 31 29 27 28 29 29 29 29 29 29 29 29 29 29 28 27
 31 30 28 28 30 31 30 28 30 29 29 30 29 28 29 31 28 31 28 27 29 29 30 33
 29 29 29 27 27 29 29 29 31 31 28 28 32 31 29 30 30 27 28 32 30 26 30 32
 28 31 29 30 30 28 30 29 28 29 28 29 30 30 28 29 27 29 31 28 26 29 30 26
 28 28 27 28 31 30 29 30 28 28 28 28 29 29 29 30 28 29 29 29 30 30 30 28
 29 28 32 29 29 28 32 28]"
"[ 28  31 116 117 118 125 120 122 125 121 119 119 120 121 122 124 121 122
 122 123 123 122 123 125 125 127 128 129 130 131 128 124 119 118 121 124
 131 141 151 156 158 160 156 156 157 154 153 153 146 143 142 140 141 144
 144 146 153 164 186 211 227 235 241 246 246 246 244 245 247 247 245 248
 246 246 246 245 245 246 246 247 244 244 247 248 247 247 248 246 248 240
 224 204 187 171 158 151 144 142 140 140 140 138 131 124 126 122 123 133
 141 144 144 145 141 142 140 135 129 122 118 120 117 118 118 103  86  72
  51  41  22  19  13  12  16  17  16  18  19  17  17  15  13  15  13  10
  16  13  16  14  13  18  37  72  93  91  83  75  72  66  59  57  58  60
  62  63  62  61  54  44  41  40  37  36  40  42  42  43  44  44  44  45
  45  45  47  48  47  49  49  47  46  47  46  43  43  48  55  82 103 110
 110  29]"
"[ 27  31 116 120 116 117 122 123 120 118 116 116 117 119 120 121 120 121
 122 122 121 119 119 120 121 125 127 126 125 126 126 123 123 122 123 122
 120 120 121 120 128 134 135 141 151 154 158 163 157 154 152 148 147 148
 147 149 146 142 142 147 153 161 171 180 195 221 239 243 248 251 251 251
 252 254 254 252 253 253 251 249 253 251 251 251 250 251 253 253 253 254
 255 254 251 242 231 223 197 183 164 150 145 145 144 142 140 133 127 123
 121 120 127 135 139 142 150 152 148 138 128 127 124 118 114 109 112 115
 108 101  89  74  60  45  27  20  20  16  13  15  22  18  14  16  15  15
  17  18  16  15  12  39  81  90  86  82  72  64  65  64  59  58  56  54
  57  61  60  52  44  37  46  43  36  32  36  41  44  45  46  46  46  46
  46  45  47  49  50  51  51  50  50  51  53  55  47  64  84  97 109 106
 100  30]"
"[ 31  28 106 112 110 119 117 126 119 119 116 114 114 117 119 121 121 121
 123 124 123 121 121 123 125 126 123 118 116 120 123 124 122 122 123 123
 121 122 123 122 125 128 123 122 125 124 125 129 140 140 143 143 145 149
 150 154 155 154 152 149 148 147 146 145 144 145 152 172 190 197 211 233
 249 251 253 251 251 251 251 252 253 252 252 253 253 254 253 250 251 251
 252 253 254 254 255 254 253 248 238 226 210 190 169 154 154 148 142 140
 139 135 128 124 122 119 123 127 131 137 140 147 148 142 129 123 118 115
 116 113 113 107 106 101  85  73  65  55  32  17  12  12  15  18  14  16
  16  11  15  21  50  87  93  87  81  75  64  59  62  63  60  58  58  57
  59  59  53  47  48  51  52  50  44  39  41  45  47  49  48  47  48  49
  48  47  48  50  52  52  53  53  51  51  55  62  68  81 107 110 106 103
 103  29]"
"[ 28  29  87  97  91  88  94  99  96 104 114 121 123 122 120 119 116 115
 117 119 119 117 118 120 120 119 114 111 113 117 120 120 122 119 116 114
 112 116 121 122 122 125 124 124 126 122 121 122 122 123 125 124 122 122
 122 124 129 137 146 151 155 157 153 147 144 147 143 138 137 137 140 146
 162 176 194 212 225 234 242 250 248 253 254 252 251 250 251 254 253 252
 252 251 251 251 252 253 255 254 254 254 254 254 252 250 228 217 195 169
 149 141 140 141 139 130 129 125 121 121 117 117 116 122 122 124 120 113
 116 116 105 105 102 100  99  94  89  89  85  75  65  50  34  24  17  16
  17  18  26  64  96  92  82  79  71  63  57  57  59  61  59  56  57  56
  54  51  46  47  51  54  53  53  51  49  50  50  48  48  49  49  50  52
  51  50  50  52  56  56  57  58  56  55  62  70  89 109 109 101 105 102
 103  29]"
"[ 32  27  96  96  92  91  84  87  81  83  88  93  94  94 102 111 112 112
 115 119 119 116 114 114 116 115 114 115 117 120 121 120 115 115 115 116
 115 117 118 117 112 116 119 122 122 118 117 116 120 119 121 118 116 116
 115 117 120 127 133 135 138 144 147 145 149 148 146 146 147 146 139 133
 129 132 137 143 151 157 167 178 207 224 236 243 251 251 251 254 253 253
 253 253 253 252 252 252 252 252 251 250 251 253 254 255 252 253 252 247
 235 214 189 170 159 145 139 128 122 124 121 120 110 107 102 101 105 108
 110 108 101 103 100  97  93  87  83  84  91  92  86  77  69  63  51  33
  24  32  70  96  94  87  78  69  62  54  54  59  60  61  61  57  55  49
  46  47  49  52  53  51  52  52  51  52  53  51  48  47  48  48  50  53
  53  51  50  52  55  55  58  61  65  72  83  93 105 102 109 105 102 104
 100  30]"
"[ 28  29 116 112 110 103  99  99  91  88  87  85  76  66  69  80  88  91
  99 108 111 109 106 105 107 108 108 109 108 109 111 113 115 115 116 116
 116 117 118 116 114 115 116 119 117 115 118 116 118 116 117 115 115 116
 116 118 120 122 121 117 117 123 130 133 136 137 139 140 141 145 146 143
 141 138 136 138 140 134 130 131 130 140 146 160 190 215 232 248 251 251
 251 251 253 254 253 253 251 252 253 253 253 253 252 251 254 253 252 252
 254 254 254 252 241 219 198 170 148 140 129 124 124 121 117 105 100 103
 100 100  87  88  95  96  85  81  84  83  79  75  65  65  72  76  73  58
  61  89  97  89  86  79  69  66  54  46  51  58  57  58  60  57  49  40
  38  45  50  51  53  55  53  51  49  50  53  51  49  50  51  51  53  57
  57  54  53  54  56  57  58  62  70  83  98 109 103 108 100  98  99 103
 108  27]"
"[ 31  29 124 120 110 105 109 110 109 105 109 109  99  97 100  98  98  88
  80  85  84  81  86  86  93  97 100 101 101 103 106 108 106 104 102 106
 109 112 116 114 116 116 115 115 114 112 112 112 115 114 113 113 113 113
 114 116 116 116 117 118 115 112 112 115 116 115 124 127 128 124 126 122
 124 132 139 143 148 152 148 140 138 140 138 131 130 131 135 144 158 187
 208 222 242 251 250 251 254 251 253 252 254 252 253 252 252 252 251 252
 253 253 254 254 254 254 254 252 251 240 212 185 160 144 132 127 125 121
 113 103  96  89  87  80  72  79  79  76  73  70  63  64  65  66  72  73
  89  89  87  82  76  70  60  51  53  55  55  57  59  60  54  48  40  41
  42  44  47  47  48  50  50  47  46  49  51  50  50  51  54  53  53  54
  55  54  53  55  57  61  63  76  88 100 114 109 104 103 101 101 102 102
 105  29]"
"[ 29  31 133 140 141 139 137 132 121 115 116 115 108 108 108 103 103 100
  97  99  95  88  87  82  85  79  74  75  83  93 100 102 105 102  98  99
 101 105 111 110 111 114 116 116 115 114 113 111 112 111 110 110 111 111
 112 113 114 112 110 113 116 117 115 114 114 113 119 119 119 115 116 113
 117 117 115 114 118 127 132 131 137 139 140 137 137 135 129 131 133 134
 133 140 154 167 189 216 226 238 246 250 253 253 251 254 253 252 253 254
 254 253 252 252 248 252 255 255 254 253 252 251 244 237 223 196 165 145
 133 124 120 101  99 101  94  90  82  73  71  62  59  67  68  70  76  85
  88  89  85  76  67  61  57  54  53  56  59  59  57  53  45  40  41  41
  40  41  46  47  47  47  48  48  48  48  48  48  52  57  56  54  52  52
  53  55  55  54  58  63  74  98 108 105 109 108 104 104 103 102 103 101
 104  28]"
"[ 30  29 122 123 126 131 134 131 123 122 127 130 126 123 117 105 103 106
 108 108 103 100 100  95 103  98  92  87  85  84  81  77  88  86  85  88
  91  95 100  98 109 117 121 117 110 108 110 111 109 110 111 112 112 111
 109 109 113 111 109 109 111 113 114 113 115 114 115 112 112 112 114 111
 109 111 113 113 115 117 116 114 120 123 129 131 134 135 133 137 140 137
 134 136 136 131 131 138 140 156 164 181 204 227 237 249 251 252 253 252
 252 254 254 254 254 253 250 250 252 253 254 254 254 253 253 254 250 238
 215 192 162 135 122 112  98  93  96  96  90  80  69  69  72  86  88  87
  85  83  77  67  59  55  55  56  54  57  60  59  53  44  38  35  38  40
  42  44  46  48  51  54  52  52  52  50  49  51  57  62  61  57  54  54
  57  60  60  59  69  85  97 110 111 104 105 105 103 104 104 103 103 101
 105  29]"
"[ 31  29 117 112 111 114 117 116 111 111 116 119 118 120 119 112 109 112
 114 112 108 107 107 105 104 104 104 101  97  95  94  93  87  86  83  83
  81  79  79  75  72  76  83  93 103 109 109 106 106 106 106 107 107 107
 109 110 109 110 107 104 103 106 109 109 112 111 110 107 107 109 110 107
 104 107 111 115 115 114 113 113 112 112 113 111 109 109 108 112 116 127
 138 142 140 138 137 137 132 137 133 131 132 138 144 152 166 180 203 225
 239 245 250 253 250 253 253 252 251 252 252 251 253 251 252 254 253 251
 251 251 248 238 225 198 163 132 118 112 107  97  80  85  90  94  88  86
  76  72  65  60  58  57  56  55  57  56  57  55  50  43  40  41  40  43
  47  48  49  52  57  59  58  57  54  53  54  58  61  62  61  57  54  56
  60  64  68  71  90 107 111 107 103 102 105 105 103 104 104 104 104 103
 106  29]"
"[ 30  29 122 119 119 119 118 116 116 114 113 112 113 118 120 116 113 114
 115 114 113 110 107 107 107 106 105 103 103 104 104 103 102 100  96  92
  88  84  84  79  80  75  72  74  79  84  88  91  99 101 103 105 103 101
 101 101 108 109 108 104 102 104 104 102 105 105 103 103 106 110 109 107
 103 104 105 106 105 104 107 111 109 106 108 110 111 111 108 108 111 107
 107 111 115 119 123 124 131 130 135 135 131 125 126 124 127 123 128 140
 151 163 185 207 221 232 244 250 252 253 253 253 253 252 251 252 252 251
 251 252 250 250 250 243 228 200 192 197 198 172 122 103  99  91  82  77
  68  62  57  57  60  61  59  56  56  53  51  51  49  47  47  50  49  48
  50  52  52  56  58  55  58  58  57  57  58  61  62  61  61  57  57  62
  67  72  81  90 106 109 107 105 106 105 105 107 105 105 103 103 105 104
 107  29]"
"[ 30  29 120 119 122 123 122 121 120 116 114 114 116 117 114 108 113 112
 112 112 113 111 106 108 108 108 108 108 109 109 108 107 105 106 105 104
 102  99  99  94  94  83  76  79  84  81  70  62  61  66  74  82  88  92
  95  97  97 102 106 105 103 104 106 106 104 104  98  97  98 102 102 103
 103 103 104 104 101  98  99 101 103 101 107 110 110 110 109 109 109 107
 107 106 101  99 102 105 111 104 113 121 126 127 133 129 128 128 128 126
 120 115 117 123 128 137 156 182 205 223 237 247 250 255 255 254 254 253
 252 250 249 244 244 246 245 225 229 246 246 206 143 104  91  81  76  71
  63  59  57  59  62  62  59  58  52  48  47  48  49  50  51  53  54  53
  56  57  55  58  60  57  57  60  63  63  62  61  62  64  62  61  63  70
  76  83  95 106 107 105 102 104 107 106 106 109 108 106 104 104 106 105
 107  28]"
"[ 30  31 122 122 125 124 122 122 122 118 114 115 117 119 120 118 118 115
 114 111 114 113 106 108 108 108 107 105 105 107 111 113 114 117 118 119
 115 112 111 105 100  98  97  98  97  92  86  83  86  82  76  73  72  71
  72  73  76  83  90  92  91  94  99 103 107 109 103 102  99 101  99 103
 103 101  98  97  96  96  97  98  95  94 101 103  99  99 101 105 105 104
 101 100 102 106 107 106 107 104 106 104  99 101 110 114 118 123 128 130
 128 126 124 123 117 115 113 113 114 119 128 135 154 170 189 207 226 236
 236 235 244 240 240 239 242 235 245 249 226 151  97  80  85  80  72  65
  60  58  58  61  61  58  54  53  48  47  47  48  50  51  52  53  54  56
  61  62  57  61  67  67  62  65  69  70  66  62  63  66  62  65  70  78
  86  93 101 106 104 103 105 104 104 107 109 109 108 107 106 106 108 106
 107  29]"
"[ 27  30 122 122 124 122 122 126 123 121 119 118 118 118 120 123 118 118
 119 117 121 121 112 112 109 109 108 106 105 105 106 106 109 112 113 115
 115 116 118 114 113 114 114 113 111 107 101  96  91  88  84  82  82  80
  76  74  71  72  72  71  71  73  75  76  81  90  93 100 100 100  96 101
 106 101  96  93  92  92  92  92  94  90  95  98  96  96  97  99 101 100
  98  98  99  99 100 102 102 105 103 104 101 103 102 105  99  93  96 106
 110 108 113 124 124 124 120 115 115 117 114 108 109 110 109 111 121 137
 159 179 194 207 226 230 239 242 240 211 150  91  83  79  79  72  65  59
  57  55  55  59  59  53  47  43  47  48  50  51  51  52  53  55  56  57
  62  63  61  66  72  70  70  71  72  73  69  64  63  66  66  72  81  89
  97 104 106 104 106 101 104 108 108 110 109 107 107 108 108 108 109 106
 108  30]"
"[ 28  31 124 124 122 123 123 126 126 121 122 123 119 119 122 121 117 117
 118 120 122 122 119 115 111 109 108 109 108 106 107 109 110 109 106 101
 105 105 108 108 108 111 114 114 114 116 116 115 107 105 100  94  91  89
  84  79  76  75  80  72  69  73  68  70  71  72  76  80  83  86  91  95
  97 101  97  90  89  87  93  88  88  84  89  93  96  92  96  97  97  98
  96  96  95  97  99  94  97  99 100 102 103 102 102 105 105  99  97  96
  94  97 100  98 102 104 102 105 111 113 115 113 113 110  95  94  92  96
  88  92 104 127 154 172 189 204 181 136  92  85  81  91  72  55  61  61
  58  57  57  57  53  48  45  45  52  48  55  54  53  58  56  60  59  59
  64  66  65  67  71  71  72  73  74  73  69  65  66  71  74  81  93 103
 106 104 103 106 107 106 107 107 107 109 110 109 108 108 108 108 109 107
 109  28]"
"[ 30  29 123 123 120 121 124 128 127 125 123 121 120 121 122 122 119 119
 120 121 121 119 116 114 114 113 111 110 111 113 113 112 111 108 106 103
 109 108 106 104 105 108 109 108 108 110 110 109 109 107 105 105 106 105
 103 102  94  87  88  85  86  86  77  75  76  75  74  72  68  65  65  67
  72  76  81  85  90  90  89  82  83  83  82  82  89  89  90  96  96  97
  95  95  95  94  96  95  96  99 100 101 102 101 100 101  98  95  96  98
  97  97  96  91  95  96  90  88  89  90  94  97 103 102  95  94  96  88
  75  71  67  69  79  89  98 107 105  92  90  90  98 120 107  71  56  65
  58  54  51  48  46  45  48  51  51  52  58  57  58  62  59  61  62  61
  66  70  71  73  75  73  70  74  74  72  71  72  71  68  82  94 105 107
 105 104 107 109 108 106 106 106 107 108 109 108 108 108 108 109 109 107
 109  28]"
"[ 28  27 129 127 124 124 126 130 129 129 126 123 122 123 122 121 121 121
 122 123 121 118 117 118 119 118 116 114 115 118 117 113 115 112 109 105
 110 108 109 109 104 105 105 104 103 104 105 104 108 105 105 108 110 109
 109 111 105  96  95  97 101  99  89  86  86  85  83  80  74  68  65  65
  70  65  61  59  57  62  64  70  78  81  73  64  68  73  75  93  97 100
  97  97  96  91  91  94  94  98 100 100 101 100  97  95  95  93  93  93
  92  95  95  93  93  94  90  88  86  82  83  85  76  75  76  73  78  71
  71  73  80  81  87  93  97 101 104 103 101 108 114 136 137  99  60  60
  60  54  49  45  43  44  48  50  50  53  56  57  57  57  61  66  66  64
  67  72  75  77  76  72  69  70  72  73  73  73  76  79 101 106 109 108
 106 107 108 108 110 108 107 108 107 109 110 108 108 108 109 109 109 108
 109  29]"
"[ 31  28 136 128 122 124 125 127 131 127 127 125 120 121 124 122 124 123
 122 122 120 117 118 120 119 119 118 118 120 122 120 115 113 114 113 106
 107 107 111 113 108 108 107 105 104 105 106 106 105 102 101 102 103 102
 102 104 104  97  98 101 104 102  95  95  98  97  96  93  87  79  73  71
  73  66  64  63  57  57  53  61  56  62  58  51  52  58  56  70  78  88
  93  98 101  95  90  92  93  95  92  89  90  91  91  90  91  94  95  94
  91  91  91  89  88  90  87  85  80  71  67  66  63  64  70  70  78  73
  80  87  89  92  96  99 103 109 109 107 107 117 124 138 145 116  71  64
  56  50  46  44  44  47  51  50  47  53  55  58  59  55  58  64  66  65
  66  70  74  76  74  71  68  70  74  76  75  78  89 101 115 109 105 106
 109 109 108 108 111 110 111 111 110 110 112 112 108 109 110 111 110 109
 110  30]"
"[ 27  32 160 155 151 150 143 137 138 128 129 129 119 119 126 125 124 122
 122 124 125 123 124 126 121 120 119 119 120 120 118 115 115 120 120 112
 111 111 114 113 114 113 111 109 108 108 109 109 104 103 101 100 100 100
 101 101 102 100 100 100 100 100  97  97  96  96  99 102 103 101 100 100
  88  79  73  73  67  66  58  63  66  65  61  58  56  62  56  55  61  70
  71  73  80  84  90  95  90  93  91  88  87  85  81  78  83  87  88  85
  83  83  85  87  83  85  80  74  67  60  63  66  72  73  78  86  94  95
  99 103 106 100  97 101 106 107 110 113 117 116 123 138 140 114  70  59
  53  47  43  41  41  47  52  49  52  57  56  57  58  60  62  62  63  64
  66  70  74  74  72  71  68  73  78  80  85  96 106 111 112 108 106 108
 109 109 110 112 111 111 113 114 112 111 113 114 111 111 112 112 112 110
 110  30]"
"[ 28  31 168 162 163 168 168 166 162 152 155 156 144 140 144 142 128 128
 128 130 130 129 128 129 123 121 120 120 121 122 122 122 122 123 120 112
 115 116 117 114 116 114 112 110 109 108 108 108 106 105 103 101 101 102
 103 103 104 102 100 100 101 102 100  97  97  97  97  99 100 100 100 101
 107 103 103 104  99  91  81  80  75  71  68  65  60  64  64  58  61  68
  66  63  63  61  61  60  69  74  79  83  87  88  87  86  81  83  80  76
  73  72  76  82  78  81  75  67  61  60  70  77  79  82  88  99 103 108
 112 117 116 104  99 102 104 105 108 112 116 116 127 135 124 105  81  73
  65  59  55  49  43  46  48  42  52  56  60  57  57  63  67  64  65  68
  70  72  74  73  70  70  72  74  80  90 101 110 111 109 103 107 109 109
 109 112 113 113 111 111 114 115 112 111 113 114 114 113 114 114 113 111
 110  29]"
"[ 29  29 174 170 171 174 173 173 173 170 171 171 165 160 158 157 152 150
 147 143 139 135 133 132 122 121 119 118 119 122 122 120 123 119 114 110
 116 117 117 114 114 113 111 110 110 109 109 109 108 105 104 104 103 101
 101 102 103 103 101 102 103 102 100  97  99  97  96  97  97  96  96  96
  97  97  97  98  98  93  94  94  94  97  96  92  83  75  78  71  68  69
  64  61  60  59  61  60  58  57  55  53  55  57  61  65  71  74  74  72
  69  63  60  64  67  71  67  64  65  69  77  80  86  94 104 114 113 114
 114 116 120 106  98  96  97 103 108 106 109 120 130 120  91  82  81  82
  77  73  72  66  59  64  70  67  62  54  60  64  63  67  67  65  69  72
  71  70  71  70  70  73  80  81  89 102 112 112 109 107 104 107 109 109
 111 113 114 113 112 111 113 115 113 111 113 114 115 114 114 115 115 112
 111  29]"
"[ 30  27 176 173 174 174 173 176 175 176 172 171 173 172 171 174 176 174
 169 161 156 153 152 152 148 148 143 136 133 133 127 120 120 116 115 116
 123 121 120 119 114 113 112 112 112 112 112 112 111 106 104 107 106 101
 100 103 102 103 103 105 103  99  97  95  98  96  96  97  97  96  94  94
  95  91  85  82  86  84  90  88  89  96  94  93  92  86  97  93  86  82
  76  75  71  66  67  65  58  57  54  51  49  47  47  51  48  50  51  54
  56  53  51  57  61  65  65  70  83  94 100  98 100 104 113 120 120 119
 119 117 114  96  86  88  89  94  96  90  83  89  92  84  67  72  81  80
  76  74  77  76  76  92 111 116  97  61  53  60  65  70  69  72  70  71
  68  65  67  69  73  78  84  94 105 111 112 112 110 108 110 110 110 112
 112 111 113 117 115 113 113 115 113 112 113 114 115 114 114 115 116 113
 112  30]"
"[ 28  32 174 170 179 173 177 186 180 182 180 178 178 180 180 178 181 174
 173 168 164 165 166 171 163 161 157 153 150 147 140 135 140 134 135 129
 134 127 130 128 125 120 117 116 120 117 116 115 109 108 108 109 108 107
 108 107 103 104 106 105 104 101  97  99  99  98  97  96  95  95  95  95
  95  90  83  87  85  84  83  86  87  88  89  88  85  87  93  90  91  87
  88  90  86  84  86  85  76  75  71  64  58  55  53  52  57  54  51  53
  46  39  46  51  58  67  71  83  96 109 122 117 115 116 116 116 120 118
 121 120 107  86  72  75  82  82  76  70  69  69  68  67  68  73  76  76
  75  73  76  72  81  89 122 143 130  90  55  66  67  66  72  72  69  70
  70  68  72  73  72  85  97 105 114 116 114 111 111 112 111 113 112 110
 111 114 116 115 114 114 114 113 114 114 115 115 113 114 113 115 115 115
 116  29]"
"[ 28  29 145 151 154 154 163 162 179 179 180 180 180 179 178 178 176 177
 178 174 171 171 173 178 172 171 169 166 164 163 162 161 162 157 155 149
 150 144 145 143 139 131 124 119 124 123 123 123 115 112 111 113 114 115
 114 112 112 111 110 105 104 102  96  95  96  97  97  96  96  96  96  96
  94  94  88  87  83  83  81  81  83  82  82  85  83  84  88  87  88  86
  87  88  85  84  86  85  83  82  80  81  82  80  72  65  67  63  56  54
  48  43  51  56  62  72  79  91 105 121 138 140 138 120 118 119 115 109
 108  99  83  72  68  74  80  81  77  73  74  71  67  64  67  72  72  70
  71  71  75  71  78  89 122 146 151 115  68  63  70  70  69  69  72  71
  70  71  76  77  83 103 107 110 114 114 113 112 112 113 113 114 114 114
 114 116 118 117 114 114 115 115 114 114 114 114 114 115 114 115 115 114
 116  29]"
"[ 28  31 147 153 146 142 146 139 138 139 145 153 157 160 167 175 177 182
 180 179 182 181 180 179 173 175 174 173 176 179 176 169 173 172 169 165
 162 159 157 155 159 153 147 139 137 131 129 128 129 127 124 121 117 115
 114 115 113 116 117 112 110 109 105 105 108 103  98  98 103 106 104  99
  98  97  94  90  85  85  83  84  83  80  78  81  80  78  80  78  84  83
  84  84  82  82  83  82  81  86  90  88  83  80  81  83  82  78  73  70
  65  60  63  66  68  79  91 103 117 134 148 153 152 123 117 114 103  88
  81  77  79  77  79  83  83  81  80  78  79  75  68  61  61  65  67  67
  66  68  70  71  79  96 123 146 151 108  66  64  67  67  71  73  72  71
  68  70  83  96 102 112 114 114 114 114 114 115 115 115 113 114 116 116
 116 116 117 117 113 114 114 114 114 114 115 116 116 117 116 116 116 115
 116  30]"
"[ 28  30 177 175 173 165 163 156 148 145 144 146 145 142 142 145 146 151
 146 152 162 165 168 169 174 171 170 173 177 179 178 175 173 177 177 177
 173 173 169 166 161 164 169 169 169 160 153 149 146 146 143 139 133 128
 125 126 123 123 121 116 115 118 119 123 124 123 119 115 112 110 108 106
 103  98  96  95  91  85  79  80  85  84  82  84  84  81  81  79  83  83
  82  81  80  81  81  80  75  75  74  73  72  74  78  82  81  80  78  76
  72  66  65  68  66  81 101 116 133 148 155 158 158 130 122 118 108  85
  71  78  76  78  81  81  79  79  81  82  83  75  64  57  56  59  63  66
  67  67  66  72  83 102 117 134 137  99  71  71  72  70  72  71  72  74
  73  78  96 111 112 111 114 115 116 116 116 117 118 118 115 115 117 118
 117 115 115 116 115 115 115 114 114 114 116 117 118 118 116 116 117 116
 117  30]"
"[ 29  27 189 185 192 188 185 180 181 176 172 170 168 161 152 146 145 146
 137 138 141 137 141 147 147 144 148 158 162 158 159 166 170 176 177 181
 177 179 174 172 176 172 169 167 174 174 175 175 160 159 157 156 157 153
 147 145 147 140 136 135 137 137 133 135 138 133 128 125 126 124 116 107
 110 104 104 103 102  97  88  86  88  90  89  88  87  84  83  80  83  84
  82  80  80  81  81  81  82  78  75  74  76  78  78  77  80  79  77  73
  70  66  67  74  73  93 116 131 145 156 158 159 152 127 125 124 112  87
  71  75  75  77  80  80  77  79  81  81  77  63  52  50  53  55  57  60
  63  64  65  76  90 108 113 126 130 116  87  61  63  71  72  73  77  82
  87  98 109 113 113 114 114 117 119 119 118 118 120 121 119 119 120 120
 118 116 115 116 118 118 118 116 116 115 116 117 119 117 115 116 117 117
 117  29]"
"[ 29  29 183 183 186 184 184 182 181 183 186 188 189 190 189 187 185 181
 172 169 165 154 149 150 143 143 143 144 145 146 145 144 144 149 153 162
 164 172 174 176 172 171 172 171 177 176 177 176 175 175 171 168 169 166
 164 166 167 160 157 158 160 158 153 155 150 150 147 142 138 136 134 131
 125 118 115 105 107 108 102  98  95  99  97  95  94  92  90  86  83  83
  81  79  81  81  80  82  80  79  78  77  75  73  73  74  75  73  69  65
  64  62  65  79  93 116 134 142 151 156 158 158 148 130 140 138 110  84
  75  70  70  71  73  72  69  67  65  62  59  49  43  45  47  47  49  53
  54  58  64  75  86  98 100 116 120 132 126  90  74  77  75  70  83  93
 101 109 115 117 118 117 118 120 122 121 118 118 121 123 122 123 123 122
 121 119 118 117 117 118 119 119 120 119 119 118 118 117 114 116 117 117
 117  28]"
"[ 28  30 181 182 183 180 180 181 178 181 183 182 180 181 184 187 188 185
 186 189 190 187 181 180 172 172 163 152 151 158 154 144 142 141 139 140
 139 140 141 143 155 158 162 162 167 169 175 179 176 180 177 173 173 170
 170 177 177 172 168 166 169 171 173 179 179 175 168 162 161 162 158 152
 145 136 131 116 115 116 111 108 100 102  98  97  98  94  92  90  86  85
  83  82  84  83  81  84  82  78  75  77  79  80  79  78  74  70  66  63
  64  64  70  88 109 133 143 147 154 158 159 154 138 134 148 138 102  75
  73  67  65  65  67  67  64  63  60  56  52  50  49  48  46  44  48  54
  54  57  63  67  72  76  77  96 119 136 145 107  76  74  78  79  96 105
 109 113 117 122 125 119 121 123 123 122 120 120 121 123 122 123 124 123
 122 122 120 118 116 116 117 118 120 121 121 121 119 118 116 117 118 117
 117  29]"
"[ 30  27 183 181 187 182 179 182 180 179 178 179 181 181 181 181 181 178
 183 183 182 185 184 188 184 186 187 187 189 188 181 172 173 168 161 154
 146 140 137 137 136 138 139 138 144 146 150 152 156 164 167 171 175 173
 170 175 179 177 177 177 183 185 182 182 180 181 180 177 177 177 173 167
 162 153 154 145 143 139 132 132 123 121 112 109 107  99  93  92  91  91
  88  88  90  87  84  87  87  83  81  81  82  80  78  77  77  69  63  59
  63  66  75  98 123 145 148 150 157 157 154 142 130 136 143 128  99  74
  73  69  66  64  65  65  64  64  64  62  62  61  59  55  52  52  55  57
  59  60  66  66  70  71  73  94 116 138 143 103  84  84  88  98 110 113
 113 118 121 120 123 122 122 123 123 122 122 122 122 121 120 123 124 123
 123 124 122 119 119 117 116 116 118 119 120 120 119 120 119 119 118 117
 117  30]"
"[ 31  27 195 194 192 189 189 189 183 183 182 179 178 180 180 179 177 174
 174 178 180 178 178 180 179 180 181 180 178 178 181 181 185 185 184 185
 189 188 180 173 161 156 147 147 144 141 143 139 136 137 136 138 140 142
 148 151 149 156 160 164 172 178 182 186 186 188 188 185 184 183 179 174
 173 171 169 166 162 158 155 154 145 141 135 130 125 118 112 108 100  99
  92  89  88  92  94  91  90  86  80  83  79  81  80  76  66  61  60  61
  64  72  90 113 131 152 148 155 162 152 142 138 129 133 130 108  96  85
  76  69  66  64  64  65  66  67  67  65  64  63  60  57  56  56  59  61
  64  65  65  67  71  70  79  97 117 129 130 102  86  94 102 110 114 116
 119 122 124 126 126 125 125 125 125 126 126 125 123 122 121 123 123 124
 125 123 121 122 120 118 118 121 122 121 120 121 121 121 120 120 118 117
 118  29]"
"[ 30  28 197 198 197 195 194 193 193 194 194 191 190 189 187 184 182 180
 179 181 181 179 177 177 179 179 180 179 177 177 179 178 178 179 180 182
 184 186 183 178 185 184 181 182 179 174 172 165 166 161 149 142 141 144
 144 139 135 135 138 144 147 142 145 156 159 162 168 173 178 181 181 181
 173 177 178 174 170 167 165 163 160 158 155 150 143 138 137 138 128 122
 114 114 115 110 103  93  90  89  84  85  83  81  74  64  60  60  62  68
  75  88 108 125 134 153 155 159 165 154 139 132 128 117 107  94  94  88
  77  68  66  65  67  69  68  68  68  66  64  64  59  53  52  58  61  61
  65  64  64  69  74  75  88 109 125 127 121  99  93 105 111 118 120 122
 125 127 128 129 129 129 127 126 126 127 128 128 126 124 122 123 122 122
 123 122 121 122 122 120 120 122 123 122 121 122 121 121 120 120 117 116
 117  28]"
"[ 29  29 199 201 201 200 200 197 194 196 197 198 199 200 198 195 196 195
 195 194 193 190 189 188 187 184 180 178 175 177 180 180 179 179 181 181
 178 179 179 176 181 181 178 179 180 183 188 186 181 185 184 181 176 170
 163 153 153 152 148 145 142 138 135 136 135 134 135 136 139 144 150 156
 164 170 175 177 176 174 172 170 162 162 163 163 161 155 151 149 139 138
 136 136 132 124 122 119 106 109  97  88  88  76  63  59  56  60  65  75
  81  95 119 130 137 152 159 161 163 152 130 117 111 107 105 100 100  91
  77  67  65  64  66  69  69  68  68  68  67  67  62  54  50  53  59  64
  67  65  64  69  72  74  90 113 128 120 111 100 104 115 118 123 125 127
 130 130 130 130 130 130 130 128 127 128 130 131 129 127 126 126 124 123
 125 123 122 123 123 123 122 122 123 123 123 122 122 123 122 121 118 117
 118  29]"
"[ 28  29 199 200 200 200 201 198 196 197 197 198 199 200 200 198 196 197
 197 196 194 194 194 194 197 195 194 193 189 184 180 175 179 178 181 181
 176 177 180 176 176 177 177 177 177 180 183 180 177 181 183 185 183 181
 186 188 182 184 179 170 169 172 169 162 146 145 142 137 133 131 132 134
 134 133 137 147 153 153 154 158 172 170 167 166 164 160 157 157 151 149
 145 143 140 131 130 127 121 127 120 102  87  65  58  58  58  63  69  80
  84  95 122 132 147 157 163 166 163 153 121 107 103 109 113 106 100  92
  79  71  64  61  62  65  64  63  64  64  65  60  55  51  46  45  51  59
  59  60  61  66  71  78  98 121 136 125 115 111 116 122 123 129 131 133
 135 134 132 132 132 133 133 131 129 129 130 131 130 129 130 130 128 127
 128 126 124 124 124 124 123 122 123 124 124 122 123 124 123 122 119 119
 119  29]"
"[ 29  29 198 197 197 198 200 198 199 199 198 199 199 200 199 197 198 199
 199 197 196 197 199 200 199 196 194 195 196 197 199 198 195 192 194 192
 185 183 183 178 179 179 182 181 180 183 183 179 175 176 176 180 181 179
 181 180 177 177 176 175 174 175 177 177 180 182 180 171 163 159 156 153
 143 137 135 137 137 134 134 138 135 138 144 149 149 147 147 149 146 147
 147 145 146 140 140 135 127 128 121  92  63  50  59  60  64  66  70  83
  90 102 129 138 152 160 164 169 164 155 116 100 107 110 112 108 102  91
  72  62  61  58  58  60  59  57  56  55  58  51  45  46  48  48  51  54
  54  57  61  65  71  85 109 130 145 132 121 119 123 125 126 132 134 135
 136 135 134 134 135 136 136 134 132 130 130 130 130 130 129 130 129 129
 129 127 124 124 125 125 124 123 124 124 124 122 122 123 123 123 121 120
 120  29]"
"[ 29  29 197 197 197 198 200 200 198 198 199 200 201 201 200 200 200 201
 200 197 195 196 198 200 199 197 198 200 199 198 197 196 197 196 199 200
 197 196 196 193 191 187 186 181 178 181 180 179 178 179 176 174 176 179
 179 174 180 176 175 176 173 172 173 174 171 177 180 177 177 181 182 179
 175 174 171 163 153 145 140 137 137 133 130 131 131 131 133 136 135 137
 141 138 141 136 141 139 129 127  99  63  53  55  63  67  68  67  69  84
  97 113 134 141 150 159 161 168 164 152 112  98 109 111 115 114 101  81
  59  53  56  55  58  59  58  58  56  54  54  52  49  47  50  55  56  54
  56  59  63  66  74  91 113 129 138 129 121 123 129 129 128 131 134 135
 136 135 135 136 137 137 138 136 135 133 132 131 131 130 128 129 129 130
 130 128 126 127 126 125 124 124 125 125 124 123 123 124 124 123 122 122
 121  29]"
"[ 29  29 198 200 200 199 201 202 201 200 200 201 201 200 199 199 203 203
 202 200 199 198 199 201 200 196 195 195 194 195 198 200 199 199 200 200
 199 197 196 195 194 189 192 191 192 195 193 192 196 198 194 191 188 185
 182 174 180 176 174 173 170 171 171 168 163 170 174 174 174 174 172 167
 166 172 178 179 179 180 180 179 173 164 156 152 148 139 130 126 126 122
 123 122 129 125 130 127 121 112  78  60  67  72  69  71  71  72  77  89
 106 123 137 144 153 161 162 165 166 147 113 102 110 111 110 103  84  67
  56  61  58  61  64  63  62  63  64  61  57  59  57  53  52  56  59  59
  58  60  66  75  86 102 119 130 130 127 125 129 136 136 134 134 138 139
 138 138 139 140 140 139 138 137 136 135 135 134 132 130 129 131 130 130
 130 128 127 129 127 125 125 126 127 126 124 124 125 125 124 123 122 123
 122  29]"
"[ 30  29 200 203 203 200 202 202 202 201 201 201 201 201 202 203 201 201
 201 201 200 199 199 201 200 198 198 199 197 196 197 198 199 201 201 202
 203 201 200 202 201 195 197 196 197 199 195 194 197 196 194 197 198 195
 193 190 191 187 188 187 180 178 180 181 174 175 174 172 171 171 172 171
 174 173 173 173 173 171 171 171 173 168 166 168 169 165 163 164 157 155
 155 146 139 122 126 128 108  81  62  67  63  70  76  72  75  81  90  99
 115 133 143 151 156 162 162 159 165 139 113 104 105 102  94  84  70  64
  59  65  67  70  72  68  64  66  69  68  68  66  63  61  61  62  64  66
  65  65  73  88 101 113 124 130 129 131 130 132 136 136 138 139 139 139
 139 139 140 140 139 137 137 136 136 136 137 136 133 129 130 131 130 129
 128 126 126 128 127 125 125 128 128 126 125 125 125 125 123 121 121 123
 122  29]"
"[ 29  28 201 202 201 202 202 201 201 201 201 201 202 202 203 203 201 201
 201 201 201 201 200 199 197 196 197 199 200 199 199 200 202 202 203 203
 202 201 200 200 200 199 199 199 200 200 198 197 196 197 199 201 201 200
 198 197 197 196 194 195 196 197 196 194 191 192 182 174 176 174 170 173
 174 174 173 172 170 169 168 168 168 168 167 167 165 163 163 164 162 164
 161 163 166 157 149 130  92  74  67  68  69  71  72  75  78  86  94 110
 115 128 148 157 160 160 162 157 152 138 117  92  81  72  73  71  75  75
  74  73  75  72  74  70  65  68  71  72  75  74  65  64  61  65  68  74
  74  73  84  96 108 117 122 130 132 131 131 135 137 138 139 140 141 140
 138 138 141 143 142 140 138 139 139 138 136 135 132 130 131 130 129 129
 127 125 125 126 127 126 126 126 128 129 130 130 124 124 122 123 123 123
 124  29]"
"[ 29  28 202 203 202 203 203 202 202 202 202 201 201 201 201 201 201 201
 201 201 201 201 201 200 198 198 198 200 201 200 200 201 200 201 202 202
 201 201 201 201 198 198 198 199 200 200 198 197 199 198 197 197 198 199
 199 200 199 197 195 194 194 195 196 196 193 198 198 197 198 193 184 181
 184 182 180 177 175 172 169 167 165 165 165 165 163 161 161 161 162 161
 160 156 149 151 154 121  82  72  71  72  71  72  73  76  80  88  97 113
 120 131 149 156 158 157 154 153 152 143 120  90  70  71  84  89  96  96
  89  81  73  71  74  74  72  75  77  78  82  79  70  64  61  64  69  75
  81  85  98 108 116 123 126 132 134 133 134 136 138 140 142 145 143 142
 141 140 141 143 143 142 142 141 140 139 138 136 135 133 132 131 130 130
 129 127 127 128 128 127 125 126 128 130 130 130 125 125 124 126 125 124
 125  29]"
"[ 29  28 202 203 203 203 204 202 203 203 202 202 201 201 200 200 201 202
 202 202 202 202 202 202 199 199 200 201 202 201 201 201 202 202 203 202
 202 201 201 201 197 198 199 200 201 201 199 197 198 198 197 198 198 199
 199 198 201 200 198 196 196 196 197 197 197 198 197 197 197 196 193 190
 190 188 187 187 188 186 183 180 181 179 175 171 168 165 166 167 158 160
 159 157 150 144 137 103  76  71  72  72  71  73  76  79  86  95 106 121
 131 138 152 154 157 153 145 145 152 155 135 103  87  91 101 105 113 114
 104  89  77  73  73  73  73  78  81  85  87  76  63  54  57  62  68  72
  84  94 109 117 122 128 130 133 139 139 138 138 138 139 142 145 144 144
 143 142 142 142 142 142 143 142 141 139 138 137 136 135 132 131 131 130
 130 129 129 130 129 127 126 126 129 130 130 129 125 126 125 129 128 125
 125  29]"
"[ 29  28 202 203 202 203 204 203 204 203 203 202 202 201 201 201 201 202
 203 204 203 203 202 202 200 201 201 202 202 202 202 202 203 203 203 203
 202 202 201 201 199 199 200 201 202 201 200 199 198 198 199 199 199 199
 198 198 200 200 200 199 198 197 196 195 196 194 195 196 194 195 195 192
 193 192 191 192 193 192 189 187 186 187 189 190 187 182 179 177 174 172
 167 163 160 147 122  94  74  69  70  70  71  73  75  80  85  97 112 126
 140 144 156 156 153 150 143 146 153 159 142 106 103 108 118 121 126 123
 111  94  77  74  76  78  79  81  79  80  76  63  54  49  57  61  67  73
  89 101 113 119 124 130 134 136 142 141 140 139 138 139 141 143 143 144
 144 145 144 143 142 141 143 142 141 140 139 138 137 136 133 132 130 130
 129 129 129 130 130 129 128 128 130 131 130 129 126 126 125 129 128 125
 124  29]"
"[ 29  28 202 203 202 204 205 205 204 204 204 203 203 203 203 203 203 203
 203 203 202 202 202 203 202 203 203 203 203 203 203 203 202 203 203 204
 204 203 203 203 201 201 201 201 201 201 201 200 201 201 200 199 198 198
 200 201 200 199 199 200 199 198 196 194 197 194 196 199 197 198 198 195
 195 194 194 194 194 193 191 190 191 190 189 188 188 188 189 190 183 178
 182 182 177 158 110  72  69  66  68  71  73  73  75  82  92 106 119 131
 144 147 157 157 155 148 137 133 137 150 147 115 105 113 127 135 139 134
 126 113  96  92  90  87  84  81  75  74  73  65  66  64  71  73  81  93
 102 110 116 120 124 131 137 138 140 140 140 140 141 141 142 143 144 144
 144 145 146 146 144 143 144 143 142 143 142 139 137 137 134 133 131 130
 130 130 130 129 131 131 130 130 130 131 131 131 128 127 125 128 127 125
 125  30]"
"[ 29  28 202 203 202 203 204 204 203 204 204 205 205 205 206 206 207 205
 203 203 203 202 203 206 204 205 205 204 203 204 204 205 205 205 206 205
 204 203 203 203 203 202 201 201 201 201 201 201 201 202 202 201 200 200
 200 201 201 200 199 199 199 199 198 196 198 194 194 196 195 197 199 197
 195 195 195 195 195 195 195 194 190 189 190 191 190 188 186 185 189 182
 183 186 180 146  89  64  66  65  69  72  74  75  80  92 100 115 124 134
 145 149 158 158 151 143 137 134 135 147 150 114 107 115 129 142 149 142
 133 119 117 113 106  96  90  86  80  80  80  73  71  68  73  79  87 100
 108 113 115 118 123 129 137 140 140 141 142 142 143 144 144 143 145 144
 144 144 146 146 147 147 145 144 143 144 143 140 137 136 136 135 133 132
 132 132 131 130 131 131 131 130 130 129 130 130 130 129 126 128 127 127
 127  30]"
"[ 29  28 202 204 203 203 204 203 203 203 204 205 206 207 207 208 209 206
 206 206 206 205 205 207 206 206 206 204 202 204 205 206 207 207 206 205
 204 203 203 203 204 203 202 201 201 201 202 202 200 201 202 203 203 202
 201 200 202 202 201 200 200 200 200 200 196 194 195 198 198 197 197 196
 196 195 195 195 194 194 193 192 194 191 188 187 188 189 190 190 185 187
 184 188 166 113  66  62  66  67  69  71  75  80  86  98  99 115 123 135
 146 153 159 158 154 139 135 131 135 145 154 111 102 113 129 142 146 133
 120 103 109 111 110 104 102  99  92  90  93  86  81  74  78  91  94 102
 107 111 113 118 121 124 135 140 142 144 145 144 144 145 145 145 146 145
 145 146 146 146 147 148 146 144 143 143 142 139 138 138 138 137 136 134
 135 135 133 131 130 130 130 129 129 129 129 129 130 130 127 128 128 130
 129  30]"
"[ 29  30 204 207 205 205 205 204 203 203 204 205 207 207 208 208 207 206
 207 210 210 207 205 205 206 207 206 203 202 203 205 205 204 203 203 202
 202 203 204 205 204 204 203 202 202 202 203 204 203 201 200 200 201 203
 203 203 200 201 202 202 201 200 200 201 199 197 195 196 197 197 197 198
 196 195 195 196 197 196 195 194 192 191 189 190 191 190 188 186 187 190
 185 175 125  75  60  64  65  67  69  71  79  86  88  94 107 123 129 143
 151 157 157 153 142 126 129 131 140 149 156 105 101 116 131 136 131 118
 114 105 101 106 107 102 102 102  96  95  93  94  93  87  88 103 102 106
 108 112 115 122 123 122 132 140 142 145 146 145 144 145 147 148 146 147
 149 150 148 146 146 148 146 143 142 142 142 140 140 141 139 138 137 136
 136 137 135 132 132 131 130 130 131 131 130 129 130 131 128 128 129 131
 129  28]"
"[ 30  29 204 208 207 207 208 208 206 207 208 208 208 209 209 209 209 207
 207 206 205 204 204 206 207 206 206 204 203 202 203 206 206 204 203 204
 204 204 205 206 203 203 203 203 203 203 203 203 202 203 203 203 202 203
 203 203 204 203 203 203 202 201 201 201 199 197 196 199 201 199 198 198
 198 198 197 195 194 195 195 196 194 191 192 187 195 190 188 186 188 191
 185 140  87  60  64  66  66  67  71  78  80  86  92 104 116 123 134 148
 153 155 157 151 139 126 129 132 142 151 154  96 101 123 132 139 136 125
 122 112 105 107 106 103  99  98  96  93  94  95  94  89  94 107 111 109
 109 115 117 122 124 126 136 140 144 145 146 146 146 146 146 146 146 146
 147 148 148 148 147 147 145 142 143 146 145 141 140 142 138 139 138 136
 135 136 136 135 135 131 130 130 130 131 131 129 131 130 130 130 131 130
 130  28]"
"[ 30  28 203 207 205 205 207 208 206 207 207 207 208 209 210 210 209 207
 207 207 206 205 205 206 208 208 208 206 204 202 204 206 207 206 205 204
 204 205 205 203 204 204 204 203 203 203 203 202 203 203 202 202 202 203
 203 202 204 203 203 203 203 202 202 202 200 198 198 200 202 201 200 201
 199 199 198 197 196 196 196 196 192 189 195 193 192 192 189 187 194 189
 145  93  66  65  70  67  68  67  70  78  80  89  95 106 121 128 140 153
 156 156 156 150 139 130 131 135 145 148 148 109 118 130 134 138 138 133
 131 125 119 118 114 109 104 100  97  96  96  97  99  98 103 110 111 110
 113 117 119 124 126 130 140 144 144 145 146 146 146 146 146 147 145 145
 146 146 146 146 147 148 147 146 145 146 145 141 140 142 139 139 138 137
 137 138 138 137 137 133 131 131 130 131 131 130 131 130 131 130 131 130
 130  29]"
"[ 29  29 204 207 205 205 207 208 207 207 206 206 207 208 209 210 207 207
 206 207 207 207 207 208 208 209 209 208 205 203 204 206 207 208 208 206
 206 208 207 203 203 203 203 203 203 203 203 203 204 203 202 201 202 203
 204 203 204 203 203 203 204 203 202 202 202 201 200 201 201 200 199 199
 200 200 199 198 197 197 197 196 198 193 196 197 194 192 187 188 193 162
  98  68  66  73  75  71  72  69  70  78  84  95  99 108 124 132 145 156
 158 156 157 152 150 141 136 136 141 142 145 133 146 146 143 140 140 137
 133 129 125 121 117 112 107 103 101 100  99  98 103 106 109 111 110 112
 114 117 118 123 126 130 139 144 145 145 146 147 147 147 147 148 147 147
 147 146 146 146 148 150 148 148 148 148 146 144 145 146 140 139 138 138
 139 138 138 138 137 134 133 132 130 131 132 131 132 131 132 131 131 129
 130  28]"
"[ 29  29 203 207 206 206 207 208 207 207 206 206 206 207 208 208 206 206
 206 207 208 209 209 210 209 209 209 209 208 206 206 206 206 208 208 208
 209 210 209 206 204 204 204 204 204 204 204 204 205 205 204 203 203 204
 204 204 204 203 202 202 203 203 202 201 202 201 200 201 200 199 198 198
 199 199 199 199 199 199 197 195 195 195 193 195 196 191 192 192 180 123
  74  71  72  71  74  73  75  74  76  83  87  98 103 113 126 133 144 155
 155 155 158 155 153 145 139 135 138 146 153 156 154 148 145 140 139 138
 129 128 123 119 114 112 109 106 104 104 101 100 105 107 109 111 111 116
 117 117 119 123 127 130 137 143 146 147 148 148 149 149 148 148 147 146
 146 146 145 146 147 149 146 148 148 146 145 145 146 147 143 140 139 140
 140 139 137 137 137 134 134 134 132 131 132 132 133 133 133 132 132 130
 130  28]"
"[ 29  28 203 207 208 208 207 206 207 207 206 206 207 208 208 207 206 207
 207 207 208 210 211 211 209 208 208 209 210 209 208 207 206 206 207 209
 211 210 209 208 208 208 208 207 207 206 205 205 207 208 208 206 204 203
 204 204 205 203 201 202 203 203 202 201 199 199 200 201 202 201 201 201
 199 200 200 201 201 200 198 196 195 199 198 198 198 193 200 179 126  82
  70  76  77  75  78  78  76  79  83  86  86  97 108 121 128 136 145 153
 153 154 157 152 156 151 148 142 139 149 152 152 152 148 147 142 141 139
 129 129 125 121 117 115 112 108 105 104 103 104 107 108 109 112 115 120
 122 122 124 128 131 135 140 145 146 147 148 149 150 149 148 148 148 147
 147 148 149 149 149 149 149 151 151 148 146 145 146 145 144 142 141 142
 143 141 139 138 137 135 136 136 134 133 134 133 134 134 134 133 133 131
 131  30]"
"[ 30  28 202 208 209 209 208 206 207 207 206 206 207 208 208 208 208 209
 209 209 209 210 210 211 207 206 207 208 210 210 208 207 206 205 206 209
 209 208 206 207 207 207 208 208 208 208 207 207 209 210 210 207 204 203
 203 204 207 205 203 204 204 204 203 202 200 201 201 202 203 203 201 200
 199 200 202 202 202 201 199 197 197 197 197 195 195 193 188 135  90  75
  82  81  81  76  72  76  81  80  81  83  87 101 112 124 133 141 150 154
 153 154 154 145 144 146 148 146 146 157 159 155 155 153 152 146 144 140
 131 131 129 125 121 118 114 109 105 103 104 106 110 109 110 114 117 122
 123 124 128 130 134 139 142 146 146 146 147 148 149 149 148 148 149 148
 149 151 152 152 151 150 151 152 152 150 149 148 147 146 144 142 142 143
 144 142 140 139 137 136 137 138 136 134 134 133 133 132 132 132 133 132
 132  30]"
"[ 30  29 204 208 209 209 208 207 207 207 205 205 206 207 208 207 207 210
 211 210 209 209 209 209 207 207 207 209 210 209 208 208 207 207 208 207
 207 206 205 205 205 206 207 207 208 208 208 208 209 209 208 206 203 203
 203 204 207 205 205 205 206 205 204 203 204 203 203 203 203 203 201 199
 200 201 202 202 201 201 200 199 202 199 198 197 202 196 164 102  81  79
  81  79  80  77  75  84  81  80  79  83  89 105 114 123 137 146 152 155
 154 156 154 142 140 147 150 152 158 162 163 159 155 154 151 146 144 141
 135 133 130 128 124 119 115 111 108 105 105 106 111 111 111 114 118 123
 123 125 130 130 132 139 141 144 146 146 146 148 149 150 150 149 148 147
 148 149 150 150 149 148 149 148 148 148 148 147 147 146 144 144 143 143
 144 143 141 139 138 136 137 138 136 135 135 133 132 131 131 132 133 132
 131  29]"
"[ 29  28 203 207 208 208 208 207 208 206 204 203 204 206 206 206 205 209
 211 210 208 208 208 207 209 209 210 211 210 209 208 209 207 209 209 207
 205 206 206 204 207 208 208 208 208 207 207 206 208 207 206 204 203 203
 204 205 204 203 204 205 206 205 203 202 205 204 203 203 204 204 202 200
 200 201 201 200 200 200 200 200 199 201 198 195 201 183 126  80  78  82
  80  82  79  78  74  74  75  80  85  87  89 103 114 125 138 146 152 154
 155 160 158 144 135 147 153 159 171 168 166 166 161 160 155 149 147 143
 137 132 132 130 126 120 115 113 111 108 107 106 110 111 112 114 117 125
 125 127 132 130 132 140 141 143 146 146 146 147 149 150 151 152 151 151
 151 151 150 149 149 150 151 149 148 149 150 149 148 147 145 146 146 145
 144 144 142 139 138 137 137 138 137 137 137 136 134 133 132 132 134 132
 131  28]"
"[ 30  29 205 208 208 207 207 206 208 209 207 203 201 205 207 206 205 207
 209 209 207 207 208 209 209 209 210 210 209 210 210 208 207 206 207 205
 207 210 207 206 209 208 207 208 207 206 206 207 208 208 207 206 206 207
 205 203 205 204 203 204 204 203 202 203 202 203 203 203 203 204 204 203
 202 202 202 200 200 201 201 201 202 201 197 202 190 148  96  80  83  81
  79  79  78  73  71  72  77  81  83  91 100 109 119 123 138 151 151 155
 159 159 160 151 139 141 161 169 173 174 174 165 164 163 159 152 147 146
 142 137 134 129 126 122 117 114 113 113 111 111 114 114 113 112 115 125
 126 129 131 132 136 142 145 144 145 147 149 150 148 147 149 152 151 150
 150 152 153 152 151 151 149 149 150 151 151 151 149 147 146 147 148 147
 146 145 143 141 139 139 139 139 138 138 138 139 138 136 136 136 137 133
 131  29]"
"[ 29  28 204 208 208 208 207 206 206 208 207 204 204 207 208 207 204 205
 207 208 208 209 209 210 210 208 207 206 205 207 209 207 207 205 206 204
 206 209 208 208 207 207 207 208 208 207 208 209 208 208 207 207 207 208
 208 206 206 204 203 204 204 203 204 205 203 204 204 204 204 204 203 202
 204 204 202 201 201 201 202 202 201 198 198 203 171 111  84  77  82  80
  79  79  79  75  73  75  78  81  87  93 101 112 120 125 141 152 151 153
 157 158 161 154 150 152 169 173 171 169 171 167 165 163 159 154 151 148
 144 140 135 130 125 123 119 117 116 115 115 113 114 114 113 112 115 124
 128 129 131 134 138 142 144 146 147 148 149 150 149 148 149 151 150 149
 150 152 153 152 152 152 151 151 151 152 152 152 150 148 148 148 148 147
 146 144 142 140 142 141 139 139 139 139 138 137 138 137 138 137 135 131
 130  30]"
"[ 29  28 204 208 209 208 208 207 206 207 207 206 207 207 207 206 203 203
 204 205 207 208 209 209 211 209 208 207 205 207 209 208 207 204 204 203
 204 207 207 210 208 207 208 209 209 207 207 208 209 209 207 207 207 208
 208 207 206 205 205 205 204 204 205 206 205 206 205 204 204 204 203 203
 206 205 203 202 201 202 202 202 205 204 200 189 135  88  79  82  82  80
  79  79  78  75  73  75  79  81  90  94 102 114 121 129 141 152 154 156
 159 160 162 157 156 158 171 174 172 172 172 167 167 165 161 158 155 151
 146 143 138 132 128 125 122 121 120 118 120 116 115 114 114 113 115 124
 129 129 132 136 139 140 143 146 149 149 150 150 150 149 150 152 151 151
 152 153 154 153 152 152 153 153 153 153 153 152 151 149 149 149 148 146
 146 145 143 142 145 142 139 139 141 142 140 138 138 138 139 138 136 132
 131  29]"
"[ 29  29 204 209 209 208 208 208 208 207 207 208 207 206 205 204 204 203
 202 203 205 206 207 207 207 207 208 207 204 205 207 206 207 203 203 203
 204 206 205 208 208 207 208 208 208 206 206 207 210 209 207 206 206 206
 205 204 206 206 206 206 205 204 205 206 206 206 206 204 204 205 205 205
 207 205 203 202 202 202 202 201 202 205 195 145  98  79  79  84  81  80
  78  78  78  75  74  77  81  82  92  95 102 116 123 133 140 151 155 157
 158 159 161 159 153 157 169 172 171 174 173 168 170 167 164 162 158 152
 146 143 141 136 132 129 126 124 122 120 120 117 116 115 115 115 118 127
 130 131 133 137 139 139 142 146 149 148 148 149 150 150 151 152 152 152
 153 153 153 153 152 152 154 154 154 153 153 153 152 150 148 148 147 146
 146 146 144 143 143 140 138 139 141 143 142 140 140 138 137 137 138 135
 132  28]"
"[ 29  30 206 210 208 207 208 208 209 207 207 208 207 206 204 204 207 205
 203 203 205 206 206 206 206 207 209 207 204 204 207 207 208 203 203 204
 206 206 204 205 207 206 206 207 207 206 207 208 209 208 207 206 206 205
 204 203 205 206 206 206 206 205 205 205 206 206 205 204 204 205 207 207
 206 204 203 203 203 202 201 200 201 199 171  99  79  74  79  79  79  78
  76  77  78  76  76  80  81  83  94  97 104 118 123 133 140 149 152 150
 149 150 154 156 147 150 163 172 171 170 169 172 172 168 166 164 160 153
 147 144 141 138 135 131 126 124 123 120 119 116 117 116 116 117 120 131
 130 132 135 137 139 141 144 145 148 148 148 149 150 150 151 151 152 152
 152 151 151 152 152 152 153 154 154 153 153 154 153 152 147 147 147 146
 146 146 145 143 141 140 139 140 141 142 141 140 141 138 137 136 138 136
 133  28]"
"[ 29  30 206 209 207 205 206 207 207 206 206 207 207 206 206 206 207 206
 205 205 205 206 207 207 208 208 209 207 203 204 208 209 208 204 205 205
 207 207 204 205 208 207 207 207 207 206 207 208 208 207 207 207 207 206
 206 206 205 206 207 206 206 206 206 205 205 205 204 203 204 205 207 208
 205 203 202 203 203 202 200 200 207 183 124  81  74  78  77  76  78  77
  75  75  76  73  74  78  80  84  94 100 107 118 122 129 137 145 149 147
 143 140 141 144 141 139 151 170 174 172 167 171 170 168 166 165 161 155
 149 147 141 139 137 133 128 126 125 122 120 117 117 116 115 115 118 128
 130 132 135 137 140 143 145 145 150 149 150 151 151 151 151 151 152 152
 151 151 151 153 154 154 152 153 153 153 154 154 153 152 149 149 149 148
 147 146 146 145 143 143 143 143 142 142 141 140 139 139 139 137 137 134
 133  29]"
"[ 29  29 204 208 207 206 206 206 205 205 206 206 206 206 206 206 206 206
 206 206 206 207 207 207 207 207 207 205 202 203 205 205 205 204 206 204
 205 207 205 206 207 206 206 207 207 206 206 207 207 206 206 207 207 206
 207 208 206 207 207 206 206 206 206 204 204 204 203 203 203 205 206 206
 204 203 203 204 203 202 201 202 193 144  87  80  74  82  75  75  77  76
  74  74  74  72  73  78  81  85  93 101 109 118 124 128 134 141 147 146
 142 137 132 133 135 130 133 151 164 172 167 167 166 166 166 165 162 158
 153 151 145 142 138 134 130 129 128 125 122 118 118 116 115 115 117 127
 133 133 135 139 143 144 145 146 151 151 151 153 153 152 152 152 153 153
 152 151 153 155 155 154 151 153 154 154 154 154 153 153 151 152 151 149
 147 146 146 146 146 145 145 144 143 143 142 142 140 139 139 138 138 136
 134  30]"
"[ 30  29 204 208 208 207 206 205 204 205 205 205 204 204 204 204 205 206
 207 208 208 207 207 207 208 207 207 207 205 205 205 203 202 203 205 203
 202 205 206 207 203 203 204 206 207 206 207 208 208 206 205 206 206 205
 206 208 209 209 208 206 206 206 205 203 203 204 203 203 203 204 204 204
 205 203 203 204 204 202 202 203 166 104  84  83  82  79  77  76  75  74
  73  75  76  75  77  83  83  88  93 102 111 120 129 132 134 139 144 142
 139 135 130 131 131 127 121 125 140 164 168 166 164 165 166 165 163 159
 156 154 148 144 139 134 131 131 130 126 122 118 117 117 118 120 123 132
 138 135 137 143 147 146 146 147 150 150 151 152 153 152 152 152 154 154
 153 152 153 155 155 153 151 153 154 154 154 154 153 152 151 152 151 148
 146 146 146 147 145 145 144 144 143 143 144 144 142 140 138 138 140 140
 137  30]"
"[ 28  30 205 207 207 207 206 204 203 206 206 203 202 203 203 200 204 205
 206 206 207 206 206 208 206 207 207 206 204 204 203 202 203 204 205 204
 202 201 202 203 205 205 206 206 207 206 205 203 205 207 208 206 204 204
 207 210 209 208 207 206 206 205 204 203 203 204 203 202 203 205 205 203
 202 204 199 205 203 204 209 185 127  88  87  85  81  78  76  76  76  74
  74  76  77  78  79  82  84  83  94 106 110 120 130 130 136 137 139 139
 136 131 130 133 133 133 126 119 119 143 163 172 167 172 167 166 165 159
 158 156 151 144 143 138 133 134 130 123 121 123 120 118 110 104  98  96
  97 101 109 117 125 132 140 148 147 147 148 150 152 152 152 153 153 153
 153 153 154 154 154 154 154 153 153 155 154 153 153 154 153 153 150 147
 146 146 147 146 146 146 146 145 145 144 144 145 143 141 141 142 140 137
 137  29]"
"[ 29  29 204 206 206 207 208 206 204 205 205 203 203 204 203 202 202 205
 205 205 205 204 204 207 206 207 207 206 205 204 203 202 204 205 205 204
 203 202 203 204 204 203 203 203 203 203 203 203 206 206 206 205 205 205
 206 207 210 208 206 204 203 203 203 204 202 203 203 202 203 204 204 203
 203 203 201 204 197 201 196 166  96  76  79  78  80  79  75  76  76  75
  75  77  78  80  81  82  87  88  98 107 112 120 129 130 131 133 134 135
 135 134 133 136 134 135 132 132 121 116 127 149 165 167 165 167 169 166
 160 155 154 146 141 137 136 136 128 123 124 114  99  86  69  60  58  65
  69  66  66  71  80  89  97 102 126 143 156 155 152 154 154 151 154 154
 154 155 155 155 155 155 154 154 154 155 155 154 155 156 154 154 153 151
 150 150 150 148 146 146 146 145 145 145 145 146 143 142 142 143 141 139
 138  29]"
"[ 29  29 204 206 206 207 208 207 205 205 204 204 204 204 204 204 203 205
 206 205 204 203 203 207 208 207 207 206 206 206 205 203 204 204 203 203
 202 203 203 204 205 204 203 202 202 203 204 205 207 206 205 205 205 205
 205 204 208 207 205 203 202 202 203 204 202 203 203 203 205 206 205 203
 203 201 201 203 201 208 180 135  87  83  81  76  78  76  73  76  77  77
  76  76  77  80  82  83  88  92  99 108 114 120 125 129 130 131 131 132
 135 137 138 139 139 138 133 138 137 127 121 132 149 160 171 168 165 166
 162 156 153 145 141 139 136 124 106  96  86  68  51  55  59  65  68  75
  78  75  75  80  88  94  97  97  97 115 136 147 151 153 154 155 153 154
 154 155 155 155 154 154 155 155 154 154 154 155 155 155 154 154 153 152
 152 152 151 150 148 147 146 146 146 146 147 147 144 143 143 144 142 140
 140  30]"
"[ 29  29 204 207 206 206 207 207 207 205 204 204 204 204 204 205 204 206
 206 205 205 204 204 207 208 207 205 204 206 207 206 204 204 203 202 202
 202 202 203 203 205 205 204 203 203 203 204 205 207 207 206 206 205 205
 204 203 204 204 204 203 203 202 203 203 203 203 204 205 206 207 205 204
 204 203 201 198 200 199 146  94  83  86  81  75  75  74  75  78  78  78
  76  74  75  79  81  82  85  91  97 105 114 119 122 126 129 131 130 130
 135 140 141 142 136 139 134 136 137 135 126 125 130 142 162 165 163 166
 163 159 156 148 148 141 120  94  71  59  46  46  49  59  58  57  63  76
  82  81  82  84  87  92  98 101 107 116 131 145 151 151 152 154 152 153
 154 154 154 154 154 154 155 156 155 153 153 155 155 154 153 153 152 153
 153 153 152 151 150 149 147 146 146 147 147 147 146 144 144 144 142 141
 140  29]"
"[ 29  29 204 206 204 205 206 207 207 205 203 204 204 202 202 204 204 204
 203 203 205 204 205 207 207 205 203 202 203 204 204 203 205 204 202 202
 202 203 203 202 203 203 203 203 202 202 203 203 207 207 206 206 205 203
 203 202 202 203 203 203 203 202 202 203 203 203 204 206 207 206 205 203
 201 203 201 200 202 181 121  86  79  81  79  79  76  75  79  78  76  78
  77  75  76  78  81  81  82  88  93 102 113 117 118 122 128 130 129 129
 134 140 142 143 143 141 139 142 138 138 134 132 134 133 147 160 167 171
 166 164 161 146 139 118  82  63  63  65  63  56  50  53  54  61  69  80
  81  84  86  87  88  92  99 105 106 120 133 139 144 152 156 155 152 153
 154 154 153 153 153 153 156 156 156 154 154 155 156 155 154 153 153 153
 154 154 153 152 150 149 148 147 147 147 147 146 147 145 144 144 142 141
 140  29]"
"[ 29  28 202 203 202 202 205 208 208 206 205 205 204 203 203 203 203 203
 202 203 205 205 205 206 208 206 204 202 202 203 203 203 204 203 202 202
 202 203 202 201 202 203 203 203 202 202 202 202 204 205 205 204 203 202
 202 202 204 203 203 202 202 202 202 203 204 204 205 206 206 205 203 203
 202 202 200 203 195 146  92  75  83  81  79  81  75  76  79  77  74  76
  78  78  78  79  81  82  83  88  93 101 111 115 117 121 128 130 128 128
 132 136 138 139 142 138 137 140 138 141 139 134 132 131 135 138 142 149
 153 154 131  99  79  66  57  63  67  62  63  61  56  56  55  62  68  73
  79  82  86  88  90  95 100 103 110 124 136 141 145 153 156 152 153 154
 154 153 152 152 152 153 154 155 155 154 154 155 156 157 155 153 152 153
 154 154 153 152 150 149 148 147 147 147 147 147 147 146 144 144 143 142
 141  28]"
"[ 29  28 202 204 202 202 205 207 208 207 207 206 205 203 203 204 202 203
 203 203 205 205 205 207 206 206 205 203 202 203 204 204 203 203 202 202
 203 203 202 202 204 204 203 203 203 203 203 202 202 202 203 203 202 202
 203 203 204 203 202 201 201 202 202 203 204 204 205 206 205 203 202 202
 201 201 201 201 179 115  83  81  82  80  76  76  73  78  78  78  74  76
  78  78  77  77  81  84  87  91  95 101 109 113 117 121 127 127 125 125
 129 132 132 132 137 144 144 142 137 138 137 137 137 141 136 124 109  97
  95  97  74  66  63  62  62  66  66  64  64  65  61  58  56  63  69  75
  83  85  86  87  90  96 103 107 109 115 127 141 151 154 154 153 153 154
 154 153 152 152 153 155 153 154 155 155 154 154 156 158 157 155 154 155
 155 154 152 152 151 151 150 149 149 148 148 148 147 146 145 145 145 144
 142  29]"
"[ 29  29 204 207 205 203 204 205 206 207 206 205 204 203 203 202 201 203
 203 203 204 203 204 206 202 203 203 202 201 202 203 203 204 203 203 204
 204 204 204 203 204 203 202 201 201 202 202 202 201 201 201 202 203 204
 204 204 202 202 202 202 202 203 202 202 203 203 204 205 203 200 199 200
 200 205 204 191 151  84  77  84  81  82  78  76  76  82  77  79  77  77
  77  77  75  75  81  87  90  93  97 102 107 112 117 122 123 122 120 121
 126 129 129 129 137 143 141 142 142 138 132 139 137 137 133 135 119  87
  72  74  61  65  66  63  65  66  62  64  64  66  64  62  58  64  69  74
  79  85  91  94  96  99 103 106 109 113 125 141 152 155 155 155 153 154
 154 154 154 155 156 158 154 154 156 157 155 154 156 159 160 158 157 158
 158 156 154 153 153 153 153 152 150 149 149 149 146 145 146 146 147 146
 143  29]"
"[ 29  29 201 203 203 202 202 204 205 204 203 204 206 206 204 202 201 202
 202 203 204 205 205 204 203 203 203 203 203 203 204 204 204 205 205 204
 204 204 204 202 204 203 202 202 202 202 202 202 202 201 201 201 202 203
 203 203 203 204 203 202 202 203 203 201 204 203 204 203 201 202 203 199
 199 206 200 169 109  80  82  81  78  77  80  80  78  79  81  79  79  77
  76  77  77  77  81  86  89  94 101 106 109 112 117 121 121 117 113 115
 120 122 123 128 135 143 140 139 141 139 137 137 142 142 142 139 135 104
  83  83  78  66  69  72  74  71  61  63  63  67  67  64  64  67  73  79
  86  93  95  97 104 110 112 113 114 125 140 152 156 156 155 154 155 155
 157 156 153 155 158 159 154 154 156 157 156 154 156 160 158 158 158 157
 156 155 154 153 152 152 152 150 149 147 147 147 145 146 145 146 144 146
 146  29]"
"[ 29  29 202 205 204 203 202 204 204 203 203 204 205 205 204 202 204 204
 203 202 202 203 205 205 204 204 203 203 202 202 202 202 203 204 204 204
 204 205 204 203 203 203 202 201 200 200 199 199 199 199 199 200 201 202
 203 203 203 203 203 203 203 203 203 201 205 205 205 205 203 202 201 199
 201 201 180 127  86  82  79  79  78  78  79  80  80  79  78  75  77  77
  78  80  79  79  82  87  88  95 103 109 112 115 117 119 122 118 112 112
 116 115 116 121 127 137 138 139 143 141 139 137 142 142 141 143 140 119
  94  94  82  68  72  76  73  71  67  67  66  70  71  70  70  72  77  84
  96 101 106 116 132 145 152 158 164 164 163 159 155 153 154 155 155 155
 156 156 154 155 158 158 156 157 158 159 158 156 158 161 161 160 159 156
 155 154 154 154 153 153 152 151 149 148 147 147 146 148 147 147 145 146
 146  29]"
"[ 29  29 203 206 206 204 203 203 203 203 202 203 204 205 204 202 206 206
 204 202 202 204 205 206 204 204 204 203 202 202 201 201 201 202 203 203
 204 204 204 204 203 203 202 201 200 199 199 199 198 198 198 199 201 202
 202 202 202 202 203 203 203 203 202 201 201 202 201 201 200 197 194 195
 201 196 156  98  81  86  79  77  80  79  77  78  80  80  77  76  77  78
  80  82  82  82  85  89  95  99 104 108 110 114 117 119 120 116 109 107
 110 108 107 114 120 129 132 136 141 140 138 136 139 139 136 141 137 129
 100 100  93  73  74  79  80  82  77  70  66  71  75  77  80  82  88  95
 103 120 139 150 150 145 146 154 153 154 154 154 154 154 155 155 155 155
 156 156 154 155 157 155 156 157 158 158 157 156 157 160 161 160 158 156
 154 154 154 153 154 153 152 151 150 149 149 148 149 150 149 149 147 147
 147  29]"
"[ 29  29 203 205 205 204 203 204 204 204 203 203 204 204 203 203 205 204
 204 204 205 206 205 204 204 204 203 203 203 202 201 201 201 201 202 202
 203 203 203 203 203 202 202 202 202 202 201 200 201 201 200 200 201 201
 201 201 201 202 202 203 203 203 202 201 201 203 201 200 200 196 193 196
 201 184 124  89  82  79  82  80  82  81  77  76  79  80  79  80  79  81
  83  85  85  86  89  92  99 101 103 105 107 112 116 118 115 113 106 104
 106 103 101 108 116 124 126 129 134 136 137 135 138 136 133 137 135 134
 106 107 107  86  79  83  89  92  86  78  74  77  80  81  83  86  94 103
 118 128 141 147 146 144 148 155 156 155 154 154 154 154 154 154 154 154
 155 155 154 155 155 153 155 155 156 156 156 155 156 158 158 158 158 157
 156 156 155 154 154 153 151 151 150 151 150 150 151 152 150 150 148 148
 147  29]"
"[ 30  29 202 203 204 203 203 204 205 204 203 203 203 204 204 205 204 203
 203 204 206 207 205 203 202 202 202 202 202 202 202 201 202 202 202 203
 203 203 203 203 202 202 201 203 204 204 202 200 203 202 201 201 201 201
 201 201 201 201 201 202 203 202 202 201 202 204 202 201 201 198 196 199
 195 160 100  93  88  78  82  80  81  81  78  77  81  80  78  81  81  84
  87  89  91  92  93  93  95  99 103 106 109 112 113 113 111 110 105 102
 101  96  94 100 112 118 120 124 129 133 136 134 134 130 130 130 131 133
 114 116 114 103  94  91  94  92  88  89  85  87  87  88  91  96 106 115
 128 133 140 146 149 149 149 149 156 154 153 152 153 154 155 156 154 153
 154 154 154 156 156 154 156 156 156 157 156 156 157 158 157 158 158 158
 158 158 157 156 154 153 152 152 152 152 152 151 151 152 150 150 148 149
 148  29]"
"[ 30  29 201 202 203 203 203 204 204 204 203 203 203 204 205 206 205 204
 202 202 204 206 205 202 202 202 201 201 201 201 201 202 203 202 203 203
 203 202 202 203 202 201 201 202 203 203 201 199 201 200 200 200 201 202
 202 202 202 201 201 202 203 202 202 202 201 202 201 200 200 198 197 199
 183 131  92  95  91  86  82  79  77  78  79  81  82  79  76  76  81  86
  91  94  95  96  95  93  97 101 106 108 110 112 111 109 109 107 103 100
  93  86  84  88 103 110 114 120 125 129 133 130 127 124 125 121 123 125
 115 117 113 114 109 104 102  95  91  96  98 103 106 109 113 118 122 126
 129 132 139 143 144 146 151 154 154 155 156 156 155 154 154 154 154 153
 153 154 155 158 159 158 157 157 157 157 157 158 158 159 158 158 158 157
 157 157 157 157 156 155 154 153 153 152 152 152 151 151 149 149 148 148
 147  29]"
"[ 29  28 201 203 204 203 203 204 203 203 203 203 203 204 205 206 205 204
 202 202 203 204 204 202 203 202 202 201 201 202 203 203 203 202 202 203
 203 202 201 202 202 202 201 201 201 200 199 198 198 199 199 200 201 202
 202 201 202 201 201 203 203 202 202 202 202 201 202 201 200 200 200 198
 166 107  89  85  84  84  82  82  78  76  78  81  80  77  76  75  81  87
  93  95  95  96  95  93 100 104 106 106 107 110 111 109 106 102 101  97
  85  77  78  81  94 102 108 115 119 123 127 123 122 121 120 117 118 118
 113 116 114 116 114 112 108 104 105 110 117 124 128 129 131 131 128 126
 130 129 135 145 147 148 150 150 154 155 156 154 153 153 155 158 155 153
 154 154 155 158 161 160 158 158 157 157 157 158 158 158 157 158 158 157
 157 156 156 155 155 155 155 154 153 153 152 152 152 152 149 149 147 148
 147  29]"
"[ 29  28 201 204 205 204 203 203 202 203 203 203 203 203 204 204 202 203
 203 203 203 204 203 202 204 203 202 202 203 204 205 206 202 201 201 202
 202 201 200 201 202 203 202 201 200 199 199 199 198 198 200 201 202 202
 201 200 202 201 202 204 204 203 202 202 201 200 202 202 199 200 201 197
 147  94  93  86  87  80  81  80  82  76  76  77  76  76  77  77  83  89
  94  94  93  95  96  96  97 101 104 104 106 109 110 109 105 100 100  96
  82  75  78  81  91  98 105 112 115 118 122 118 115 116 114 115 114 114
 112 115 118 116 114 111 106 109 122 130 128 133 133 130 131 133 130 127
 126 125 134 145 147 146 149 153 152 156 159 158 155 154 155 156 156 154
 154 154 154 158 160 160 159 159 158 157 156 157 157 157 156 157 159 159
 159 157 155 153 154 154 155 154 153 152 152 152 153 153 150 149 148 148
 148  29]"
"[ 30  30 201 203 204 203 205 205 202 202 203 202 201 200 200 201 202 203
 204 204 204 203 202 202 203 203 202 201 200 199 200 200 201 201 201 202
 202 201 201 202 202 202 202 201 200 199 199 200 199 197 198 200 200 200
 201 200 199 200 201 201 202 202 202 201 201 202 202 201 201 202 202 177
 113 100  93  83  82  78  79  81  80  78  77  77  76  79  82  83  86  90
  94  93  93  94  95  94  94  91  95 102 106 110 111 107 105 100  97  90
  79  76  81  84  88  99 103 108 114 114 115 114 114 110 107 108 109 110
 112 113 115 120 112 116 134 153 162 152 141 139 137 133 132 134 132 126
 127 124 131 144 147 147 150 152 154 156 157 156 155 155 156 156 155 155
 154 153 155 159 160 159 159 158 159 159 158 156 156 158 159 159 159 160
 160 158 156 155 155 157 158 156 153 152 153 154 153 156 152 149 148 152
 148  30]"
"[ 29  29 199 202 202 201 203 202 203 202 202 203 202 202 201 202 202 203
 203 203 202 202 202 202 202 202 201 201 200 200 201 201 202 202 202 202
 201 201 200 201 203 202 201 201 200 199 200 201 200 198 199 201 200 200
 200 199 200 200 201 201 201 201 200 200 205 200 200 198 195 201 194 152
 103  96  93  84  83  81  80  80  78  76  76  76  75  77  81  82  86  89
  92  91  90  91  93  95  96  91  93 100 104 108 109 105 106  99  90  80
  72  75  82  85  87  97 102 108 112 111 111 112 110 110 106 102 101 105
 110 112 114 128 137 151 161 161 162 155 145 142 139 135 133 134 133 128
 128 126 132 142 146 146 148 150 153 156 157 156 155 154 155 155 155 154
 154 154 155 156 157 158 159 158 158 158 157 157 158 160 160 159 159 159
 159 157 155 154 156 157 157 155 153 153 153 154 154 153 151 152 151 153
 150  29]"
"[ 28  29 200 202 202 201 202 201 202 201 201 202 203 203 202 202 203 203
 202 201 201 201 202 202 202 202 202 201 201 201 201 202 202 202 202 202
 201 201 201 201 203 202 201 199 199 199 200 201 201 200 201 202 201 200
 200 198 199 200 201 201 200 200 199 199 200 198 199 200 196 203 196 134
  97  94  93  83  80  77  75  74  76  75  75  75  74  76  80  81  83  86
  88  88  87  88  91  95  94  92  94  98 102 105 107 105 104  99  92  83
  78  80  82  81  85  94 100 106 107 105 105 106 107 102  99 101 103 106
 115 124 129 147 157 163 163 159 159 154 151 145 141 138 135 135 134 131
 129 130 133 140 146 147 148 150 154 156 158 157 155 154 155 155 155 154
 155 156 156 154 155 158 158 157 157 157 157 158 160 161 161 160 159 159
 159 158 157 156 157 157 157 155 154 154 154 154 155 152 152 154 152 153
 152  28]"
"[ 29  30 201 203 203 202 203 202 202 201 201 202 203 203 202 202 203 203
 202 201 201 201 202 202 204 204 203 202 202 201 200 200 200 201 202 201
 201 201 202 202 202 201 200 198 197 198 199 199 200 199 201 202 200 200
 200 199 198 199 201 201 201 200 200 200 200 205 197 200 195 193 180 104
  90  88  87  81  79  78  76  77  76  74  74  73  72  75  79  81  80  82
  85  86  86  87  90  93  94  94  94  94  96 101 104 104 104 100  94  88
  84  84  84  83  84  94 101 105 104 102 102 100  98  97  98  99  99 104
 120 137 162 169 166 162 160 159 162 160 153 145 140 138 137 136 135 133
 129 131 132 137 146 148 148 151 153 156 158 158 156 155 155 155 155 155
 155 156 155 155 156 159 158 157 156 157 158 159 161 162 161 160 159 160
 160 159 159 160 158 157 157 156 156 156 156 155 156 152 153 154 151 154
 158  29]"
"[ 30  29 200 203 203 202 203 202 202 202 203 204 203 203 203 204 203 203
 202 202 202 202 202 202 204 204 204 203 202 200 198 197 199 201 201 201
 200 201 202 202 200 200 199 197 197 197 197 197 199 199 200 200 199 199
 200 199 198 199 200 201 201 201 201 202 199 202 195 197 202 195 166  98
  94  89  87  83  79  76  72  73  76  74  74  73  72  75  80  82  80  80
  82  83  84  85  88  91  92  94  93  92  97 104 107 106 105 101  96  92
  88  82  81  83  78  90  97  98  96  95  96  91  92  92  91  94 111 138
 160 170 172 168 163 163 163 159 157 159 153 145 139 138 138 137 135 132
 129 131 131 135 144 148 148 151 151 154 157 157 156 155 155 155 155 156
 155 154 154 157 158 158 159 158 157 158 159 160 161 161 160 160 160 160
 160 160 160 161 160 159 158 157 157 157 156 155 154 152 154 154 155 162
 166  30]"
"[ 29  29 200 203 203 202 203 202 202 202 203 204 203 202 202 203 203 202
 202 202 202 201 201 201 202 202 202 202 202 200 198 197 199 201 202 200
 199 200 201 201 199 199 198 197 196 197 197 195 199 198 199 199 198 198
 199 198 196 197 198 199 200 200 201 201 203 201 203 200 203 186 140  97
  85  81  80  82  80  79  74  77  76  75  74  73  72  74  79  82  82  81
  81  80  81  83  87  89  88  92  93  94  99 102 102 101 101 100  99 101
 104 107 114 124 130 139 144 144 141 142 144 138 137 136 138 147 166 180
 179 171 171 170 167 167 168 164 161 162 157 148 142 140 139 138 136 133
 131 130 131 136 144 148 149 151 151 154 157 157 157 157 156 156 156 157
 156 154 154 157 159 158 159 159 159 159 160 161 161 160 160 160 160 160
 160 159 159 160 161 161 160 158 158 157 156 154 153 153 155 158 165 171
 172  29]"
"[ 29  29 201 203 203 202 202 201 201 201 202 203 203 202 202 203 203 202
 201 201 201 201 201 200 201 201 201 202 202 201 200 199 200 202 203 200
 199 199 200 200 199 200 199 197 197 198 197 195 198 198 200 199 197 198
 199 197 196 196 195 196 197 198 198 198 196 194 200 199 193 160 116  92
  82  80  80  81  77  78  72  73  76  74  74  73  72  74  79  80  80  82
  82  80  80  82  84  85  86  90  93  95  98  99 107 120 142 153 168 182
 191 193 194 199 193 196 199 199 195 194 197 193 192 189 187 187 185 181
 178 178 172 173 171 165 164 165 163 162 160 154 148 144 140 139 137 134
 134 130 132 138 145 149 152 152 153 155 157 158 158 158 158 157 157 158
 157 156 155 156 157 158 159 160 160 159 160 161 161 161 160 160 161 161
 161 159 158 158 161 161 161 160 159 158 156 153 153 157 162 164 171 172
 172  28]"
"[ 29  29 200 202 203 201 201 200 201 201 201 203 204 204 203 203 203 203
 202 201 201 202 201 201 202 202 201 202 202 202 201 201 200 203 203 200
 199 199 200 200 200 200 199 197 197 198 198 196 197 198 200 199 198 199
 199 197 198 196 195 196 197 198 197 197 196 196 194 203 193 144 109  89
  78  80  80  81  77  81  76  77  75  74  74  74  72  74  78  79  77  81
  83  81  80  82  83  83  83  88  93  98 102 112 141 173 193 199 202 201
 200 195 192 195 195 193 194 195 190 187 190 188 187 186 184 182 182 181
 178 173 174 171 170 168 167 162 159 161 161 156 151 145 139 138 137 135
 135 129 132 140 145 149 153 153 153 155 156 157 158 158 158 157 158 157
 158 157 155 153 154 157 159 160 160 159 160 161 162 161 160 160 162 162
 162 160 158 158 160 161 160 160 159 158 156 154 154 162 168 170 172 167
 168  29]"
"[ 30  28 200 202 202 200 200 202 202 202 203 204 203 203 203 203 200 200
 200 201 202 202 201 201 200 200 200 201 202 202 201 200 200 201 201 199
 198 199 200 199 200 199 198 199 199 199 198 197 199 199 198 198 199 199
 199 199 199 197 196 197 197 196 196 197 195 198 195 199 173 117  97  82
  79  77  76  78  79  79  78  78  76  74  74  75  76  75  74  75  78  77
  81  80  81  83  80  82  86  90  97  96 111 154 187 198 195 196 196 195
 195 193 191 189 193 194 194 194 194 193 190 186 187 187 187 185 182 181
 179 175 175 174 172 169 166 164 162 162 163 158 152 148 144 140 137 136
 135 132 127 132 143 146 147 154 152 154 157 156 157 160 158 157 158 158
 157 156 156 156 157 158 158 155 154 157 160 161 161 160 159 161 161 161
 162 161 160 160 159 159 159 160 160 159 159 159 167 170 171 172 170 172
 171  29]"
"[ 30  27 199 201 202 200 200 201 202 203 203 203 203 203 203 203 203 203
 202 201 201 201 200 200 202 202 201 202 202 202 201 199 199 200 200 199
 198 199 200 199 200 200 200 200 199 199 199 199 199 198 197 197 196 197
 199 200 199 197 196 196 197 195 195 196 197 194 199 193 149 102  92  83
  83  79  75  75  77  78  77  76  72  72  73  75  76  76  75  75  75  75
  80  80  80  82  81  84  86  98  96 103 139 185 198 194 194 195 196 195
 195 194 193 192 194 194 193 193 193 194 192 190 188 188 188 186 183 182
 181 177 177 175 173 170 166 163 162 162 162 158 154 151 146 142 139 138
 137 135 129 130 141 147 148 151 153 155 158 157 157 160 158 158 158 158
 158 158 158 158 159 159 159 157 157 159 161 161 160 160 160 162 161 161
 163 162 160 161 159 160 161 161 161 162 164 165 169 171 171 171 169 171
 171  29]"
"[ 30  28 201 202 203 202 201 201 203 203 203 203 202 202 203 203 203 203
 202 201 202 202 202 201 203 202 201 201 201 201 201 200 199 200 199 198
 198 199 199 198 198 200 201 200 199 198 199 200 202 201 199 198 197 198
 200 202 200 197 195 196 196 196 196 196 197 190 194 178 122  92  90  82
  84  81  77  76  76  75  75  74  75  76  77  77  76  74  71  68  73  74
  79  80  80  81  82  87  86  93 102 133 174 199 199 196 194 195 196 195
 195 195 195 194 195 195 194 193 192 192 191 189 188 188 188 187 184 184
 184 181 180 178 176 172 167 163 162 162 162 161 159 155 150 144 140 139
 138 137 130 127 136 146 148 149 152 154 158 157 157 159 158 159 157 157
 157 158 159 159 159 159 158 158 159 160 161 160 160 161 161 162 161 161
 162 161 160 160 158 158 159 160 163 166 169 169 171 171 171 171 169 171
 170  29]"
"[ 30  28 201 202 203 202 202 203 203 203 203 203 203 203 203 203 202 202
 201 201 202 202 202 202 203 202 201 201 201 202 202 201 201 200 199 199
 199 199 198 197 197 199 201 201 200 199 199 201 201 200 199 197 196 196
 198 199 200 197 196 196 197 196 196 196 195 199 192 160 104  85  88  84
  81  81  80  79  76  73  73  74  74  76  77  76  75  75  72  69  74  75
  78  80  81  81  83  88  92  88 120 170 200 203 197 193 195 196 196 195
 195 196 195 195 196 195 195 194 193 192 190 188 188 188 188 187 185 185
 185 183 182 181 179 176 171 166 164 163 163 163 161 159 154 148 142 139
 138 137 130 125 132 143 148 150 152 153 158 157 158 160 158 159 156 156
 156 157 158 159 159 158 157 159 160 162 161 161 161 162 161 162 161 160
 162 161 159 158 158 158 158 162 168 172 173 170 171 171 170 171 169 171
 170  29]"
"[ 29  29 202 202 202 201 202 204 203 203 203 203 203 203 203 202 202 202
 201 201 201 201 201 200 202 201 200 200 201 202 202 201 202 201 200 199
 199 198 197 197 197 199 201 202 201 200 199 199 199 199 199 198 197 196
 197 198 198 197 196 196 197 196 196 195 193 203 173 131  94  84  86  81
  79  79  79  78  76  74  73  73  71  73  74  74  74  75  74  72  75  76
  77  80  81  82  84  86  83 107 169 199 202 195 197 199 196 196 195 195
 196 197 196 195 195 195 195 195 195 194 192 192 190 189 189 188 185 185
 185 183 183 182 181 178 175 170 167 166 164 163 161 160 157 152 144 139
 137 136 132 129 134 142 149 152 154 154 158 158 159 160 158 159 157 157
 157 158 159 159 159 158 160 161 162 163 163 163 162 161 161 162 161 161
 162 161 158 158 160 162 164 168 172 175 174 171 170 170 169 171 170 172
 170  29]"
"[ 28  30 204 204 202 201 202 204 203 203 203 203 203 203 203 202 200 200
 200 201 201 202 201 201 202 201 201 201 201 201 201 200 200 200 199 199
 199 198 198 198 198 199 201 201 200 199 198 197 198 199 199 199 199 198
 198 198 196 196 196 195 195 195 194 194 194 196 148 104  88  83  81  79
  81  78  75  75  76  76  74  72  74  74  74  73  72  71  70  70  74  76
  76  79  81  82  85  85  87 140 195 202 201 197 196 197 197 197 196 196
 197 198 197 196 198 196 195 194 193 193 192 193 192 190 190 189 186 185
 184 182 181 180 180 180 178 175 171 168 165 163 161 160 159 155 148 141
 136 135 134 133 135 141 147 151 155 155 158 158 158 159 156 157 159 159
 158 158 158 158 158 158 162 163 164 163 162 162 160 159 161 162 161 161
 162 160 159 160 162 167 172 172 172 172 172 170 170 168 168 170 171 172
 170  29]"
"[ 29  30 205 205 203 202 202 203 203 202 202 202 203 203 203 202 200 199
 199 200 201 202 202 202 201 201 201 201 201 201 199 198 199 198 198 199
 199 198 198 199 197 198 200 199 198 197 197 197 197 198 198 197 197 196
 196 196 196 196 196 195 194 194 194 194 194 178 132  92  82  77  77  82
  81  78  76  76  77  76  75  73  74  74  74  74  72  70  69  69  72  76
  76  78  80  81  85  82 102 171 205 202 198 194 194 199 198 198 198 198
 197 197 197 196 198 197 195 195 193 192 191 192 193 190 190 190 188 187
 185 183 182 180 179 180 180 178 173 170 167 165 162 160 160 158 152 145
 139 138 135 132 132 139 146 149 153 154 158 158 157 157 155 157 161 160
 159 157 156 156 157 158 161 163 163 162 161 161 160 159 160 162 161 160
 161 161 161 163 165 170 173 172 170 170 170 169 169 168 167 170 170 172
 170  29]"
"[ 29  30 204 205 204 203 201 201 203 202 202 201 202 203 203 203 202 201
 200 200 200 201 201 201 200 200 200 201 202 201 199 197 198 197 198 199
 199 197 198 199 196 198 199 199 198 197 198 199 201 200 199 198 197 197
 197 197 196 196 196 194 193 194 194 195 190 145 100  75  82  84  79  78
  79  80  80  79  77  75  75  76  76  75  76  76  73  69  67  67  71  77
  76  77  78  80  84  80 126 191 201 201 198 200 199 195 198 200 201 199
 197 196 196 196 196 195 196 197 196 194 193 193 193 190 189 190 190 189
 187 184 185 182 180 181 182 179 174 170 170 168 164 162 162 160 154 148
 144 141 136 130 129 137 146 148 152 153 158 158 157 156 156 160 163 162
 160 157 156 156 157 158 159 162 163 162 161 161 162 162 161 162 161 161
 161 162 164 167 169 171 171 169 169 171 171 168 170 168 167 169 170 171
 170  29]"
"[ 30  30 204 205 204 203 201 201 202 202 203 203 203 203 203 203 202 201
 201 201 202 202 201 200 200 201 201 201 200 200 199 200 200 197 196 198
 199 198 197 197 197 197 199 201 199 196 196 199 201 200 199 198 198 197
 196 195 196 196 200 193 194 194 194 192 181 113  87  81  83  80  80  76
  76  78  79  79  76  74  74  75  77  75  75  76  74  70  69  70  73  74
  78  78  81  85  82  86 154 198 197 199 200 196 199 196 199 200 200 198
 197 196 196 197 194 195 196 196 195 194 193 193 192 190 188 188 187 186
 186 186 186 183 180 180 179 179 177 176 174 169 165 162 162 162 159 152
 144 143 137 132 126 130 146 151 152 154 156 156 156 157 159 159 161 160
 159 156 155 155 156 157 159 162 163 162 162 162 162 161 161 162 160 160
 162 165 167 169 170 171 172 172 171 171 171 171 170 169 169 170 169 172
 171  30]"
"[ 29  29 203 203 203 203 201 201 202 202 202 202 203 203 202 201 200 200
 200 201 202 203 202 201 200 201 201 201 201 201 201 201 201 198 197 198
 198 197 196 197 196 196 198 199 198 196 196 197 199 198 198 197 197 196
 196 195 196 192 195 193 196 196 195 187 152  98  82  80  85  82  80  77
  77  77  77  77  75  72  71  70  74  74  75  76  75  73  72  72  74  74
  76  78  81  81  81 103 177 205 198 198 198 195 198 198 199 200 200 200
 198 197 197 197 197 197 197 197 196 195 195 194 194 192 190 189 188 187
 186 186 185 183 181 180 180 180 179 178 175 171 167 163 162 163 161 156
 143 139 136 130 128 127 142 145 152 154 156 156 156 157 160 161 161 160
 159 158 158 158 159 159 159 160 162 163 163 163 163 162 160 162 162 162
 165 167 168 170 171 171 170 168 169 170 171 171 171 171 171 171 170 171
 170  28]"
"[ 29  28 202 202 204 203 202 201 202 201 201 202 203 203 201 200 200 200
 200 202 203 204 203 202 201 201 202 202 202 202 202 203 202 200 199 199
 198 196 196 197 196 196 197 198 197 196 196 197 197 197 197 197 196 196
 196 196 200 195 195 196 197 197 192 173 117  84  81  82  85  79  76  76
  78  77  77  77  77  75  73  72  72  74  75  76  76  75  74  74  72  74
  73  76  83  84  88 131 192 203 197 198 199 197 197 198 197 199 200 200
 199 197 197 198 198 198 197 196 196 195 194 194 194 192 191 190 189 188
 187 187 185 183 182 181 181 180 179 179 178 174 170 165 162 162 162 159
 153 145 141 133 132 130 146 149 151 153 155 155 155 157 161 163 161 160
 159 159 161 161 160 159 159 159 161 163 164 163 162 163 162 165 165 166
 169 170 170 171 172 171 169 168 168 170 171 171 169 170 171 172 171 173
 171  29]"
"[ 29  29 203 204 205 204 202 201 201 201 201 202 203 203 201 199 201 200
 201 202 203 203 203 202 202 202 202 202 201 201 202 203 202 201 200 199
 198 196 196 196 196 195 196 197 197 196 195 196 196 197 197 197 196 195
 196 197 197 195 194 194 194 195 182 151  95  80  85  85  83  76  73  78
  78  76  74  75  75  75  74  73  73  74  75  74  73  73  74  73  73  76
  72  72  80  81  88 145 196 197 197 199 201 200 197 198 197 199 200 200
 198 197 197 198 197 196 195 195 195 195 194 193 192 191 190 190 190 189
 188 188 184 183 182 182 180 179 179 179 178 175 172 167 162 162 163 162
 156 146 141 135 130 129 142 149 151 153 155 155 156 159 162 163 161 160
 159 160 161 161 160 159 160 159 160 162 161 159 160 163 165 168 169 170
 172 172 171 172 171 171 170 170 170 171 171 171 169 170 171 172 172 173
 171  30]"
"[ 29  30 204 206 206 204 201 201 201 200 201 202 204 204 202 200 201 200
 200 200 201 202 202 201 201 201 202 201 201 201 201 202 202 201 200 200
 199 198 196 195 195 195 195 195 195 195 195 195 196 197 197 196 195 195
 195 196 193 194 193 191 191 189 159 118  89  83  86  85  84  78  76  81
  80  78  76  75  74  74  74  76  74  75  74  71  70  71  72  73  74  76
  74  76  82  79  96 164 202 198 200 198 198 200 198 199 198 199 200 199
 198 197 198 198 197 196 195 195 196 195 194 193 191 190 190 190 190 189
 188 188 184 184 183 182 181 180 180 180 177 175 173 169 165 164 165 164
 160 153 149 146 134 134 140 149 152 154 156 157 159 161 162 162 161 160
 160 160 160 161 161 161 161 160 161 161 159 158 160 164 168 171 171 171
 172 171 170 171 170 171 172 171 171 171 171 171 171 171 172 172 171 172
 170  29]"
"[ 29  29 205 206 205 203 201 200 200 201 201 202 203 203 202 201 201 200
 200 200 201 201 201 201 200 200 201 201 200 200 201 201 202 201 201 201
 201 200 198 196 195 195 195 195 195 195 195 195 195 196 196 195 194 194
 194 195 195 195 194 194 194 182 136  97  94  87  85  83  84  82  79  80
  80  79  78  76  75  75  76  79  76  76  74  72  70  70  72  74  74  74
  78  84  87  81 115 187 204 200 204 199 198 199 199 200 200 200 200 200
 199 198 199 200 197 196 195 195 196 196 194 193 192 191 191 191 191 190
 188 188 185 184 184 184 183 182 181 182 180 178 176 174 169 166 164 161
 162 157 151 147 131 132 136 146 151 154 156 158 160 161 160 159 160 160
 160 159 159 160 161 161 162 161 161 161 160 160 163 167 169 171 171 170
 171 170 169 169 171 172 171 170 169 170 171 172 171 171 172 172 170 171
 170  30]"
"[ 29  29 202 203 203 203 202 202 200 201 202 202 202 201 201 201 203 202
 200 200 201 201 200 200 199 200 200 201 200 200 200 200 200 200 200 200
 200 199 199 198 196 196 196 195 195 195 195 195 195 195 195 195 194 194
 194 195 194 193 194 195 192 166 114  94  95  89  85  83  81  82  79  79
  76  75  75  75  73  73  74  76  76  75  75  74  72  70  71  74  74  74
  80  84  86  84 133 196 202 199 203 200 201 200 200 199 200 200 200 199
 199 200 200 200 198 197 196 195 195 195 194 193 194 193 192 192 191 190
 188 188 186 185 185 185 184 183 182 182 183 180 179 178 174 170 166 162
 166 160 155 147 131 133 137 147 148 152 156 158 159 159 159 159 161 160
 160 159 159 159 160 160 161 161 162 162 162 164 167 169 168 171 171 170
 171 170 169 170 172 171 170 168 168 169 171 171 170 171 171 172 170 172
 171  31]"
"[ 30  28 201 201 202 203 203 203 200 201 203 202 201 200 200 201 203 202
 201 200 200 199 198 197 200 200 201 201 200 199 198 198 197 198 199 198
 197 197 198 198 196 196 196 195 194 195 195 195 195 195 195 195 194 194
 195 195 197 194 195 193 180 141  87  87  89  86  84  83  79  80  80  81
  77  77  77  76  74  72  72  72  74  73  73  73  71  68  69  71  73  74
  80  80  86  95 152 202 204 200 201 198 201 198 200 200 199 199 199 199
 199 200 200 200 199 198 197 196 195 195 195 194 195 193 192 192 191 189
 188 188 187 186 185 185 184 183 181 181 181 179 179 180 178 175 171 166
 166 160 159 150 137 136 139 146 145 150 156 159 159 159 160 161 163 162
 161 160 160 161 160 160 160 161 162 162 165 167 168 168 168 171 172 171
 171 171 170 171 171 171 170 169 169 171 171 170 172 172 173 173 170 171
 170  29]"
"[ 29  28 202 202 203 203 202 202 201 202 203 203 203 201 199 198 200 201
 201 201 201 200 200 200 200 201 201 201 201 200 199 197 197 199 199 198
 197 197 197 197 196 196 195 193 193 195 195 194 195 195 195 195 194 194
 195 196 193 199 197 192 167 123  85  89  87  83  81  82  80  75  76  82
  80  80  79  76  74  73  72  72  71  73  74  73  72  73  73  72  72  76
  79  81  82 104 169 202 199 199 199 200 200 201 201 200 199 198 198 200
 202 202 202 201 202 200 197 196 196 197 196 196 195 195 194 192 189 188
 188 189 187 187 186 186 185 183 181 180 181 180 178 178 180 180 175 168
 164 162 160 155 144 138 141 146 145 149 154 156 158 161 162 162 164 162
 160 161 161 160 159 159 157 159 162 165 166 167 167 168 169 171 172 171
 171 171 172 171 171 168 167 168 170 171 171 171 172 173 172 173 170 170
 171  29]"
"[ 30  28 201 202 203 203 202 202 202 202 202 202 202 202 201 200 199 200
 201 201 201 201 200 200 201 200 200 200 200 199 197 196 196 198 200 199
 198 197 196 196 196 196 195 194 194 195 194 193 194 195 195 195 194 194
 195 196 197 195 196 180 133  99  86  88  87  84  82  81  79  76  78  82
  81  80  79  77  75  73  72  71  69  71  73  74  75  75  75  74  71  75
  78  80  78 112 176 204 199 199 199 199 200 201 201 200 199 198 199 200
 201 202 202 202 200 199 197 196 195 195 195 194 193 193 193 192 190 189
 189 190 189 188 187 187 186 185 183 182 181 182 181 179 179 179 177 174
 168 165 162 157 149 139 139 144 147 151 155 158 160 162 163 164 164 163
 161 160 158 157 158 160 164 164 166 167 167 167 167 168 169 170 170 169
 168 170 170 170 171 169 168 169 171 171 171 172 171 173 172 173 171 171
 171  30]"
"[ 31  28 200 201 203 203 202 201 202 201 201 201 201 201 201 200 200 200
 201 201 202 202 201 201 202 201 199 199 199 199 197 196 197 199 201 201
 200 198 197 195 196 196 195 194 194 195 194 193 194 194 195 195 194 194
 195 196 196 193 183 152 103  85  88  85  84  83  82  81  79  76  77  80
  80  80  79  77  75  74  73  71  68  69  70  73  75  75  74  75  73  75
  77  80  79 131 188 204 199 199 199 199 200 201 201 200 199 199 200 200
 201 201 202 203 201 200 199 198 196 195 195 195 194 194 194 193 192 192
 191 191 190 189 188 187 187 186 186 185 184 182 181 179 178 178 179 179
 172 169 164 161 156 144 138 142 149 151 155 159 160 161 162 164 162 162
 162 160 157 157 161 166 170 169 168 167 167 167 167 167 170 170 169 167
 167 169 169 169 169 168 169 170 170 170 171 172 170 172 171 173 171 171
 172  29]"
"[ 31  28 200 201 203 203 202 201 201 201 201 200 199 199 199 200 201 200
 200 200 201 201 201 200 201 200 198 198 199 199 199 199 197 199 200 200
 199 198 197 196 196 196 195 195 195 195 194 193 194 195 195 195 194 193
 194 195 193 194 164 122  94  88  88  84  81  82  83  83  81  78  77  77
  78  78  78  76  76  75  74  72  72  70  69  71  73  73  74  75  75  76
  77  81  85 152 197 199 198 199 199 199 199 200 201 201 198 199 200 200
 199 199 200 202 202 201 201 199 198 196 196 196 195 195 195 195 194 193
 192 191 191 190 188 187 187 187 186 186 186 183 180 179 180 179 179 179
 176 174 168 164 162 151 140 140 148 151 155 159 160 159 161 163 162 162
 162 162 161 161 166 171 171 169 167 166 166 166 167 167 169 169 168 167
 168 169 169 168 166 168 169 170 170 170 170 171 171 172 171 173 172 172
 172  29]"
"[ 29  28 202 202 203 203 201 200 200 201 202 201 199 198 199 201 201 199
 197 197 198 199 198 198 199 198 196 196 197 198 199 198 197 198 198 197
 197 197 197 197 197 196 196 196 196 195 194 193 194 195 195 195 194 194
 194 195 195 186 144 103  95  91  84  84  81  82  84  84  82  79  78  77
  77  77  76  76  76  76  74  73  75  71  69  71  73  74  74  76  75  76
  77  79  93 166 199 195 197 198 198 199 199 200 201 201 197 198 199 199
 198 198 200 201 201 201 200 199 198 198 196 196 195 195 195 195 195 193
 191 190 192 191 189 188 187 187 186 186 187 184 182 181 181 180 179 179
 178 179 172 166 165 157 144 138 148 151 156 159 160 160 161 163 163 162
 163 164 165 166 167 170 170 168 166 165 165 166 167 167 167 168 168 168
 169 170 169 168 166 168 170 170 170 170 171 171 172 173 171 173 172 173
 172  29]"
"[ 29  28 202 202 203 202 200 199 199 201 202 201 200 199 200 202 200 198
 196 196 196 197 197 196 197 197 196 196 196 197 197 197 197 197 197 196
 196 197 197 197 198 197 196 196 196 194 193 193 194 194 195 195 195 195
 195 195 193 154 117  95  93  89  83  82  83  83  82  82  80  78  77  78
  77  77  76  75  75  74  74  72  72  70  70  71  74  75  75  74  74  77
  79  78 107 177 199 196 196 197 198 199 199 200 201 200 198 199 200 201
 200 200 201 202 201 200 199 199 198 198 197 196 195 195 195 195 195 194
 193 191 193 192 190 189 188 187 187 187 186 187 186 184 180 178 179 180
 179 181 175 169 169 163 150 139 148 152 156 159 159 161 163 164 162 161
 163 166 168 168 168 169 169 168 166 165 165 166 167 167 166 168 169 169
 170 171 170 169 167 169 170 169 169 170 171 171 172 172 170 172 172 172
 172  29]"
"[ 29  29 202 202 202 201 199 199 198 199 199 199 198 198 199 200 199 198
 196 196 196 196 196 196 196 197 197 197 196 196 196 196 197 197 196 195
 196 196 197 197 198 196 196 196 196 194 193 194 194 194 194 194 194 194
 193 193 173 117  97  93  89  85  83  81  83  82  81  80  79  76  76  77
  77  77  77  75  74  73  73  72  70  70  70  71  74  75  74  72  74  79
  82  80 128 190 200 198 196 197 199 199 199 200 200 199 200 200 201 202
 201 201 201 201 201 201 200 199 198 197 197 197 195 195 196 196 196 195
 194 193 193 192 190 189 189 188 188 187 186 188 187 183 179 179 179 180
 181 180 178 175 174 170 156 144 147 152 157 158 159 162 165 165 162 163
 166 169 170 169 169 169 168 168 168 167 166 166 167 167 167 169 169 169
 170 171 172 171 169 170 169 168 168 170 171 171 171 171 169 171 171 172
 172  29]"
"[ 29  29 202 202 201 200 199 199 198 197 196 196 196 196 196 196 197 196
 196 196 196 196 195 195 195 196 197 197 196 196 196 196 196 196 196 195
 195 196 195 195 196 195 194 196 196 195 194 195 195 194 193 193 193 192
 191 190 149  96  95  96  85  80  82  82  83  81  81  81  80  76  75  76
  77  77  77  75  73  73  73  73  72  73  72  71  73  75  74  71  75  78
  82  82 145 202 202 198 196 198 199 200 199 199 199 198 200 200 201 201
 200 199 198 197 200 201 201 199 197 196 196 197 195 195 196 196 195 194
 194 193 193 192 190 189 189 188 188 188 187 187 185 181 179 180 180 178
 182 179 179 180 179 174 162 149 146 153 158 158 159 164 166 166 167 168
 171 173 171 168 167 169 167 168 168 168 167 167 167 168 167 169 169 168
 168 170 171 171 171 171 170 168 169 171 172 171 171 171 168 170 171 173
 173  30]"
"[ 30  28 201 199 203 199 195 198 197 195 196 197 195 191 194 199 197 195
 195 193 194 196 195 196 196 198 200 197 193 194 196 195 194 195 196 196
 195 194 194 193 195 194 194 194 195 195 195 195 192 196 195 189 195 189
 187 166 110  91  86  89  82  79  83  83  83  81  81  81  79  76  74  75
  76  75  74  74  73  74  75  75  75  72  72  73  74  73  71  71  75  81
  77  87 167 202 198 197 197 197 199 200 198 197 199 199 199 201 201 199
 197 196 196 197 198 198 200 200 197 195 196 196 195 195 195 194 194 195
 194 192 191 191 189 188 187 188 188 188 188 186 184 181 180 180 180 180
 181 181 180 179 179 178 169 156 146 153 157 159 161 160 162 167 170 168
 169 171 172 170 168 168 169 169 167 167 169 169 168 168 167 168 169 169
 169 169 170 172 172 171 170 169 170 171 172 172 172 172 171 172 171 172
 170  29]"
"[ 30  26 190 189 195 193 189 192 193 192 192 193 192 191 192 195 192 193
 199 198 196 194 193 195 196 198 201 200 198 198 199 197 194 195 196 195
 193 192 193 194 194 193 192 193 193 194 195 195 192 191 192 191 190 186
 182 140 103  92  87  84  79  80  84  81  83  80  78  78  77  74  73  73
  75  75  74  74  75  74  74  73  74  75  74  73  74  76  75  73  75  82
  81 105 181 203 198 197 195 193 196 200 199 197 198 200 200 200 200 198
 197 197 198 199 200 199 198 198 198 197 195 195 194 195 195 196 197 197
 195 193 191 190 189 188 187 188 187 186 183 182 181 180 180 181 181 181
 181 181 180 180 180 181 176 167 154 154 156 161 164 162 162 166 170 169
 168 169 170 169 168 168 169 169 167 167 168 168 167 169 169 169 169 169
 168 168 170 171 171 171 170 171 171 172 172 172 171 171 171 172 171 172
 170  29]"
"[ 30  27 178 178 183 183 180 181 183 182 182 183 184 184 184 185 179 179
 184 184 182 181 183 189 186 184 183 180 179 182 185 185 184 185 186 184
 182 182 183 185 187 186 185 184 184 184 184 184 182 179 185 185 184 179
 160 111  96  91  86  81  78  81  83  81  83  80  76  76  76  74  73  72
  75  75  75  76  76  75  73  72  74  76  75  72  73  78  79  76  75  80
  80 119 187 196 195 197 200 196 197 203 201 195 195 197 195 195 194 192
 191 193 195 196 198 198 194 195 199 199 197 197 194 194 195 195 195 194
 191 188 188 188 187 186 186 186 185 183 181 181 181 180 181 182 182 182
 182 181 181 181 180 180 178 174 161 154 156 165 169 168 168 170 168 169
 168 167 168 169 169 169 169 169 168 167 167 167 167 169 171 170 169 169
 169 169 170 171 171 171 171 171 172 172 172 172 171 171 171 173 172 172
 170  29]"
"[ 30  30 173 174 178 178 175 177 178 179 179 179 180 181 181 180 173 169
 169 170 171 172 174 179 183 181 180 179 178 179 180 178 177 178 179 178
 177 177 179 181 180 179 178 177 176 175 175 174 178 175 180 176 176 157
 121  93  93  87  81  80  81  81  82  85  83  79  75  75  76  76  74  73
  75  76  76  77  76  74  73  72  73  75  74  71  72  77  79  77  78  79
  80 128 181 178 180 182 179 177 182 189 189 188 190 194 189 189 188 187
 187 189 190 191 190 190 186 186 193 193 189 190 194 194 195 193 192 191
 189 188 185 185 185 184 184 183 183 183 181 180 180 178 178 179 179 178
 179 178 180 181 179 177 175 172 170 162 162 170 171 169 168 168 167 168
 167 166 166 169 171 170 169 169 167 166 168 167 167 170 172 171 170 170
 170 170 170 170 171 171 171 171 171 172 172 172 172 171 171 173 171 172
 170  30]"
"[ 28  31 174 177 178 180 178 180 178 179 180 180 180 181 180 179 182 177
 178 180 180 180 177 180 182 180 180 180 179 180 180 178 179 179 179 179
 179 180 180 180 177 177 178 178 178 177 177 177 179 178 176 174 166 129
  99  93  90  84  79  81  84  83  82  86  81  78  75  75  76  76  75  73
  75  76  77  77  75  73  73  74  75  75  73  72  72  74  76  77  78  79
  91 146 182 173 175 174 176 176 178 179 177 175 177 178 178 178 178 177
 178 179 179 179 178 178 174 174 178 176 172 174 174 176 176 175 173 173
 174 176 175 177 177 175 173 173 174 175 177 176 175 173 173 174 174 173
 173 173 176 178 176 173 172 171 171 166 167 171 170 168 168 166 167 168
 167 166 166 169 171 170 169 168 166 166 168 169 169 170 171 170 169 170
 170 170 169 169 170 170 170 170 170 170 171 171 172 171 170 171 169 169
 169  29]"
"[ 28  31 178 180 179 180 179 181 177 179 180 179 179 179 178 178 179 177
 179 180 179 178 176 179 182 179 178 178 178 180 182 181 179 179 179 179
 179 179 179 178 177 178 179 180 180 180 180 180 176 178 173 177 152 109
  95  92  86  84  80  80  84  85  84  83  80  79  77  76  77  77  76  75
  76  78  79  78  76  75  75  76  77  75  74  73  73  72  74  77  77  78
 105 163 185 179 181 179 177 179 181 180 177 179 181 180 178 179 179 179
 179 180 180 179 179 180 179 178 180 178 175 176 176 177 177 175 173 174
 176 179 177 178 178 175 173 173 174 176 172 172 171 171 171 172 173 173
 173 172 173 173 171 170 170 169 167 167 168 170 170 170 170 168 168 168
 168 167 168 169 170 169 168 167 165 166 169 170 169 170 169 168 168 169
 169 169 168 168 170 170 170 169 169 169 170 170 171 169 169 170 168 168
 168  29]"
"[ 29  30 180 180 179 180 179 179 179 179 180 181 180 180 179 179 180 178
 180 178 178 179 179 181 177 176 179 181 181 180 180 177 180 180 180 180
 179 179 178 178 178 178 179 179 179 178 178 178 178 178 174 163 128  97
  89  83  84  84  82  80  81  84  83  79  80  80  79  77  76  76  76  76
  76  78  79  80  79  77  76  75  75  74  73  74  73  73  75  78  80  77
 116 173 180 177 179 177 177 178 179 178 177 179 181 179 179 179 180 179
 179 179 180 179 179 179 179 179 179 178 177 177 178 178 177 175 173 173
 175 177 178 178 177 174 173 173 174 174 173 173 172 172 172 173 174 173
 173 171 171 169 167 168 169 167 169 169 168 168 170 169 167 167 168 167
 168 169 170 169 168 168 168 167 166 166 169 169 169 170 169 169 168 169
 169 168 168 168 169 170 170 170 169 169 169 169 170 168 167 169 167 167
 167  29]"
"[ 30  27 181 179 179 182 181 179 179 179 179 180 181 180 179 179 180 178
 179 178 179 181 177 176 181 179 180 181 179 180 181 180 179 180 180 180
 178 178 179 180 178 179 179 179 179 179 179 180 179 176 172 138 105  96
  84  85  83  82  82  81  81  81  80  77  79  79  79  76  74  74  75  76
  75  76  78  80  79  78  75  73  72  72  73  73  73  74  77  79  82  76
 125 183 183 181 181 179 180 179 180 180 179 181 182 180 179 180 180 179
 179 180 180 181 180 179 179 180 178 177 176 175 180 179 178 176 175 176
 177 177 178 177 176 174 173 174 174 174 174 175 174 173 173 173 172 171
 170 169 168 167 166 168 169 166 166 166 163 165 170 169 167 170 167 166
 167 170 171 170 168 168 167 168 167 167 168 168 168 170 171 170 169 169
 169 168 168 168 169 170 170 170 170 169 169 169 167 166 166 168 167 166
 166  28]"
"[ 29  28 180 180 180 180 182 182 180 181 181 179 180 181 180 178 180 179
 178 179 179 179 179 179 182 181 180 179 179 180 180 181 182 179 178 179
 178 179 179 178 179 179 179 180 181 178 177 180 180 179 151 110  91  90
  86  82  83  85  84  80  79  81  82  79  79  80  79  77  74  74  74  75
  74  73  76  80  79  76  73  70  71  72  73  74  74  75  77  80  80  89
 153 187 182 182 180 180 178 179 179 179 180 181 182 182 181 181 180 179
 179 179 180 181 179 179 178 178 179 179 179 179 179 180 179 177 176 176
 178 179 178 178 176 174 173 174 175 175 175 175 173 173 173 172 170 168
 167 166 165 166 168 169 168 165 167 165 165 167 169 167 166 167 166 166
 167 168 169 169 168 168 168 168 169 170 168 167 167 168 167 169 169 169
 169 167 166 167 168 169 169 169 168 167 167 166 167 166 163 163 166 167
 163  29]"
"[ 29  29 180 181 181 181 181 180 180 181 181 180 180 182 181 179 179 179
 178 179 179 179 180 180 182 181 180 180 179 179 180 180 178 177 178 180
 179 179 180 180 179 179 180 181 182 179 177 179 180 170 125  99  95  86
  86  83  84  85  84  81  81  82  82  81  80  80  79  77  76  76  76  76
  75  73  75  77  77  75  74  73  71  71  72  73  74  75  78  82  78 104
 163 186 178 181 180 180 180 180 180 180 180 181 181 181 180 180 180 180
 180 180 180 180 180 179 179 180 180 181 180 180 180 180 180 178 178 178
 179 179 177 177 176 175 174 174 174 173 173 172 172 171 172 172 171 169
 168 167 167 167 168 168 167 165 165 164 165 167 168 167 167 166 166 166
 166 167 169 170 169 168 167 168 169 170 169 168 167 167 168 169 168 168
 168 166 166 167 169 168 167 167 167 166 166 165 166 165 162 162 164 165
 162  29]"
"[ 29  29 181 182 182 181 181 179 180 181 181 180 180 181 181 179 180 180
 179 179 179 180 180 182 182 182 181 180 179 179 180 180 181 180 182 181
 178 176 175 174 179 180 181 182 182 180 179 178 177 148 102  94  97  88
  88  83  83  84  83  82  81  81  81  80  79  78  76  75  76  76  76  75
  75  73  74  75  75  75  76  75  74  74  74  74  74  74  76  79  80 120
 167 186 182 181 182 184 181 181 182 181 181 181 181 180 179 179 180 180
 181 180 180 180 180 179 180 181 182 181 180 179 180 179 179 178 178 178
 177 176 175 175 175 174 173 173 172 171 171 170 169 169 170 171 170 169
 167 168 167 167 167 167 166 165 163 164 165 166 167 168 167 166 165 164
 163 165 168 169 168 167 166 166 167 169 169 168 167 167 168 169 167 166
 167 166 165 167 170 168 166 165 165 165 164 163 163 163 162 161 162 162
 160  29]"
"[ 29  29 181 182 182 181 181 180 180 180 180 179 179 179 179 178 180 180
 180 180 179 179 179 181 180 181 181 180 178 178 179 181 179 179 181 181
 178 178 178 176 179 180 182 181 180 181 180 178 161 117  97  96  93  92
  86  81  82  81  81  81  81  80  80  80  80  79  79  78  79  80  79  77
  76  74  74  75  74  75  76  76  76  74  74  75  75  73  74  75  88 143
 178 186 183 180 180 181 181 182 182 182 181 181 181 180 180 180 180 180
 180 180 180 180 180 179 180 181 181 181 178 176 178 179 178 178 177 176
 175 173 173 174 173 173 173 172 171 170 170 168 167 167 168 168 167 167
 166 166 166 165 166 166 166 165 163 165 166 166 167 168 168 166 164 163
 163 164 166 167 167 166 164 165 166 168 169 168 168 168 167 167 166 165
 166 165 165 167 168 166 165 164 164 163 163 163 162 162 162 162 162 161
 160  30]"
"[ 29  29 180 181 181 181 181 181 181 181 180 179 179 179 179 178 179 179
 179 179 179 178 178 179 180 181 181 180 178 178 179 181 179 179 180 180
 179 180 181 179 179 180 182 180 179 181 180 173 131  97  98  96  89  90
  81  80  83  81  81  82  82  80  80  80  81  81  81  81  81  81  79  78
  76  74  75  75  74  75  75  74  71  69  70  73  75  74  73  73  93 165
 189 183 178 179 181 178 180 181 182 181 181 181 181 181 181 181 180 180
 180 179 179 179 179 179 179 180 181 180 177 175 177 178 179 178 176 175
 174 173 173 173 173 172 172 173 172 171 169 167 166 167 168 167 166 166
 166 165 164 164 165 167 167 166 164 166 167 166 167 168 167 166 165 165
 164 164 165 165 165 165 165 165 165 167 168 168 167 167 166 166 165 165
 166 165 164 166 163 164 163 163 162 161 161 162 161 162 162 162 161 159
 159  30]"
"[ 29  28 179 179 179 180 181 181 182 182 181 181 180 179 179 180 178 178
 179 180 180 180 180 181 182 182 183 181 179 179 180 181 181 181 180 179
 177 178 179 177 179 179 181 180 179 180 173 158 105  97  96  93  89  85
  79  83  82  81  80  81  81  81  80  80  80  81  81  81  81  80  78  76
  76  74  75  75  74  75  75  72  68  66  67  72  75  74  73  74 109 174
 186 181 178 180 181 179 179 180 181 180 180 180 181 181 181 181 180 179
 179 179 179 179 179 178 178 179 180 179 178 176 175 176 177 176 175 175
 174 173 172 172 171 171 171 172 171 170 169 167 166 167 168 168 166 166
 166 165 164 164 166 168 168 167 166 166 166 166 166 167 166 166 164 164
 164 164 164 163 163 163 165 164 164 165 166 165 165 164 165 165 164 165
 166 165 164 165 160 161 162 162 160 159 160 160 161 162 161 160 159 157
 156  28]"
"[ 29  28 178 178 178 178 180 180 182 181 181 181 180 179 180 181 179 179
 179 180 181 181 181 182 182 182 182 181 180 179 180 181 178 179 179 177
 175 177 180 179 180 178 180 179 179 176 158 133  97  98  92  89  89  83
  81  84  82  81  80  80  81  81  81  80  81  81  80  80  82  82  80  77
  77  75  75  74  74  76  76  72  71  68  69  72  74  74  77  81 135 181
 180 180 180 179 176 177 179 180 181 180 179 180 181 181 181 180 180 179
 178 179 179 179 178 178 178 178 178 178 177 176 174 174 174 174 174 174
 173 172 171 171 170 170 170 171 170 168 168 166 165 167 169 167 166 166
 166 166 166 165 166 167 166 166 166 165 164 165 165 165 165 165 163 162
 162 163 163 163 162 162 163 162 162 163 163 162 162 162 164 165 164 164
 165 163 162 163 160 161 162 162 161 160 160 160 161 160 158 156 156 155
 155  28]"
"[ 29  28 178 177 177 177 179 180 180 180 179 179 179 178 179 180 180 179
 178 179 180 180 180 181 179 180 180 179 178 177 178 179 178 179 180 178
 175 177 180 180 180 178 179 179 178 172 146 112 100  94  89  87  85  83
  81  80  82  82  80  80  80  82  81  80  78  77  76  77  80  81  80  77
  79  77  75  75  75  78  78  74  73  71  71  74  75  77  83  90 145 185
 180 178 178 181 179 180 179 180 181 179 179 179 181 181 180 180 179 179
 179 179 179 179 178 178 177 177 177 176 176 175 175 174 173 172 173 174
 173 171 172 171 170 170 170 170 169 167 167 165 165 167 168 166 164 164
 165 166 167 166 165 165 165 164 166 163 162 163 164 164 164 164 162 162
 161 162 164 165 163 162 160 161 161 163 163 162 161 161 164 164 162 162
 163 162 160 161 162 162 162 162 162 161 160 160 161 158 155 154 154 154
 156  29]"
"[ 28  29 179 179 180 179 180 181 179 178 180 181 179 179 180 180 180 179
 179 179 179 180 180 180 180 179 179 179 179 179 179 178 180 182 180 177
 177 181 183 182 179 179 178 178 178 169 119 102 100  95  90  87  85  83
  82  81  84  82  80  80  82  83  83  82  82  78  76  77  78  78  79  81
  81  80  79  78  78  79  78  75  74  73  71  76  75  77  90  96 159 181
 180 179 180 177 181 178 178 179 180 180 180 181 182 181 179 179 179 179
 179 180 179 178 180 179 178 177 175 175 175 175 174 173 172 172 172 172
 171 169 169 169 169 168 168 168 167 167 166 165 165 165 166 166 165 164
 165 166 167 166 164 162 162 162 164 163 163 163 162 162 162 161 162 162
 162 162 162 162 161 161 162 162 162 162 162 161 161 160 161 161 161 162
 162 161 160 160 161 161 161 161 160 160 159 158 158 155 154 153 155 154
 153  29]"
"[ 29  29 179 178 179 179 179 180 176 176 178 180 179 178 178 177 179 179
 178 179 179 180 180 181 180 179 179 178 178 179 179 178 181 181 180 177
 177 180 181 181 178 180 178 175 173 143 103  95  96  96  94  90  84  81
  80  82  81  82  82  83  83  83  83  82  81  79  78  78  78  79  79  80
  80  81  81  81  81  80  78  74  74  74  74  75  79  82  85 115 168 179
 178 178 180 178 180 179 179 180 180 180 179 179 179 180 179 179 179 178
 178 178 178 177 176 175 175 175 174 174 174 174 173 172 171 171 172 172
 171 170 168 168 168 168 168 167 167 167 167 166 166 166 166 165 165 164
 164 164 165 164 163 163 163 163 164 163 163 162 162 162 162 162 163 162
 162 161 161 161 161 161 161 161 162 162 161 160 160 159 159 159 159 160
 160 159 158 158 158 159 159 158 157 156 155 156 156 155 155 154 154 154
 153  29]"
"[ 29  30 179 179 180 180 180 181 177 176 178 180 179 178 179 178 180 180
 180 180 180 180 181 182 180 180 179 178 178 179 178 178 179 178 176 176
 176 177 178 178 177 177 179 176 156 117  94  93  92  91  89  87  84  81
  79  79  80  82  85  85  84  82  82  82  81  80  79  78  78  80  80  79
  79  80  81  82  81  80  77  74  74  75  76  74  80  84  77 137 181 178
 177 179 180 179 179 180 179 180 181 181 179 176 177 179 178 178 178 177
 177 177 176 175 172 172 173 173 173 173 173 173 172 171 171 171 171 171
 171 170 168 168 169 169 169 168 167 167 166 166 166 166 165 164 163 162
 162 162 162 162 162 162 163 163 165 164 162 161 161 162 163 164 164 163
 162 160 160 160 160 160 160 161 162 162 161 160 160 160 158 158 159 160
 160 158 158 157 157 158 158 156 154 153 153 154 154 154 155 154 154 153
 152  29]"
"[ 29  29 179 179 181 181 182 182 180 178 179 180 178 179 180 181 181 181
 181 180 180 180 180 181 180 180 179 179 179 179 178 178 179 177 176 177
 179 179 179 180 179 176 180 173 129 103  95  95  92  89  87  87  87  86
  83  81  82  84  87  86  84  81  80  80  80  81  79  76  77  80  81  80
  79  80  81  81  80  79  77  76  80  79  81  78  81  83  80 155 188 178
 178 179 179 180 178 180 180 179 180 181 179 176 177 179 177 178 177 176
 176 176 175 174 171 172 172 173 173 173 172 172 171 171 171 171 171 171
 170 169 168 168 169 169 168 167 166 165 164 164 165 165 165 163 162 161
 162 162 162 161 162 162 161 161 164 163 162 161 161 162 163 164 164 163
 162 160 159 159 159 159 159 160 162 162 161 159 159 159 159 159 160 161
 160 159 158 157 157 157 156 155 154 153 153 153 153 153 153 152 153 152
 152  29]"
"[ 29  29 179 179 181 181 181 182 181 179 180 180 178 178 180 180 181 181
 181 180 179 179 179 179 180 180 180 180 180 180 179 178 178 176 176 178
 179 179 179 180 180 178 178 153 108  96  95  96  91  90  89  89  87  86
  85  85  86  86  86  85  83  81  79  79  81  81  79  75  75  80  82  80
  80  81  83  84  83  81  80  80  82  81  81  79  77  78  95 164 186 177
 179 179 177 181 179 179 179 177 177 179 179 177 177 178 176 177 177 176
 175 175 175 174 173 172 172 172 172 172 171 170 170 170 171 171 171 170
 169 168 167 167 167 167 166 165 164 163 162 163 164 165 165 164 162 162
 162 162 162 162 162 162 161 161 163 162 161 160 160 161 162 162 162 162
 161 160 160 159 158 158 158 159 160 160 159 158 158 158 159 159 160 160
 160 158 157 156 156 155 154 154 154 153 152 151 153 152 151 150 152 152
 151  29]"
"[ 29  29 179 179 181 180 180 180 180 179 181 182 180 179 179 178 180 181
 181 180 179 179 180 180 181 181 180 181 181 180 179 178 178 176 176 178
 179 178 178 179 178 179 167 123 102  93  93  96  93  90  87  86  86  85
  83  82  85  84  83  82  81  80  79  78  81  82  79  75  75  79  81  80
  80  82  84  86  85  83  82  82  81  79  79  78  74  78 119 171 180 176
 179 178 176 180 179 178 178 176 175 176 178 177 176 176 175 176 176 175
 175 175 174 174 173 172 172 172 172 171 170 168 169 170 170 171 171 170
 168 167 167 167 167 166 165 164 163 162 161 162 163 164 164 164 163 162
 162 162 163 163 163 162 162 162 163 162 162 161 161 161 161 161 160 160
 160 160 160 159 158 157 158 158 159 158 158 157 157 158 158 157 157 157
 157 155 154 154 155 154 153 153 154 154 152 151 153 151 151 149 151 151
 151  28]"
"[ 29  29 179 179 181 180 179 179 180 179 181 182 180 179 179 179 180 180
 181 181 180 180 181 182 182 181 181 180 180 180 180 179 180 180 180 181
 181 180 180 180 178 176 148 105 101  95  94  95  95  90  85  85  87  86
  83  81  82  81  80  80  80  80  79  79  81  81  80  77  77  79  80  80
  80  81  83  85  84  82  81  81  82  81  82  77  77  85 144 179 177 177
 179 177 175 177 178 177 178 177 175 175 176 176 176 174 174 175 175 175
 174 173 173 172 172 171 171 171 172 171 169 167 168 168 169 169 169 168
 168 167 167 167 166 166 165 164 163 163 162 162 161 162 162 163 162 162
 161 162 162 162 162 161 162 162 163 162 161 160 160 159 159 160 158 158
 159 159 159 158 157 157 158 158 158 157 157 157 158 158 156 155 155 155
 154 153 153 153 154 153 152 152 153 153 152 151 152 151 151 150 151 150
 151  29]"
"[ 28  29 180 180 182 181 180 179 180 179 180 181 179 179 180 180 179 180
 181 180 180 180 181 182 183 182 180 179 179 180 180 180 177 178 179 179
 179 179 178 178 180 172 133 104  98  96  95  91  88  87  85  84  82  81
  81  81  81  81  81  81  81  81  81  80  80  81  80  79  79  80  80  80
  81  81  81  82  81  80  80  81  80  81  83  72  77  88 156 181 178 180
 179 178 176 176 177 177 178 178 177 175 175 176 175 173 174 175 175 174
 173 172 172 171 171 171 171 172 172 171 169 167 167 167 167 167 167 167
 168 168 166 166 165 165 164 164 163 163 163 162 160 160 160 161 161 161
 160 161 161 161 160 160 161 162 162 161 160 158 158 157 157 157 157 157
 158 158 158 158 157 157 158 157 156 156 156 156 157 157 155 154 154 154
 153 153 153 153 153 153 152 151 151 151 151 151 151 151 152 151 151 150
 150  29]"
"[ 30  28 179 179 181 181 180 178 179 180 180 181 181 180 180 179 178 180
 179 178 179 181 183 183 182 181 181 180 180 179 179 180 179 179 179 179
 179 176 182 178 179 149 113 102  96  93  90  89  86  86  85  83  81  80
  81  82  82  81  81  82  82  81  79  79  79  80  80  79  78  79  80  80
  81  81  81  82  82  81  81  81  79  82  81  79  76 108 165 179 178 178
 178 179 178 177 176 176 176 175 174 175 175 175 174 173 175 174 173 174
 174 172 171 170 171 170 170 170 171 171 170 169 168 166 166 168 169 167
 166 168 167 166 166 166 166 164 163 162 161 161 160 159 159 160 161 162
 159 161 162 161 160 160 161 161 162 161 159 158 158 158 157 157 157 158
 158 158 157 157 157 158 159 156 154 155 156 156 157 158 155 154 153 154
 154 153 152 152 155 154 151 149 147 147 149 151 151 152 153 151 151 152
 151  27]"
"[ 30  28 179 179 180 180 181 179 179 179 180 180 180 179 179 179 178 179
 179 178 178 180 182 182 182 181 181 181 181 181 181 181 180 179 179 180
 181 178 178 179 171 132 109  98  93  93  91  90  89  87  85  84  82  82
  82  82  82  81  81  81  81  80  79  79  81  82  81  80  79  80  80  79
  78  78  79  81  82  81  81  81  80  82  82  80  80 122 174 181 179 178
 178 179 179 178 177 177 175 174 174 174 175 176 175 174 174 174 173 173
 171 170 170 171 168 168 167 167 168 167 166 165 167 165 165 167 166 163
 161 162 162 163 164 165 165 164 163 163 161 161 160 158 158 159 160 160
 160 161 161 161 160 160 160 160 160 159 158 157 156 156 157 158 158 158
 158 158 157 157 157 158 158 156 154 154 154 153 154 155 154 154 154 154
 154 153 151 149 147 146 145 144 144 145 146 148 150 150 150 148 149 150
 152  30]"
"[ 29  28 179 180 180 180 181 180 179 179 179 179 179 179 178 178 178 178
 178 177 178 179 181 181 180 179 179 180 181 181 181 181 181 180 179 180
 181 179 175 176 155 112 104  95  90  94  93  92  89  86  83  83  83  82
  81  81  81  81  81  81  81  80  79  79  81  82  81  81  81  81  81  80
  75  76  78  80  81  81  81  82  81  82  83  80  84 139 181 178 178 177
 176 177 178 178 177 176 174 174 174 174 175 175 175 174 174 173 172 171
 169 168 170 172 168 167 166 166 166 166 165 164 164 163 164 166 165 162
 160 161 161 162 164 165 164 162 160 160 160 160 160 159 158 159 159 159
 160 160 160 160 160 160 159 158 158 158 157 156 154 154 156 158 158 158
 157 157 156 156 157 157 156 155 154 154 152 152 152 153 152 153 152 151
 151 150 148 145 146 146 146 147 147 147 147 147 148 146 147 146 147 148
 150  30]"
"[ 29  29 180 180 180 180 180 180 178 178 179 179 179 179 178 177 178 178
 178 178 178 179 180 181 179 178 178 180 181 181 180 180 181 181 180 178
 180 178 175 164 133 101 100  94  88  93  92  92  87  83  81  82  83  82
  81  81  81  82  82  82  81  81  80  79  81  82  82  82  82  82  80  79
  76  77  78  80  81  81  81  82  83  83  85  80  88 151 182 174 178 177
 176 177 177 176 175 174 175 175 174 174 174 174 173 172 172 171 170 169
 167 167 169 171 169 168 167 167 167 166 165 164 163 163 164 166 165 163
 162 163 163 162 163 163 162 160 159 158 159 160 160 159 159 159 160 159
 159 159 159 159 159 159 158 158 158 158 156 155 153 153 155 156 156 156
 155 155 154 155 155 155 155 154 153 153 153 152 152 152 152 152 150 147
 147 148 148 145 146 146 146 147 148 148 147 145 146 145 146 146 147 146
 148  28]"
"[ 29  29 181 181 181 180 180 179 178 178 179 180 180 179 178 177 178 178
 178 178 178 179 180 181 181 180 180 181 181 180 180 180 179 180 179 176
 178 178 176 147 111  99  95  94  88  91  89  89  85  82  80  82  83  82
  81  81  81  83  84  83  83  82  81  80  82  82  83  83  83  81  78  77
  79  79  79  80  81  81  82  82  84  85  87  82  98 161 182 174 179 178
 178 178 177 175 175 175 175 175 174 173 173 172 172 171 171 169 167 167
 167 168 168 169 169 168 167 167 166 165 164 163 167 166 165 165 164 162
 162 163 162 160 159 160 160 160 160 159 159 159 159 159 159 159 159 159
 158 158 159 160 159 159 159 159 159 157 155 154 154 154 155 155 155 155
 154 154 153 154 154 154 154 153 152 152 153 154 153 151 152 152 150 147
 146 148 148 147 145 145 145 147 148 149 148 146 147 145 146 146 146 146
 148  29]"
"[ 29  29 181 181 181 180 180 179 178 178 179 180 180 179 179 178 179 179
 179 179 180 180 181 183 183 182 182 182 181 180 179 179 178 179 179 177
 178 177 165 129 100 101  93  94  89  88  87  86  83  82  81  81  82  82
  81  79  81  83  85  84  83  82  82  81  81  81  82  83  83  81  79  78
  81  80  80  81  81  82  82  83  83  85  86  87 115 170 182 177 179 178
 178 178 176 174 174 174 174 174 173 173 172 172 171 171 171 168 166 166
 168 168 168 167 167 167 166 166 165 164 163 163 166 165 164 163 162 161
 161 162 161 159 157 157 158 159 159 159 158 159 158 158 158 158 158 157
 157 156 157 159 159 158 158 160 157 156 154 154 156 156 156 154 155 155
 154 154 154 153 153 153 153 152 150 150 152 153 152 149 150 150 150 148
 147 147 148 147 149 148 147 148 148 149 148 147 147 145 146 145 146 147
 149  30]"
"[ 29  29 180 180 180 180 180 180 179 179 179 179 179 179 179 179 180 179
 180 181 181 181 182 184 182 182 182 182 181 180 180 181 181 180 180 180
 177 173 140 114 100  99  91  92  90  87  86  83  81  81  81  80  82  84
  82  78  81  84  85  83  82  82  82  82  81  80  81  83  83  82  81  82
  81  81  81  81  81  81  81  82  82  84  83  91 134 177 180 178 178 177
 176 176 175 174 173 173 174 174 173 172 172 171 171 171 171 168 166 166
 167 167 166 166 166 166 166 165 164 164 163 163 163 162 162 161 161 161
 161 161 160 159 158 157 157 156 157 157 158 158 158 157 157 157 157 157
 156 155 155 158 159 158 157 158 155 154 154 155 157 157 156 154 155 154
 154 154 154 153 153 152 152 151 150 149 150 152 151 149 149 149 149 148
 146 146 147 148 149 148 147 146 146 146 145 145 146 146 148 147 149 150
 151  29]"
"[ 29  28 179 179 180 180 181 181 179 179 179 179 179 179 180 180 181 180
 180 181 181 181 182 184 180 181 182 182 181 181 182 184 185 182 180 183
 176 169 118 103 103  94  90  88  89  85  86  81  81  82  81  81  84  87
  84  79  81  84  84  82  80  81  82  82  84  83  83  83  82  80  80  82
  82  81  81  82  81  80  80  80  82  83  81  94 146 182 178 178 178 176
 175 175 175 174 173 172 174 174 173 172 172 171 171 171 171 168 167 166
 167 167 166 165 165 165 165 165 164 163 163 163 162 162 162 162 162 161
 160 159 158 158 159 159 157 156 157 158 157 157 157 156 157 158 158 158
 157 155 155 158 159 158 157 158 154 154 154 155 157 157 156 154 154 154
 153 153 154 153 152 151 151 151 150 148 149 151 151 149 151 150 149 147
 145 145 147 151 148 148 147 146 147 147 147 147 146 148 152 152 154 155
 153  29]"
"[ 30  29 180 180 181 181 181 179 181 181 181 181 181 181 180 179 178 179
 181 183 183 183 182 182 180 181 182 182 181 182 183 184 182 184 184 181
 171 146 105 102  96  92  89  89  88  84  82  82  81  80  81  83  86  88
  87  86  82  82  81  80  82  83  83  83  84  82  81  80  78  77  79  82
  82  81  80  81  81  81  81  81  81  85  81 110 171 181 175 178 176 176
 174 175 174 172 173 172 172 173 173 172 172 172 171 170 171 169 167 166
 166 165 165 165 166 165 164 165 164 163 162 162 161 161 161 161 160 158
 157 157 157 157 159 160 159 157 157 158 154 156 158 158 157 157 156 154
 152 152 154 156 157 157 156 155 153 153 153 154 156 157 156 154 155 154
 153 153 154 154 153 151 152 150 150 152 153 153 152 151 152 152 150 148
 146 147 149 151 150 149 148 146 147 149 149 147 150 150 153 158 160 159
 165  28]"
"[ 29  29 180 180 181 182 181 179 183 182 182 182 182 181 181 180 180 180
 180 181 182 182 183 182 182 183 182 182 181 182 182 182 182 182 179 179
 162 127  99  97  98  94  90  88  86  81  79  79  83  82  81  82  84  85
  86  86  85  84  83  82  83  84  84  83  82  82  82  83  82  80  81  82
  81  80  80  80  81  82  84  85  88  82  82 123 176 178 173 176 177 177
 175 176 175 172 172 171 172 172 172 172 172 172 172 171 169 169 168 168
 166 165 165 165 164 163 162 163 165 164 163 162 161 161 161 161 159 157
 156 155 155 155 156 157 157 157 158 160 156 158 158 157 157 156 155 153
 155 155 156 158 158 157 157 157 155 154 153 154 158 160 158 155 156 155
 154 153 154 154 154 153 154 153 154 155 156 155 154 153 154 154 154 152
 150 151 152 153 152 153 153 152 151 152 152 151 152 153 157 160 163 162
 168  29]"
"[ 28  29 181 181 182 182 181 179 182 181 180 181 181 180 179 179 181 180
 180 180 181 182 182 182 183 183 182 182 182 182 181 180 179 180 180 178
 148 104  94  97  97  93  90  88  86  83  81  82  84  83  83  82  83  84
  85  86  87  87  86  85  86  86  85  84  82  82  83  83  82  81  81  81
  80  80  80  81  82  83  85  87  84  74  83 140 181 177 176 178 178 178
 176 177 177 174 174 173 174 174 173 172 171 171 170 169 169 169 169 169
 167 165 165 166 163 161 161 163 165 165 163 162 162 161 161 161 160 158
 157 156 155 155 157 158 158 158 159 161 159 160 160 159 158 157 157 156
 159 159 160 160 160 159 158 159 158 157 156 157 161 162 161 158 161 160
 160 160 160 160 159 159 158 158 158 159 159 157 156 156 155 156 156 154
 153 153 153 153 153 154 155 155 153 153 153 153 153 156 159 161 163 164
 169  29]"
"[ 29  29 181 182 182 182 181 179 181 179 179 181 181 179 178 179 180 180
 181 181 182 181 181 181 183 183 183 182 182 182 182 181 187 181 180 171
 142 103 100  96  93  91  89  89  87  86  86  87  83  83  84  84  84  84
  85  86  88  88  88  87  88  88  88  86  83  83  82  81  80  80  80  81
  80  80  80  82  82  82  83  84  80  74  93 160 180 178 178 176 178 177
 175 176 176 174 174 173 172 172 172 171 171 172 172 172 169 169 169 169
 168 166 165 166 164 163 162 164 166 166 164 163 162 162 162 163 162 161
 160 159 158 159 162 164 163 161 160 161 162 163 163 162 162 162 162 162
 162 162 161 162 161 160 160 160 161 161 161 161 161 161 161 162 161 161
 162 163 162 161 160 160 161 159 158 158 158 158 157 157 154 155 155 154
 153 153 152 152 152 153 154 154 153 153 152 153 153 157 160 161 163 165
 170  28]"
"[ 29  30 181 181 181 181 181 179 181 180 180 182 182 181 180 181 180 181
 182 182 181 180 181 182 182 183 184 183 183 183 182 181 178 179 186 157
 120  92  95  95  91  90  89  89  87  86  85  86  83  84  85  85  84  84
  85  86  87  88  88  88  88  89  88  87  84  84  83  82  81  82  83  84
  82  80  79  80  81  81  81  81  81  75 101 173 179 180 180 178 180 179
 176 176 176 174 175 174 173 173 173 172 172 172 171 171 170 169 167 168
 168 168 168 167 168 167 167 168 168 167 166 166 164 163 163 164 165 164
 163 163 164 165 167 168 167 164 162 163 164 164 164 164 165 165 165 165
 164 162 161 162 162 162 161 161 162 162 162 162 161 160 160 161 160 161
 161 161 161 160 160 160 161 158 156 154 155 156 156 155 153 154 154 153
 152 152 152 152 153 153 152 153 153 153 153 153 155 160 162 162 164 166
 171  30]"
"[ 29  29 180 180 180 180 181 180 180 180 181 181 182 182 182 181 182 182
 182 181 180 180 182 184 183 184 185 185 184 183 182 182 183 184 185 142
 110  98  95  92  90  89  89  89  87  85  84  84  83  83  83  82  82  82
  84  85  87  87  87  87  87  87  87  86  83  83  84  84  85  86  86  86
  84  81  78  78  79  80  81  81  81  73 107 177 178 179 180 179 178 178
 176 177 177 176 178 178 175 175 174 173 172 172 172 172 174 172 170 170
 172 172 172 172 171 171 172 172 171 169 170 171 169 167 167 167 167 167
 166 166 168 167 168 168 167 164 164 165 164 163 163 164 165 165 165 164
 163 162 161 162 163 162 162 161 162 159 158 160 162 161 159 158 161 161
 160 159 158 158 159 160 160 158 155 153 154 155 155 154 152 152 152 151
 151 152 153 153 153 151 150 151 152 152 152 152 155 159 162 163 165 166
 171  29]"
"[ 29  29 180 180 180 181 183 182 181 182 182 181 182 183 183 181 184 183
 182 181 181 182 184 185 184 185 186 186 185 185 183 182 180 183 176 126
  97  94  93  92  90  89  89  89  88  86  84  83  83  83  82  83  83  84
  85  86  87  88  87  87  86  87  87  87  84  85  86  86  86  87  87  86
  84  82  79  79  80  80  81  82  81  78 125 180 181 179 183 179 178 180
 179 181 181 180 182 182 178 178 177 176 177 179 180 181 179 177 175 175
 175 175 175 175 174 174 174 173 172 171 172 173 172 170 168 168 168 168
 167 167 167 166 167 167 166 164 165 166 164 162 162 164 166 165 163 161
 161 161 162 162 162 161 161 162 161 158 157 160 162 161 159 158 158 158
 158 157 157 156 157 157 157 158 157 155 154 155 155 154 152 152 151 150
 150 151 152 152 152 150 148 150 151 152 152 152 154 158 162 164 166 166
 170  28]"
"[ 29  30 181 181 182 183 185 185 183 185 185 183 183 186 185 182 185 184
 182 183 184 185 184 183 186 186 186 186 187 187 185 182 182 179 160 113
  95  98  95  90  91  90  89  88  87  85  83  81  82  83  84  86  88  88
  88  87  88  88  88  87  87  88  88  88  88  89  88  87  87  88  87  86
  83  82  82  82  82  81  81  81  75  84 144 186 189 188 195 187 190 192
 191 193 191 189 190 190 190 189 186 183 182 182 183 184 182 180 178 177
 176 175 175 175 176 175 174 173 172 171 171 172 172 169 167 167 167 167
 166 166 164 165 166 168 167 164 164 165 164 162 162 164 166 165 162 160
 160 161 162 163 161 159 160 162 159 158 159 161 161 159 158 159 158 158
 159 160 159 158 157 156 154 157 158 156 154 154 154 153 154 154 152 151
 151 151 152 152 152 150 150 151 153 153 153 154 155 158 163 166 168 167
 171  30]"
"[ 30  29 183 184 185 187 185 186 186 188 188 187 185 185 186 187 184 184
 184 184 184 184 184 184 187 186 185 187 186 190 184 183 186 179 138  99
  98  91  93  94  93  95  91  88  89  83  79  84  86  85  84  84  88  92
  91  87  89  87  87  90  91  89  89  91  92  89  87  87  87  86  87  88
  86  83  82  83  82  81  82  85  78  93 165 198 193 196 199 195 195 194
 193 193 193 192 190 188 190 190 189 186 185 186 187 187 183 181 179 179
 179 178 176 176 175 173 174 174 172 171 172 171 171 171 171 170 168 167
 166 166 166 167 168 168 167 165 164 163 164 162 161 162 163 163 161 160
 161 161 162 162 162 161 161 162 161 161 161 160 160 160 159 159 161 160
 160 161 161 160 157 155 156 157 157 156 155 154 154 153 154 154 153 152
 150 150 151 153 154 151 150 152 153 152 153 155 157 159 160 162 166 167
 172  30]"
"[ 29  28 184 184 184 185 183 183 182 184 186 187 187 187 186 185 188 187
 186 186 185 185 185 185 185 186 186 188 188 191 186 186 186 162 113  92
  95  92  92  91  91  93  90  88  88  83  79  83  86  85  83  84  88  93
  93  90  89  89  90  92  92  90  89  90  93  92  90  88  87  87  88  88
  87  86  86  85  84  84  85  86  84 105 177 203 195 196 196 192 195 194
 193 192 191 190 190 189 188 189 188 186 185 186 186 185 183 181 180 180
 180 179 178 178 175 173 174 174 173 172 172 171 171 171 170 171 170 168
 167 166 165 166 167 167 167 166 165 165 164 162 161 161 162 162 161 161
 161 161 161 161 160 159 159 160 160 160 160 160 160 160 160 161 160 160
 160 161 161 160 158 156 155 156 157 156 156 155 155 154 153 154 154 153
 152 151 152 153 154 152 151 153 154 153 154 156 156 158 160 162 165 167
 171  29]"
"[ 28  28 188 188 188 188 186 187 187 188 190 192 193 193 191 190 188 188
 188 189 191 193 194 194 195 197 195 195 196 199 198 200 195 152 101  97
  98  96  92  90  92  94  91  89  89  84  81  84  85  84  83  85  89  92
  92  89  88  91  93  93  92  90  89  89  91  93  92  89  87  88  88  86
  88  89  88  86  85  85  86  85  79 110 183 200 195 195 197 195 195 195
 194 192 190 189 189 190 189 189 188 186 186 187 186 184 182 181 181 181
 180 180 179 180 177 175 175 175 174 174 174 172 172 171 170 172 172 170
 168 166 167 167 167 167 167 167 167 167 166 164 162 162 162 161 161 162
 162 162 162 162 161 160 159 160 161 161 161 161 160 161 162 163 160 160
 160 161 161 160 159 157 157 158 158 157 157 157 157 156 153 154 155 155
 153 152 153 154 153 152 152 154 154 154 155 156 157 159 161 163 166 167
 171  29]"
"[ 29  29 195 195 195 197 196 197 203 202 202 202 203 203 203 203 209 207
 205 204 203 203 201 200 201 204 202 201 200 202 205 206 178 125  92  96
  95  95  90  91  93  94  92  91  90  86  83  85  83  84  85  86  88  89
  88  85  88  91  93  92  90  89  88  88  90  93  94  92  89  88  87  86
  89  89  88  86  85  84  84  83  80 123 192 200 196 195 196 196 195 195
 195 193 191 189 190 191 190 190 188 187 187 188 186 184 181 181 181 182
 181 179 179 179 179 176 176 176 175 175 174 173 172 171 171 172 173 171
 169 167 170 169 168 167 167 168 167 167 167 165 164 163 162 161 162 163
 163 162 162 162 162 161 161 161 162 163 162 161 160 160 161 162 160 160
 160 160 161 161 160 159 160 159 158 158 158 158 157 155 154 154 154 154
 154 154 154 154 153 152 153 153 154 154 155 157 158 161 163 164 167 167
 171  29]"
"[ 29  30 200 201 201 203 204 206 210 208 206 205 205 205 207 209 204 203
 203 204 206 207 207 206 202 206 206 205 203 203 206 201 163 111  99  98
  95  93  87  90  90  90  90  89  88  86  84  84  83  85  87  87  87  86
  86  85  88  90  92  90  88  87  88  89  93  94  95  94  91  88  88  90
  92  89  88  88  86  83  83  84  79 136 196 198 196 195 195 195 196 195
 195 194 193 192 191 190 191 190 188 186 186 187 186 184 183 183 183 183
 182 180 180 180 179 176 176 176 175 175 174 172 172 171 171 172 172 171
 170 169 172 170 169 167 167 167 167 167 166 165 164 163 162 162 163 164
 163 162 162 162 162 161 161 161 162 162 162 161 159 159 159 160 160 160
 160 160 161 161 160 160 160 159 158 157 157 157 156 154 155 154 153 153
 154 155 154 153 153 153 153 153 153 154 156 158 160 162 164 165 167 168
 171  29]"
"[ 29  29 203 203 203 205 206 208 210 208 206 206 205 204 206 209 209 208
 207 207 208 208 208 207 207 209 208 205 203 204 208 193 137  95  98  93
  94  93  90  91  88  88  88  88  88  87  87  86  85  86  86  85  84  85
  87  89  90  90  90  89  87  87  89  90  96  95  94  94  91  89  90  93
  93  90  89  89  88  84  83  84  79 147 195 196 195 196 195 194 196 195
 195 195 194 193 192 191 192 192 190 187 185 186 186 185 184 185 185 186
 184 182 181 182 179 177 177 178 176 175 175 173 173 172 172 172 172 171
 171 171 171 170 169 168 167 167 167 167 164 163 163 163 163 163 164 165
 163 162 161 162 162 161 161 162 161 162 162 161 160 160 160 161 160 160
 160 160 160 160 160 160 159 158 157 157 157 158 157 155 157 154 152 152
 154 155 154 153 154 154 154 154 155 156 158 159 160 162 163 164 167 168
 171  29]"
"[ 30  29 205 206 206 207 208 209 212 209 208 209 209 208 209 210 213 212
 210 209 208 208 209 209 210 207 206 204 202 205 206 178 118  92  98  94
  95  90  90  87  89  88  89  89  88  89  89  88  87  86  86  85  85  86
  89  92  91  90  89  89  88  87  88  90  96  96  95  94  92  91  91  92
  89  88  88  88  87  85  82  81  97 170 200 197 196 196 195 194 195 195
 195 195 195 194 193 192 193 194 192 188 186 186 187 187 186 186 186 186
 185 182 181 180 180 178 179 180 178 176 175 174 174 172 171 172 173 172
 171 171 171 171 170 169 168 167 167 167 163 163 163 165 165 165 164 165
 165 164 163 163 163 162 162 162 162 162 162 162 162 161 161 162 160 160
 160 159 159 160 160 160 159 158 158 157 158 159 158 157 157 156 154 153
 154 154 154 154 154 154 154 155 156 158 160 160 161 161 162 163 166 168
 171  28]"
"[ 29  29 207 209 210 210 210 211 211 208 206 208 209 208 207 208 212 211
 209 207 206 207 209 210 207 205 207 208 206 207 201 162  96  85  92  94
  96  90  95  90  90  89  89  89  87  88  89  87  89  88  87  87  88  89
  92  94  92  89  89  90  89  87  87  89  95  97  98  96  95  94  92  89
  84  85  86  85  85  84  81  78 111 184 201 196 194 195 196 196 194 195
 195 195 195 194 194 193 193 194 193 190 186 186 187 187 186 186 186 186
 184 181 178 177 179 178 179 180 178 176 175 174 175 172 171 172 174 174
 172 170 172 172 172 171 169 168 167 167 164 164 165 166 166 166 165 164
 166 164 163 163 163 162 162 162 162 162 162 162 162 162 161 161 160 160
 160 159 159 159 160 160 158 158 158 157 157 158 158 157 157 157 156 154
 154 154 154 155 154 154 154 155 157 159 160 160 161 162 162 163 167 169
 172  29]"
"[ 29  28 207 209 210 212 212 214 212 210 210 212 211 207 205 206 211 211
 208 207 208 208 208 211 210 208 206 209 204 211 186 137  85  87  92  96
  95  94  93  91  90  88  88  88  86  86  87  87  87  87  86  85  87  90
  92  92  90  92  91  88  88  89  90  91  95  96  97  97  97  96  93  89
  84  84  89  83  84  82  83  75 121 192 201 196 196 197 195 196 196 196
 197 197 196 195 194 194 194 192 190 190 189 188 187 186 186 186 185 186
 185 182 179 178 181 181 181 180 178 177 176 176 176 174 173 172 172 172
 171 171 171 171 171 170 169 170 168 166 164 164 165 167 168 167 166 166
 166 164 163 164 163 161 161 162 162 161 160 161 162 162 161 160 159 160
 160 160 159 158 158 158 158 158 159 159 159 158 159 160 159 157 156 154
 154 153 154 155 154 155 157 157 157 158 159 160 159 162 163 165 166 172
 174  28]"
"[ 29  28 207 209 209 212 212 213 211 210 210 212 211 209 208 210 209 208
 205 204 206 207 207 210 209 205 208 208 209 204 162 113  88  89  93  95
  95  95  95  93  90  88  88  88  86  86  88  87  86  86  85  85  86  88
  89  90  92  93  92  91  93  94  95  96  96  97  97  96  95  94  92  89
  87  88  90  84  84  83  82  78 135 193 199 195 196 198 196 196 196 196
 196 196 195 195 194 193 193 192 191 190 190 189 188 187 187 186 186 186
 186 184 182 181 180 180 180 179 178 178 178 178 178 175 172 172 172 172
 171 170 170 171 171 170 170 170 169 167 166 166 167 167 167 167 166 166
 165 164 164 165 165 163 161 161 159 158 158 160 161 162 162 161 160 161
 161 161 160 158 157 157 158 159 159 159 159 158 159 159 158 159 157 154
 153 155 156 155 158 158 158 157 157 157 158 159 162 164 164 166 166 172
 175  29]"
"[ 29  28 207 208 209 212 211 212 211 210 211 213 212 211 212 214 210 209
 205 204 206 208 208 210 210 207 209 208 212 203 147 105  92  91  93  94
  94  95  95  92  87  86  86  87  86  86  87  87  87  86  85  85  86  88
  89  90  91  93  92  91  94  96  96  97  96  98  98  96  94  92  90  89
  91  92  91  87  83  84  80  84 160 199 199 197 197 199 197 195 196 196
 195 195 195 194 194 194 192 191 190 191 190 189 188 187 189 188 188 188
 187 186 185 185 181 181 179 179 179 179 179 179 179 175 172 172 173 173
 172 171 170 171 171 170 171 171 170 169 168 169 169 167 166 167 166 165
 164 164 164 164 165 165 163 161 160 159 159 160 161 161 161 160 162 161
 161 161 160 158 157 155 158 159 159 159 158 158 158 159 157 158 157 153
 153 156 158 156 157 157 156 156 156 158 159 160 163 165 165 166 166 172
 174  29]"
"[ 29  28 207 209 210 212 211 211 211 210 211 213 213 212 212 213 212 211
 209 207 208 209 209 210 206 209 204 204 202 182 123  93  94  93  94  94
  94  95  94  90  83  82  84  86  86  86  87  86  90  89  87  86  87  89
  92  93  93  95  95  95  96  97  96  98  96  97  98  98  96  94  90  88
  90  94  90  89  84  84  79  95 181 202 199 198 199 200 199 196 196 196
 196 196 195 195 195 195 192 191 191 191 191 190 189 189 190 189 189 188
 188 187 187 188 183 182 181 180 179 179 179 178 178 175 172 173 174 174
 173 172 171 171 171 170 170 170 170 169 169 171 170 167 166 167 167 165
 165 165 164 163 164 166 165 162 162 162 162 162 162 162 162 161 162 162
 161 161 161 160 158 156 159 159 160 159 158 158 158 159 157 158 156 154
 154 157 158 158 156 155 155 155 157 159 161 162 163 164 164 168 169 173
 175  29]"
"[ 29  29 207 210 211 212 210 210 211 210 210 212 213 212 210 209 210 212
 211 209 208 208 207 207 204 210 207 212 202 156 108  89  95  95  95  96
  95  96  93  88  83  81  82  84  85  86  87  86  91  91  90  89  89  90
  92  92  93  96  97  97  97  96  95  97  97  97  97  98  97  95  92  89
  89  93  89  89  83  82  80 109 190 199 197 198 199 201 200 199 197 197
 197 196 196 196 196 196 195 194 193 193 193 192 192 192 190 190 189 188
 187 186 186 187 184 183 182 182 181 180 179 178 177 176 175 175 175 174
 174 173 172 172 171 170 170 170 170 170 170 171 170 167 166 168 168 166
 166 166 165 164 165 166 165 163 161 161 161 162 162 163 164 165 162 161
 161 161 162 161 160 159 160 161 161 160 159 159 159 160 159 157 156 156
 156 156 157 159 157 157 157 157 158 160 161 162 163 164 164 170 172 177
 176  29]"
"[ 29  29 208 211 211 212 210 209 210 209 210 212 212 211 208 206 208 212
 212 210 209 208 207 207 203 204 207 212 196 128 102  93  96  96  97  98
  97  98  95  89  87  83  82  83  83  85  88  88  89  91  91  91  90  90
  89  88  92  95  97  98  98  95  95  98 100  98  96  96  96  95  94  93
  93  96  91  90  83  78  82 126 196 198 197 198 199 200 199 198 197 197
 197 197 196 196 196 196 196 195 194 194 194 193 193 193 192 191 191 190
 188 186 186 188 185 184 184 183 183 181 180 179 177 177 177 177 176 175
 174 175 173 172 172 171 171 170 171 172 170 170 169 167 167 168 168 167
 165 166 166 166 166 165 163 160 161 161 162 162 162 162 164 165 162 161
 160 160 161 161 161 160 160 161 161 160 159 158 158 159 160 157 156 157
 156 154 155 157 157 157 158 158 159 160 161 162 162 163 164 170 174 177
 176  29]"
"[ 29  29 208 211 211 211 209 209 208 209 211 213 213 211 209 208 210 213
 213 211 211 210 209 209 209 206 207 206 175 110  98  96  94  95  96  96
  96  98  96  90  89  85  83  83  83  86  89  89  88  89  91  90  90  89
  89  88  95  98  99 100 101  99  99 102 101  99  97  97  97  96  95  96
  96  97  93  90  86  79  91 149 201 199 199 198 200 200 197 196 197 197
 197 197 197 197 196 196 195 195 195 195 194 193 193 193 192 192 193 192
 189 187 187 188 185 186 186 185 183 182 180 180 179 179 179 179 177 176
 176 177 174 173 173 174 173 171 171 172 170 169 167 167 168 168 167 167
 166 166 167 168 166 164 162 162 164 164 164 163 162 162 163 164 164 162
 161 161 161 161 161 161 160 161 161 160 158 158 158 159 159 158 157 157
 156 155 154 156 156 157 158 158 159 160 161 162 162 163 164 170 172 175
 175  29]"
"[ 29  30 209 211 210 211 209 209 207 210 213 214 214 212 212 211 211 214
 212 210 210 211 210 209 207 207 202 198 152 105  95  94  93  93  94  94
  94  97  95  90  88  85  84  84  85  87  89  89  88  89  90  89  89  89
  90  91  96  97  98  99 100  99  99 101 102 100 100 100  99  97  96  97
  94  94  91  90  89  85 104 171 201 198 199 197 200 201 197 197 197 197
 198 198 198 198 197 197 195 195 196 196 195 194 193 193 191 192 193 192
 189 186 186 187 186 187 187 186 184 182 181 180 180 179 179 179 178 178
 178 178 175 175 175 176 174 171 171 171 171 169 167 168 169 168 167 167
 168 167 168 169 167 164 164 166 166 166 166 165 163 163 164 166 166 165
 163 162 162 162 162 163 162 162 162 161 160 159 159 160 159 159 159 158
 157 157 157 157 159 159 160 159 159 159 161 162 163 165 166 171 171 174
 175  30]"
"[ 28  27 209 211 211 210 211 209 209 211 213 214 213 212 211 211 211 210
 210 211 211 211 209 209 211 200 196 182 123  97  95  95  94  91  88  90
  94  97  94  90  88  85  84  85  86  87  88  89  88  87  87  88  90  90
  89  87  92  94  97  98  98  98  98  97  98 101 102 100  97  96  96  95
  92  94  90  91  92  86 115 187 201 201 200 200 200 200 198 197 197 197
 197 197 197 197 196 196 195 195 195 195 195 195 194 194 192 192 192 191
 190 188 187 186 187 186 186 186 186 184 182 180 180 179 178 179 179 179
 178 179 177 177 177 175 174 173 173 173 172 170 170 169 168 168 169 171
 169 169 170 169 167 166 166 166 166 165 165 165 165 164 164 164 166 165
 163 161 161 162 162 161 160 161 162 162 161 160 159 159 158 158 158 158
 158 158 158 158 158 159 160 160 160 160 162 163 166 168 168 171 172 172
 176  29]"
"[ 29  28 209 210 210 210 211 210 211 211 212 213 213 213 212 211 214 212
 211 211 212 211 210 209 207 200 195 159 107  91  97  97  96  94  91  91
  93  95  93  90  88  85  83  84  85  86  87  89  86  87  90  91  92  91
  90  89  90  92  94  96  96  97  97  97  98 101 103 101  98  97  96  96
  95  95  91  94  93  93 137 197 200 200 199 200 201 201 200 199 199 199
 199 199 199 198 197 196 195 195 195 195 195 195 195 194 193 193 193 193
 192 191 189 188 188 187 186 186 186 184 182 181 181 181 180 181 180 180
 179 179 177 177 176 175 174 174 173 173 172 171 170 170 169 167 168 170
 170 171 170 169 167 166 166 166 166 166 166 166 165 163 162 162 162 162
 162 162 161 162 161 161 161 162 162 162 162 161 160 159 158 158 158 158
 158 158 158 158 160 160 161 160 160 161 163 164 165 168 169 173 174 173
 176  28]"
"[ 30  28 210 211 211 210 211 211 211 211 211 212 213 214 213 212 214 213
 211 210 211 210 209 208 203 202 188 135  98  92 100  95  92  93  93  91
  89  88  89  89  89  86  84  83  84  84  86  87  82  86  92  94  93  91
  91  91  90  92  95  96  96  97  98  99  97 100 103 101  99  97  97  97
  95  94  93  97  93 101 165 204 200 199 199 199 200 201 201 200 200 200
 201 201 200 199 198 197 197 196 195 195 195 195 195 195 193 193 194 194
 194 193 191 190 189 188 187 187 186 185 184 182 182 182 182 182 182 180
 180 180 179 178 176 175 175 175 174 174 173 172 172 172 170 168 168 170
 172 171 170 168 167 166 167 168 167 167 167 168 166 165 164 164 162 162
 163 162 162 162 162 162 162 162 162 162 163 162 160 159 159 159 158 158
 158 158 158 158 161 161 161 161 160 161 163 165 166 168 169 172 175 175
 177  28]"
"[ 29  29 212 214 213 211 212 210 211 211 211 211 212 214 214 215 213 212
 211 210 209 209 209 207 203 203 170 115 100  98 100  93  93  93  93  92
  92  91  91  90  89  88  86  84  83  83  83  84  81  86  92  94  92  90
  90  92  93  95  97  97  97  98 100 101  97 100 102 100  98  97  97  97
  93  92  93  97  91 110 185 204 200 199 199 199 200 200 200 200 200 200
 201 201 200 199 198 197 198 197 196 196 196 196 195 195 194 194 194 195
 195 194 192 191 190 189 188 188 187 187 186 185 183 183 183 184 183 181
 180 180 180 179 177 176 176 175 175 174 175 174 173 173 171 169 169 171
 171 171 170 169 167 167 169 170 169 168 168 168 167 167 166 167 165 164
 163 161 161 162 163 162 162 162 161 162 162 161 160 158 159 159 158 158
 158 159 159 159 161 161 161 161 160 161 163 164 166 168 168 170 173 175
 178  29]"
"[ 29  29 212 214 213 211 212 211 212 212 212 211 211 212 214 215 213 213
 213 211 211 211 211 209 206 197 143 101 100  99  98  95  96  93  91  91
  94  95  94  91  89  89  88  87  85  84  83  82  84  88  92  93  91  90
  91  92  95  96  97  97  96  97  98  99  98 100 101  99  96  96  97  97
  92  92  92  96  89 123 196 201 200 199 199 198 199 199 200 200 200 200
 200 200 200 199 199 198 197 197 197 197 197 197 196 195 195 195 195 196
 195 195 193 192 190 190 189 188 188 187 187 186 186 185 185 185 184 182
 181 181 179 179 178 176 175 174 174 174 175 174 173 172 171 169 170 171
 171 171 171 170 168 168 169 170 172 170 167 166 166 166 166 165 167 165
 163 162 162 163 163 161 162 162 162 161 161 160 159 159 158 157 157 157
 157 158 158 158 161 161 161 161 161 161 163 164 166 168 167 170 173 175
 179  29]"
"[ 29  29 212 212 211 210 212 212 213 213 212 211 211 211 213 215 213 213
 213 213 213 214 212 209 200 179 124 101 103  99  95  98  94  94  92  90
  89  90  92  93  89  90  90  88  86  85  84  83  85  87  90  91  90  90
  91  92  95  96  96  95  96  96  97  97  99 100 100  97  95  96  96  96
  93  94  93  95  93 144 201 202 199 199 199 199 199 200 200 201 202 202
 201 200 200 199 199 199 197 197 197 197 198 198 197 197 196 195 195 195
 195 194 193 192 191 190 190 189 188 188 187 187 188 187 186 185 184 182
 181 180 180 180 179 177 175 175 175 176 177 175 173 173 172 171 171 172
 171 171 171 170 169 168 169 170 171 169 166 166 166 166 166 166 167 166
 164 164 164 165 163 161 162 162 162 162 161 160 159 159 156 155 155 155
 156 157 157 157 160 161 161 161 161 162 164 165 166 169 169 172 175 177
 179  29]"
"[ 29  29 212 212 211 210 212 213 214 213 212 211 211 212 213 214 212 212
 211 211 214 215 211 206 188 149 113 105 104 102  96  97  94  96  97  94
  90  89  91  94  89  90  89  87  84  84  83  83  84  86  88  90  90  91
  92  92  95  96  96  96  97  98  98  98  99 100  99  97  96  96  96  95
  94  96  95  97 103 169 202 203 200 200 200 200 201 201 201 202 203 202
 201 201 200 200 200 200 199 199 198 199 199 199 199 198 196 195 194 194
 194 194 193 192 193 192 192 191 190 189 188 187 188 186 184 184 184 183
 181 180 182 181 180 178 178 178 178 179 179 176 174 174 174 173 172 171
 171 171 171 171 170 169 169 170 168 167 168 168 168 167 167 167 166 166
 166 165 164 164 163 162 161 161 161 162 162 161 159 157 155 154 154 154
 156 157 158 158 160 160 161 161 161 163 165 167 168 171 171 173 175 177
 179  29]"
"[ 29  29 213 214 212 211 213 213 213 212 210 210 211 213 214 215 211 210
 209 210 214 215 210 203 180 126 105 103 101 103  98  97  95  95  95  94
  94  93  90  87  89  89  88  84  81  81  82  82  84  86  89  91  92  93
  93  94  96  96  97  97  99 100 101 100  99  99  98  97  96  97  96  94
  93  96  96 100 111 186 201 201 201 201 201 202 202 202 202 202 202 201
 201 201 201 201 201 201 202 202 201 200 200 200 200 199 197 196 194 194
 195 195 195 194 195 195 194 193 191 190 189 188 187 185 184 184 185 184
 182 181 182 181 179 178 179 179 180 180 179 176 174 174 174 173 171 170
 171 171 171 171 170 170 171 172 167 168 170 170 169 166 165 165 166 167
 165 163 161 161 162 162 160 160 160 161 163 162 158 156 156 155 154 154
 156 158 159 159 159 159 160 160 161 163 165 168 170 173 172 172 174 176
 179  29]"
"[ 29  29 212 212 211 210 211 212 214 212 210 210 212 214 215 214 213 211
 208 213 210 212 205 195 156 114  99 105  99  95  96  94  96  93  94  96
  95  92  90  88  88  87  86  84  82  81  81  83  84  87  90  93  95  95
  94  94  96  99  97  96 101 103 102 103 100  98  97  97  97  96  93  90
  90  93  94  92 126 198 202 204 203 203 202 202 202 202 202 202 203 203
 202 202 202 202 202 202 202 202 202 201 201 201 201 199 199 197 195 195
 195 195 194 194 194 195 194 193 191 190 190 189 188 186 185 186 186 184
 183 183 183 181 180 179 179 179 179 179 179 176 174 175 175 174 172 171
 170 171 172 171 170 169 169 170 169 171 171 168 166 165 166 166 165 166
 165 163 162 162 164 165 162 162 161 161 161 160 159 157 155 155 156 157
 158 158 158 158 159 159 159 160 162 164 166 168 169 172 171 172 174 176
 179  29]"
"[ 29  29 213 214 213 212 212 214 216 214 212 212 214 215 214 213 215 215
 212 215 214 212 206 191 135 104  95 100  96  95  97  97  94  91  91  93
  92  91  88  85  84  84  83  82  82  81  81  82  84  88  93  96  97  96
  94  93  96  99  97  97 101 102 101 102 100  99  98  97  97  96  93  91
  89  90  91  97 145 205 206 203 202 202 201 201 201 201 201 202 201 201
 201 201 201 201 201 201 202 202 201 200 200 201 201 200 200 199 198 197
 197 195 195 194 194 194 194 194 193 192 191 189 188 187 187 187 187 185
 183 183 184 182 180 179 179 179 179 179 179 177 176 176 176 174 172 172
 171 171 171 171 170 169 169 169 168 168 168 168 167 165 165 166 167 167
 166 163 162 162 163 163 162 161 160 161 161 161 159 157 155 155 155 155
 156 157 158 158 159 159 159 160 161 163 165 166 166 170 170 172 174 175
 178  28]"
"[ 29  28 213 215 215 215 214 215 217 215 214 214 215 216 215 214 213 215
 213 214 213 210 201 172 123 106 101 101  97  96  96  95  92  89  88  90
  90  90  88  83  82  81  81  82  83  83  83  83  86  89  93  96  96  96
  95  95  99 101 100  99 102 103 101 101 100  99  98  97  96  95  94  93
  90  91  88 103 164 205 204 201 202 202 202 201 202 202 202 202 200 201
 201 202 202 202 202 202 203 202 201 199 200 201 201 201 201 201 200 199
 198 196 195 195 195 195 194 194 195 194 191 188 189 188 188 188 188 186
 185 184 185 183 181 180 180 180 179 179 179 178 178 178 176 174 173 173
 173 172 171 171 171 170 169 169 167 165 165 168 169 166 164 165 167 167
 166 164 163 162 162 162 162 161 160 161 162 161 160 158 156 156 155 156
 157 158 159 159 160 160 160 161 162 163 164 165 166 169 170 172 175 176
 179  29]"
"[ 29  29 213 216 217 217 217 217 216 215 214 214 216 216 216 215 212 213
 214 213 211 210 194 144 113 106 103  99  97  98  97  96  90  88  87  87
  87  88  87  83  81  82  83  83  84  85  86  86  89  89  90  91  92  94
  95  96 100 102 102 102 103 102 100  98  98  98  98  96  95  94  94  94
  92  96  92 120 182 204 202 203 202 202 202 202 202 202 202 203 202 202
 202 203 203 203 204 204 204 202 201 200 199 200 200 200 200 201 200 199
 197 196 196 196 196 196 195 195 195 194 191 188 189 189 188 188 188 187
 187 186 183 181 180 180 181 180 179 178 179 179 179 178 177 175 174 173
 173 172 171 171 171 171 170 170 167 166 166 169 169 167 165 165 166 166
 165 165 164 164 163 162 162 162 161 161 161 160 159 158 158 157 157 157
 158 159 159 159 160 161 161 162 162 163 165 166 167 170 171 173 175 176
 179  29]"
"[ 29  29 215 217 218 219 218 218 216 215 213 214 215 216 216 216 215 214
 217 213 211 213 190 124 110 107 104  98  98 101  97  95  89  87  85  84
  84  86  86  84  80  82  84  84  84  85  87  89  89  87  86  86  89  92
  95  95  99 100 102 102 101 101  99  96  96  97  97  96  95  94  94  95
  89  97  94 139 194 203 200 203 201 201 201 202 202 202 202 202 202 202
 202 202 202 203 203 203 203 202 201 201 200 200 199 199 200 201 200 198
 196 196 196 196 195 196 196 195 194 193 191 190 190 189 188 187 187 187
 187 186 182 180 180 181 181 179 178 177 179 179 178 177 177 176 174 172
 171 171 171 171 171 171 171 171 168 169 170 169 168 168 167 166 165 166
 166 165 166 165 164 162 162 162 162 161 159 158 158 158 158 158 158 158
 159 159 158 158 159 160 161 162 163 164 165 166 169 171 171 173 175 175
 177  28]"
"[ 29  29 215 217 217 218 217 217 217 215 214 214 215 216 216 215 217 214
 214 211 210 208 175 114 112 109 105  98  98  99  93  91  89  86  85  84
  83  84  85  84  81  84  86  85  85  86  88  90  88  87  86  88  91  94
  95  95  96  97 100 101 100 100  99  95  97  97  97  96  95  95  95  95
  92  97  97 153 197 201 199 202 202 202 202 202 202 203 203 203 203 203
 202 202 202 202 203 203 203 202 201 202 202 201 200 200 201 202 201 198
 196 196 196 196 194 195 196 194 193 192 193 193 191 190 188 186 186 186
 185 184 183 182 182 182 182 180 178 178 178 178 177 176 176 175 173 171
 171 171 171 171 171 171 171 171 169 171 172 169 168 168 168 167 166 166
 166 165 166 165 164 162 162 162 162 160 158 156 156 156 156 157 158 159
 159 158 157 157 159 160 162 163 164 164 166 167 171 172 172 173 175 174
 177  29]"
"[ 29  29 214 216 216 216 216 217 217 216 216 216 216 216 216 215 215 213
 211 209 209 194 148 109 105 101  99  96  95  94  88  88  89  84  83  83
  83  83  83  83  82  85  87  87  86  88  89  89  89  89  90  92  94  95
  96  96  96  97 100 102 100 101 101  97  97  97  96  96  95  95  94  93
  96  99 109 171 203 201 203 203 203 203 203 203 203 204 204 204 203 203
 203 202 203 203 203 203 204 202 202 203 203 201 200 200 201 202 201 198
 197 197 197 196 194 195 196 195 193 193 194 194 192 191 188 186 186 187
 185 183 184 183 184 184 182 181 180 180 178 179 178 177 176 175 174 173
 172 171 170 170 172 172 172 171 170 171 171 170 168 167 167 167 166 166
 166 165 164 165 164 163 163 162 161 160 158 157 156 155 155 156 158 159
 158 158 157 158 159 160 162 164 164 165 166 167 171 172 172 174 176 175
 178  29]"
"[ 30  30 215 217 217 216 216 217 218 217 217 217 218 217 217 216 215 215
 210 211 211 183 126 107 101  98  97  96  94  90  85  85  88  82  80  82
  83  82  81  80  82  85  87  87  87  89  89  88  90  91  92  93  94  95
  96  97  96  97 101 103 100 101 101  97  97  96  96  95  95  94  92  91
  88  94 119 185 209 200 204 201 203 203 203 203 203 203 203 203 202 202
 202 203 203 203 203 203 205 203 203 203 203 201 200 200 199 201 201 198
 197 198 198 196 195 196 196 195 194 194 194 193 193 192 189 187 188 188
 186 183 183 183 183 183 182 180 181 182 179 180 180 178 176 176 176 175
 173 171 169 169 171 172 171 169 171 169 169 170 169 166 166 167 167 166
 165 164 163 164 165 165 164 162 161 160 159 159 157 156 153 155 157 158
 157 157 157 158 158 160 162 163 164 164 165 167 168 170 170 173 176 175
 177  29]"
"[ 30  30 217 219 216 216 217 218 216 217 218 218 217 217 217 216 216 216
 206 212 209 162 115 110 102  98  99  96  90  86  84  84  82  82  82  82
  82  83  83  83  80  83  87  88  89  92  92  88  87  87  90  92  94  97
  97  99 100 101 100  98 100 101  99  97  97  96  96  96  94  90  89  89
  90  93 144 195 206 199 201 200 204 203 202 202 203 204 203 203 202 201
 201 202 203 203 203 203 204 204 204 204 203 203 203 204 202 202 199 198
 199 199 197 197 196 196 196 195 195 196 195 194 194 192 190 189 189 188
 187 187 186 185 183 182 183 183 182 180 180 180 179 179 179 178 176 175
 172 170 169 170 170 170 169 167 169 168 169 170 168 165 165 167 167 166
 165 165 164 163 164 166 164 164 162 160 159 159 157 155 155 155 155 155
 156 157 157 157 158 159 161 162 163 164 167 168 168 169 171 174 175 174
 175  29]"
"[ 30  30 217 220 217 217 218 218 216 217 217 218 219 219 218 217 213 213
 212 214 194 128 103 105 100  97  98  96  92  89  86  85  86  84  81  81
  82  85  86  86  83  83  86  88  88  90  92  91  89  88  90  91  93  97
  96  98  98 100 101 100  99 101 101  99  97  96  96  95  93  90  88  88
  86  93 162 205 207 203 202 202 201 201 202 203 203 204 203 203 202 201
 202 203 204 204 204 204 204 204 204 203 202 202 203 203 204 203 200 198
 199 198 197 198 196 197 196 195 195 196 195 194 193 192 190 190 189 188
 187 186 186 185 185 184 183 182 181 180 180 179 179 179 178 177 176 176
 173 172 170 169 169 169 169 169 168 168 168 170 169 167 167 169 169 168
 167 165 164 164 165 166 162 163 162 160 159 158 158 157 154 155 155 154
 155 156 157 158 159 160 162 163 163 165 167 168 168 168 172 175 176 175
 176  29]"
"[ 30  30 217 219 217 217 218 218 219 219 218 218 219 219 218 216 216 208
 206 209 175 110 104 106 101  96  97  96  93  92  88  87  88  84  81  80
  84  86  87  86  82  81  83  85  86  88  93  96  92  90  92  92  94  97
  96  98  98  97 100 100  99 101 103 100  97  96  94  92  90  89  89  90
  89 102 183 210 204 203 199 198 200 201 202 202 202 202 203 203 202 202
 202 203 203 203 203 204 203 203 203 202 202 202 202 202 203 203 201 199
 198 196 195 196 196 197 197 195 195 195 195 194 193 192 191 191 191 190
 188 187 186 185 185 185 183 181 179 180 179 179 179 178 177 177 176 176
 174 174 173 172 171 171 171 171 168 167 168 170 170 168 168 168 168 168
 167 164 163 164 164 164 161 162 162 161 159 158 158 157 154 155 155 154
 154 156 158 160 160 161 162 162 163 164 166 167 168 169 172 175 176 175
 176  29]"
"[ 30  29 216 219 217 218 218 217 219 219 218 217 218 218 216 214 211 210
 209 204 150 102 104 104 101  97  97  95  93  93  90  89  86  83  81  82
  85  86  85  82  81  79  80  82  83  87  92  94  92  92  95  95  96  97
  97  99  99  96  97  99  98 101 103  98  97  95  91  88  86  88  91  94
  93 117 192 206 201 206 202 201 202 202 202 200 200 200 202 203 201 202
 203 203 203 202 202 202 203 203 202 202 202 201 201 202 200 202 202 200
 198 196 195 196 196 197 196 195 194 194 194 194 193 192 192 192 192 190
 189 188 186 185 185 186 185 181 180 180 179 179 179 178 176 175 175 176
 175 174 174 174 174 173 172 171 168 168 168 169 169 167 166 166 165 167
 166 164 163 164 164 162 161 162 163 162 160 158 157 156 154 154 154 154
 154 155 158 161 160 161 162 162 162 163 165 167 169 170 172 174 175 174
 175  28]"
"[ 30  29 216 219 218 219 219 218 217 216 216 216 218 218 217 215 209 211
 208 177 122  99 104 100  99  96  97  95  92  93  91  90  84  83  82  83
  84  84  82  80  82  81  81  81  81  86  89  87  87  90  96  97  97  97
  97  99 101  98  99 100  96  98 100  96  97  94  90  86  85  87  91  93
  96 139 199 203 202 205 203 203 203 203 202 201 199 199 201 202 201 201
 203 204 203 202 201 202 203 202 202 202 202 201 201 201 200 202 202 201
 200 198 197 199 196 197 196 195 194 194 194 194 194 193 192 191 190 189
 187 187 186 184 184 186 186 183 181 181 179 179 179 178 176 175 175 175
 176 175 173 173 173 173 172 170 170 170 169 169 168 166 165 164 165 167
 167 165 164 165 164 161 162 162 162 162 161 159 157 154 153 153 154 154
 154 155 157 160 161 162 162 162 162 164 166 168 169 170 172 172 173 174
 175  28]"
"[ 30  29 216 219 219 220 219 218 218 218 218 218 218 219 218 217 214 212
 202 147 109 100 103  94  95  94  97  95  92  92  90  88  85  84  83  82
  82  82  81  81  82  82  83  82  82  86  88  85  83  87  95  97  96  97
  96  98 101 101 104 102  96  94  96  96  96  94  91  88  86  87  88  89
  98 158 203 204 202 201 199 200 201 202 202 202 201 200 200 201 200 201
 202 204 204 203 202 202 203 202 202 202 202 202 201 201 201 202 201 199
 199 198 199 201 196 197 196 195 195 195 195 195 195 194 193 191 189 187
 187 187 186 185 184 186 186 184 182 181 180 180 179 178 177 176 175 174
 178 175 173 172 173 173 172 171 171 171 171 170 168 167 166 165 166 167
 167 166 165 165 163 161 162 162 162 161 161 160 158 155 155 154 154 155
 156 156 158 160 161 161 161 162 162 164 166 168 168 169 170 171 172 173
 176  29]"
"[ 29  29 216 219 219 220 219 217 220 221 221 220 218 218 217 217 214 212
 193 133 103  96  94  91  94  93  96  93  90  90  88  86  87  85  83  82
  81  81  82  82  81  82  84  83  83  85  88  88  85  88  95  96  97  97
  95  97  99 101 103 102  97  94  93  95  93  93  91  88  87  87  87  87
 100 167 202 203 200 201 200 200 200 201 202 202 201 200 200 200 201 201
 201 203 203 203 202 202 203 202 202 202 202 202 201 201 201 201 200 199
 199 198 197 199 196 196 196 195 195 195 195 195 195 195 194 192 189 187
 187 188 187 187 186 186 185 184 182 180 180 180 180 179 178 177 176 175
 175 174 173 173 174 174 173 172 171 171 171 170 168 167 167 167 166 166
 166 165 165 164 163 162 162 162 161 161 160 160 159 158 157 155 154 156
 157 157 158 159 159 160 161 162 162 164 166 167 167 169 171 171 172 174
 176  29]"
"[ 29  29 216 220 220 221 220 218 218 220 220 219 217 217 217 217 219 206
 163 110  93  97  93  98  96  94  94  90  87  88  87  85  86  85  83  82
  81  81  82  82  83  83  85  85  82  82  86  89  90  91  96  97  97  98
  95  96  97  98  99 100 100  97  93  92  91  92  90  87  86  88  89  89
 111 175 203 203 198 203 201 199 201 201 201 201 200 200 200 201 202 201
 200 201 202 202 201 202 203 202 202 202 202 202 201 200 199 201 200 200
 200 198 195 195 195 195 194 194 194 195 195 194 193 194 193 192 189 187
 187 189 188 188 188 186 184 183 181 180 180 180 180 180 179 178 177 175
 170 172 173 175 175 174 172 171 171 172 171 169 168 167 167 167 167 165
 164 165 165 164 164 164 162 163 162 160 159 159 159 160 158 154 152 154
 156 156 157 158 158 160 161 163 163 164 166 167 168 169 171 171 173 174
 176  28]"
"[ 28  30 214 222 219 222 217 217 221 220 222 220 217 220 218 216 211 196
 132 106 102  99  95  97  95  93  92  90  85  83  84  84  84  86  86  83
  80  80  81  82  85  86  85  83  83  83  84  87  90  93  97  97  97  97
  97  96  96  97  98  97  96  96  96  95  92  90  89  88  87  86  87  89
 119 186 201 203 199 200 200 199 201 201 201 201 201 201 200 198 201 200
 200 200 201 201 202 203 202 202 202 202 202 201 200 200 196 198 199 200
 200 200 199 199 196 196 195 194 194 194 194 195 193 192 191 191 190 188
 187 187 187 187 186 186 186 185 183 182 181 181 180 180 180 179 178 177
 173 173 174 175 175 174 173 172 171 170 169 168 168 168 168 167 166 164
 162 163 165 165 163 161 162 163 162 160 157 157 158 160 158 158 156 155
 155 155 155 157 157 158 160 162 163 163 164 166 168 168 168 171 171 173
 172  30]"
"[ 29  27 219 219 220 216 219 217 220 218 218 220 221 217 215 214 211 166
 123 108 105 101  97  97  91  89  88  87  83  82  83  83  83  83  83  82
  81  81  81  82  87  87  85  83  84  84  85  87  89  93  96  97  96  96
  96  97  97  97  97  97  97  98  97  97  93  89  86  86  87  88  88  89
 132 194 202 196 199 203 198 199 200 200 200 200 200 201 200 199 200 199
 199 200 200 200 200 200 201 201 202 202 201 200 200 199 199 200 201 200
 199 198 198 198 197 196 195 195 194 194 194 194 194 193 193 192 191 189
 188 187 188 188 187 187 186 185 183 182 181 181 180 180 180 180 180 180
 175 174 174 175 175 174 172 171 171 170 169 168 167 167 167 166 165 163
 163 164 165 165 163 162 163 163 162 160 158 157 158 159 159 159 157 156
 157 157 156 158 159 159 161 163 164 164 165 165 167 167 176 172 171 172
 174  30]"
"[ 27  32 214 217 222 219 217 221 220 222 219 217 221 217 221 216 196 129
 110 103  99  97  94  89  90  87  86  85  84  83  84  84  82  81  81  82
  82  81  81  82  83  84  83  82  83  83  81  82  87  91  95  95  94  94
  96  97  96  95  95  95  96  97  96  96  95  91  86  83  83  83  84  85
 132 191 202 201 199 199 199 202 201 201 201 201 201 202 202 202 201 200
 201 202 202 201 201 200 201 201 202 201 200 199 199 200 198 199 200 198
 196 195 196 197 197 197 196 196 196 195 195 195 195 195 194 194 192 190
 188 188 188 188 187 187 186 185 183 181 183 182 182 181 180 180 180 180
 178 176 176 176 176 174 172 171 170 169 168 167 167 166 166 165 165 165
 165 166 166 165 165 165 162 162 161 160 159 158 158 158 156 156 155 155
 157 158 158 159 160 159 160 162 164 165 164 164 167 173 167 168 176 171
 171  27]"
"[ 29  30 214 221 221 214 223 214 223 220 217 216 222 218 222 203 171 114
 108 103  97  97  95  90  89  85  83  83  83  84  85  84  85  82  81  83
  83  82  81  82  83  84  84  84  85  84  82  83  87  89  92  93  93  94
  95  96  97  97  96  96  96  95  96  96  97  94  90  85  81  81  84  88
 137 195 201 200 200 196 199 199 201 201 201 200 200 200 201 200 200 200
 200 201 202 201 200 199 199 199 199 198 197 197 197 198 198 198 198 197
 196 196 198 199 195 195 195 194 194 194 194 194 193 193 193 193 191 189
 187 187 188 188 187 187 186 185 183 182 181 181 181 180 179 178 178 178
 179 177 175 176 176 174 172 171 170 169 168 167 167 167 166 166 165 165
 166 167 166 165 164 164 162 162 161 160 160 159 158 158 154 154 153 154
 157 158 158 159 158 158 159 161 163 164 164 164 165 170 168 172 168 171
 176  28]"
"[ 30  29 218 220 216 220 218 221 225 219 221 220 219 215 218 192 139 109
 102  98  96  96  91  91  87  83  81  81  82  84  86  86  85  82  81  82
  83  81  81  82  83  85  84  83  83  83  84  87  93  93  94  95  96  97
  97  97  96  96  96  95  93  92  92  94  93  92  90  86  83  82  84  86
 111 172 198 198 201 201 198 200 202 202 202 200 200 200 201 200 200 199
 199 201 202 201 201 201 201 201 200 199 198 198 199 200 200 199 198 197
 198 198 199 200 198 197 196 195 195 195 195 195 194 194 194 194 193 192
 190 190 188 187 186 186 186 185 185 184 180 181 181 181 180 180 179 179
 178 176 175 175 175 174 173 171 172 171 170 170 169 168 168 167 166 165
 165 165 165 164 162 161 162 162 161 161 160 159 158 157 154 155 153 153
 156 157 156 157 156 157 159 161 162 163 164 165 170 165 171 174 172 171
 168  28]"
"[ 30  28 212 218 220 220 220 217 217 216 221 220 219 220 209 165 117 107
  95  96  97  93  87  90  85  82  80  81  82  84  87  87  87  85  83  84
  85  84  84  85  87  88  86  83  82  83  87  92  94  92  92  93  95  94
  93  92  97  98  99  98  95  93  94  97  95  94  92  90  88  86  82  78
  87 118 173 194 195 203 199 198 201 201 201 200 199 200 200 200 198 197
 197 199 200 201 201 202 201 201 200 199 198 198 200 201 200 198 196 196
 196 197 197 196 199 198 196 195 194 194 194 194 192 192 192 193 192 191
 191 191 189 188 187 187 187 187 187 187 183 183 183 183 182 180 179 179
 176 175 174 174 174 174 173 172 172 171 170 169 169 168 167 166 169 168
 167 167 167 166 164 162 163 162 162 161 160 159 158 157 153 154 153 154
 157 157 157 158 158 158 160 162 162 163 164 166 165 169 171 168 169 165
 173  29]"
"[ 29  30 215 216 214 213 215 219 217 215 214 210 211 211 184 139 103 101
  93  95  95  93  89  89  82  80  80  81  81  82  84  83  86  86  85  85
  85  85  86  86  88  89  87  85  85  86  88  92  94  92  92  93  94  93
  91  91  95  95  97  97  95  92  93  96  96  95  93  91  90  88  83  79
  82  79 121 156 173 193 202 199 197 197 197 197 197 197 197 197 196 195
 195 196 197 197 197 198 197 197 197 197 196 197 197 197 197 197 197 196
 196 196 196 196 196 195 194 194 193 193 193 193 192 191 191 192 192 191
 191 191 187 187 186 185 186 186 186 186 182 182 181 181 181 180 178 177
 177 176 175 175 175 175 175 175 173 173 172 172 172 171 170 169 166 165
 165 165 166 164 163 163 161 161 161 160 159 158 158 158 153 155 155 155
 158 158 158 159 159 159 160 161 161 161 161 162 166 168 170 173 171 171
 166  29]"
"[29 29 26 30 27 30 30 29 29 28 30 29 27 30 29 30 28 29 29 30 28 30 31 27
 30 29 30 30 29 29 30 29 28 30 30 29 28 29 29 29 28 30 29 28 29 28 28 30
 29 28 28 30 30 29 28 28 28 28 29 31 30 27 28 30 28 30 30 28 28 29 30 29
 27 33 27 27 30 27 30 28 29 29 30 29 28 29 29 29 29 29 28 29 30 29 29 29
 29 29 29 29 29 29 29 29 29 29 29 29 28 28 28 29 29 29 29 29 29 29 28 28
 29 28 28 29 29 28 28 29 30 29 29 29 29 29 29 28 30 29 29 29 30 30 30 29
 30 29 29 29 29 28 28 29 29 29 28 29 29 29 29 28 29 29 29 30 30 29 29 29
 29 29 30 30 29 29 29 29 28 30 29 29 30 29 28 29 30 29 29 29 30 29 29 28
 31 28 27 29 30 26 31 28]"
