"[29 31 29 30 29 32 29 29 29 29 29 28 28 29 30 30 28 28 29 30 30 29 29 29
 28 29 28 28 30 29 28 29 28 28 29 29 30 30 29 28 30 29 29 29 27 27 29 30
 30 29 30 29 29 30 29 28 31 28 29 30 28 29 29 30 30 29 28 29 31 29 28 29
 29 30 29 28 29 30 29 28 30 28 28 29 31 30 29 28 27 33 30 28 30 30 28 30
 28 28 28 31 30 29 30 28 29 28 29 28 30 28 29 29 31 30 30 30 30 29 29 29
 28 31 28 28 28 28 31 27 29 29 29 29 28 28 30 30 29 29 28 29 31 29 29 29
 29 32 29 28 30 30 28 30 29 29 29 30 30 29 28 28 29 28 29 29 28 28 30 30
 29 29 29 29 29 29 29 29 29 30 29 30 30 28 28 30 28 31 28 28 30 29 30 29
 29 27 29 29 29 31 27 29]"
"[30 27 31 28 28 26 31 28 30 29 28 29 30 30 29 29 31 29 27 27 28 28 28 28
 30 30 28 28 30 30 28 29 30 31 30 28 27 28 29 30 28 28 29 30 31 30 29 30
 30 28 31 29 27 28 28 30 27 29 33 30 28 31 30 29 28 30 29 28 28 28 28 30
 29 29 29 29 28 28 29 31 28 29 30 29 27 27 29 31 29 27 28 31 30 29 28 28
 32 31 29 29 27 27 31 30 29 27 31 29 30 28 29 30 28 29 29 28 28 29 29 30
 29 30 27 30 31 28 30 28 29 28 28 30 31 30 28 27 29 30 29 28 29 29 29 31
 30 27 30 32 28 28 30 27 31 29 28 28 29 30 29 29 28 27 29 30 30 30 29 27
 28 28 28 29 29 30 29 28 29 29 28 27 29 29 29 30 29 31 27 29 30 27 29 29
 31 29 28 31 27 26 33 26]"
"[ 30  25 123 124 122 130 118 123 123 123 122 122 123 124 123 122 121 120
 121 123 126 127 125 122 125 127 128 129 131 129 124 123 129 131 133 135
 137 141 146 150 154 155 155 156 159 156 151 150 141 137 138 135 135 140
 145 150 164 180 201 215 228 239 243 246 244 247 247 247 247 247 245 246
 245 245 245 247 246 244 244 245 245 246 247 248 248 248 247 246 243 222
 203 186 167 159 153 141 138 137 138 140 134 126 127 128 122 120 131 136
 145 146 142 142 143 143 139 132 125 123 125 128 125 122 114 103  81  55
  40  33  24  19  15  18  21  21  20  20  16  16  16  16  16  16  15  15
  14  15  13  15  17  16  36  70  96  90  83  77  72  67  64  62  62  62
  64  65  63  61  57  53  43  42  40  39  40  41  43  44  47  47  44  43
  46  49  50  50  51  51  49  52  55  53  54  56  54  54  61  78  89 106
 107  32]"
"[ 28  32 115 119 124 119 121 124 122 123 122 120 120 122 121 120 119 117
 116 117 120 122 121 120 122 125 127 128 130 127 123 121 126 127 127 126
 124 122 123 124 130 134 135 141 152 156 157 162 159 155 155 151 147 145
 141 139 136 138 143 148 159 171 182 197 228 236 244 249 251 251 249 253
 253 251 251 252 253 253 253 253 252 253 253 252 250 251 252 253 254 251
 253 251 243 238 222 197 185 167 153 153 149 139 139 140 136 128 129 122
 121 122 125 132 135 138 143 145 142 137 133 132 130 121 115 117 120 116
 110 105  86  68  47  33  25  19  17  18  25  22  19  16  15  16  16  15
  14  17  18  12  14  41  74  91  90  84  76  70  65  63  61  61  65  65
  66  67  63  59  54  49  48  45  41  38  38  41  45  48  48  49  47  45
  48  53  54  54  51  52  51  53  55  54  53  53  58  64  71  90 109 114
 108  27]"
"[ 31  23 112 119 123 124 120 114 112 116 117 115 115 118 119 116 118 118
 118 120 122 123 123 123 122 124 123 122 122 122 121 123 122 123 124 125
 124 122 121 121 124 126 123 123 130 133 136 143 146 145 148 148 147 148
 147 147 143 145 146 145 145 142 138 143 147 155 168 183 196 208 226 243
 251 254 252 251 250 251 251 250 253 252 252 252 253 254 254 253 250 253
 254 252 252 255 255 251 253 244 233 220 195 167 154 149 145 138 138 135
 136 132 126 124 123 118 116 121 129 135 141 148 141 132 123 119 120 120
 115 110 103  98  95  93  85  65  45  33  15  14  15  14  12  13  16  15
  16  14  15  22  48  85 100  89  85  79  70  63  59  58  60  62  64  63
  62  61  57  55  53  50  50  49  47  45  44  45  48  51  48  51  49  47
  49  53  54  55  53  54  54  55  58  59  56  55  61  72  98 118 115 107
 108  30]"
"[ 30  30  95  92  96  94  95 102 110 113 114 114 114 115 115 114 114 115
 117 118 118 119 120 121 121 122 121 119 120 120 121 123 120 119 119 120
 120 119 118 118 122 124 123 122 123 121 119 122 122 120 123 121 119 124
 130 135 139 145 153 154 155 154 147 144 148 143 139 139 141 142 147 155
 172 188 208 222 234 245 251 253 254 254 252 251 251 252 252 251 250 252
 252 251 252 251 251 253 254 254 252 254 255 254 251 241 221 200 175 153
 146 142 142 140 137 130 124 120 117 113 113 117 120 125 129 125 119 116
 112 110 107 103 101 103 104 101  98  98  82  73  61  44  26  19  17  13
  16  13  24  56  85  89  82  81  74  69  62  57  55  57  61  64  65  61
  57  54  51  52  53  52  49  50  52  52  51  50  49  49  48  51  51  49
  50  52  52  54  53  53  54  55  58  60  59  63  90 107 111 106 108 108
 104  28]"
"[ 30  27  95  93  89  88  90  87  90  87  88  93  98 100 105 110 114 115
 116 115 114 114 116 117 114 115 114 115 117 118 118 119 119 117 116 117
 116 115 114 115 116 119 122 124 124 121 118 117 119 118 122 121 119 121
 122 124 128 129 134 134 136 144 147 148 150 148 145 147 150 147 139 134
 132 137 141 144 153 170 187 198 212 227 245 252 253 252 252 252 254 253
 252 252 252 252 251 251 251 252 252 252 252 254 254 252 253 254 249 237
 218 192 178 163 145 141 134 128 123 120 120 121 108 108 110 108 110 113
 107 104 105 102  99  97  95  94  94  96  98  92  89  83  72  63  51  37
  25  32  66  96  94  86  83  75  69  65  61  60  60  61  61  61  59  55
  52  50  50  52  53  51  50  52  54  53  51  49  48  47  47  50  50  51
  52  52  52  54  58  55  57  59  62  65  70  83 114 114 109 108 103 105
 110  29]"
"[ 29  29 115 109 104 105  95  99  99  86  77  78  76  71  72  80  86  95
 106 115 117 113 107 103 109 108 105 106 111 114 115 117 116 114 115 117
 117 115 115 117 113 113 115 117 116 116 117 117 118 115 116 117 119 123
 122 121 123 117 119 118 117 122 129 135 139 142 142 142 145 148 146 144
 140 137 132 129 129 132 136 139 141 149 164 184 209 232 246 250 251 251
 254 254 252 253 253 252 252 252 252 253 252 250 253 252 250 254 250 253
 254 253 254 244 224 207 180 157 144 138 130 121 122 115 111 105 105 105
  98  94  96  96  95  92  89  86  86  87  81  71  68  72  79  85  79  64
  63  78  94  96  87  81  74  66  58  57  57  61  65  65  61  58  52  49
  48  51  54  56  55  51  54  54  53  50  47  46  46  48  50  52  53  54
  57  56  57  59  58  54  59  66  73  80  93 115 113 114 104 111 105 103
 108  28]"
"[ 29  29 121 117 118 117 107  97 101  96  93  94  98 100  95  85  77  71
  66  70  80  90  94  94 101 102 102 102 105 109 109 107 113 108 111 110
 114 114 117 118 115 113 114 116 116 115 114 112 112 116 111 110 117 116
 112 116 116 113 116 117 118 118 115 118 118 118 119 122 122 122 126 131
 136 135 136 139 143 145 146 146 136 131 130 130 130 131 138 150 172 208
 229 235 249 253 250 252 252 252 252 253 252 251 252 253 252 251 251 253
 254 254 254 254 255 253 254 254 243 220 193 172 150 140 130 133 125 111
 111 106 100  94  87  79  80  78  76  78  73  66  66  66  74  75  72  77
  91  93  90  85  81  73  64  61  59  59  62  63  61  61  58  51  42  42
  44  48  49  50  50  51  53  52  50  49  49  50  51  53  53  58  57  56
  58  59  59  60  61  61  63  69  83 100 110 111 107 107 107 106 106 105
 108  29]"
"[ 29  32 130 132 136 137 130 123 117 116 116 113 110 109 108 105  94  95
  97  97  95  91  86  83  82  82  83  84  89  96 104 109 107 105 109 103
 109 111 109 117 114 113 114 116 115 114 114 112 109 112 112 111 111 109
 108 110 110 110 115 114 113 113 113 119 115 116 116 116 114 114 114 115
 114 114 114 115 119 123 128 131 137 138 144 143 139 134 129 131 132 139
 144 151 163 181 207 231 238 246 251 251 252 255 254 249 253 254 253 251
 251 252 252 252 251 253 254 253 253 255 252 246 240 225 198 175 150 131
 124 115 115 109 103  98  87  81  75  71  66  54  57  66  74  73  78  86
  87  87  82  78  75  68  62  61  62  63  66  64  60  55  49  42  39  40
  43  47  49  48  48  49  51  51  51  53  54  55  55  56  59  52  56  63
  60  58  59  57  61  65  77  96 111 115 112 109 106 106 106 106 107 107
 110  30]"
"[ 28  29 125 126 128 131 129 128 124 122 121 119 117 116 115 111 105 106
 105 101  97  95  97 100  96  93  89  82  74  68  69  72  85  88  96  89
  97 101  95 106 106 109 113 116 114 114 112 108 112 111 112 112 109 109
 111 111 113 108 107 107 110 112 111 111 114 114 112 110 111 114 114 112
 112 113 114 114 113 113 115 118 119 126 136 139 141 143 142 142 136 133
 135 134 128 129 135 135 149 167 185 197 213 235 250 254 250 253 254 253
 252 253 253 253 253 252 253 254 254 252 253 254 253 254 253 252 244 227
 202 179 143 129 118 113 102 100  94  85  83  72  64  64  72  83  95  93
  85  81  73  68  66  63  60  62  62  65  64  61  56  49  41  36  39  39
  40  43  45  47  50  52  51  50  52  57  60  60  59  59  59  54  56  60
  59  59  61  58  66  77  96 111 115 110 105 105 104 104 104 105 107 108
 110  29]"
"[ 30  27 118 115 115 116 117 119 125 122 121 122 124 125 121 115 113 111
 108 105 103 102 103 104 105 106 105 102  98  95  95  98  86  87  89  80
  80  81  76  79  78  84  92  99 103 109 110 106 109 111 111 109 109 110
 109 108 107 106 108 109 109 109 109 111 111 109 107 106 108 111 110 108
 107 110 113 114 113 110 110 111 111 114 116 113 112 117 119 122 126 130
 137 136 133 138 138 127 133 133 130 126 129 141 158 169 190 202 219 233
 243 249 252 253 254 252 251 252 253 252 252 254 255 253 254 252 251 251
 250 251 244 229 207 180 147 124 116 109 109  99  83  87  89  93  94  91
  82  75  66  61  60  59  60  63  62  63  59  53  50  45  40  39  40  40
  40  43  48  52  54  56  53  52  54  59  63  62  61  62  59  60  56  57
  61  60  60  68  87 103 115 114 107 104 106 107 105 105 105 106 108 108
 110  28]"
"[ 30  27 120 118 118 118 118 119 118 117 117 118 117 118 118 116 117 116
 115 115 114 112 109 106 110 111 108 104 102 103 104 104 103 100  94  89
  82  83  84  78  71  70  69  68  72  81  88  87  91 103 105 105 111 112
 110 112 110 109 106 105 103 103 107 109 105 103 103 105 107 107 106 104
 103 103 104 105 104 104 105 107 110 109 110 106 104 107 108 112 115 118
 120 119 119 124 133 137 138 138 139 139 136 130 126 124 131 132 136 146
 161 180 203 219 235 247 251 251 254 255 254 250 252 252 254 253 253 254
 252 253 251 251 252 247 230 196 189 190 180 158 113 101  95  98  89  85
  74  67  62  60  59  60  61  61  61  60  54  49  49  47  44  45  44  45
  48  53  58  60  59  57  57  56  57  61  64  64  65  66  64  60  56  62
  68  63  68  88 100 110 113 105 100 103 105 103 108 107 107 108 110 110
 111  29]"
"[ 29  27 121 121 121 122 121 122 120 119 118 117 114 115 117 117 117 115
 113 111 111 112 114 114 110 112 111 108 108 112 114 113 104 103  99 102
  96  97 100  89  85  85  84  82  80  79  74  66  67  81  86  88  96  98
 101 112 108 108 104 105 106 105 106 104 105 103 102 103 105 105 106 107
 105 103 102 101 102 101 102 102 103 104 107 107 106 107 106 110 108 112
 113 111 109 105 103 105 109 116 123 126 128 130 134 137 132 127 123 121
 119 118 124 131 140 160 180 197 217 234 246 254 253 255 252 251 254 254
 253 250 252 248 249 250 252 227 234 245 248 217 154 117  90  91  82  82
  65  62  62  63  63  63  61  58  54  53  50  49  51  51  51  51  53  54
  56  59  62  64  62  60  59  59  60  62  64  65  67  69  66  59  58  64
  70  79  94 107 110 111 109 104 103 107 109 107 109 108 108 108 110 110
 111  30]"
"[ 30  30 124 122 122 123 122 123 123 120 119 118 115 115 117 116 118 116
 113 111 109 108 108 108 111 113 113 111 110 109 110 109 113 115 115 119
 113 114 111 104 104 100  96  91  88  88  88  84  80  82  80  78  73  65
  63  71  81  91  97 102 100  97 100 101 101 103 103 101 100 101 103 103
  99  97  96  97  99  99  98  97  93  95 100 101 102 104 105 108 104 105
 105 105 105 105 103 100 101 105 105 100  96 100 108 113 128 129 132 135
 132 124 116 114 114 116 113 114 120 125 136 151 167 189 210 230 240 240
 244 248 245 245 247 247 249 238 249 251 241 175 110  87  76  77  70  68
  61  61  64  65  63  63  59  52  47  47  49  52  53  54  55  54  58  59
  60  61  62  64  65  64  62  65  66  65  65  66  68  68  65  65  65  69
  83 101 111 112 109 109 107 106 105 107 110 111 109 108 108 108 110 109
 111  30]"
"[ 28  30 127 125 124 125 123 123 122 121 123 123 119 118 119 120 118 116
 114 114 115 115 113 112 109 110 111 110 106 104 106 110 109 113 115 118
 117 122 118 121 118 115 112 107 102 100  97  93  88  82  83  89  83  71
  67  70  72  74  70  69  70  74  85  89  87  96 102 103 103 105 104 101
 100  97  95  94  95  95  95  95  91  93  97  96  97 100 101 103 103  98
 100 103  99  99 101 100 100 100 100 102 103 103 101  98  97  99 103 108
 112 113 113 111 121 122 118 114 114 110 106 109 107 114 116 130 139 145
 172 194 216 224 231 237 245 249 249 225 162 110  83  78  74  74  70  62
  62  63  65  63  60  59  56  47  47  47  51  55  54  55  56  54  56  60
  64  65  65  66  67  66  66  70  72  69  67  67  67  67  65  73  73  81
 106 116 109 106 105 107 107 107 109 111 112 110 111 110 109 109 110 109
 111  30]"
"[ 28  31 124 125 125 124 128 124 125 125 124 123 122 122 121 121 121 117
 116 116 116 116 116 114 115 110 110 110 109 106 103 108 104 103 103 105
 106 107 107 108 114 114 114 116 120 119 111 105  99  99  96  93  91  88
  81  72  78  71  66  67  70  75  78  77  74  72  70  70  78  84  88 100
  96  97  93  96  97  96  88  88  82  85  90  96 100  98  97 101  99  97
  96  97  98  97  97  97  97  96  99 103 102 100 100  99  98 101 102 100
  96  95  98 101 110 112 116 118 115 113 112 111 103 101  97  96  96  94
  99 112 127 151 175 205 214 228 205 152 101  88  75  69  66  64  63  62
  63  63  63  62  59  53  48  46  45  49  52  53  56  57  57  59  58  61
  64  64  66  70  73  73  72  72  73  72  73  70  66  70  73  81  91 109
 116 108 105 106 105 107 109 110 111 111 111 111 112 111 111 111 110 110
 112  29]"
"[ 29  28 122 125 128 125 127 126 128 128 127 124 122 122 123 124 121 118
 117 119 120 120 120 120 116 114 115 114 114 113 111 112 115 114 111 108
 104 103 105 108 108 107 104 104 109 111 110 110 110 110 108 105 105 105
 102  97  95  86  78  73  71  74  77  77  72  72  72  72  75  71  65  69
  76  76  76  86  94  97  91  92  83  82  83  88  95  97  98 101 100  99
  97  96  93  90  91  93  97  98  98  96  95  97  99  97 100  99  98  97
  97  98  98  98  96  95  96  96  95  96  99 101 103 105 105 105 104 100
  97  97 102 104 108 118 131 140 123  91  78  77  74  69  65  66  66  62
  60  59  56  52  47  45  47  51  52  55  56  56  58  59  60  61  62  64
  66  67  70  73  75  74  72  73  74  71  71  73  71  72  83  96 104 111
 112 106 104 102 107 108 110 111 111 111 112 112 113 112 112 112 111 111
 112  29]"
"[ 31  28 128 129 131 124 122 125 129 128 126 123 123 124 125 124 121 119
 119 122 124 123 123 124 121 120 120 116 115 118 117 116 113 115 114 111
 109 109 110 111 108 108 105 103 104 104 103 104 105 106 106 105 105 107
 108 106 101  99  98  98  95  92  90  87  79  77  74  72  72  68  62  65
  66  64  59  60  58  61  66  78  82  82  81  85  93  99 103 106 107 104
 101  98  94  89  90  92  91  93  98 100  98  95  95  98  99  97  95  94
  95  96  95  92  91  89  89  89  87  87  88  89  87  88  92  94  94  97
 104 107 105 100 103 105 118 110  94  82  74  72  68  62  59  64  67  64
  59  55  49  42  38  40  47  53  56  58  58  57  59  61  61  63  65  67
  69  71  73  75  75  74  75  71  73  75  73  72  74  81 104 112 112 109
 107 105 106 105 108 108 110 110 111 111 112 112 114 113 114 114 113 113
 113  29]"
"[ 28  28 139 137 137 125 121 125 128 126 124 123 125 128 127 124 121 122
 122 123 124 123 122 121 123 122 121 116 116 118 115 114 114 115 114 113
 113 115 113 110 108 109 108 107 107 105 104 105 103 104 105 105 106 107
 107 105 101 100 101 102  99  97  95  93  87  85  84  84  84  78  69  69
  65  65  63  61  51  49  57  73  81  83  85  88  95 102 108 113 111 106
 101  98  95  91  90  91  94  93  93  95  96  95  94  96  95  95  95  93
  93  94  95  94  91  89  90  91  89  86  84  83  82  78  80  82  77  75
  80  86  89  90  97  98 101  84  77  78  67  63  62  62  61  60  59  57
  56  50  43  39  39  43  49  53  55  56  56  56  59  61  62  64  66  69
  71  73  75  75  75  73  71  66  70  75  75  81  92 103 119 115 109 107
 107 106 108 111 109 109 110 110 111 112 112 113 114 114 115 115 114 114
 115  30]"
"[ 29  30 154 151 153 144 138 138 138 138 136 132 130 130 126 122 117 121
 122 121 123 125 124 124 124 122 123 121 121 120 116 115 118 118 115 112
 113 115 114 110 110 109 107 107 108 108 107 109 104 104 104 103 104 105
 103 101 101  99 100 100  99  99  99  98  98  95  98 100 101  97  88  87
  83  81  80  80  71  68  70  79  83  85  86  89  96 104 110 115 117 110
 101  94  89  89  93  97  89  92  88  83  88  94  89  81  83  85  85  84
  84  87  89  90  86  84  85  85  83  82  82  80  82  77  78  81  77  74
  76  77  77  80  81  81  74  62  66  68  53  54  58  61  58  55  53  50
  47  44  40  39  41  45  49  53  53  55  55  56  60  63  64  66  67  70
  73  74  74  74  74  73  71  70  73  74  80  97 111 115 115 110 107 109
 112 110 108 111 111 111 111 112 112 113 113 114 115 115 116 115 115 115
 115  29]"
"[ 29  31 166 164 169 165 159 153 153 156 155 148 141 138 136 134 128 133
 130 125 126 126 125 126 125 121 121 120 119 118 116 119 118 119 118 116
 115 115 114 113 113 111 109 108 110 108 106 107 109 107 105 104 105 106
 104 103  95  95  99 102 102 101  99  97  98  93  94  96  99 100  98  99
 103  98  92  90  83  83  84  86  90  88  85  89  98 106 111 115 117 117
 111  96  79  65  59  57  72  79  79  76  80  84  81  78  78  79  79  77
  78  80  80  79  82  83  84  83  80  80  79  76  77  76  76  74  70  70
  72  71  70  71  65  69  63  60  64  58  56  56  56  54  52  52  50  46
  41  41  40  39  39  41  46  51  54  57  58  59  63  65  65  67  67  69
  72  73  73  72  73  73  75  76  82  86  96 108 111 110 109 110 111 110
 112 112 109 111 113 112 112 113 113 114 114 114 116 116 117 115 115 115
 114  28]"
"[ 28  28 173 170 173 171 168 163 165 169 168 162 157 157 159 159 154 156
 151 145 141 133 128 131 128 124 122 120 119 118 116 119 121 121 120 120
 118 116 114 113 113 112 110 111 112 109 107 108 109 107 105 104 104 104
 103 102 103 102 103 103 101 100 100  99  98  93  95  98  99  98  96  96
  97  97  95  95  91  96  97  95  93  89  85  89  97 104 110 116 124 124
 116  96  75  62  58  57  55  57  54  52  56  58  62  71  73  75  75  73
  71  71  69  66  69  75  80  80  77  78  76  71  70  74  75  72  68  66
  65  66  65  62  54  56  56  60  61  58  56  54  53  53  50  48  43  38
  40  40  40  40  40  42  47  51  56  60  61  62  64  66  66  67  69  69
  71  72  72  72  73  74  74  79  92 103 111 112 108 111 111 113 115 111
 111 114 112 115 114 114 114 114 115 115 115 114 115 115 116 115 114 115
 115  29]"
"[ 29  29 181 177 176 173 176 175 181 181 177 170 167 169 170 169 164 166
 164 163 161 151 145 150 136 135 137 135 132 128 122 121 124 120 116 117
 119 120 119 119 119 116 112 111 110 108 106 109 110 109 108 107 106 105
 104 103 103 103 104 104 101  99 100  99  97  92  94  96  96  96  94  94
  92  91  89  88  85  94  95  90  89  87  85  88  95 100 108 116 124 129
 126 111  92  77  66  59  58  58  50  47  53  56  55  58  52  57  59  56
  52  51  49  47  49  57  65  67  68  73  75  71  71  70  66  64  64  60
  58  63  57  54  51  48  51  52  50  54  49  45  47  49  45  38  37  40
  40  38  38  41  45  49  53  55  57  60  62  62  64  65  65  67  71  71
  71  72  73  73  74  75  79  92 105 109 111 110 108 113 115 114 115 112
 113 115 112 116 116 116 116 116 117 117 116 115 114 114 115 114 114 116
 116  30]"
"[ 30  28 179 182 178 176 175 186 181 182 187 177 174 175 177 175 176 170
 167 169 168 163 163 171 162 161 157 157 149 147 141 137 137 136 133 127
 125 124 123 121 115 117 115 112 112 115 114 110 113 110 106 108 109 107
 106 104 105 104 104 104 103 101 101 103  99  93  93  96  97  95  94  94
  90  89  86  82  82  89  92  90  86  82  81  83  90  97 105 118 126 127
 124 111  95  88  84  78  69  65  61  57  56  58  56  51  53  50  48  43
  37  36  38  38  38  40  45  47  52  56  60  66  66  61  64  60  57  52
  57  58  52  49  47  47  46  46  48  48  45  45  42  39  40  40  39  40
  37  38  41  45  49  52  57  60  61  63  64  65  66  66  66  70  72  71
  68  71  77  74  73  80  95 106 115 115 111 111 114 115 116 115 114 114
 115 117 117 116 115 115 116 117 117 117 117 117 116 117 117 116 115 116
 118  29]"
"[ 29  28 150 154 156 158 166 172 174 178 187 183 181 179 178 174 174 176
 175 172 170 169 170 172 175 172 170 172 170 170 166 163 158 160 156 146
 138 137 138 136 133 132 128 123 120 121 121 119 118 117 114 116 115 111
 110 108 105 108 105 102 100 105 105 104 100  96  92  94  95  96  94  88
  87  84  83  82  83  87  89  88  81  77  77  79  86  93 102 114 124 124
 119 106  95  90  89  86  89  89  88  83  76  73  71  68  67  58  50  44
  42  43  40  35  32  35  37  32  32  37  42  50  52  53  52  55  50  52
  52  54  46  41  39  41  45  46  43  37  39  38  35  33  36  39  40  42
  40  41  44  49  53  55  57  58  60  65  67  68  69  70  71  72  73  71
  70  75  79  77  84 101 109 113 115 115 114 115 116 115 116 116 115 114
 115 117 117 117 117 117 117 118 118 119 119 119 116 118 118 118 117 117
 118  28]"
"[ 29  30 143 144 145 143 144 143 142 144 153 153 157 163 170 175 178 176
 176 179 179 173 174 182 173 171 173 173 172 168 169 169 172 172 168 162
 162 164 161 153 151 152 151 146 138 130 125 122 125 119 113 116 121 119
 115 109 112 114 109 106 103 108 107 105 102 103  97  97  97  97  96  89
  83  80  80  83  84  85  85  83  73  70  69  71  76  84  92 105 116 115
 107  95  88  85  84  83  82  80  81  84  88  91  91  86  82  74  66  62
  61  61  53  42  40  40  38  30  33  45  56  66  58  53  40  36  33  34
  30  32  31  30  32  34  36  37  36  31  32  32  30  30  35  39  40  41
  42  45  50  53  54  54  56  58  61  65  67  68  70  70  70  72  73  74
  73  75  82  90 101 115 116 115 114 115 117 119 119 118 118 118 117 116
 116 118 118 118 118 117 117 117 118 120 120 120 118 120 121 121 120 120
 120  29]"
"[ 27  29 168 169 168 165 153 153 149 144 146 144 143 143 143 143 155 155
 155 158 163 165 168 173 174 171 176 176 176 171 175 177 172 175 175 172
 170 170 169 165 163 166 168 166 159 150 145 144 143 140 134 133 130 125
 125 124 125 123 119 121 118 120 116 117 109 111 104 104 103  98  96  89
  82  79  80  82  82  82  80  76  72  68  67  67  72  78  86  97 106 107
  99  90  86  83  80  81  80  80  81  80  78  80  82  82  82  79  77  74
  72  70  64  54  52  50  48  47  57  74  87  98  96  87  69  50  44  28
  22  23  21  23  26  26  23  25  28  29  28  29  30  31  36  39  39  40
  44  49  55  56  54  53  57  62  64  65  66  68  70  69  69  73  72  74
  74  78  92 105 112 116 115 114 115 117 119 119 120 122 121 121 120 119
 118 118 119 119 119 118 117 117 119 120 121 121 121 121 122 122 121 121
 121  29]"
"[ 31  30 191 193 193 191 186 188 185 176 172 171 167 162 151 144 142 137
 136 141 148 148 148 151 152 148 153 159 167 167 171 171 177 177 176 175
 174 172 171 171 168 170 172 171 167 163 165 168 168 161 152 151 151 148
 145 140 143 140 135 135 131 130 125 125 125 124 116 114 110  98  90  85
  82  81  81  80  78  77  74  69  69  66  67  68  72  77  81  89  96  97
  92  87  86  83  80  82  79  77  77  75  74  76  80  80  76  77  77  75
  72  72  71  68  69  67  68  69  74  79  83  91 107 110 104  87  70  38
  22  24  23  21  19  18  18  21  23  23  24  28  30  33  37  40  41  42
  49  53  56  56  55  56  61  66  66  68  68  69  72  72  72  73  73  76
  84  97 110 115 117 120 118 118 119 121 121 119 120 123 123 123 123 121
 120 120 121 121 120 119 119 119 121 122 122 122 121 121 120 120 119 120
 120  29]"
"[ 29  25 184 186 186 183 188 187 187 183 184 188 185 186 182 182 186 173
 165 167 165 152 142 144 143 140 142 145 147 145 146 144 149 147 150 160
 169 173 174 174 172 175 179 180 177 175 175 177 176 177 175 174 170 165
 167 168 167 166 161 154 153 153 151 145 145 146 138 124 110  95  86  87
  83  83  83  79  74  73  70  66  63  62  65  68  73  76  77  83  86  87
  85  83  82  80  79  80  81  75  72  72  74  76  76  73  66  66  67  67
  65  65  66  65  70  72  77  80  81  81  83  93 102 115 119 118  97  65
  35  32  26  21  18  18  20  22  23  22  23  27  30  33  38  42  45  49
  53  53  53  54  58  62  65  66  66  71  72  70  71  74  73  70  69  81
  97 110 114 116 117 118 124 122 121 122 123 123 123 124 123 124 124 122
 121 122 122 122 121 121 121 121 122 123 122 122 122 122 120 119 119 120
 120  29]"
"[ 29  30 181 182 184 183 187 184 178 179 184 188 183 184 182 186 194 194
 190 186 186 185 179 173 169 168 166 163 153 147 142 139 141 142 144 146
 146 145 147 150 155 159 164 167 168 168 169 170 176 175 172 174 174 171
 170 168 171 170 171 165 170 170 172 167 163 164 151 119 100  94  87  89
  84  83  82  79  72  68  67  66  62  61  63  66  73  77  78  83  84  84
  86  86  83  81  81  82  80  77  76  76  73  73  75  75  68  66  67  67
  65  64  65  66  74  78  83  83  82  82  85  94 100 113 120 126 115  88
  54  40  30  24  22  23  23  23  24  25  24  27  29  32  38  43  47  51
  51  52  54  56  61  65  67  66  67  71  73  73  74  75  77  80  91 102
 115 120 121 123 126 125 127 124 122 123 125 126 126 125 124 124 124 123
 122 122 123 123 122 122 122 122 122 122 122 122 123 122 121 121 121 122
 121  29]"
"[ 27  31 181 180 182 187 182 183 182 179 179 182 180 184 181 182 181 182
 181 182 185 186 185 186 188 187 185 187 182 181 175 171 167 161 153 146
 143 144 145 146 145 145 144 143 145 151 158 163 165 167 167 171 171 170
 172 173 173 169 174 171 179 174 177 174 174 168 145 102  88  95  87  86
  82  79  79  77  70  64  64  65  61  59  59  61  68  74  77  83  82  82
  88  90  86  84  86  86  85  78  75  75  77  79  78  75  74  69  67  65
  61  60  65  69  74  78  83  82  82  83  83  87  99 110 122 124 122  96
  66  44  38  29  25  26  26  24  24  24  25  27  28  31  37  42  45  47
  48  53  58  61  64  66  68  67  70  68  71  78  81  78  85  99 115 113
 117 122 123 124 127 130 128 127 125 125 126 127 126 125 124 124 124 122
 122 122 122 122 123 123 123 122 122 122 122 122 122 122 121 122 122 123
 121  29]"
"[ 29  28 194 192 190 190 188 188 185 182 180 181 184 185 184 183 180 179
 180 182 182 181 180 182 183 181 180 179 180 183 186 188 190 187 188 187
 183 182 177 165 155 153 148 145 143 143 146 147 139 138 136 141 139 142
 146 155 153 154 160 167 172 173 182 183 178 159 115  89  91  92  87  81
  80  78  80  74  66  57  61  58  57  57  56  56  64  64  74  81  96 100
 103 100  92  86  89  94  89  83  80  81  81  78  74  71  72  67  64  63
  61  62  66  68  73  80  81  78  78  78  80  85 101 109 122 125 120  97
  58  40  32  32  31  30  27  24  24  26  26  26  28  30  31  36  43  46
  57  60  61  62  67  70  70  71  73  73  78  81  81  87 102 115 116 117
 120 124 126 127 129 130 130 128 127 126 127 126 126 125 123 123 124 124
 124 123 123 123 124 124 123 123 123 122 122 123 121 122 122 124 124 126
 124  28]"
"[ 30  29 195 194 193 194 192 192 194 192 190 189 189 186 183 180 180 180
 181 182 181 179 179 181 179 178 177 177 177 178 180 181 180 177 181 184
 183 185 187 183 180 183 182 181 177 171 166 160 150 146 145 143 141 136
 138 143 138 137 142 144 143 141 150 154 144 125 100  93  93  90  87  82
  79  75  74  68  63  58  61  58  57  59  53  51  64  76  99 116 119 118
 114 109 105 103  99  95  94  92  87  84  81  74  69  69  68  65  67  69
  69  68  68  68  72  74  74  73  74  76  78  81  93 107 123 121 120  96
  48  32  32  30  28  27  25  24  24  25  25  25  27  29  31  38  46  51
  59  62  63  64  69  72  71  73  75  78  81  84  89 101 113 119 121 121
 124 127 129 130 130 130 129 129 129 129 130 128 127 126 125 125 125 126
 126 125 124 124 123 123 123 123 123 122 122 122 124 124 124 124 124 125
 124  29]"
"[ 30  29 195 196 195 196 195 196 195 194 194 195 195 193 191 190 192 190
 189 187 182 178 176 177 181 181 181 181 180 179 178 178 182 176 177 180
 178 176 178 179 180 183 181 181 182 184 187 184 184 179 177 172 170 161
 160 159 152 147 144 138 132 129 135 130 117 101  94  99  95  88  86  79
  79  75  73  66  64  59  58  54  56  53  54  70 104 134 149 144 136 133
 129 126 125 122 114 106  99 100  92  81  75  73  70  70  68  66  68  71
  72  72  72  71  72  71  72  71  69  72  77  80  90 103 120 122 125  96
  42  32  32  29  25  24  24  24  24  24  25  27  30  31  34  42  49  53
  57  63  63  64  71  73  72  76  81  84  88  95 104 116 122 124 127 127
 128 131 132 132 132 131 132 132 132 132 132 130 129 128 127 128 128 128
 128 127 126 126 123 123 124 125 125 124 124 124 126 125 125 126 125 125
 124  30]"
"[ 29  29 195 195 194 195 195 196 195 195 196 196 195 194 194 195 195 194
 194 195 195 194 195 196 189 190 190 190 189 186 184 183 181 175 175 179
 180 178 178 177 178 180 176 174 175 178 183 181 180 178 180 181 185 182
 183 183 182 177 172 164 161 159 153 131 109 100  98  99  91  86  82  73
  72  70  68  64  65  62  58  58  54  49  74 120 147 155 158 152 150 147
 142 137 134 130 127 125 117 100  81  69  63  67  72  72  70  68  69  72
  72  72  73  72  67  66  69  68  63  64  71  75  87  94 108 121 121  84
  39  37  33  30  26  24  24  24  24  24  25  30  34  35  39  44  49  51
  56  62  62  65  73  76  75  80  86  90  99 111 121 126 127 129 132 132
 133 134 135 134 133 133 136 135 133 132 131 130 130 131 129 129 129 129
 128 128 127 126 125 125 125 126 127 126 126 126 125 124 126 128 126 125
 123  29]"
"[ 29  29 194 195 194 196 195 197 195 196 197 197 196 194 194 195 197 196
 195 195 195 195 194 193 194 195 195 195 195 193 191 190 189 186 185 185
 184 181 178 175 178 179 176 175 176 179 182 180 179 179 177 180 178 178
 175 174 177 175 175 175 177 170 152 122 105 101  96  90  86  82  76  72
  72  67  61  59  60  57  48  53  53  79 111 137 149 152 153 149 145 146
 145 142 139 137 133 127 111  80  65  66  63  65  71  69  66  68  72  75
  73  71  70  67  64  63  66  67  61  61  67  71  83  88 100 113 101  61
  38  40  34  31  28  26  25  24  24  24  25  31  34  37  41  45  47  51
  57  61  62  67  76  79  80  84  91 100 112 123 131 132 132 135 134 135
 136 137 136 135 135 136 138 136 134 133 132 131 131 132 129 129 129 128
 127 127 127 126 126 126 126 126 127 126 127 127 125 125 126 127 125 125
 123  29]"
"[ 29  29 195 196 196 197 196 198 194 195 197 198 198 196 195 196 196 196
 196 196 197 197 196 196 195 195 195 196 196 196 195 195 196 198 198 197
 195 194 194 194 190 189 183 181 180 181 184 183 180 180 178 180 177 177
 172 171 173 170 171 172 169 151 133 114 102  97  90  85  85  81  73  75
  73  66  59  57  56  49  39  51  68 101 113 121 131 132 130 139 137 139
 137 131 132 134 125 110  78  64  65  67  60  65  73  66  65  67  71  73
  71  69  67  65  66  62  62  65  65  65  68  72  80  91  99 102  77  46
  41  40  36  33  31  28  26  24  23  23  24  29  32  35  41  44  48  54
  59  61  64  69  77  83  88  93 103 117 126 129 133 135 136 138 137 138
 139 139 137 136 137 139 138 137 136 136 135 134 133 133 130 130 129 128
 128 129 129 128 127 127 127 127 127 126 127 128 128 127 127 126 124 125
 124  29]"
"[ 28  29 196 199 198 198 197 198 197 197 198 199 198 196 195 194 194 195
 196 195 195 194 194 193 194 194 195 195 195 196 197 197 195 197 197 195
 194 194 195 197 194 193 190 192 193 192 193 193 188 189 189 188 187 186
 182 179 179 178 174 167 155 128 114 109  99  92  87  83  83  79  71  72
  65  60  54  53  53  51  58  92 137 163 157 142 139 137 127 126 123 126
 125 120 114 102  82  62  66  68  69  61  54  63  71  68  65  66  67  68
  65  65  65  64  62  58  56  58  61  63  67  73  79  91  96  88  64  46
  46  43  41  38  35  32  30  27  25  24  25  29  31  35  43  45  49  58
  60  61  67  75  80  90 102 108 119 130 134 133 136 138 139 141 142 142
 141 140 138 137 138 140 139 138 138 138 138 137 135 134 132 132 131 128
 128 129 130 129 128 128 129 129 127 126 127 128 128 129 128 126 125 127
 126  29]"
"[ 29  31 199 202 201 200 198 198 197 197 196 197 197 197 197 197 194 197
 199 198 196 195 196 196 195 195 195 195 195 196 197 197 197 197 195 195
 198 197 197 198 195 192 188 190 192 191 195 196 192 193 195 192 193 190
 189 185 181 184 180 166 149 119 107 107  96  89  87  80  77  76  68  65
  61  56  50  48  47  57  86 145 167 170 167 172 168 164 157 153 146 136
 122 108  92  77  69  68  66  65  64  64  67  68  68  68  64  64  65  65
  63  63  63  60  59  57  53  54  58  59  65  76  82  91  93  83  67  57
  54  50  48  44  40  38  35  32  29  27  26  31  33  38  46  47  50  60
  62  63  72  81  86  98 116 124 128 134 135 137 142 142 142 147 146 145
 143 141 140 139 139 140 141 139 138 138 138 137 135 134 133 133 131 128
 127 128 129 128 128 129 130 130 128 126 126 127 127 129 130 128 127 130
 128  29]"
"[ 28  29 201 202 202 202 200 199 195 199 201 199 198 196 196 200 199 200
 200 199 197 196 196 195 196 196 195 194 194 195 197 197 198 198 198 197
 197 196 196 195 193 192 191 193 194 194 194 193 195 193 194 196 195 194
 193 192 188 186 187 158 132 109 110  96  94  90  86  81  76  71  67  64
  59  51  51  45  50  82 138 160 166 163 162 165 170 162 160 160 154 133
 114  97  81  73  70  66  64  64  65  65  64  66  69  68  65  67  64  64
  65  61  59  56  56  56  54  53  54  55  65  81  86  93  87  79  71  64
  62  61  55  50  47  46  45  40  35  32  33  31  32  36  45  50  53  62
  70  70  82  86  97 117 121 126 131 135 140 142 143 144 145 146 146 145
 143 142 142 142 142 142 144 141 137 137 137 135 132 131 131 132 130 127
 126 128 129 129 130 130 131 130 129 128 129 129 131 129 129 129 131 129
 130  28]"
"[ 29  29 201 202 203 203 202 200 199 202 202 201 200 199 198 200 200 200
 201 200 199 198 197 196 195 196 196 196 196 197 197 197 197 197 197 196
 196 196 195 195 194 193 193 194 195 195 195 195 194 195 196 195 194 193
 193 194 191 191 177 140 111 100 103  96  85  85  82  78  75  72  68  63
  56  54  57  54  77 130 162 168 166 163 163 166 161 156 153 150 133 106
  88  84  77  67  64  64  62  63  64  64  63  64  66  64  64  65  63  64
  64  59  57  56  55  56  57  54  53  60  72  82  92  93  87  81  76  71
  67  62  66  58  52  50  51  48  43  39  35  33  32  35  45  51  54  64
  69  79  96 105 117 130 130 132 136 140 143 144 143 143 145 146 147 146
 145 144 143 144 145 146 145 142 140 139 138 136 134 133 133 133 132 131
 131 131 131 130 129 130 130 130 130 130 130 131 131 130 130 130 131 129
 130  28]"
"[ 29  29 201 202 204 204 203 202 203 204 203 203 203 202 200 201 201 202
 202 202 201 201 200 198 196 198 199 199 199 199 198 197 198 198 197 196
 196 196 196 195 195 194 195 196 197 196 195 196 194 197 196 195 195 195
 193 193 189 184 159 127 105 105 101  93  82  83  80  75  72  71  66  61
  59  58  56  71 108 162 176 177 174 171 168 170 165 167 147 118  93  87
  84  82  71  64  64  66  65  64  65  63  61  62  62  60  64  65  64  66
  64  55  53  53  58  49  50  53  52  60  80  94  95  94  90  87  83  80
  77  71  63  60  57  56  54  51  47  45  46  42  35  34  45  53  58  71
  75  92 106 114 124 132 133 134 139 143 146 145 143 143 145 147 147 147
 146 145 145 145 147 149 146 145 143 141 140 138 136 136 135 133 132 132
 133 132 131 130 130 130 130 131 131 131 132 132 131 130 131 130 130 129
 130  28]"
"[ 29  29 201 202 204 204 203 203 204 205 204 203 204 203 201 201 202 202
 202 202 203 203 202 201 199 200 201 201 202 202 200 199 201 201 200 199
 198 198 198 197 196 196 197 198 197 196 195 195 195 196 194 194 197 196
 193 193 193 170 140 117 104 106  99  90  84  82  78  73  70  68  65  61
  63  63  55  97 141 179 185 185 181 181 182 181 174 162 121  78  71  75
  79  75  70  69  66  59  66  65  65  62  59  60  60  57  59  60  57  59
  59  57  58  60  68  61  59  70  93 116 121 111 100  97  95  95  92  89
  88  81  75  75  74  71  64  56  49  46  48  46  38  35  47  58  67  83
  90 107 113 117 125 130 135 137 141 143 146 146 146 146 147 148 147 147
 147 146 146 146 148 149 147 146 144 143 142 141 139 139 137 133 130 131
 133 132 130 130 130 131 132 132 131 131 132 132 131 131 131 130 130 129
 130  28]"
"[ 29  28 201 203 204 204 203 203 204 205 204 204 205 204 202 203 202 202
 202 202 202 203 203 202 201 202 202 202 202 203 202 202 204 204 203 202
 201 201 201 200 198 199 199 200 198 196 196 196 195 195 194 195 196 195
 194 195 186 145 122 112 103  99  94  86  82  78  75  73  71  67  65  64
  65  63  65 123 167 188 185 184 185 186 192 179 147 103  77  76  71  69
  68  69  69  67  64  61  64  63  64  62  59  58  56  53  55  59  56  55
  56  56  59  58  72  84 101 122 136 137 134 136 125 118 111 111 108 104
 100  90  83  82  81  81  80  76  71  68  70  68  61  54  60  68  75  89
  99 114 117 121 128 131 137 138 142 144 146 147 149 150 151 150 148 148
 147 147 147 147 147 147 146 145 144 144 144 144 142 140 139 135 132 133
 135 134 132 131 131 132 133 132 131 130 131 133 131 131 131 130 130 129
 130  29]"
"[ 29  29 202 204 205 204 203 204 206 207 206 206 207 206 205 205 204 204
 203 203 203 203 204 203 202 203 204 203 203 204 205 205 204 204 204 203
 203 203 203 202 201 201 202 202 200 198 197 198 197 196 197 197 194 194
 196 196 170 123 109 106 103  95  91  82  81  77  74  74  73  68  64  64
  64  59  86 148 180 188 184 189 190 185 165 117  88  73  70  75  68  68
  68  69  66  63  64  69  65  64  65  63  59  56  53  48  45  52  51  49
  51  60  75  83 110 127 136 136 138 136 126 120 122 118 114 115 114 112
 112 109 104 102  97  92  88  85  84  84  79  77  71  64  67  77  87  99
 104 114 116 121 127 129 135 137 143 144 146 148 150 152 152 150 150 149
 148 148 149 148 147 146 146 146 146 146 146 146 143 141 138 136 136 137
 139 138 135 133 131 132 132 132 131 131 132 133 132 132 132 130 130 130
 131  29]"
"[ 29  29 202 206 206 205 204 206 208 208 207 207 209 209 207 206 207 207
 207 205 204 204 204 203 203 205 206 205 204 205 205 206 203 204 204 203
 203 204 203 202 203 203 203 202 201 200 199 199 200 198 200 200 196 199
 197 186 156 116 104  97  95  90  87  81  80  76  73  73  72  68  65  63
  62  69 115 171 190 190 193 190 176 133  95  73  72  75  69  70  64  65
  65  64  66  66  64  64  66  65  64  61  58  58  57  53  44  47  47  56
  75 101 127 141 138 137 136 135 135 132 123 116 109 109 104 102  99  95
  99 105 109 108 103  96  90  89  92  96  94  90  86  78  77  86  95 103
 108 112 115 120 125 130 137 141 145 146 146 148 150 152 151 150 151 151
 150 150 149 148 148 147 146 147 148 148 148 147 144 141 138 138 138 139
 140 140 137 135 133 132 131 131 133 134 133 132 134 134 133 131 131 131
 131  28]"
"[ 29  30 203 207 208 206 205 207 210 209 207 208 210 210 208 207 208 209
 209 207 205 204 203 202 204 206 207 206 205 204 204 204 203 204 204 204
 203 203 203 202 203 203 202 202 202 201 200 200 202 198 200 201 199 204
 195 172 128 108 105  97  92  88  83  80  76  74  71  69  68  68  67  64
  66  91 140 184 194 192 197 164 109  81  71  73  72  75  65  63  64  65
  65  65  66  65  64  66  64  62  59  57  57  61  64  64  68  66  70  96
 133 158 168 167 163 163 162 154 141 129 110  89  75  75  69  69  70  69
  75  83  86  85  83  82  83  86  90  92  95  93  94  90  88  94 100 101
 105 106 112 120 125 131 138 143 147 147 148 149 150 151 152 152 151 152
 151 150 149 148 148 149 146 149 150 150 148 147 144 142 139 140 140 138
 139 140 139 136 135 132 130 131 134 135 134 132 136 135 134 131 132 132
 132  28]"
"[ 29  28 203 208 208 207 208 208 209 208 209 210 210 210 209 209 211 211
 211 210 209 207 205 205 203 206 207 207 207 205 204 205 205 204 203 206
 205 203 204 202 202 203 201 205 204 199 200 201 199 200 204 200 202 201
 181 142 110 106  99  91  84  81  80  81  73  72  71  70  73  68  73  68
  72 117 167 193 197 195 172 124  80  78  75  72  70  69  66  64  64  65
  64  63  64  66  66  64  61  58  55  56  59  60  63  68  74  71  96 135
 158 165 163 163 167 161 162 146 121  98  67  45  45  47  50  55  55  50
  57  74  80  73  70  74  79  81  83  85  91  93  90  86  94 104 104  99
  97 101 107 116 123 128 136 147 147 148 148 149 152 153 152 153 152 154
 153 150 148 148 149 148 148 149 149 149 148 147 145 144 140 140 141 141
 140 139 138 137 135 134 133 133 133 134 134 133 134 133 132 133 133 132
 133  28]"
"[ 29  29 204 209 208 207 208 208 207 207 208 209 210 209 209 209 209 209
 209 209 209 207 205 203 207 208 207 206 207 207 207 208 206 205 203 204
 203 204 203 202 200 202 205 204 200 202 200 200 201 200 203 202 201 197
 157 118 104 100  93  85  82  82  80  77  72  71  73  71  72  72  73  70
  90 147 184 194 200 180 138  96  73  72  70  68  66  65  64  64  65  65
  64  65  66  67  65  61  57  55  57  56  52  58  67  66  65  79 124 162
 165 158 165 167 165 146 125  90  55  42  41  47  52  53  54  53  49  46
  52  62  66  64  65  72  79  81  81  81  85  87  87  89  98 103  97  89
  87  88  93 104 115 123 133 143 146 148 148 150 154 155 154 155 153 154
 153 150 148 150 151 150 150 150 150 150 149 147 146 145 144 145 144 143
 141 139 137 137 135 135 134 135 136 136 136 136 135 134 133 134 134 133
 134  28]"
"[ 29  29 204 209 208 208 208 207 207 206 207 208 209 209 208 208 210 210
 210 211 212 210 208 206 210 209 206 205 208 209 208 209 206 206 203 204
 203 207 202 204 204 211 193 175 170 173 173 182 194 205 204 204 203 169
 123 107 101  97  88  80  77  78  76  71  65  69  74  75  72  73  70  77
 120 171 192 193 193 153 103  77  68  66  65  64  62  61  62  65  62  61
  61  63  65  64  61  56  57  54  54  53  52  54  56  52  71 113 155 168
 169 167 167 147 110  78  56  47  49  54  50  46  51  52  53  51  47  48
  55  60  59  60  64  71  75  76  74  72  72  74  76  81  86  85  76  70
  76  79  86  96 106 114 127 141 144 147 149 151 154 155 155 155 154 154
 152 149 149 151 152 153 153 152 151 150 150 149 147 146 146 146 145 144
 142 140 139 139 136 136 136 137 137 137 137 137 135 135 135 136 136 134
 135  29]"
"[ 29  29 204 209 208 208 208 207 207 207 207 208 209 208 207 207 208 208
 209 209 210 209 208 207 209 209 206 207 210 211 208 207 205 206 205 207
 205 208 203 209 209 202 163 142 139 145 154 169 176 196 200 203 192 128
 105 105 100  94  85  77  73  72  70  67  61  66  71  76  76  73  64  89
 152 186 196 196 180 134  90  73  66  65  64  63  60  58  60  64  63  63
  63  63  63  62  59  57  58  56  52  54  57  48  51  72 116 152 166 159
 160 136 111  85  64  55  55  55  53  51  48  50  50  51  53  52  48  52
  58  60  61  63  66  68  70  69  67  64  62  63  64  67  70  66  63  64
  74  78  85  93 100 108 121 136 143 147 150 151 154 155 154 154 153 153
 151 149 150 151 153 153 154 153 151 151 151 150 149 148 146 146 145 144
 144 143 141 141 138 139 139 139 138 138 137 137 136 136 136 137 137 135
 136  29]"
"[ 29  30 204 208 208 208 207 206 208 208 208 209 208 208 207 207 208 209
 209 208 207 206 208 209 209 209 207 208 212 212 208 206 207 208 207 209
 206 206 206 212 202 152 116 105  98 112 131 152 166 182 195 196 161 108
 108 101  96  86  77  73  73  71  68  67  65  68  67  75  78  72  65 111
 167 194 197 194 165 120  77  61  66  65  64  63  60  57  59  63  65  65
  64  63  60  57  56  56  60  58  54  53  50  46  67 107 136 148 134 110
  99  69  62  61  59  55  55  53  50  49  49  52  52  50  53  55  53  56
  60  61  64  65  66  66  66  65  62  59  56  53  50  53  58  60  63  69
  73  75  80  89  98 105 117 129 142 148 151 152 154 155 154 154 153 153
 152 151 151 152 153 154 154 153 151 151 151 152 151 150 149 147 146 145
 145 144 141 139 140 140 140 140 139 138 137 136 136 137 136 137 137 136
 137  29]"
"[ 29  30 204 207 206 207 207 206 207 208 208 208 207 207 207 208 210 210
 210 207 205 205 207 209 210 210 207 208 210 210 208 208 210 209 208 208
 205 204 209 208 182 118 101  91  83  88  97 131 151 170 177 161 118 102
 101  93  91  78  68  69  73  72  68  66  68  72  71  74  73  69  80 145
 186 204 197 192 164 112  69  64  66  65  65  63  60  58  60  64  65  64
  61  58  55  52  52  53  52  54  54  50  53  74 100 112 103  90  68  53
  56  59  66  60  56  53  50  49  51  52  51  49  53  52  55  58  59  61
  64  65  65  66  66  65  64  62  59  55  50  43  37  41  52  60  64  68
  67  71  77  86  94 101 114 128 140 147 151 152 154 154 154 154 154 153
 153 153 153 153 153 154 154 153 152 152 152 152 152 152 151 149 147 147
 147 146 143 141 140 140 140 139 139 138 137 136 137 137 136 137 138 137
 137  28]"
"[ 29  29 203 206 205 206 206 205 207 208 208 208 206 205 206 208 208 208
 208 206 204 203 205 207 210 210 208 207 208 208 207 208 209 209 207 204
 204 203 211 195 145 105 104  94  89  82  80 102 127 151 145 126 102 103
  95  92  84  74  66  68  72  71  68  66  68  71  72  72  67  72 106 174
 197 201 190 182 158 100  66  68  65  65  64  61  59  59  62  65  64  60
  56  55  53  51  50  50  50  49  51  55  65  82  83  67  57  53  56  59
  59  58  60  57  52  52  50  50  51  51  52  53  58  58  58  58  60  61
  62  64  65  64  63  63  62  59  54  50  47  41  35  39  53  63  66  66
  66  71  78  85  90  96 111 128 140 147 152 152 153 154 154 155 155 155
 154 154 153 152 153 154 154 153 153 153 152 152 152 152 151 150 149 148
 148 147 145 144 142 141 140 140 140 139 138 137 138 137 136 136 138 139
 138  29]"
"[ 28  29 203 205 204 205 206 205 207 208 208 207 204 203 205 207 209 209
 209 208 207 207 207 208 208 209 207 206 207 206 206 207 205 207 206 202
 205 204 212 183 125 101  97  85  80  78  85  80  94 110 103 103 100  97
  91  77  76  72  68  69  71  70  69  68  68  66  67  67  65  83 127 186
 200 197 189 175 152  97  72  67  63  63  61  58  57  58  62  64  59  53
  49  48  50  49  47  44  46  42  51  76  91  82  65  58  61  63  62  59
  58  59  55  56  51  52  50  50  50  49  53  58  56  59  57  55  59  61
  62  63  63  60  58  59  58  55  51  48  42  39  36  40  53  64  67  66
  72  74  77  83  89  96 110 125 141 148 153 153 154 155 155 156 155 155
 155 154 153 152 152 154 154 154 154 153 153 152 152 152 152 152 151 149
 147 146 145 144 145 144 142 142 142 141 140 139 138 138 136 136 139 140
 139  29]"
"[ 29  29 201 204 205 205 205 206 207 207 206 204 203 203 205 207 207 207
 208 210 209 207 206 205 207 207 208 208 206 204 206 209 208 203 210 203
 206 203 205 161 117 104  93  84  77  79  83  82  90  88  90  95  96  94
  85  74  75  69  67  69  68  66  66  66  66  63  65  58  55  99 161 196
 204 203 189 169 138  87  70  70  66  62  59  57  57  61  61  57  54  46
  47  47  46  48  47  44  37  55 102 121 104  74  52  57  57  56  55  56
  56  53  51  52  51  51  50  48  48  50  53  56  57  58  59  54  57  60
  56  59  58  56  58  57  53  52  48  44  40  43  38  49  56  64  66  67
  74  73  77  81  88  96 106 121 140 149 154 153 153 155 155 154 155 156
 156 153 152 153 154 154 154 155 155 154 153 154 154 153 154 153 152 152
 150 149 147 146 146 146 144 143 143 144 142 139 139 138 137 137 139 140
 140  29]"
"[ 29  29 203 206 207 206 206 207 206 207 208 207 205 205 205 206 205 205
 206 208 208 208 207 207 208 208 207 206 205 204 206 209 207 207 201 206
 203 208 192 137 105  93  84  79  74  77  82  81  85  86  89  96  96  91
  84  77  71  69  70  71  69  65  65  65  65  64  64  55  71 124 180 204
 201 203 193 163 134  87  69  72  66  62  60  61  61  60  58  54  46  48
  48  44  47  48  41  42  65 123 150 139  93  67  54  54  58  57  55  54
  53  50  49  52  54  54  52  49  49  51  54  56  55  57  56  54  58  60
  56  56  58  57  56  53  48  50  46  43  44  45  46  53  56  62  65  68
  71  71  73  75  82  95 109 124 139 146 151 152 153 155 155 156 154 156
 156 154 154 154 154 154 153 154 154 154 155 156 155 154 153 153 152 151
 150 149 149 148 147 146 144 143 143 144 142 140 140 139 138 138 139 140
 140  29]"
"[ 29  29 203 207 207 205 204 205 205 206 207 207 206 205 206 206 204 204
 205 207 207 207 208 208 209 208 206 204 203 205 207 208 205 201 203 201
 202 203 176 112  96  85  79  76  73  74  78  79  82  85  88  94  94  85
  80  72  69  69  72  72  67  64  65  65  65  66  63  55  88 142 186 201
 201 199 187 149 124  87  68  67  66  62  62  65  64  61  57  53  50  47
  44  44  49  43  40  68 131 172 160 128  71  65  56  53  55  56  54  52
  50  48  48  52  55  55  53  49  48  50  53  54  53  57  55  56  58  58
  57  55  52  55  54  55  49  49  46  46  66  53  54  53  56  61  65  67
  69  70  71  69  77  94 109 122 142 147 151 153 155 155 154 155 154 155
 156 155 155 155 154 154 154 154 154 155 157 158 157 155 154 153 153 151
 151 151 151 151 148 147 146 145 145 145 143 142 141 140 140 140 139 139
 139  29]"
"[ 29  29 204 207 206 204 202 203 204 204 204 204 204 204 206 207 206 205
 206 207 207 207 207 208 208 208 206 203 203 205 206 205 205 204 201 201
 200 193 140  98  90  82  76  75  73  73  75  76  79  82  85  93  97  87
  81  73  69  70  70  68  64  64  65  65  60  62  60  55  99 147 181 194
 198 199 187 147 108  77  70  70  64  62  64  66  65  62  58  55  50  44
  43  44  43  47  82 150 179 180 156 111  53  58  51  51  51  54  55  53
  51  48  48  53  56  56  53  50  48  51  53  53  54  56  52  52  53  52
  57  57  47  55  55  55  46  53  71  91  84  57  58  55  59  62  64  65
  65  67  69  68  76  92 106 120 144 149 153 154 157 157 155 154 155 155
 155 155 155 155 155 154 155 155 155 156 158 158 157 156 154 154 153 152
 152 152 152 153 148 147 146 145 145 145 144 143 142 141 141 141 140 140
 139  28]"
"[ 29  30 204 207 206 204 202 203 204 203 203 203 203 204 205 207 207 207
 207 208 207 207 206 207 206 206 205 203 204 205 205 203 202 206 199 199
 203 165 109  95  82  76  72  72  72  72  74  75  80  78  87 101 106  90
  83  77  72  69  67  65  64  66  67  65  60  62  61  56 100 144 170 186
 198 197 179 146  95  72  71  65  61  63  66  67  65  64  61  56  53  49
  52  51  46  67 113 173 182 169 144  87  45  52  49  49  49  53  55  54
  52  49  50  55  56  56  55  52  52  53  55  57  59  60  57  60  61  59
  59  54  56  69  76  83  83  90  99 102  84  53  59  59  63  60  61  64
  61  62  66  68  76  88 103 119 141 149 153 153 156 159 157 154 156 155
 155 155 155 155 154 154 155 154 155 155 156 156 155 155 154 154 153 153
 152 152 151 151 148 146 145 144 144 144 143 143 144 142 141 142 142 141
 140  29]"
"[ 29  30 204 207 207 205 204 204 204 204 204 204 205 205 205 204 206 206
 207 208 208 207 206 206 204 204 204 203 204 205 204 202 202 201 206 199
 182 122  98  90  76  73  69  68  69  71  72  73  75  75  99 119 117  93
  83  81  75  71  68  68  69  71  71  67  65  67  64  56  91 132 159 179
 197 194 169 141  90  73  71  58  60  63  67  68  66  65  62  56  57  50
  47  46  44  81 133 174 173 158 113  61  48  50  51  47  51  54  55  53
  52  51  53  56  56  55  55  55  55  56  60  65  74  72  75  84  92  96
  96  89  93 100 104 108 116 124 122  99  83  53  57  58  63  60  60  62
  64  62  64  67  72  82  98 117 140 149 154 153 156 159 157 155 157 156
 155 155 155 154 155 155 155 154 154 155 156 156 156 156 155 154 154 154
 153 153 151 150 148 147 145 145 145 144 144 144 145 143 142 144 143 141
 140  29]"
"[ 28  29 203 207 207 205 204 204 204 204 204 205 205 205 204 203 205 205
 206 207 207 206 206 206 204 203 203 204 204 203 203 202 205 204 207 182
 129  97  87  77  75  73  69  65  67  70  71  72  67  84 130 145 129  99
  87  83  77  72  70  72  73  75  74  70  66  66  67  59  77 112 144 177
 187 193 173 136  83  68  68  65  64  64  66  68  67  66  63  58  53  55
  55  57  48  82 137 172 166 146  91  57  53  47  48  45  50  53  53  52
  52  52  52  55  53  51  52  56  58  61  68  76  85  86 100 116 130 142
 146 145 143 147 148 139 134 131 129 100  82  58  59  59  62  61  61  62
  65  63  64  65  69  79  96 117 141 149 153 154 156 157 157 157 158 157
 157 157 156 154 155 157 157 155 154 156 157 157 157 158 156 155 154 154
 154 154 152 150 150 148 147 147 147 146 145 146 145 144 145 145 143 139
 139  30]"
"[ 29  30 203 207 208 206 204 204 204 203 203 203 203 204 203 203 205 204
 205 206 206 206 206 206 206 204 203 204 204 202 201 202 199 202 202 138
  97  94  81  72  73  73  68  64  67  71  73  73  75 108 168 169 137 104
  87  77  76  72  70  72  73  74  74  72  71  67  71  65  67  90 126 172
 180 188 169 123  76  65  61  66  69  64  63  66  67  66  64  61  56  60
  54  54  49  87 140 166 161 129  71  51  47  48  50  48  47  50  51  52
  53  52  51  52  50  48  51  57  61  64  74  84  83  96 129 152 163 166
 159 154 147 142 143 137 136 130 131 103  73  61  66  64  62  60  62  63
  62  62  64  64  68  80  99 120 139 145 151 153 156 157 159 162 159 158
 158 158 157 155 155 157 159 156 154 155 158 158 157 157 156 154 153 153
 154 154 152 150 151 149 147 147 147 146 146 147 145 145 147 147 142 138
 138  30]"
"[ 30  29 201 205 206 206 204 203 206 206 205 205 204 204 203 203 202 204
 205 206 205 205 206 206 205 205 202 204 203 201 202 201 204 203 169 103
  97  87  74  74  72  71  67  67  66  70  71  73  87 157 183 177 142 105
  94  87  79  76  74  74  73  73  74  72  72  72  74  72  70  81 118 163
 180 182 163 119  74  69  61  65  66  66  65  64  67  68  66  65  60  58
  59  57  57 100 141 156 145 111  52  50  49  50  47  47  46  46  50  52
  51  51  51  50  49  52  53  55  60  68  77  87  93 136 164 166 165 164
 158 154 153 146 143 140 136 132 130 102  74  52  61  63  62  64  63  63
  60  62  59  65  68  80 101 117 133 148 155 154 158 159 159 162 159 159
 159 158 158 159 158 157 160 159 159 159 159 159 158 158 156 155 154 153
 154 155 154 152 152 148 147 148 147 148 148 147 146 146 145 148 145 143
 143  28]"
"[ 29  29 201 205 206 205 204 205 205 204 204 203 204 203 202 201 202 203
 204 204 204 204 204 204 203 203 202 203 202 200 203 204 203 177 120 102
  97  82  77  69  69  66  66  68  70  73  70  80 137 189 195 183 150 123
 102  86  82  78  76  75  74  74  74  73  74  72  74  75  73  78 107 147
 173 166 154 113  72  65  63  61  64  65  65  65  69  71  71  72  67  65
  65  62  66 106 141 150 120  84  39  43  46  50  52  54  51  49  49  51
  51  51  50  49  55  50  48  55  58  64  84 111 143 165 177 173 169 166
 160 157 152 148 145 141 135 130 127 101  79  57  58  60  61  63  61  57
  58  58  58  62  64  69  91 108 126 143 153 155 158 159 157 159 158 159
 159 159 159 160 161 160 161 160 159 159 159 159 158 158 160 159 157 155
 155 156 155 153 152 150 150 152 151 151 150 148 147 146 145 148 146 144
 144  29]"
"[ 28  29 202 205 205 204 204 206 205 205 204 204 204 204 203 202 203 203
 204 204 204 204 204 204 203 204 203 204 201 199 204 204 194 141 100 104
  94  82  74  74  69  66  67  68  75  78  73  99 173 200 195 186 158 133
 104  90  81  78  76  75  73  73  73  71  73  72  76  78  75  78 104 142
 168 160 148 103  73  65  66  61  64  66  65  66  70  72  74  77  74  75
  76  75  82 115 141 143 111  72  42  47  48  51  55  56  55  53  53  52
  51  50  51  52  51  57  59  66  70  91 123 155 170 173 172 169 168 167
 165 162 154 151 148 144 136 130 125 100  80  63  60  59  60  60  61  58
  57  57  60  63  65  65  86 105 123 141 154 156 158 158 157 157 158 158
 158 158 159 160 161 161 161 160 159 159 159 159 159 159 161 160 158 157
 156 156 155 154 154 152 152 153 152 152 152 150 148 147 145 147 146 144
 144  29]"
"[ 29  29 202 205 205 204 204 206 206 206 205 204 203 203 203 204 204 204
 204 204 205 205 204 204 204 204 204 203 200 200 204 202 167 111  98  96
  91  84  71  68  69  68  68  66  76  78  80 134 195 202 195 186 163 138
 104  90  80  78  78  77  74  72  72  71  72  71  75  76  74  76  97 130
 154 155 136  89  72  66  66  64  65  66  65  66  70  73  76  80  80  85
  89  91  98 121 138 136  97  63  49  52  50  52  58  59  57  60  61  59
  55  54  58  64  55  62  65  80 103 139 164 180 175 170 168 168 167 167
 166 161 158 154 151 146 137 132 124 101  77  64  60  59  60  59  62  61
  59  59  63  65  66  68  86 104 121 139 152 154 156 159 159 158 159 160
 159 158 158 159 160 160 160 159 159 159 160 160 160 159 160 160 159 158
 157 157 156 155 156 154 153 152 150 150 152 152 150 148 146 147 146 145
 145  28]"
"[ 29  29 201 204 206 205 205 206 206 206 205 203 202 201 202 204 205 204
 203 204 204 204 203 203 202 203 203 202 200 202 203 194 129 107 105  98
  87  76  77  70  65  66  67  67  72  71  92 172 200 198 194 180 168 149
 117  97  81  79  80  80  76  73  73  72  68  67  70  73  77  82  94 114
 133 134 115  81  67  63  63  66  64  64  63  65  71  75  79  84  90  94
  99 104 112 126 135 124  76  53  51  53  51  54  62  64  62  68  70  69
  68  68  73  81  90 101 118 145 166 177 174 172 176 171 171 171 168 167
 165 159 160 156 152 146 138 135 123 102  75  61  56  57  61  61  63  59
  59  60  62  65  65  72  85 101 116 131 145 151 155 159 160 160 161 161
 161 160 159 159 160 160 159 159 159 160 160 160 160 159 159 160 161 160
 160 159 158 157 158 155 154 153 150 150 152 152 150 149 146 147 146 146
 146  29]"
"[ 29  28 200 204 206 206 206 207 206 206 205 203 201 201 202 203 204 204
 203 203 203 204 203 203 203 203 202 201 200 202 196 178 113 104  94  91
  83  79  72  61  63  65  68  71  68  72 116 196 205 200 200 186 173 149
 118  96  83  80  79  78  76  74  73  71  66  66  68  70  76  82  92 108
 118 111 101  86  65  62  65  66  65  65  64  67  72  77  82  88  98 100
 106 114 123 131 132 109  61  52  54  55  52  56  64  67  69  75  78  80
  84  86  90  98 108 123 144 162 174 174 174 175 173 171 171 170 166 166
 166 162 161 157 152 146 138 137 122 102  74  59  58  58  59  59  61  60
  58  58  60  64  65  76  86 100 114 125 139 149 154 159 160 159 161 161
 161 160 159 160 160 159 159 159 160 160 161 160 159 158 159 161 162 161
 160 159 159 158 157 155 155 155 152 151 151 150 149 148 146 146 146 146
 146  29]"
"[ 29  29 201 204 205 205 206 208 207 205 204 203 204 204 204 203 204 204
 203 203 203 203 203 203 204 204 202 201 201 203 190 160 112 103  99  92
  78  79  66  67  65  66  69  70  66  97 158 204 201 197 200 196 184 161
 134 114  89  81  76  74  74  75  74  70  67  67  68  68  70  73  81  97
 108 100  94  86  67  63  67  64  65  66  67  69  73  77  84  93  98 105
 115 123 129 131 123  87  50  51  52  56  55  57  63  69  74  82  85  89
  96  99 103 111 123 138 156 163 174 175 175 170 176 174 172 171 168 167
 167 164 162 159 154 149 140 139 122 103  77  57  61  59  57  58  61  62
  58  55  59  63  67  75  84  97 111 118 132 145 153 158 160 158 160 161
 161 160 160 161 160 159 159 159 160 160 161 161 160 159 159 161 161 160
 159 159 159 159 158 156 157 157 155 153 151 149 150 150 147 147 146 146
 146  29]"
"[ 30  30 203 205 204 204 205 207 207 204 202 203 206 207 205 202 204 203
 203 203 203 203 203 203 202 202 201 201 203 206 188 152 109  99  95  88
  75  74  64  65  64  66  66  65  64 125 197 205 202 199 197 195 187 178
 151 125  95  84  75  72  75  77  76  71  65  63  66  70  74  73  76  89
  94  96  88  75  65  64  65  62  63  66  68  71  74  79  87  97  96 108
 124 129 129 124 110  65  50  56  54  59  58  57  61  69  77  87  93  96
 102 105 110 121 131 145 165 167 176 172 176 174 173 171 170 170 171 169
 168 166 163 161 157 151 142 141 123 105  81  55  58  57  57  62  62  62
  60  53  58  60  66  68  76  89 105 110 122 138 149 157 160 160 161 161
 161 161 162 162 161 160 159 159 159 160 161 161 161 161 159 160 161 160
 158 159 159 160 160 158 158 159 157 155 154 152 153 153 150 150 147 147
 147  29]"
"[ 28  30 204 205 203 203 204 207 206 204 203 204 204 204 203 204 203 204
 204 205 204 204 204 204 203 203 202 204 199 195 185 155 123 101  96  89
  76  71  72  65  64  67  65  57  82 159 193 203 197 196 197 196 193 184
 161 136 105  89  81  74  75  77  75  75  73  70  68  71  73  73  73  74
  87  87  83  73  65  62  61  60  65  68  68  72  72  76  91  99  96 111
 122 124 125 126 102  61  57  55  57  62  61  59  65  74  83  85  97 104
 113 113 120 131 139 151 163 174 178 177 177 175 173 173 172 171 171 169
 167 165 165 161 160 153 148 143 132 107  85  52  55  58  57  60  60  62
  58  55  55  60  67  73  78  81  99 104 112 130 146 153 157 159 160 160
 160 161 162 162 161 160 159 160 160 160 160 161 161 160 161 160 160 160
 160 160 159 158 159 157 156 157 157 156 154 153 152 153 152 149 150 148
 147  29]"
"[ 28  29 203 204 203 203 204 207 207 205 204 205 205 204 204 204 204 205
 206 206 205 205 204 203 205 204 201 201 197 195 185 154 128 108 100  89
  79  73  72  66  64  61  58  63 113 180 197 194 197 196 196 195 193 186
 166 142 111  86  75  75  77  77  75  77  72  70  69  69  69  69  69  70
  81  81  78  71  65  63  62  60  66  68  71  75  78  83  93  99 102 110
 119 125 125 115  86  47  54  54  58  62  62  61  65  73  82  88  99 109
 115 120 124 135 143 158 170 177 181 179 178 175 175 174 172 171 170 169
 167 165 164 161 160 154 151 145 132 108  81  49  52  56  57  61  60  61
  58  56  56  59  65  71  79  85  93 102 111 126 142 151 157 156 161 161
 162 162 163 162 161 161 160 160 160 160 160 161 160 159 159 160 161 161
 161 161 161 160 159 157 156 157 157 156 155 155 155 155 154 152 153 150
 149  30]"
"[ 28  29 202 203 203 203 205 207 206 205 205 206 205 204 203 203 204 205
 206 207 207 206 204 203 204 204 201 202 201 201 190 160 125 111  99  85
  80  77  74  71  70  62  63  75 127 166 180 189 198 198 198 196 194 190
 173 151 120  91  76  78  78  77  75  76  72  72  71  69  67  66  66  66
  71  71  69  66  64  64  63  62  72  73  78  80  85  93  97 101 108 113
 118 119 107  88  68  46  54  55  58  61  62  63  68  75  81  91 100 110
 115 123 126 137 146 167 177 180 183 181 179 176 176 174 172 171 170 168
 166 165 164 162 159 155 153 144 131 108  75  46  52  56  56  59  58  58
  54  55  57  61  64  69  76  83  89 102 110 121 135 148 156 156 161 161
 162 162 163 162 161 160 160 160 160 160 160 161 160 159 159 161 162 163
 163 162 162 162 160 158 157 157 157 157 156 156 156 155 155 153 154 151
 150  29]"
"[ 29  29 201 203 204 204 205 207 206 205 206 207 206 204 202 203 203 203
 204 206 206 206 205 204 203 204 203 202 200 199 185 157 121 111  96  80
  80  78  75  75  71  69  67  66 105 143 170 184 198 198 199 198 196 194
 181 161 132 102  82  81  77  76  74  73  73  74  73  71  68  67  66  65
  65  66  66  66  67  70  72  72  81  81  84  83  89  98 100 104 110 116
 118 110  88  70  63  58  54  56  60  63  64  66  71  76  79  89  99 107
 115 124 127 138 148 171 181 181 184 183 180 178 177 175 172 170 170 168
 167 165 163 163 159 155 153 144 132 110  73  48  56  58  55  56  55  56
  53  54  58  62  64  66  73  80  88 101 108 115 128 143 155 157 160 160
 161 162 162 162 161 160 160 161 160 160 160 161 160 159 160 161 162 163
 163 162 162 162 161 160 159 159 158 157 156 156 156 154 154 153 154 152
 151  28]"
"[ 29  29 201 203 204 204 205 206 206 206 206 207 207 204 203 203 202 202
 203 204 205 205 205 204 202 203 203 202 199 198 184 160 125 115  98  81
  81  78  74  76  73  72  69  63  79 116 161 188 196 197 199 199 198 197
 187 171 143 111  83  81  77  76  73  71  74  74  74  73  71  70  67  64
  62  63  64  65  68  72  76  78  83  83  86  84  91  99  99 104 102 109
 109 100  84  71  64  57  54  57  62  65  66  67  70  74  77  86  97 104
 119 124 129 140 153 177 184 182 184 184 182 179 178 176 173 172 171 170
 169 167 164 165 161 158 155 147 140 118  83  54  57  58  54  55  54  54
  55  55  57  59  61  65  73  81  87  98 105 112 124 139 153 158 160 160
 161 162 162 162 161 161 161 161 160 159 159 161 161 161 161 161 161 162
 163 162 162 161 161 161 160 161 160 159 157 157 157 155 155 155 155 154
 153  29]"
"[ 29  28 201 202 203 203 204 204 205 205 205 207 206 204 203 203 203 202
 202 202 203 203 203 204 203 203 204 202 201 200 189 171 132 116 100  84
  83  78  74  76  74  72  73  74  68  93 149 194 197 197 199 199 196 195
 188 176 153 118  80  78  77  76  72  72  73  73  73  74  73  71  67  64
  61  61  62  63  65  69  74  77  79  82  84  85  93  98  98 102 105 111
 110 106 101  94  83  70  64  64  63  63  62  63  67  72  77  84  95 103
 121 123 129 143 164 183 188 185 186 185 184 181 180 177 174 173 173 172
 170 168 165 166 165 163 159 153 151 126  94  56  52  51  50  53  51  51
  53  54  56  60  62  66  72  79  84  95 102 111 124 140 154 160 160 160
 160 161 162 162 161 161 162 161 160 159 160 161 162 162 162 162 162 163
 164 164 164 163 161 161 161 162 161 160 159 158 160 156 156 156 156 154
 154  29]"
"[ 29  29 201 203 203 203 202 203 204 203 204 205 206 204 202 202 203 203
 202 202 202 202 202 203 205 203 203 202 201 199 187 172 134 112  96  86
  84  79  76  75  70  73  72  72  68  96 151 188 199 197 198 199 195 194
 191 185 165 132  87  79  76  75  71  73  72  71  72  74  74  71  67  66
  66  64  63  65  67  70  74  76  77  81  81  86  95  96  96  99 104 109
 109 109 109 105  98  90  83  78  72  66  61  60  65  71  74  80  89 101
 118 122 131 152 174 186 190 188 187 186 186 184 181 178 175 174 173 172
 170 168 166 166 166 166 160 157 156 126  95  53  45  44  44  46  46  47
  48  50  54  58  61  63  68  74  82  93 100 109 124 142 156 161 161 160
 160 161 161 162 162 161 163 163 161 160 160 162 163 163 163 163 164 165
 166 166 165 165 162 162 162 162 161 160 159 159 160 155 156 156 154 154
 154  29]"
"[ 29  29 201 203 203 203 202 203 204 203 203 205 206 205 203 203 203 203
 203 202 202 201 202 203 203 201 203 203 204 202 189 175 136 108  93  86
  84  79  76  73  72  74  71  71  71  93 146 186 197 195 197 198 196 197
 198 195 173 148 100  81  73  74  71  74  71  70  72  75  75  71  69  69
  68  65  63  65  68  70  72  74  77  82  79  86  95  93  94  96 100 104
 105 109 111 108 105 104  97  92  85  78  69  63  64  68  69  75  81  99
 114 124 136 165 179 186 189 189 188 187 188 186 182 180 177 175 175 173
 171 168 167 166 166 166 160 157 156 122  89  48  43  42  40  40  41  45
  46  48  50  53  55  57  65  72  82  93  98 105 121 142 158 161 163 162
 162 162 162 163 163 162 164 164 162 161 161 162 163 162 162 163 165 166
 166 165 164 164 163 163 162 162 161 160 159 159 159 154 155 155 154 153
 154  29]"
"[ 29  29 200 203 204 204 203 203 202 203 204 205 206 205 204 203 202 203
 203 202 202 202 201 201 203 202 203 202 201 202 193 175 138 115 100  96
  86  80  76  71  70  72  71  69  70  85 128 177 195 198 195 196 199 196
 195 196 174 154 121  74  69  73  71  71  70  71  73  73  72  72  72  71
  71  70  67  66  67  69  72  74  75  78  80  83  89  93  96  98 100  99
 105 108 105 104 107 109 105 103  98  95  87  77  71  66  68  72  80 102
 115 127 136 169 186 189 191 190 189 188 188 189 187 186 182 178 175 172
 171 170 168 165 166 164 159 163 157 120  82  48  47  40  40  39  41  42
  46  47  49  49  52  56  60  68  71  92  98 102 124 148 156 161 162 163
 162 162 162 162 162 162 162 163 163 163 163 163 163 163 163 164 166 166
 164 164 164 165 164 164 163 162 160 159 159 160 158 157 157 155 154 154
 155  30]"
"[ 30  29 201 203 203 203 203 203 203 203 204 205 206 205 204 203 203 203
 203 203 203 202 202 202 202 202 203 202 200 201 194 178 148 119 103  96
  89  83  77  71  69  70  71  72  67  72 114 168 189 193 194 192 194 195
 194 194 182 160 137  80  63  68  69  72  72  72  72  73  73  74  73  73
  72  71  68  67  66  68  71  73  74  77  79  81  87  92  96 100 103 102
 106 106  99  96 100 103 106 107 104 102  99  91  83  74  74  78  87 102
 112 132 153 183 190 192 193 192 190 189 188 188 188 188 185 181 177 173
 170 167 169 165 165 163 160 164 159 124  85  56  52  47  44  42  44  45
  45  46  48  49  52  56  60  69  69  89  98 102 125 145 155 159 162 162
 162 161 161 162 162 162 162 162 163 163 163 163 162 162 162 164 164 164
 162 162 163 164 164 163 163 162 161 159 157 157 159 158 157 156 157 158
 158  28]"
"[ 30  29 202 203 203 202 202 203 202 203 203 204 204 203 203 203 203 203
 203 203 202 202 201 201 201 201 203 201 199 200 195 182 152 119 106  93
  89  84  78  74  71  69  71  74  65  62  96 147 168 175 183 180 184 192
 190 191 189 164 147  84  62  68  67  69  75  73  72  73  74  75  75  74
  72  71  69  66  65  66  68  71  73  76  77  79  85  91  97 103 106 107
 108 105  95  90  92  96  98 104 107 109 109 106 103  97  94  95 100 105
 115 142 170 190 189 191 193 192 191 189 188 187 188 188 186 183 179 174
 170 166 168 166 167 166 163 164 157 124  89  63  55  53  50  47  48  49
  48  48  51  52  55  58  62  72  73  87  97 102 127 146 157 159 161 162
 162 161 161 162 162 162 163 162 162 163 164 164 163 162 163 164 164 163
 162 162 163 165 162 162 163 164 163 162 161 160 160 160 158 156 157 160
 161  28]"
"[ 30  29 202 203 204 203 202 202 201 202 202 202 202 202 202 203 203 202
 202 202 202 201 201 200 201 201 202 200 199 199 193 183 156 122 113  97
  93  87  82  81  77  73  70  68  59  52  71 103 130 139 155 159 170 186
 188 192 184 161 143  81  59  62  66  74  76  74  73  73  75  75  75  75
  72  72  71  68  65  64  66  69  71  72  73  76  82  88  95 102 106 109
 111 107  97  90  89  91  89  95 100 107 112 114 118 116 113 112 111 111
 131 157 179 188 188 190 191 191 190 189 188 186 186 187 187 185 182 178
 173 169 167 167 168 167 165 164 158 130  92  68  54  56  53  52  52  52
  54  53  55  56  58  60  64  74  80  85  93  98 127 146 160 161 161 162
 162 161 162 162 162 162 163 163 163 163 164 164 164 164 164 165 165 165
 164 164 165 166 162 163 164 165 165 164 163 163 161 162 160 156 155 160
 164  29]"
"[ 29  29 202 204 206 206 204 202 202 203 203 203 203 203 203 203 203 202
 202 202 202 202 201 201 202 202 201 200 200 199 192 183 158 124 114  99
  95  88  82  80  78  75  71  64  58  57  64  74  83  92 115 126 140 156
 160 165 166 142 111  65  61  63  68  74  74  74  74  75  75  75  75  76
  76  76  75  72  68  66  67  68  67  67  67  70  77  83  89  95 101 107
 112 111 104  96  90  90  89  89  90 101 111 116 119 118 118 120 118 122
 151 171 184 188 190 191 192 192 191 189 187 185 187 187 187 186 184 180
 176 172 168 168 166 164 163 163 163 144 102  71  55  58  56  55  56  55
  57  56  58  58  60  62  65  74  81  83  91  98 124 143 160 161 161 162
 162 162 162 162 163 162 163 163 164 163 163 163 164 164 163 164 165 165
 165 165 166 167 164 165 166 166 164 161 161 162 162 162 159 158 159 165
 169  29]"
"[ 29  29 202 205 207 206 204 203 203 204 204 204 203 203 204 204 203 202
 201 201 202 202 201 200 203 202 201 200 201 199 193 187 156 121 107  97
  95  88  81  75  75  76  73  68  67  72  76  76  74  73  79  81  86  99
 108 115 127 109  80  59  68  69  72  73  74  74  75  77  77  76  77  79
  80  80  78  76  73  71  69  69  65  64  63  66  72  77  82  88  95 103
 110 112 110 103  95  92  91  88  89  99 108 111 114 114 119 127 128 135
 162 175 184 189 190 191 192 192 192 191 189 187 188 188 187 185 183 181
 177 174 169 169 166 163 163 161 162 149 113  74  58  60  58  57  58  56
  59  58  59  58  60  63  65  72  78  83  96 105 125 143 159 161 162 162
 162 162 162 163 163 162 163 163 163 163 162 162 162 163 162 164 165 166
 166 166 167 167 165 166 167 166 163 161 161 162 162 162 159 163 167 173
 174  28]"
"[ 29  29 202 204 205 204 203 203 203 203 203 203 204 203 203 203 203 202
 201 201 202 202 201 201 202 203 201 201 202 201 197 194 158 124 106 100
  97  91  85  79  77  74  72  72  74  78  82  82  87  88  91  90  87  87
  87  83  88  87  79  73  73  72  77  80  77  76  77  79  79  78  79  81
  82  82  81  80  79  77  74  72  65  64  63  65  69  72  77  83  90  99
 107 112 113 107  99  97  94  93  94 100 105 107 111 113 122 131 135 144
 162 173 185 190 191 192 192 193 193 193 191 190 188 188 187 185 184 182
 179 176 171 171 166 164 165 161 160 149 120  71  59  59  57  55  57  56
  59  59  59  56  59  64  65  70  77  84  99 113 128 147 160 159 162 162
 163 162 162 163 162 162 162 162 162 163 164 164 163 162 163 164 166 167
 167 167 167 167 165 165 165 166 165 163 162 163 164 164 163 168 171 175
 175  28]"
"[ 29  30 203 204 204 203 203 205 203 203 203 203 204 204 203 202 204 203
 202 202 203 203 203 202 201 203 202 202 203 203 201 200 160 129 109 105
  96  90  86  81  80  71  68  75  80  82  87  90  92  93  93  93  89  89
  90  83  85  83  81  83  80  83  84  82  80  79  79  81  81  79  80  82
  84  83  83  84  84  83  80  77  66  65  64  65  67  69  74  81  88  98
 106 110 113 108 102 101 101  99  96  99 105 108 112 110 120 127 133 144
 156 171 188 192 195 195 195 194 194 193 192 189 188 188 188 187 186 185
 182 179 175 173 166 162 165 162 163 154 120  66  58  57  55  53  56  55
  58  58  58  55  58  63  64  67  77  83  97 115 130 150 159 155 162 162
 163 162 162 163 162 162 162 161 161 164 166 167 164 162 164 165 166 167
 167 167 166 166 166 165 164 165 165 164 162 161 166 168 167 171 170 171
 174  29]"
"[ 29  29 201 204 204 203 202 203 203 203 204 206 206 204 202 202 203 203
 202 201 202 202 203 202 202 203 204 203 203 203 202 200 161 128 112 104
 100  92  89  83  80  73  76  87  92  91  92  97  97  97  95  93  93  93
  91  88  87  83  81  83  86  89  90  88  85  82  80  80  81  81  81  83
  86  87  87  86  86  88  86  81  76  71  66  67  69  70  72  78  88  95
 102 107 111 110 105 103 104 101  99 101 105 109 111 110 116 121 131 135
 154 171 184 195 195 194 194 194 194 193 191 190 190 188 187 188 187 185
 183 181 176 173 171 169 166 162 167 158 124  71  62  57  56  54  54  54
  57  59  57  54  58  64  66  66  80  88  97 113 129 154 154 158 160 161
 163 163 163 163 163 163 164 164 165 165 167 168 167 165 163 164 165 166
 166 166 166 166 166 165 165 166 166 165 165 166 168 170 171 172 173 171
 172  29]"
"[ 29  29 201 204 205 204 203 203 203 203 204 206 206 204 203 203 203 203
 203 203 203 203 202 201 202 203 204 204 204 204 201 197 173 138 116 104
  98  93  92  89  88  84  86  93  96  97  99 100  99  99  97  94  93  94
  94  92  90  85  84  89  92  94  93  92  90  85  81  80  81  82  84  86
  88  87  88  89  89  90  91  89  87  83  76  72  72  71  71  73  83  89
  95 103 110 111 109 109 107 105 103 103 105 108 110 111 111 116 123 128
 150 172 186 193 196 196 196 196 195 193 192 191 192 190 187 187 186 185
 183 182 182 180 175 171 167 160 164 156 119  66  54  55  56  54  55  58
  58  58  57  57  62  67  70  72  82  93 101 115 130 153 153 157 162 163
 163 162 161 162 163 163 164 164 165 166 167 168 168 167 164 165 166 166
 166 166 166 167 167 166 166 167 167 167 167 168 171 172 172 172 172 170
 172  28]"
"[ 30  29 201 205 206 206 204 203 204 204 205 206 205 203 203 203 203 204
 205 205 204 203 202 201 202 202 202 203 204 203 200 197 172 137 112  98
  95  95  97  96  94  93  95  96  97  99 102 101 100 101 100  97  96  97
  97  96  94  89  89  95  98  96  94  92  92  87  82  81  83  84  86  87
  89  88  89  90  89  89  92  94  95  90  80  70  68  69  71  73  78  83
  89  97 107 111 110 110 106 105 104 103 103 104 107 110 113 118 122 130
 153 171 188 194 195 196 196 196 194 192 192 193 194 191 188 187 187 185
 184 183 181 182 177 171 167 161 161 150 116  69  54  59  61  59  57  58
  62  60  59  62  67  69  72  77  86  98 104 115 132 154 154 157 161 163
 163 163 162 162 163 163 164 164 165 165 166 167 167 166 166 166 166 166
 166 166 166 166 167 167 167 167 168 168 169 170 173 173 172 172 172 170
 172  28]"
"[ 30  28 201 205 207 207 204 203 204 205 205 205 203 203 203 204 204 205
 206 205 204 204 203 201 202 202 202 202 203 203 202 200 176 143 116 100
  95  96  96  96  98  97  98  98  97  99 101 100  99 101 101 101 101 101
 100  99 100  96  97 101 100  97  93  90  89  86  84  85  85  86  86  87
  88  87  88  89  88  90  95  97 101  95  84  72  66  63  64  67  73  79
  84  91 101 107 108 107 106 106 105 104 104 105 108 111 116 123 127 138
 158 170 189 197 196 196 196 196 195 194 193 194 194 192 190 189 188 187
 185 183 181 185 181 175 173 168 165 150 125  82  59  60  59  60  61  63
  64  62  61  64  69  71  74  80  89 101 104 114 133 155 156 157 159 162
 164 165 165 165 165 165 165 166 166 165 165 166 166 166 167 167 167 167
 166 165 165 165 166 166 167 168 170 170 171 172 173 173 172 171 172 170
 172  29]"
"[ 30  28 201 204 207 206 204 203 204 205 204 203 202 202 203 205 205 205
 205 204 203 203 203 202 202 203 204 204 203 202 203 203 185 158 131 111
  99  96  96  98 101 100 100 101  99 100 102 102 100 101 102 103 104 105
 104 104 106 107 108 106 101  98  94  90  87  87  87  87  86  85  86  87
  86  86  88  89  90  95  99  98  97  94  88  82  74  65  61  64  67  75
  79  83  92 101 104 104 103 104 104 104 104 105 108 111 115 125 130 138
 158 173 192 199 197 196 196 196 197 196 196 196 194 192 190 189 189 188
 186 185 184 185 182 179 175 168 169 159 136  89  62  61  58  58  59  62
  61  61  61  62  68  73  78  83  90 102 105 113 131 151 158 159 159 161
 164 165 165 166 167 167 167 167 167 166 166 167 167 167 167 167 167 167
 166 166 166 167 166 167 168 171 172 172 172 172 172 172 172 172 173 171
 173  29]"
"[ 29  28 201 204 206 205 204 203 204 204 204 202 202 203 204 204 204 204
 202 201 201 202 203 202 200 202 204 205 203 201 200 201 186 168 145 123
 103  98  97 102 104 101 101 102 101 101 102 103 103 102 102 103 105 106
 108 109 110 112 113 108 101  98  95  91  88  89  89  87  84  83  84  86
  85  86  87  88  89  95  97  94  91  90  89  87  80  70  63  65  65  71
  75  76  83  92  97  98 100 101 102 103 103 104 107 110 117 128 133 135
 156 177 194 196 196 195 195 196 197 197 196 196 195 192 190 189 189 188
 187 187 186 181 180 180 175 168 174 167 143  85  57  57  59  58  55  56
  60  62  61  60  64  70  77  81  88 101 108 115 128 145 158 160 159 161
 162 162 162 164 166 167 167 167 167 167 167 168 168 167 166 166 166 166
 166 166 167 168 169 169 171 173 174 173 172 172 172 172 172 172 173 171
 172  28]"
"[ 29  28 202 204 205 204 203 204 203 204 204 203 203 204 204 204 203 202
 201 200 201 203 202 201 200 201 202 203 202 199 198 198 192 180 161 141
 120 110 101 102 104 101  99  99  98 100 101 100 103 103 103 103 104 106
 108 111 111 111 112 109 101  97  94  91  89  90  89  86  83  82  84  85
  84  84  86  87  87  89  91  89  92  92  92  90  85  74  64  62  62  67
  70  73  79  84  88  91  96  99 101 101 101 103 107 111 117 127 135 136
 154 174 189 194 196 195 195 196 196 196 196 196 196 193 190 190 189 189
 188 187 187 181 181 181 178 177 178 158 124  69  52  48  51  55  57  58
  60  62  61  59  61  67  74  80  87  97 107 117 128 143 159 159 159 160
 161 161 161 163 166 167 166 166 166 166 167 168 167 166 165 166 166 165
 165 166 167 168 171 172 173 174 174 173 172 172 172 172 171 172 173 172
 173  29]"
"[ 29  29 202 204 204 203 203 204 202 203 204 204 204 205 205 203 203 202
 201 201 202 204 203 201 202 201 201 202 201 199 198 199 199 189 175 162
 145 133 114 107 104 101  98  96  96  99 100  97 101 102 103 104 104 105
 107 110 113 111 112 110 103  97  94  93  90  91  89  86  84  84  85  86
  84  83  85  87  87  87  89  89  89  93  96  96  93  84  70  62  58  61
  66  73  80  82  83  86  89  92  95  96  96  98 103 108 111 119 133 137
 152 167 180 194 196 196 196 196 196 195 195 197 195 193 192 192 191 190
 187 185 185 182 181 179 179 183 175 135  77  47  57  53  50  53  57  56
  59  60  59  58  60  65  73  81  87  94 104 118 130 145 160 155 160 161
 163 163 164 165 167 168 167 167 167 167 167 168 167 165 168 168 167 167
 167 167 168 169 172 172 173 174 174 173 172 172 172 172 171 171 173 172
 173  30]"
"[ 29  28 201 203 206 206 205 205 203 203 204 204 204 203 203 203 202 202
 201 201 202 203 203 203 202 202 202 201 200 199 200 201 201 198 189 174
 161 151 139 126 121 121 115 104  97  96  98  99 103 103 102 100 100 105
 107 105 109 109 112 115 104 102  99  97  95  91  88  88  87  86  86  85
  81  81  82  84  86  87  89  91  91  93  99 102 102 101  90  74  65  66
  66  67  72  77  79  78  81  84  87  89  92  95 100 105 108 115 121 129
 145 160 186 195 195 194 196 195 193 196 197 193 195 193 192 193 190 188
 189 184 184 182 185 185 184 176 132  77  56  57  57  53  52  55  59  60
  61  58  56  59  63  67  73  80  89  95 102 115 130 146 157 157 162 164
 161 161 165 166 165 168 166 165 166 167 168 167 166 165 167 165 164 164
 167 170 172 173 172 172 172 173 173 172 171 172 172 172 172 172 174 174
 174  29]"
"[ 29  29 202 204 206 207 206 205 203 203 203 203 203 203 203 203 203 203
 202 201 202 202 202 201 200 201 201 201 200 200 201 202 203 200 197 191
 182 173 165 158 159 152 139 123 109 101  97  96  99 100 103 105 103  99
 101 106 108 109 112 115 106 103  99  98  97  91  88  86  84  84  85  84
  81  80  81  84  86  87  89  90  93  96 100 101 100 101  96  85  75  71
  67  65  67  72  76  77  80  82  85  87  89  89  92  98 103 109 113 118
 134 163 184 194 197 198 201 200 196 196 198 196 198 201 197 195 194 188
 186 189 181 182 186 180 161 112  61  53  58  59  58  56  55  58  60  60
  60  60  59  60  63  67  73  80  89  93 101 117 131 145 157 160 162 163
 161 161 165 167 166 169 168 168 167 168 167 167 167 168 166 165 165 166
 168 171 172 173 172 171 172 173 173 172 172 172 173 173 173 173 175 174
 174  29]"
"[ 29  29 202 205 206 207 205 205 204 204 204 203 203 203 203 204 204 203
 202 202 202 202 202 201 201 202 202 202 201 201 201 202 200 200 201 200
 195 189 184 180 172 166 158 148 135 122 111 105 103 105 103 101 100  99
  99 101 105 108 110 113 108 106 103 103 100  93  88  86  83  83  83  83
  81  80  81  83  85  86  87  88  95  97 100  98  96  99  99  95  85  78
  70  64  64  67  71  73  76  76  78  80  80  78  81  89  99 105 109 112
 129 167 185 195 195 196 198 198 194 190 185 178 180 178 172 173 182 189
 191 188 179 167 145 100  68  56  46  55  58  59  58  56  56  59  62  63
  62  64  64  64  66  67  73  80  89  95 104 116 130 145 159 161 162 162
 161 161 165 166 166 168 169 169 169 168 167 166 167 168 166 167 168 169
 170 171 172 172 172 171 171 172 172 172 172 172 173 173 173 173 175 174
 174  29]"
"[ 29  29 202 204 206 205 204 203 205 205 204 203 203 203 204 204 204 202
 202 202 203 204 203 202 204 204 204 203 202 201 201 201 199 202 204 202
 199 199 196 189 184 181 176 170 162 151 140 132 114 112 105  98  97  98
  97  97 100 106 108 109 108 108 106 106 101  94  89  86  83  82  82  81
  81  80  80  82  84  85  86  86  93  97  98  96  94  96  98  98  92  83
  73  66  64  65  66  67  69  70  69  70  71  71  74  80  84  89  96 109
 131 158 161 156 162 161 158 153 145 137 128 121 113 115 123 131 134 145
 151 136 114  82  67  57  52  59  59  56  57  57  56  54  54  57  60  62
  64  65  66  68  68  68  72  80  90 101 109 115 128 148 162 160 162 162
 161 162 164 165 166 166 166 168 169 168 166 166 166 166 169 170 171 171
 171 171 171 171 172 172 172 172 172 172 172 172 172 173 173 173 174 173
 174  29]"
"[ 29  29 202 204 205 204 203 203 204 204 203 203 203 203 203 203 203 202
 201 202 203 204 203 203 204 204 204 203 202 201 201 201 199 201 202 201
 200 202 200 195 191 191 189 184 180 175 164 154 147 136 122 111 103  96
  95  99  96 102 106 105 107 109 108 106 101  95  89  86  82  80  80  80
  81  81  81  81  84  85  86  86  90  94  97  97  97  97  98  98  96  88
  77  69  65  64  63  62  64  66  65  64  67  69  70  71  66  75  84  89
  92  89  92  89  91  91  87  79  71  66  66  68  75  68  68  73  75  83
  85  68  58  61  59  57  59  62  62  56  57  58  58  56  55  55  58  60
  63  62  62  67  70  68  72  80  90 102 109 115 127 148 163 161 162 162
 163 164 165 166 166 165 166 168 168 167 166 166 167 167 171 171 172 172
 171 171 171 172 173 173 173 173 172 172 171 171 172 172 172 173 174 173
 174  29]"
"[ 29  30 203 205 205 204 203 203 204 204 203 203 203 203 203 203 202 202
 202 202 202 202 202 202 202 202 202 202 201 201 201 201 201 198 198 199
 199 198 198 197 194 196 197 196 196 195 188 179 166 160 154 147 134 120
 105  92  95  96 100 101 106 109 111 108 105  98  92  87  82  80  81  81
  81  81  81  82  84  86  87  87  86  90  93  96  99  99  98  99  98  92
  82  72  66  64  63  61  62  64  64  62  65  66  64  62  59  57  55  59
  65  58  62  59  57  58  56  53  53  55  58  63  62  67  69  71  68  59
  57  58  61  67  61  62  68  66  65  64  59  61  64  64  64  63  65  66
  63  61  61  67  71  70  73  82  89  98 105 114 127 145 161 163 162 161
 164 165 164 165 166 165 169 168 167 165 165 168 171 172 172 172 172 172
 171 171 172 173 173 173 173 172 172 172 172 171 172 173 173 173 174 173
 174  30]"
"[ 29  30 204 205 205 204 204 205 203 203 203 203 203 203 203 203 203 203
 203 203 202 202 202 202 202 201 201 201 201 201 201 201 203 200 199 200
 199 197 198 198 196 196 193 191 193 195 194 192 182 177 172 165 157 154
 143 123 107  96  95  97 104 107 112 111 108 103  98  93  87  83  83  83
  81  81  81  81  82  85  86  86  85  88  90  92  97  98  96  98  97  95
  88  76  67  65  63  61  60  62  61  61  62  62  59  58  57  57  58  61
  62  58  58  58  57  58  56  57  61  61  60  62  65  67  63  64  66  61
  61  65  64  67  67  66  62  63  67  66  65  66  69  71  73  74  74  75
  69  68  67  70  73  74  77  82  90  97 104 113 125 144 160 162 163 162
 164 165 162 163 166 165 169 168 165 164 166 171 174 174 172 172 172 171
 171 171 172 172 172 173 172 171 171 172 173 172 173 174 174 174 174 173
 174  29]"
"[ 28  29 203 204 204 204 204 205 202 202 203 203 203 202 202 202 204 204
 205 204 203 203 203 204 203 202 201 201 200 200 200 200 200 201 201 199
 197 198 199 197 196 195 195 196 196 195 194 193 193 188 193 194 185 179
 170 154 124 103  94  95 100 102 110 111 109 105 103  99  91  86  84  82
  81  82  81  80  81  83  83  83  87  89  88  90  95  95  94  97  94  96
  92  79  69  66  64  62  61  61  59  59  60  59  58  60  56  56  59  59
  56  59  53  55  55  57  56  56  58  57  56  59  62  65  66  65  61  62
  65  59  64  62  65  66  66  68  68  71  72  71  71  73  76  77  78  78
  75  76  74  72  74  77  79  81  92 102 108 113 125 145 161 160 165 164
 166 165 161 162 166 166 167 166 164 163 166 172 174 173 173 172 172 171
 170 170 171 171 172 172 171 169 169 172 173 173 174 175 175 174 174 172
 173  28]"
"[ 29  29 202 203 203 202 203 206 207 205 204 205 205 203 202 203 205 205
 204 202 201 202 203 202 202 203 203 202 201 201 200 198 200 200 200 200
 199 198 199 200 199 197 195 194 194 195 196 197 194 193 193 194 195 193
 187 181 163 147 129 106  94  98 110 110 110 107 106  98  92  85  85  83
  80  81  81  80  80  80  82  83  82  88  91  87  86  90  93  94  95  95
  93  84  73  67  66  64  63  60  58  58  60  60  58  56  56  58  60  59
  57  57  56  53  53  51  52  55  57  56  56  57  59  61  64  65  63  61
  61  62  64  65  65  64  65  68  69  70  69  74  76  76  78  79  78  78
  80  81  82  82  80  78  79  80  95 103 106 103 123 146 158 163 166 168
 167 165 163 163 165 166 161 163 166 168 171 172 173 173 172 172 172 171
 171 171 172 171 171 171 170 170 170 171 172 172 173 174 174 173 173 172
 173  28]"
"[ 29  28 202 203 203 203 204 206 206 204 203 204 203 202 202 203 202 202
 202 202 202 202 203 203 202 202 202 200 200 201 200 198 198 198 199 199
 199 198 198 199 199 197 195 194 195 195 196 196 196 196 195 195 196 196
 194 192 187 177 158 126 106  99 104 110 110 110 104 100  99  90  85  83
  81  81  79  77  75  76  79  82  82  86  89  88  87  88  92  95  96  95
  94  89  80  73  69  67  64  62  60  60  61  61  61  60  58  59  62  62
  57  55  54  54  53  53  54  56  56  55  55  56  60  62  66  67  65  64
  64  66  64  64  65  66  66  66  68  71  74  78  79  79  80  80  80  82
  84  84  86  87  88  88  89  90  96 100 107 102 125 144 162 166 165 167
 167 165 163 163 166 168 166 167 169 170 171 171 171 171 171 172 171 171
 171 172 172 171 171 171 171 171 171 171 172 172 173 174 174 173 173 172
 173  29]"
"[ 30  29 203 205 205 204 205 207 206 204 203 203 202 201 202 204 201 201
 201 202 202 202 203 203 202 201 200 200 201 201 201 199 195 196 198 199
 199 199 199 199 199 197 196 196 196 196 195 195 195 196 196 195 195 196
 197 197 195 196 188 160 138 114 102 110 109 112 106 105  98  90  87  85
  82  80  76  75  74  75  78  80  81  83  86  88  87  86  89  94  96  94
  94  93  86  77  69  65  65  63  62  62  62  62  62  62  59  56  58  60
  60  57  55  54  54  55  57  58  56  54  55  57  61  64  67  67  65  64
  65  66  66  66  67  69  68  66  68  72  72  75  77  78  80  80  82  87
  88  88  88  87  89  93  95  95 100 102 108 105 122 142 161 166 166 167
 167 164 162 163 165 168 169 170 170 171 171 171 171 171 171 171 171 171
 172 173 172 171 171 172 172 173 173 172 172 172 173 174 174 173 174 173
 174  29]"
"[ 30  30 204 205 205 204 204 206 204 204 203 203 203 202 202 203 202 201
 201 202 202 201 201 201 201 200 198 199 201 202 201 200 195 196 197 198
 199 200 200 200 199 198 197 196 197 196 195 194 193 194 196 195 194 194
 194 194 192 193 197 187 175 146 116 108 111 113 110 110  96  92  93  87
  84  79  75  76  79  79  78  76  81  81  84  87  87  86  87  90  94  93
  94  94  90  83  73  65  67  64  62  62  61  61  60  60  58  55  55  58
  59  59  57  55  55  56  57  58  57  56  56  58  65  66  67  66  64  63
  63  64  69  69  69  71  70  69  70  73  72  74  76  79  82  82  85  92
  97  96  92  89  89  94  98  98 101 103 103 106 114 140 154 162 167 167
 166 164 163 164 166 168 171 171 171 171 171 171 171 171 171 172 172 172
 172 172 172 171 171 172 173 174 174 174 173 172 173 174 174 173 174 173
 174  29]"
"[ 29  29 203 204 204 203 203 204 203 203 203 203 203 202 201 201 202 201
 200 200 200 199 199 199 200 198 196 197 200 201 201 200 196 196 197 198
 198 199 200 200 200 199 197 197 196 196 195 194 194 195 197 197 196 196
 195 193 196 190 193 192 193 178 144 112 110 115 110 110 103 100  95  89
  84  80  78  80  82  80  77  75  80  81  83  85  87  88  88  87  90  91
  94  96  95  92  84  73  69  66  62  61  60  58  56  55  55  57  59  58
  56  57  58  57  56  56  57  58  58  58  59  60  66  67  66  65  64  64
  64  64  71  71  71  71  72  73  74  74  74  75  77  80  83  81  84  90
  99  99  96  91  90  94  97  99 102 104 104 107 116 143 157 165 165 166
 165 165 166 168 170 170 171 171 171 171 171 170 170 170 172 173 173 172
 171 171 171 172 172 173 174 175 175 174 173 172 173 174 174 173 173 172
 174  29]"
"[ 29  28 202 204 204 203 203 204 202 202 202 203 203 203 202 200 199 198
 198 199 199 198 198 199 199 197 196 198 200 201 201 200 197 197 197 196
 196 197 198 198 200 199 198 197 196 195 195 195 195 196 196 196 196 197
 196 195 196 193 194 191 193 192 171 131 107 114 111 109 110 104  91  90
  85  83  82  82  80  77  76  77  77  80  82  82  85  87  88  86  88  91
  95  95  95  96  91  81  73  69  64  61  59  56  54  52  54  56  58  57
  56  59  60  57  58  58  58  58  60  61  62  62  65  65  65  64  65  67
  68  67  71  72  71  71  72  75  76  75  75  75  77  80  83  82  83  88
  94  96  96  94  93  95  97  99 105 105 108 106 125 146 163 167 166 166
 166 166 167 169 169 169 169 169 169 170 171 171 171 171 172 173 173 172
 171 171 171 172 173 173 174 174 174 173 172 171 173 174 174 173 173 172
 174  29]"
"[ 29  28 202 203 203 202 202 203 200 199 199 200 201 202 202 201 197 196
 196 198 199 198 198 199 200 198 197 198 200 200 199 199 197 197 197 196
 195 195 196 197 198 198 197 196 195 195 195 195 195 195 195 194 195 196
 196 195 192 196 196 192 191 192 188 160 118 109 112 111 109 103  93  93
  86  83  82  82  80  77  76  77  75  78  80  80  81  84  86  86  89  91
  93  93  92  93  90  84  78  73  68  63  59  57  55  54  56  54  54  57
  60  62  61  57  60  60  60  59  60  62  63  64  63  66  67  67  67  70
  72  72  73  73  73  73  74  74  75  75  76  76  78  82  87  87  88  91
  93  96  99 100 100 100 101 103 105 105 109 103 128 147 162 164 167 169
 170 170 169 169 169 168 166 167 168 170 171 172 172 173 172 172 172 172
 172 172 172 171 172 173 173 173 173 173 172 172 173 174 174 173 174 173
 174  29]"
"[ 29  28 201 202 202 201 200 201 197 196 195 195 198 200 201 200 196 195
 196 199 200 198 198 199 200 198 197 198 199 199 198 197 197 197 197 196
 195 195 196 198 196 196 197 196 195 195 195 196 195 196 196 195 195 196
 195 194 195 197 193 193 193 190 195 181 138 105 112 114 107 105 103  94
  87  82  79  81  82  80  77  75  75  77  80  79  79  80  84  87  90  90
  92  92  91  91  90  87  81  77  71  65  60  57  57  58  58  56  58  62
  62  61  60  58  61  62  61  60  60  62  64  65  65  69  71  71  70  73
  75  76  76  75  75  76  75  73  73  75  74  75  76  80  86  88  88  90
  94  96  99 102 102 102 102 104 106 110 109 107 130 154 164 167 167 170
 173 173 172 171 171 171 167 168 169 170 171 171 171 171 172 171 171 172
 173 174 173 171 171 171 171 172 172 173 173 173 173 174 174 173 174 173
 174  29]"
"[ 29  29 198 204 200 199 203 199 195 194 197 201 200 197 197 200 197 197
 199 201 200 198 195 195 201 197 196 198 198 197 196 194 195 196 197 196
 195 195 196 197 195 194 194 195 194 195 196 195 195 195 196 196 195 195
 195 195 196 194 192 193 193 192 192 194 166 120 108 110 110 108 108 101
  91  84  80  80  81  80  75  74  72  73  77  81  81  80  83  88  89  88
  90  92  92  90  89  91  83  79  73  68  64  61  60  60  58  59  60  62
  62  60  60  60  60  60  61  62  62  62  64  66  67  69  72  73  73  73
  75  77  77  76  74  74  74  73  74  74  75  75  78  82  85  87  88  95
  94  96  97  99 104 107 105 102 106 110 110 117 136 153 162 166 170 171
 172 172 171 171 171 172 171 171 171 171 172 172 172 171 171 171 172 173
 173 173 172 171 171 171 171 171 171 172 173 174 174 174 173 174 174 174
 171  29]"
"[ 28  29 197 204 202 200 200 195 195 199 199 195 194 196 196 195 195 196
 199 199 198 195 196 198 204 201 199 199 198 200 200 197 196 196 197 196
 195 195 195 195 196 195 195 196 194 195 196 195 194 194 194 193 193 194
 195 197 192 191 192 194 195 193 192 192 182 143 115 107 112 110 110 102
  93  87  84  82  81  80  74  71  71  75  79  82  82  82  82  83  84  85
  88  90  91  90  89  89  87  85  79  72  67  66  65  63  63  62  61  60
  58  57  58  59  59  60  62  62  62  63  64  66  69  68  67  69  73  75
  76  76  76  76  75  75  75  75  76  78  77  75  77  79  83  87  89  95
  98  99  98  99 105 109 108 106 108 111 106 121 150 161 164 168 170 171
 172 171 170 171 171 171 171 171 171 171 172 172 172 172 170 171 173 173
 173 172 171 171 171 172 172 171 171 172 173 174 175 174 174 174 173 174
 172  29]"
"[ 30  27 181 181 178 180 179 179 183 187 188 183 182 186 187 185 186 185
 184 186 187 187 187 187 185 184 182 181 182 187 189 186 188 188 187 186
 186 186 186 186 186 185 186 187 186 186 186 184 186 186 186 186 186 188
 189 190 189 188 189 191 191 189 186 185 174 157 125 111 115 111 109 103
  98  91  87  82  81  79  73  71  73  76  78  78  78  79  81  81  80  82
  85  88  91  92  90  88  86  87  83  75  70  69  67  63  64  63  61  60
  58  58  60  62  61  62  62  61  62  65  67  68  70  68  67  68  72  74
  75  75  75  75  76  76  77  77  78  80  80  77  77  78  83  87  90  96
  96  99 100 102 107 109 109 108 106 107 115 143 167 168 168 172 170 171
 171 170 170 171 171 171 171 171 171 171 171 171 172 172 170 172 173 174
 173 172 171 171 172 172 172 172 172 173 174 175 174 174 173 174 173 174
 172  29]"
"[ 31  30 180 181 178 180 176 179 175 177 180 182 182 181 181 181 180 179
 177 178 180 182 183 183 184 182 180 178 178 181 182 180 185 183 181 179
 180 180 181 181 180 179 181 182 180 180 180 179 178 179 180 181 181 181
 181 181 181 180 179 180 180 178 177 177 174 170 144 120 116 114 113 110
 104  94  87  82  81  80  75  76  75  76  76  76  76  78  80  81  79  81
  83  85  88  91  91  88  86  88  88  83  79  75  70  65  63  62  61  60
  59  59  62  65  64  65  64  61  63  68  71  72  70  71  72  72  71  72
  73  74  75  75  76  77  76  76  77  79  80  79  80  80  83  87  89  96
  96 101 103 104 107 108 110 111 110 108 135 168 174 171 172 172 171 171
 171 170 170 171 171 171 170 170 171 171 171 170 171 171 171 173 174 174
 173 172 172 172 173 172 172 172 172 173 174 175 173 173 173 174 172 173
 171  29]"
"[ 28  29 181 183 182 183 178 181 179 179 183 187 186 182 179 180 178 181
 182 181 179 180 184 187 185 181 180 180 179 179 180 179 185 183 181 181
 181 182 182 182 179 179 181 182 181 181 181 180 178 179 181 182 181 180
 179 178 180 179 178 178 179 179 180 181 175 171 157 132 116 116 113 110
 109  95  87  85  84  82  78  80  75  74  76  79  80  79  79  80  80  80
  80  81  84  88  89  87  86  88  90  89  85  79  73  69  65  63  60  58
  58  59  61  64  65  66  65  64  66  71  74  74  71  74  75  74  73  73
  74  75  74  75  76  77  77  76  77  78  81  81  82  81  82  85  88  96
 103 105 104 105 107 109 110 112 116 122 155 172 171 173 171 170 172 171
 170 170 170 172 172 171 170 170 171 171 171 170 171 171 172 173 174 173
 172 172 172 173 173 172 172 172 172 173 173 174 173 173 173 174 172 172
 171  29]"
"[ 30  31 182 182 180 181 180 184 181 183 185 185 184 182 181 179 179 181
 183 181 180 181 183 186 183 180 180 183 183 182 183 182 182 181 181 181
 182 182 181 179 179 179 181 182 181 181 181 180 181 181 182 181 180 179
 179 179 178 179 179 179 178 178 178 178 177 174 172 151 122 117 113 113
 108  96  89  87  86  83  79  81  75  72  72  75  77  76  77  80  80  79
  79  79  83  86  87  87  87  88  89  89  86  81  76  74  69  65  60  58
  58  60  63  65  64  65  66  67  70  73  74  74  75  75  74  73  75  78
  78  77  74  75  77  78  78  78  78  79  83  83  84  81  81  85  89  98
 104 105 105 107 110 109 106 104 117 143 169 168 168 173 168 171 172 171
 170 169 170 171 172 171 171 171 171 171 171 171 172 172 172 172 172 172
 171 171 172 172 172 172 172 172 172 172 172 172 172 172 173 173 171 171
 170  30]"
"[ 28  27 184 183 184 183 183 185 183 185 185 182 182 183 184 182 182 182
 182 180 181 183 184 183 184 182 183 184 183 182 181 179 182 182 181 182
 183 183 181 180 180 180 182 183 182 182 182 181 181 181 181 180 179 179
 179 179 182 183 184 183 181 180 179 179 181 180 179 163 127 110 108 110
 106  99  95  90  86  84  79  80  76  73  70  71  73  74  76  78  78  78
  78  81  84  85  86  86  86  88  89  89  88  86  83  80  74  69  63  60
  62  64  66  67  64  64  66  69  72  74  75  74  76  75  74  74  77  80
  80  77  76  76  77  79  80  79  79  80  83  84  84  82  83  87  90  98
 100 104 107 110 111 108 105 105 131 160 172 167 169 169 168 172 171 171
 170 169 169 171 171 171 171 171 171 171 172 172 172 172 171 171 171 171
 171 171 171 172 172 172 172 172 172 171 170 170 170 171 171 170 168 169
 169  29]"
"[ 30  28 186 185 186 184 186 186 185 185 184 182 182 182 183 183 181 183
 183 181 179 180 182 183 181 182 183 184 184 185 185 181 184 183 181 181
 181 182 182 181 181 181 182 183 182 182 182 180 180 181 182 181 181 180
 180 180 181 183 184 182 180 180 180 181 178 181 182 180 148 122 113 110
 107 104 100  91  86  85  81  81  75  75  73  73  74  77  76  75  75  75
  77  81  84  84  84  84  80  83  86  85  86  87  85  80  78  72  66  64
  66  66  66  64  66  65  66  69  72  74  76  76  75  76  77  76  78  80
  78  75  77  77  78  80  80  80  80  80  81  82  84  83  85  88  90  96
 100 107 111 110 108 106 110 117 158 171 167 168 169 164 170 169 171 171
 170 169 169 170 171 171 171 171 171 171 172 172 172 171 171 171 171 171
 172 172 172 172 172 172 172 172 172 171 170 168 169 169 168 167 165 167
 168  28]"
"[ 28  30 186 187 186 186 184 185 183 183 183 183 183 183 183 183 184 184
 183 182 180 179 180 181 181 182 183 185 186 185 183 182 182 181 181 182
 183 183 182 183 181 181 183 185 183 180 180 183 180 181 182 182 183 184
 184 183 183 183 183 182 182 181 181 180 180 182 184 178 164 136 111 110
 109 107 103  96  89  86  84  81  79  77  75  75  76  76  76  76  75  74
  75  79  83  84  82  80  81  82  83  86  88  88  88  88  83  77  72  71
  70  66  65  66  65  65  67  69  72  74  74  74  75  75  76  77  78  77
  77  76  75  78  80  81  80  79  79  79  81  80  81  83  84  86  91  97
  98 105 107 111 110 106 105 126 172 170 168 168 168 167 167 167 168 169
 170 169 168 169 171 172 171 171 171 171 171 172 173 173 172 170 170 171
 172 171 170 170 171 170 169 169 170 169 168 166 168 167 166 165 166 168
 165  30]"
"[ 28  29 185 186 186 186 184 184 182 183 183 184 183 183 183 182 182 182
 182 181 181 181 182 183 184 184 184 185 185 184 183 183 182 181 182 184
 185 184 183 183 182 182 183 182 181 180 180 181 182 183 184 184 184 185
 184 183 183 183 183 183 182 181 181 181 181 179 180 178 171 150 120 105
 109 108 105  99  92  86  83  82  80  77  76  76  77  77  76  76  76  74
  74  76  80  81  81  81  81  81  83  87  89  89  89  88  89  85  81  78
  74  68  64  63  66  66  67  69  71  74  74  73  73  74  76  76  77  77
  76  75  75  77  80  81  81  80  80  80  81  80  80  83  85  88  94 100
 103 104 107 109 107 108 113 146 171 170 168 168 169 168 168 168 169 170
 170 170 169 170 170 171 171 171 171 171 171 171 172 172 172 171 170 171
 171 170 170 170 171 170 169 169 170 169 168 166 165 165 165 164 164 165
 163  29]"
"[ 29  30 185 185 185 185 183 184 182 183 185 185 185 183 182 182 183 182
 182 181 181 182 182 183 184 184 184 185 184 183 183 183 181 181 183 186
 186 185 183 183 182 184 184 182 183 184 186 185 183 184 185 185 186 185
 184 182 182 182 182 182 182 182 181 181 183 179 179 180 179 167 136 109
 110 109 107 104 100  92  86  85  78  76  75  76  77  77  76  76  74  73
  73  75  77  79  79  79  80  79  81  85  88  89  89  89  89  89  87  84
  79  74  69  66  68  68  68  69  71  73  74  74  72  74  75  74  75  76
  76  75  77  79  81  82  81  81  81  81  80  80  82  85  87  90  96 101
 104 105 110 111 110 110 131 162 170 169 168 169 169 169 168 168 167 168
 169 169 169 170 169 169 170 171 171 171 171 171 171 171 171 170 170 170
 170 169 169 170 170 169 168 168 168 168 167 165 163 164 165 164 162 162
 161  29]"
"[ 30  30 184 184 183 184 182 182 183 185 186 186 185 183 182 181 183 182
 181 181 182 182 183 183 183 183 183 185 185 183 182 181 181 181 184 186
 187 185 183 183 181 181 181 180 182 183 184 184 182 183 184 185 185 184
 183 181 181 181 182 182 182 182 181 181 182 180 181 181 182 179 153 121
 107 108 106 105 103  96  86  82  76  75  74  75  76  77  76  76  73  73
  74  77  78  78  77  76  77  77  78  81  85  88  90  90  86  88  89  87
  84  80  76  72  72  71  70  70  71  74  76  76  74  74  74  74  74  74
  76  78  80  81  82  82  81  81  81  82  82  83  85  87  90  92  96 100
 103 108 112 109 110 112 154 165 168 168 168 169 169 169 168 168 166 167
 168 168 169 170 169 168 169 169 169 169 169 170 170 170 168 168 168 168
 168 168 168 168 168 167 166 166 166 166 165 164 163 164 165 164 162 162
 161  30]"
"[ 29  28 182 182 182 182 181 182 184 185 185 185 184 183 182 182 182 182
 181 182 183 185 185 185 183 182 182 183 185 184 182 180 181 181 183 186
 185 183 183 183 185 182 181 182 182 181 180 181 181 182 183 184 184 183
 182 181 180 181 181 182 183 183 183 183 181 181 182 182 183 184 165 134
 108 109 108 106 103  96  87  80  78  76  75  76  77  77  77  77  74  75
  76  79  79  78  76  74  74  74  76  80  85  88  89  89  87  89  89  87
  86  85  81  77  77  76  74  72  72  74  76  77  77  75  75  77  76  74
  76  79  79  80  81  81  81  81  82  83  85  85  86  88  90  93  97 101
 105 109 109 102 102 125 169 165 168 168 168 169 169 168 168 167 167 167
 167 168 169 170 169 168 168 167 167 167 167 167 168 169 166 167 167 168
 168 168 167 167 166 165 165 165 165 165 164 163 164 163 164 163 162 162
 161  29]"
"[ 29  28 182 181 182 183 183 184 185 184 184 185 185 185 185 185 185 184
 184 184 185 186 186 186 185 183 181 182 183 184 183 182 181 182 183 185
 184 183 183 184 187 184 183 185 186 183 182 184 183 182 182 183 184 183
 182 181 181 182 182 183 184 184 184 184 181 183 182 182 183 185 173 146
 111 110 110 109 104  98  92  86  81  79  77  77  78  78  77  77  75  75
  75  76  77  76  75  74  73  74  76  81  85  87  88  88  88  89  88  87
  87  87  85  83  81  80  78  75  75  76  76  76  78  77  79  81  79  75
  75  77  76  77  78  79  81  82  83  84  86  86  86  86  89  94 100 104
 106 106 108 102 104 150 169 165 168 167 168 169 169 168 168 168 168 167
 167 166 167 167 167 166 167 166 166 165 165 165 166 167 165 166 167 167
 167 167 166 165 164 164 164 164 164 164 163 162 163 162 162 162 162 161
 160  29]"
"[ 29  29 183 181 181 182 183 185 184 184 183 184 185 186 187 187 187 186
 186 185 185 185 185 184 185 183 183 183 183 183 183 183 182 183 184 185
 184 182 183 185 183 181 181 183 184 184 184 185 184 183 183 183 183 182
 181 182 182 182 183 184 184 184 184 183 182 184 182 182 182 183 178 160
 120 108 106 109 104 100  96  88  82  80  78  78  79  78  77  76  75  73
  72  73  74  74  75  75  74  74  75  78  81  83  85  86  86  87  87  87
  86  86  86  85  82  82  81  79  78  77  77  76  78  81  82  81  78  76
  75  75  74  76  78  80  81  82  83  83  84  85  86  87  91  96 101 104
 104 101 105 105 124 167 164 165 166 166 167 168 168 168 167 168 166 166
 166 165 165 165 165 164 166 165 165 164 164 165 165 166 165 166 166 165
 165 166 165 163 163 163 163 163 163 163 162 162 162 160 160 161 160 160
 159  28]"
"[ 29  29 182 180 179 180 181 183 183 182 181 182 183 185 185 185 186 185
 185 185 185 185 185 185 183 183 184 185 183 182 182 183 183 183 185 186
 184 183 183 186 181 181 181 181 183 186 186 185 186 184 183 183 183 181
 181 182 182 183 183 184 184 183 182 182 181 185 183 181 180 180 180 171
 135 112 104 111 109 104  98  88  82  81  79  80  80  79  78  77  75  73
  72  72  74  75  75  76  75  74  73  74  76  79  82  85  85  86  86  86
  85  83  83  84  81  82  82  81  80  79  78  77  79  84  84  79  76  76
  76  74  75  77  79  82  83  82  82  81  81  83  86  89  93  98 101 103
 103  99 101 103 142 168 163 165 165 165 166 167 167 167 167 167 165 166
 166 165 165 165 165 164 164 164 164 164 165 165 165 166 166 166 165 163
 164 164 163 161 161 161 161 162 162 162 162 161 161 160 160 160 159 159
 159  28]"
"[ 29  29 181 181 181 182 183 182 181 182 182 182 184 186 187 185 185 184
 186 185 184 184 183 185 185 186 186 185 184 183 183 184 183 184 184 185
 185 184 183 183 182 181 181 183 185 186 184 183 183 183 183 183 183 183
 183 183 184 185 185 183 183 184 184 182 182 183 183 181 180 181 183 184
 165 133 112 112 108 105  94  94  90  83  79  80  81  82  80  77  73  71
  71  73  74  73  72  71  73  75  74  73  75  80  83  82  82  83  82  82
  83  84  83  81  80  80  82  83  81  78  78  79  82  85  83  77  75  77
  77  74  74  76  78  80  81  82  82  82  84  87  89  90  94  97  98  99
  97  96  95 115 164 167 162 167 164 164 165 165 166 166 166 165 164 164
 164 164 164 163 163 163 161 162 163 163 164 164 164 165 162 165 165 162
 161 162 162 161 160 161 161 160 159 159 160 161 159 158 158 156 157 155
 153  29]"
"[ 29  29 181 182 182 182 183 182 180 182 183 182 183 185 185 183 183 183
 186 186 186 185 183 184 185 186 186 186 185 184 183 183 184 185 185 186
 186 185 184 184 183 182 183 184 185 185 183 181 183 183 183 182 182 183
 183 184 183 185 186 185 185 185 183 181 183 184 184 183 182 182 183 183
 168 143 117 111 108 104  98  94  91  86  82  80  80  81  80  76  74  72
  71  73  74  73  72  71  75  76  75  73  75  78  81  82  81  82  83  82
  82  83  82  81  80  81  82  82  80  78  78  79  81  83  82  77  76  79
  79  77  75  75  76  78  81  82  83  83  85  87  88  87  90  95  97  96
  97  94  96 139 165 167 166 166 165 165 165 165 165 166 166 166 165 165
 165 165 164 163 163 163 162 162 162 163 163 163 163 162 161 163 163 161
 160 160 161 160 159 160 161 160 159 159 159 159 158 157 157 155 156 155
 153  29]"
"[ 29  29 182 182 183 182 182 181 180 181 182 182 183 184 183 181 181 181
 185 186 186 186 182 183 185 186 187 187 186 185 184 183 184 184 185 185
 185 185 184 184 182 182 183 185 186 185 183 182 183 183 184 184 183 184
 185 186 185 186 187 186 185 185 183 181 183 184 184 183 182 182 182 182
 176 156 126 112 112 106 104  96  92  88  84  80  79  81  80  75  76  74
  73  74  75  74  73  73  75  75  75  73  73  74  76  78  79  81  82  82
  81  81  81  81  81  82  83  82  81  80  80  80  80  82  81  78  78  81
  81  79  77  75  75  77  80  81  82  84  87  88  90  91  90  91  93  92
  96  93 113 162 167 166 166 164 165 165 165 164 164 165 166 166 165 166
 166 166 165 164 163 163 162 162 162 162 162 162 162 161 161 161 161 160
 160 159 159 159 159 160 160 160 159 159 158 156 157 156 156 154 154 154
 153  29]"
"[ 29  29 181 182 183 182 181 180 180 181 182 182 182 182 182 181 181 180
 183 184 185 185 182 183 184 184 185 186 186 185 183 182 182 182 183 183
 183 183 184 184 182 183 185 185 185 184 183 182 183 184 185 185 184 185
 186 187 186 187 186 184 183 183 183 182 182 183 183 183 182 182 182 181
 180 163 135 111 111 107 104  96  93  88  84  81  80  81  79  75  76  74
  73  74  75  75  73  73  74  74  74  72  71  71  72  74  77  78  80  80
  80  80  79  80  81  83  84  83  83  83  82  80  80  81  81  80  79  80
  81  80  80  77  76  78  79  80  81  83  85  85  89  90  87  87  89  90
  90  97 140 166 166 164 163 164 165 164 163 162 162 163 164 164 164 165
 166 166 165 164 163 162 162 162 162 162 162 162 162 162 161 159 159 160
 160 159 159 159 158 159 159 159 158 158 156 154 156 155 155 153 154 153
 153  29]"
"[ 28  29 181 182 183 182 181 180 181 181 182 182 182 182 181 181 182 181
 183 184 185 185 182 182 182 182 183 184 184 184 183 182 182 182 181 181
 181 182 182 182 184 185 185 185 184 183 182 181 182 183 185 185 185 185
 185 186 185 185 184 182 182 182 183 183 183 183 183 182 182 183 183 182
 181 172 151 114 105 110 106 101  95  88  83  83  82  80  78  75  74  72
  72  73  75  74  73  72  73  73  73  72  71  71  72  73  75  75  76  78
  79  80  80  80  80  82  84  84  84  84  82  79  79  81  82  80  79  79
  80  81  81  79  78  79  79  79  80  82  86  86  86  85  86  89  91  89
  86 117 159 161 163 162 163 166 164 164 162 161 161 162 163 163 163 164
 165 165 164 163 162 162 162 162 163 162 161 161 161 162 161 159 158 159
 160 160 159 160 158 158 157 157 157 156 155 153 154 154 155 153 154 153
 152  29]"
"[ 29  29 181 183 184 184 183 181 182 183 183 183 182 181 181 181 182 181
 184 186 186 186 182 181 182 183 183 184 184 183 183 183 183 182 182 181
 181 181 182 182 183 183 183 183 183 183 183 183 183 184 185 186 185 185
 185 186 182 182 183 183 183 183 183 182 184 184 182 182 182 182 182 181
 179 180 168 123 103 111 107 105  98  90  86  86  84  80  77  75  74  72
  72  74  75  74  72  72  71  71  71  70  70  71  73  74  73  73  73  76
  80  82  82  82  81  82  83  84  85  84  82  79  80  80  81  80  79  78
  80  82  81  81  81  80  80  80  81  82  84  88  86  83  87  91  88  83
 103 147 165 162 161 161 164 164 164 164 163 161 161 162 162 162 161 162
 163 163 163 162 162 162 162 162 163 162 160 160 160 161 160 159 159 159
 159 159 159 159 157 156 156 155 155 155 154 153 153 153 154 153 154 153
 152  29]"
"[ 29  29 182 183 185 185 184 183 183 183 183 184 183 181 181 181 182 181
 184 185 185 185 182 182 184 184 184 184 183 183 183 184 183 183 182 181
 182 183 184 184 182 182 183 183 184 185 186 186 185 185 185 185 185 185
 185 186 183 183 184 185 185 183 182 182 185 185 183 182 182 183 182 180
 177 179 172 137 110 108 104 103 101  95  90  89  85  81  79  77  75  74
  74  76  77  75  73  72  70  71  69  67  67  70  72  73  71  71  72  76
  80  82  82  83  82  82  82  85  86  85  84  83  81  80  80  79  79  78
  79  81  82  83  82  81  81  83  83  82  78  82  82  83  87  84  83  90
 137 164 164 164 161 161 164 161 163 164 163 162 162 162 161 161 161 162
 162 162 162 162 161 161 161 161 160 160 160 160 160 160 159 160 159 157
 157 157 157 156 155 155 155 155 154 154 154 153 153 153 154 153 153 152
 152  29]"
"[ 29  29 181 183 185 185 185 183 181 182 183 184 184 182 181 182 183 181
 183 182 183 184 182 184 184 185 184 183 182 181 182 184 183 182 182 182
 182 184 186 187 185 185 185 185 186 186 186 186 186 186 185 184 184 184
 185 185 186 185 185 185 185 183 182 182 187 186 184 184 184 184 183 181
 182 179 171 154 125 110 102 103 102  98  94  90  85  82  81  79  76  75
  75  76  77  75  72  71  71  71  69  64  65  69  72  71  70  70  72  76
  80  80  81  82  83  81  81  84  86  86  86  87  84  81  79  79  79  79
  79  80  84  84  83  80  81  84  84  81  80  80  80  87  89  80  87 115
 162 163 162 162 162 163 164 160 163 163 163 163 162 162 161 160 161 162
 162 162 161 161 161 161 160 159 158 158 159 160 160 159 159 160 159 156
 155 156 155 153 154 154 155 154 154 154 153 152 153 153 154 152 152 152
 152  29]"
"[ 30  29 183 183 185 187 186 185 184 185 183 182 182 183 184 183 183 183
 183 183 183 183 183 184 185 185 183 182 183 186 186 184 183 183 183 183
 184 185 187 188 186 186 186 187 186 185 185 186 186 185 184 185 184 183
 183 185 184 184 185 185 184 182 182 182 186 187 185 182 181 183 183 182
 182 180 175 164 138 104 103 103 102  97  95  93  88  84  82  81  80  78
  76  76  76  74  72  71  71  72  72  69  67  69  71  71  70  70  72  76
  78  77  79  83  80  81  82  83  86  86  86  87  86  84  81  79  77  77
  78  81  82  84  85  84  81  83  86  85  81  82  81  84  87  78  97 150
 165 163 162 162 162 161 161 162 162 162 162 162 161 160 161 161 161 161
 160 160 160 160 160 160 160 158 157 158 159 160 158 157 159 158 157 155
 154 155 155 154 154 154 154 153 152 152 153 153 151 153 154 153 150 150
 153  29]"
"[ 28  29 183 183 184 186 186 186 186 186 185 183 183 183 183 182 182 183
 184 183 183 183 184 185 185 185 183 182 183 185 185 183 183 182 182 184
 185 186 186 185 184 183 184 186 186 185 185 187 187 186 185 185 184 183
 183 184 185 184 183 184 183 182 181 181 182 183 182 180 180 183 185 183
 182 180 180 178 162 116  99 102 104  99  96  95  92  86  82  82  82  80
  78  77  76  74  71  69  71  73  73  71  69  69  70  71  71  70  70  72
  73  74  76  79  81  82  82  83  87  88  87  87  86  85  82  79  77  77
  78  79  78  81  84  84  81  83  87  87  83  82  84  84  82  92 128 163
 163 161 161 161 162 161 160 161 162 162 161 161 160 160 159 159 158 158
 158 159 160 160 158 156 157 156 155 156 157 157 156 155 154 154 154 154
 154 155 155 154 152 152 152 152 151 151 150 150 152 152 152 151 150 149
 153  28]"
"[ 28  29 183 182 183 184 185 186 186 186 185 184 183 182 182 181 181 183
 184 184 183 182 184 186 184 184 183 182 183 185 185 183 184 182 181 182
 184 186 186 185 182 182 184 186 187 186 186 186 186 185 185 186 185 184
 184 185 185 183 182 182 184 184 183 182 183 184 183 180 180 183 184 183
 183 180 176 177 174 130 102 107 103 100  97  96  94  87  81  82  82  81
  80  79  78  76  73  71  69  70  72  72  70  69  70  72  70  70  70  71
  72  73  75  76  79  80  80  83  87  88  88  88  87  86  84  82  80  79
  79  79  80  84  89  89  86  89  94  95  91  86  86  86  79 114 155 166
 161 159 159 160 161 161 160 160 161 160 159 159 160 159 158 157 157 156
 156 157 158 158 156 154 154 154 153 154 154 155 155 154 152 153 153 153
 153 152 151 150 149 149 150 151 150 149 149 149 152 151 149 149 149 150
 153  28]"
"[ 29  29 183 181 181 183 183 183 184 184 184 183 182 181 180 180 182 183
 184 184 184 184 184 185 183 184 184 183 184 185 185 185 185 183 181 180
 182 185 186 186 185 184 185 187 187 186 185 185 185 185 185 187 186 185
 185 186 185 183 182 183 185 186 185 184 186 186 184 181 181 182 182 181
 180 181 175 175 174 146 109 103  99  98  96  95  94  88  82  82  81  81
  81  80  80  78  74  71  67  68  69  71  71  70  70  72  68  70  71  71
  72  74  76  76  77  79  80  83  86  87  87  87  87  87  86  84  83  82
  81  81  82  85  89  89  88  90  95  97  99  93  87  88  89 140 162 159
 159 159 159 160 161 161 160 158 159 159 159 159 159 159 158 158 158 156
 155 154 155 155 155 155 153 153 153 153 154 154 154 154 154 154 153 153
 152 149 147 146 148 149 150 150 150 149 149 149 150 149 149 148 149 151
 154  29]"
"[ 30  29 182 180 181 183 182 181 182 182 182 182 181 181 180 180 182 182
 184 185 186 186 185 185 183 183 183 184 185 186 186 186 186 184 182 181
 182 183 185 186 187 186 185 186 187 185 184 184 186 185 186 187 187 185
 185 186 184 183 183 184 185 186 186 186 185 185 184 182 181 182 182 181
 179 181 174 175 170 162 128 109  97  99  97  94  92  88  84  82  81  82
  81  81  80  77  73  69  69  68  69  71  72  71  70  71  67  69  70  68
  69  72  74  74  77  80  82  83  85  85  84  85  88  89  89  88  87  86
  85  83  84  84  87  88  88  91  96  97 101  98  93  90 114 158 161 157
 159 159 159 159 160 160 159 157 158 159 159 159 159 158 158 158 158 157
 155 153 153 153 154 155 153 153 154 154 154 153 153 153 153 152 152 152
 152 150 149 149 149 149 150 150 149 148 148 148 147 148 149 149 150 150
 154  29]"
"[ 29  28 181 181 182 184 183 182 183 182 181 182 182 182 181 181 180 181
 182 184 186 186 185 184 183 182 182 183 185 186 186 186 186 186 186 185
 183 183 183 183 187 185 185 185 185 184 184 185 187 186 186 187 186 184
 183 184 185 184 183 184 185 185 185 185 186 186 186 184 183 183 182 182
 181 180 174 177 170 171 147 121 102 100  98  96  91  89  87  83  81  81
  81  80  80  79  76  72  73  71  70  70  69  68  67  67  68  69  68  66
  66  68  71  72  75  78  79  81  83  84  84  86  89  91  92  92  92  91
  89  86  87  87  88  90  91  95  98  99 101 101 101  95 138 161 157 158
 158 159 158 157 158 158 158 157 158 159 160 160 158 157 157 157 155 155
 155 154 153 152 153 153 153 153 153 153 153 152 152 152 153 152 151 152
 151 150 150 152 150 150 150 149 148 147 147 147 147 149 151 151 150 150
 153  28]"
"[ 29  28 183 183 184 186 185 186 185 183 182 183 183 183 182 182 181 182
 183 184 185 185 185 185 185 183 182 183 185 186 186 186 186 186 187 186
 185 184 183 183 186 185 185 185 185 184 184 186 186 185 185 186 185 184
 184 185 187 185 183 184 184 185 185 185 187 187 187 186 185 184 183 182
 182 182 180 183 177 175 157 125 109  99  97  97  91  89  89  84  81  81
  80  79  80  81  80  77  74  74  72  68  66  65  65  65  67  68  68  67
  66  67  70  72  74  75  76  77  82  84  85  87  89  92  94  94  95  95
  92  89  88  87  90  92  93  95  98  98 101 103 103 108 150 159 156 158
 157 158 157 155 155 156 157 157 157 158 158 159 158 157 156 155 154 154
 154 154 153 153 153 153 153 152 152 151 151 152 152 153 154 152 151 151
 151 150 150 152 150 151 150 149 148 147 146 146 149 151 152 153 152 151
 154  29]"
"[ 29  29 185 184 185 187 187 188 187 184 182 183 184 183 182 181 184 185
 185 185 185 185 185 186 187 185 183 184 186 186 186 186 187 186 186 185
 185 185 184 184 186 185 185 186 185 184 185 186 185 185 185 186 186 186
 186 188 188 185 183 183 185 185 186 185 184 185 185 186 186 185 184 183
 181 183 181 178 179 178 172 141 113  97  94  97  91  89  89  84  83  82
  80  78  79  81  80  78  75  75  73  68  64  64  65  66  64  66  68  69
  68  68  69  72  78  77  75  76  81  84  84  86  87  90  93  94  95  96
  93  90  89  89  92  94  94  95  98  98 100 104  99 120 153 160 158 157
 156 157 156 154 153 155 156 157 156 156 157 157 158 157 155 154 155 154
 153 153 154 154 154 154 153 152 151 150 151 152 153 153 153 151 150 151
 151 149 150 152 150 150 150 150 149 148 147 147 151 152 153 154 154 154
 156  31]"
"[ 28  29 185 186 186 187 186 187 185 183 183 183 183 183 182 181 182 184
 185 186 185 185 185 186 187 185 183 183 184 186 186 186 186 187 186 184
 184 185 186 187 186 185 185 184 183 183 184 185 184 184 184 185 186 186
 186 186 187 187 187 186 184 183 183 184 183 185 187 186 183 182 182 182
 182 181 178 180 180 176 171 159 128  98  94  98  93  92  89  86  86  84
  83  81  79  81  83  80  76  78  77  72  69  69  68  65  65  66  67  67
  66  67  69  71  75  76  78  79  82  83  83  81  81  85  91  94  94  96
  97  94  91  89  92  93  96  98  97 100 101 103  98 129 159 159 158 157
 157 157 156 154 153 154 155 156 156 157 157 157 157 157 157 156 154 154
 153 154 154 153 153 154 153 152 152 151 152 153 154 154 153 153 152 151
 150 150 150 149 151 152 152 152 151 151 151 151 152 154 154 159 158 160
 165  29]"
"[ 29  29 185 185 185 185 184 185 183 184 185 186 186 185 185 185 184 185
 186 186 185 185 186 187 187 186 184 184 185 186 186 186 186 187 186 185
 185 186 187 187 187 187 187 186 184 182 183 185 185 184 184 184 185 185
 186 187 186 187 187 186 185 184 183 183 185 186 187 185 183 182 181 181
 181 182 180 181 179 177 177 172 146 113  94  98  98  93  91  88  87  87
  87  84  81  81  82  81  77  78  77  74  71  68  66  65  64  64  63  62
  62  64  68  70  75  76  78  79  81  82  82  81  81  85  91  94  94  95
  97  97  94  92  93  94  95  97  96  99 101 102 105 140 162 157 156 162
 158 157 155 153 152 154 156 158 157 158 158 157 158 158 158 158 157 156
 155 156 156 155 155 156 155 155 154 153 154 155 155 154 154 154 153 152
 152 153 153 153 152 153 153 153 153 154 154 154 153 157 160 165 165 166
 168  28]"
"[ 30  30 186 185 185 184 183 183 180 182 185 187 186 185 186 187 186 187
 186 185 184 184 186 187 187 186 186 185 186 186 186 186 187 187 186 186
 186 187 187 187 187 188 188 186 183 182 183 186 186 185 185 185 185 185
 186 187 186 187 187 187 186 185 184 183 185 186 185 183 182 182 181 181
 180 180 179 182 181 180 178 172 161 139 106  96  98  94  93  89  89  90
  92  89  83  81  81  81  79  77  75  75  72  67  64  65  65  63  60  59
  61  65  69  72  75  76  78  79  80  81  82  82  83  86  92  95  94  94
  98 100  96  93  94  93  94  96  95  98  99 102 115 146 158 157 155 158
 160 159 157 155 155 157 159 160 160 160 160 159 159 160 160 160 161 160
 159 159 159 159 159 159 159 158 157 156 157 157 157 156 154 155 154 153
 154 155 155 155 153 153 154 154 154 155 155 156 157 160 161 164 165 167
 170  29]"
"[ 28  30 186 186 185 184 181 181 181 183 186 187 186 185 185 186 187 187
 186 185 184 184 185 186 187 186 186 186 186 186 186 186 187 187 187 186
 187 188 187 186 186 187 187 186 184 183 185 186 187 187 186 186 185 185
 186 187 187 187 187 187 187 186 185 184 184 184 183 182 182 182 183 182
 183 180 180 182 183 182 179 173 173 160 124  98  97  97  94  93  91  93
  95  93  87  83  83  82  80  76  74  75  74  69  65  64  64  62  60  60
  63  68  72  75  75  77  78  79  80  81  83  84  86  87  93  96  94  94
  97  99  96  93  93  93  94  96  95  98 101 102 122 152 158 163 160 160
 162 162 162 161 161 162 162 161 164 164 163 161 161 162 162 162 163 161
 161 161 161 161 160 160 160 159 157 157 157 158 158 156 155 155 155 154
 154 154 154 154 153 153 154 154 154 154 155 155 158 161 159 160 162 168
 172  30]"
"[ 28  29 185 185 184 184 182 182 187 187 188 188 187 186 186 186 187 187
 186 185 184 184 185 185 186 186 186 186 186 186 186 186 186 187 187 187
 187 188 188 187 187 186 186 186 186 186 186 187 187 187 187 187 186 185
 186 187 188 187 186 186 187 186 185 184 184 184 184 183 183 184 185 184
 185 182 183 183 182 183 183 182 182 172 140 105  98 102  96  96  94  94
  96  95  91  87  86  84  80  77  74  74  74  72  68  64  64  62  61  61
  64  68  72  74  76  78  79  79  80  81  83  84  88  88  92  96  95  94
  96  97  96  93  95  95  97  99  98 101 103  99 124 160 161 163 161 166
 164 165 165 165 164 164 163 162 164 164 163 162 161 162 162 162 161 160
 160 161 161 160 159 158 159 158 156 155 155 156 156 155 155 155 155 155
 154 154 154 153 154 154 154 154 153 154 154 155 156 160 160 163 166 171
 172  28]"
"[ 29  29 185 184 184 185 185 187 191 189 188 188 187 186 186 187 188 188
 187 186 186 186 186 186 186 186 186 186 186 186 186 186 186 187 187 187
 188 188 189 188 187 186 186 186 187 187 187 187 187 187 187 187 186 186
 186 188 187 187 186 185 186 186 185 185 186 186 185 185 185 186 186 186
 186 181 182 183 183 185 182 180 177 179 161 118  97 102 100  97  96  94
  94  95  92  89  87  84  81  78  75  74  75  76  71  66  65  64  64  64
  65  67  69  70  76  78  79  79  80  81  82  83  88  88  92  96  95  96
  97  96  97  95  96  97  99 101 101 104 102 103 129 165 159 161 160 163
 164 164 164 163 163 163 163 162 162 162 162 161 161 161 162 162 160 159
 160 160 159 158 158 158 158 157 156 155 154 155 156 155 154 155 155 154
 154 154 154 153 153 153 153 153 153 154 155 155 156 160 160 164 167 171
 173  28]"
"[ 29  30 186 185 185 187 188 190 190 189 188 187 186 186 186 187 188 188
 187 187 187 187 187 187 187 187 187 187 187 187 187 187 187 188 188 188
 188 188 189 188 187 186 186 187 187 187 187 188 188 188 187 187 186 185
 186 187 188 187 186 186 186 186 186 186 187 187 186 185 185 186 187 188
 186 180 182 184 185 186 180 178 177 183 179 146 109 100 103  99  98  94
  93  93  91  89  87  84  82  80  78  76  77  77  74  70  68  68  68  66
  65  65  67  68  74  76  77  78  79  81  82  83  89  91  94  96  96  98
  99  98  99  96  97  98  99 101 101 104 107 111 133 166 158 162 162 161
 163 163 162 161 161 162 162 161 161 161 161 160 160 161 161 161 160 159
 160 159 158 157 158 159 158 158 158 157 156 156 156 156 154 154 153 153
 153 153 154 153 153 153 153 153 153 154 155 156 158 159 158 162 165 170
 172  30]"
"[ 28  30 186 187 187 188 188 190 190 189 188 187 187 187 188 190 188 188
 187 186 186 187 188 188 188 188 187 187 187 188 188 188 189 190 190 188
 188 188 188 188 186 187 188 188 188 187 188 190 190 189 188 186 184 183
 184 186 188 188 188 187 187 187 187 187 188 187 186 184 184 186 188 189
 188 184 187 186 185 187 185 187 189 184 185 175 132  99 101 104 100  96
  94  94  92  90  88  85  83  81  79  78  78  77  75  74  70  70  70  67
  65  64  65  67  71  73  75  77  79  81  82  83  91  93  97  98  97  99
 101 100 102  98  99  98  99 100 100 103 110 107 124 163 159 161 162 162
 162 162 161 161 162 162 162 160 161 161 161 160 160 160 160 160 159 159
 159 158 157 156 158 160 158 159 160 158 157 156 156 155 155 154 153 152
 152 153 154 154 154 154 154 153 153 154 155 156 158 160 159 164 167 170
 172  29]"
"[ 29  29 187 188 187 190 189 189 188 190 190 189 190 189 188 189 189 187
 185 184 185 187 189 190 189 188 188 189 189 188 189 190 188 188 188 189
 191 191 190 188 187 187 189 190 188 185 185 188 193 191 190 191 191 190
 190 190 191 193 194 194 195 198 199 197 197 195 195 197 199 197 194 193
 197 198 200 201 202 202 203 204 203 202 201 190 163 115 104 107 103 102
 100  97  94  90  89  88  86  83  81  81  80  77  74  74  75  74  72  68
  65  65  66  68  70  72  74  77  80  80  82  87  92  93  96  97  98  99
 100 100 100 101 100  98  96  97 100 104 109 112 133 165 162 161 163 160
 164 162 161 162 163 163 162 162 162 163 162 162 161 160 160 160 159 159
 159 158 157 158 159 160 160 160 159 159 158 157 156 156 155 154 153 152
 152 153 155 156 153 154 155 154 153 153 154 155 159 160 160 166 169 172
 172  28]"
"[ 30  29 187 187 186 189 188 189 189 191 190 190 189 188 188 190 187 187
 188 189 191 192 194 194 192 192 192 192 193 193 194 195 187 189 191 192
 192 193 194 196 195 195 195 195 194 192 192 194 198 197 198 199 201 201
 202 204 202 203 203 203 203 204 203 202 206 204 203 203 205 204 203 202
 200 201 201 201 200 200 200 200 199 200 202 198 189 143 109 112 108 105
 101  97  94  91  90  89  87  84  82  81  80  78  76  75  75  73  70  66
  63  63  64  65  67  70  73  77  81  82  84  87  91  93  95  97  98  99
 100 101 102 102 102 100  98  98 100 103 112 116 129 159 161 161 163 166
 165 163 162 163 163 163 162 162 162 162 162 161 160 159 159 159 160 160
 160 159 158 158 158 159 160 159 159 158 158 157 157 156 155 154 153 152
 152 153 154 154 153 154 154 154 154 153 154 155 159 160 161 166 168 171
 172  29]"
"[ 30  29 188 187 185 188 188 188 188 190 191 190 190 190 190 193 190 192
 195 197 197 197 197 198 200 200 200 199 199 200 201 202 198 201 203 202
 200 200 203 207 203 202 202 203 204 204 205 207 205 205 204 203 201 200
 201 203 203 203 204 205 205 205 204 205 207 206 204 202 203 204 204 203
 202 202 201 201 200 200 201 201 199 200 199 196 202 166 114 111 108 105
 100  96  93  91  90  90  87  85  82  81  80  80  78  77  76  74  70  65
  63  64  65  66  67  71  73  76  80  82  83  85  89  90  92  94  96  97
  99  99 102 102 102 102 101 101 102 103 109 114 124 157 165 162 160 165
 165 164 163 163 163 163 162 162 162 162 162 162 161 160 160 160 161 161
 160 160 159 159 158 158 160 159 158 158 158 158 158 157 155 155 154 154
 154 154 154 154 154 154 154 154 154 155 155 155 159 162 162 166 167 170
 172  30]"
"[ 28  28 194 196 196 201 202 202 202 205 205 204 205 204 204 206 203 205
 206 206 205 204 205 206 207 208 208 205 204 206 207 207 207 209 210 209
 206 205 207 210 208 206 206 206 205 205 205 205 207 206 206 204 203 202
 203 204 202 201 203 205 206 205 205 207 206 206 204 201 201 203 203 202
 201 201 201 201 201 201 202 202 199 200 198 194 202 185 135 112 106 105
 102  97  92  89  89  89  86  85  83  81  80  80  79  76  76  74  71  67
  65  66  67  69  70  73  74  75  78  80  81  83  87  87  89  90  92  94
  96  97  99 100 100 101 101 102 104 104 107 111 123 161 170 165 162 164
 164 163 162 162 162 163 163 164 162 162 163 162 162 161 160 160 160 160
 160 160 160 160 160 160 160 159 158 158 158 159 159 158 157 157 157 156
 156 155 154 154 154 154 154 154 155 156 156 156 160 163 163 166 168 171
 172  29]"
"[ 29  29 202 205 206 210 211 211 210 211 210 210 211 210 208 209 209 210
 211 211 209 209 210 211 210 211 210 208 206 208 209 209 208 209 209 209
 208 208 209 210 208 207 206 206 206 205 204 203 206 206 205 205 206 207
 207 206 205 203 204 206 206 205 205 207 205 205 205 203 202 204 204 203
 203 202 202 202 201 200 200 199 199 200 200 197 199 199 161 110 104 106
 106 101  94  89  88  88  87  87  85  83  82  80  78  75  74  74  72  68
  65  65  67  69  71  72  72  72  75  78  80  83  86  87  87  88  89  91
  94  96  96  96  97  99 100 102 104 105 109 108 119 159 167 164 166 165
 162 161 161 162 162 162 163 163 161 162 162 162 161 160 160 160 159 159
 159 159 159 160 160 161 160 159 158 158 159 160 160 159 158 158 158 158
 157 156 155 154 154 154 154 155 156 157 158 158 161 163 163 167 169 173
 173  28]"
"[ 30  31 207 210 209 210 209 208 212 212 211 211 212 212 211 211 211 212
 212 212 211 210 211 211 211 211 211 209 208 209 209 210 210 209 209 209
 210 210 209 208 206 206 206 207 208 208 206 205 205 205 204 204 206 207
 206 205 205 203 203 205 206 205 205 206 202 203 203 203 203 204 203 203
 203 203 202 202 202 201 200 199 200 199 199 197 196 202 181 119 102 106
 108 104  98  94  91  90  89  89  88  86  84  81  78  75  75  74  72  68
  65  64  66  67  67  68  68  70  74  76  80  85  88  88  88  88  88  90
  93  95  95  96  97  99 100 102 104 106 109 108 116 157 165 164 168 165
 163 162 161 162 163 162 162 162 162 162 162 162 161 161 161 161 159 158
 158 158 158 159 160 160 160 159 159 159 159 160 160 160 159 159 158 158
 157 155 155 154 154 154 154 155 157 158 159 159 160 163 163 167 170 174
 174  29]"
"[ 29  29 209 213 212 213 214 213 212 212 210 210 211 211 211 212 215 214
 214 214 214 214 214 214 213 212 212 211 211 210 210 211 210 209 208 208
 208 208 207 207 209 208 207 206 206 205 204 202 203 203 203 204 206 209
 209 208 207 205 204 205 207 207 208 208 205 204 203 204 205 204 204 204
 204 203 202 202 202 202 201 201 200 198 199 197 197 203 197 152 106 108
 108 105 101  98  94  91  90  89  89  89  87  83  79  78  78  76  72  67
  65  65  65  65  64  65  66  70  73  74  77  83  88  89  89  88  87  88
  91  93  94  97  99 100 101 102 105 107 110 113 118 156 168 165 168 168
 164 163 162 163 164 163 162 161 162 162 162 162 161 161 162 163 160 159
 159 159 159 159 159 159 159 159 159 159 159 160 160 159 160 159 158 157
 156 155 154 154 154 154 155 156 157 158 159 159 160 164 164 167 169 174
 175  30]"
"[ 29  30 211 214 213 214 215 215 216 216 214 211 211 210 210 212 213 212
 210 210 212 214 216 217 215 213 212 213 212 210 210 211 209 209 210 209
 208 208 209 210 210 209 208 206 207 207 207 206 204 204 204 203 204 207
 208 207 208 205 204 204 205 206 206 206 206 204 203 204 204 203 203 204
 205 204 202 201 201 201 200 200 201 199 203 199 199 197 197 174 115 114
 109 105 103 100  94  88  89  88  88  89  88  84  81  81  80  76  71  67
  65  66  65  64  64  64  66  71  73  71  73  80  87  88  89  88  86  86
  88  90  93  96  99 100 100 102 105 108 108 114 113 147 163 161 163 167
 165 164 163 164 165 164 163 162 162 162 161 161 160 161 162 162 161 161
 160 160 160 160 159 158 159 159 159 159 159 159 159 159 160 159 158 157
 155 155 155 155 154 154 155 156 157 158 159 159 162 165 165 167 168 173
 174  30]"
"[ 29  29 212 213 211 211 215 214 214 215 215 213 211 211 211 211 211 211
 210 210 210 213 215 217 216 214 213 215 217 214 211 209 210 210 210 209
 209 208 209 210 208 209 209 209 208 207 208 209 208 207 205 204 205 205
 206 206 206 207 207 206 206 207 208 209 205 204 202 202 203 204 204 203
 204 203 202 202 202 201 200 200 200 201 203 201 198 199 197 189 128 114
 109 107 101 102  90  90  88  90  91  90  88  85  83  81  79  74  69  65
  64  63  63  63  63  65  64  66  73  72  72  79  84  85  86  87  87  88
  88  88  91  93  96  96  97 100 104 107 110 113 113 136 165 162 163 167
 165 166 166 165 164 164 163 162 162 161 161 160 160 161 162 163 161 160
 160 162 162 159 157 157 157 159 161 161 160 160 160 160 160 159 157 156
 157 157 158 158 158 158 157 156 156 157 159 160 165 166 169 170 169 172
 176  28]"
"[ 28  28 212 214 212 213 216 214 214 215 215 214 213 213 212 212 213 211
 209 209 211 213 215 216 214 213 214 216 217 216 213 211 211 210 210 210
 210 209 209 209 208 208 208 207 206 206 207 208 208 207 206 205 205 205
 205 205 206 206 207 206 206 206 206 207 204 204 203 203 203 204 203 203
 203 203 202 202 202 202 201 201 200 200 202 202 200 199 199 198 155 108
 112 107 103 100  97  94  93  91  89  88  88  87  82  78  77  72  67  65
  64  63  62  62  62  63  61  64  71  71  72  78  81  83  86  88  88  86
  87  88  88  91  94  96  98 101 103 105 108 112 113 138 169 166 165 166
 165 166 166 166 165 165 164 163 161 162 162 162 163 162 161 161 162 161
 160 161 160 158 157 158 158 159 161 161 160 160 160 160 158 157 156 156
 156 157 158 158 159 159 158 157 157 158 159 160 163 164 167 169 170 172
 176  29]"
"[ 29  28 213 216 215 215 217 214 213 215 216 215 214 214 214 214 214 212
 210 210 212 214 215 215 215 214 215 216 216 215 213 211 211 211 210 211
 211 211 210 209 208 208 208 207 206 206 206 207 205 206 207 206 205 205
 205 206 206 206 207 207 206 205 204 204 203 204 204 204 204 203 203 202
 203 203 203 203 203 203 202 202 201 201 201 201 200 196 197 202 186 115
 116 111 103  99  99  96  94  93  90  87  85  83  81  78  74  70  66  64
  65  64  62  61  60  61  59  62  69  71  72  77  81  84  88  91  89  86
  87  89  88  89  92  96  99 102 103 104 106 112 112 137 169 168 166 165
 165 165 166 166 166 165 164 163 164 163 162 161 161 162 162 161 161 161
 161 160 159 158 157 157 158 160 161 161 160 159 160 160 158 157 157 157
 157 157 158 158 159 159 158 158 158 158 159 160 161 162 166 168 171 174
 178  30]"
"[ 30  29 214 217 217 216 217 213 214 215 216 215 215 215 215 216 215 213
 211 211 213 214 214 214 214 214 214 215 215 214 213 212 212 211 210 211
 211 212 210 209 209 209 209 208 207 206 207 207 205 206 207 208 208 207
 207 207 205 206 207 207 207 206 204 203 204 205 205 205 205 204 204 204
 203 203 203 203 203 203 203 202 202 203 202 201 200 195 195 202 198 137
 116 110 101  98  94  93  93  92  89  85  81  80  79  78  72  68  65  64
  65  64  62  60  61  60  58  61  68  71  73  77  82  86  90  91  89  87
  87  88  89  89  91  95 100 104 105 106 109 114 113 134 166 167 166 165
 165 165 166 166 166 166 165 165 167 165 163 161 162 162 162 162 160 162
 162 161 160 159 158 157 158 159 161 161 160 159 160 160 159 159 159 159
 158 158 158 158 158 158 158 159 159 159 159 160 162 162 166 168 171 174
 178  30]"
"[ 29  29 213 216 216 216 217 213 215 216 216 214 214 214 216 216 215 214
 213 213 213 214 214 214 213 213 213 213 214 215 216 216 213 212 211 210
 211 211 210 209 209 210 209 209 208 207 207 207 207 207 208 209 209 209
 208 207 204 205 207 208 208 207 205 204 205 206 206 206 205 204 205 205
 204 203 203 203 203 203 202 202 201 204 203 201 201 199 198 202 201 170
 121 104 104 102  96  96  94  91  86  82  81  80  78  75  70  67  64  64
  65  64  61  59  61  59  57  60  67  72  76  79  82  87  90  88  87  88
  88  86  88  88  90  96 102 106 107 108 111 117 115 134 165 166 166 166
 167 166 166 166 166 166 166 166 165 165 165 165 165 164 162 160 162 163
 163 162 161 161 160 158 158 159 160 160 160 159 160 160 160 160 160 160
 159 159 158 158 158 158 159 159 160 161 161 161 163 163 166 168 170 174
 177  28]"
"[ 29  28 212 215 215 216 218 215 216 216 216 214 213 214 216 217 215 215
 215 215 214 214 214 215 214 215 214 214 214 215 216 216 213 213 211 210
 210 209 209 209 210 210 210 209 209 208 207 207 209 208 208 208 208 207
 206 204 205 206 207 208 209 208 206 205 205 205 205 204 203 203 204 205
 204 203 203 203 203 203 203 202 201 204 204 202 202 202 200 200 206 194
 141 103 108 105 101  96  95  93  89  85  82  79  77  75  72  69  66  65
  66  65  63  61  61  58  57  60  67  73  79  81  82  86  88  86  86  89
  89  88  86  86  90  96 102 106 108 109 110 116 115 136 165 166 166 166
 167 166 165 166 166 165 165 166 166 165 164 164 164 164 163 162 164 163
 162 161 161 161 161 160 159 159 160 160 160 160 160 160 159 159 159 159
 159 159 159 159 158 158 159 159 161 161 162 162 164 164 167 169 171 174
 177  28]"
"[ 29  29 213 216 216 216 218 216 216 216 216 215 214 215 216 217 217 216
 216 215 214 214 215 216 216 216 215 214 214 215 214 213 212 212 212 211
 209 208 209 209 211 210 210 209 209 208 207 207 208 208 207 207 206 205
 204 204 206 207 207 208 208 207 205 204 203 203 203 203 202 202 203 203
 203 203 203 203 204 204 203 203 203 203 203 202 200 200 200 198 204 196
 167 118 106 104 100  95  95  95  94  89  83  79  78  77  76  72  69  68
  68  68  66  65  62  59  59  61  66  74  80  83  83  85  87  88  88  89
  90  92  88  88  89  95 100 104 107 109 110 116 115 137 167 167 167 168
 168 166 166 167 167 165 165 166 167 166 164 162 162 163 165 166 164 162
 160 161 162 161 161 161 161 161 160 160 161 161 160 159 158 159 159 159
 158 158 159 159 159 159 159 159 161 161 162 162 165 166 169 172 173 176
 178  29]"
"[ 30  29 213 215 215 215 217 215 215 216 217 216 215 216 217 218 218 217
 216 215 215 215 216 217 215 215 215 214 214 215 214 212 209 211 212 212
 210 209 209 211 212 211 210 210 209 208 208 208 207 207 207 207 206 205
 206 207 208 207 207 207 207 206 204 203 203 203 203 203 203 203 203 203
 203 203 203 203 204 204 204 204 203 201 202 203 199 200 202 200 200 191
 190 141 107 110 104 101  97  96  94  90  86  83  79  76  78  74  71  70
  69  68  67  66  65  61  60  62  67  74  81  83  84  84  86  90  89  87
  90  95  93  90  90  93  97 101 106 110 112 117 116 138 169 168 169 169
 169 168 168 169 169 167 166 168 167 166 166 165 165 165 166 166 165 162
 161 164 165 163 162 162 163 162 161 161 161 161 160 158 159 160 160 159
 158 158 158 159 160 160 160 160 161 162 162 162 163 165 170 173 175 177
 179  29]"
"[ 30  28 214 217 217 215 214 216 217 217 217 216 216 216 217 217 216 217
 217 216 216 216 217 218 216 216 215 215 214 213 213 213 213 212 212 211
 210 210 210 211 210 211 210 208 209 211 210 207 207 207 207 206 205 205
 206 207 208 206 206 207 206 204 202 202 204 203 203 203 203 203 203 202
 203 203 203 203 204 205 203 200 201 201 202 201 201 200 200 200 201 195
 195 160 109 106 105 103  97  97  95  90  86  86  82  74  73  73  72  71
  71  73  72  71  69  66  64  65  68  73  79  83  82  85  88  89  87  87
  90  94  94  94  94  94  96  99 105 109 111 114 122 137 161 165 171 167
 168 169 170 170 170 170 169 168 167 167 166 166 166 165 165 165 165 163
 162 163 165 165 163 161 162 162 161 162 162 161 159 157 156 158 158 157
 156 156 157 160 160 160 161 161 161 161 163 164 166 170 171 171 173 175
 179  29]"
"[ 29  28 214 216 215 213 213 216 217 217 217 216 216 217 217 218 217 217
 218 217 216 216 217 218 217 216 216 217 216 214 214 216 214 214 213 211
 210 210 211 211 212 211 210 208 208 209 209 207 207 207 207 206 206 206
 207 208 208 207 208 208 206 204 203 204 203 203 202 202 203 204 204 204
 203 203 202 202 203 204 203 201 202 202 202 202 201 200 200 200 201 199
 195 180 125 104 102 103 100  98  94  90  86  85  81  75  75  74  72  72
  74  75  75  73  71  68  66  68  71  75  79  82  85  87  89  90  89  88
  89  90  92  93  95  97  98 101 105 109 115 119 121 135 161 168 171 169
 170 171 171 171 171 170 171 171 170 168 167 167 167 166 166 167 166 164
 163 164 164 164 164 164 164 163 162 162 162 161 160 159 157 159 159 157
 157 156 158 161 161 162 162 162 162 163 165 166 166 170 170 171 173 175
 179  29]"
"[ 29  28 215 217 215 214 215 218 218 217 217 217 217 218 218 218 218 218
 218 218 217 216 217 217 218 216 216 218 217 214 214 217 214 213 213 212
 211 211 211 212 212 211 210 209 208 208 208 207 207 207 207 206 206 206
 207 207 208 209 210 209 207 204 205 206 203 203 202 202 203 204 205 205
 204 204 203 202 202 203 203 202 203 203 203 203 202 201 200 200 200 202
 196 195 149 106 105 103 102  98  94  90  87  85  83  78  76  75  73  73
  75  76  76  74  73  69  68  71  73  75  77  81  85  87  89  91  92  92
  91  91  90  92  96  98 100 101 105 108 112 118 118 131 164 173 171 171
 171 171 171 170 169 169 171 173 171 169 168 167 166 166 166 167 167 166
 165 165 164 164 164 165 164 164 163 161 161 160 160 160 159 160 159 157
 157 157 158 160 162 162 162 162 162 163 165 167 167 170 170 172 174 176
 179  29]"
"[ 29  29 215 218 217 216 216 219 218 218 217 217 218 218 218 217 218 218
 218 218 217 217 217 218 218 217 217 218 218 216 214 214 211 212 212 212
 212 212 211 212 212 211 211 211 210 208 208 209 208 208 207 206 206 206
 206 206 206 207 207 206 204 202 203 204 203 203 202 202 203 204 205 205
 205 205 204 202 202 203 203 203 203 203 203 203 203 202 202 202 200 201
 197 196 168 112 112 103 102  97  93  91  88  86  84  82  79  78  76  75
  75  76  76  75  73  70  69  71  72  73  76  80  86  87  89  91  92  94
  95  95  90  93  96  99 100 101 104 107 109 114 113 121 162 172 171 172
 171 170 169 168 168 168 170 172 171 170 168 167 167 166 166 167 168 167
 166 166 165 164 164 164 163 163 162 161 159 159 159 159 160 160 158 157
 158 158 157 159 161 162 162 162 162 163 165 167 168 171 171 173 176 178
 180  29]"
"[ 29  29 215 218 218 218 217 217 218 218 218 218 218 218 217 216 217 217
 218 218 218 218 218 218 219 220 219 217 218 218 215 211 210 212 213 214
 213 212 211 210 212 211 212 212 211 210 209 209 208 208 207 207 207 206
 206 206 206 206 206 204 203 203 203 203 203 203 203 203 203 203 204 204
 205 204 204 203 203 204 204 203 203 203 204 204 203 202 202 202 201 200
 199 196 176 118 111 104 102  97  94  93  90  87  86  83  82  81  79  77
  76  76  77  77  74  72  70  71  71  72  76  82  88  89  89  89  90  92
  94  95  94  95  98 100 100 102 105 108 112 115 114 114 157 168 171 171
 172 171 169 169 169 170 171 171 172 171 170 170 169 168 167 168 166 166
 165 166 166 165 163 162 161 162 162 161 160 159 159 159 159 160 158 158
 159 159 158 158 161 162 162 162 162 164 166 168 169 172 172 175 178 179
 181  29]"
"[ 28  29 215 218 219 219 217 217 218 218 218 218 218 217 217 216 217 217
 218 218 218 218 218 218 219 221 220 217 217 219 216 210 212 213 215 215
 214 212 211 210 211 211 211 211 211 210 208 207 208 208 208 208 208 208
 208 207 207 207 205 204 204 205 204 203 203 203 204 203 203 203 203 203
 203 203 202 202 203 204 204 203 203 204 204 204 203 202 202 202 202 201
 199 201 180 122 103 107 104  99  97  95  92  89  87  84  82  81  80  79
  77  76  77  79  77  75  73  72  72  74  79  84  88  89  89  88  88  91
  94  95  96  96  98 100 101 103 107 110 113 115 118 117 156 169 172 171
 174 172 170 170 171 171 171 170 171 171 171 171 170 169 168 168 165 164
 165 166 167 165 163 162 162 162 162 162 161 160 159 159 159 160 159 158
 160 160 158 159 161 161 162 162 163 164 166 168 168 172 172 175 178 179
 181  29]"
"[ 29  30 216 219 219 219 218 219 219 219 218 218 217 217 217 217 217 217
 218 219 219 219 218 218 218 220 219 216 216 218 217 213 214 214 214 214
 213 211 211 210 211 211 211 211 211 211 210 208 208 207 207 208 208 208
 208 208 206 205 204 202 202 203 204 203 203 204 204 203 203 203 203 204
 203 203 202 201 202 204 203 202 203 203 204 204 203 202 202 202 202 201
 199 203 185 127 101 107 105 101  99  96  93  91  88  83  81  80  80  80
  79  77  76  78  78  77  75  73  74  77  81  83  85  88  89  89  90  93
  95  95  95  96  98 100 103 106 109 112 112 115 120 123 151 169 173 172
 174 173 171 171 171 171 171 170 170 169 170 170 169 168 167 167 166 165
 166 166 166 164 163 163 163 163 163 162 161 160 159 159 158 159 158 158
 159 159 158 159 159 160 161 162 162 163 165 167 168 171 171 173 177 178
 180  29]"
"[ 28  30 217 219 218 218 219 220 219 219 218 217 217 217 218 219 218 218
 219 219 219 219 218 217 217 217 217 215 214 216 217 216 214 214 213 212
 211 210 211 211 212 213 213 212 213 215 214 211 208 207 207 207 207 208
 207 206 207 208 206 204 204 205 206 205 204 204 204 203 203 203 204 205
 205 204 202 202 202 203 203 201 202 202 203 203 203 203 203 203 201 201
 199 198 191 132 107 107 104 101  98  95  92  90  87  82  81  80  81  82
  81  78  77  77  79  78  76  73  75  79  81  81  86  88  90  91  93  95
  95  93  95  96  98 102 105 108 111 114 116 117 117 120 139 165 172 173
 173 173 172 171 170 170 170 170 169 169 169 169 169 168 167 167 168 167
 167 166 165 163 163 163 164 164 163 162 161 160 159 158 157 158 157 156
 158 158 158 159 159 160 161 162 162 163 165 166 167 170 170 172 175 177
 180  29]"
"[ 29  30 215 216 217 219 220 219 218 218 219 218 218 217 218 218 219 219
 219 219 219 219 218 218 218 218 217 216 214 213 214 215 216 216 214 212
 212 214 214 213 211 211 212 213 212 210 210 210 208 207 207 208 209 209
 207 205 205 205 206 207 206 205 205 206 204 203 202 202 201 202 204 206
 205 204 202 202 202 202 203 203 203 203 203 201 201 201 202 203 202 201
 200 196 188 147 109 110 104 101  98  96  94  91  87  85  82  82  81  81
  80  80  79  77  76  74  76  76  74  74  75  81  82  84  87  91  93  93
  93  94  93  96  99 103 107 110 111 113 114 115 121 124 128 154 175 171
 172 173 172 171 170 169 169 169 168 168 168 168 169 169 167 166 165 166
 167 166 164 164 164 164 162 163 163 162 161 160 159 157 156 158 158 157
 157 158 159 159 159 161 162 161 162 165 167 167 168 170 172 175 176 177
 180  29]"
"[ 29  30 216 218 218 218 218 219 218 218 219 219 219 219 219 220 219 219
 219 219 219 219 219 219 218 219 219 219 218 217 216 217 217 218 217 215
 215 217 216 214 215 214 214 213 211 209 208 208 209 208 207 208 208 208
 207 206 206 206 206 206 205 205 205 206 205 204 203 202 202 203 204 205
 203 202 202 203 204 203 203 203 202 203 203 202 202 202 203 203 202 203
 200 200 187 162 113 105 107 103  98  95  93  90  87  83  83  83  83  83
  82  81  78  76  75  73  76  76  74  74  75  80  80  83  87  91  92  93
  94  95  96  98 100 104 108 107 107 111 115 117 122 125 130 152 175 171
 172 173 173 172 171 171 170 169 167 167 168 168 168 169 167 166 165 165
 166 165 164 164 164 163 162 162 162 161 160 159 158 156 156 157 157 156
 156 158 159 159 159 161 162 161 162 164 166 166 168 170 173 176 178 178
 181  29]"
"[ 28  30 217 219 219 219 219 220 220 220 220 220 220 220 220 220 219 219
 219 219 219 220 220 220 220 220 220 219 219 218 218 218 218 218 218 217
 218 218 217 214 215 215 214 213 212 211 210 210 211 210 209 209 209 208
 207 207 206 205 204 204 204 204 204 206 205 205 204 203 202 202 203 204
 202 202 203 204 204 203 203 204 203 203 203 202 202 203 203 203 203 204
 203 202 188 172 116 102 108 103  97  95  94  93  90  87  85  85  86  85
  84  81  77  75  74  72  75  75  74  74  75  80  80  84  88  90  91  94
  96  96  98  97  99 103 106 104 104 109 116 119 122 124 131 146 172 169
 172 173 173 172 172 172 170 169 168 168 169 169 169 169 168 167 166 165
 164 164 165 165 164 162 163 163 162 161 160 159 158 157 157 158 158 157
 157 158 159 159 160 161 162 163 164 165 167 167 168 171 174 178 179 179
 181  29]"
"[ 28  30 217 221 221 221 221 222 222 222 221 221 221 220 219 218 220 219
 219 219 219 220 220 221 222 221 219 218 218 218 219 219 218 218 218 218
 219 219 217 214 215 215 214 213 214 214 213 212 211 211 211 210 210 208
 207 206 204 203 203 203 203 203 204 205 206 205 204 203 202 203 203 204
 204 203 203 203 202 202 203 205 205 204 203 202 202 203 203 203 204 201
 205 201 195 177 121 107 107 103  98  96  96  96  94  92  88  88  87  86
  84  81  77  75  73  71  73  72  72  74  76  81  82  86  89  89  89  93
  96  96  97  97  97 100 103 104 106 111 116 120 121 122 129 137 168 170
 172 172 172 171 172 171 170 169 169 170 170 169 169 169 169 169 167 166
 165 165 166 166 165 162 163 163 162 161 160 160 159 159 158 158 159 158
 158 159 160 160 159 160 162 163 165 166 168 169 169 171 174 178 179 179
 181  29]"
"[ 29  29 216 221 222 223 223 224 223 222 221 221 221 221 220 219 220 220
 219 219 219 220 220 221 223 222 220 219 219 219 220 221 220 219 219 219
 220 220 217 215 217 216 215 215 215 215 213 211 210 210 211 211 210 208
 206 204 204 203 203 203 203 203 204 205 206 206 205 204 203 204 205 205
 204 203 203 203 203 202 204 205 205 205 203 202 202 203 203 203 202 202
 203 202 201 187 132 111 107 104 101  99  98  97  96  94  91  89  88  86
  84  81  78  77  75  73  73  71  71  74  76  81  83  87  89  88  88  92
  96  97  97  99  98  97 101 105 109 114 117 122 122 122 128 132 163 173
 172 172 171 171 171 172 171 169 170 170 170 168 167 167 168 168 167 167
 167 167 167 166 165 164 162 162 161 159 159 159 159 159 157 158 158 158
 158 158 158 159 159 160 162 163 165 166 167 168 170 172 174 177 178 178
 180  28]"
"[ 29  29 216 221 222 223 222 223 222 222 221 221 221 222 222 222 221 221
 220 220 220 220 220 221 220 221 221 222 221 221 221 221 221 221 220 221
 221 220 218 216 216 217 216 215 216 216 214 212 211 211 211 211 211 209
 206 204 206 205 204 204 204 204 204 204 206 206 206 205 204 204 205 206
 202 202 203 204 204 204 203 204 205 204 203 202 202 203 204 204 202 206
 200 204 201 199 147 107 105 103 101 100 100  99  97  96  93  91  88  87
  84  81  79  79  79  76  76  74  73  76  78  82  82  85  88  88  89  93
  96  97  97 100  99  97  99 105 110 114 117 122 122 123 126 129 157 174
 172 172 172 172 172 172 172 171 170 171 170 168 166 166 167 167 167 167
 167 167 166 166 165 163 161 161 160 159 158 159 159 159 157 157 158 158
 158 157 158 159 161 161 162 164 165 165 167 168 171 173 174 176 176 176
 179  28]"
"[ 29  29 217 222 223 222 222 223 224 223 223 222 221 222 223 223 222 222
 222 221 221 221 221 221 220 221 222 223 222 222 222 222 222 221 221 222
 222 220 218 216 216 217 216 215 215 217 216 214 213 212 211 210 210 209
 207 205 207 206 205 205 205 204 203 203 205 205 206 205 205 204 204 204
 203 203 203 204 205 204 203 203 204 205 205 204 203 204 204 204 204 206
 200 205 198 203 168 109 104 103 101 101 101 101  98  96  94  91  89  88
  86  82  81  81  79  78  79  76  76  78  78  81  81  84  87  90  91  93
  95  97  97 100 100  99 100 104 109 115 116 120 121 123 124 126 147 168
 171 172 173 173 172 173 172 172 170 172 172 169 167 166 167 168 167 167
 167 167 167 166 164 163 162 162 161 160 159 159 159 159 158 158 158 159
 159 158 158 159 162 162 163 164 165 165 167 169 171 173 173 175 175 176
 179  28]"
"[ 29  30 218 224 224 222 222 224 227 226 225 223 221 221 222 223 223 223
 223 222 222 221 221 221 222 223 223 223 222 222 223 224 222 222 223 223
 223 220 218 217 217 218 217 215 215 216 215 213 214 212 209 209 209 209
 207 206 206 205 204 204 204 204 204 204 203 204 205 205 204 203 202 201
 205 204 203 203 203 203 203 203 205 206 206 205 204 204 204 203 205 202
 202 206 199 201 187 118 108 105 102 101 102 101  97  93  94  91  90  89
  87  84  82  82  76  75  78  77  76  78  78  80  81  83  87  91  93  93
  94  95  96  99 100 102 103 105 110 117 115 118 120 123 122 124 139 162
 170 172 173 173 173 172 172 171 170 172 172 170 168 167 167 168 168 168
 167 167 167 167 165 162 162 162 162 160 159 159 159 158 158 158 158 159
 159 158 158 159 162 161 162 163 164 165 167 169 171 172 173 175 175 176
 179  29]"
"[ 30  29 222 224 224 223 223 225 226 225 223 222 222 223 224 223 226 226
 224 222 223 222 221 221 222 222 221 222 223 222 224 230 224 222 221 222
 222 221 220 220 219 220 219 216 215 216 216 215 214 211 208 207 207 207
 206 206 205 204 204 203 202 202 203 204 203 204 205 205 203 202 203 203
 204 204 203 202 202 202 203 203 203 203 203 203 203 203 203 203 204 204
 203 203 204 201 191 133 103 109 101 102 104 103  98  95  94  92  89  87
  85  84  81  78  77  77  75  74  76  79  80  79  82  80  85  89  91  92
  93  98  98  97  99 102 102 106 113 117 118 117 122 125 124 124 128 154
 173 171 174 174 172 173 171 171 171 171 171 170 169 167 166 166 168 167
 167 166 166 165 163 161 162 162 162 161 159 159 160 160 157 157 157 157
 158 159 158 158 160 162 163 162 162 164 166 166 171 172 173 174 176 176
 176  28]"
"[ 29  29 222 226 227 224 223 223 224 224 223 222 222 222 223 223 226 226
 224 223 224 223 222 223 222 222 222 222 223 221 222 227 223 222 221 221
 221 221 220 220 219 220 219 216 215 215 215 214 211 209 207 207 207 206
 205 204 204 203 203 203 203 203 204 204 203 205 205 205 204 203 203 203
 203 203 203 203 202 202 203 203 204 204 204 204 204 204 203 203 202 203
 203 203 204 200 200 159 112 109 107 106 103 101  98  96  95  93  89  85
  82  81  78  75  75  75  74  73  75  77  78  77  81  80  85  87  88  88
  88  92  96  97 100 103 102 103 109 113 117 117 122 125 125 127 129 150
 171 172 173 172 171 172 171 172 171 171 171 170 169 168 167 167 167 166
 166 165 165 165 164 163 161 162 161 161 161 161 161 161 159 158 156 156
 156 157 159 159 161 162 163 162 162 164 166 166 170 171 173 174 177 177
 178  29]"
"[ 29  29 222 226 228 226 224 223 224 225 225 224 223 223 224 225 226 226
 225 224 225 225 223 224 222 222 222 222 223 220 221 224 223 222 220 221
 222 222 221 221 221 221 219 216 215 215 215 214 212 210 209 208 207 205
 203 202 202 202 202 203 203 203 204 204 204 205 206 206 205 204 203 203
 204 204 205 205 204 204 204 204 203 203 203 203 203 203 203 203 202 203
 202 203 203 199 204 182 129 107 105 105 103 104 100  97  97  95  90  84
  81  80  77  74  75  74  73  74  74  75  76  77  81  82  86  86  86  87
  87  90  95  97 101 103 102 102 107 112 117 119 122 125 127 130 129 142
 165 173 174 172 172 171 172 172 171 170 170 169 169 169 168 168 167 167
 166 165 165 165 166 165 164 163 162 162 161 160 158 158 159 158 156 155
 156 157 158 159 160 161 161 161 162 163 166 167 170 171 172 174 177 178
 178  30]"
"[ 29  29 222 224 226 225 225 225 225 226 227 226 225 225 226 226 225 226
 226 226 227 226 224 224 223 223 222 223 223 222 221 224 224 223 222 222
 223 223 222 222 222 221 219 217 216 216 216 215 214 213 211 210 207 204
 202 201 202 203 203 203 203 202 203 203 206 206 207 206 205 204 203 203
 205 205 206 206 206 206 205 204 203 203 203 203 203 203 203 203 204 203
 201 202 204 200 203 192 153 111 102 103 102 104 102 100  98  97  92  86
  82  82  80  77  76  75  74  75  74  74  76  79  82  83  86  85  85  89
  89  91  95  98 101 103 103 104 108 115 116 120 123 125 126 130 128 134
 153 168 173 171 174 171 172 171 171 170 169 169 169 169 168 168 168 168
 167 166 165 166 166 166 166 165 163 162 161 159 156 154 157 157 157 157
 158 158 158 158 159 160 161 162 162 164 166 167 171 171 172 173 175 177
 177  29]"
"[ 29  29 222 224 225 223 224 225 225 225 226 226 225 226 225 225 225 227
 227 227 228 227 224 224 225 225 223 223 224 223 222 224 224 224 223 223
 224 224 223 222 222 221 220 218 217 217 217 216 214 213 212 210 207 203
 201 200 202 204 205 205 203 202 204 205 208 207 206 205 204 203 203 203
 205 204 204 205 206 206 204 203 203 203 203 203 203 203 203 203 203 203
 200 201 204 202 203 198 174 125 104 105 103 101 100 102  99  98  95  89
  85  84  82  79  77  75  74  74  73  73  76  79  81  81  83  81  83  88
  90  91  95  98 100 102 105 106 109 115 114 120 123 125 125 130 129 132
 144 162 173 170 174 171 172 171 172 171 170 169 169 169 168 167 167 167
 167 166 166 166 166 166 165 164 163 163 163 161 159 156 155 156 157 159
 159 159 158 158 160 161 162 164 165 165 166 167 171 170 171 171 174 175
 177  29]"
"[ 29  29 221 225 226 224 223 224 225 225 225 225 225 226 225 224 225 226
 226 226 227 226 224 224 226 225 223 222 223 223 221 222 223 224 224 224
 224 224 223 222 223 221 220 219 218 218 217 216 214 213 211 210 207 204
 202 202 202 204 206 206 204 203 205 207 208 207 206 204 203 203 203 203
 202 201 201 203 205 205 203 201 203 203 203 203 203 203 203 203 202 203
 202 201 201 201 202 202 187 142 104 106 107 103 100 101 100  99  97  92
  88  84  81  79  77  75  73  72  71  72  75  78  82  82  83  82  83  88
  89  91  93  97  98 102 106 106 106 111 115 120 123 128 127 132 132 134
 145 161 178 172 174 172 171 171 172 171 171 170 169 168 167 167 165 166
 166 166 166 166 165 164 164 163 163 163 163 161 159 157 156 157 157 158
 158 158 158 159 161 161 162 164 165 165 166 166 169 170 170 171 173 174
 176  30]"
"[ 29  28 220 225 227 226 224 223 225 226 227 226 225 225 226 226 225 226
 225 225 227 226 225 226 226 225 223 222 224 224 221 221 221 223 225 225
 225 225 224 223 224 222 220 220 220 218 217 216 215 214 212 211 209 206
 204 203 202 203 204 204 204 204 205 206 206 206 205 204 203 203 203 203
 201 201 202 203 204 203 202 201 202 202 202 202 203 203 202 202 202 202
 203 202 200 200 200 203 194 162 105 106 109 106 102  99 101 100  97  94
  89  83  80  79  76  75  73  71  71  73  75  76  81  82  86  85  84  86
  87  90  92  97  98 100 106 105 104 109 116 120 123 130 129 133 135 136
 142 155 179 174 175 173 171 171 171 171 171 170 169 168 167 167 165 165
 165 165 165 166 164 163 163 163 162 162 162 161 159 157 157 157 158 158
 158 157 158 158 160 160 161 164 165 165 165 166 169 170 172 172 173 174
 176  29]"
"[ 30  27 219 224 228 228 226 225 224 226 227 226 225 224 225 226 227 228
 226 226 228 228 228 229 226 226 224 225 227 227 224 223 220 223 226 226
 225 226 225 224 225 223 222 221 221 219 217 216 215 214 213 212 210 206
 204 203 203 203 203 203 203 203 203 204 205 204 204 203 203 203 203 203
 203 204 204 204 204 203 202 202 202 203 203 203 203 203 203 203 202 199
 202 204 202 203 201 204 197 178 112 107 108 104 103 101 102  99  97  95
  90  83  79  79  76  76  74  71  71  74  76  76  79  82  87  86  84  84
  84  88  94  98  98  99 105 104 104 111 116 118 120 129 129 132 134 135
 131 143 175 172 174 175 171 172 171 171 171 171 169 168 167 167 167 166
 166 165 165 165 164 162 162 162 162 162 162 162 161 160 156 157 159 159
 158 157 156 156 159 159 160 163 165 166 167 168 170 171 173 174 174 174
 175  29]"
"[ 29  30 218 228 224 229 224 224 227 229 229 226 225 226 227 226 226 227
 228 226 226 228 228 227 229 228 227 226 226 226 226 226 224 225 226 225
 224 224 224 224 224 222 220 219 219 218 216 216 215 214 213 212 210 208
 206 205 208 206 205 204 204 204 204 204 206 205 203 203 204 205 204 202
 203 203 203 203 203 203 203 203 204 203 203 203 203 203 202 202 201 201
 201 201 200 200 200 201 192 182 132 103 110 103 105 104 102  98  97  95
  87  83  82  80  75  74  73  72  73  74  76  78  79  80  81  82  82  83
  86  89  94  94  96  98 102 105 108 111 113 119 123 124 128 132 133 135
 134 138 166 174 174 176 172 170 170 170 169 169 169 168 167 166 166 166
 166 166 165 165 164 162 162 162 162 162 162 161 160 159 158 158 157 157
 156 155 156 156 159 159 160 161 162 165 167 169 172 173 169 173 174 175
 175  29]"
"[ 31  25 221 223 227 225 226 222 227 228 228 226 225 227 228 228 228 230
 229 227 227 228 228 227 228 228 227 226 226 225 225 225 226 226 226 225
 225 225 224 224 224 222 220 219 219 217 216 215 214 215 215 213 211 209
 208 208 208 207 205 205 205 206 206 206 204 203 202 202 204 205 205 204
 204 204 204 204 204 204 204 204 203 203 203 203 203 204 203 203 202 202
 202 202 201 201 202 203 205 190 154 111 108 106 107 103 101  97  96  94
  87  83  82  80  78  76  72  71  72  74  75  75  80  81  82  82  81  81
  83  85  90  90  92  96 103 108 109 108 110 116 120 122 127 131 134 136
 136 136 157 168 173 172 171 172 170 170 170 170 170 169 168 167 165 166
 166 166 165 165 163 161 162 162 162 162 162 161 159 158 157 157 157 157
 158 158 159 160 160 161 162 162 162 164 166 166 170 170 179 173 172 175
 175  30]"
"[ 28  33 221 225 227 224 222 228 225 226 226 225 224 226 228 228 229 230
 229 227 227 228 228 227 229 229 229 228 228 228 228 228 228 228 227 226
 226 227 225 224 224 222 221 220 219 218 217 216 215 215 215 214 211 209
 208 208 207 206 205 204 205 206 207 207 206 205 205 204 204 205 204 203
 204 204 204 204 204 204 204 204 203 203 203 203 203 203 203 202 201 201
 201 201 200 201 202 202 201 191 171 115 105 108 105 106 105 101  98  95
  89  85  84  84  80  75  70  69  72  74  75  75  77  79  81  82  81  81
  83  85  90  94  97  98 101 106 108 108 112 118 121 123 126 129 132 135
 139 137 148 165 176 172 172 174 172 171 171 170 170 169 167 167 165 166
 166 166 166 165 164 162 162 162 162 162 162 161 159 158 156 155 155 156
 157 158 159 159 159 161 162 162 163 165 166 166 169 173 171 169 177 174
 171  28]"
"[ 28  29 219 228 229 224 230 222 225 226 226 224 224 225 227 228 229 229
 229 227 227 228 228 228 227 228 228 228 228 228 227 227 227 227 227 226
 226 225 224 222 221 220 219 219 218 217 216 216 216 216 216 214 212 210
 210 210 206 205 204 203 203 204 205 206 207 207 206 205 204 204 203 202
 203 203 203 203 203 203 203 203 203 203 203 203 203 202 202 201 201 201
 200 200 200 200 200 201 201 199 185 129 112 113 104 108 104 101  97  93
  89  86  85  85  83  78  71  69  70  72  73  72  73  76  79  80  80  81
  83  85  86  92  95  96  98 103 108 110 110 115 119 121 125 129 133 137
 137 136 142 161 178 174 173 173 172 172 171 171 171 170 169 168 165 166
 166 166 166 165 164 163 162 162 162 163 162 161 159 157 156 155 154 154
 156 157 158 159 160 161 162 162 163 165 166 167 167 171 172 174 170 175
 177  29]"
"[ 30  28 223 227 223 227 224 227 227 228 227 226 225 226 227 228 229 229
 229 228 228 229 229 229 228 228 228 228 228 227 227 227 226 228 228 228
 227 225 224 223 221 220 220 220 220 219 218 218 217 216 214 212 211 211
 210 210 207 206 205 204 204 204 205 206 205 206 205 205 204 204 204 204
 204 204 203 203 203 203 203 203 204 203 203 203 203 203 202 202 202 202
 202 201 201 201 200 200 199 199 191 149 115 110 104 103 103 101  98  96
  92  87  84  84  82  78  73  71  72  73  74  75  73  75  78  80  80  80
  82  84  87  90  93  94  99 106 110 109 112 116 119 122 126 130 134 138
 140 141 141 154 173 171 173 170 170 169 169 169 169 169 168 168 166 166
 165 165 165 165 164 163 161 161 162 162 161 160 158 157 156 155 154 154
 156 158 160 161 161 162 162 162 162 164 165 166 171 168 172 176 176 174
 171  28]"
"[ 29  30 219 226 225 225 225 225 228 228 227 226 225 225 226 227 229 228
 228 228 228 228 228 228 229 229 228 228 227 227 226 226 225 227 228 228
 226 225 224 224 221 220 220 220 220 218 218 218 220 218 215 212 211 210
 209 207 207 207 206 205 204 204 204 205 204 204 204 204 203 204 204 203
 204 203 203 203 203 203 203 203 202 202 202 202 203 203 202 202 201 201
 201 201 201 200 200 199 201 201 201 173 120 105 109 105 103 102 100  98
  95  88  81  79  79  77  74  72  72  73  75  75  72  74  77  79  80  80
  82  83  84  88  93  97 101 107 110 110 112 115 118 121 126 130 133 138
 139 140 138 146 163 168 175 174 175 174 173 172 172 171 169 168 168 167
 167 166 166 166 166 165 162 162 162 162 162 161 160 159 158 157 155 155
 155 157 158 159 161 162 162 162 163 165 167 168 166 172 170 169 172 166
 176  28]"
"[ 29  27 215 219 219 221 222 225 223 223 223 222 222 222 222 223 222 223
 223 223 223 222 222 222 222 222 220 221 220 220 220 220 219 220 221 220
 220 220 219 219 217 217 217 217 217 216 215 215 213 212 211 209 208 206
 205 204 203 203 203 202 201 201 201 202 202 202 202 201 201 201 200 199
 201 201 201 200 200 200 200 200 199 199 199 200 199 201 200 200 199 199
 198 199 199 199 198 197 199 197 194 176 130 107 108 104 101 102 100  98
  97  91  85  85  81  80  77  75  73  72  72  72  73  74  76  78  79  79
  80  81  84  89  95  98 101 104 108 111 113 115 118 121 126 129 132 136
 138 139 140 143 156 164 171 172 174 173 172 171 170 169 168 167 165 165
 164 164 164 164 164 163 161 161 161 161 161 161 160 159 159 158 157 156
 155 155 156 157 159 160 161 161 162 164 165 166 167 169 170 173 171 172
 167  28]"
"[30 27 29 32 26 30 29 29 28 28 29 29 28 28 29 30 28 28 29 29 29 29 28 29
 30 29 29 29 29 29 29 30 29 29 29 28 29 30 29 28 29 29 29 30 29 29 28 29
 29 29 29 29 29 29 29 29 29 29 30 30 29 29 29 30 29 29 29 29 29 29 29 28
 30 29 29 29 29 28 29 29 29 29 29 29 29 29 29 28 29 29 28 28 29 29 29 29
 28 29 29 29 32 26 27 31 29 30 28 28 31 29 27 29 30 29 29 29 29 29 29 29
 29 29 30 30 30 29 28 29 30 29 28 29 29 29 29 29 29 29 29 29 30 29 28 30
 29 29 30 26 29 29 30 29 29 29 29 29 30 30 29 29 30 30 29 29 29 30 29 28
 30 29 29 29 30 30 29 29 29 29 29 28 28 28 29 30 29 30 30 29 29 29 29 29
 32 27 29 28 29 28 30 29]"
