"[30 29 30 29 30 32 30 30 29 30 30 29 29 29 29 28 29 29 29 28 28 29 29 29
 29 28 28 29 30 29 29 29 29 31 29 29 28 28 31 30 29 29 29 29 29 29 29 30
 30 30 29 29 29 29 29 29 28 30 30 29 29 29 30 29 30 28 29 28 30 31 28 28
 29 29 29 29 27 29 30 29 29 29 29 29 29 29 29 29 28 29 29 30 29 29 28 28
 29 30 30 30 29 28 29 29 30 29 28 29 29 29 29 30 28 29 29 29 28 29 29 28
 29 29 29 29 29 29 29 29 30 30 30 28 28 28 29 30 29 29 29 29 29 29 29 29
 30 28 27 29 30 30 29 29 30 30 29 29 29 29 29 29 30 29 29 29 30 31 30 29
 31 29 28 28 29 29 29 29 28 30 30 28 28 30 30 28 28 31 30 28 30 30 28 28
 29 29 28 31 30 29 31 29]"
"[29 28 31 30 29 29 27 28 29 29 28 29 30 31 30 30 28 29 30 30 29 29 29 29
 30 29 29 29 28 28 29 30 27 29 28 30 30 29 29 26 28 29 29 29 29 28 28 29
 29 28 28 28 28 29 29 30 30 29 28 28 29 29 28 27 28 30 31 28 27 27 27 32
 29 29 30 30 29 29 30 29 29 28 28 28 28 28 29 29 31 30 29 29 28 29 29 30
 28 29 29 29 29 29 30 30 29 29 29 29 30 29 28 28 30 30 29 29 28 28 29 30
 28 28 29 29 29 29 29 28 28 29 30 29 29 30 30 30 28 29 29 29 29 29 29 29
 28 29 31 31 28 26 28 31 29 28 27 29 30 29 29 29 29 29 29 29 28 27 28 28
 27 28 30 30 29 28 28 30 28 30 30 28 27 28 30 30 26 29 29 28 29 29 30 32
 29 30 35 24 30 27 26 29]"
"[ 32  32  41  44  44  45  45  46  44  43  44  48  54  57  58  59  63  65
  68  70  71  72  74  76  68  73  79  83  82  76  70  67  68  61  51  49
  49  44  39  32  32  33  35  36  36  35  34  34  34  34  34  35  34  31
  28  26  25  26  27  27  27  34  49  61  71  79  87  89  90  87  84  88
  96  96  98  98  97  96  96  95  95  97  99 101 102 102 101 101 101 100
 100 100 100  99  99  99 103 103 103 102 101 101 100 100 102 103 104 105
 105 105 104 104 104 103 103 103 103 102 102 103 105 105 105 104 104 102
 100  98  99 102 105 108 111 114 115 114 119 120 122 124 126 128 131 133
 133 136 138 138 137 139 146 152 157 160 165 168 166 164 168 176 182 183
 185 186 183 177 172 169 161 160 160 160 161 162 164 164 164 164 164 162
 159 159 161 163 169 173 179 186 191 187 179 175 171 168 166 170 173 175
 166  29]"
"[ 30  29  42  44  44  45  45  46  48  44  42  44  46  45  44  45  45  47
  49  52  54  57  59  60  64  65  68  69  69  71  74  77  79  80  79  78
  72  63  60  58  53  49  43  38  34  34  33  33  37  34  32  32  33  34
  33  33  31  31  32  33  31  28  28  29  33  34  35  37  45  52  57  67
  73  73  77  80  81  85  89  90  90  90  92  93  94  95  96  97 101 100
 100 102 102 101 101 102 102 102 102 101  99  98  96  95  99 100 102 104
 104 104 104 105 105 104 106 108 108 105 104 106 107 107 107 108 109 109
 108 106 108 105 100  97  96  99 102 104 106 106 106 108 112 117 120 122
 123 124 127 129 131 135 140 145 147 145 146 150 153 155 155 156 154 152
 155 162 170 173 174 175 176 174 171 168 167 165 163 161 163 167 171 174
 172 168 166 166 163 164 163 161 160 160 168 180 182 185 181 177 174 166
 165  30]"
"[ 30  30  45  45  45  44  45  45  46  43  42  44  45  44  44  46  45  45
  45  45  47  48  48  47  46  49  54  57  58  58  60  62  71  69  67  75
  81  81  79  75  77  77  78  77  74  69  60  53  54  46  37  32  31  33
  35  36  39  35  32  31  33  34  36  37  35  33  33  32  34  33  29  32
  37  40  49  60  67  74  80  83  86  89  93  96  96  95  92  91  97  97
  98  98  99 101 103 105 103 102 102 102 101 101 101 101  99 100 102 104
 104 104 105 106 103 103 105 108 108 106 105 107 106 106 107 108 110 110
 110 109 106 108 109 111 111 110 108 106 104 101  99  99 101 103 103 102
 110 113 118 122 126 129 131 132 136 137 139 143 150 157 159 158 159 155
 153 156 159 158 156 155 159 163 166 167 166 166 167 168 165 166 168 169
 167 164 162 161 162 164 164 161 155 147 148 155 163 166 178 173 170 174
 165  29]"
"[ 30  27  45  45  45  46  47  47  47  46  46  46  44  43  43  44  45  44
  44  44  46  47  46  46  46  47  47  47  46  46  47  49  53  52  50  53
  58  60  65  66  69  71  72  75  78  81  80  78  80  76  72  69  65  61
  56  53  41  40  39  36  35  37  39  40  39  36  38  37  35  34  32  34
  35  31  28  26  26  30  39  44  44  51  61  71  78  82  84  85  85  89
  92  92  93  96  98  98 100  99  98  97  98 100 102 103 100 100 100 101
 101 101 101 102 103 103 103 105 106 105 106 108 108 108 107 108 108 109
 109 108 111 111 110 109 109 110 111 110 111 109 107 108 109 108 105 101
  98 102 106 108 110 113 116 118 121 128 132 130 129 132 136 138 146 148
 153 158 160 159 159 160 160 162 163 162 162 164 165 166 170 169 167 165
 164 164 164 164 165 164 164 168 172 170 169 170 164 159 150 155 158 162
 166  27]"
"[ 30  27  47  46  47  47  47  45  46  47  47  46  45  45  45  45  43  43
  43  45  47  48  48  48  46  45  45  45  44  45  46  47  48  47  44  48
  53  54  52  46  48  52  55  58  62  66  69  69  69  72  78  82  83  79
  76  73  74  71  65  59  58  58  53  47  41  35  39  41  38  39  39  40
  36  35  37  39  35  32  32  32  31  32  34  36  40  46  52  56  66  74
  79  80  83  90  95  96  96  96  96  96  98  99 100 100  99  99  99 100
 101 101 101 101 100 101 101 102 102 103 104 105 104 104 104 106 107 108
 109 109 107 108 109 109 109 110 111 111 111 111 111 112 114 114 111 108
 105 107 107 105 104 106 108 110 111 114 117 118 121 123 124 123 128 131
 134 137 139 143 147 151 156 156 156 155 158 161 163 162 161 163 166 168
 169 171 170 168 167 167 166 165 166 168 173 181 182 181 181 176 170 168
 168  28]"
"[ 30  26  49  48  50  51  51  48  48  49  48  47  47  47  47  46  45  45
  46  47  47  47  47  47  49  47  46  45  45  45  45  46  45  49  48  48
  47  46  47  44  45  47  47  45  45  49  55  57  59  62  65  67  67  68
  72  76  74  78  80  77  75  75  74  71  65  53  53  53  48  49  49  46
  39  38  41  43  40  38  39  41  39  39  38  36  34  32  32  32  29  36
  40  41  48  63  76  81  88  90  92  95  97  98  97  96  93  92  93  95
  97  97  97  97  98 100 101 101 101 102 102 102 104 104 104 105 105 106
 106 106 108 108 107 106 106 108 109 110 110 110 110 111 111 111 111 110
 107 108 109 109 110 111 110 107 105 109 114 116 116 116 118 120 120 122
 123 125 127 129 130 130 130 137 145 148 151 155 157 157 160 161 160 157
 158 162 166 167 168 167 165 163 162 160 158 160 161 166 173 176 181 175
 172  29]"
"[ 30  26  56  55  55  55  52  49  48  49  51  51  49  50  51  49  51  49
  49  50  52  52  50  50  48  49  49  49  48  46  46  47  48  48  48  48
  48  48  47  45  45  46  48  49  50  49  48  48  50  48  49  52  54  54
  56  59  62  63  66  69  69  70  75  80  80  77  75  75  74  71  70  71
  65  59  57  49  47  45  46  48  43  42  40  41  40  39  41  38  38  36
  33  32  30  26  25  26  25  35  47  54  60  70  80  88  89  92  93  89
  92  90  91  94  95  97  97  96  97 100 100  97 100 104 104 103 104 106
 105 105 102 103 104 105 106 107 107 108 108 108 110 111 107 108 111 109
 109 110 110 111 112 114 114 113 114 115 117 119 121 119 114 110 109 110
 109 107 107 111 118 123 124 125 127 127 128 132 137 142 148 152 157 157
 157 159 158 153 153 159 162 161 162 168 173 173 173 166 156 157 161 164
 167  27]"
"[ 29  28  62  62  62  62  58  56  58  57  58  58  56  55  55  53  53  52
  51  53  54  54  52  51  53  51  50  49  48  47  47  48  50  50  49  48
  48  48  46  45  46  47  48  50  51  50  50  50  50  48  47  50  51  50
  51  53  51  53  56  59  58  57  58  61  64  64  65  68  70  71  73  75
  76  76  83  81  79  72  66  64  64  61  54  49  44  43  47  45  45  43
  41  40  38  36  36  36  33  35  35  32  30  32  35  37  33  41  52  59
  72  79  87  91  96  98  98  96  95  94  92  90  95  99 102 104 104 102
 102 106 104 106 107 105 104 106 107 107 106 105 108 109 107 108 110 108
 106 107 109 111 113 114 115 114 113 115 117 118 119 119 118 116 114 114
 112 107 104 104 107 110 115 116 119 121 122 124 126 127 129 131 133 134
 137 145 152 153 155 159 160 158 158 163 166 167 174 176 178 178 173 167
 169  32]"
"[ 29  29  67  66  66  66  66  65  64  62  62  64  63  62  62  60  59  58
  58  58  59  58  56  54  55  53  51  51  51  51  51  52  51  51  50  49
  49  50  49  48  47  49  50  51  51  50  49  49  48  46  46  48  49  49
  49  51  51  50  50  51  51  50  51  53  56  57  58  59  59  58  59  61
  66  68  75  74  76  74  75  78  80  81  79  77  72  67  67  63  58  58
  55  51  47  45  42  39  39  40  41  41  41  39  35  32  33  33  35  32
  35  38  43  42  49  57  70  82  91  96  98  98  95  94  90  90  94  97
  98 100 101 104 104 103 105 108 107 103 104 103 104 105 105 107 109 107
 109 109 109 110 109 109 111 113 112 114 116 116 116 116 116 116 115 115
 114 111 109 109 111 113 111 112 113 116 118 118 116 114 118 120 125 129
 130 133 137 137 147 150 152 152 153 154 155 154 157 154 155 162 165 167
 165  27]"
"[ 29  29  71  69  69  71  72  71  68  65  66  69  68  67  67  68  66  66
  66  65  65  64  61  59  57  57  57  58  58  56  55  55  53  53  52  51
  52  53  52  51  50  51  52  51  51  51  50  50  49  48  48  50  51  51
  51  52  52  51  50  50  49  49  50  52  52  52  53  53  52  51  50  51
  52  52  59  58  60  61  64  67  70  73  74  76  75  76  82  81  81  84
  84  80  76  74  71  68  65  60  53  48  46  47  47  47  44  40  41  39
  39  38  40  35  36  33  32  34  39  45  53  59  65  79  88  89  90  91
  91  90  90  96 102 102 102 103 105 106 106 104 104 104 104 106 106 104
 104 104 105 106 106 106 109 112 110 112 113 114 113 114 114 113 115 114
 114 112 112 113 114 114 114 114 115 116 118 117 115 113 113 113 115 117
 116 118 121 123 127 130 134 136 137 138 138 138 142 139 138 144 148 155
 157  29]"
"[ 29  29  76  74  74  75  75  73  74  71  72  73  71  69  70  71  71  72
  71  70  70  69  67  64  63  64  65  65  63  60  59  59  59  59  58  57
  56  56  54  52  54  54  53  52  52  53  54  53  52  51  51  52  54  53
  52  52  51  52  53  54  53  52  52  52  52  52  52  53  54  53  53  52
  52  51  56  54  56  55  56  58  64  64  63  61  59  60  66  67  71  77
  80  79  78  81  84  84  82  82  82  80  75  69  63  60  61  52  51  50
  50  45  45  40  43  40  39  40  40  39  38  39  35  41  43  45  54  65
  71  72  70  71  77  89 101 104 101  98  99 100 101 102 105 106 105 104
 104 105 107 108 107 105 106 107 108 109 110 110 111 113 113 113 113 113
 112 112 113 114 114 114 115 116 117 118 119 119 118 116 118 116 117 117
 115 115 118 120 122 123 124 124 124 125 129 132 130 131 133 136 135 139
 142  29]"
"[ 29  27  77  72  72  74  76  75  75  74  74  75  72  71  72  73  73  74
  74  73  73  73  72  69  69  70  70  70  67  65  65  66  66  65  65  64
  64  63  61  59  59  58  57  55  54  56  55  53  54  53  53  54  55  55
  55  55  55  56  56  56  56  55  55  55  55  54  54  54  54  54  53  52
  55  51  53  50  53  53  55  57  53  56  56  58  55  55  59  58  56  60
  61  59  59  64  69  71  75  76  79  81  82  82  83  84  82  74  70  67
  66  61  60  57  53  50  47  47  47  46  44  44  45  46  44  39  33  26
  26  32  38  40  45  51  56  64  78  91  97 100 102 103 106 105 102 101
 103 105 106 106 105 106 107 107 108 107 107 107 108 110 111 110 111 111
 111 111 113 115 115 114 111 113 115 117 118 119 118 118 118 118 122 123
 120 117 116 115 116 117 118 117 115 115 117 119 122 123 124 127 127 130
 131  29]"
"[ 29  28  80  74  73  76  79  79  76  75  76  77  75  76  77  75  75  76
  76  76  76  77  76  74  73  73  73  73  72  71  71  72  71  71  70  70
  70  71  70  68  67  66  64  61  62  63  61  58  58  57  56  56  57  58
  59  60  60  59  57  55  56  57  57  56  55  55  55  55  55  55  55  55
  55  53  57  54  56  54  53  53  55  56  54  54  52  51  55  53  56  56
  55  51  50  53  57  58  60  60  62  64  66  68  72  75  74  76  79  78
  82  79  76  73  69  66  63  60  58  56  53  52  52  48  46  47  48  44
  40  42  39  38  37  37  34  32  31  33  41  49  57  67  80  89  95 100
 102 105 106 105 106 107 106 104 104 105 105 106 107 107 106 105 107 108
 108 108 109 110 109 108 108 109 111 113 114 115 116 116 118 118 121 122
 121 121 122 121 117 119 120 119 118 117 116 115 114 118 117 117 115 115
 116  29]"
"[ 28  31  89  85  83  83  84  81  80  80  81  81  80  81  80  77  77  79
  79  78  78  80  79  77  76  75  75  75  75  73  72  72  76  75  74  73
  73  73  72  71  72  72  71  70  72  73  72  68  65  63  61  59  58  59
  61  62  62  61  60  60  61  61  59  56  57  59  59  58  57  57  58  58
  57  55  59  56  59  58  58  60  56  57  56  57  56  56  59  57  56  55
  53  52  53  55  58  58  58  58  59  61  61  59  57  58  59  67  71  69
  75  76  76  75  81  81  81  80  78  75  72  70  64  63  59  56  55  53
  51  50  48  44  39  38  41  44  43  41  37  41  39  37  40  41  42  46
  56  66  77  86  95 102 102  98  98 101 104 107 108 107 105 103 102 103
 104 106 108 109 108 107 108 107 107 108 110 112 114 115 115 116 119 119
 118 119 120 118 118 120 120 119 119 120 120 119 116 118 115 116 118 117
 114  30]"
"[ 29  30 103 103 101 100  96  97  95  93  93  92  89  87  85  82  81  81
  80  80  81  82  81  80  79  78  79  77  76  77  75  77  77  78  78  78
  77  76  75  75  74  74  73  73  75  78  77  74  73  73  70  67  65  66
  66  64  64  64  64  64  64  63  62  61  60  61  61  61  62  63  62  60
  60  62  61  61  62  61  59  59  56  58  59  59  59  59  59  59  59  57
  57  58  57  58  59  60  58  60  56  58  61  58  59  60  61  62  60  59
  59  58  58  60  62  62  66  72  76  79  80  81  82  80  79  79  79  79
  77  75  74  71  65  58  53  50  48  47  45  48  44  46  44  39  42  37
  35  33  33  36  43  52  59  63  73  81  93 106 115 115 112 111 108 108
 104 104 105 105 105 103 104 104 104 107 111 111 112 114 116 114 113 115
 116 115 116 119 117 120 120 117 117 119 120 119 118 118 120 117 117 117
 115  31]"
"[ 29  30 104 105 105 105 103 104 109 107 106 104 100 100 100 100  99  97
  94  90  88  86  83  81  78  77  79  77  77  78  76  78  75  76  78  79
  80  80  80  80  79  80  80  79  79  79  78  75  72  73  75  76  77  78
  77  76  75  74  73  71  70  69  67  66  62  63  64  65  65  66  64  62
  63  64  63  63  64  63  62  63  63  62  61  61  61  62  62  63  62  61
  61  62  61  62  64  64  60  60  61  60  61  61  59  61  62  61  59  60
  63  62  59  58  57  57  58  61  62  62  61  61  66  67  69  73  78  81
  83  84  83  86  88  86  83  80  78  77  71  71  61  58  53  48  51  48
  48  43  37  34  36  39  41  42  41  41  44  52  61  66  73  81  95 100
 107 110 110 109 108 107 102 101  98  98 101 105 109 114 113 114 114 114
 113 113 112 112 112 113 115 117 119 119 118 117 120 119 120 118 120 120
 117  28]"
"[ 29  29 105 106 107 108 107 109 111 110 110 109 105 106 109 110 111 109
 106 103 102 101 100  99  96  95  96  93  91  90  88  88  82  81  81  81
  80  79  77  77  78  80  81  81  80  81  81  80  79  78  78  79  80  79
  79  79  78  78  78  78  78  77  76  75  76  77  77  76  75  73  70  67
  66  67  66  66  67  65  63  64  66  64  62  61  62  63  64  65  64  63
  65  65  64  65  68  68  67  69  65  64  63  62  67  64  61  62  62  62
  64  63  61  61  60  60  60  61  61  59  58  58  62  62  63  65  66  67
  68  69  69  75  81  83  84  85  88  90  90  90  83  80  75  70  71  68
  65  59  53  50  50  50  48  46  44  41  39  42  43  39  39  45  50  55
  68  74  81  90  95 101 106 105 100  94  92  94  97 102 108 113 116 115
 114 114 110 106 111 110 112 114 115 115 116 119 116 115 115 117 117 118
 117  26]"
"[ 29  28 107 107 107 109 108 109 108 108 110 110 108 109 112 113 114 113
 111 109 109 110 110 109 110 109 110 108 107 107 104 105 100  99  97  94
  92  90  87  86  84  85  84  83  82  82  83  84  82  80  80  82  82  81
  81  83  79  80  80  81  82  81  80  79  80  80  80  80  80  79  76  74
  72  74  73  73  73  70  66  65  69  67  65  64  64  65  66  67  66  66
  67  67  65  67  70  70  72  67  72  72  72  70  64  66  64  66  65  63
  64  64  64  65  63  62  63  65  64  63  62  63  64  64  63  63  62  61
  60  59  60  64  66  66  66  67  70  72  78  81  82  85  88  87  90  87
  89  86  81  78  75  69  62  57  56  54  52  52  51  46  44  46  50  44
  44  36  34  39  38  43  61  72  84  90  92  88  82  79  80  97 114 119
 115 112 111 112 108 107 108 111 112 112 113 115 115 115 113 115 112 114
 118  31]"
"[ 30  28 112 110 110 110 108 108 108 107 109 110 110 111 113 113 113 112
 111 111 112 114 114 113 115 114 116 114 114 114 111 111 112 111 109 109
 108 107 106 106 101 100  98  95  92  91  90  89  85  85  86  88  89  86
  83  83  80  80  81  81  82  83  83  84  83  82  81  81  83  83  82  81
  80  81  80  79  80  78  75  74  75  75  74  73  72  72  72  73  72  71
  71  70  68  70  72  72  72  76  75  72  73  76  74  68  68  67  65  64
  68  69  67  65  64  64  64  65  65  63  63  63  64  64  64  65  66  66
  64  62  64  65  66  65  62  61  60  60  61  63  64  68  72  75  79  78
  81  83  87  91  94  94  91  89  82  80  76  73  71  66  61  59  55  52
  57  53  52  54  47  49  38  41  39  36  37  41  47  53  56  66  82 100
 112 118 118 117 114 112 108 106 106 106 106 105 102 104 106 112 110 112
 112  28]"
"[ 29  28 116 114 114 112 111 110 110 108 108 109 108 110 112 111 111 111
 110 111 113 114 115 114 116 114 115 114 113 113 110 110 111 110 110 110
 110 111 111 112 112 111 110 109 108 106 104 102 100  99  98  97  95  92
  90  89  87  86  84  82  81  81  84  86  84  83  81  81  82  81  81  81
  83  83  81  80  82  82  82  82  81  82  83  82  80  79  79  79  79  78
  78  76  74  76  78  76  71  77  82  80  81  78  69  68  66  69  69  68
  70  71  69  68  69  68  68  69  69  67  67  67  67  66  65  67  68  68
  66  64  66  66  66  65  65  65  65  64  66  66  65  65  67  68  69  68
  66  69  73  78  82  84  85  85  88  90  91  92  95  94  91  88  82  77
  74  63  55  53  50  52  55  57  55  51  48  46  44  45  43  43  44  46
  48  54  68  81  89  97 106 110 109 109 109 110 107 103  97  97  95 101
 103  29]"
"[ 30  28 120 118 118 117 116 116 116 114 114 113 112 113 114 114 113 113
 111 110 111 111 110 109 109 108 110 109 110 112 111 111 111 110 109 109
 108 108 109 109 112 112 113 115 115 115 114 114 113 112 109 107 107 107
 108 107 103 102  99  95  90  88  88  90  85  85  86  86  84  82  83  85
  86  86  83  82  84  84  83  84  85  85  86  86  85  85  84  83  85  84
  84  84  83  86  87  84  87 113 163 176 171 143  86  75  67  72  74  73
  72  72  72  73  72  71  70  72  73  72  72  72  71  71  71  72  73  74
  73  72  73  72  69  67  67  68  69  68  66  65  65  65  66  68  67  67
  68  69  70  71  71  72  72  72  78  79  80  82  87  90  93  97  96  98
 100 100  98  95  92  90  78  75  68  61  56  51  48  49  46  45  45  46
  45  41  41  44  44  49  55  58  61  69  83  96  98  98 101 103  99 102
  96  30]"
"[ 30  29 123 121 122 121 120 120 119 118 119 119 116 116 117 116 117 117
 115 114 114 115 114 113 112 110 111 110 111 112 110 111 110 110 110 109
 108 109 110 111 112 112 113 114 114 113 114 116 115 116 116 114 114 115
 115 113 110 112 112 110 107 105 105 107 104 105 106 104  99  94  94  96
  91  91  89  88  88  87  84  83  86  86  86  87  88  88  88  87  88  88
  89  90  91  94  95  92 136 219 241 241 233 207 171 112  73  76  75  73
  74  76  75  74  75  73  72  74  75  74  74  74  75  75  75  76  77  78
  79  79  77  76  75  73  73  73  72  71  72  70  68  65  66  70  70  72
  71  71  70  71  71  72  72  72  74  73  72  73  74  72  74  79  82  82
  82  87  94  99 103 101 101 101 100 100  99  94  88  87  84  75  65  57
  51  48  48  50  48  44  43  44  44  42  43  48  52  56  64  68  68  78
  81  30]"
"[ 29  27 123 123 122 123 121 120 121 121 121 119 117 117 118 120 119 119
 118 117 117 117 117 116 116 117 117 115 114 115 115 113 114 111 109 109
 109 109 107 107 109 110 111 112 112 113 113 114 114 114 115 115 115 114
 115 115 116 116 117 116 115 114 114 114 114 112 110 109 109 110 109 108
 104 103 103 104 103  99  94  92  93  91  90  92  94  92  90  89  88  92
  90  94  95  98  98 110 196 241 243 233 215 193 169 131  93  87  82  81
  83  83  81  80  80  78  77  76  75  75  75  75  76  75  78  80  82  77
  79  78  82  81  79  76  77  74  75  71  74  73  73  73  72  70  71  73
  72  72  73  72  71  70  72  74  75  73  71  70  71  71  72  73  74  74
  73  72  72  75  79  83  84  88  94  98 100 101 103 104 103 102  99  94
  87  82  76  73  66  57  51  52  52  48  46  47  43  40  40  38  39  45
  49  28]"
"[ 30  29 125 124 122 123 123 123 122 122 122 121 119 119 120 121 122 122
 122 121 121 122 122 122 122 123 122 119 117 118 118 117 117 115 114 114
 115 114 112 111 112 112 112 112 112 112 112 112 112 112 113 113 113 113
 113 112 116 117 117 117 116 116 117 117 118 117 116 116 117 117 116 116
 114 114 115 116 115 111 108 106 103 101 100 101 102  98  94  92  94  91
  99  94  96  96 100 131 225 231 213 197 172 134 116 109  94  90  87  87
  88  88  87  86  85  83  81  82  82  81  81  81  79  85  75  76  85  79
  80  84  76  79  80  81  81  77  76  78  74  74  76  78  77  74  74  75
  75  75  75  75  74  72  72  73  74  73  72  72  73  73  74  74  74  73
  71  70  69  69  70  71  69  69  70  72  76  82  90  95  94  97 102 105
 108 108 107 105 102  97  90  84  76  68  61  57  57  50  53  48  48  43
  38  30]"
"[ 30  29 125 123 121 122 122 123 122 122 122 121 121 121 122 123 122 122
 123 122 123 124 124 124 123 124 122 120 119 120 121 122 121 119 118 119
 120 119 117 116 118 117 117 116 116 115 114 114 114 114 113 113 113 112
 111 110 112 112 113 113 113 113 114 114 116 115 115 116 117 118 118 118
 120 122 123 123 122 121 120 119 117 114 113 113 112 109 105 103 108 104
 106 105 104 105 108 172 215 176 132 115 103  80  80  98  94  92  89  89
  91  91  91  91  88  85  85  87  89  88  89  90  95  88  89  86 101 147
 165 160 136 106  75  71  82  83  78  78  76  77  79  81  81  80  79  80
  80  79  79  78  78  77  77  77  77  76  75  75  75  75  75  74  76  76
  75  74  73  73  72  71  75  75  74  72  70  68  67  66  74  76  78  80
  83  85  86  86  94  98 103 104 103 101  96  90  88  77  75  68  66  55
  49  28]"
"[ 29  28 124 123 121 122 122 122 122 122 122 122 122 123 123 124 121 121
 122 122 122 123 124 124 122 122 122 120 119 120 123 124 123 121 121 122
 122 122 121 120 122 122 121 121 121 120 119 119 119 117 116 115 116 116
 115 113 114 114 114 114 114 114 114 114 113 113 113 114 115 116 116 117
 118 121 122 121 121 121 122 121 124 123 122 121 120 119 119 119 119 120
 115 118 118 116 129 201 191 122  69  51  50  53  71  96  99  97  93  91
  91  91  92  92  93  90  89  92  93  93  94  97  97  96  93 102 159 228
 237 235 210 167 116  84  87  86  81  78  80  80  80  81  80  79  80  81
  84  81  80  79  80  81  82  82  81  80  78  78  78  78  77  76  77  77
  78  78  78  77  77  76  74  74  74  74  74  74  74  73  76  75  72  70
  69  70  72  72  73  77  80  82  86  91  94  94 101  97  97  97  96  89
  86  27]"
"[ 29  28 124 124 123 124 123 122 123 123 122 122 123 123 123 123 122 123
 123 122 123 124 124 124 123 123 123 122 120 121 122 123 123 122 122 123
 123 123 123 123 123 123 122 122 123 122 122 121 121 120 118 119 120 121
 121 120 116 116 116 116 115 114 114 113 114 114 114 114 114 115 115 115
 116 119 120 118 118 119 120 120 123 123 124 124 123 124 126 128 126 129
 130 126 130 128 171 209 158  82  51  46  44  50  73  97 105 103 101 100
 100 100 101 101 101  99  97  97  96  94  96  99 105 101  98 146 227 241
 239 226 207 182 147 100  93  92  93  88  89  88  87  86  85  84  83  84
  85  83  81  81  82  83  83  84  82  82  81  80  81  82  82  81  79  80
  82  82  81  80  79  80  80  78  77  76  76  77  78  78  78  78  77  76
  75  74  73  72  73  72  71  69  69  71  73  73  68  70  75  81  88  91
  94  31]"
"[ 30  28 125 126 126 126 124 122 123 123 122 122 122 122 122 122 123 124
 124 123 123 124 124 123 122 122 122 122 121 121 122 123 123 122 122 122
 123 123 123 123 123 123 123 123 123 123 122 122 124 123 122 121 122 123
 123 122 124 123 123 122 122 122 121 121 118 118 118 118 117 116 116 117
 118 118 118 117 117 118 118 119 117 119 121 122 122 122 124 126 127 129
 132 126 128 157 213 206 132  62  47  49  50  62  88 108 116 116 116 115
 115 114 112 110 108 107 105 103 102 101 103 104 109 103 126 219 235 232
 186 154 138 125 118  97  97  95  98  97  96  96  96  96  95  94  93  93
  90  89  88  89  90  89  87  86  86  87  85  83  83  85  85  84  83  85
  86  85  83  82  83  83  80  80  80  81  82  82  80  79  79  80  81  80
  79  78  76  74  75  74  75  76  76  74  72  71  68  66  67  64  67  66
  64  29]"
"[ 29  29 126 127 126 126 124 123 123 123 123 123 122 122 122 122 124 124
 124 123 123 124 124 123 122 121 122 122 122 122 123 124 123 122 122 123
 123 123 123 123 124 124 124 124 123 123 122 122 125 125 124 124 123 123
 123 123 125 124 123 122 122 123 123 123 124 125 125 124 122 122 123 124
 122 120 119 119 119 119 119 120 118 119 120 121 121 122 122 122 122 125
 122 122 139 197 226 191 131  65  47  46  55  75 103 121 130 130 129 128
 128 126 122 117 118 118 117 116 116 116 116 115 109 125 190 227 222 166
 112  81  74  73  92 102 102  97  94  99  97  98  99 100 100  99  99  98
  98  97  98  99 100  98  96  94  94  95  94  90  89  89  89  88  88  88
  88  87  86  85  85  85  84  83  82  82  82  83  83  82  83  83  83  82
  82  82  82  81  79  78  77  75  74  74  74  74  73  71  74  72  70  66
  59  31]"
"[ 29  29 128 128 126 126 125 124 124 125 125 125 124 124 124 125 125 126
 125 125 125 125 125 125 126 125 124 124 124 123 123 124 124 123 124 125
 126 125 124 124 124 124 124 124 123 123 123 123 122 123 125 125 125 125
 125 125 127 125 123 123 123 124 125 126 124 125 125 124 124 124 126 127
 126 123 122 123 123 122 122 123 125 124 123 122 123 124 124 122 123 124
 124 123 171 228 223 174 113  56  48  58  76  89 108 125 129 129 130 133
 136 138 136 133 131 132 131 129 130 131 128 124 136 179 227 220 168  97
  62  49  51  58  84 103 102 108 103 104 103 104 103 102 102 101 101 100
 102 101 102 103 104 104 102 101 100 102 101  98  96  97  97  96  97  96
  94  93  91  90  89  88  86  86  86  86  87  86  85  84  85  85  85  84
  84  83  82  81  80  82  82  80  78  78  78  77  77  76  74  76  70  71
  71  28]"
"[ 29  30 128 130 129 129 127 126 125 125 126 127 129 129 127 125 125 125
 125 126 127 128 128 128 126 127 127 126 125 125 126 126 126 125 125 127
 128 127 125 124 125 126 127 126 125 124 125 125 124 125 126 126 126 126
 126 127 126 126 126 125 124 124 125 126 126 126 125 124 124 126 128 129
 127 126 125 125 126 127 128 128 128 130 131 131 130 129 127 126 129 133
 123 140 211 233 208 138  80  47  50  63  81 102 116 121 124 124 123 124
 126 128 129 130 131 131 130 140 144 140 135 159 224 235 226 176  97  60
  51  46  47  59  85 107 114 114 115 114 114 110 107 107 107 104 102 102
 105 105 104 104 105 105 104 103 105 102 101 103 105 104 103 102 102 102
 102 102 100  96  92  90  91  93  93  91  90  90  89  88  89  88  87  85
  86  88  88  87  85  85  84  83  82  82  82  81  82  78  77  77  75  73
  72  29]"
"[ 29  29 128 129 128 129 128 127 126 127 128 129 130 129 128 127 127 126
 126 126 127 128 128 129 127 127 127 126 125 125 126 126 125 125 125 126
 127 128 127 126 127 128 128 127 126 126 127 128 125 126 126 126 126 126
 127 128 128 128 128 127 126 126 126 127 127 127 126 125 125 126 127 127
 129 128 128 128 128 129 129 129 129 130 130 130 129 129 128 128 132 132
 128 180 235 231 181 118  66  50  61  77  93 110 121 124 125 125 125 125
 126 127 128 128 131 128 135 132 129 134 165 234 242 239 205 147  81  50
  50  50  52  72 101 124 130 128 124 121 121 118 117 118 119 118 116 117
 110 110 108 107 106 106 107 107 104 105 105 104 106 108 106 102 104 104
 105 106 106 103 101  99 103 103 101  99  99  99  98  97  96  95  93  91
  89  89  88  87  90  89  87  85  85  85  84  83  85  82  81  81  79  77
  75  29]"
"[ 29  29 128 129 127 128 127 127 126 128 130 131 130 129 129 129 127 127
 127 126 126 127 128 128 128 128 126 125 125 126 126 125 125 126 127 126
 127 129 129 128 128 128 128 127 126 128 129 130 127 127 127 127 127 127
 128 129 130 130 129 129 128 128 129 129 129 129 128 127 127 127 128 127
 130 130 130 130 130 130 130 130 130 130 130 130 130 131 131 132 131 134
 139 207 233 211 138  77  54  58  72  90 102 117 125 126 128 128 129 129
 129 129 129 129 130 131 129 132 127 169 233 245 243 228 163  97  56  52
  59  52  65  89 115 131 137 136 132 131 132 130 129 129 127 124 122 121
 123 123 122 118 115 114 114 115 111 111 110 109 109 110 108 105 104 103
 104 106 107 108 108 108 108 107 105 106 109 110 109 107 105 105 104 102
 100  99  99  98  96  94  91  90  91  92  90  88  85  83  83  84  82  80
  78  30]"
"[ 29  29 127 128 126 126 126 125 126 128 129 130 129 129 129 129 127 127
 127 127 127 127 128 128 127 127 126 125 126 126 126 125 126 128 129 128
 128 130 130 129 129 129 129 128 127 128 130 131 130 130 129 129 128 129
 129 130 131 131 130 130 130 130 130 130 130 130 130 129 129 129 130 129
 129 130 130 130 129 129 129 130 130 130 130 130 131 132 134 135 139 131
 154 222 219 175 101  59  58  72  81  95 106 121 129 129 130 131 131 131
 131 132 133 134 131 137 136 132 171 238 248 246 233 183 111  64  50  56
  60  58  77  99 117 124 127 129 129 131 130 131 133 136 138 138 137 138
 134 136 136 134 130 128 128 129 128 124 122 122 121 118 116 117 117 115
 113 111 109 108 109 110 110 109 109 110 113 114 111 109 109 109 109 108
 107 107 108 109 110 107 104 101 100  99  98  95  91  90  88  88  85  84
  82  29]"
"[ 29  29 128 128 126 127 126 126 127 127 128 128 129 129 129 129 127 128
 129 129 129 128 129 129 126 126 125 126 127 128 126 125 126 129 130 129
 129 130 131 130 130 130 130 129 129 129 130 130 131 131 131 130 129 129
 130 130 131 131 130 130 130 131 131 131 131 131 131 130 130 130 131 131
 129 129 129 129 128 128 129 130 130 129 130 131 131 132 133 135 137 129
 181 230 205 149  83  60  68  83  86  99 112 125 132 131 131 131 131 131
 132 134 136 138 141 138 137 166 235 249 246 238 189 126  75  53  56  65
  65  68  94 113 127 129 129 130 130 131 130 131 132 133 133 132 130 130
 135 137 139 138 136 135 137 138 139 137 135 136 136 133 132 133 128 127
 125 122 118 116 116 118 115 114 114 115 117 117 116 114 114 114 114 113
 112 112 113 113 117 115 113 110 109 108 107 106 102 102 100 100  95  92
  87  27]"
"[ 29  30 129 130 128 129 128 129 128 128 128 128 129 130 130 129 128 129
 129 130 130 129 129 129 126 126 126 127 128 129 128 126 127 129 130 129
 129 130 130 130 130 130 130 129 129 130 130 129 131 131 131 130 129 129
 129 130 130 130 130 130 130 130 131 132 132 132 131 130 130 131 131 131
 130 130 129 129 129 130 130 131 132 131 132 133 133 133 133 135 128 137
 210 232 196 137  74  59  70  81  87 103 120 129 131 130 131 131 132 132
 134 136 138 139 137 139 162 238 248 249 244 190 128  82  62  53  59  70
  71  83 109 122 130 131 130 130 130 129 131 132 134 135 135 134 133 132
 132 134 134 132 131 131 133 135 134 137 139 139 140 141 140 138 141 141
 140 138 134 130 128 128 129 127 125 125 125 124 124 124 122 121 120 120
 120 119 119 119 116 116 115 113 111 111 110 110 109 111 109 110 106 102
  95  28]"
"[ 28  30 129 131 130 130 130 130 130 129 129 130 130 131 131 131 130 130
 130 130 130 130 129 129 128 128 129 129 130 130 129 128 129 129 130 130
 130 130 130 130 130 130 130 129 129 129 130 129 130 130 131 130 130 130
 130 131 129 130 130 130 130 130 131 132 133 133 133 132 131 131 131 131
 131 131 131 131 132 132 133 133 133 133 133 135 135 135 135 137 136 159
 227 233 192 130  66  62  65  73  87 108 127 129 129 130 133 133 134 135
 136 138 138 138 140 166 240 250 250 239 199 137  87  63  63  63  67  66
  75 104 127 130 134 134 132 133 134 133 135 136 137 137 137 137 136 135
 134 134 133 131 130 130 131 131 130 133 135 135 136 138 138 136 137 137
 140 143 146 146 147 147 143 140 138 138 137 135 133 132 132 130 129 130
 131 129 127 126 125 125 123 120 117 114 113 112 112 114 112 113 109 107
 100  30]"
"[ 29  30 130 132 130 130 130 130 130 130 130 130 131 131 132 132 132 132
 131 131 131 131 130 129 130 130 130 130 131 131 130 129 132 131 130 130
 130 129 129 130 130 130 130 129 130 130 131 130 130 130 131 131 131 131
 131 132 129 130 131 131 130 130 132 133 133 134 134 133 133 133 132 131
 132 132 132 133 134 134 134 133 133 132 133 136 136 136 137 139 140 185
 236 220 179 132  68  60  64  69  89 112 132 130 130 133 134 134 135 137
 138 138 137 136 165 240 249 248 246 201 143  87  62  65  72  66  70  75
  92 122 135 133 135 136 133 133 134 132 135 136 136 137 138 139 139 138
 138 138 137 137 137 137 136 135 136 135 134 135 135 133 134 136 139 137
 137 138 140 140 138 137 142 141 142 146 149 149 148 146 146 144 142 143
 144 141 137 134 132 132 132 130 129 128 127 126 118 118 113 112 108 107
 101  30]"
"[ 30  29 131 129 130 131 132 133 131 131 130 130 130 131 132 133 133 133
 132 132 131 131 131 131 130 129 129 131 132 133 131 130 131 131 131 132
 131 131 130 130 130 129 129 130 131 131 130 129 131 131 131 131 130 130
 131 132 130 131 132 130 130 131 132 132 132 132 133 133 133 133 132 132
 134 130 136 133 139 139 136 136 135 136 135 136 135 138 135 136 144 216
 237 210 176 123  64  66  69  77 100 124 131 130 132 135 136 138 142 135
 141 140 137 170 237 248 248 247 219 156  97  64  62  67  69  68  72  93
 120 137 137 137 137 137 135 135 134 135 136 136 138 139 139 138 138 138
 139 138 138 138 139 139 138 137 137 137 138 138 137 137 138 139 138 138
 138 139 139 139 139 138 138 138 140 141 142 143 143 143 147 145 148 153
 155 153 151 153 152 152 145 139 140 139 136 136 128 131 126 119 120 116
 117  28]"
"[ 29  28 131 129 131 131 132 134 133 132 131 131 130 131 132 132 134 134
 134 134 133 133 132 131 133 133 133 133 133 133 132 132 131 131 132 132
 131 131 131 130 130 130 131 131 131 131 130 131 131 130 130 130 131 132
 132 132 132 133 133 131 131 132 133 132 131 131 132 132 133 133 134 134
 134 134 134 135 140 137 140 139 136 138 138 138 138 140 141 137 171 235
 229 212 177 112  63  65  71  82 106 129 134 133 136 138 137 137 136 141
 139 136 179 239 247 250 248 234 186 116  69  56  59  64  63  67  90 119
 135 139 138 139 138 138 137 136 136 136 137 138 139 140 140 139 139 140
 140 140 140 139 139 139 139 138 139 139 140 140 140 140 141 142 142 142
 142 142 143 143 142 141 141 142 142 142 142 141 141 140 138 138 140 143
 144 143 143 144 148 149 147 145 148 149 147 147 150 149 148 144 143 141
 135  28]"
"[ 29  28 131 129 131 132 133 134 133 133 132 131 131 131 132 132 133 133
 134 135 135 134 133 132 136 136 135 134 133 133 133 134 132 132 132 132
 132 132 131 131 130 131 132 132 131 131 131 132 132 131 130 131 133 134
 134 133 133 134 133 132 132 132 133 134 132 132 133 133 134 135 135 136
 134 136 138 140 143 141 141 139 141 139 138 139 137 135 139 142 199 243
 219 207 173  99  63  69  72  86 112 132 135 134 136 137 140 139 145 141
 140 169 238 247 244 245 237 199 137  81  55  56  62  60  61  79 113 136
 139 136 139 139 139 138 137 137 137 137 137 137 137 138 138 137 138 138
 140 140 140 139 139 139 139 139 141 141 142 142 142 142 143 143 142 142
 142 142 143 143 143 142 143 143 143 143 143 143 142 142 141 142 142 143
 142 140 141 142 141 143 143 143 146 146 145 145 149 147 152 153 152 156
 151  31]"
"[ 29  28 131 130 131 132 133 134 133 133 132 131 131 131 132 132 131 132
 133 135 135 135 135 134 137 137 136 135 134 134 135 135 134 134 134 133
 133 133 133 133 132 133 133 133 133 133 133 133 133 133 133 134 135 136
 135 135 134 134 133 132 132 133 134 135 135 135 136 136 136 136 137 137
 140 139 141 136 135 137 136 134 139 139 140 141 138 139 138 157 227 242
 219 202 161  86  64  72  76  94 120 136 136 136 138 139 138 141 141 139
 166 236 248 226 178 202 210 157  91  60  54  60  63  54  68 105 133 137
 136 140 139 139 139 139 139 138 138 138 139 139 139 139 139 138 139 140
 141 141 141 140 140 140 141 141 143 143 143 143 143 143 143 143 144 144
 144 145 145 146 146 146 144 144 145 145 145 145 145 145 146 147 147 145
 144 144 144 143 144 145 144 143 143 143 142 143 143 141 146 146 144 148
 148  28]"
"[ 29  29 131 130 132 132 133 134 134 134 133 133 132 132 133 133 132 133
 134 135 135 136 136 136 136 136 136 136 136 136 136 136 135 135 135 135
 135 135 135 135 136 135 135 136 137 137 137 136 135 136 136 136 137 137
 137 137 136 135 134 133 134 134 135 136 137 137 137 137 138 138 138 137
 138 129 128 145 163 173 163 139 132 138 141 141 140 145 139 176 241 237
 211 195 135  73  67  73  79  98 124 138 137 137 141 141 143 139 139 168
 244 248 218 130 109 135 149 106  63  60  63  65  66  63  90 129 142 137
 137 142 140 140 140 140 140 141 141 141 141 140 140 140 140 139 139 140
 143 143 143 143 142 142 143 143 144 143 143 143 143 143 144 144 144 145
 145 146 146 147 147 147 146 146 146 146 146 146 146 146 145 147 147 146
 146 147 147 146 149 147 147 146 145 146 147 147 146 146 145 144 143 144
 143  28]"
"[ 30  29 132 131 133 133 133 134 137 136 135 135 134 134 134 134 134 134
 134 134 134 135 135 135 136 136 136 137 138 138 137 136 135 136 136 136
 136 136 136 136 138 136 136 137 138 139 139 137 137 138 139 138 137 137
 137 138 138 137 135 135 135 136 136 137 137 137 137 137 138 138 138 139
 137 135 149 201 234 242 229 187 146 141 139 142 140 138 140 200 241 225
 193 182 106  64  72  74  81 100 125 137 136 137 142 142 135 138 171 239
 246 225 135  88  82  84  86  69  57  66  69  69  71  84 113 137 139 139
 140 137 140 140 140 140 141 142 143 143 142 141 141 141 141 140 140 140
 143 143 143 143 143 142 142 143 143 143 142 142 143 144 144 144 143 144
 144 145 145 145 146 146 146 146 146 146 146 146 146 146 147 148 148 148
 148 149 148 148 147 145 147 148 146 146 147 147 145 147 144 146 148 148
 145  31]"
"[ 30  29 132 132 134 134 135 136 137 137 136 136 135 135 135 135 135 135
 135 135 135 135 135 135 137 137 138 138 137 137 137 137 135 135 136 137
 137 137 136 136 136 136 135 136 138 139 138 138 138 138 139 138 137 137
 138 138 139 137 136 136 137 136 137 138 138 137 137 136 137 138 139 140
 139 144 185 242 251 247 233 203 164 148 142 146 144 135 158 224 240 206
 180 163  90  63  72  73  87 104 128 140 139 140 143 143 139 166 225 245
 225 140  80  73  67  63  66  64  63  66  68  73  81 105 127 135 137 141
 142 140 140 140 140 141 142 143 144 144 146 145 146 146 145 144 143 144
 144 143 143 144 144 143 143 142 143 143 142 143 144 145 145 145 146 146
 147 147 146 146 147 147 145 145 146 146 147 147 148 148 148 148 148 148
 147 146 146 147 149 146 148 149 147 147 148 147 147 148 145 147 148 148
 146  28]"
"[ 30  29 133 132 134 135 136 137 137 136 136 136 136 136 136 136 136 136
 136 136 136 136 136 136 137 138 139 138 136 135 136 136 134 134 135 136
 137 137 136 136 135 135 136 136 137 138 138 138 138 138 138 137 137 137
 138 138 138 136 136 137 137 137 137 138 139 138 137 136 136 138 140 141
 145 140 197 246 244 230 189 164 158 148 145 144 145 142 181 233 230 178
 169 139  83  65  71  74  88 104 127 138 137 138 141 140 146 210 245 222
 124  78  70  74  73  67  66  66  69  73  75  79 100 125 138 137 139 139
 138 143 140 140 140 141 143 145 146 146 146 146 146 146 146 144 144 144
 145 145 145 146 147 146 146 145 146 145 144 144 145 146 146 146 147 147
 147 147 146 146 146 147 147 147 147 147 147 148 148 148 147 148 149 149
 147 146 147 150 152 148 149 150 148 149 151 150 151 151 150 150 147 149
 151  30]"
"[ 30  29 133 132 133 135 136 135 136 136 136 136 136 136 136 136 136 136
 137 137 137 137 137 136 136 138 138 138 135 135 135 137 135 134 133 134
 136 136 137 138 136 136 136 136 137 138 138 139 138 138 138 138 138 138
 139 139 138 137 136 137 137 138 138 139 138 138 137 135 137 139 140 142
 145 140 199 237 219 158 113 100 112 137 144 144 141 144 203 241 223 165
 159 145  96  70  73  74  83 106 129 136 140 144 142 138 167 230 225 140
  82  64  75  72  68  68  68  70  70  75  76  88 123 140 139 136 139 143
 138 142 141 142 144 138 142 146 143 148 143 144 147 142 145 143 144 144
 145 144 144 143 146 147 143 144 144 144 144 144 144 145 145 145 146 146
 146 146 145 145 145 146 147 147 147 147 146 146 147 148 147 147 148 148
 147 147 148 150 150 150 150 149 148 149 149 150 150 148 150 150 151 149
 150  29]"
"[ 30  29 134 133 134 136 137 136 137 137 138 138 138 137 137 136 138 138
 138 138 138 138 138 138 138 138 138 137 136 136 136 136 136 135 135 135
 136 136 136 137 136 136 137 138 138 138 137 136 138 138 138 138 137 138
 138 138 138 136 136 137 138 139 139 140 139 138 138 138 139 140 142 144
 142 146 202 221 171  97  73  71  89 120 148 145 142 151 225 240 206 151
 161 154  93  71  75  77  86 114 138 139 141 143 143 140 197 220 161  86
  59  60  69  67  67  68  68  68  67  66  74 108 141 142 140 141 143 144
 140 139 139 147 136 135 122 129 133 142 158 175 183 192 167 149 144 144
 149 147 145 146 144 143 147 147 147 146 146 145 145 146 146 147 146 146
 146 146 146 146 147 147 148 148 148 148 147 147 147 148 148 148 149 149
 150 151 151 152 152 152 152 151 150 151 151 151 151 150 151 151 152 151
 151  30]"
"[ 29  29 134 134 135 136 138 137 138 138 139 139 138 138 137 137 137 138
 138 138 138 139 139 139 139 138 137 137 138 138 137 137 138 137 137 137
 138 137 137 138 135 136 137 138 139 138 137 137 138 138 138 137 137 137
 138 138 137 137 137 138 139 139 139 140 140 137 138 140 140 141 143 144
 141 154 208 205 146  77  63  67  73 113 149 145 142 165 237 233 189 142
 159 146  81  72  74  68  87 121 145 141 142 143 141 142 204 193 106  61
  58  65  64  63  64  67  69  64  62  73  97 137 145 143 147 145 143 146
 149 144 138 122 103  95 128 171 202 225 246 250 247 245 237 209 180 143
 144 146 141 143 147 145 146 143 147 147 146 146 146 146 146 146 146 145
 145 146 146 146 147 146 148 148 148 148 148 148 148 148 149 148 148 150
 152 153 153 152 153 153 152 151 151 152 152 152 152 150 151 151 153 152
 152  30]"
"[ 29  29 135 135 135 136 137 137 138 138 138 138 138 137 137 137 137 137
 137 137 138 138 138 138 139 139 138 138 138 138 138 137 138 138 138 139
 139 138 138 138 136 137 137 137 138 138 139 139 138 138 138 138 138 138
 139 139 138 137 138 138 139 139 139 140 140 139 140 141 141 143 144 142
 143 174 221 203 154  90  61  59  76 121 147 144 141 181 233 223 177 140
 145 121  74  72  71  57  86 126 146 140 143 144 138 151 201 159  78  61
  59  58  54  56  56  58  62  54  60  97 129 148 149 143 147 148 152 150
 144 128 108  84  84 119 203 235 245 248 247 246 241 233 210 203 191 170
 180 179 157 137 141 146 146 148 146 146 146 147 146 146 145 144 146 146
 145 145 146 146 146 146 147 148 148 149 149 148 148 147 148 148 148 150
 152 153 153 152 153 153 152 151 152 153 153 152 153 151 151 151 153 153
 153  29]"
"[ 29  29 135 135 135 135 136 137 137 137 137 137 137 137 138 138 138 137
 137 138 138 138 139 139 139 139 140 139 139 138 138 139 138 138 138 139
 139 138 138 138 137 137 137 138 138 139 140 140 139 138 138 138 138 139
 139 140 138 138 138 139 139 139 139 140 141 142 142 142 143 145 144 140
 143 196 224 198 160  94  67  70  88 126 146 145 141 188 227 219 177 140
 129 109  85  65  61  59  86 131 147 143 145 145 138 168 199 123  66  66
  62  56  52  53  50  49  49  52  82 124 144 143 139 147 158 160 156 130
 102  81  74  75  99 189 238 240 245 243 239 230 191 158 139 147 187 231
 246 243 217 167 142 146 146 149 146 146 146 146 146 146 146 146 147 147
 146 146 147 147 147 147 148 149 149 150 150 149 149 148 149 149 150 151
 152 152 153 153 153 153 152 152 153 154 154 154 154 152 152 152 154 155
 154  30]"
"[ 29  29 135 135 135 135 136 137 138 137 137 137 137 138 139 139 138 138
 138 138 138 138 139 139 138 140 141 141 140 139 139 139 139 139 140 141
 140 139 138 138 138 138 139 139 140 140 140 139 140 139 138 138 138 138
 139 139 138 138 138 139 139 139 140 141 141 144 143 142 145 145 143 142
 171 229 225 193 150  80  69  79  99 126 149 147 142 176 221 217 194 163
 161 163 150  95  65  61  85 129 149 145 144 144 143 179 167  84  57  65
  63  55  50  45  47  46  40  66 121 143 143 142 147 158 150 121  97  78
  68  67  71  73 120 222 237 236 230 207 185 144 109  98  99 147 223 242
 248 249 245 193 149 150 151 148 148 147 146 146 146 146 147 148 147 147
 147 147 148 148 149 149 150 151 151 151 152 151 150 150 150 151 152 152
 152 152 153 154 153 153 153 153 153 154 155 154 154 153 153 152 154 155
 153  29]"
"[ 29  29 134 135 135 134 136 138 138 138 138 138 138 138 139 139 139 139
 138 138 138 138 139 139 139 140 142 143 142 141 140 140 140 141 142 143
 143 141 140 140 139 139 139 139 140 140 141 141 140 140 139 138 138 139
 139 140 139 139 139 139 139 140 141 142 141 144 142 142 147 144 142 149
 198 236 216 177 127  73  74  85 107 135 148 146 145 158 208 216 208 194
 216 234 227 170 107  68  81 114 146 145 143 143 147 174 131  69  62  65
  63  55  52  47  44  46  40  82 144 146 139 145 152 139 104  70  53  55
  58  64  69  68 133 208 213 211 193 164 121  98  77  82  90 187 239 244
 246 241 224 179 149 151 151 148 149 148 148 147 147 147 148 148 148 148
 148 148 149 149 150 151 152 152 152 152 153 152 152 151 152 152 152 152
 152 153 154 154 153 154 154 153 153 154 154 154 154 153 154 152 154 154
 153  29]"
"[ 29  28 134 135 135 135 137 139 138 138 138 138 138 138 139 139 140 139
 139 138 138 138 139 139 139 141 142 143 143 142 140 140 139 140 142 144
 144 142 142 142 140 139 138 138 139 140 142 144 140 140 139 139 139 140
 141 141 141 140 140 140 139 139 140 142 141 145 142 144 149 143 142 155
 221 231 204 149  93  69  80  96 111 148 144 144 148 148 197 218 208 202
 229 238 239 220 153  83  75 100 142 144 145 144 150 161  96  61  65  63
  62  55  52  47  48  51  50  94 148 145 144 149 147 106  63  51  51  56
  58  66  71  68 108 163 155 139 123 103  84  76  81  77 105 221 242 245
 244 226 179 140 141 150 147 148 148 149 150 150 150 149 148 147 150 151
 151 151 150 151 151 152 152 152 152 152 153 153 152 151 153 153 153 153
 154 154 155 155 155 155 155 154 153 154 154 154 155 155 155 153 155 155
 154  29]"
"[ 29  29 135 135 135 135 136 136 137 137 138 138 138 138 138 138 138 138
 138 138 138 139 138 138 138 140 142 143 143 142 141 140 140 141 142 143
 143 143 143 143 143 142 140 139 140 142 143 142 144 142 141 140 140 140
 141 142 143 142 141 141 141 142 142 142 141 142 145 145 145 146 141 180
 233 228 188 129  77  75  79 100 112 151 143 147 148 145 184 221 215 213
 232 244 239 229 181 108  80  92 127 147 146 145 152 132  70  66  66  62
  59  57  50  50  50  50  52 105 150 143 150 149 122  67  49  52  51  56
  59  65  73  63  74  93  84  82  83  80  82  84  79  75 149 229 239 239
 228 179 125 119 140 151 147 149 148 149 151 151 151 151 150 151 153 153
 153 152 152 153 153 152 154 154 154 154 153 153 153 153 153 154 154 155
 155 156 157 158 158 158 157 156 156 157 158 159 158 158 158 158 158 159
 159  28]"
"[ 29  29 135 135 136 136 137 137 137 137 138 138 138 137 137 137 139 138
 138 138 139 139 138 138 138 140 142 142 142 142 141 141 142 142 142 142
 142 142 142 142 142 142 141 141 142 143 144 143 143 142 142 142 142 141
 142 144 144 143 143 143 143 143 144 144 143 143 145 145 145 147 146 187
 229 220 184 127  78  79  85  99 113 147 146 148 147 144 171 219 228 226
 239 241 237 231 191 137  91  88 112 145 146 147 142 101  69  65  64  60
  57  56  52  53  53  53  59 116 151 144 148 141  88  52  46  51  52  59
  62  67  70  73  78  84  83  87  89  87  82  84  84  85 175 230 231 219
 171 129  94  97 130 146 146 148 149 150 151 152 151 151 151 151 152 153
 153 152 152 153 153 152 153 153 154 154 154 154 154 155 154 154 154 154
 155 156 156 157 157 157 157 157 157 158 159 160 158 158 158 158 158 159
 159  28]"
"[ 29  29 135 135 136 137 138 137 137 137 137 137 137 137 136 136 137 137
 137 138 138 138 138 137 138 140 141 141 140 140 141 141 144 143 142 142
 141 141 141 141 141 141 141 141 142 143 143 143 142 143 144 144 143 142
 142 144 144 144 143 144 144 145 145 145 145 144 145 145 145 147 148 189
 226 207 171 119  73  71  82  96 122 146 147 149 148 145 156 213 231 232
 243 243 236 216 168 125  95  79  92 141 147 148 132  84  73  69  66  61
  57  55  53  55  58  57  67 131 149 146 149 115  60  45  49  53  55  62
  65  70  74  80  80  80  85  85  92 105 115 128 129 119 201 221 209 178
 125  87  73  84 133 151 149 147 150 151 151 151 151 151 152 152 153 153
 153 153 153 154 154 153 154 154 155 155 154 154 154 154 155 154 155 155
 156 157 157 157 158 158 159 159 160 160 161 161 160 159 160 160 159 160
 160  29]"
"[ 29  29 135 136 137 138 138 138 138 138 138 138 137 137 137 137 137 137
 137 137 138 139 139 139 138 140 141 140 139 140 141 143 145 144 143 142
 142 142 142 141 142 142 142 142 142 142 143 142 143 143 144 144 143 142
 142 142 143 143 143 143 144 145 145 144 144 143 145 147 145 146 145 181
 218 206 188 152 102  73  72  94 133 149 146 148 151 150 147 200 237 237
 242 244 236 207 159 114  88  80  87 130 143 150 117  70  66  63  61  58
  56  55  56  58  61  56  76 142 145 148 141  76  48  45  51  52  55  65
  69  77  82  86  88  89  99 100 115 138 147 155 149 144 212 212 186 138
  88  58  58  74 137 155 149 149 151 151 151 151 151 151 152 152 153 153
 153 153 153 154 154 154 155 155 155 155 154 154 154 154 154 154 154 155
 157 158 158 158 160 160 160 161 161 162 162 162 161 161 161 161 161 161
 161  30]"
"[ 30  29 135 136 137 138 139 138 138 138 138 138 138 138 139 139 138 138
 138 138 139 140 140 140 140 141 142 141 141 142 143 145 144 144 143 143
 143 143 142 142 143 144 143 143 143 143 143 143 143 143 143 143 144 143
 142 142 142 142 142 143 144 145 145 144 144 143 144 147 146 147 144 173
 215 207 197 181 148 105  81  97 132 150 144 148 152 152 146 183 237 243
 240 243 237 215 176 121  94  83  82 118 144 146  95  65  59  57  55  55
  55  55  58  59  63  53  91 146 149 148 111  49  49  47  51  52  59  69
  78  90  93  98 102 102 113 126 143 153 153 152 144 168 219 209 177 130
  66  45  50  68 135 155 148 153 151 151 151 151 152 152 152 153 153 153
 152 152 152 153 154 154 153 154 155 155 155 155 156 156 154 154 154 155
 157 158 158 158 159 159 160 160 161 161 161 161 161 161 162 161 161 161
 161  29]"
"[ 30  30 136 137 137 137 138 138 138 138 138 138 138 139 139 140 140 139
 139 139 140 140 140 140 140 142 142 142 141 142 144 144 144 144 144 144
 145 144 143 143 143 143 143 143 143 144 144 143 143 142 142 143 145 145
 144 144 144 143 143 144 145 145 145 145 145 144 144 146 146 149 145 169
 216 204 183 171 156 129  96  99 121 145 144 149 152 152 149 168 225 245
 243 243 239 229 204 149 116  98  87 107 137 136  84  64  54  53  49  51
  53  55  59  59  62  56 113 149 155 139  75  46  55  52  53  54  60  67
  76  91 101 102 110 116 127 141 152 149 152 152 146 184 214 202 171 126
  62  43  45  60 124 155 150 151 152 152 152 152 153 153 153 153 153 153
 153 152 153 154 154 154 154 154 155 155 155 155 156 156 156 156 156 157
 158 158 158 158 158 158 159 160 160 161 161 161 161 162 163 162 162 162
 161  29]"
"[ 29  30 136 137 137 136 138 138 138 138 137 138 138 139 139 139 139 140
 140 141 141 141 140 139 140 141 142 142 141 142 142 142 143 144 145 145
 145 144 144 143 143 143 143 143 143 143 142 141 142 142 142 144 146 146
 145 145 145 145 144 144 145 146 146 146 145 146 145 146 146 149 145 165
 210 206 188 172 153 139 108 103 115 141 146 151 152 153 152 157 205 241
 247 245 245 245 239 211 201 181 153 121 116 113  84  64  55  51  44  46
  49  52  57  57  56  62 130 152 147 109  56  53  56  54  55  54  54  56
  66  80  97  96 111 134 144 150 153 153 152 152 139 169 187 174 146 104
  52  37  38  50  98 144 153 149 153 152 152 153 154 154 154 153 153 154
 154 154 154 155 155 154 155 156 156 156 156 156 156 156 157 157 158 159
 159 159 159 159 159 159 160 160 160 161 161 161 162 163 164 164 163 163
 162  30]"
"[ 29  30 137 137 136 136 137 138 137 137 137 137 137 138 138 139 139 140
 141 142 143 142 141 140 141 142 143 142 142 142 142 141 143 144 145 145
 145 144 144 144 144 144 144 144 144 144 142 139 142 142 143 145 145 145
 144 145 146 145 145 145 145 146 147 147 145 147 146 147 145 148 143 160
 207 205 191 180 165 160 127 112 118 139 149 152 153 157 156 152 180 227
 246 248 250 249 251 248 240 232 230 203 166 126  98  78  71  65  52  49
  48  48  52  51  47  66 135 151 129  77  53  55  55  55  58  57  53  53
  64  79  88  94 115 145 150 150 149 152 153 153 139 156 159 133 118  95
  49  41  46  52  78 133 156 152 152 152 152 153 153 154 153 153 153 154
 155 155 155 155 154 153 154 155 156 156 157 157 158 158 156 157 158 159
 159 159 159 160 160 160 160 160 160 161 161 161 162 162 163 163 163 163
 161  29]"
"[ 29  29 137 137 137 139 138 139 138 138 137 136 136 137 138 139 140 140
 140 141 142 143 143 144 142 142 140 140 141 143 143 141 142 143 144 145
 144 144 143 143 144 144 145 145 144 143 143 143 142 142 144 145 146 146
 145 145 145 144 144 145 146 146 146 146 145 146 145 146 148 146 146 151
 204 199 194 177 179 181 166 136 118 132 155 152 152 158 159 156 154 175
 237 248 251 250 252 252 252 253 247 247 237 205 144  91  76  71  65  59
  49  52  47  46  42  62 133 141 104  57  55  53  53  58  59  61  61  58
  65  76  90  96 130 151 148 151 154 151 150 155 144 166 168 129 109  95
  53  43  47  52  65 108 147 151 152 149 152 152 154 154 152 154 154 154
 154 154 154 154 155 155 155 155 155 156 158 158 158 157 155 156 158 159
 158 158 159 159 159 159 160 161 161 161 161 162 163 162 162 164 163 162
 163  29]"
"[ 29  29 138 138 138 139 138 139 138 138 137 136 137 138 139 139 142 142
 142 142 142 143 143 143 142 142 141 140 141 142 142 141 143 143 143 144
 144 144 143 143 144 144 144 144 144 143 143 143 144 144 145 146 146 146
 146 146 145 144 145 145 146 147 147 147 146 146 145 146 148 147 146 147
 195 205 192 180 182 189 171 147 127 134 152 159 156 157 153 156 162 158
 196 244 250 252 252 254 250 251 253 252 242 239 218 164  98  71  62  65
  58  57  52  53  44  55 101 104  72  45  51  57  57  60  60  65  70  73
  80  89  96 114 140 152 151 152 152 152 156 152 147 181 201 178 148 111
  60  46  47  52  58  81 117 145 153 148 152 154 153 153 153 154 154 154
 154 154 154 155 156 156 157 157 157 158 159 159 158 157 156 157 159 159
 159 159 159 160 160 160 161 162 162 162 162 163 164 162 162 165 165 165
 165  30]"
"[ 29  29 138 138 139 140 138 138 139 138 137 137 137 138 139 140 142 142
 143 143 143 144 144 144 143 143 142 141 141 141 141 141 142 142 142 142
 143 144 144 143 144 144 145 144 144 143 143 143 146 146 146 146 146 147
 147 147 146 145 145 146 146 147 147 147 148 146 146 147 148 149 148 144
 195 205 186 177 177 168 154 158 172 184 207 217 200 183 164 164 158 157
 188 247 249 249 253 253 254 254 253 249 240 238 233 204 142  88  64  68
  65  63  58  61  53  45  57  60  47  44  47  51  57  61  64  69  76  80
  86  94 102 132 147 150 153 152 151 154 152 149 152 183 202 194 172 132
  64  48  48  52  53  59  86 129 155 150 151 154 152 154 156 154 153 153
 154 154 154 155 156 157 159 158 158 158 159 159 158 158 155 156 158 159
 159 159 160 160 161 161 161 162 162 162 163 164 163 162 161 164 166 166
 166  29]"
"[ 29  29 138 138 139 141 139 138 139 138 138 137 138 138 139 139 142 142
 143 143 143 144 144 145 143 144 144 143 142 142 143 143 141 141 141 142
 144 145 144 144 144 144 145 145 144 144 144 145 146 146 146 146 146 146
 147 147 147 147 146 146 146 147 146 146 148 146 147 147 147 150 149 143
 186 195 183 160 162 153 163 219 249 247 249 253 254 249 228 217 206 190
 201 245 254 251 254 253 251 253 251 249 243 230 218 209 179 118  72  65
  66  65  64  65  67  60  60  57  47  46  46  50  57  64  70  73  78  83
  89 100 115 144 151 148 152 152 152 154 152 153 158 188 201 189 163 117
  60  45  46  47  48  52  65  98 149 154 150 152 154 156 156 154 154 154
 154 154 154 155 155 156 158 157 157 158 158 158 158 157 154 155 157 158
 159 159 160 161 161 161 161 162 162 162 162 163 163 162 161 165 166 166
 166  29]"
"[ 29  29 138 138 138 140 139 139 139 139 138 138 138 138 139 139 142 143
 143 143 142 142 142 143 143 144 144 143 143 143 144 144 142 142 142 143
 145 145 145 144 143 144 144 144 144 144 145 146 146 146 146 146 146 146
 146 146 147 147 146 146 146 146 146 146 147 146 147 146 146 149 150 144
 174 186 168 169 162 174 235 246 251 252 253 250 253 253 253 254 254 254
 254 253 252 251 254 252 254 253 253 250 231 222 210 195 181 138  85  64
  64  64  67  65  63  64  65  59  52  46  43  44  54  62  72  76  83  92
 100 114 136 153 153 151 152 152 154 153 155 159 164 196 202 172 139  90
  61  47  49  47  48  55  57  70 129 155 152 151 155 156 154 155 155 154
 154 154 154 154 155 155 157 157 157 157 157 157 157 157 156 156 157 158
 159 159 160 161 162 162 162 162 162 162 163 164 164 164 164 166 166 166
 166  29]"
"[ 29  30 138 137 137 139 138 139 139 139 138 138 138 138 138 138 139 140
 141 141 141 142 142 143 142 143 144 143 143 143 144 144 144 144 144 145
 145 145 144 143 142 143 143 143 143 144 145 146 146 146 146 147 147 147
 146 146 146 146 145 146 146 147 147 147 146 147 147 146 146 149 150 147
 158 175 160 164 177 219 246 248 251 252 254 253 254 253 253 253 253 253
 252 254 254 253 251 254 253 251 251 249 225 218 202 185 165 143 101  73
  68  65  67  63  62  60  59  58  63  59  53  48  48  54  67  76  89 101
 108 121 149 153 152 152 152 152 154 153 151 154 167 198 190 149 117  82
  65  51  53  52  51  59  61  66 108 153 154 152 155 154 152 156 154 154
 154 154 154 155 156 156 157 157 157 157 157 157 157 157 157 157 158 158
 159 159 159 159 162 161 162 162 162 162 162 163 164 165 165 166 165 165
 166  29]"
"[ 29  30 138 137 137 138 138 140 139 139 138 138 138 138 137 137 137 138
 140 140 141 141 142 143 142 143 143 143 143 143 143 143 143 143 144 144
 144 144 144 144 143 143 143 142 142 143 144 145 145 145 146 146 146 146
 146 146 146 145 145 145 146 147 147 147 147 148 147 147 148 150 149 150
 157 169 153 155 170 212 236 248 250 253 252 251 253 252 253 254 253 254
 253 251 251 255 255 252 253 254 252 248 233 211 186 174 155 133 107  81
  72  68  65  64  61  61  59  58  62  60  59  57  51  53  63  72  88 104
 114 131 152 150 151 151 152 153 152 154 158 143 158 178 155 118  97  81
  63  53  51  51  53  60  66  72 106 153 154 154 155 154 154 156 154 154
 154 154 155 156 157 157 157 158 158 158 158 158 158 158 157 157 157 158
 158 159 159 160 161 161 161 162 161 161 162 163 164 165 164 165 164 165
 166  29]"
"[ 29  29 139 138 137 138 138 140 139 139 138 138 138 137 137 137 139 140
 141 141 140 139 139 140 143 143 144 143 143 144 143 143 141 141 142 142
 143 143 144 144 144 143 143 143 143 143 144 145 145 145 145 145 145 146
 146 146 146 146 145 145 146 147 147 147 146 148 147 146 150 150 148 150
 155 155 130 121 139 167 187 204 228 244 249 253 253 254 252 253 253 251
 254 255 254 249 255 252 253 251 244 230 217 199 182 176 155 119 102  80
  72  70  64  66  60  61  56  57  60  63  64  65  66  62  65  68  84 105
 124 149 153 151 152 151 153 154 149 155 153 145 187 207 163 114  84  71
  63  57  51  50  56  64  72  80 116 156 152 154 155 156 156 154 155 155
 155 155 156 157 157 158 157 157 157 158 158 159 159 159 157 157 158 158
 160 161 161 162 162 162 162 162 162 162 163 164 165 165 164 165 165 167
 167  29]"
"[ 30  29 138 139 138 140 139 138 140 139 139 138 138 138 138 139 140 140
 141 140 140 140 141 142 142 143 143 142 144 144 142 142 141 141 140 141
 142 144 145 145 144 145 145 145 144 143 144 145 145 146 146 146 145 145
 146 147 148 148 147 147 146 146 147 147 148 148 148 149 150 150 149 148
 149 143 103  86  98 119 155 176 200 221 243 248 251 252 250 254 252 254
 251 252 253 253 254 253 250 244 230 213 193 185 172 167 139 115  93  81
  76  72  70  64  65  61  58  58  59  62  65  63  66  67  71  75  72 101
 143 152 152 152 152 153 154 153 154 154 155 147 216 230 221 174 108  68
  52  49  48  51  55  65  77  81 134 154 152 154 155 155 156 155 154 154
 154 155 155 156 157 157 157 157 158 158 159 159 159 160 158 157 156 157
 158 160 161 162 163 162 162 161 161 162 164 165 164 166 165 165 165 167
 167  29]"
"[ 29  29 139 140 138 139 139 140 140 139 138 138 138 139 139 139 142 142
 142 141 140 139 140 142 142 143 143 142 145 145 144 145 142 141 141 141
 142 144 144 145 144 145 145 145 144 144 144 145 146 147 147 146 145 145
 145 146 146 147 146 146 146 146 147 147 148 148 149 150 150 150 149 149
 150 148 109  82  77  81 111 147 181 195 218 236 246 249 252 252 252 254
 254 254 253 252 253 252 243 225 203 188 171 156 135 125 120 106  91  82
  77  74  73  71  66  63  62  60  58  60  63  64  68  70  74  79  79 112
 149 154 153 153 153 154 154 154 154 155 157 146 214 234 230 213 177 111
  58  52  50  52  58  69  78  84 139 157 154 154 154 154 154 154 154 154
 155 156 157 157 158 158 157 157 157 157 157 158 158 159 159 158 158 158
 159 160 161 162 161 161 161 161 161 162 164 165 165 166 166 167 167 168
 167  29]"
"[ 29  29 140 140 138 138 140 142 140 139 138 138 139 140 141 141 142 142
 142 141 139 138 139 141 141 143 143 142 145 146 145 146 143 142 142 142
 143 144 145 145 145 145 146 145 145 144 145 146 147 148 148 147 145 145
 145 145 146 146 146 146 146 146 146 147 147 148 149 150 150 149 149 149
 145 156 145 126 106  84  82  97 124 147 179 197 213 233 250 247 253 251
 253 253 254 253 249 244 222 213 202 199 192 178 149 125  95  88  80  79
  80  77  72  70  70  65  62  61  61  62  63  61  65  68  73  79  86 124
 154 154 155 154 155 155 155 155 154 155 156 151 196 219 214 189 159 109
  63  55  50  50  58  68  76  86 139 155 153 153 153 154 154 155 154 155
 156 157 158 158 158 158 155 154 154 154 155 156 157 158 159 159 160 160
 160 160 161 161 160 161 161 162 162 163 164 165 164 166 167 168 168 169
 168  29]"
"[ 29  29 140 140 138 139 141 143 140 139 138 138 140 141 142 142 140 141
 141 140 138 138 139 140 141 143 142 142 144 144 144 144 144 143 143 143
 144 145 145 145 145 145 146 145 145 145 146 146 146 147 147 146 145 145
 146 146 146 147 147 147 146 146 146 146 147 148 149 150 149 149 148 148
 148 150 155 154 146 133 109  86  89  94 105 115 145 194 239 242 252 250
 252 253 253 252 245 237 226 223 218 216 212 204 184 160 122 106  85  74
  76  75  73  74  71  65  63  63  64  64  63  60  63  65  70  77  88 130
 155 152 155 155 155 155 155 155 154 155 158 149 185 202 181 160 126  84
  62  54  51  48  55  65  73  88 140 153 153 155 154 155 154 155 154 155
 156 156 157 157 156 156 153 153 153 154 155 156 157 157 158 159 160 160
 160 159 160 160 161 161 162 162 162 163 163 164 164 166 167 168 168 168
 167  29]"
"[ 29  29 140 140 139 141 142 143 140 138 138 138 140 142 142 142 139 140
 141 141 139 139 139 140 140 142 142 142 144 143 142 143 144 144 144 144
 145 146 146 146 145 145 145 145 145 145 146 146 146 146 146 146 145 145
 146 146 146 147 147 147 146 146 146 146 146 147 149 150 150 150 150 150
 151 147 150 149 150 156 145 126  97  83  78  80  96 137 198 234 246 248
 253 252 251 250 246 241 239 231 221 216 208 197 188 172 165 151 120  83
  71  67  68  66  68  67  68  68  66  65  66  66  68  67  71  78  89 134
 153 152 155 155 155 155 155 155 154 155 158 150 206 220 190 148 103  74
  56  50  53  49  54  65  73  93 147 155 154 155 154 154 153 155 154 154
 154 154 155 155 155 156 155 155 156 156 156 157 157 157 157 158 159 160
 160 159 160 160 160 161 162 162 162 162 162 162 164 166 166 167 167 168
 167  29]"
"[ 29  29 139 140 140 142 142 142 140 139 139 140 141 142 143 143 139 140
 141 141 140 138 138 138 139 142 142 142 144 144 142 143 145 144 144 145
 145 146 146 146 145 145 145 145 145 145 146 146 146 146 146 146 145 145
 146 146 146 146 147 146 146 146 146 146 145 146 148 150 151 152 152 152
 148 153 154 150 149 151 151 155 143 121 100  83  74  89 140 200 236 245
 245 246 248 248 247 243 233 230 223 215 207 197 186 161 156 161 148 105
  90  87  96  90  76  72  72  72  71  71  71  71  73  71  74  79  90 138
 153 154 155 155 155 156 157 156 156 156 156 156 221 224 224 201 148  89
  56  45  51  50  55  66  73  97 153 155 153 154 152 154 153 156 154 154
 154 154 155 156 157 158 158 158 158 158 158 157 157 157 158 158 159 160
 160 160 160 160 160 161 162 162 162 162 163 163 165 166 166 167 166 168
 167  29]"
"[ 29  29 140 141 140 141 140 141 140 140 140 140 141 142 142 142 140 140
 140 140 140 139 138 137 139 142 142 142 143 143 143 144 145 145 145 145
 145 145 145 145 145 145 145 145 145 145 145 145 147 146 146 146 146 146
 146 146 147 147 147 146 146 146 146 147 145 146 148 150 152 152 152 152
 149 151 148 149 152 151 151 154 155 155 149 132 105  89 103 159 217 234
 233 236 243 244 245 239 231 233 227 217 211 205 194 159 145 151 150 108
  97  93 112 108  90  81  75  74  74  74  72  70  71  71  74  77  90 142
 156 155 156 156 157 158 159 158 158 158 162 154 210 219 220 210 188 130
  70  46  49  51  56  66  74 102 154 153 152 154 152 155 154 156 155 154
 154 155 155 157 158 159 158 158 158 158 158 158 158 158 159 159 159 160
 161 161 161 160 160 161 162 163 163 163 164 164 165 166 166 167 166 167
 167  29]"
"[ 29  30 141 141 139 139 139 139 138 139 139 140 140 140 140 140 142 141
 141 141 140 140 139 138 139 142 142 141 143 143 142 143 146 145 145 145
 145 145 144 143 145 145 144 144 145 145 145 145 147 147 146 146 147 147
 147 147 148 148 148 147 146 146 146 147 146 146 148 150 151 151 151 150
 151 150 151 153 149 148 152 148 151 152 152 157 149 124  96 130 197 226
 227 231 236 235 237 231 234 233 229 223 219 211 200 168 147 142 142 107
 102  94 116 114  97  87  79  74  71  69  69  68  66  69  73  74  89 147
 159 157 158 158 158 160 160 160 160 160 153 166 194 201 205 194 179 145
  89  52  49  52  58  68  76 107 155 154 153 156 155 156 153 154 154 153
 153 153 154 155 156 157 159 158 158 158 158 159 159 160 159 159 159 160
 161 161 161 160 160 161 162 162 163 163 164 164 165 166 166 167 166 167
 166  28]"
"[ 30  29 140 140 138 139 139 140 139 139 140 142 141 140 140 142 143 143
 142 141 140 139 138 136 138 140 143 143 142 141 142 144 145 146 146 146
 145 144 143 143 144 145 146 145 143 143 145 147 147 147 146 146 146 147
 148 148 148 147 147 147 147 147 147 147 145 147 149 150 151 152 152 152
 149 150 150 150 150 149 149 151 149 151 151 151 154 152 137 120 164 215
 219 225 228 224 230 229 230 230 228 224 220 214 205 189 164 144 138 116
 110 105 103 104  98  87  82  72  71  73  70  59  59  58  66  68  80 149
 158 158 160 161 157 157 162 161 156 156 168 203 224 220 191 170 166 149
 114  66  50  54  60  67  82 110 159 153 154 155 156 157 154 153 156 156
 155 155 155 156 157 157 158 159 159 159 159 159 159 160 161 160 160 160
 160 161 162 163 163 163 163 163 163 163 164 165 165 166 166 167 167 167
 167  29]"
"[ 29  29 139 140 139 140 140 140 138 139 140 142 142 142 143 145 143 143
 142 140 140 140 140 139 140 141 142 141 140 141 143 145 146 146 146 146
 145 144 144 144 144 145 145 145 144 144 145 147 147 147 146 146 146 147
 147 147 148 148 148 148 148 147 147 147 147 148 149 150 151 152 152 152
 151 150 150 150 150 150 150 150 148 150 150 150 154 156 149 138 149 195
 210 215 222 219 223 226 226 228 227 225 222 217 209 195 171 154 144 121
 111 102  99  99  94  89  89  87  94  95  88  81  71  69  74  76  88 146
 156 157 155 157 160 164 163 157 166 189 233 245 247 246 230 203 177 142
 105  66  48  51  58  71  81 114 159 154 154 155 156 157 156 155 155 155
 155 155 155 156 157 158 158 158 159 159 159 159 159 159 161 160 160 160
 160 161 161 162 162 163 163 163 163 163 164 164 164 165 165 166 166 167
 167  29]"
"[ 29  29 140 142 141 143 142 141 140 142 142 142 142 142 143 144 143 143
 141 140 140 141 142 142 143 143 142 141 141 142 144 145 146 146 146 145
 145 144 143 143 144 145 145 145 145 145 145 145 146 146 146 146 147 147
 147 147 147 148 149 149 148 147 147 147 148 149 150 151 151 151 152 152
 152 151 150 150 150 150 150 150 150 151 150 150 152 155 154 151 146 178
 208 210 219 218 217 223 222 226 227 226 224 220 213 200 184 163 146 128
 119 108 122 141 138 149 148 125 114 107 103 104 110 105 104 100 101 130
 143 153 167 196 217 214 206 208 225 245 250 253 249 249 248 243 229 191
 141  88  47  43  56  73  79 123 159 154 155 155 155 157 156 157 155 156
 156 156 157 157 159 160 158 158 158 159 159 159 159 159 160 161 161 161
 162 162 162 162 162 162 162 162 162 163 163 164 165 166 165 166 166 167
 167  30]"
"[ 29  29 140 143 143 144 142 141 141 143 143 141 140 142 142 142 143 142
 141 140 141 142 143 143 142 142 143 143 144 144 144 143 145 145 145 145
 144 143 143 143 144 145 145 146 145 145 144 144 145 145 146 146 147 147
 148 148 147 148 149 149 148 147 147 147 149 149 150 151 151 151 152 152
 152 151 150 150 150 149 149 150 150 151 151 151 151 152 152 153 149 162
 202 204 211 213 213 217 218 223 226 226 224 220 215 204 194 184 175 175
 172 157 169 189 188 205 227 225 207 170 140 129 121 117 119 125 132 153
 185 215 244 249 251 251 252 252 252 253 252 253 243 233 229 235 235 216
 195 151  95  54  52  69  79 128 159 154 155 154 154 155 155 156 155 156
 158 158 158 158 159 159 158 158 158 159 160 160 159 159 160 160 161 162
 163 163 163 163 162 162 162 162 162 162 163 164 165 166 165 166 166 167
 167  30]"
"[ 29  29 140 143 142 143 141 140 140 142 142 140 140 141 142 142 142 142
 141 141 141 142 143 142 141 141 142 143 145 145 144 142 144 145 145 144
 143 143 143 143 143 144 144 145 145 145 145 144 145 145 146 147 147 147
 148 148 147 148 149 148 147 147 147 147 148 149 151 151 152 151 151 151
 151 150 150 150 149 148 149 150 150 150 151 152 152 151 152 154 150 147
 189 200 202 208 210 210 214 220 223 226 224 222 219 210 200 195 182 181
 183 177 186 194 188 206 235 244 245 243 237 226 199 179 169 187 220 238
 247 249 253 252 252 252 252 250 250 255 252 254 253 250 236 221 210 193
 174 146 102  61  60  68  80 132 157 153 154 154 153 155 154 155 154 156
 158 158 158 158 158 158 158 158 159 159 160 160 160 159 159 160 161 162
 163 163 163 163 162 162 162 162 162 163 164 164 164 165 165 166 166 167
 167  29]"
"[ 29  29 141 143 142 143 141 140 141 142 142 141 140 140 140 141 142 142
 142 142 142 143 142 141 142 142 142 143 144 144 144 144 144 144 145 144
 144 144 144 144 142 143 143 144 145 146 146 146 146 146 146 146 147 147
 147 147 147 147 148 148 147 147 147 147 148 149 151 152 152 151 151 151
 149 149 150 150 149 148 149 150 151 150 150 151 152 152 152 153 152 143
 176 200 199 205 208 205 211 216 220 224 226 227 227 220 210 204 193 190
 189 187 195 200 201 209 237 249 250 247 249 251 249 250 252 252 252 249
 252 252 250 254 255 253 252 254 255 251 254 252 252 253 247 239 227 209
 177 135  85  55  63  64  78 134 156 152 154 154 154 155 154 155 154 155
 158 159 159 159 158 158 158 159 159 160 160 161 161 160 160 161 162 162
 163 163 162 162 162 162 162 162 162 163 164 165 164 165 165 166 166 167
 167  29]"
"[ 29  30 141 143 143 143 142 141 143 143 143 143 141 140 140 141 143 143
 143 142 142 143 142 142 142 143 143 144 144 144 144 145 144 144 144 144
 144 144 144 145 143 143 143 143 144 145 146 147 147 146 146 146 146 146
 147 147 147 147 147 147 147 147 148 148 149 150 151 152 151 151 151 151
 149 149 149 150 150 149 149 150 152 151 151 151 151 151 151 151 151 147
 164 197 196 199 202 203 208 212 216 222 226 229 231 228 219 211 202 198
 192 192 204 216 219 231 246 248 252 254 254 252 252 252 252 250 252 253
 254 252 254 253 253 253 252 252 253 253 252 252 251 246 239 235 223 203
 168 137  89  64  67  68  77 118 157 153 154 155 155 156 155 156 156 157
 158 159 160 160 159 159 159 159 159 159 160 160 161 161 161 162 162 162
 163 163 163 162 162 162 162 162 162 163 164 165 164 165 165 166 166 167
 167  30]"
"[ 29  29 141 143 142 143 142 142 142 142 143 144 143 142 142 144 144 144
 143 142 143 143 143 142 141 143 144 145 144 143 143 143 143 143 144 144
 144 144 144 145 144 143 143 143 143 144 145 146 146 146 146 145 146 146
 147 147 148 147 147 147 147 148 148 149 151 151 152 151 151 150 150 150
 149 148 148 150 151 151 150 150 151 151 152 152 152 152 151 150 151 152
 156 195 196 196 200 205 206 209 212 219 225 229 233 230 222 217 211 203
 195 200 210 215 222 237 249 249 253 253 252 253 254 251 255 255 253 252
 253 252 253 251 253 255 253 252 253 253 252 251 249 239 217 203 194 182
 156 123  73  61  66  70  81 122 159 154 155 156 155 157 156 156 157 158
 158 159 159 159 159 159 159 159 159 159 159 160 161 162 160 161 161 162
 162 162 162 162 162 162 162 162 162 162 164 165 164 165 164 165 165 167
 167  30]"
"[ 29  30 140 141 142 143 141 141 141 142 144 144 143 142 142 145 145 144
 143 142 142 143 143 143 142 143 143 143 144 145 144 142 143 144 144 143
 142 143 143 143 143 143 142 143 143 144 145 146 145 146 147 146 146 146
 147 148 149 148 147 147 147 148 148 149 151 149 151 152 151 151 151 150
 151 150 149 150 150 150 150 151 151 151 151 151 152 152 152 152 152 154
 145 185 195 194 199 200 202 205 211 215 222 230 231 232 228 222 215 207
 199 198 208 219 217 232 249 250 253 252 253 253 253 253 253 253 253 253
 253 253 253 252 252 253 253 253 253 252 249 239 230 212 202 180 167 148
 132 102  63  62  65  72  79 123 154 153 154 155 156 155 155 156 159 159
 158 157 157 157 158 159 158 159 159 159 159 159 160 161 161 161 161 161
 161 161 162 162 161 161 162 162 162 163 164 165 164 165 165 166 165 166
 166  29]"
"[ 29  30 139 140 141 143 142 142 142 142 143 144 142 141 141 144 144 143
 143 142 142 142 142 142 143 143 143 143 144 145 144 144 143 144 144 143
 142 143 144 144 143 143 143 143 143 143 144 144 145 145 146 146 146 146
 147 148 147 147 146 146 147 148 150 152 149 148 149 150 149 149 150 150
 150 149 149 150 150 150 150 151 150 150 151 152 152 152 151 151 152 153
 146 176 191 190 193 195 199 202 210 216 224 229 231 232 233 228 220 211
 202 199 206 216 219 234 249 250 253 253 253 253 253 253 253 253 253 253
 253 253 253 252 253 253 254 254 252 249 239 227 207 188 173 152 127 106
  91  69  50  60  70  71  75 130 154 153 153 155 155 155 155 156 158 158
 158 157 157 157 158 158 158 158 159 159 160 160 160 161 160 160 161 161
 161 161 162 162 162 162 163 163 163 163 164 165 165 166 166 166 166 166
 167  30]"
"[ 29  29 138 139 140 143 142 143 143 143 143 143 142 140 140 142 143 143
 143 143 143 142 142 142 142 142 142 143 143 144 144 144 142 143 142 141
 141 142 143 143 143 143 144 144 144 144 143 143 145 145 146 146 146 146
 147 148 147 147 146 146 147 149 151 154 150 148 149 149 148 149 150 150
 149 148 148 150 151 150 150 151 149 150 151 152 153 152 151 150 152 152
 148 165 188 190 191 194 199 201 210 216 221 225 226 231 232 228 222 216
 209 205 206 211 218 232 247 250 253 253 253 253 253 253 253 253 253 253
 253 253 253 253 254 253 252 251 247 240 229 220 191 166 144 129  97  74
  68  59  57  63  74  75  81 137 155 154 154 154 155 155 156 156 156 156
 157 157 157 157 157 158 157 157 158 159 159 160 160 160 159 160 161 162
 161 161 161 162 162 162 162 162 162 163 164 165 165 166 165 166 165 166
 166  29]"
"[ 30  29 138 139 140 142 142 143 143 142 143 144 143 141 141 142 142 142
 143 143 143 142 142 141 142 142 143 143 143 143 143 143 142 142 141 140
 140 141 142 143 143 143 143 143 144 144 144 145 146 146 146 146 146 146
 147 147 147 148 147 146 146 148 150 152 152 150 149 149 148 148 150 150
 148 147 148 150 151 151 151 151 150 151 152 152 153 153 152 152 153 152
 151 156 186 194 192 195 198 201 209 212 216 220 224 229 231 226 220 216
 212 209 208 208 214 229 246 250 253 254 253 253 253 253 253 253 253 253
 253 253 253 253 253 253 253 252 246 235 229 214 184 154 120 103  79  64
  64  63  69  71  79  84 100 146 156 155 154 155 156 156 156 155 155 155
 156 156 157 157 158 158 158 158 158 159 159 160 160 159 160 161 162 162
 161 160 161 161 163 162 162 162 162 162 163 164 165 166 166 166 166 166
 166  29]"
"[ 30  30 139 140 141 143 142 142 142 142 143 144 144 142 142 142 141 142
 142 142 142 142 141 141 143 143 143 144 144 143 142 142 142 142 141 140
 140 142 143 144 142 142 142 142 143 143 144 145 146 146 146 146 146 146
 147 147 147 148 148 146 146 147 148 149 151 149 149 149 147 148 149 149
 148 147 147 150 152 152 151 151 151 151 151 151 151 152 152 153 155 153
 153 151 179 194 189 190 194 199 207 209 212 220 225 229 232 228 222 215
 210 209 211 213 216 231 247 250 253 253 253 253 253 253 253 253 253 253
 253 253 254 253 253 252 253 250 241 227 221 195 171 139  96  74  66  66
  67  66  73  81  88  94 121 153 155 155 154 155 156 157 156 155 155 155
 155 156 156 157 158 158 159 160 160 160 160 160 160 160 161 162 162 162
 161 160 161 162 163 163 162 162 162 163 163 164 165 166 167 168 167 167
 167  30]"
"[ 29  30 139 140 142 143 141 142 142 141 142 144 144 143 143 143 143 142
 142 142 143 143 143 142 144 143 144 145 145 143 141 142 140 140 140 140
 141 143 144 144 143 143 142 142 143 143 144 145 145 145 145 146 146 146
 147 147 147 148 149 148 147 149 149 149 150 148 148 149 148 148 150 150
 148 146 147 149 151 152 151 151 151 151 150 150 150 151 152 152 154 152
 152 149 169 192 188 186 191 198 207 209 212 220 224 227 229 230 226 219
 212 210 214 218 221 235 248 250 252 253 253 253 253 253 253 253 253 253
 253 253 253 253 253 253 251 247 235 220 206 181 157 115  77  63  65  67
  70  71  77  86  95 113 141 154 153 153 154 155 156 157 157 155 155 155
 155 155 156 157 158 158 159 160 160 159 159 159 160 160 161 161 161 161
 161 161 162 163 163 162 162 162 162 163 163 162 164 166 166 167 167 167
 167  30]"
"[ 29  29 139 140 142 143 142 143 142 140 140 142 143 143 143 143 144 142
 141 142 143 144 144 143 143 142 142 144 144 142 140 141 140 140 140 139
 141 142 143 143 144 144 144 144 144 144 145 145 145 145 145 145 146 146
 147 147 147 149 150 149 149 151 151 150 150 148 149 150 149 149 151 150
 148 146 146 149 151 151 151 151 151 151 151 150 151 151 151 151 153 151
 152 151 160 190 189 186 188 194 203 206 209 215 218 222 226 228 228 223
 217 214 214 215 219 233 247 249 252 252 252 253 253 253 253 253 253 253
 253 253 251 252 253 251 246 237 221 205 186 163 132  89  67  66  66  66
  71  77  85  95 111 137 153 153 152 153 154 154 155 156 156 155 155 155
 155 156 157 158 158 157 158 158 159 158 157 157 159 161 160 160 160 160
 161 162 162 161 162 162 161 162 162 162 162 161 163 164 165 166 166 167
 166  29]"
"[ 28  29 139 140 141 143 142 143 142 140 139 140 142 142 142 143 143 141
 139 140 141 143 143 143 142 140 140 141 142 141 139 140 142 142 141 140
 141 142 143 142 143 143 143 144 144 144 145 145 146 145 145 145 145 145
 146 146 147 148 149 148 149 151 151 150 150 148 149 151 150 149 150 149
 148 146 146 148 150 151 151 151 150 151 151 152 152 151 151 151 154 153
 153 154 154 187 188 185 184 187 195 200 204 209 213 219 228 227 225 220
 217 216 213 209 212 227 244 248 252 253 252 252 253 253 253 253 253 253
 253 253 255 253 251 244 231 212 190 172 159 130  95  67  65  69  65  73
  81  86  99 116 136 156 153 153 152 154 154 153 153 154 155 154 154 154
 155 156 157 158 157 157 157 158 158 158 157 157 159 162 160 160 160 160
 161 161 161 160 162 162 162 162 163 163 162 161 162 164 165 166 166 167
 167  29]"
"[ 29  30 139 141 143 144 143 144 141 142 142 142 142 142 142 143 142 139
 136 138 141 142 142 143 142 140 139 140 141 141 141 142 143 142 141 141
 142 143 143 143 142 142 143 144 144 145 145 145 146 145 145 145 146 147
 147 148 147 148 148 149 149 150 151 151 150 150 150 150 151 151 151 150
 147 147 148 149 151 151 151 151 152 152 152 152 151 151 151 152 151 152
 153 155 149 182 188 182 182 187 188 192 199 207 208 217 224 225 224 221
 213 211 207 206 210 215 238 243 248 249 252 252 253 252 252 253 253 252
 253 253 250 245 235 223 206 187 167 145 122  94  67  58  64  69  72  80
  90  94 115 139 150 152 153 154 154 154 154 154 154 154 154 154 153 154
 155 157 158 158 158 157 158 156 155 155 155 156 158 160 159 159 159 158
 159 160 161 162 162 162 163 163 162 162 163 163 161 164 165 165 165 167
 167  29]"
"[ 29  29 139 141 142 144 143 144 142 143 143 143 142 142 142 143 141 138
 136 137 139 141 142 143 143 142 140 141 141 141 141 142 143 142 140 140
 141 142 142 142 141 142 143 143 144 145 145 146 146 146 145 146 146 147
 148 148 148 147 147 148 148 149 150 150 151 150 150 150 149 149 150 150
 150 150 150 151 151 151 151 151 151 151 151 151 151 151 151 152 152 152
 151 152 147 174 184 181 180 181 183 182 182 194 204 213 217 218 216 216
 211 208 200 194 198 207 232 235 241 242 248 252 251 251 253 254 253 252
 250 247 242 223 205 190 175 162 137 109  86  66  58  64  69  73  78  88
  98 110 130 146 152 153 154 155 155 154 154 154 154 154 154 154 155 154
 154 155 156 157 158 158 157 156 155 155 156 156 157 159 158 158 159 159
 159 160 161 161 161 162 162 162 162 162 163 163 162 165 165 166 165 167
 167  29]"
"[ 29  29 139 140 142 143 142 143 143 143 144 143 143 143 142 142 142 140
 138 138 139 140 142 143 143 142 141 141 140 140 141 142 143 141 140 139
 139 140 141 141 141 142 142 143 144 145 146 146 146 146 146 147 147 147
 148 148 148 148 147 147 148 148 149 150 151 151 151 150 148 148 149 150
 151 151 151 151 151 151 151 150 150 151 151 151 151 151 151 152 152 151
 149 150 146 162 177 178 181 180 181 179 176 193 205 210 213 215 213 212
 204 200 193 190 187 189 207 213 222 228 238 246 251 251 252 249 243 237
 229 219 209 197 180 161 148 123  81  59  55  48  58  71  72  75  85  97
 109 128 146 153 153 153 154 155 156 155 155 155 155 155 155 155 156 155
 154 154 155 156 157 158 156 156 156 156 156 155 155 156 156 158 159 160
 159 160 160 160 161 161 162 162 162 162 163 163 162 165 165 166 165 166
 167  29]"
"[ 29  29 139 139 140 141 141 142 142 142 143 143 143 142 142 142 143 142
 140 139 139 140 141 143 142 142 142 141 140 140 141 142 142 141 139 138
 138 139 140 141 142 142 143 144 145 145 146 146 146 146 147 147 147 147
 147 147 148 148 147 147 147 148 149 150 151 151 151 150 148 148 149 150
 150 151 151 151 151 151 151 151 151 152 152 152 152 152 152 152 150 150
 149 151 147 153 171 176 179 178 178 177 181 198 203 202 203 205 203 201
 193 187 180 178 172 172 191 204 215 216 222 234 240 239 238 233 222 213
 204 192 169 154 134 112  99  81  57  56  54  56  67  75  79  87  98 108
 123 141 154 154 153 153 153 155 155 155 155 154 154 155 155 155 155 154
 154 155 156 156 156 155 156 156 155 156 155 154 154 154 155 157 159 159
 159 159 159 159 161 161 162 162 161 161 162 163 162 164 164 165 164 165
 166  29]"
"[ 29  29 138 138 139 140 139 140 140 140 141 142 142 142 141 141 141 142
 141 140 139 139 140 140 141 142 142 141 141 141 142 143 141 140 139 139
 139 141 142 142 143 144 144 145 145 146 146 146 146 147 147 147 146 146
 146 146 146 146 146 146 147 147 148 148 149 150 150 149 148 148 149 150
 150 151 151 152 151 151 152 152 152 152 152 152 152 151 152 152 150 151
 151 152 150 150 167 176 173 175 171 172 181 195 194 193 194 195 193 194
 187 179 164 155 163 165 180 187 193 197 205 220 231 229 224 215 201 189
 176 163 131  97  82  69  55  54  54  56  58  62  67  72  86  97 104 117
 139 150 154 153 154 154 153 155 153 154 154 154 154 154 154 154 155 155
 155 156 156 156 155 154 156 155 155 156 156 155 155 155 155 157 158 158
 157 158 159 159 161 162 162 162 161 161 162 162 163 164 164 165 165 165
 165  29]"
"[ 30  29 138 138 138 139 138 140 139 139 140 142 142 142 141 140 139 140
 141 140 139 139 139 139 139 140 140 141 141 142 142 142 141 141 140 141
 142 143 144 144 144 145 145 145 146 146 146 146 146 147 147 147 146 146
 146 146 146 146 146 146 147 147 147 147 148 148 148 148 148 149 149 149
 150 151 151 151 151 151 151 151 151 152 152 152 151 151 151 151 152 152
 152 151 150 149 160 170 172 173 167 167 178 190 189 194 196 195 192 191
 182 171 154 145 148 155 167 170 175 180 179 184 211 210 205 193 177 154
 130 113  75  52  49  53  53  56  58  59  63  72  77  84  99 108 116 136
 150 152 153 153 154 154 154 154 154 154 154 155 155 155 155 154 156 156
 156 156 156 155 155 155 155 155 155 156 157 157 157 158 157 158 159 158
 158 159 159 160 161 162 162 162 161 161 162 162 163 164 165 166 165 165
 166  30]"
"[ 29  29 138 138 138 139 139 141 139 140 141 142 143 142 141 139 138 140
 142 141 139 139 139 139 138 139 139 140 142 143 142 139 140 140 141 142
 143 143 144 144 144 144 145 145 146 146 146 146 147 146 146 146 147 147
 147 147 147 147 147 146 146 146 147 147 149 148 147 148 149 150 150 150
 150 150 150 150 151 151 151 151 150 151 151 151 151 150 151 151 151 152
 151 151 150 150 150 157 162 157 153 157 167 181 185 192 193 190 185 182
 173 164 152 147 149 147 148 148 154 160 156 160 181 180 173 163 151 126
  96  79  55  50  46  48  53  55  58  67  69  80  90  96 106 116 127 146
 152 151 152 153 153 154 154 153 154 155 155 155 155 156 156 156 156 157
 157 157 156 155 155 155 155 155 155 157 157 157 158 158 158 159 159 159
 159 159 160 160 161 161 161 161 161 161 162 162 163 164 164 166 165 165
 165  30]"
"[ 29  29 138 138 138 140 140 142 140 141 142 143 143 143 141 139 138 141
 142 140 139 139 138 138 138 139 139 140 143 144 142 139 138 139 141 142
 143 143 143 143 143 144 144 145 146 146 146 146 147 146 146 146 147 148
 148 148 148 147 146 145 145 145 145 146 151 149 147 148 150 151 152 151
 151 150 150 151 152 152 152 152 150 150 151 151 151 151 151 151 151 151
 152 152 153 152 143 147 141 131 130 141 150 167 175 179 185 180 172 173
 171 168 158 152 145 137 136 139 142 141 135 144 161 155 139 125 115  92
  63  51  45  48  50  52  52  55  64  69  80  88  98 102 112 128 140 148
 150 149 153 154 152 154 156 153 154 154 154 154 154 155 155 156 156 157
 159 159 157 155 154 154 154 154 155 156 157 157 156 157 158 158 158 158
 158 159 159 158 160 160 161 161 161 161 162 163 163 163 163 165 164 164
 165  29]"
"[ 29  29 139 140 141 143 141 142 141 140 140 140 141 141 140 139 141 142
 142 140 139 139 139 137 139 139 139 140 142 143 142 140 139 138 139 141
 144 144 143 143 143 143 144 145 146 147 147 147 147 147 146 146 147 148
 148 148 146 146 146 145 145 145 146 146 148 147 146 148 150 151 150 149
 150 149 149 150 151 152 151 151 150 150 150 150 151 151 151 151 150 152
 152 152 153 153 145 136 124 116 113 124 135 145 161 171 180 187 186 186
 175 169 159 147 139 135 129 123 122 123 121 124 140 130 108  84  74  55
  44  43  47  48  50  53  55  61  72  81  89  99 110 113 122 137 146 148
 152 152 153 154 155 155 155 156 155 155 155 155 156 156 157 157 157 158
 159 159 159 158 156 155 156 157 158 158 157 158 159 160 156 157 158 159
 159 160 159 159 159 161 162 162 162 161 162 163 162 164 165 166 165 164
 166  31]"
"[ 29  29 138 139 140 142 141 142 141 140 140 140 141 141 141 140 141 142
 142 140 140 139 138 137 139 139 139 140 142 143 142 140 140 140 141 142
 144 144 144 144 143 143 143 144 145 146 147 147 147 147 147 147 148 148
 148 147 147 147 146 145 145 146 147 147 148 146 145 146 148 150 150 151
 148 148 149 151 153 152 151 150 150 150 150 150 151 151 150 150 152 152
 152 151 151 151 145 138 113  98 106 117 125 142 161 177 191 192 189 187
 176 168 155 145 140 131 119 108 107 110 111 113 124 120 100  78  61  50
  44  46  46  50  54  57  60  67  78  86  96 113 114 118 136 146 147 150
 152 152 153 153 154 154 154 154 154 154 154 154 154 155 155 155 157 157
 157 157 156 156 156 155 155 156 157 157 156 156 156 157 155 156 157 157
 158 158 158 158 159 160 161 161 161 161 161 162 161 162 162 163 162 162
 164  28]"
"[ 29  29 138 139 139 140 140 141 140 140 140 140 140 140 141 141 141 142
 142 141 140 140 139 138 138 139 139 140 141 142 141 140 141 140 141 142
 143 144 145 146 144 144 143 143 144 145 146 146 146 146 146 147 147 147
 147 146 146 146 145 145 145 146 147 147 147 146 146 147 148 149 150 151
 148 147 149 151 152 152 151 150 151 151 151 151 152 152 152 151 152 152
 151 151 152 151 149 146 113  91 101 106 117 151 172 182 191 187 185 183
 173 162 146 137 129 120 111 103 102 105 103 103 104 106  93  74  52  47
  44  47  45  51  58  61  64  73  85  94 103 117 118 130 148 152 150 153
 153 153 153 154 154 154 154 154 154 154 154 154 154 155 155 155 157 156
 156 155 155 155 156 157 157 158 158 158 157 156 157 157 156 157 157 158
 158 158 158 157 159 160 161 161 161 161 162 162 162 163 162 162 161 162
 164  29]"
"[ 29  29 139 139 139 139 139 140 140 140 140 140 140 141 142 143 142 142
 142 142 142 141 140 139 139 140 141 142 143 143 142 141 140 139 139 141
 142 144 145 146 146 145 144 143 144 144 145 145 144 144 145 145 146 146
 146 146 146 146 146 146 146 147 147 147 147 147 148 150 150 149 149 149
 149 148 148 149 151 151 150 150 149 148 148 148 149 150 150 150 152 151
 151 152 153 152 152 153 126  94  93 101 122 159 173 175 172 169 172 174
 166 154 140 134 130 116 103  94  89  87  84  85  86  90  87  73  53  47
  46  46  47  52  59  63  67  75  89 101 107 111 126 145 149 152 153 153
 152 153 154 155 155 155 155 155 155 155 155 155 155 155 155 155 156 156
 155 154 154 155 156 157 158 159 159 159 158 158 158 158 158 158 158 159
 159 159 159 159 160 161 161 162 162 162 162 163 163 163 162 163 163 164
 165  30]"
"[ 28  29 139 139 139 139 138 139 140 141 141 140 140 141 142 143 143 143
 142 143 142 141 140 139 139 141 144 144 145 144 143 142 141 139 138 139
 142 144 145 145 147 146 145 144 144 145 145 145 143 143 144 144 145 145
 146 146 147 147 147 149 149 148 148 148 147 148 149 150 150 149 149 149
 150 148 148 149 150 150 150 150 148 147 146 146 148 149 150 151 152 152
 152 152 151 150 151 152 143 109  96 113 137 154 161 166 167 166 173 176
 170 156 145 140 130 109  93  81  69  61  57  59  68  70  75  68  56  47
  48  45  50  53  59  66  70  76  89 102 106 116 139 153 146 151 152 151
 151 152 154 155 155 155 155 154 154 154 154 154 154 154 154 155 155 154
 154 154 154 155 155 156 157 157 157 158 157 157 157 157 157 158 158 158
 159 159 159 160 160 161 161 161 161 161 162 162 162 162 161 163 163 164
 165  29]"
"[ 29  29 138 138 138 139 138 139 140 140 140 140 139 140 141 142 144 143
 142 143 142 141 139 138 139 140 142 143 144 143 142 141 142 140 138 139
 141 143 143 144 145 145 144 145 145 145 145 145 143 144 144 145 145 146
 146 147 146 146 148 150 151 149 148 148 148 147 147 148 148 148 150 151
 148 148 148 150 151 150 149 148 148 147 147 147 149 150 152 153 151 151
 151 152 151 150 150 151 153 133 117 128 141 145 154 162 167 168 173 177
 173 158 149 139 119  96  80  69  55  46  43  45  52  51  58  57  53  46
  48  47  51  55  62  69  73  78  87  96 102 131 149 150 146 154 150 152
 153 153 154 155 155 155 154 153 154 154 154 154 154 154 154 154 154 154
 154 155 155 155 155 155 156 156 157 157 157 158 158 158 157 157 158 158
 159 159 160 160 161 161 161 161 161 162 162 162 161 162 161 163 163 164
 165  29]"
"[ 30  28 136 136 136 138 137 139 139 139 139 139 139 139 140 140 142 141
 140 141 142 140 138 138 137 139 140 140 141 141 140 139 141 140 139 140
 140 141 142 144 144 144 143 144 144 145 145 145 144 144 145 146 146 146
 146 146 146 146 147 150 150 148 147 148 148 147 146 147 147 148 149 150
 149 148 148 150 150 150 148 147 146 146 145 146 148 149 150 150 150 150
 151 151 151 151 151 151 151 147 138 139 141 143 153 158 163 165 166 172
 172 154 142 122  97  76  61  51  43  41  42  44  44  44  48  50  48  46
  48  49  51  57  64  69  74  80  86  88 106 146 149 148 150 154 151 153
 153 153 154 154 154 154 154 154 154 154 154 154 155 155 154 154 154 155
 155 155 156 155 155 155 156 156 157 157 158 158 158 158 158 158 158 159
 159 160 160 160 162 162 161 161 161 162 162 162 162 162 162 164 163 164
 165  29]"
"[ 29  28 135 134 135 137 137 139 138 138 138 138 138 138 138 139 140 138
 138 140 141 140 138 138 138 138 139 139 140 140 140 139 138 139 140 140
 139 139 141 144 144 143 143 143 143 144 144 144 144 145 146 146 146 145
 145 145 147 146 147 150 150 148 147 148 148 147 147 148 148 148 148 148
 151 149 148 148 149 148 148 147 146 146 147 148 149 150 150 150 150 151
 150 150 150 151 151 150 149 148 150 153 151 150 155 157 156 157 151 156
 154 130 111  79  60  46  41  39  38  42  42  39  43  45  46  49  46  48
  47  50  51  59  65  68  73  81  85  84 116 155 147 152 154 152 152 151
 152 152 152 152 153 153 154 154 153 154 154 154 154 154 154 154 154 154
 155 155 155 155 154 154 155 155 156 157 157 158 158 157 158 158 158 158
 159 159 160 160 161 161 160 160 160 161 161 161 161 162 162 163 162 163
 164  28]"
"[ 30  27 136 134 135 136 138 137 138 138 138 138 138 138 139 138 138 139
 139 139 139 140 139 139 140 139 139 138 138 138 139 139 140 140 140 140
 141 142 142 143 142 143 144 144 143 143 143 143 144 146 146 146 146 146
 146 146 145 146 147 147 147 147 149 150 148 147 146 147 148 148 148 149
 150 150 149 149 147 147 149 152 147 149 149 148 149 151 151 149 149 151
 152 151 151 150 151 153 152 152 151 170 162 157 157 155 147 138 139 132
 116  95  79  69  57  40  35  41  41  39  41  41  43  44  45  46  47  48
  49  50  52  60  63  65  66  73  80  89 137 151 149 152 152 151 152 153
 151 152 153 153 153 152 152 152 153 153 154 155 155 155 155 154 155 155
 155 156 157 158 156 154 155 154 155 156 157 157 156 156 157 158 157 157
 157 159 160 160 160 159 159 159 160 161 161 161 162 163 163 165 163 162
 164  30]"
"[ 29  28 139 137 138 138 140 140 139 140 142 142 142 142 141 140 140 141
 142 143 143 144 145 144 145 144 143 143 142 142 142 142 139 140 142 143
 144 145 144 144 147 147 147 145 143 142 141 140 146 147 148 148 148 148
 148 148 148 147 146 145 144 144 146 148 149 149 150 152 152 151 151 151
 150 149 150 151 151 150 150 151 148 150 151 151 152 152 151 148 147 150
 151 151 152 152 152 154 151 151 157 176 174 162 153 147 140 129 125 116
 113 105  90  73  53  41  35  37  37  38  41  40  42  43  45  46  47  48
  48  48  50  56  61  63  64  71  76  91 142 153 151 153 150 148 149 150
 150 151 153 154 155 155 155 155 154 154 154 154 155 155 154 154 155 155
 155 156 157 158 158 157 155 154 155 156 157 157 157 157 158 158 158 157
 158 159 159 159 160 160 159 159 160 161 161 161 162 162 163 164 163 162
 163  29]"
"[ 28  29 143 143 143 141 144 144 142 144 146 146 146 146 146 145 147 148
 148 147 146 146 146 146 151 150 149 149 149 149 149 148 146 147 148 150
 151 151 151 151 151 152 153 153 153 153 154 154 153 153 154 154 154 154
 154 155 158 157 156 154 154 155 156 158 160 159 160 161 161 159 158 158
 159 158 159 160 161 161 160 160 158 160 161 161 161 161 159 156 157 159
 160 160 160 159 158 160 158 155 162 176 180 165 151 143 132 124 125 120
 113  94  73  57  42  36  33  33  33  38  42  40  41  42  43  45  47  47
  48  48  49  54  59  62  64  70  74  97 151 160 158 160 157 156 158 158
 158 158 157 157 158 158 158 158 161 160 159 159 159 159 159 158 158 159
 158 158 159 160 160 160 160 159 159 160 161 161 160 160 160 160 160 159
 159 159 160 159 161 160 160 160 160 161 161 161 162 162 162 164 162 162
 163  28]"
"[ 29  30 146 146 146 144 146 147 145 146 147 146 146 148 149 150 147 148
 150 149 149 150 151 152 154 153 152 153 154 155 154 154 155 154 154 154
 155 156 157 158 156 157 157 158 158 159 159 159 159 160 160 160 160 160
 161 162 162 162 162 163 163 164 164 164 166 165 164 165 164 162 162 163
 164 164 164 165 166 167 167 167 166 167 167 166 166 166 165 164 168 170
 170 169 169 167 166 167 166 163 166 171 175 166 150 140 128 116 109  93
  78  58  46  42  32  30  31  32  33  38  41  39  40  41  42  44  46  47
  48  49  50  52  58  61  65  70  73 102 165 172 169 172 170 171 173 172
 171 170 167 166 166 167 168 169 168 167 166 165 166 166 166 165 168 168
 168 166 166 166 167 168 166 165 165 165 166 165 165 165 163 163 163 162
 162 163 163 162 163 162 162 162 162 162 162 162 163 164 163 165 164 164
 164  28]"
"[ 29  30 145 146 147 145 147 146 147 147 146 145 145 147 149 151 148 149
 151 151 151 152 154 154 154 154 154 155 156 157 157 156 158 157 156 155
 155 157 158 159 159 159 159 159 159 159 159 158 162 161 161 162 162 162
 163 164 161 161 162 163 164 164 164 164 165 164 164 165 165 164 164 165
 164 164 165 166 166 167 167 167 168 168 167 166 166 166 167 167 168 170
 170 169 169 168 168 169 168 169 168 166 166 162 145 133 120 100  73  43
  32  30  30  29  30  29  30  32  33  35  38  39  40  40  41  42  44  46
  49  50  51  51  56  59  64  68  71 101 165 173 168 170 169 170 171 170
 169 168 167 166 167 169 170 171 172 171 169 169 170 170 170 170 169 169
 168 167 165 166 167 167 170 169 168 168 168 168 167 168 167 167 167 166
 166 167 167 167 167 166 165 165 165 166 165 165 166 166 166 167 166 166
 166  29]"
"[ 29  30 145 146 147 146 147 146 147 148 147 147 147 149 149 149 150 151
 152 151 151 152 152 153 154 154 154 155 156 157 157 157 157 157 157 157
 157 158 158 159 159 159 159 160 161 162 162 162 163 162 161 162 162 162
 163 165 164 164 164 164 164 164 164 165 166 165 166 168 167 165 163 162
 163 166 168 169 168 168 168 167 168 168 169 169 169 168 168 169 168 170
 169 168 168 168 167 169 169 171 168 164 157 150 138 128 113  88  58  33
  31  31  29  28  28  27  27  29  32  34  37  40  40  40  40  40  41  44
  48  51  52  51  54  58  63  67  70  94 163 176 171 171 172 172 172 171
 170 170 170 171 172 172 172 172 172 171 170 170 171 171 171 171 172 172
 172 171 170 170 171 171 170 169 168 168 169 169 169 169 169 169 169 168
 168 169 169 169 169 168 167 167 167 167 167 167 167 167 166 167 167 167
 167  29]"
"[ 29  30 146 146 148 147 148 147 148 148 148 148 149 150 150 149 149 150
 150 151 152 153 155 155 154 154 154 155 155 156 157 157 157 158 158 159
 159 159 159 159 161 160 160 160 161 161 160 160 163 162 162 164 164 162
 163 165 166 166 166 165 164 164 165 165 166 165 165 166 167 164 161 160
 164 166 168 168 168 168 167 166 167 168 168 169 169 168 168 169 171 172
 171 170 170 169 169 170 173 170 169 167 154 135 131 126 107  81  52  31
  31  29  27  30  27  28  27  28  32  35  37  40  40  40  40  39  39  42
  46  49  51  50  52  59  63  68  71  87 153 174 171 170 172 173 171 172
 170 171 171 171 171 171 170 170 172 172 171 171 171 171 171 171 170 171
 171 170 170 170 171 170 170 169 168 168 169 169 169 170 170 170 169 168
 167 168 169 169 169 168 168 168 168 168 168 167 167 167 166 167 167 168
 167  28]"
"[ 28  30 146 147 147 146 148 148 147 147 146 146 149 151 151 151 153 153
 153 152 152 153 154 153 154 154 154 154 155 156 157 158 158 158 158 158
 158 159 160 160 160 160 160 160 161 161 161 161 162 162 162 164 164 162
 162 164 164 165 166 166 166 165 165 166 167 165 164 166 168 167 165 165
 167 168 168 167 167 168 169 168 169 169 169 169 169 169 170 171 171 172
 171 170 171 171 170 172 173 167 172 173 159 126 126 123 122  98  64  32
  28  30  31  32  29  32  31  31  34  37  37  37  40  40  40  38  38  40
  45  48  48  49  50  59  63  68  72  82 148 174 173 170 173 173 170 172
 173 173 172 172 171 172 173 174 172 172 172 172 172 171 171 171 170 171
 171 171 171 171 171 170 171 169 168 168 168 168 168 169 171 171 170 168
 168 169 169 169 169 169 168 168 168 168 168 168 168 169 168 168 168 169
 168  29]"
"[ 29  30 147 147 147 146 146 148 148 148 149 149 150 150 150 150 152 153
 153 153 153 154 154 154 154 154 155 155 156 157 157 158 158 158 158 159
 159 160 160 161 160 160 161 161 161 161 161 161 162 162 162 162 161 162
 163 163 165 165 165 165 166 166 166 167 165 165 165 165 166 166 167 168
 167 167 168 168 168 167 167 168 168 168 169 169 170 170 171 171 171 171
 171 171 172 171 170 169 172 172 169 173 172 135 128 128 132 123  93  54
  32  29  33  36  37  35  37  36  42  40  39  40  42  44  39  40  40  41
  45  44  47  49  50  57  65  68  72  74 137 177 170 170 173 172 171 171
 173 172 172 172 172 172 172 171 172 171 171 171 171 171 171 171 170 171
 171 171 171 171 171 170 169 169 169 168 169 169 170 171 170 170 169 169
 169 169 169 169 169 169 169 168 168 167 168 168 167 168 168 169 168 168
 167  30]"
"[ 29  30 147 146 147 146 146 147 147 148 149 150 150 150 150 150 153 153
 153 153 153 154 154 154 154 154 154 155 156 157 157 158 158 159 159 160
 160 160 160 160 160 160 160 161 161 161 161 161 161 162 162 162 161 162
 163 164 165 165 165 165 165 166 166 166 166 166 166 166 166 167 167 167
 167 167 168 168 168 168 168 169 168 169 169 169 170 170 171 171 172 171
 171 171 171 171 170 169 171 170 172 172 171 146 131 129 127 129 115  82
  50  35  36  40  47  49  46  40  36  44  50  49  49  47  43  43  44  45
  46  45  49  52  53  58  64  68  73  75 132 174 172 172 170 171 171 172
 172 172 171 171 171 171 172 172 172 171 171 171 171 172 172 171 171 172
 172 171 171 171 170 169 170 169 169 169 169 170 171 171 169 169 169 169
 169 168 168 168 168 168 168 168 168 168 168 168 167 168 167 168 167 168
 167  29]"
"[ 29  30 147 146 146 146 146 147 147 148 149 150 150 150 150 151 153 153
 153 153 153 154 154 154 155 154 154 155 156 157 157 157 158 159 160 160
 161 160 160 159 159 160 160 160 161 161 161 161 161 161 161 162 162 162
 163 163 164 164 164 164 164 165 165 165 166 165 165 165 166 166 166 166
 166 166 166 167 168 168 168 168 168 168 168 168 168 169 169 170 171 171
 171 171 171 170 170 169 171 170 174 170 170 159 138 137 137 138 133 131
 117  80  66  88 138 149 130 106  76  54  44  49  51  49  50  48  47  47
  46  48  50  54  55  57  63  69  73  70 121 171 171 172 168 172 171 171
 171 171 170 170 170 170 171 172 171 171 171 171 171 172 171 171 171 171
 171 170 170 170 170 170 169 169 169 169 169 170 171 171 169 169 169 169
 168 168 167 167 168 168 167 167 168 168 168 168 167 167 166 166 167 168
 167  29]"
"[ 29  29 146 145 146 146 146 147 147 149 150 151 150 150 150 151 152 152
 153 153 153 154 154 154 155 154 154 155 157 157 157 157 157 158 158 159
 159 159 159 159 159 159 160 160 161 161 161 161 161 161 162 162 162 162
 163 163 164 164 164 164 164 164 164 164 165 164 164 164 165 166 165 165
 165 164 164 166 167 167 167 167 167 167 167 167 167 168 168 168 170 170
 169 169 169 169 169 169 170 170 171 168 168 167 149 148 145 149 144 150
 163 153 146 164 187 196 180 164 141 105  75  59  59  56  59  57  55  54
  50  53  52  56  55  57  63  72  76  71 106 170 168 169 168 172 172 170
 170 170 169 169 169 169 171 171 169 169 169 170 171 171 170 170 169 170
 170 169 169 170 171 171 168 168 168 168 168 168 169 169 168 168 168 168
 167 167 166 166 168 167 166 166 167 167 167 166 166 166 165 166 166 167
 167  29]"
"[ 29  29 146 145 146 146 146 147 148 149 151 151 150 150 150 151 150 151
 152 153 153 154 154 154 154 155 155 156 157 158 157 156 156 157 157 158
 158 159 159 159 159 159 160 160 160 161 161 161 162 162 162 162 162 162
 162 163 164 164 164 164 164 164 164 164 164 164 163 164 165 166 165 165
 164 163 164 165 167 167 167 167 167 167 167 167 167 168 168 168 168 168
 168 168 168 169 169 169 168 170 167 168 166 167 157 156 149 150 153 159
 171 188 199 201 206 203 196 189 175 159 142 107  73  68  67  61  58  58
  55  58  56  58  58  60  63  69  76  72  91 167 169 168 169 170 172 170
 170 169 168 167 167 168 170 170 168 168 168 169 170 170 169 169 168 168
 168 168 168 170 170 170 168 168 168 167 167 167 167 168 168 168 167 167
 166 166 166 166 167 166 166 165 166 166 165 165 166 166 165 166 166 167
 167  29]"
"[ 29  29 145 144 145 146 146 147 148 149 150 150 149 150 150 151 150 151
 151 152 153 154 154 153 154 155 156 156 157 157 156 156 156 156 157 157
 158 158 159 159 159 159 159 160 160 160 161 161 162 162 162 161 161 161
 162 162 162 162 163 163 163 163 163 163 163 162 162 163 164 164 164 164
 163 162 163 165 166 165 165 166 167 166 166 166 166 167 167 167 167 168
 168 168 168 168 169 169 167 170 166 170 167 165 161 160 157 152 157 169
 178 187 199 205 208 201 195 183 170 163 167 154 154 144 126 100  78  65
  61  63  54  54  57  63  64  68  74  73  79 155 171 169 168 167 169 171
 169 168 167 166 167 168 169 169 168 168 168 168 169 169 168 168 167 168
 168 167 167 168 168 168 168 168 167 167 166 166 166 166 167 167 166 166
 166 166 166 166 166 166 165 165 165 165 164 164 165 166 165 166 166 166
 166  29]"
"[ 29  29 145 144 145 146 145 146 147 148 148 148 148 149 150 151 151 151
 151 151 151 153 153 153 154 155 155 155 155 155 155 156 156 156 157 157
 158 158 158 158 158 158 159 159 160 160 160 160 161 161 160 160 160 160
 161 162 161 161 162 162 162 162 162 161 162 161 161 162 162 162 162 162
 162 162 163 164 164 164 164 165 166 165 165 165 165 165 166 166 166 167
 168 168 168 167 167 167 167 170 167 169 167 165 164 162 161 160 160 167
 182 193 202 213 216 211 201 190 182 172 167 167 167 174 174 165 149 130
 116 106  83  67  58  64  67  70  78  80  74 133 168 168 166 168 167 170
 168 167 166 166 167 168 168 167 168 168 167 167 167 167 167 167 167 168
 168 167 167 167 167 166 167 167 166 166 165 165 165 165 165 165 165 165
 165 165 165 165 165 165 165 164 164 164 164 165 165 166 166 167 166 166
 166  29]"
"[ 29  29 145 144 145 146 145 146 147 146 146 146 148 149 150 151 152 152
 151 150 151 152 153 153 154 155 155 154 153 153 155 156 155 156 156 157
 157 157 157 156 158 158 158 159 159 159 159 160 160 160 159 159 159 159
 161 162 162 162 162 162 162 162 162 162 162 162 162 162 162 162 162 162
 162 163 164 165 165 164 164 165 166 165 165 165 165 165 166 166 166 167
 167 168 167 166 166 166 167 168 167 166 165 166 165 164 163 160 164 175
 185 197 208 214 220 217 210 199 184 181 174 170 175 180 179 182 183 180
 174 161 142 104  72  66  65  68  77  79  73 113 163 165 165 172 166 167
 168 167 165 165 167 168 167 166 168 167 166 166 166 166 166 166 167 167
 167 167 166 166 166 165 166 165 165 165 164 164 164 164 164 164 165 165
 165 165 165 165 164 164 164 164 164 164 165 165 164 166 166 167 165 165
 166  29]"
"[ 29  29 145 144 146 146 145 146 146 145 146 147 147 147 148 150 151 151
 151 151 151 151 152 152 154 154 154 154 153 153 154 154 153 154 156 156
 157 156 156 157 156 157 158 158 157 157 159 160 158 159 159 158 157 159
 161 161 161 161 161 162 162 162 162 162 161 161 161 160 161 162 163 163
 162 163 164 164 163 162 163 165 166 165 164 164 165 165 165 164 165 165
 166 166 166 166 166 165 166 166 166 166 166 166 165 164 162 160 165 176
 186 202 212 217 219 217 212 203 194 187 181 177 175 178 183 186 187 184
 180 177 174 161 133  89  71  65  75  80  78  95 154 171 166 167 171 166
 167 166 166 166 166 166 166 165 166 166 166 166 166 166 165 165 166 166
 166 166 165 165 164 164 166 165 165 164 164 164 164 164 164 164 164 164
 165 164 164 164 164 162 162 162 164 165 165 165 166 165 165 164 164 165
 163  30]"
"[ 29  29 145 145 146 146 145 146 146 146 146 147 147 147 148 150 151 151
 151 151 151 152 153 154 153 154 154 154 154 154 154 154 154 155 155 155
 155 155 155 156 156 157 157 157 156 156 157 158 158 159 159 158 157 159
 160 160 160 160 161 161 161 161 161 161 161 160 160 160 160 160 161 162
 162 162 163 163 162 161 163 164 165 164 164 164 165 165 165 165 164 165
 165 166 166 166 165 165 165 165 166 166 166 166 165 163 162 165 170 178
 188 204 210 217 218 218 215 208 199 192 186 182 179 181 185 187 188 185
 182 179 173 169 163 137 107  74  75  86  80  81 148 171 167 165 164 167
 166 166 165 165 166 166 166 166 166 166 166 166 165 165 164 164 165 165
 165 165 165 164 164 164 164 163 163 162 162 162 162 162 162 162 162 163
 163 163 162 162 162 162 161 162 163 163 163 163 163 162 162 162 162 163
 161  28]"
"[ 29  29 146 145 146 146 146 146 146 146 146 146 147 147 148 149 149 150
 151 151 151 151 152 153 152 153 154 154 154 154 154 154 154 155 155 154
 154 154 154 155 156 156 157 156 155 155 156 157 158 158 158 157 157 158
 159 159 159 160 160 160 160 160 160 160 160 160 161 160 160 160 161 162
 162 162 162 162 162 161 162 164 163 163 163 163 164 165 165 165 164 164
 165 165 165 165 165 164 164 165 165 165 166 166 164 163 161 166 172 179
 189 205 209 218 219 220 218 212 203 196 189 186 183 184 187 188 188 186
 183 181 180 169 166 158 142 106  87  81  88  77 127 163 166 166 164 167
 166 165 165 165 165 166 166 165 165 166 166 165 164 163 163 163 164 164
 164 163 163 163 163 163 163 163 162 162 161 161 161 161 162 162 162 162
 162 162 162 162 162 162 162 162 162 162 162 162 162 161 161 161 161 161
 161  28]"
"[ 29  29 146 145 146 146 145 146 145 145 145 146 146 147 147 147 149 150
 151 151 150 150 151 152 151 152 153 153 153 153 153 153 154 154 154 154
 154 154 154 154 155 155 155 155 155 154 155 155 157 157 157 157 157 158
 159 159 159 159 159 159 159 159 159 159 159 160 161 160 160 160 162 163
 162 161 161 162 162 162 162 163 162 162 162 163 163 164 164 164 164 164
 164 164 164 164 165 165 164 165 165 166 166 166 164 163 161 161 169 179
 188 203 209 216 218 218 217 211 205 199 193 188 187 188 190 190 189 187
 184 182 181 175 170 161 155 136 112  89  91  85 102 152 164 165 166 164
 165 164 164 164 165 165 165 165 164 164 165 165 163 162 162 163 163 163
 163 162 162 162 162 162 163 163 162 162 161 161 161 161 162 162 162 162
 162 162 161 161 161 162 162 162 162 161 161 162 162 161 161 161 161 161
 160  29]"
"[ 29  29 145 145 146 146 145 146 144 145 146 146 147 147 147 146 148 150
 151 151 150 150 151 152 152 152 152 152 152 152 152 152 153 153 154 154
 154 154 154 154 154 154 154 154 154 154 155 155 155 155 156 156 157 158
 158 159 159 159 159 159 159 159 159 159 158 159 160 160 160 160 161 162
 162 161 161 162 163 162 162 162 161 162 162 162 162 163 163 163 164 164
 163 163 163 164 164 165 164 165 165 166 166 166 165 163 163 155 161 178
 185 199 209 211 213 213 212 211 208 204 198 193 191 192 193 194 193 190
 187 185 181 182 181 169 160 149 132 109  89  89  90 138 167 161 164 162
 163 163 163 163 163 164 164 164 161 163 164 164 163 162 162 162 163 162
 162 162 161 161 161 161 161 161 161 161 160 160 160 160 161 161 161 161
 161 161 160 160 160 161 162 162 161 160 161 161 162 161 160 160 160 160
 160  29]"
"[ 29  28 144 143 145 145 145 145 144 145 146 146 147 148 147 146 146 148
 149 149 149 149 150 151 152 152 152 152 152 152 152 152 151 152 153 154
 154 154 154 154 153 154 154 154 154 154 155 155 155 154 155 156 156 157
 158 159 159 159 159 159 159 159 159 159 158 159 160 160 160 160 161 162
 161 161 161 162 163 162 161 162 161 161 162 162 162 162 162 162 164 163
 163 162 162 163 163 164 163 164 164 165 165 165 164 163 163 151 149 172
 183 196 211 211 210 211 211 211 211 208 201 195 194 195 196 197 196 194
 191 189 188 184 182 177 168 158 144 129 105  93  88 116 164 160 161 163
 162 162 162 162 162 163 163 163 161 162 163 163 163 162 162 162 162 162
 162 162 161 161 160 160 160 160 160 160 160 160 160 160 160 160 160 160
 160 160 160 159 160 161 161 161 160 160 160 160 161 160 159 160 159 159
 159  29]"
"[ 30  28 143 142 144 145 144 144 144 145 145 145 146 147 147 146 145 146
 147 148 148 148 148 149 150 150 151 151 151 151 151 151 151 151 152 152
 152 153 153 154 153 153 154 154 154 154 154 154 154 154 154 155 155 155
 156 158 158 158 158 158 158 158 158 158 159 159 160 160 160 160 161 161
 160 160 161 161 161 161 161 161 161 161 162 162 162 162 162 163 162 162
 162 162 162 162 162 162 162 163 163 163 163 164 163 162 162 153 140 163
 182 194 211 212 212 212 211 210 210 207 202 196 195 196 198 199 199 198
 196 194 193 189 188 185 173 164 157 149 131 108  92  99 148 162 161 163
 162 161 161 161 162 162 162 162 162 162 162 162 162 162 162 162 161 162
 162 162 161 160 160 159 160 160 160 160 160 160 160 160 160 160 160 160
 160 160 159 159 161 161 161 160 160 159 159 159 160 158 158 158 158 158
 158  29]"
"[ 31  28 143 142 144 145 144 144 144 145 144 144 145 147 147 146 145 146
 147 147 148 147 148 148 147 148 150 150 150 150 150 150 151 151 151 151
 151 151 152 153 154 153 153 154 154 154 154 154 154 154 154 154 154 153
 155 158 158 158 158 158 158 158 158 158 159 159 159 159 159 159 159 159
 160 160 160 160 160 160 160 161 160 161 162 162 162 162 163 163 161 162
 162 162 162 162 161 161 162 162 162 162 162 163 162 162 163 160 137 157
 181 192 207 210 212 211 209 207 206 205 202 199 197 198 200 201 202 201
 200 199 195 193 192 186 175 171 164 152 144 125  98  95 131 161 161 161
 162 161 161 161 161 162 162 161 163 162 162 161 161 162 162 162 161 161
 162 162 161 160 159 158 159 159 159 159 159 159 159 159 159 159 160 160
 160 159 159 158 161 160 160 159 158 158 158 157 158 156 156 157 157 156
 157  28]"
"[ 29  29 139 142 144 145 143 144 144 144 144 144 144 145 145 146 146 146
 147 148 148 148 148 147 148 148 149 150 150 150 150 150 149 150 151 152
 152 152 152 152 152 153 153 154 154 154 154 153 155 154 154 154 154 154
 156 158 159 158 157 157 157 157 157 158 159 159 158 158 159 159 159 159
 159 159 159 159 160 160 160 159 160 160 160 161 161 162 162 162 161 161
 161 161 161 161 160 160 161 161 162 162 161 161 161 162 161 158 151 146
 171 188 205 211 211 210 210 208 206 207 206 201 201 200 200 201 203 203
 201 199 197 196 193 189 185 178 169 162 154 139 116  99 106 150 163 162
 161 159 162 162 159 159 161 160 160 160 161 161 161 161 160 160 159 159
 159 159 159 158 158 157 157 157 158 159 159 159 158 158 158 158 158 158
 159 159 160 160 161 160 159 158 158 157 156 156 156 156 157 155 156 156
 154  29]"
"[ 29  29 139 141 143 144 142 143 144 144 144 144 145 145 145 146 146 146
 147 147 148 148 148 148 146 147 147 148 148 148 148 148 148 149 150 151
 151 152 151 151 152 152 152 152 153 153 154 154 154 154 154 154 154 153
 154 155 156 155 155 155 155 155 155 156 158 158 158 157 158 159 159 158
 159 159 159 159 160 160 160 159 159 159 159 160 160 161 161 161 161 161
 161 161 161 160 160 160 160 161 162 162 161 161 161 161 162 158 154 147
 161 188 203 211 212 211 209 206 204 207 209 208 202 202 201 202 202 203
 201 200 197 196 194 191 188 183 174 168 158 152 136 108  98 131 158 160
 160 158 160 162 160 159 161 160 160 160 161 161 161 160 160 160 161 161
 161 160 160 159 158 158 158 158 158 159 158 158 158 158 159 159 159 159
 159 159 159 159 159 158 158 157 156 156 155 154 154 154 155 154 155 155
 153  29]"
"[ 29  29 139 140 141 142 141 142 143 143 144 144 145 145 145 145 146 146
 146 146 146 147 147 147 146 146 147 147 147 147 147 147 147 148 149 150
 151 151 151 151 152 151 151 151 151 152 153 154 154 154 154 155 154 153
 154 154 155 154 154 154 154 154 154 155 157 157 157 157 157 158 158 158
 157 157 158 158 159 159 158 158 158 158 158 159 159 160 160 160 160 160
 160 160 160 160 160 159 159 159 160 160 160 160 159 159 161 159 158 150
 151 185 200 209 212 212 211 208 205 206 208 209 206 204 202 200 200 201
 201 202 200 199 197 195 192 186 178 172 165 159 146 121 102 118 154 162
 159 157 159 162 161 160 160 159 160 159 159 159 159 159 159 159 159 159
 159 159 158 158 157 157 157 157 157 157 157 157 157 157 158 158 159 159
 158 157 156 156 156 156 155 155 155 155 154 153 154 154 155 153 154 153
 153  30]"
"[ 29  29 138 140 140 141 139 141 142 142 143 144 144 145 145 145 146 145
 145 145 145 145 146 146 146 146 146 147 147 147 146 146 147 148 149 150
 151 151 151 151 151 151 151 151 151 152 152 153 153 153 154 154 154 153
 154 154 155 154 154 154 154 154 155 155 156 156 156 156 157 158 158 158
 157 157 157 158 158 158 158 158 157 158 158 159 159 160 160 160 160 160
 160 160 159 159 159 159 158 158 159 159 158 158 158 159 160 159 160 155
 148 177 197 206 214 215 214 210 208 209 210 212 209 206 201 199 199 201
 203 204 204 203 201 198 195 190 183 177 170 164 158 141 110 104 133 163
 159 158 158 161 161 160 160 159 159 159 159 158 158 158 158 158 157 157
 157 157 157 157 157 157 157 157 156 156 157 157 158 158 157 157 158 158
 157 156 155 154 154 154 153 154 154 154 154 154 155 154 154 152 152 151
 152  29]"
"[ 29  29 138 139 139 140 139 140 142 142 142 143 143 144 144 144 145 145
 144 144 144 144 145 145 146 146 146 146 146 146 146 146 147 147 148 149
 150 150 150 150 150 150 150 151 152 152 152 153 152 152 152 153 152 152
 153 154 154 154 153 154 154 154 154 155 155 155 155 155 156 157 157 156
 157 157 158 158 158 158 158 158 157 157 157 158 159 159 159 159 159 159
 159 159 159 159 159 159 159 159 158 158 158 158 159 160 159 160 160 159
 151 166 194 205 216 218 216 211 211 213 216 219 211 207 203 202 204 206
 206 206 206 205 202 200 198 195 190 185 177 169 164 155 125 106 113 151
 157 158 158 159 159 159 158 159 160 159 159 158 158 158 158 158 157 157
 157 157 157 157 157 157 158 157 157 157 157 158 158 158 157 157 157 157
 156 156 155 155 153 153 153 153 154 154 154 154 154 153 153 151 151 149
 150  29]"
"[ 29  29 138 139 139 139 138 140 141 141 141 142 142 142 143 143 145 144
 144 144 144 144 145 145 146 146 146 146 146 146 146 146 146 147 147 148
 148 149 149 149 147 148 149 151 152 152 152 152 152 152 152 152 152 151
 152 154 154 153 153 154 154 154 154 155 154 154 154 153 154 155 155 154
 156 156 157 157 157 157 157 157 155 156 156 157 157 158 158 158 158 158
 158 158 158 158 158 158 158 158 157 157 157 157 159 160 161 161 159 159
 154 157 189 205 211 219 219 215 215 216 215 217 212 209 208 209 212 214
 212 210 208 206 204 201 200 198 193 189 181 174 166 161 142 125 111 134
 151 156 157 156 157 157 157 158 159 159 158 157 157 157 157 157 157 157
 157 156 156 156 156 156 158 157 156 156 157 157 156 156 156 156 156 155
 155 155 154 154 153 153 153 153 154 154 153 153 152 152 152 151 150 149
 150  30]"
"[ 29  29 138 138 138 138 138 140 141 140 140 140 140 141 141 141 143 143
 143 143 144 144 145 145 145 145 145 146 146 146 146 146 146 146 147 147
 147 147 147 147 146 147 148 149 150 151 150 150 152 151 151 152 152 152
 153 154 153 153 153 154 154 154 154 155 154 154 153 153 153 154 154 153
 154 155 155 156 155 155 155 155 154 155 155 156 157 157 157 157 158 157
 157 157 157 157 158 158 157 157 157 156 156 157 158 160 160 161 159 158
 156 155 180 203 203 219 225 221 220 219 215 214 216 214 214 215 218 218
 217 214 211 209 206 204 202 199 194 190 185 184 178 170 153 135 118 124
 142 152 157 156 156 157 157 158 157 157 157 156 156 156 155 155 156 155
 155 155 154 154 154 154 156 156 155 155 155 155 154 153 154 154 154 154
 153 153 153 153 152 152 152 152 153 153 152 151 152 151 152 151 150 148
 150  30]"
"[ 29  29 138 138 137 138 138 140 140 140 139 139 139 139 140 141 142 142
 142 142 143 143 144 144 144 144 144 144 145 145 145 145 146 146 147 147
 147 147 147 147 147 147 148 148 149 149 148 148 150 150 150 151 151 151
 153 154 152 152 152 153 153 153 153 154 154 154 154 153 154 154 154 153
 154 155 155 155 154 154 154 154 154 155 155 156 157 157 157 157 157 157
 157 156 156 157 157 157 157 157 157 157 157 158 159 160 159 160 160 159
 157 156 173 200 201 221 229 225 224 224 221 220 221 219 217 217 219 219
 219 218 213 211 209 207 205 203 198 194 190 186 178 172 163 146 129 117
 136 150 157 156 157 158 157 158 157 157 157 156 156 156 155 155 155 155
 155 154 154 154 154 154 155 155 154 154 155 155 154 153 154 154 154 154
 153 153 152 152 151 151 151 152 152 152 152 151 152 151 152 150 149 147
 148  28]"
"[ 29  30 137 139 139 138 138 138 140 140 139 138 139 139 139 139 140 140
 140 140 142 144 144 144 144 145 145 144 144 144 145 145 146 146 146 146
 146 146 146 146 146 147 147 148 148 148 148 148 148 148 149 149 150 151
 152 153 153 152 151 151 152 152 153 153 152 152 153 154 154 154 154 154
 154 154 154 154 154 154 154 154 154 155 155 156 156 157 157 157 157 157
 156 156 155 155 155 156 157 157 156 156 156 157 158 159 158 157 159 157
 160 155 159 195 202 224 229 230 229 227 223 223 221 222 222 221 220 219
 218 216 213 210 208 207 205 201 196 192 188 190 183 174 165 153 139 124
 124 146 155 157 159 157 156 158 157 156 155 154 154 154 154 154 154 154
 153 153 153 154 154 154 154 155 155 154 154 155 154 153 153 153 153 153
 153 152 150 149 152 152 151 151 151 150 149 148 151 149 150 150 147 147
 146  30]"
"[ 29  30 137 138 139 138 138 138 138 139 139 138 139 139 139 138 139 139
 140 140 141 141 142 143 143 144 145 145 144 144 145 145 146 146 146 146
 146 146 146 146 145 146 147 147 147 147 147 147 147 148 148 149 150 151
 152 153 152 152 151 152 152 153 153 152 152 152 152 153 153 153 154 154
 154 154 154 154 154 154 154 154 154 154 154 155 155 155 156 156 156 156
 155 155 155 155 155 155 155 155 155 155 155 156 157 158 157 157 159 158
 159 156 156 189 204 226 230 230 231 230 227 227 226 225 222 219 218 218
 218 217 212 210 207 204 199 196 195 196 195 195 187 177 168 158 147 133
 122 135 153 156 154 156 154 154 156 155 154 154 154 154 154 154 155 154
 154 153 153 153 153 152 154 155 154 153 152 153 153 152 153 153 152 152
 152 152 151 150 150 150 150 150 151 150 149 148 149 148 149 149 146 147
 146  29]"
"[ 29  30 136 138 138 137 137 137 136 138 138 139 138 138 138 137 137 139
 141 141 140 139 140 141 141 143 144 144 143 144 144 145 145 145 145 145
 145 145 145 145 145 146 146 146 146 146 146 146 147 147 147 148 149 150
 151 151 151 151 151 151 152 152 152 151 151 151 151 152 152 152 153 154
 154 154 154 154 154 154 154 154 154 154 154 154 154 155 155 155 155 155
 154 154 154 154 154 154 154 154 154 154 154 155 156 157 156 157 157 159
 158 157 155 181 204 228 230 231 232 232 230 229 228 226 222 218 217 217
 217 216 211 208 204 200 196 195 197 200 199 196 188 179 169 161 154 140
 124 125 147 156 152 156 154 153 154 154 154 154 154 154 154 154 154 154
 154 154 155 155 154 154 154 154 154 153 153 153 153 153 153 152 152 152
 152 151 151 150 151 151 150 150 150 149 148 147 147 146 147 146 146 147
 145  28]"
"[ 29  29 135 136 136 136 136 136 135 137 138 138 138 138 138 137 138 139
 141 141 140 139 139 140 139 141 142 142 141 142 143 144 144 144 144 144
 144 144 144 145 145 146 146 146 145 145 146 146 147 146 147 147 149 150
 150 150 150 150 151 151 152 152 151 150 150 150 151 151 152 152 153 154
 153 153 153 153 153 153 153 153 154 154 154 154 154 154 154 155 154 154
 154 154 154 154 154 154 155 154 154 154 154 155 155 155 155 156 157 159
 158 159 155 173 201 229 230 230 232 232 230 229 227 225 222 220 219 218
 215 212 208 204 200 199 199 200 200 201 197 193 187 181 170 164 159 145
 131 122 138 152 154 156 154 153 153 153 154 154 154 154 154 154 152 152
 153 153 154 155 154 154 152 152 153 153 153 153 153 153 152 151 151 151
 151 150 148 147 148 148 147 147 147 146 145 145 146 146 147 146 146 148
 145  29]"
"[ 29  29 134 135 135 134 135 135 136 137 138 138 137 138 138 138 138 139
 140 140 140 139 139 139 139 140 140 140 140 141 142 143 144 144 144 144
 144 144 145 145 146 146 146 146 145 145 146 146 146 146 146 147 148 149
 149 149 150 150 150 151 152 151 151 150 149 150 151 151 152 152 153 153
 152 152 152 152 152 152 152 153 154 154 154 154 154 154 154 154 154 154
 154 154 154 154 154 154 154 154 154 154 154 155 155 155 155 156 156 157
 157 159 156 166 197 229 231 230 232 231 230 229 226 224 222 220 218 215
 211 208 206 204 203 204 204 203 201 200 196 193 188 184 175 171 167 154
 139 127 127 145 155 154 153 154 154 154 154 154 154 154 153 153 152 152
 152 153 153 153 152 151 151 151 151 152 152 152 152 152 150 150 151 151
 151 149 147 145 147 146 146 146 147 147 147 147 145 146 146 146 146 146
 144  30]"
"[ 29  29 134 134 134 133 134 135 136 137 137 137 137 138 138 138 138 138
 138 139 139 139 138 138 139 140 140 139 139 140 142 143 143 143 143 143
 143 143 144 145 146 146 146 145 145 145 146 146 146 146 146 147 147 148
 148 148 148 148 148 149 150 149 149 148 148 149 150 151 152 152 152 152
 152 152 152 152 152 152 153 153 153 153 153 153 153 153 153 154 153 153
 153 153 153 154 154 154 153 153 153 154 154 154 155 155 156 155 156 155
 157 158 156 158 187 227 231 230 231 229 229 228 225 223 219 217 213 209
 206 205 206 208 210 210 207 203 200 200 198 195 190 186 180 177 173 163
 148 135 125 137 152 153 153 154 154 154 154 153 153 152 152 152 153 153
 153 153 154 153 153 152 151 151 151 151 151 151 151 151 149 149 149 150
 150 149 147 146 147 146 145 145 145 144 144 144 142 143 142 142 142 140
 139  29]"
"[ 29  28 133 133 133 133 134 135 136 136 136 136 137 137 137 137 137 137
 137 138 138 138 138 138 139 140 140 139 138 139 141 142 142 142 142 142
 142 142 143 144 145 145 145 145 144 144 145 146 145 146 146 146 147 147
 147 147 146 146 147 147 148 148 147 147 147 148 149 150 150 151 151 151
 152 152 151 151 152 152 152 153 152 152 152 153 153 153 153 154 153 153
 153 153 153 153 153 153 152 153 153 154 154 154 154 154 155 154 157 153
 157 157 158 153 176 222 230 231 232 228 228 227 224 221 217 213 210 207
 206 208 210 212 213 212 208 203 201 201 200 199 192 188 184 179 174 166
 154 141 131 133 145 153 153 153 153 153 152 152 151 151 151 152 151 151
 151 151 152 152 152 151 150 149 148 148 148 147 148 149 147 146 145 144
 144 144 144 143 142 141 140 138 138 137 137 136 138 138 136 135 135 133
 134  29]"
"[ 29  29 133 133 133 133 134 135 135 136 136 136 137 137 137 136 136 137
 137 138 137 137 138 138 138 139 140 139 138 139 139 140 142 142 142 142
 142 143 143 144 144 144 144 144 143 143 144 145 145 146 146 146 146 146
 146 147 147 147 147 147 148 148 148 147 147 147 148 149 149 150 150 151
 151 151 151 151 151 151 152 152 152 152 153 153 153 154 154 154 153 153
 153 153 153 152 152 152 153 153 154 154 154 154 154 154 155 153 158 152
 159 158 160 152 169 219 230 232 232 228 228 227 222 220 217 214 210 209
 210 213 214 213 211 211 209 206 203 202 202 202 196 191 188 181 173 165
 156 143 138 131 137 153 153 151 151 151 151 150 150 150 150 151 149 148
 147 147 147 146 146 145 146 144 142 142 142 142 144 146 144 142 139 138
 137 138 138 139 139 138 137 137 137 137 137 137 136 135 132 132 131 128
 131  29]"
"[ 29  30 132 132 134 133 135 135 135 136 137 136 135 135 135 135 134 135
 136 137 137 137 137 138 139 139 139 138 138 138 139 140 141 141 141 140
 140 141 142 143 143 144 144 143 142 142 144 145 144 145 146 146 146 146
 146 146 146 146 147 147 147 147 147 146 145 146 147 147 148 148 149 150
 150 150 149 150 151 151 151 152 153 152 152 152 152 153 152 152 152 153
 153 153 152 152 152 153 153 152 153 154 154 152 153 154 153 153 154 155
 156 157 159 159 160 212 233 228 230 229 227 228 223 220 216 215 215 214
 214 214 213 212 210 209 209 207 205 203 203 203 200 194 188 185 179 169
 159 152 142 131 133 137 145 147 147 147 145 145 145 144 144 146 145 146
 146 144 144 145 144 142 142 142 141 140 139 139 140 140 139 138 137 137
 137 137 136 135 136 136 135 134 134 134 135 136 132 131 131 130 130 129
 130  28]"
"[ 28  29 130 131 132 131 133 133 133 134 134 134 134 135 135 135 135 136
 137 137 136 137 137 138 138 138 138 138 138 138 139 140 140 140 141 141
 140 141 141 142 143 144 144 143 142 142 143 145 144 144 144 144 144 144
 144 145 145 145 146 146 146 146 146 146 146 146 147 147 147 147 149 150
 149 148 148 148 149 150 151 151 152 151 151 151 151 152 151 151 152 153
 153 152 152 152 152 153 154 153 153 153 153 152 153 154 154 154 154 154
 154 155 156 157 155 198 229 229 230 230 227 227 226 222 218 217 216 215
 215 214 213 211 210 209 208 207 205 204 203 202 200 195 189 186 180 170
 160 154 148 138 136 134 139 140 144 145 143 142 143 142 141 143 142 143
 142 141 141 143 142 140 139 139 138 137 137 138 138 139 137 137 137 136
 135 134 134 134 134 133 133 132 131 131 132 132 132 131 131 130 130 129
 130  28]"
"[ 29  29 130 130 132 131 133 132 132 133 133 133 134 135 135 135 135 136
 136 136 135 136 137 138 138 138 138 138 138 138 139 140 139 140 140 141
 141 141 141 141 142 143 143 143 143 143 144 145 144 144 143 143 143 144
 144 144 145 146 146 146 147 147 146 146 147 147 147 146 146 147 148 149
 148 147 147 147 149 149 151 151 151 151 151 151 151 151 151 150 151 151
 151 150 150 151 152 152 152 153 152 151 151 151 152 152 151 150 150 151
 152 153 155 155 152 181 225 231 230 230 227 227 227 223 219 217 216 216
 214 213 212 210 209 208 208 208 206 205 203 202 200 196 192 189 182 173
 164 157 150 139 134 130 136 142 143 144 142 141 141 141 140 141 139 140
 140 140 140 141 140 139 138 138 137 137 137 137 137 138 136 137 137 136
 134 133 134 135 133 132 131 131 131 131 131 130 131 130 130 130 130 130
 130  29]"
"[ 29  30 131 131 132 131 132 132 132 132 132 132 133 134 134 133 134 135
 135 135 134 135 136 137 138 138 138 138 138 138 138 139 138 139 140 141
 141 141 141 142 141 142 143 143 143 143 144 145 144 143 143 144 145 145
 146 145 146 146 146 147 147 147 147 147 147 147 147 146 146 146 147 148
 148 147 146 147 148 149 150 150 150 150 150 150 150 150 149 149 148 148
 148 148 149 149 150 150 149 150 150 148 148 149 150 149 147 147 146 146
 148 150 151 152 150 167 220 230 224 227 226 227 225 222 218 217 217 216
 214 213 211 210 208 208 208 208 207 206 203 201 200 197 194 191 185 177
 173 164 154 141 132 124 131 138 143 144 143 141 142 141 140 140 139 140
 140 139 139 139 139 138 139 138 138 137 137 137 137 137 136 137 138 137
 135 134 134 135 133 132 131 131 131 131 131 130 130 129 130 129 130 130
 131  29]"
"[ 29  29 130 129 131 130 131 130 131 132 132 132 132 133 132 131 132 133
 134 134 134 135 136 137 138 138 138 138 138 138 138 138 138 139 139 140
 140 141 142 143 142 143 143 143 143 143 144 144 144 144 144 144 145 146
 146 145 145 145 145 145 146 146 146 146 146 146 146 147 146 146 147 147
 147 146 146 147 147 147 147 147 147 147 147 147 147 147 147 147 146 146
 146 147 147 147 147 147 145 147 147 146 145 147 147 147 147 146 145 144
 145 146 147 148 147 157 211 227 220 224 226 226 224 221 219 218 218 217
 215 214 212 211 210 209 209 209 209 208 205 203 201 199 196 192 185 178
 174 165 158 147 136 124 127 132 141 144 143 142 142 141 139 139 139 139
 139 139 138 138 138 137 138 138 138 137 137 137 137 137 138 138 138 137
 136 135 134 134 133 132 131 131 132 132 131 130 131 130 130 130 130 130
 130  29]"
"[ 29  29 129 129 130 129 130 129 130 131 132 132 133 133 132 131 132 132
 133 134 135 135 136 136 138 138 138 138 138 137 138 138 138 138 139 139
 139 141 142 143 144 144 143 143 142 142 142 142 144 144 144 145 145 145
 144 144 144 144 144 144 145 145 146 146 144 145 145 146 146 146 146 146
 147 146 145 146 146 146 145 145 145 146 146 146 145 145 146 146 145 146
 146 146 146 146 145 145 145 146 146 146 146 146 147 146 147 145 144 144
 144 146 146 146 144 150 197 224 219 224 226 224 224 222 219 219 218 217
 215 214 213 213 213 212 212 212 211 211 210 206 204 203 199 193 186 179
 172 164 158 149 141 127 126 128 138 142 144 142 142 141 139 139 139 139
 139 139 138 137 137 137 138 138 138 138 138 138 138 138 139 138 138 137
 136 134 133 132 133 132 132 132 132 132 131 130 132 130 130 130 130 129
 130  28]"
"[ 29  29 129 129 131 130 131 130 131 132 133 133 133 133 133 132 132 132
 132 133 134 135 136 136 137 137 138 138 138 138 138 138 138 138 138 138
 138 139 141 142 142 142 141 140 140 140 140 140 143 143 143 143 143 143
 143 143 142 142 143 143 143 144 144 145 143 144 144 144 144 144 145 145
 146 145 144 144 144 144 144 144 144 144 145 144 144 144 144 145 145 145
 145 145 145 146 145 144 146 145 145 146 145 145 145 146 146 144 143 143
 145 146 146 146 144 144 177 217 218 223 226 225 224 222 219 218 217 216
 215 215 216 216 217 217 215 214 214 214 215 211 209 208 203 196 189 183
 179 169 162 152 144 130 124 122 134 140 143 143 142 141 140 140 140 140
 140 140 139 138 138 139 138 138 138 138 138 138 138 138 138 137 137 136
 135 134 133 132 133 132 132 132 132 132 131 130 131 130 130 130 130 129
 130  28]"
"[ 29  29 129 129 131 130 131 129 131 132 132 132 132 132 132 132 133 132
 131 132 133 134 135 135 136 136 137 138 138 138 138 138 138 138 138 138
 138 138 139 140 139 139 138 138 138 138 139 139 140 140 140 140 140 140
 141 141 140 140 141 141 141 142 142 143 143 143 143 143 143 143 144 144
 145 143 142 142 142 142 142 142 142 143 143 143 143 143 143 144 143 143
 143 143 144 145 145 145 145 144 143 144 143 142 142 144 147 146 144 144
 144 145 144 144 145 140 161 210 216 221 225 223 224 222 220 218 217 216
 216 217 217 219 220 219 218 216 216 216 218 214 213 212 207 200 193 188
 181 172 166 158 152 136 127 121 131 138 142 142 142 141 140 140 139 139
 139 140 139 138 138 139 138 138 138 138 137 137 136 136 136 136 137 136
 135 134 134 134 132 132 131 132 132 132 131 130 130 130 130 130 131 130
 131  30]"
"[ 28  30 129 130 131 130 129 130 131 131 132 133 133 132 131 130 132 132
 133 133 133 133 134 135 136 137 138 138 138 137 138 138 137 138 138 138
 137 137 138 139 138 138 138 138 139 139 138 138 139 139 139 139 139 139
 139 139 142 141 140 139 139 140 141 142 142 142 141 142 143 143 144 143
 143 142 141 142 142 141 141 142 142 141 141 142 143 142 143 144 143 142
 142 143 144 144 144 143 144 143 143 143 143 143 143 144 143 144 144 144
 144 143 144 144 146 140 154 199 212 219 220 225 225 223 221 219 218 218
 218 219 219 220 221 220 219 218 218 221 222 219 217 215 211 202 193 188
 182 175 163 158 150 136 128 119 126 135 139 142 142 140 143 138 139 140
 139 139 138 139 138 138 137 138 138 138 137 137 137 137 138 137 136 136
 136 136 135 135 133 133 133 133 132 131 131 131 130 130 130 130 130 130
 130  29]"
"[ 29  30 128 129 130 130 129 131 129 130 130 131 131 131 130 130 131 131
 132 132 132 133 134 135 133 135 137 138 138 137 137 137 137 137 137 137
 136 136 136 137 138 138 137 138 138 138 138 138 138 138 138 138 138 138
 138 138 140 140 139 138 138 139 139 140 140 140 139 140 140 141 142 143
 142 140 139 141 143 143 143 143 141 141 141 142 143 142 142 143 143 142
 142 143 144 145 144 144 144 144 143 144 144 143 144 144 144 145 145 145
 145 145 146 146 147 143 152 192 211 218 221 226 225 224 222 219 218 218
 218 219 220 222 222 222 223 222 221 224 224 222 220 217 212 204 195 189
 185 176 162 157 152 142 133 123 121 127 138 140 142 141 142 139 138 139
 139 138 138 138 137 137 137 138 138 138 137 137 137 137 137 137 136 136
 136 136 135 135 133 133 133 133 132 132 131 130 130 130 130 130 130 129
 130  29]"
"[ 29  29 126 128 129 129 128 130 129 130 130 130 130 130 130 130 130 130
 131 131 131 132 133 134 132 133 135 136 136 136 136 136 136 137 137 136
 136 136 136 136 137 137 137 137 137 137 137 137 138 138 138 138 138 138
 139 139 139 138 138 138 138 138 138 138 138 138 139 139 139 141 142 143
 142 140 139 140 142 142 142 141 141 140 141 142 142 141 141 142 142 141
 141 142 143 144 144 144 144 143 143 143 143 143 143 144 144 144 144 144
 145 145 146 146 145 144 147 180 208 213 219 224 225 224 222 220 218 218
 219 221 222 224 224 224 225 224 224 225 225 224 222 219 214 207 198 191
 186 179 166 159 154 147 139 129 122 122 138 141 142 142 139 139 138 139
 139 139 138 137 137 137 137 137 137 137 137 137 137 137 136 136 136 136
 136 136 135 135 133 133 133 133 133 132 131 130 130 130 131 130 130 129
 130  28]"
"[ 28  29 125 127 128 128 127 128 130 130 130 130 130 129 129 129 129 130
 130 131 131 132 132 133 134 133 133 133 133 134 135 135 136 136 136 136
 136 136 136 136 137 137 137 136 136 136 137 138 139 139 139 139 139 139
 139 139 138 138 138 138 138 138 138 138 138 139 139 139 139 140 142 143
 143 142 140 140 141 142 141 141 140 140 140 141 141 141 142 142 142 141
 141 142 143 144 144 144 143 143 143 143 143 143 143 143 143 143 142 143
 144 145 145 145 146 148 146 169 204 211 219 225 223 223 222 220 219 219
 220 222 223 224 223 223 225 223 222 224 224 224 223 220 216 211 203 195
 187 184 176 166 157 149 143 136 125 120 129 141 142 142 139 139 138 140
 141 140 138 138 138 137 137 137 138 138 138 138 137 137 135 136 136 136
 136 136 135 135 133 133 133 133 133 132 131 130 131 131 131 130 130 129
 130  29]"
"[ 29  29 126 127 128 128 126 127 129 130 130 130 130 129 128 128 129 130
 130 131 131 132 132 132 133 133 133 132 133 134 135 135 134 134 134 135
 135 136 136 136 137 137 137 137 136 137 137 138 138 138 138 138 138 139
 139 139 138 138 138 138 138 138 138 138 138 138 139 139 139 139 140 141
 142 142 142 141 141 142 142 143 140 140 140 140 141 142 143 143 143 142
 142 143 143 144 144 143 144 143 144 144 144 143 143 143 144 143 142 143
 144 144 145 145 145 148 143 159 195 206 216 222 223 222 222 220 219 219
 220 221 223 223 221 221 222 221 220 222 223 223 223 221 218 214 206 200
 191 189 182 170 160 153 146 142 128 120 116 136 140 141 139 139 139 140
 141 140 139 138 138 138 138 138 138 139 139 139 138 138 135 135 136 136
 136 136 135 135 133 133 133 133 133 132 131 130 131 131 131 130 130 130
 130  29]"
"[ 30  30 127 128 129 129 127 128 129 130 130 130 130 130 129 129 130 130
 130 131 132 132 132 132 131 132 133 134 134 134 134 134 134 134 134 135
 136 136 137 137 137 137 137 137 137 137 138 138 138 138 138 138 138 138
 138 138 137 137 138 138 138 138 138 137 138 138 139 139 139 139 139 139
 141 142 142 141 140 140 140 141 139 140 140 139 140 142 143 143 142 142
 142 143 143 142 142 142 143 143 143 144 144 143 142 143 143 143 143 143
 143 144 144 145 144 145 142 150 182 199 211 218 221 221 221 220 219 218
 219 219 220 220 219 219 220 220 220 222 223 223 222 221 219 215 209 203
 196 191 183 170 162 158 150 146 137 128 115 130 138 141 140 140 139 140
 140 139 138 138 138 138 138 138 138 138 138 138 137 137 135 136 136 136
 136 135 135 135 134 133 132 132 132 132 131 131 131 131 131 130 130 130
 131  29]"
"[ 29  30 127 128 128 129 128 130 130 130 130 130 130 130 130 130 130 130
 130 131 132 132 132 131 131 132 133 134 134 134 134 134 135 135 135 135
 136 137 137 137 136 136 136 137 137 138 138 138 138 138 138 138 138 138
 138 138 137 137 137 137 137 137 138 138 138 138 139 139 139 139 139 138
 140 141 141 140 139 139 139 138 139 140 140 139 140 141 142 141 140 140
 141 142 142 141 140 140 141 141 142 143 143 142 141 142 141 142 142 143
 143 143 144 144 147 146 145 148 171 196 209 216 219 219 219 219 219 219
 218 218 218 219 218 218 219 219 219 222 222 221 220 221 220 216 210 206
 200 192 184 173 167 162 154 150 147 137 123 123 135 140 140 140 139 139
 139 138 138 138 138 138 137 137 137 137 138 137 137 136 136 136 136 136
 135 135 135 135 135 134 132 132 132 132 132 131 131 131 131 130 130 129
 130  29]"
"[ 28  29 126 127 127 128 128 131 131 131 130 129 129 129 129 129 130 130
 130 131 132 132 132 131 132 133 134 133 133 133 133 134 135 135 134 135
 136 136 136 136 136 136 136 137 138 138 138 137 138 138 138 138 137 137
 137 137 137 137 137 137 137 138 138 138 138 138 138 139 140 139 138 137
 139 140 140 140 140 142 141 139 138 140 140 139 139 141 141 140 139 140
 141 142 142 141 140 140 141 141 142 143 143 142 142 142 141 141 142 143
 143 143 144 145 146 143 144 143 161 190 204 212 217 217 218 219 219 219
 219 219 217 218 217 218 219 219 219 221 221 219 218 220 219 215 210 208
 201 195 190 179 172 166 157 154 148 139 130 115 132 139 140 141 139 139
 139 138 138 138 139 138 138 138 138 138 138 138 137 137 137 137 137 136
 135 135 135 135 135 134 132 131 132 132 132 131 131 130 131 129 130 129
 130  29]"
"[ 30  28 125 127 127 128 129 129 130 129 129 128 129 129 129 129 130 130
 130 130 132 132 132 132 132 132 132 133 132 132 133 135 136 135 134 135
 136 136 135 135 136 136 136 136 137 137 137 137 138 137 137 137 138 138
 138 138 138 138 137 137 137 138 138 138 138 138 139 139 140 140 139 138
 139 138 138 139 141 141 141 140 139 139 139 139 139 139 140 140 140 140
 140 140 140 140 140 140 141 141 142 143 144 143 142 141 144 142 141 141
 142 143 143 144 145 144 146 145 156 187 197 208 210 214 216 217 217 216
 215 217 215 216 218 219 221 222 222 222 220 219 218 218 218 215 211 207
 204 198 192 187 180 172 163 159 153 143 138 120 121 139 138 139 139 138
 137 138 138 137 138 139 137 137 137 137 138 138 137 136 137 137 137 136
 136 136 135 135 135 135 134 132 131 132 132 132 131 131 131 130 130 129
 130  29]"
"[ 29  29 127 128 127 128 129 130 130 130 130 130 130 130 130 130 130 130
 130 130 131 132 132 132 131 131 132 132 132 132 133 135 135 134 133 134
 134 134 135 135 136 135 135 136 136 137 136 136 138 137 137 138 138 138
 138 138 138 138 138 138 138 138 138 138 137 137 138 138 139 139 139 138
 139 138 138 139 139 140 139 139 138 138 139 139 138 139 139 139 141 141
 141 141 141 140 140 140 141 140 141 142 143 143 142 142 142 142 142 142
 142 141 142 143 145 144 145 144 150 180 195 202 208 211 213 214 216 215
 215 216 217 218 220 221 222 223 223 222 223 221 218 217 217 214 211 208
 205 200 195 190 184 176 167 162 156 145 137 124 118 129 138 138 140 138
 138 138 138 137 137 138 138 138 138 138 139 138 138 137 137 137 137 137
 136 136 135 135 133 133 133 132 132 132 132 132 132 132 132 131 131 130
 131  29]"
"[ 29  29 128 129 128 128 129 131 130 130 130 130 130 130 130 130 130 130
 130 130 131 132 132 131 131 131 132 132 132 132 133 135 135 134 133 133
 133 133 134 135 135 135 135 136 136 136 135 135 137 137 138 138 138 138
 138 138 138 138 138 138 138 138 138 138 137 137 138 138 139 139 138 138
 138 138 138 138 139 138 138 138 137 138 138 138 138 138 138 139 140 140
 140 140 140 140 140 140 140 139 140 141 142 142 141 142 141 142 143 143
 142 141 141 143 144 143 144 144 146 174 196 200 206 208 210 212 215 215
 215 216 218 220 221 222 223 224 223 222 223 221 219 217 216 213 210 207
 205 201 197 193 188 181 173 168 160 149 138 130 117 120 138 138 140 139
 138 138 138 137 137 137 139 138 138 139 139 138 138 137 136 136 136 136
 136 135 135 134 132 132 132 132 132 132 132 132 132 132 132 131 131 130
 131  29]"
"[ 29  29 127 129 128 129 129 130 130 130 130 130 130 130 130 130 130 130
 130 130 131 131 131 131 131 131 132 132 132 132 133 135 135 135 135 134
 134 133 134 136 135 135 136 136 136 136 135 135 135 136 137 137 137 137
 137 137 137 138 138 138 138 138 137 137 139 138 138 139 139 139 138 137
 138 138 139 138 138 138 138 138 137 138 138 138 138 138 138 138 138 138
 138 138 139 139 140 140 139 138 138 139 140 140 140 140 140 141 141 142
 141 140 141 143 144 143 144 145 144 167 196 198 205 208 211 213 215 216
 216 218 219 221 223 224 225 225 224 224 222 221 219 218 216 212 208 204
 203 200 197 193 190 184 177 172 163 153 140 134 121 118 132 136 139 139
 138 139 139 138 137 137 138 138 138 138 138 138 137 137 136 136 136 136
 136 136 135 134 133 133 132 133 133 132 132 132 131 131 132 131 131 130
 130  28]"
"[ 29  29 126 128 128 129 129 129 130 130 130 129 129 130 130 130 130 130
 130 130 130 131 131 131 131 131 132 133 133 133 134 135 135 136 136 136
 134 133 134 135 135 136 136 136 136 136 136 136 135 136 137 137 136 136
 137 137 138 138 138 138 138 138 137 137 139 138 138 138 138 138 137 137
 136 137 138 138 137 137 138 138 138 138 138 138 137 137 137 138 137 137
 137 137 138 138 139 140 138 138 137 138 138 139 139 139 139 139 139 140
 140 141 142 143 144 143 144 145 142 158 188 195 204 208 212 214 216 216
 217 220 220 222 225 226 227 227 227 226 223 222 220 218 215 212 207 204
 203 200 197 193 190 185 178 173 165 156 145 137 129 122 123 133 137 138
 139 139 139 139 138 138 139 139 139 139 138 138 138 138 137 137 137 137
 137 137 136 136 135 134 133 133 133 132 132 132 131 131 132 131 131 130
 130  29]"
"[ 30  28 126 128 128 129 129 128 130 129 128 128 129 129 130 130 129 130
 130 130 130 130 131 131 132 132 133 133 133 133 133 135 134 135 135 135
 134 133 134 135 136 136 136 136 136 136 136 137 137 137 137 137 136 137
 137 137 138 138 138 138 138 138 138 138 137 137 137 137 137 137 137 136
 136 136 137 137 137 137 137 138 138 138 138 137 136 136 137 137 138 138
 138 138 138 138 139 139 138 137 137 138 138 138 139 139 140 139 138 139
 141 142 143 143 144 143 145 145 144 152 181 197 200 206 210 213 216 216
 218 221 221 223 225 226 227 227 227 227 226 223 220 216 213 211 208 207
 205 202 198 194 191 186 180 174 168 159 152 143 139 130 121 130 135 137
 139 139 139 139 139 139 138 138 138 138 138 138 138 138 138 138 138 137
 137 137 137 137 137 135 134 134 134 133 132 132 132 132 133 132 132 131
 131  29]"
"[ 30  28 126 127 127 128 128 129 129 128 127 127 129 130 130 129 129 130
 130 130 130 130 131 131 132 132 133 133 133 132 133 134 133 133 133 134
 133 133 134 135 135 135 136 135 135 136 137 137 138 137 136 136 136 137
 137 137 138 138 138 137 137 138 138 138 137 137 137 137 137 137 136 136
 136 137 137 137 137 137 137 137 138 138 137 135 135 135 136 136 138 138
 138 139 139 139 139 139 138 137 137 138 139 140 140 140 140 139 139 140
 142 143 143 143 143 142 144 145 147 148 173 199 196 201 207 211 215 217
 218 221 221 223 224 226 227 228 227 226 227 224 219 215 213 210 209 208
 206 204 200 196 193 188 181 175 169 162 158 151 146 137 126 130 134 137
 140 140 139 139 140 140 138 138 138 138 137 137 138 138 138 138 137 136
 136 136 137 137 138 135 134 135 135 133 132 132 132 132 133 132 132 131
 132  29]"
"[ 29  29 126 127 126 127 128 129 130 128 127 128 130 131 130 129 129 129
 130 130 130 130 131 131 132 132 133 133 132 132 132 133 133 132 132 133
 133 133 135 136 135 135 135 134 134 135 136 138 138 137 135 135 135 136
 137 137 137 137 137 136 136 137 137 138 139 138 137 137 137 137 136 136
 138 138 138 138 138 138 138 138 138 137 136 134 133 134 135 136 136 137
 138 139 140 140 139 138 138 137 138 139 140 141 141 141 138 138 139 140
 141 142 142 142 143 142 143 143 146 142 163 196 193 198 204 209 215 218
 219 220 222 223 224 226 227 228 227 226 225 223 219 216 213 210 208 206
 205 204 201 197 194 190 183 176 168 162 161 157 148 139 133 131 133 137
 140 140 139 139 140 140 138 139 139 139 138 138 139 140 139 138 137 136
 136 137 137 138 138 135 134 136 136 134 132 132 132 132 133 132 132 131
 131  29]"
"[ 29  29 127 127 126 126 125 126 128 128 128 128 129 129 129 129 130 130
 131 131 131 131 131 131 131 132 133 133 132 132 132 132 132 132 133 133
 133 133 133 133 134 134 134 134 134 134 134 134 135 134 135 136 136 135
 135 136 137 137 137 137 137 137 137 137 137 137 137 136 135 135 136 137
 137 138 138 138 138 138 138 138 139 138 137 136 135 135 135 136 138 138
 138 139 139 139 139 138 138 138 138 138 139 140 141 142 142 140 139 141
 143 142 142 143 142 143 144 144 143 141 152 193 193 197 198 205 215 217
 217 222 222 224 225 226 226 225 225 224 224 222 219 216 214 212 209 207
 207 204 202 199 194 189 184 178 171 166 164 160 153 147 141 133 129 133
 138 140 140 138 139 140 139 139 138 138 138 139 139 139 138 138 138 138
 138 138 137 137 138 138 137 135 134 134 134 133 132 132 132 131 131 130
 131  29]"
"[ 29  29 127 128 126 127 127 128 129 129 129 129 129 129 129 129 130 130
 130 130 131 131 131 131 131 132 132 132 132 132 132 132 132 132 133 133
 133 133 133 133 133 133 133 133 133 134 135 135 134 134 135 136 136 136
 136 136 137 137 137 137 137 138 138 138 138 138 137 137 136 136 137 137
 138 138 138 138 138 138 138 138 139 139 138 137 136 136 136 137 137 138
 139 140 139 139 139 139 140 139 139 139 139 140 141 142 143 141 140 141
 142 141 140 141 141 142 143 145 144 142 147 180 193 196 198 205 215 219
 219 222 223 225 226 226 226 225 225 224 223 222 220 217 216 214 212 209
 208 205 203 200 195 190 186 181 178 172 168 163 155 150 145 138 130 132
 136 139 140 139 139 139 140 139 139 139 139 139 138 138 137 137 137 138
 138 138 138 138 138 138 137 136 135 134 134 132 132 131 131 131 132 132
 132  29]"
"[ 29  29 126 127 126 127 128 129 129 129 129 129 129 129 129 130 130 130
 130 130 130 130 131 131 131 131 132 132 132 132 132 132 133 133 133 133
 133 133 133 133 133 133 133 133 133 133 135 136 134 134 135 136 136 136
 136 136 137 137 137 137 137 138 138 138 138 138 138 137 137 137 138 138
 138 138 138 138 138 138 138 138 138 138 138 138 137 137 137 138 136 138
 139 139 138 138 138 139 140 139 139 138 139 139 141 141 141 140 140 142
 142 141 141 142 142 143 143 145 145 144 144 166 194 195 198 204 212 216
 217 217 223 224 225 224 224 223 223 222 223 222 221 219 218 216 214 212
 210 207 205 202 196 192 188 184 183 177 172 166 158 153 147 139 129 130
 133 137 140 141 140 140 140 140 140 140 140 140 139 138 138 138 138 138
 138 138 138 138 139 138 137 136 136 135 134 132 133 131 131 131 133 133
 132  29]"
"[ 29  28 125 126 125 126 127 128 128 128 129 129 129 129 129 130 130 130
 130 129 130 130 131 131 131 131 131 131 132 132 132 132 133 133 132 133
 133 133 133 132 134 134 134 134 133 134 135 136 135 135 135 136 136 136
 136 136 138 138 138 138 138 138 137 137 138 138 138 138 137 137 138 138
 138 138 138 138 137 137 137 137 138 138 138 138 138 137 138 138 138 139
 139 139 138 138 138 139 139 139 138 138 138 139 140 140 139 139 141 143
 143 142 143 144 144 144 143 144 145 146 145 157 188 187 191 201 209 214
 218 219 221 222 223 223 223 222 222 221 224 223 222 221 220 218 215 213
 211 208 205 202 197 193 190 186 183 177 173 169 162 155 146 135 127 127
 130 135 141 142 141 140 140 140 141 141 142 141 140 139 139 139 139 138
 138 138 138 138 138 138 137 136 137 136 135 133 133 132 133 132 133 132
 131  28]"
"[ 30  28 125 125 124 125 126 127 127 127 128 128 128 128 129 129 130 130
 130 129 130 130 131 131 131 131 131 131 131 132 132 132 133 133 132 132
 133 133 133 133 133 134 135 135 135 134 135 136 136 136 136 136 136 136
 135 136 138 138 138 138 138 138 137 137 137 138 138 138 137 137 138 138
 138 138 138 138 138 138 138 138 137 138 138 139 138 138 139 139 141 141
 140 140 140 139 139 138 140 140 139 139 139 139 139 139 140 141 142 143
 143 142 142 143 143 144 142 143 143 146 145 151 185 184 190 200 207 211
 216 219 220 222 223 224 224 224 224 223 224 224 224 223 222 220 217 215
 213 209 206 203 198 194 191 188 183 177 174 170 163 156 145 131 124 123
 126 133 140 142 141 141 140 140 141 141 141 141 140 139 139 139 139 138
 138 138 138 138 138 137 137 136 136 136 135 133 133 133 134 133 133 131
 131  28]"
"[ 30  29 125 126 125 126 126 127 126 127 128 128 128 128 128 129 130 130
 130 130 130 130 130 131 131 131 131 131 131 132 132 132 132 132 132 132
 133 133 133 133 133 133 135 135 135 135 136 137 137 137 137 137 137 136
 136 136 137 137 137 138 138 138 138 138 137 138 138 138 137 137 138 138
 138 138 138 138 138 139 139 139 138 138 139 139 139 139 140 140 142 141
 141 140 140 140 139 138 140 140 140 140 139 139 138 138 139 140 141 142
 142 142 142 143 142 144 143 144 142 146 146 145 184 187 193 200 205 209
 212 215 219 221 223 224 225 225 225 225 224 224 224 223 223 222 220 217
 215 211 208 204 199 196 193 189 184 179 175 170 164 157 146 133 125 121
 122 129 137 141 141 141 141 140 140 140 140 139 138 138 138 138 138 137
 137 138 138 138 138 138 137 136 136 136 135 133 132 133 134 133 133 131
 131  29]"
"[ 30  28 125 126 126 127 127 128 128 128 129 129 128 127 128 129 129 129
 129 130 130 130 130 130 132 131 131 131 131 132 132 131 132 132 132 132
 133 133 134 134 133 134 134 135 135 136 137 137 138 137 137 137 137 136
 136 137 136 137 137 138 138 138 138 138 138 138 138 138 138 138 138 138
 138 138 138 138 138 139 139 139 138 138 139 139 139 139 140 141 141 141
 141 140 140 139 139 139 140 140 140 139 139 139 139 139 139 140 141 141
 142 143 143 143 143 144 144 146 143 147 147 143 173 186 194 196 202 209
 213 215 218 220 223 224 225 226 225 224 224 224 224 224 224 224 222 220
 217 213 208 205 201 197 193 189 185 181 178 173 165 160 150 138 129 122
 118 124 134 140 142 142 141 140 139 139 139 139 138 138 138 138 138 137
 137 138 138 138 138 138 137 136 135 136 135 135 133 133 133 132 133 132
 132  29]"
"[ 29  28 125 126 126 127 127 128 129 130 130 129 128 127 128 128 128 129
 129 130 130 130 130 129 132 131 131 131 131 132 131 131 131 132 132 132
 133 133 134 135 135 135 135 135 135 136 137 137 138 137 137 138 138 137
 137 138 136 137 137 138 138 138 138 137 138 138 139 139 138 138 138 138
 138 137 137 138 138 138 139 139 138 138 138 138 138 139 140 141 140 141
 142 141 140 139 139 140 140 140 140 140 140 141 142 142 142 142 142 142
 142 142 142 141 144 144 143 145 142 147 147 142 166 185 194 192 198 207
 210 210 217 220 223 225 226 226 225 224 224 225 224 224 225 225 223 221
 218 213 209 205 201 198 193 188 184 182 180 175 167 162 154 143 133 123
 116 122 132 140 143 143 141 140 139 139 139 139 140 140 140 139 139 138
 138 138 138 138 137 138 137 136 135 136 136 136 135 134 133 132 133 132
 131  28]"
"[ 29  30 126 125 124 126 127 130 129 130 130 129 129 128 128 129 128 129
 129 130 130 131 131 131 132 132 133 132 132 132 131 131 129 130 133 136
 135 132 132 135 135 135 135 135 135 135 136 137 137 138 139 138 138 138
 138 138 138 138 138 138 138 138 138 138 139 139 139 139 139 139 139 139
 139 139 138 138 138 139 138 138 138 138 138 138 138 138 139 140 138 139
 141 142 142 141 140 140 140 140 139 140 141 142 143 143 141 141 142 142
 141 141 142 143 145 145 144 144 145 145 144 143 150 181 190 194 195 202
 206 210 218 220 221 222 224 226 226 225 225 226 226 225 224 223 221 219
 217 212 206 203 201 198 193 188 184 184 181 175 168 164 156 146 136 125
 122 126 130 138 144 142 143 141 139 139 139 139 139 140 139 138 137 137
 137 137 137 137 138 138 137 137 137 136 136 135 135 133 132 132 133 132
 132  29]"
"[ 28  29 126 125 125 126 126 129 128 129 129 129 128 128 128 128 129 129
 129 130 130 131 131 131 131 132 132 132 132 132 132 131 132 132 134 136
 135 133 134 135 136 136 136 136 136 136 136 137 137 138 138 137 137 138
 139 139 138 138 138 138 138 138 138 138 138 138 138 138 138 138 138 138
 139 138 138 138 138 139 139 139 139 139 138 138 139 139 140 140 140 141
 141 142 141 141 140 140 140 139 139 139 140 142 142 143 143 143 142 142
 141 141 142 143 145 144 144 144 145 146 146 146 148 175 190 193 194 196
 199 204 216 218 219 220 223 226 227 227 227 227 226 224 223 222 220 218
 216 211 205 202 201 198 193 189 185 183 180 175 170 167 160 150 139 128
 124 127 131 139 144 143 141 140 139 140 141 141 141 142 140 139 138 138
 138 138 138 138 138 138 137 137 136 136 136 136 135 133 132 131 132 131
 131  29]"
"[ 29  29 126 126 126 126 126 127 128 129 129 130 129 129 129 129 130 130
 130 130 130 131 131 131 131 131 132 132 132 133 132 132 132 133 134 134
 134 135 135 135 136 136 136 136 137 137 137 137 136 137 137 137 137 138
 138 139 138 138 138 138 138 138 138 138 138 138 138 138 138 138 138 138
 139 138 138 138 139 139 139 139 139 139 138 138 139 139 139 139 140 139
 139 140 141 141 142 142 141 140 140 140 141 142 142 143 144 144 143 142
 141 141 142 142 144 144 144 144 144 145 146 146 146 168 190 194 195 194
 196 204 215 217 219 221 224 227 229 229 228 228 226 224 222 221 219 217
 214 210 205 202 202 199 194 190 188 184 180 175 172 169 162 152 143 132
 127 128 131 138 144 143 143 142 141 141 141 140 140 140 140 139 138 138
 138 138 138 138 137 137 137 136 136 136 136 136 134 133 132 131 132 131
 131  28]"
"[ 29  29 125 125 126 127 126 127 127 128 129 130 130 130 130 130 130 130
 130 131 131 131 131 131 131 132 132 132 132 133 132 131 132 134 134 133
 134 136 137 136 136 135 136 136 137 138 138 137 136 137 137 137 137 137
 137 137 137 138 138 138 138 138 138 138 138 138 138 138 139 139 139 139
 139 139 138 138 138 139 139 139 140 139 138 138 139 140 139 138 138 138
 138 139 140 142 143 143 143 142 142 142 142 143 143 143 144 144 143 142
 141 141 141 141 143 143 144 144 143 143 144 145 144 161 188 193 198 198
 202 209 214 217 220 222 224 226 228 228 228 228 226 224 222 220 217 215
 212 209 206 203 202 199 194 190 189 185 181 177 173 170 163 154 146 136
 128 127 129 136 142 143 143 143 142 142 141 139 139 139 140 139 138 138
 138 138 138 137 137 137 138 137 137 136 135 135 135 133 132 132 132 131
 131  29]"
"[ 29  29 125 125 125 126 125 126 127 128 129 129 130 129 129 129 131 131
 131 131 131 131 131 131 132 132 132 132 132 133 132 131 132 134 135 134
 134 137 137 135 135 135 135 136 137 138 138 137 136 137 138 137 137 137
 136 136 137 138 138 138 138 138 138 138 138 138 138 138 139 139 139 139
 139 139 139 138 138 138 139 139 140 140 139 139 140 140 140 139 139 139
 139 139 140 141 141 142 143 142 142 142 143 143 144 143 142 142 142 142
 141 141 140 140 142 143 144 144 143 143 144 145 144 156 181 188 195 200
 206 211 212 215 218 219 220 222 224 224 225 226 225 225 223 221 217 213
 211 209 207 204 200 196 191 188 187 184 181 178 175 171 165 158 149 139
 129 126 127 133 139 143 142 142 142 142 141 140 139 139 140 139 138 138
 138 138 138 138 138 138 138 138 137 136 135 134 134 133 132 132 132 131
 131  29]"
"[ 29  29 125 125 126 127 126 127 127 128 129 129 130 130 130 130 130 130
 130 130 130 130 130 130 132 132 132 132 133 133 132 131 133 134 135 134
 134 136 136 134 136 136 136 136 137 137 137 137 137 138 138 137 136 136
 136 135 137 137 138 138 138 138 138 138 138 138 138 138 138 138 138 138
 139 139 139 139 138 138 138 139 140 139 139 139 140 140 139 139 139 139
 139 140 140 141 142 143 141 141 141 142 143 143 144 143 141 141 141 142
 142 141 140 140 141 142 143 144 143 143 144 145 146 152 171 183 190 197
 205 208 212 215 217 216 217 219 222 223 224 225 225 226 225 222 218 213
 210 209 206 202 198 193 189 186 185 182 181 179 174 169 163 158 151 142
 131 126 127 132 138 143 143 142 142 142 141 140 139 139 139 138 137 137
 137 138 137 137 137 137 137 137 136 135 134 132 133 132 132 131 131 130
 130  29]"
"[ 29  30 127 127 128 128 127 127 128 129 129 130 130 130 130 131 130 130
 130 130 130 130 130 130 132 132 132 132 133 134 133 131 132 133 134 133
 133 134 134 134 135 136 136 136 136 136 137 138 138 138 138 137 136 136
 137 137 137 137 138 138 138 138 138 138 138 138 138 138 138 138 138 138
 139 139 139 138 138 138 138 139 139 139 139 139 139 139 139 138 138 138
 139 139 140 141 143 144 141 141 141 142 142 143 142 142 142 142 141 142
 142 142 141 140 141 142 142 143 142 142 143 144 147 149 161 180 185 192
 202 205 212 215 218 218 218 219 222 223 224 224 225 225 225 223 218 214
 210 207 203 199 196 193 189 187 186 182 180 179 174 168 162 157 153 145
 134 128 129 133 138 143 143 142 141 141 140 139 138 138 138 137 137 136
 137 137 136 136 136 135 134 134 135 135 133 132 132 131 131 131 131 130
 130  29]"
"[ 28  30 127 128 128 128 126 127 128 128 129 129 129 129 130 130 129 130
 130 130 130 130 130 130 132 132 132 132 133 134 133 132 133 133 133 133
 133 134 135 135 135 135 135 136 136 137 138 139 138 138 137 136 135 136
 137 138 137 137 138 138 138 138 138 138 138 138 138 138 138 138 138 138
 138 138 139 138 138 138 139 139 139 139 140 140 140 139 139 139 140 140
 139 139 139 139 141 142 143 142 142 142 142 142 141 141 143 142 142 142
 142 142 141 141 143 143 143 143 142 143 143 144 145 145 154 179 183 189
 201 205 211 215 220 221 220 221 221 221 223 223 223 223 223 221 218 214
 210 206 201 197 196 194 191 189 185 181 179 179 176 171 166 161 154 147
 136 130 131 134 139 144 140 139 138 139 140 140 139 139 138 137 137 137
 137 137 137 136 137 135 134 134 135 135 135 133 132 131 131 131 131 130
 130  29]"
"[ 29  31 125 126 130 130 129 129 129 129 130 130 130 130 130 130 129 130
 131 130 130 130 131 131 132 132 132 133 133 133 133 133 133 132 132 131
 132 134 135 135 134 135 136 136 136 137 137 137 135 136 136 136 136 136
 136 136 138 138 139 138 138 138 138 139 139 139 139 139 138 138 138 138
 138 138 138 138 137 137 138 139 137 138 139 140 139 138 138 139 138 138
 139 139 139 139 139 140 142 141 140 140 140 140 141 142 142 140 139 139
 141 142 142 142 142 142 143 144 144 143 142 141 144 145 147 165 181 192
 199 207 211 218 224 228 229 225 221 221 222 222 223 223 222 221 218 213
 208 205 202 200 198 197 195 192 188 184 179 176 175 173 167 161 157 149
 139 133 130 131 137 142 140 137 134 136 141 139 136 139 138 137 136 136
 136 136 137 136 135 136 135 134 134 133 133 132 131 132 131 131 133 128
 130  29]"
"[ 27  32 124 129 128 128 128 132 130 130 130 130 130 130 130 130 130 131
 131 130 130 130 131 131 131 131 131 131 132 132 132 132 134 134 133 132
 133 134 135 135 135 136 137 137 137 136 137 137 137 137 137 137 137 137
 137 138 137 137 138 138 138 137 138 138 138 138 138 138 138 138 138 138
 138 139 139 139 139 139 139 140 137 139 140 140 139 139 139 139 138 138
 138 138 138 138 138 139 140 140 139 139 140 141 142 143 143 141 140 140
 140 141 141 141 142 142 143 144 144 143 142 142 144 145 143 158 171 181
 195 209 211 221 231 237 239 239 237 237 233 226 222 224 222 217 214 213
 209 206 204 202 199 197 194 190 186 184 179 175 172 170 166 161 159 151
 142 136 133 132 135 139 137 135 132 132 137 138 138 141 139 138 138 137
 138 138 137 137 136 136 135 134 133 133 132 131 131 134 132 126 128 132
 128  28]"
"[ 31  25 127 126 128 131 129 128 130 130 129 129 129 130 130 129 130 131
 131 130 129 130 130 130 131 131 130 131 132 132 133 133 134 134 134 133
 133 134 135 135 136 136 137 137 136 136 136 136 136 136 136 136 136 136
 137 137 138 138 138 138 138 138 138 138 138 138 137 138 138 139 138 138
 137 138 138 138 138 138 138 139 137 138 139 139 138 138 138 138 138 138
 138 138 137 137 138 138 139 138 138 138 139 140 141 142 141 140 139 139
 138 139 139 139 140 140 141 143 144 143 143 143 145 148 146 161 173 179
 189 207 225 236 245 248 250 251 250 250 243 235 226 220 217 216 215 211
 208 205 204 203 201 200 197 193 189 187 181 175 170 166 162 159 154 149
 142 139 136 135 136 137 138 133 124 123 132 139 139 137 138 137 137 137
 137 137 136 136 136 136 135 133 132 132 132 132 128 128 128 134 130 128
 131  30]"
"[ 31  28 129 128 126 129 128 129 128 127 127 128 129 130 130 129 131 132
 132 131 130 130 130 130 131 130 130 131 132 133 133 133 133 133 134 133
 133 133 133 134 134 135 135 135 134 134 134 134 137 136 136 136 136 137
 137 138 138 138 137 137 137 137 138 138 138 137 136 137 138 138 137 137
 138 138 138 138 138 138 138 138 138 139 139 139 139 139 139 139 140 140
 140 139 139 139 139 139 140 140 139 139 140 140 141 141 140 140 139 139
 138 139 139 140 140 140 141 143 144 144 144 144 142 143 143 154 166 172
 178 203 231 242 249 250 253 253 253 253 253 251 243 229 218 215 214 210
 208 205 203 202 199 197 194 190 189 186 181 175 170 166 162 158 154 149
 144 141 139 137 135 134 132 132 127 123 127 136 139 138 138 138 138 137
 137 137 137 136 136 136 135 133 132 132 132 131 136 132 129 127 128 130
 130  27]"
"[ 28  35 126 134 130 130 127 128 126 126 126 127 129 130 130 129 132 132
 132 131 130 130 130 130 130 130 130 131 132 132 132 132 131 132 133 133
 133 133 133 133 132 132 133 133 133 132 133 133 136 135 135 135 135 136
 136 137 137 136 135 135 135 136 137 138 138 137 136 136 137 137 136 135
 136 136 137 137 137 138 138 138 137 137 138 138 138 137 137 137 138 138
 138 138 138 138 138 139 139 139 138 138 138 138 139 139 138 138 138 137
 138 138 138 139 138 138 140 141 142 142 142 143 146 145 150 153 161 172
 178 209 237 244 250 251 251 251 251 251 252 251 249 243 229 217 211 210
 208 204 202 200 197 195 193 189 186 184 179 174 171 168 164 160 153 149
 145 142 140 137 134 132 130 130 126 121 123 132 138 137 137 137 137 136
 136 136 136 136 136 136 135 134 133 132 131 130 126 125 133 125 131 130
 123  31]"
"[ 31  26 132 131 127 128 131 128 127 127 127 128 130 130 129 128 131 132
 131 130 130 130 130 130 130 130 131 132 132 133 132 131 131 132 133 133
 133 133 133 132 132 132 133 133 133 133 133 133 136 135 135 135 136 136
 136 136 136 136 135 135 135 137 138 139 139 138 138 138 138 138 137 137
 135 135 136 136 137 138 138 138 137 137 137 138 138 137 137 137 138 138
 138 138 138 138 139 139 139 139 139 139 139 139 139 140 139 139 138 138
 138 139 139 139 139 139 140 142 143 143 143 143 141 141 147 146 153 173
 189 225 242 248 253 253 254 253 252 252 253 252 253 252 247 238 223 210
 204 201 198 196 193 191 189 186 186 184 179 174 171 168 162 157 156 153
 149 145 142 138 135 132 133 130 124 115 111 119 131 135 137 137 137 136
 135 135 136 136 137 137 137 136 135 134 132 131 132 131 131 130 128 127
 131  29]"
"[ 28  27 128 131 131 128 130 125 129 129 129 130 130 130 130 129 130 130
 131 130 129 130 130 130 131 131 131 132 132 132 132 131 131 132 132 132
 132 133 132 131 131 132 133 133 133 133 133 133 136 136 136 136 136 137
 136 136 135 134 133 134 135 136 136 137 137 136 136 136 136 136 136 136
 136 136 136 136 137 138 138 137 137 137 137 138 138 138 138 138 138 138
 139 138 138 138 139 139 139 139 139 139 139 139 139 139 139 138 138 138
 139 139 138 138 139 139 140 141 142 141 141 141 145 145 144 143 149 170
 189 213 236 240 243 245 246 245 244 246 246 246 244 244 244 243 231 215
 203 201 198 195 192 190 188 186 185 183 180 176 173 171 166 162 153 151
 148 144 140 137 134 131 130 131 130 120 109 111 126 136 136 137 137 136
 136 136 136 136 135 136 135 134 134 133 132 131 128 132 129 131 126 129
 125  29]"
"[30 29 29 26 29 29 29 29 29 29 29 29 29 29 29 29 28 29 29 29 28 29 29 29
 29 29 28 29 29 29 29 29 29 29 29 28 29 30 29 28 28 29 29 29 29 29 29 29
 29 28 28 29 30 29 29 28 29 29 29 29 29 30 30 29 29 29 29 30 29 30 30 30
 29 29 29 29 29 29 29 28 29 29 29 29 30 30 30 29 29 29 29 29 29 28 29 29
 29 29 29 29 29 29 28 28 30 29 28 29 29 30 29 29 28 28 29 30 30 29 29 29
 27 31 28 29 28 29 29 30 28 29 29 29 29 28 28 30 29 28 29 30 30 30 30 28
 30 29 29 29 28 29 30 29 29 29 29 28 29 30 29 27 29 29 29 28 29 30 30 29
 30 27 28 30 28 28 30 28 28 29 29 29 29 28 28 29 30 30 30 29 29 29 29 29
 31 26 30 29 28 30 29 29]"
