"[ 34  75  62  68  67  73  66  66  65  64  64  67  72  76  78  78  71  78
  90 102 112 116 117 117 116 115 113 112 106  95  80  69  66  65  67  72
  77  75  67  59  46  25  18  22  22  26  28  21  52  49  46  44  42  39
  34  30  34  42  38  39  33  40  62  52]","[ 69 116 107 112 109 119 120 128 131 129 129 131 135 138 139 139 143 144
 147 157 173 194 213 224 240 245 250 250 249 245 233 223 202 184 157 135
 124 124 128 131 105  91  83  65  29  10  24  43  77  70  61  55  54  53
  51  49  51  54  48  54  58  72  93  80]","[ 56 109 105 106  96 101 100 107 106 105 106 110 115 120 122 122 122 122
 123 124 127 130 134 136 142 152 169 190 212 234 252 254 247 248 248 238
 214 180 146 125 117  89  77  80  76  75  82  85  79  69  57  50  52  55
  56  56  55  59  57  73  86 101 114  92]","[ 67 126 126 127 113 112 103 103  97  96  95  97 100 103 103 103 101 107
 114 120 121 116 110 105 120 122 123 124 129 139 153 163 195 210 231 249
 254 254 252 249 222 183 139 104  80  78  82  75  62  55  47  45  49  55
  57  56  52  63  70  93 105 112 114  84]","[ 63 122 122 124 116 120 112 109 109 106 101  98  96  93  90  87  91  91
  91  93  97 102 106 109  92  99 107 111 111 111 112 113 114 116 121 132
 151 177 203 219 222 251 253 212 130  80  61  46  55  54  54  57  62  65
  66  65  68  83  92 110 113 112 112  83]","[ 73 132 128 126 118 127 123 122 124 121 117 114 112 111 108 106 103  98
  92  85  81  79  80  81  85  88  91  93  93  93  94  95 105 105 105 104
 101  96  90  87 119 144 153 116  68  58  65  59  53  57  62  66  68  70
  72  75  93 105 107 114 109 107 113  90]","[ 77 143 144 140 125 130 125 125 117 115 112 110 111 110 109 107 100 100
 101 100  97  92  87  84  74  71  68  68  74  82  90  95  87  86  86  88
  91  91  87  83  80  70  68  66  61  62  53  33  52  59  65  67  67  72
  83  92 107 114 111 115 109 107 115  93]","[ 92 170 184 184 166 165 157 155 140 136 130 125 122 118 113 110 108 107
 105 103 101  99  98  98  95  91  86  82  79  74  66  60  67  61  56  57
  63  67  67  65  62  51  56  59  42  31  42  55  59  66  72  72  73  82
 101 116 109 116 115 121 118 116 119  93]","[ 83 174 164 162 162 164 165 171 178 176 170 163 155 147 141 137 123 119
 115 114 113 110 102  94  92  88  82  80  81  85  88  89  80  75  66  55
  45  38  36  36  33  32  34  37  37  40  51  62  66  66  66  73  89 108
 118 119 121 123 116 121 119 118 121  93]","[ 91 185 178 177 174 174 171 173 157 159 161 163 164 166 166 166 173 168
 161 156 152 145 135 127 118 112 103  94  89  85  81  79  82  78  71  62
  54  48  44  44  34  28  24  27  33  40  52  62  64  71  81  91 105 119
 124 123 123 126 119 124 122 121 123  96]","[ 96 195 193 193 190 188 183 182 183 182 180 176 172 167 164 161 152 153
 156 164 173 179 180 179 153 147 137 126 116 107  99  94  87  84  78  71
  62  54  47  43  36  28  23  27  36  46  58  67  70  85 103 116 126 132
 132 128 127 130 123 127 125 124 126  99]","[ 96 199 200 200 199 200 196 194 192 192 191 189 187 184 182 180 183 179
 173 168 163 156 148 143 165 161 155 149 142 134 126 121 106 102  96  87
  77  64  53  46  36  30  27  31  38  48  62  74  89 106 125 135 138 139
 137 133 130 132 125 130 127 126 128 101]","[ 97 199 203 200 199 203 201 200 195 195 196 197 197 197 197 196 181 180
 180 181 181 181 180 179 163 161 158 155 152 146 139 135 131 128 121 113
 103  89  74  65  47  41  35  32  33  45  69  91 116 129 141 143 141 140
 139 138 133 135 128 132 129 128 129 102]","[100 203 206 201 197 202 201 200 208 207 206 203 199 196 193 191 204 202
 200 197 193 190 188 187 179 177 174 171 167 161 154 149 148 145 140 135
 128 116 102  91  78  69  57  46  43  57  90 119 136 144 150 147 142 142
 143 142 136 138 131 135 132 130 132 104]","[ 98 206 210 205 201 206 205 202 200 201 202 204 205 205 205 205 201 201
 200 197 195 193 193 193 197 194 191 188 184 179 173 168 162 159 155 152
 148 139 125 115 106  98  87  78  75  86 111 134 142 149 153 151 148 148
 147 145 139 142 134 138 135 133 135 107]","[ 94 206 213 209 206 213 211 208 209 209 209 208 207 205 204 203 204 204
 203 202 199 199 199 201 195 193 191 189 188 184 179 176 177 173 170 167
 164 155 142 132 114 109 104 103 103 107 118 130 140 148 154 155 154 155
 152 147 142 144 137 141 137 135 137 109]","[ 99 211 212 206 211 214 210 213 211 210 210 209 209 208 208 207 206 206
 205 204 203 202 202 201 201 199 196 195 194 193 190 188 178 175 172 172
 171 166 157 149 135 122 109 105 108 113 122 130 146 151 155 156 154 152
 153 155 146 149 139 140 138 140 141 109]","[ 98 210 211 206 210 214 209 212 210 210 210 209 209 209 209 209 208 208
 207 206 205 204 204 203 204 202 199 198 197 196 193 191 184 180 177 176
 175 171 162 155 140 127 115 110 112 117 126 134 147 151 156 157 155 153
 154 155 148 151 141 142 139 141 141 109]","[ 98 210 211 205 210 213 208 211 209 209 209 209 209 210 210 210 209 209
 208 208 207 206 206 205 207 205 202 201 201 200 197 195 191 187 183 180
 179 175 169 164 148 136 123 118 118 122 131 140 148 152 157 158 156 154
 155 157 151 154 144 145 141 142 141 109]","[ 98 210 211 205 209 212 207 210 207 207 208 208 209 210 210 210 208 208
 208 207 207 206 206 206 208 206 204 203 202 201 199 197 196 192 186 183
 180 177 173 170 155 143 131 124 123 126 135 144 149 154 159 160 157 156
 156 158 155 158 148 148 144 144 142 109]","[ 98 210 210 204 208 211 206 209 206 206 207 207 208 208 209 209 206 206
 206 205 205 205 205 205 207 205 203 202 202 201 199 197 196 193 188 183
 180 176 174 172 161 150 137 129 126 128 137 147 151 156 160 161 159 157
 158 160 157 161 152 152 148 147 144 111]","[ 98 209 210 203 207 210 204 207 205 205 205 206 206 206 206 206 204 204
 204 204 204 204 203 203 205 203 201 201 201 200 198 196 196 193 189 185
 180 176 174 173 165 155 142 133 128 129 138 149 152 157 162 163 161 159
 160 161 159 163 154 155 151 150 147 113]","[ 97 209 209 203 206 209 203 206 205 204 204 204 204 204 203 203 203 203
 203 203 203 204 204 204 205 203 201 200 201 200 198 196 196 195 193 188
 183 179 176 175 169 159 147 137 130 130 139 150 154 158 163 164 162 160
 161 163 160 164 156 157 154 153 150 116]","[ 97 209 209 203 206 209 203 206 204 204 204 203 202 202 201 201 203 204
 204 204 204 204 204 204 205 203 201 201 201 201 199 197 198 198 196 192
 186 181 178 177 172 162 150 139 132 131 141 152 154 159 164 165 162 161
 161 163 160 165 157 159 155 154 151 117]","[ 97 209 209 202 205 207 202 204 204 204 204 203 203 202 202 202 201 202
 204 205 205 204 202 201 203 203 202 201 200 199 199 198 200 196 191 190
 191 188 181 174 167 165 160 149 136 129 139 153 155 158 162 164 163 162
 162 162 162 163 162 167 158 159 158 117]","[ 97 209 209 202 205 207 202 204 204 204 204 203 203 202 202 202 202 202
 203 204 204 203 202 202 204 203 203 202 201 200 200 199 200 197 193 192
 193 190 184 178 171 168 163 152 139 132 139 152 155 158 162 164 163 162
 162 163 164 165 163 167 158 159 159 119]","[ 97 210 209 202 205 207 202 204 204 204 204 203 203 202 202 202 202 202
 203 203 203 203 202 202 204 204 204 203 202 201 201 201 200 197 195 195
 195 193 188 183 176 172 166 157 143 135 139 148 154 158 162 164 164 163
 163 163 167 166 163 168 159 160 162 123]","[ 97 210 209 202 205 207 202 204 204 204 204 203 203 202 202 202 202 202
 202 203 203 202 202 202 204 204 204 203 203 202 202 202 199 197 196 196
 197 195 191 187 180 175 169 161 148 138 138 144 154 158 162 164 164 164
 164 164 167 166 163 168 161 164 168 129]","[ 97 210 209 202 205 207 202 204 204 204 204 203 203 202 202 202 202 202
 202 201 201 202 202 202 204 204 204 203 203 203 203 202 198 197 197 197
 197 195 192 190 184 178 172 165 154 142 138 140 154 158 162 165 165 164
 165 165 165 165 163 170 164 169 174 136]","[ 97 210 209 202 205 207 202 204 204 204 204 203 203 202 202 202 202 202
 201 201 201 201 202 202 203 203 203 203 202 202 202 202 198 198 199 199
 198 196 194 192 188 182 176 170 160 148 140 138 154 158 162 165 165 165
 166 166 165 165 165 173 168 173 177 139]","[ 97 210 209 202 205 207 202 204 204 204 204 203 203 202 202 202 202 202
 201 200 200 201 202 202 201 201 201 201 202 202 202 202 200 202 202 202
 200 197 195 195 192 185 180 176 167 154 143 140 154 158 162 165 166 166
 166 167 167 168 168 176 170 174 177 137]","[ 97 210 209 202 205 207 202 204 204 204 204 203 203 202 202 202 203 202
 200 199 199 200 202 203 200 201 201 201 201 201 201 201 203 204 205 204
 202 199 197 197 195 188 183 180 172 159 147 141 154 158 162 165 166 166
 166 167 169 171 171 179 172 174 175 135]","[ 98 207 211 205 201 207 207 203 203 202 202 201 200 199 198 198 198 198
 198 198 198 198 198 198 190 204 199 197 209 205 196 203 205 202 204 203
 198 199 198 189 193 190 186 184 180 170 155 144 150 156 164 167 165 164
 166 169 171 173 171 175 169 175 176 132]","[ 95 204 207 202 198 204 203 200 202 202 201 200 199 199 198 198 199 199
 199 199 199 199 199 199 206 203 196 195 200 198 196 205 198 206 200 197
 206 203 197 202 194 191 187 185 181 173 161 152 149 155 163 166 165 165
 168 171 170 172 170 174 169 175 176 133]","[100 206 208 204 201 205 204 202 202 202 201 200 200 199 199 198 200 200
 200 200 200 200 200 200 196 191 199 206 202 201 202 198 201 215 207 202
 212 202 188 198 197 193 190 188 186 181 173 166 150 156 163 166 167 167
 170 172 170 172 170 174 169 176 178 134]","[100 203 204 201 199 203 201 200 200 200 199 199 198 198 197 197 198 198
 198 198 198 198 198 198 196 200 212 208 195 207 219 205 199 199 202 203
 200 198 202 208 198 195 192 190 189 187 183 179 157 161 166 168 169 169
 171 172 171 173 171 175 170 177 179 136]","[ 91 192 190 189 188 190 188 188 193 193 192 192 192 192 191 191 190 190
 190 190 190 190 190 190 195 199 191 151 125 156 183 168 115 122 177 215
 199 198 207 189 193 191 188 187 186 185 184 182 165 168 170 171 171 170
 171 171 172 174 172 176 171 178 179 136]","[ 87 185 182 182 182 183 181 182 185 185 185 185 185 185 184 184 182 182
 182 182 182 182 182 182 180 184 157  99  70  93 107  89  57  63 119 157
 140 148 178 176 183 182 181 179 178 177 177 177 171 171 172 172 172 171
 170 170 172 173 171 175 169 175 176 133]","[ 91 187 183 184 184 185 182 184 183 183 183 183 183 183 183 183 182 182
 182 182 182 182 182 182 186 183 146  98  83  86  78  64  77  74  68  58
  53  76 135 193 177 177 176 175 173 171 171 172 171 170 170 170 171 171
 170 169 170 171 168 172 165 171 171 127]","[ 93 188 183 185 186 186 183 185 185 185 185 186 186 186 186 186 186 186
 186 186 186 186 186 186 195 175 124  87  90  89  78  79  56  87  76  59
  70  65  91 164 176 177 176 175 172 170 170 170 168 167 167 168 170 171
 171 170 168 169 166 169 162 167 167 123]","[ 90 187 184 184 184 186 184 186 185 185 185 185 185 185 185 185 183 186
 183 185 191 185 180 188 192 138  93  63  67  83  81  89  65  67  82  62
  69  79  79 153 182 174 169 171 171 167 167 171 168 168 168 168 167 167
 167 167 166 165 163 167 159 161 163 124]","[ 89 186 183 184 184 185 184 186 185 185 185 185 185 185 185 185 184 186
 184 185 189 185 182 187 163 114  88  79  81  80  70  84  66  67  78  53
  55  67  78 155 172 169 170 172 171 167 168 173 165 165 165 165 164 164
 164 164 163 162 159 164 155 157 160 121]","[ 89 186 183 183 183 184 183 185 185 185 185 185 185 185 185 185 185 187
 186 185 186 186 185 184 141  99  89  94  93  76  59  78  62  66  79  56
  54  68  90 166 172 172 173 173 168 162 162 166 164 164 163 163 162 162
 161 161 161 160 156 161 152 155 157 118]","[ 88 185 182 183 183 184 183 185 186 186 186 186 186 186 186 186 187 186
 188 186 183 187 185 174 122  91  90  95  93  79  66  85  59  69  84  67
  60  71 101 167 172 171 169 168 165 162 161 161 163 163 162 162 161 160
 160 160 159 158 154 158 150 153 156 118]","[ 89 186 183 183 183 185 183 185 186 186 186 186 186 186 186 186 189 185
 188 186 182 189 182 156  93  77  83  84  86  85  73  82  62  71  82  69
  59  71 108 162 166 163 160 160 163 167 166 164 161 160 160 159 158 157
 156 156 156 154 150 155 147 151 156 118]","[ 90 187 184 184 184 186 184 186 187 187 187 187 187 187 187 187 191 183
 188 187 181 190 176 132  79  68  76  76  77  75  55  54  62  67  74  70
  64  82 126 167 166 165 162 159 160 163 161 156 158 158 157 156 155 154
 153 152 152 150 147 152 145 151 156 119]","[ 91 188 185 186 185 187 185 188 187 187 187 187 187 187 187 187 192 180
 186 188 182 191 169 110  87  63  65  71  74  64  40  41  65  70  76  80
  75  86 122 144 154 163 169 164 159 158 157 155 160 160 159 158 156 155
 154 154 153 151 148 154 148 155 161 125]","[ 92 189 186 186 186 188 186 188 187 187 187 187 187 187 187 187 192 179
 186 188 182 191 164  97  91  53  50  66  76  65  46  59  74  80  86  92
  79  75  92  93 128 149 167 167 161 162 167 169 165 164 163 162 161 159
 158 158 156 155 152 158 153 161 168 132]","[ 85 198 183 183 188 185 191 192 187 188 188 189 190 191 192 192 190 191
 189 194 193 204 142 100  74  50  41  58  70  65  64  73  76  75  69  73
  83  80  78  89  83 120 158 172 167 162 163 165 164 164 163 162 160 159
 158 158 158 156 152 157 152 160 169 134]","[ 95 209 195 196 200 196 201 202 202 202 202 203 203 204 204 204 207 207
 204 206 202 208 143  99  77  62  53  62  75  79  77  75  65  63  57  64
  83  85  78  80  74 116 158 171 167 165 165 163 164 163 163 161 160 159
 158 158 158 157 152 158 153 161 169 134]","[102 216 207 209 213 207 211 212 211 210 210 210 209 209 209 208 213 213
 209 210 203 206 139  93  77  69  57  54  62  69  66  56  54  63  64  68
  82  86  80  80  71 118 161 170 166 168 167 162 164 163 163 161 160 159
 158 158 158 157 153 159 154 162 170 135]","[102 219 213 216 218 212 215 215 213 213 212 211 209 208 207 207 208 208
 206 208 202 205 137  91  83  72  58  48  43  40  40  41  59  81  89  84
  84  83  82  89  88 132 168 171 165 169 170 162 164 164 163 162 161 159
 159 158 159 157 154 161 156 164 172 136]","[100 218 214 218 220 212 215 215 217 216 215 214 212 210 209 209 208 209
 207 209 204 208 140  94  94  77  64  58  44  30  39  60  82  96  97  90
  89  85  82  89 122 154 177 173 166 169 171 165 166 165 164 163 162 161
 160 159 159 158 156 162 158 166 173 137]","[100 220 216 220 221 213 216 218 217 216 215 213 212 210 209 208 210 210
 207 209 203 208 140  95  95  78  69  69  57  45  60  91 100  95  83  82
  92  91  86  93 156 172 181 176 168 169 171 169 167 167 166 165 164 163
 162 161 159 158 157 164 160 168 175 139]","[101 220 218 221 222 214 218 221 215 215 214 212 211 209 208 208 209 209
 205 206 202 207 142  98  91  80  73  71  66  64  78  97  98  88  76  79
  89  89  98 122 177 178 179 177 173 170 171 173 169 169 168 167 166 164
 163 163 159 159 158 165 161 169 176 139]","[101 221 218 221 221 213 219 222 218 218 217 216 214 213 212 211 209 209
 206 208 205 213 149 106  92  88  79  71  70  77  84  88  84  84  82  86
  85  82 111 159 184 177 175 177 176 171 171 176 170 170 169 168 167 165
 165 164 159 159 158 166 162 170 176 140]","[103 224 220 222 225 220 221 217 219 218 218 217 215 213 211 210 212 205
 211 209 203 214 178  97 100  78  76  86  80  73  82  91  82  81  70  78
  77  88 144 185 183 181 179 178 177 176 174 172 171 169 167 166 166 165
 163 160 158 157 156 165 163 171 177 139]","[ 97 219 215 216 218 215 219 218 222 222 221 220 218 216 214 213 210 200
 205 203 198 208 184 121  96  85  85  87  79  77  82  80  79  80  79  90
  91 115 173 196 187 185 182 181 180 179 176 174 172 170 168 167 167 166
 163 161 159 158 157 166 164 172 178 140]","[106 228 226 225 226 222 228 229 223 223 222 221 219 217 216 214 220 208
 211 211 205 214 206 170  99  92  91  88  82  86  88  78  76  78  85  95
  95 134 193 191 187 184 181 179 178 176 173 171 170 168 166 165 165 164
 162 159 158 156 155 163 161 169 175 137]","[101 225 223 222 221 215 221 221 227 227 227 226 224 222 220 219 211 201
 202 204 198 203 205 193 116  93  81  83  84  90  92  85  89  90 100 106
 101 149 207 186 193 190 187 185 183 181 178 175 176 174 172 171 171 170
 168 165 164 163 161 169 167 175 180 142]","[105 228 229 231 232 226 230 229 222 222 222 221 219 217 215 214 214 208
 209 211 206 206 210 210 151  99  70  77  84  86  90  93  90  90  99 104
  98 147 205 185 190 187 184 181 180 177 174 171 171 169 167 166 166 165
 162 160 159 157 155 164 161 169 174 136]","[101 221 221 226 231 228 231 228 232 232 231 230 229 227 225 224 208 207
 206 206 205 202 202 206 187 118  75  79  85  83  88  96  89  91  98 107
 105 143 200 197 194 192 189 187 185 184 180 178 174 172 170 169 169 168
 165 163 162 161 158 166 164 171 176 138]","[117 230 225 228 235 234 236 233 229 228 228 227 225 223 221 220 216 219
 214 210 214 213 209 210 191 129  83  76  76  76  83  87  94  99 101 115
 114 132 182 201 192 190 187 186 185 184 181 179 175 173 171 170 170 169
 167 164 163 162 159 167 164 172 177 139]","[ 73 186 169 168 174 174 177 172 174 174 173 172 171 169 167 166 161 167
 159 152 160 161 155 154 170 122  80  63  58  64  72  70  72  77  76  90
  87  88 130 163 149 147 145 144 143 142 140 138 137 135 133 132 132 131
 129 126 125 124 121 129 126 134 139 100]"
