"[28 31 30 29 28 32 27 31 31 28 30 29 31 29 30 28 28 29 29 29 28 28 29 29
 29 30 29 30 29 27 30 30 29 30 29 29 31 31 29 28 29 31 29 29 29 30 30 28
 30 30 30 29 29 30 29 30 29 30 29 31 30 28 31 29 27 30 31 29 29 30 29 28
 30 29 29 29 29 29 29 28 28 30 31 30 29 28 28 30 31 28 28 30 30 28 30 29
 28 30 29 28 29 30 29 29 29 27 30 28 29 30 28 31 29 31 29 28 30 29 29 29
 29 30 28 30 28 28 31 30 28 31 30 30 30 28 29 30 30 28 29 29 29 30 28 30
 29 29 29 28 29 30 27 29 30 29 29 29 29 28 29 29 29 29 29 28 28 29 29 29
 29 29 29 30 29 28 30 30 29 30 29 28 29 29 29 30 29 29 29 29 29 29 29 29
 29 32 29 28 31 30 30 27]"
"[31 29 29 31 29 26 33 25 28 29 30 27 27 26 30 32 29 29 29 29 29 29 29 29
 27 29 28 29 30 29 30 27 30 30 29 28 28 27 28 30 28 29 30 30 29 28 28 30
 30 27 29 29 29 30 27 27 28 32 27 27 30 29 31 31 31 29 27 28 28 28 29 32
 28 29 30 29 29 29 30 32 29 28 28 29 31 32 30 28 28 28 33 30 27 29 29 31
 30 29 28 29 29 28 28 29 31 31 27 27 29 31 30 28 28 31 29 29 30 27 27 29
 30 29 27 30 32 30 29 25 31 30 26 27 29 29 31 28 28 28 30 29 28 28 28 31
 29 28 30 26 28 29 29 31 30 28 28 29 31 30 30 30 28 30 31 30 30 30 30 28
 31 29 28 29 30 29 28 27 29 31 30 29 29 28 28 29 29 30 29 28 27 29 29 28
 27 27 31 29 31 26 26 33]"
"[ 29  29 117 117 116 119 112 119 115 117 116 117 119 119 115 115 116 115
 117 120 121 119 117 117 119 122 122 123 125 124 123 118 122 126 130 135
 138 141 146 154 155 151 155 155 156 155 150 151 144 143 146 145 144 148
 157 167 179 206 223 233 244 246 244 242 245 244 246 247 247 246 246 246
 246 246 247 247 246 245 245 245 247 246 246 246 246 246 246 245 222 209
 199 175 161 160 151 148 141 142 140 134 130 134 135 128 128 132 133 141
 144 142 147 147 140 135 124 119 120 120 125 130 128 126 114  89  63  39
  25  24  18  17  20  27  25  19  21  20  22  19  18  17  17  18  16  16
  13  18  12  21  17  15  23  67 105  97  89  83  78  72  67  67  64  64
  63  63  64  64  58  50  44  43  44  46  48  49  48  47  43  46  46  47
  50  51  52  54  57  55  54  55  56  55  57  60  66  63  63  72  83 120
 124  26]"
"[ 31  28 115 113 119 110 113 108 114 123 122 121 115 112 108 115 113 110
 108 108 109 108 108 110 117 120 120 121 124 125 123 116 117 119 121 124
 125 123 124 130 140 137 144 146 152 160 158 162 163 156 152 149 145 141
 135 136 144 149 154 162 171 181 205 233 240 244 251 251 249 252 254 251
 252 251 251 251 251 252 252 252 252 253 253 253 252 252 253 253 253 250
 253 247 239 229 203 184 176 161 153 149 139 133 136 138 132 131 127 127
 124 123 129 132 136 142 144 143 138 131 130 130 128 124 120 114 117 112
  95  91  75  51  33  31  25  20  25  27  21  18  18  18  19  19  13  10
  12  13  20  14  11  38  77 101  98  89  82  78  75  70  68  69  67  66
  64  63  64  62  53  43  45  46  48  50  50  48  47  47  48  50  50  51
  53  54  55  58  59  58  55  53  52  54  55  56  55  54  75 101 108 122
 117  30]"
"[ 28  28 112 106 105 103 105 111 111 114 108 108 109 112 109 114 114 113
 113 115 116 115 115 115 114 116 116 117 121 123 122 116 117 117 118 121
 122 120 120 124 122 123 129 125 126 137 141 149 153 151 154 157 157 153
 146 146 141 143 145 142 139 144 150 153 163 177 195 209 220 236 247 252
 252 252 252 252 251 252 252 252 252 251 251 252 253 252 251 250 254 253
 252 251 252 254 254 251 247 235 226 212 186 164 157 155 151 144 140 132
 127 130 127 124 124 125 124 125 130 138 147 148 131 130 127 118 118 118
 113 117 122 107  94  83  60  37  27  20  18  16  17  16  17  20  19  19
  14  19  14  19  28  84 101  94  89  82  76  74  72  67  65  66  63  65
  64  60  57  55  51  47  49  49  51  53  53  51  49  48  50  52  51  51
  53  55  56  59  56  58  56  51  50  55  56  54  67  89 102 112 115 113
 104  30]"
"[ 30  32  80  84  81  84  92  92 104 111 113 112 108 105 104 109 109 111
 113 113 113 112 112 111 113 115 113 113 115 116 117 113 117 115 114 115
 117 115 115 118 118 119 121 113 110 114 114 117 116 119 127 129 129 131
 134 142 148 144 150 153 149 146 141 138 138 142 144 145 150 157 168 179
 200 212 229 244 251 253 253 253 253 253 253 252 252 252 253 254 252 253
 252 252 250 249 254 254 255 254 252 252 253 254 246 228 208 186 170 153
 140 137 136 139 135 129 120 118 119 123 125 119 121 125 126 123 122 118
 110 108 105 104 104 108 110 109 104  92  75  60  41  22  15  16  15  16
  17  18  26  53  93 106  95  91  83  76  69  67  66  64  64  66  66  65
  62  57  54  54  55  54  56  54  54  56  58  57  54  52  49  51  51  52
  55  58  60  63  63  61  61  63  62  62  66  72  96 118 116 117 111 108
 115  27]"
"[ 27  29  75  76  74  75  85  80  83  86  92  97 102 102 102 101 109 110
 108 104 102 105 109 111 112 113 110 111 111 111 114 113 113 113 112 111
 112 111 111 113 114 116 117 115 114 115 114 113 117 114 116 116 117 119
 117 119 122 128 136 136 140 147 148 149 151 156 154 151 151 144 136 137
 141 145 153 165 180 199 217 229 237 242 248 251 252 251 252 252 251 250
 252 252 253 253 253 252 252 252 253 254 253 252 253 254 252 243 241 236
 217 193 171 157 147 141 135 133 126 120 121 118 121 122 118 115 113 110
 108 104 102 104 102 100 101 104 106 103 101  91  82  74  69  62  43  29
  18  24  51  89 100  99  86  81  78  71  65  62  63  65  66  67  63  59
  55  54  55  56  56  56  61  59  58  57  56  54  52  52  55  56  55  55
  56  57  57  59  64  58  58  65  65  64  75  93 111 116 116 110 109 111
 107  31]"
"[ 30  28 109  95  95  91  88  85  72  69  71  68  72  75  84  87  85  92
  98  99 101 105 108 109 104 105 104 105 106 107 112 113 109 112 113 112
 111 110 110 112 113 116 115 115 113 112 115 117 115 113 114 113 115 119
 120 122 115 116 119 120 125 125 126 142 145 153 148 143 152 154 147 146
 143 138 134 133 136 141 145 147 150 164 189 217 239 249 251 250 253 251
 253 251 249 253 251 252 252 253 252 251 253 253 252 251 252 254 253 252
 252 254 249 228 216 191 164 152 144 136 135 131 125 121 110 104 100  98
 101  95 100 100  97 100 103 100  97  95  88  84  83  84  90  92  81  71
  54  68  93  99  93  88  83  75  68  65  62  63  66  67  64  61  54  52
  52  55  56  57  58  60  58  60  61  58  54  52  55  59  62  63  62  60
  60  59  57  59  59  62  64  66  70  83 105 123 119 120 112 113 109 109
 114  27]"
"[ 29  27 113 111 107 104  97  95  94  97  91  85  83  81  79  74  72  73
  72  77  79  90  98 107 104 104 106 102 100 103 101  97 101 102 105 109
 111 112 112 113 112 115 115 113 110 104 105 109 112 110 105 103 106 114
 120 118 119 112 106 115 117 118 115 110 109 121 119 122 141 145 139 143
 144 139 144 152 151 146 145 144 146 137 135 140 142 145 164 188 213 225
 243 251 250 251 253 251 252 253 251 252 252 252 252 251 250 252 253 252
 252 254 254 253 253 254 254 251 229 204 184 165 151 148 130 128 120 125
 117  99  90  87  89  87  87  91  89  90  83  79  68  66  72  80  74  71
  80  98 103  96  91  81  69  65  60  58  60  66  70  68  61  53  42  43
  47  52  55  58  60  58  55  58  58  55  53  54  59  63  62  66  63  62
  58  60  58  59  59  64  74  74  79 106 124 120 115 117 112 108 109 111
 114  28]"
"[ 29  31 122 124 122 118 105  97  96 102 100  97  95  94  97  98 100  97
  88  82  73  71  66  64  71  73  80  84  88  95  97  98  94  97 100 102
 105 108 108 106 112 111 108 109 110 107 108 112 112 106 101 104 105 106
 111 112 113 108 104 112 114 115 113 108 108 114 114 114 118 118 114 116
 121 116 121 132 136 139 147 152 155 145 142 146 144 134 130 134 141 149
 160 175 189 208 227 242 246 250 248 253 253 252 252 252 253 253 253 252
 252 252 253 253 254 253 252 254 254 253 252 244 240 216 180 163 149 141
 132 117 111 110 115 108  94  88  85  80  83  70  68  69  74  77  79  86
  88  95  95  88  82  72  63  61  65  65  67  70  68  61  50  40  41  40
  43  47  50  54  55  53  50  54  57  57  56  57  59  62  63  68  65  62
  57  60  60  64  68  67  80  94 104 116 119 115 114 116 114 112 112 115
 117  29]"
"[ 28  29 117 118 123 131 128 125 118 124 123 119 112 104 101  98  97  97
  92  88  82  84  82  82  84  77  72  65  60  62  65  68  81  85  85  85
  91 101 107 106 106 103 103 108 111 109 107 107 108 106 106 111 108 102
 104 106 108 107 105 110 109 110 111 109 107 106 110 114 113 113 114 113
 116 111 113 117 116 112 112 114 130 129 133 142 146 143 139 140 146 146
 135 135 136 141 146 161 180 193 208 230 244 250 251 251 253 252 251 252
 253 253 251 250 252 254 251 252 253 253 255 252 254 254 252 251 242 219
 194 165 151 131 118 114 106 103 102  90  78  67  67  66  75  82  91  97
  96  91  86  80  74  66  62  63  70  68  66  64  58  52  45  39  40  39
  40  44  49  54  55  52  52  56  61  63  62  62  63  64  67  67  64  65
  62  62  65  74  72  79  99 114 118 117 114 114 113 114 114 114 113 116
 120  29]"
"[ 32  30 114 111 110 113 108 104 111 117 117 119 121 118 114 108 102 104
 103  98  91  89  92  96  97  96  98  94  88  85  79  77  79  82  81  78
  78  80  78  73  80  83  90 100 105 110 108 108 103 104 104 104 102 102
 107 107 102 101  99 105 105 109 111 109 108 101 103 110 111 110 109 105
 100 100 106 113 114 109 106 105 113 114 117 120 120 122 126 130 137 144
 138 145 146 141 130 141 136 136 130 138 151 171 187 196 217 228 243 251
 251 250 253 255 248 254 254 253 253 252 254 254 251 254 253 253 254 254
 254 253 248 228 206 188 155 124 119 118 111 103  89  82  91  96  99  95
  91  80  73  69  65  63  64  64  71  66  63  61  55  48  41  37  41  41
  44  49  53  58  60  58  60  62  65  66  66  66  66  65  65  69  68  65
  64  67  71  75  80 100 119 119 114 113 112 114 114 112 113 113 111 115
 120  29]"
"[ 27  27 115 115 112 108  99  96 106 108 104 104 110 114 114 109 104 105
 107 106 100  92  94 100 103 103 104  98  92  92  89  86  87  88  88  85
  81  76  70  65  66  69  76  80  79  88  89  90 101 101 100 100 100 102
 106 104 105 101  96 103 105 107 106 101 106 100  98 103 109 109 106 105
 102 102 105 110 112 109 105 105 107 108 108 108 108 111 114 117 110 118
 115 126 131 131 125 139 146 148 139 134 130 133 133 132 135 141 154 174
 197 216 229 235 244 251 252 252 252 253 254 253 254 253 250 254 253 250
 250 252 254 254 250 251 235 203 186 183 174 161 118 104 105 100  97  91
  83  72  66  64  63  64  66  64  67  58  55  58  57  51  48  47  47  48
  52  56  58  62  64  63  63  64  65  65  65  65  65  64  66  64  65  68
  68  65  73  88 102 114 121 114 110 112 112 113 114 112 113 114 112 116
 120  29]"
"[ 31  30 118 118 116 115 112 113 108 110 105 103 105 108 111 110 109 104
 105 105 104  97  98 103 104 105 107 102  97  98  95  90  98  97  95  92
  87  80  75  73  77  79  82  79  68  75  73  74  80  80  84  89  87  86
  98 107 104 103 102 108 105 103 103 102  98  97  95  96 102 103 103 107
 106 105 104 104 105 101  98  99 101 102 103 105 106 107 108 109 104 106
  98 100 100 102 102 114 123 134 138 142 142 145 145 144 135 134 129 123
 122 129 139 145 168 191 217 238 249 252 252 250 251 254 253 254 253 253
 253 254 251 254 254 254 254 252 251 253 253 226 157 121 106  95  90  82
  78  70  66  66  65  66  66  62  60  51  49  56  58  57  57  58  56  58
  61  63  62  63  65  65  64  65  66  66  66  66  66  65  66  60  60  66
  72  74  93 116 122 117 114 113 113 111 109 114 114 115 116 117 116 119
 121  29]"
"[ 27  27 115 115 115 117 116 116 114 116 114 113 111 107 109 111 113 106
 104 104 107 102 104 106 107 106 107 103 100 102 101  99 100 102 105 106
 105 101  98  97  87  84  86  85  74  79  74  76  79  75  74  75  65  57
  71  87  87  88  90  98  95  94  99 105 101 104 104 100  97  96  98  99
 101 102 100  99  99  96  94  96  97  97  99 102 102 101 103 106 102 104
 105 107 105 105 105 107 100 103 100 104 107 115 122 128 138 138 134 130
 131 132 130 124 122 125 126 127 132 151 178 190 203 222 241 245 251 251
 251 251 252 253 252 249 251 252 248 248 249 207 144 109  97  91  85  75
  71  66  64  65  65  63  60  58  56  53  56  61  62  60  57  55  63  64
  66  66  64  66  69  69  68  69  70  70  70  70  69  68  64  68  70  68
  85 104 120 124 122 113 112 114 114 112 110 116 116 118 118 118 119 120
 120  29]"
"[ 29  30 117 114 113 118 116 115 116 116 114 117 114 107 109 114 114 110
 111 111 114 110 111 111 110 106 106 103 101 103 104 105 104 105 107 107
 109 111 115 118 114 103 101 100  87  90  81  83  83  79  80  84  76  64
  67  74  75  70  67  77  78  80  85  90  96 100 105 102  96  96  99  96
  96  98  95  93  92  90  90  95  95  93  94  98  99  98  99 101 101 101
 103 103 101 103 107 105 105 103  97 103 106 105 102 101 106 110 114 121
 132 140 137 129 130 130 128 124 117 117 121 115 119 130 148 153 173 185
 208 225 246 246 254 253 251 250 244 242 194 139 101  90  91  83  74  65
  68  63  62  65  65  61  58  57  58  58  59  60  60  61  61  60  65  65
  66  66  65  68  72  73  73  73  73  72  71  72  72  71  74  71  77  90
 113 120 120 115 114 111 114 114 114 116 116 116 118 121 119 118 120 120
 118  29]"
"[ 28  33 115 112 118 120 115 117 114 116 118 117 114 111 112 114 114 112
 112 113 115 114 112 111 109 109 104 105 105 107 102 103 102 105 103  99
 101 108 113 115 112 118 119 113 110 110 108 103  98  91  91  91  87  72
  70  74  81  75  72  73  69  62  61  66  66  68  82  85  89  97  93  89
  91  98  96  95  91  92  86  82  82  91  96 105 104 100  96  96  95  97
 100 101 100 103 105 103 102 103 101  97  98 102 103 101 101  98  96  99
 103 104 106 108 112 124 131 129 127 129 128 124 111 107 107 107 109 112
 121 136 160 184 213 239 247 249 236 186 131 102  88  87  83  72  62  62
  67  65  64  66  63  57  54  55  57  58  60  59  60  63  65  61  62  65
  66  66  68  72  75  74  77  81  75  71  76  74  70  75  75  69  84 109
 116 113 114 115 114 113 113 114 117 119 119 119 120 120 119 118 116 117
 118  29]"
"[ 28  29 121 118 115 115 115 115 118 115 113 114 115 114 113 113 114 115
 116 116 114 113 113 115 112 110 107 109 104 106 105 103 102 103 101  97
  97 100 100  96  97  98  96  94  98 106 109 107 104 103  99  96  96 101
  98  89  86  84  83  79  72  65  63  66  69  62  66  66  63  64  62  69
  67  76  87  93  89  88  82  80  83  81  80  91  94  95  96  98 100  98
  98  98  97  97  98  97  96  96  96  97  96  95  96  98  98 100 101 101
  99  97  97  97  94  98 100 102 101 104 106 109 113 113 115 114 115 116
 111 107 112 119 132 147 155 181 152 109  94  81  77  73  67  63  62  65
  67  67  66  63  55  48  48  52  58  58  60  63  63  64  65  63  65  64
  65  69  75  79  80  80  79  75  74  72  71  74  77  76  87  98 116 123
 115 110 112 113 114 114 114 115 117 118 118 117 121 120 117 116 115 117
 118  29]"
"[ 31  27 120 117 117 115 112 111 114 114 118 119 115 112 113 116 111 112
 114 116 116 116 117 117 114 111 113 115 108 111 112 107 106 106 107 105
 102 104 104  98 102 101  98  96  98 102 104 102 105 106 103 102  97 105
 105 101  97  96  95  92  89  86  82  79  81  70  67  68  69  63  56  61
  54  53  61  67  66  71  70  72  75  73  73  77  67  65  79  94  92  95
  99 100  98  98  97  94  95  94  94  94  94  94  96  99  98  99  99  98
  98  98  98  96  98  96  91  91  87  90  91  94 101 101 108 111 109 112
 113 115 118 105 115 123 125 127 107  96  89  82  78  72  67  65  64  64
  64  62  57  50  43  43  51  59  58  57  60  65  65  64  65  66  68  66
  68  74  80  82  82  82  81  77  73  73  76  76  77  82 107 115 120 119
 116 117 116 112 114 115 116 118 120 121 121 120 122 121 118 118 118 120
 120  29]"
"[ 29  27 123 120 130 123 110 110 114 110 113 117 118 117 116 114 118 117
 119 119 116 115 114 111 108 107 111 114 111 113 113 109 105 105 108 106
 101 105 109 106 100 101 102 103 103 104 104 104 102  96  94  99  99 102
 103 101 101 101 100  99 100  99  96  92  88  91  94  90  85  76  68  72
  57  51  56  60  58  66  65  67  64  58  58  66  56  53  64  77  90  97
 100  94  92  97  97  90  89  89  89  88  91  95  96  94  95  96  97  96
  95  96  97  97  96  96  89  88  85  90  88  88  93  87  89  84  77  84
  98 109 115 114 118 124 123 107  94  82  82  75  70  69  67  65  61  60
  62  56  46  39  38  44  52  57  57  57  61  65  65  64  68  71  69  70
  74  79  81  81  81  82  82  81  79  78  80  81  89 102 120 120 116 114
 114 114 113 116 117 118 119 121 123 123 123 123 121 122 122 122 122 123
 122  29]"
"[ 29  33 148 147 153 142 131 131 130 124 124 125 122 121 119 114 114 117
 123 123 116 114 116 114 113 114 114 112 115 114 112 109 110 108 109 106
 101 104 109 106 106 105 104 104 102  99  98  98  99  98 101 100 101 103
 106 101 103 104 104 103 100  97  96  96  97  98  97  95  96  94  88  87
  81  76  78  76  67  71  70  70  67  55  50  59  53  47  46  46  57  68
  78  81  85  93  94  87  88  88  86  84  84  87  88  87  88  92  97  98
  95  91  94 100  91  90  84  84  83  88  86  85  79  82  90  86  79  82
  81  75  72  89  86  90  77  71  65  59  69  68  66  66  65  63  61  60
  52  47  40  39  44  50  52  50  53  57  64  66  65  67  72  74  70  73
  78  81  82  82  81  80  82  81  86  84  81  95 115 123 122 119 115 116
 119 115 113 119 120 121 122 123 123 122 121 121 120 122 123 123 122 122
 122  29]"
"[ 29  27 160 163 159 153 154 151 144 142 144 142 133 128 125 118 118 118
 124 125 118 118 119 115 116 116 113 108 114 115 115 115 115 111 109 108
 108 112 113 109 106 104 103 105 106 105 102 101  97 103 108 103 103 101
 105 105 106 103 101 102 102 100  99 100  95  98 100  99  97  96 100 107
 101  95  87  84  77  78  79  78  70  61  53  58  55  54  54  52  50  52
  54  52  51  57  70  79  75  77  83  89  88  84  83  84  81  82  85  87
  84  82  85  91  89  83  79  78  80  78  78  78  76  76  80  78  75  77
  75  71  75  73  67  71  69  68  62  62  63  68  65  61  59  56  53  49
  44  42  41  43  48  52  53  51  51  58  65  66  65  69  74  75  74  77
  79  81  82  81  79  76  79  86  89  88  97 115 125 123 121 117 112 115
 122 122 118 119 121 122 123 122 122 121 121 121 121 123 122 121 120 121
 122  29]"
"[ 31  26 167 169 165 164 172 167 166 161 162 162 159 160 156 142 145 141
 143 140 132 129 126 117 115 113 111 105 109 113 119 118 113 110 106 106
 110 115 115 111 109 108 108 109 109 107 103 100 101 101  99 100 107 106
 103 104 105  99  95  97 102 103 101  99 100  97  96  97  96  96  98  98
  96  92  83  89  90  89  89  86  91  86  74  73  72  75  74  71  60  58
  57  53  46  45  55  64  61  56  54  56  59  64  72  80  82  79  76  74
  73  72  73  75  80  77  79  79  85  82  83  81  78  74  75  74  71  67
  65  69  66  69  76  71  69  63  59  60  62  66  61  58  57  53  49  46
  47  45  44  44  47  50  53  55  57  61  64  63  62  67  74  75  79  79
  79  80  79  76  75  75  80  94  96  99 115 123 118 117 121 121 119 118
 118 118 118 119 122 123 123 123 122 122 123 124 123 124 123 122 121 123
 123  29]"
"[ 29  31 173 174 175 171 175 174 176 173 173 169 163 167 170 162 160 158
 162 160 151 151 152 145 140 132 130 121 115 116 122 116 117 116 112 110
 114 116 116 116 114 114 114 112 108 106 104 104 105 110 103 101 104 106
 100 104 105 101  97  96  99 101 100  98  97  96  96  95  92  94  98  94
  92  91  80  89  90  85  88  89  90  99  96  94  88  89  89  89  83  77
  73  69  66  64  64  62  65  60  54  52  55  60  61  60  60  61  61  58
  56  57  57  57  61  65  75  74  84  82  84  76  71  72  71  66  65  66
  64  65  66  67  65  70  62  59  53  56  55  56  52  54  53  43  42  46
  45  43  43  45  48  53  58  62  66  65  64  61  60  66  73  76  79  79
  81  81  77  72  74  80  86  96 107 115 116 114 116 122 122 122 122 123
 123 121 119 119 124 125 125 123 122 121 123 124 124 125 124 124 124 125
 123  28]"
"[ 30  28 176 179 177 177 181 184 178 181 179 180 175 179 182 183 178 172
 176 173 163 167 161 161 153 146 156 147 139 136 134 135 131 127 122 118
 122 121 114 113 110 111 110 114 112 108 110 107 108 109 104 100 106 103
 104 103 104 104 101  97  99 101  98  99  95  94  94  95  95  94  95  97
  95  92  89  87  87  87  86  84  81  87  87  85  84  88  96  93  89  87
  83  81  82  82  78  73  74  76  61  59  53  60  58  52  46  47  56  53
  48  49  42  42  49  47  47  49  68  66  66  68  66  68  67  66  66  66
  63  62  60  59  57  59  62  58  51  49  51  48  50  48  44  40  41  48
  45  44  45  48  52  59  64  64  64  66  66  67  71  74  77  79  78  74
  81  80  75  73  81  89  99 112 118 117 118 118 119 126 128 126 124 123
 123 122 122 122 126 125 123 122 123 124 123 122 123 122 125 125 127 124
 123  29]"
"[ 30  28 147 156 164 166 173 169 168 178 180 179 171 174 179 180 184 179
 179 176 165 168 171 181 180 170 174 169 163 157 156 161 151 149 145 142
 138 131 120 121 119 120 117 117 113 110 109 103 104 108 107 103 108 106
 107 105 103 102 103 103 103 100  95  95  93  96  97  96  96  97  97  95
  98  96  93  91  92  90  85  79  80  81  80  82  83  86  93  91  88  86
  84  83  83  84  83  80  85  89  80  76  65  66  61  57  52  49  53  49
  46  47  39  37  43  42  38  31  47  49  50  48  57  58  59  58  55  52
  51  51  53  48  39  38  45  52  53  53  50  45  44  42  40  40  42  48
  45  44  45  50  56  62  64  62  62  68  71  73  76  78  79  79  77  75
  78  80  77  84  93 103 114 121 121 118 119 120 121 126 129 128 126 125
 123 123 124 125 128 128 128 126 125 125 125 125 121 122 126 127 128 126
 125  29]"
"[ 28  31 137 134 130 127 136 139 137 145 151 159 160 168 174 173 178 182
 179 174 167 172 176 179 178 170 170 174 178 174 172 173 174 168 160 162
 163 163 154 157 151 148 143 141 135 130 127 122 121 114 107 108 115 109
 108 108 112 109 110 111 107 103 103 103  98 100 102 102 100  98  94  90
  98  96  93  90  89  89  87  83  81  79  78  82  82  81  84  84  82  83
  82  82  82  82  82  82  82  87  87  87  82  86  81  82  75  68  69  65
  64  62  51  44  47  46  42  34  45  44  40  35  26  23  26  31  33  35
  35  33  39  36  33  34  39  47  48  43  40  34  33  33  36  39  41  45
  48  48  51  56  59  62  62  59  62  69  75  76  78  79  78  78  75  75
  77  79  79  94 106 116 121 123 121 120 124 125 123 125 129 129 128 126
 123 122 124 127 129 130 130 127 124 124 127 129 123 122 128 129 127 125
 127  29]"
"[ 28  30 155 151 147 145 137 138 136 132 131 139 142 140 139 136 145 154
 155 159 163 172 175 175 180 180 174 175 180 178 179 176 175 178 177 180
 174 172 162 167 165 161 161 164 160 152 146 143 145 138 131 129 128 115
 115 120 116 111 112 116 115 115 116 108 104 104 105 107 107 102  97  94
  95 100 102  98  93  91  89  86  88  84  83  87  87  84  82  80  80  81
  82  82  81  81  80  80  82  81  82  83  81  86  80  82  84  77  77  75
  76  75  67  60  51  48  46  45  52  44  38  35  34  26  27  32  31  31
  30  24  24  23  25  27  28  34  38  35  31  28  31  35  40  44  45  50
  49  52  58  61  60  61  63  62  66  72  75  75  76  77  77  78  80  78
  80  85  96 111 120 126 123 123 122 124 129 129 126 126 129 129 129 127
 124 122 123 125 129 130 129 125 122 123 128 131 128 124 128 127 124 124
 127  29]"
"[ 32  30 177 179 183 186 177 174 166 159 151 149 146 141 144 144 141 142
 138 142 140 138 138 142 145 158 164 172 173 169 171 169 178 181 177 178
 174 179 173 178 179 175 175 174 170 166 161 159 159 157 151 148 153 147
 141 134 144 130 117 115 114 121 127 117 120 119 115 111 107 103  97  91
  97 101 103 100  95  94  95  95  91  86  86  88  89  88  83  79  83  82
  82  82  82  82  81  80  77  73  75  76  76  81  77  79  81  75  73  73
  75  78  77  75  70  64  60  60  62  52  46  46  39  32  33  35  32  30
  29  25  21  18  19  20  19  22  26  27  25  26  32  37  41  44  46  51
  50  53  58  61  61  64  68  69  72  75  76  74  75  76  78  81  86  82
  90  98 120 128 130 128 130 130 129 129 131 131 130 130 130 129 129 128
 127 125 125 125 129 129 128 126 124 125 128 130 130 125 128 127 125 126
 128  29]"
"[ 28  27 173 176 175 176 182 179 179 181 183 181 178 173 173 167 154 150
 145 145 142 143 139 139 136 139 138 145 141 138 143 148 153 157 159 167
 177 188 180 178 186 186 186 178 174 176 175 172 173 176 175 172 173 165
 164 164 167 162 155 152 145 145 147 133 138 139 135 127 126 128 125 118
 116 114 111 106 103 103 105 106  97  95  97  93  88  88  87  87  85  82
  79  79  80  81  81  81  80  79  80  80  77  77  75  78  81  76  74  73
  73  73  74  73  73  72  69  66  63  58  55  54  58  51  49  48  43  39
  35  30  27  23  21  21  20  20  20  21  30  32  39  42  43  46  49  55
  54  54  57  60  64  69  72  72  73  75  76  76  77  77  81  87  90  94
 111 117 135 132 132 129 134 134 135 134 133 132 132 131 131 130 129 131
 131 131 129 128 128 129 129 128 128 127 127 125 128 125 129 129 129 129
 129  29]"
"[ 30  30 171 179 176 175 177 172 177 176 176 174 178 181 189 186 185 181
 178 170 164 169 161 152 147 142 139 145 141 139 136 133 137 141 142 141
 144 151 153 161 164 168 176 175 174 177 177 178 183 179 175 176 179 169
 167 169 172 174 171 171 163 161 168 161 159 158 154 150 149 148 142 136
 133 131 129 125 118 110 104 102 103 100 101  95  88  87  86  89  88  85
  82  82  83  82  81  81  77  80  82  82  81  78  80  81  80  76  74  73
  70  66  64  61  64  67  67  64  62  63  63  63  58  54  50  49  49  46
  40  34  32  30  25  21  21  22  26  29  31  33  38  39  41  44  47  53
  59  58  60  63  66  71  74  73  73  76  79  81  81  80  86  95 101 113
 131 131 138 132 133 135 134 135 136 135 133 134 134 132 132 130 130 132
 133 133 132 131 129 129 130 130 130 130 127 125 125 126 130 130 131 131
 129  29]"
"[ 28  29 173 180 173 176 175 179 175 174 176 176 177 172 175 173 177 174
 179 176 169 177 175 175 179 177 176 178 171 171 163 153 146 146 143 134
 132 131 133 143 139 135 141 144 144 147 155 166 171 176 179 180 185 179
 180 181 180 180 177 181 178 176 182 177 177 172 171 175 174 164 156 153
 151 151 151 147 138 126 120 120 119 109 107 104 103 103  98  96  95  92
  91  91  91  88  85  84  80  84  82  84  84  81  84  82  82  77  73  74
  72  69  68  65  65  66  64  59  53  53  56  59  50  52  51  49  48  45
  39  36  36  40  37  29  25  25  28  33  34  34  39  40  42  46  48  53
  60  61  65  67  69  72  76  76  75  79  83  87  86  84  91 103 109 121
 133 130 134 134 135 137 139 138 135 131 130 134 137 135 132 130 130 131
 133 133 132 131 131 131 130 130 131 131 130 128 125 128 131 129 131 129
 127  29]"
"[ 30  28 187 188 182 181 177 177 178 177 176 174 174 175 176 176 175 171
 172 175 175 173 173 174 172 172 170 173 172 174 175 179 182 177 173 174
 171 163 156 154 151 151 145 143 131 132 133 131 132 132 140 143 142 152
 154 162 171 175 178 188 188 186 179 181 180 184 181 178 181 176 173 178
 175 174 171 175 172 161 154 148 154 138 135 130 129 121 100 102 100 104
 101  96  98  99  93  89  86  83  87  90  90  86  84  89  85  79  79  75
  74  71  72  67  67  65  61  53  46  46  49  48  47  44  42  41  41  39
  37  37  36  34  37  36  31  29  31  35  35  33  38  39  39  47  54  57
  62  66  69  69  69  72  78  82  80  81  86  87  96 104 110 122 123 130
 137 139 139 139 139 137 139 139 139 137 136 138 139 137 134 132 129 131
 136 136 133 132 133 133 133 131 130 131 132 133 130 130 130 130 131 130
 130  28]"
"[ 28  29 192 196 192 191 186 186 181 181 181 180 180 180 177 175 171 170
 171 173 174 174 173 172 170 171 171 174 172 172 171 173 180 174 172 178
 181 177 173 173 173 173 167 166 156 153 148 142 140 134 134 133 136 145
 137 132 137 140 145 154 158 158 161 169 173 180 184 185 185 180 177 181
 181 181 181 187 184 175 175 178 172 161 154 153 154 149 130 126 118 113
 108 106 106 104 101 102  92  89  92  96  98  95  88  86  82  79  82  81
  81  79  78  71  71  68  64  59  51  47  47  46  49  45  42  41  40  37
  34  32  32  32  34  32  30  30  29  28  31  32  39  40  39  47  55  60
  63  65  69  71  72  77  81  80  82  87  90  90 101 116 120 125 130 133
 138 142 146 146 143 139 138 137 137 138 137 138 139 139 137 135 133 134
 137 137 134 134 133 133 132 130 130 131 132 132 130 130 131 130 131 131
 131  29]"
"[ 28  29 192 195 192 192 190 188 189 188 187 187 188 189 188 185 186 183
 180 176 174 174 173 169 175 175 172 173 169 170 169 171 174 170 171 174
 173 169 168 170 174 174 172 177 178 180 179 174 171 167 163 158 155 161
 147 136 134 132 133 135 136 131 133 140 137 141 146 153 159 164 167 170
 182 187 189 191 190 185 181 176 182 180 171 169 165 160 152 151 147 138
 131 127 123 118 116 116 108 105 104 100  97  95  89  86  90  85  83  79
  81  80  80  76  73  69  67  65  60  56  54  53  52  47  41  39  37  35
  32  31  36  33  31  31  27  22  23  26  30  30  36  40  44  53  59  64
  67  67  71  73  73  79  83  81  86  94  96 102 113 131 131 133 141 141
 142 146 151 151 148 144 140 137 139 140 139 137 139 140 138 138 136 136
 138 137 135 136 136 135 133 131 131 131 132 131 130 131 132 131 131 131
 131  29]"
"[ 30  30 191 192 190 192 192 190 188 188 188 189 191 192 192 190 190 188
 187 188 189 192 193 191 188 185 180 178 173 173 169 169 167 167 168 170
 169 168 169 172 171 170 168 171 173 174 174 170 169 172 175 174 172 179
 174 169 172 167 165 159 158 146 141 139 141 136 133 133 132 134 137 136
 132 139 147 156 167 177 179 177 180 179 176 174 174 164 153 148 147 145
 143 139 135 135 134 128 120 119 116 108 105 108 106 106 103  95  88  81
  81  81  83  80  80  74  71  69  66  62  59  56  51  46  42  40  40  38
  36  35  35  37  34  32  31  32  31  29  32  32  37  43  49  57  61  64
  64  66  70  71  70  77  86  87  92 100 105 121 129 139 137 144 151 150
 149 150 151 150 150 151 144 142 143 143 140 138 138 138 138 139 138 138
 138 137 136 137 139 138 136 133 132 131 132 131 132 132 133 131 131 131
 132  29]"
"[ 30  29 191 191 192 194 194 190 186 188 191 193 193 192 190 188 188 188
 191 195 195 193 191 188 189 188 185 187 185 185 180 177 182 181 178 174
 173 173 171 167 167 169 168 171 174 173 174 173 171 172 172 172 168 173
 172 171 175 176 178 175 180 177 174 170 165 160 158 153 144 140 139 137
 139 134 131 132 132 130 132 137 145 148 159 152 147 124 105  99 113 120
 128 131 133 142 145 138 137 134 131 124 122 124 120 116 116 110 104  98
  99  95  93  89  87  81  74  70  68  67  63  57  53  51  49  48  47  44
  41  39  43  42  36  34  34  29  30  30  32  35  41  45  50  54  57  64
  63  65  70  73  75  83  94  99 102 112 119 135 139 143 143 153 159 156
 153 152 151 150 150 151 146 146 146 144 140 140 140 138 137 140 140 139
 139 138 137 139 138 138 137 134 132 131 131 131 133 132 132 130 132 133
 133  29]"
"[ 29  28 193 195 197 195 193 188 191 193 195 196 196 195 194 194 189 189
 193 197 195 192 191 189 188 188 187 191 192 196 193 191 191 193 191 187
 186 188 187 185 179 178 175 173 176 172 174 174 177 175 172 172 166 168
 168 169 168 172 173 168 171 172 173 171 173 170 172 174 172 171 172 169
 161 154 150 145 141 136 129 129 123 126 136 123 112  91  80  84  91 100
 111 120 128 136 141 140 137 137 138 134 133 135 132 131 129 126 122 116
 118 111 105 100  94  89  82  77  75  75  71  65  52  50  50  52  56  60
  63  66  65  56  36  31  35  35  35  33  30  33  39  43  50  54  56  63
  66  68  72  78  84  92 101 108 116 129 134 143 144 148 151 158 161 158
 154 153 153 152 149 147 147 147 147 144 142 143 143 140 138 141 140 139
 139 138 138 139 137 138 137 135 134 133 133 133 132 132 132 131 134 136
 135  30]"
"[ 30  30 196 199 201 195 194 191 194 194 195 194 194 195 196 195 191 192
 195 194 190 189 189 188 193 193 190 191 190 195 195 195 190 193 195 192
 188 188 190 193 193 191 185 181 185 181 182 182 181 181 178 180 174 173
 171 169 169 172 170 167 167 171 171 171 168 165 165 167 168 169 169 166
 174 175 178 174 175 177 168 160 156 146 126 108  97  88  81  82  90  98
 107 115 124 129 131 131 136 135 137 134 132 132 130 132 134 131 127 120
 123 117 112 108 106 102  97  94  90  86  82  77  74  69  64  63  64  68
  72  75  80  99  91  66  42  29  34  36  32  33  37  42  51  57  58  64
  67  72  76  83  92  97 105 118 130 143 145 147 150 154 158 160 161 159
 157 155 156 157 153 148 150 148 147 146 145 145 145 142 141 143 141 138
 138 138 137 138 138 138 137 137 137 137 136 135 132 134 135 134 136 137
 135  29]"
"[ 30  28 194 195 197 193 195 195 194 195 196 196 196 195 193 191 189 194
 198 197 193 194 195 193 188 191 191 193 191 195 194 195 194 193 194 194
 192 190 191 195 190 188 185 185 193 188 187 185 186 187 187 194 194 195
 188 180 180 180 174 174 172 174 168 166 164 165 166 167 167 166 167 168
 170 170 172 168 167 169 165 165 164 154 119 104  93  93  89  85  88  98
 105 111 121 127 125 124 120 117 121 125 130 130 126 126 128 127 123 117
 121 117 113 111 109 106 106 107 104  99  96  94  87  81  76  74  75  76
  76  76  83 101 111 111  83  41  30  38  36  39  43  46  51  54  57  66
  71  80  85  92 102 106 117 136 139 148 149 152 158 159 162 162 162 163
 162 159 160 160 158 155 154 150 148 149 147 145 145 144 145 146 143 139
 139 139 138 138 139 138 137 137 139 139 137 134 133 136 138 137 137 137
 134  28]"
"[ 30  28 195 197 199 199 199 196 197 196 196 197 197 196 196 196 196 196
 196 194 192 192 194 193 191 193 194 193 194 196 196 195 192 195 194 190
 189 194 197 196 193 189 187 188 190 190 190 191 191 189 190 192 193 194
 194 191 191 193 194 189 184 181 179 178 174 172 171 173 172 168 165 165
 167 169 169 169 167 162 160 163 163 159 117 105  99  97  94  88  87  98
  99 109 123 126 127 130 131 131 129 123 116 115 116 114 114 113 112 112
 115 117 115 111 111 112 111 107 105 105 102  98  95  90  85  79  77  75
  75  75  83  98 106 120 122  85  38  42  40  43  44  47  48  50  59  66
  74  81  92 103 112 123 134 139 146 151 155 157 159 163 164 162 169 168
 164 161 161 159 157 159 154 152 151 151 147 145 145 144 145 142 141 143
 143 141 139 140 137 138 139 139 138 138 137 137 137 137 138 138 137 136
 137  28]"
"[ 30  29 197 199 201 199 199 196 198 197 196 196 196 196 196 196 196 198
 199 197 194 196 198 196 192 194 195 195 195 196 196 194 190 194 196 195
 195 196 195 194 193 191 190 192 194 193 191 191 191 190 191 194 194 194
 193 190 192 192 191 188 187 188 192 194 190 188 187 187 186 182 180 180
 177 172 166 166 169 168 164 162 168 161 119 113 103  99  95  90  87  96
  99 109 123 128 131 137 153 154 153 149 143 139 136 132 130 132 130 123
 119 119 114 106 101 103 107 104 105 103 107 107 106 102  90  82  75  73
  75  74  76  93 103 118 127 105  59  46  47  44  43  44  48  50  58  70
  87  91 103 118 129 138 144 147 150 155 159 161 162 164 164 161 167 167
 165 164 164 161 158 159 156 153 152 151 149 148 148 147 146 142 140 142
 144 142 140 140 138 139 139 140 140 139 138 138 138 138 139 139 138 138
 138  28]"
"[ 28  28 197 200 200 198 198 196 202 200 199 198 198 197 197 198 196 199
 202 198 195 197 197 193 192 194 195 196 196 196 195 194 192 194 196 195
 194 194 194 194 193 191 191 193 194 192 190 190 191 191 193 195 195 194
 194 191 188 189 192 194 194 191 189 188 190 189 188 190 189 187 188 189
 188 188 186 186 188 185 178 172 175 162 113 110 102  99  93  88  84  90
  96 104 116 122 124 133 144 147 150 153 154 155 155 153 157 152 151 152
 146 135 130 131 129 124 125 116 114 102 102  99 104 103  86  82  75  75
  78  76  78  93 102 111 124 120  84  56  55  48  45  44  50  55  63  83
  89  95 110 128 138 143 147 149 153 157 161 162 163 164 164 162 166 166
 166 166 167 165 163 163 163 158 155 153 151 150 150 149 146 142 140 142
 144 143 142 141 139 139 139 140 140 138 138 137 140 139 139 140 140 139
 139  28]"
"[ 29  30 200 203 203 201 202 202 205 203 202 201 200 199 199 199 196 198
 200 199 196 197 197 193 194 195 196 197 197 197 197 196 197 196 195 195
 194 193 194 195 195 194 193 194 195 194 193 193 193 192 194 195 195 195
 195 194 191 190 192 194 195 193 191 192 190 189 188 189 188 186 187 189
 187 191 191 188 187 185 181 180 186 176 126 110 106  99  90  83  84  88
  96 103 113 120 121 131 144 147 148 148 150 152 152 152 145 145 149 153
 155 154 153 154 151 146 145 137 134 122 118 113 111 104  80  81  75  76
  81  81  85  97 106 110 119 126 103  71  67  57  50  45  54  63  69  89
  96 105 121 135 140 144 149 152 156 159 160 161 162 165 166 166 169 169
 168 168 169 167 165 166 165 161 157 155 152 151 151 150 146 143 142 143
 144 143 142 141 142 140 140 140 139 137 137 137 141 140 140 140 139 138
 138  28]"
"[ 29  30 201 203 203 202 204 204 204 203 202 202 201 200 200 200 198 196
 197 198 198 200 201 200 198 198 199 199 200 200 200 200 198 197 198 199
 199 197 194 193 195 194 194 195 196 195 195 194 194 194 195 195 194 194
 196 195 195 192 191 192 193 194 194 196 191 190 191 191 191 190 190 191
 190 191 189 188 190 190 187 184 188 190 150 116 111 102  92  85  85  86
  94 101 112 120 124 135 139 145 148 148 149 150 148 149 144 142 143 146
 148 147 145 144 144 148 151 149 145 140 137 136 135 115  81  81  75  74
  81  85  88  96 108 115 122 129 116  88  82  73  64  57  70  83  87 101
 114 122 133 138 139 145 153 157 160 161 163 163 165 167 169 169 171 171
 170 169 169 167 164 164 163 160 158 157 154 153 154 153 147 146 146 146
 145 143 142 142 143 142 141 140 139 137 138 139 142 141 140 139 137 137
 138  29]"
"[ 28  28 199 201 201 200 202 202 202 201 201 202 203 202 201 201 201 197
 195 197 198 200 203 204 202 201 201 201 201 200 201 202 200 199 200 201
 201 199 197 195 194 195 196 198 198 198 197 196 197 195 196 196 194 195
 196 195 194 194 194 195 196 194 192 190 189 189 190 191 192 192 192 192
 191 191 189 190 193 194 190 187 191 195 166 119 111 105  97  89  85  83
  87  95 106 115 123 134 145 158 165 164 163 160 155 154 156 150 148 152
 152 147 144 146 140 144 146 146 143 141 136 133 139 113  79  79  76  73
  79  85  90  94 103 113 122 127 122 101  88  87  81  72  78  90  97 108
 124 128 131 132 135 145 155 159 160 162 164 166 166 167 167 167 167 168
 168 168 169 167 164 164 163 161 161 160 156 154 154 153 150 150 149 148
 146 144 143 144 142 141 141 141 139 137 139 142 143 142 140 139 137 137
 138  29]"
"[ 31  30 199 202 203 202 204 204 202 202 202 203 204 204 203 203 203 201
 200 200 199 200 202 202 203 201 200 200 200 199 200 201 201 201 200 200
 200 200 200 200 198 200 201 202 203 202 202 201 198 197 198 199 197 197
 197 196 196 195 195 195 196 198 198 196 194 194 193 193 193 192 191 190
 195 193 189 189 191 192 191 193 197 196 180 132 112 110 101  91  87  83
  83  93 104 110 120 128 139 160 173 173 172 170 166 165 166 168 165 158
 155 157 154 147 146 144 145 145 146 141 136 131 128 102  76  75  75  72
  77  85  91  95 101 107 118 123 125 112 103 106 102  93  91  97 105 113
 126 127 131 133 138 147 157 160 160 162 165 166 167 167 166 166 167 168
 167 167 169 167 165 166 167 164 163 162 158 156 155 153 152 152 150 148
 146 144 144 144 141 141 142 142 140 138 139 143 146 143 140 140 140 140
 140  29]"
"[ 30  29 199 202 203 202 204 203 203 203 203 204 204 204 203 203 202 204
 207 206 204 204 204 201 201 200 199 200 200 199 200 201 199 201 202 201
 200 201 202 202 199 200 201 200 201 201 202 202 199 198 200 202 201 200
 199 197 194 195 195 194 196 198 197 194 195 194 194 194 195 195 194 194
 193 191 190 193 196 193 188 187 187 185 186 146 115 114 106  96  85  82
  80  93 103 108 118 123 136 160 173 172 171 171 169 169 169 171 171 169
 167 167 168 167 161 157 159 154 153 140 138 135 129 103  80  73  72  69
  74  84  88  97 103 108 118 122 128 120 111 112 107 103 104 109 117 118
 126 129 135 140 143 149 156 159 161 163 165 167 168 168 168 168 173 172
 169 167 167 166 164 166 168 165 164 163 161 159 157 155 153 152 149 146
 145 144 144 144 142 142 144 145 142 139 140 144 148 144 141 141 142 142
 141  29]"
"[ 29  29 201 202 204 205 204 203 202 203 204 204 202 201 204 207 205 206
 207 209 206 204 204 198 200 202 201 200 201 201 201 202 202 199 200 201
 201 202 203 202 200 200 202 203 202 202 202 202 200 199 200 201 202 203
 200 199 198 195 193 195 199 201 200 198 197 198 194 193 196 196 195 197
 197 195 193 193 195 196 195 194 192 189 186 166 121 111 111  95  89  85
  86  90 100 111 116 122 126 149 179 172 174 172 170 171 169 170 172 173
 171 169 169 171 169 168 164 163 165 160 153 151 143 112  81  80  72  67
  71  77  80 101 103 106 116 120 120 114 110 110 108 105 109 117 119 117
 126 130 135 139 143 147 154 159 162 166 167 166 172 173 167 168 172 172
 171 168 166 167 167 165 167 168 166 163 161 160 159 157 155 155 152 148
 146 146 145 143 143 144 146 146 142 141 143 143 147 146 139 140 143 144
 143  29]"
"[ 29  29 200 202 204 206 206 205 202 202 203 204 204 203 204 205 206 206
 206 207 204 204 207 204 202 204 203 202 202 202 202 204 200 199 200 203
 203 204 204 202 198 198 199 201 201 201 201 201 202 200 200 199 200 200
 197 197 198 201 203 203 201 200 202 203 200 200 197 195 197 197 195 197
 198 196 194 195 198 200 199 198 194 192 194 186 136 113 110 100  96  88
  85  90 100 108 114 123 126 147 171 171 173 176 175 171 171 173 174 174
 172 169 169 171 171 170 168 167 168 164 158 155 150 117  84  80  74  71
  72  73  80  96  99 104 112 116 118 112 112 112 110 107 113 122 124 124
 131 135 139 143 146 150 155 159 162 165 168 168 173 175 169 167 170 171
 170 167 166 167 166 165 166 167 166 163 161 161 160 158 156 156 154 151
 150 151 149 145 145 145 146 145 142 143 146 147 145 144 141 143 145 146
 146  29]"
"[ 30  29 200 203 205 207 206 206 203 203 204 205 206 206 206 206 205 205
 203 204 203 205 210 209 204 204 203 203 204 203 204 207 202 201 202 204
 204 204 204 203 199 198 199 200 202 202 201 201 201 199 199 197 197 199
 197 198 195 198 201 203 202 201 201 201 201 201 199 197 198 197 195 196
 197 196 195 195 198 201 201 199 197 196 201 202 155 122 117 111 101  91
  87  91  97 102 109 122 118 131 151 174 177 177 175 172 173 174 175 174
 172 169 169 170 171 170 169 168 166 164 160 155 155 117  84  80  76  73
  74  75  82  93  98 107 115 120 124 120 115 117 113 111 118 125 128 131
 134 137 141 144 147 151 156 160 162 163 165 165 168 173 170 168 169 170
 170 167 166 166 166 165 166 167 166 164 162 161 160 159 157 158 157 153
 153 154 151 146 146 145 146 146 144 145 147 147 145 143 143 147 147 147
 147  29]"
"[ 30  29 201 204 206 206 204 203 204 203 204 205 207 207 207 208 206 206
 203 203 202 203 208 208 204 202 201 202 204 203 204 207 205 203 203 204
 203 203 203 202 201 201 201 202 202 202 201 201 200 199 199 198 197 199
 197 198 198 197 198 203 205 203 200 199 200 201 200 199 198 198 197 198
 196 197 196 195 197 200 200 198 195 194 199 199 163 122 113 103  96  89
  88  91  95  99 108 123 122 128 140 178 182 178 176 173 176 175 175 174
 173 172 170 170 172 170 170 169 166 165 164 159 157 111  81  82  79  71
  74  80  82  87  95 108 116 123 129 124 120 124 119 117 121 125 130 134
 136 138 141 143 145 149 155 159 160 158 162 163 164 168 169 169 171 172
 171 169 167 167 167 166 166 167 166 165 163 162 161 160 159 160 158 154
 153 154 151 147 145 145 147 148 148 147 147 145 145 144 144 148 145 146
 147  28]"
"[ 29  29 202 205 207 205 203 201 203 203 203 203 203 204 206 208 210 210
 205 203 202 201 204 204 202 200 197 199 203 202 202 204 205 203 203 204
 202 202 202 201 201 201 202 203 202 201 201 201 202 201 202 200 199 199
 196 197 200 198 200 204 202 196 195 199 201 201 202 201 200 199 200 200
 198 199 199 198 198 198 199 198 198 196 202 202 179 132 115 105 100  95
  91  89  92  97 104 116 125 132 136 171 180 181 181 177 179 178 177 176
 177 177 175 173 172 170 171 170 166 166 167 164 160 109  79  81  80  73
  74  80  81  83  92 107 118 127 131 124 123 128 124 123 123 124 131 136
 139 142 146 147 147 148 153 157 159 157 163 167 167 166 165 168 171 172
 172 171 169 168 168 168 167 167 166 165 164 164 163 162 161 161 159 155
 153 154 153 150 148 147 149 151 151 150 148 145 146 144 144 146 142 143
 146  28]"
"[ 29  29 202 206 207 205 202 201 203 203 203 202 201 202 205 208 210 210
 204 202 202 202 205 206 203 201 198 199 203 203 202 202 203 202 204 205
 204 202 202 200 201 201 202 203 202 201 202 203 202 201 203 201 201 201
 198 199 199 196 198 202 200 194 194 199 201 200 201 201 198 198 200 199
 200 201 201 201 199 199 199 199 196 193 197 197 187 141 118 115 110 101
  91  84  86  93  98 106 119 127 129 162 183 181 183 182 182 181 180 179
 180 180 178 176 175 173 173 171 167 165 165 165 161 108  78  77  79  76
  76  75  80  81  91 106 121 134 136 128 124 128 126 127 124 124 134 137
 139 143 148 150 151 152 155 158 162 161 165 168 168 166 165 170 171 171
 172 171 170 169 169 169 167 166 165 165 166 166 166 165 163 162 160 158
 157 156 156 155 153 152 152 153 153 152 151 147 145 143 142 144 142 143
 145  30]"
"[ 29  29 202 206 206 204 202 203 203 203 204 203 202 202 204 206 206 208
 203 202 205 204 205 206 203 203 201 201 204 204 203 203 202 201 203 204
 203 202 202 201 201 201 201 202 203 202 202 203 202 201 202 200 201 202
 201 202 201 198 198 201 203 201 201 202 201 199 201 200 197 197 200 199
 201 200 200 202 201 200 200 201 201 198 195 194 193 158 124 122 110 100
  88  80  82  89  95 103 115 124 127 156 188 182 182 184 184 184 183 181
 180 180 180 178 180 179 178 177 174 169 167 171 163 109  81  77  78  73
  73  72  75  79  88 101 119 136 138 131 127 128 127 130 126 126 138 138
 139 143 147 150 153 156 159 162 165 165 166 164 167 168 166 171 170 170
 171 171 171 170 170 170 168 166 164 165 167 168 167 167 164 161 159 160
 161 159 158 157 155 154 154 154 153 153 151 148 143 144 142 144 144 144
 145  30]"
"[ 30  29 201 205 204 202 202 203 204 204 204 204 204 203 204 205 204 207
 204 204 207 204 203 202 202 204 203 202 204 205 204 204 201 200 201 202
 200 200 201 201 201 200 200 201 202 202 202 202 205 202 202 200 199 201
 200 202 201 200 199 200 202 203 203 202 202 201 203 202 198 199 202 202
 201 198 198 202 203 201 201 202 198 202 195 195 203 181 135 127 112 103
  92  82  79  81  87  98 104 120 123 142 185 186 188 187 186 187 186 183
 181 180 180 180 178 179 179 180 179 173 171 177 168 113  88  83  78  66
  68  72  76  81  89  99 117 136 138 132 132 130 129 133 128 129 141 139
 144 145 146 149 152 157 161 164 162 167 167 164 169 171 167 169 171 171
 171 172 172 170 170 169 169 166 164 165 167 168 168 167 165 160 158 161
 163 161 158 156 154 153 154 155 154 152 150 147 142 145 143 145 147 146
 144  30]"
"[ 29  31 202 206 205 201 202 202 207 206 207 206 203 203 204 203 202 203
 205 207 205 202 201 201 204 205 204 201 202 204 204 202 201 200 200 200
 200 200 200 200 200 201 200 199 199 202 203 203 200 200 200 199 199 199
 200 201 201 201 200 200 202 204 203 202 199 199 199 199 200 201 201 200
 199 201 199 198 200 203 202 201 203 201 201 202 199 192 138 132 112 102
  89  81  84  77  81  93 100 114 122 126 172 192 190 189 187 188 185 182
 182 182 181 181 179 180 180 179 179 176 174 175 170 115  89  79  75  67
  64  67  72  77  84  98 118 133 137 130 131 132 133 134 132 132 136 141
 145 149 152 153 154 158 161 164 165 166 166 166 168 170 172 172 172 171
 171 171 172 172 170 168 166 167 166 165 165 167 168 168 166 163 161 162
 163 161 158 158 155 154 153 152 151 152 152 152 149 149 146 147 145 146
 147  31]"
"[ 28  29 200 205 205 202 202 201 202 202 204 204 202 201 202 202 203 203
 204 205 204 202 201 202 203 203 201 199 200 203 204 203 203 202 201 200
 200 200 201 201 200 201 201 201 202 203 203 203 201 201 199 199 199 199
 200 201 201 201 200 200 201 202 202 202 200 200 200 201 202 202 201 201
 200 202 200 199 202 203 202 202 200 200 201 201 202 200 146 119 101  99
  90  82  84  82  86  93  98 114 124 127 160 192 190 189 189 189 186 183
 184 184 182 181 181 182 181 180 180 178 177 179 167 113  73  72  71  67
  65  65  73  79  86 100 118 131 137 133 133 132 132 133 132 131 135 142
 148 151 154 155 158 161 163 164 165 166 167 168 169 171 171 170 169 169
 170 171 172 173 171 169 165 166 166 164 164 167 169 170 167 164 162 162
 163 162 160 158 154 154 154 153 152 152 152 151 150 149 147 147 146 147
 146  29]"
"[ 29  28 198 204 206 203 202 200 200 201 203 204 202 201 202 202 204 203
 203 203 203 202 202 203 203 203 201 199 199 201 203 203 205 203 201 200
 200 201 201 201 199 199 201 203 203 202 201 201 202 201 199 199 199 200
 200 200 200 200 200 199 200 201 202 201 200 200 201 202 202 202 201 201
 201 203 201 200 201 202 200 199 199 201 202 198 198 200 163 124 104 104
  97  90  86  85  84  90  98 117 128 131 145 189 189 188 191 191 187 184
 186 186 183 180 181 181 180 180 180 179 179 181 168 119  69  75  70  67
  66  68  73  80  89 104 119 129 135 135 137 133 133 135 134 132 138 146
 150 151 153 154 157 161 163 163 164 165 167 168 169 170 170 170 170 170
 170 170 172 173 172 170 167 168 167 165 164 166 168 169 167 166 163 162
 162 163 161 159 152 153 153 153 154 154 154 153 152 150 147 148 148 148
 147  29]"
"[ 30  29 199 204 206 204 202 200 200 200 202 204 201 200 201 201 203 203
 202 202 202 203 203 204 203 203 202 200 199 199 201 202 205 204 202 202
 201 201 201 200 198 198 200 202 203 201 200 201 202 200 199 199 199 200
 199 199 199 200 200 199 199 200 201 201 200 200 201 202 202 201 201 200
 199 201 200 200 201 201 199 199 200 200 202 197 194 197 182 141 122 115
 101  94  85  83  85  95 100 120 131 138 141 187 197 194 194 193 189 186
 186 186 183 181 180 181 179 179 179 179 179 181 170 123  76  82  75  71
  69  73  75  82  92 109 122 130 136 137 138 136 136 138 137 137 142 149
 151 151 151 152 155 158 161 163 165 166 166 166 167 169 170 171 174 173
 172 171 171 172 172 172 168 169 169 168 166 166 167 168 167 166 164 161
 162 163 162 159 154 154 154 154 154 154 153 152 151 150 147 148 147 148
 147  30]"
"[ 30  29 200 205 206 204 204 203 200 199 200 202 199 198 199 199 202 202
 202 202 202 203 204 204 202 203 203 201 198 197 200 204 204 204 203 203
 203 203 201 200 200 199 200 202 202 201 201 202 201 200 199 199 200 200
 199 197 197 199 200 200 200 200 201 201 201 201 201 201 201 201 200 200
 196 198 199 200 201 201 200 200 201 199 200 196 196 199 192 143 126 117
 104  98  90  88  90 100 103 121 131 141 139 173 196 193 195 195 191 186
 186 185 182 181 181 181 180 179 179 179 179 182 168 116  79  82  79  75
  70  76  80  85  93 110 124 132 138 140 138 139 140 140 140 141 145 149
 152 152 153 155 156 158 162 164 166 166 166 165 166 168 169 170 174 174
 173 172 172 172 173 172 168 169 170 171 169 168 169 170 167 167 165 163
 163 164 163 160 159 159 157 155 154 153 152 151 150 149 146 146 145 146
 146  29]"
"[ 29  29 200 205 205 203 204 205 202 199 199 201 200 199 200 201 201 202
 202 202 202 203 203 203 202 202 202 201 198 198 202 207 204 203 202 203
 203 203 201 200 201 200 200 201 201 201 202 203 202 201 201 201 202 202
 200 198 197 199 200 200 200 201 201 201 202 201 200 200 201 201 201 200
 197 200 200 200 200 198 197 198 200 200 201 195 194 199 195 145 127 120
 110 103  96  94  95  99 105 118 128 139 138 157 190 192 196 196 191 187
 185 184 182 182 182 182 180 179 179 179 179 181 164 108  84  83  79  75
  71  80  83  84  90 105 121 130 138 139 140 142 143 142 142 144 147 149
 152 154 157 159 160 160 163 165 165 165 165 165 166 167 167 167 170 172
 173 173 173 173 173 172 170 170 171 171 170 168 168 169 168 168 166 165
 165 165 163 162 161 161 159 156 155 154 154 153 152 151 147 147 146 146
 146  29]"
"[ 29  29 199 203 203 201 203 203 203 199 199 201 201 200 201 201 201 203
 203 202 201 201 202 201 202 201 201 201 200 198 200 204 203 201 200 200
 201 202 201 200 200 200 200 200 200 201 202 202 201 201 201 201 202 202
 200 199 198 199 200 200 200 200 200 200 200 199 199 200 202 202 201 200
 199 201 201 200 200 197 195 197 199 201 202 197 194 196 197 159 138 125
 114 103  96  92  97 102 104 114 126 137 137 151 188 201 195 195 190 186
 186 185 183 181 182 182 180 179 179 178 179 181 159 104  85  88  80  76
  74  83  83  83  87 103 120 131 139 140 143 144 145 145 144 145 148 151
 154 155 158 161 161 162 164 167 165 164 164 165 167 168 168 167 169 171
 172 173 173 173 173 173 172 171 170 170 168 167 167 169 169 168 167 168
 168 166 164 162 161 161 159 158 157 157 158 157 155 152 148 149 149 149
 148  29]"
"[ 30  29 199 202 201 199 200 201 202 198 197 200 200 199 199 199 202 203
 204 202 200 200 200 200 201 199 200 201 200 197 195 196 202 200 197 197
 199 200 200 200 199 200 201 199 200 201 202 201 199 199 198 199 200 199
 198 197 199 200 200 199 199 200 200 199 199 198 198 199 202 203 201 199
 199 201 201 201 201 199 199 201 200 199 200 202 200 198 200 173 135 122
 116 112 105  91  93  99 106 113 125 132 131 143 178 199 195 194 189 186
 187 186 183 181 182 182 180 179 180 179 179 182 154  98  79  89  83  81
  77  80  83  84  90 106 124 136 143 142 145 144 144 145 145 145 149 153
 157 157 158 160 161 163 166 169 167 165 164 165 167 170 172 171 171 172
 172 171 171 172 173 174 172 170 168 167 166 166 168 170 169 167 168 169
 169 166 163 163 163 163 161 159 158 158 158 158 156 152 148 149 151 152
 149  29]"
"[ 29  28 200 203 203 201 200 202 207 203 199 199 199 199 199 200 200 201
 202 202 201 200 200 200 201 201 201 201 201 201 199 198 199 198 198 201
 203 201 199 199 199 199 198 196 196 198 199 198 195 196 198 199 198 196
 196 197 198 197 198 200 201 199 198 200 200 198 197 198 200 201 200 199
 199 199 201 200 202 201 202 201 199 200 199 199 200 199 203 187 144 126
 122 113 110  98  91  99 105 112 121 135 134 140 167 194 195 193 191 187
 190 186 188 182 183 186 182 179 180 179 178 181 146  90  82  84  85  79
  80  84  83  90  97 110 127 138 142 147 148 147 145 146 146 144 147 153
 159 159 160 160 160 162 165 165 166 169 170 169 169 171 171 171 171 171
 171 171 172 172 172 173 173 171 171 172 172 172 170 170 167 168 169 169
 169 166 164 163 164 166 166 162 159 159 158 157 156 151 150 149 150 150
 152  29]"
"[ 29  27 199 201 202 201 200 200 203 201 199 200 201 201 200 199 199 200
 201 201 200 200 201 201 202 201 200 200 200 202 202 201 200 198 197 199
 200 199 198 197 197 198 198 197 198 198 198 197 195 196 198 200 200 198
 197 198 198 197 198 199 198 196 196 198 199 197 197 199 200 200 199 199
 200 199 199 195 196 196 199 199 201 200 198 197 198 196 200 187 145 130
 123 109 102  94  91  95 101 104 117 130 131 138 153 179 195 192 194 193
 194 189 188 183 182 185 182 179 180 180 180 180 139  82  83  84  82  80
  80  82  85  91  98 111 127 137 141 145 150 150 149 147 146 144 147 153
 161 163 162 161 161 164 166 167 168 170 171 169 168 170 171 171 171 171
 171 172 172 173 173 173 173 173 171 169 168 170 170 168 168 169 169 169
 169 167 166 165 164 166 165 162 161 161 159 156 155 152 153 153 154 154
 153  29]"
"[ 30  28 199 201 203 203 202 201 201 200 200 202 203 202 201 200 200 201
 201 201 201 201 202 204 202 201 199 197 199 201 203 203 200 199 197 197
 198 199 198 197 196 197 199 199 199 198 197 195 198 198 200 201 200 197
 196 196 196 196 197 197 196 195 197 200 197 196 197 199 200 200 200 200
 201 200 199 194 194 193 198 200 201 200 197 196 196 194 198 189 155 139
 131 114 102  98  97  97 101 100 116 125 131 141 143 169 201 194 195 195
 194 190 188 187 184 186 183 180 178 177 177 170 128  76  80  79  74  76
  76  79  89  92  97 107 123 133 139 145 151 152 151 148 146 145 147 152
 159 164 163 161 164 167 167 168 170 172 172 170 169 170 171 172 171 171
 172 172 173 173 172 172 172 173 170 166 165 168 170 168 169 168 168 168
 168 167 166 166 164 165 165 163 163 163 160 156 155 153 155 155 156 155
 154  29]"
"[ 29  30 201 202 204 205 204 202 200 201 201 202 201 201 201 201 201 202
 202 202 201 202 203 203 202 199 196 195 198 201 202 201 198 198 197 197
 197 199 198 197 196 198 200 200 199 197 196 195 198 198 199 199 197 196
 195 195 195 195 196 196 196 196 198 201 196 196 197 199 200 200 201 202
 200 200 201 196 196 195 200 202 198 197 196 196 195 194 197 193 163 140
 130 119 106 101  99  97 100  99 110 114 123 137 135 155 202 194 193 193
 193 191 189 189 186 187 186 182 179 177 177 162 121  81  80  77  72  74
  76  81  89  94  99 108 122 131 138 146 149 151 150 147 146 146 148 151
 154 162 162 161 166 168 166 167 169 171 173 171 170 170 171 171 171 172
 172 173 172 172 172 172 172 171 169 166 167 169 170 169 169 169 168 168
 167 167 166 165 165 166 166 165 164 164 161 158 157 155 156 155 155 154
 154  29]"
"[ 29  29 203 203 203 203 202 201 201 202 202 200 198 197 199 201 201 202
 202 202 201 200 200 200 201 198 196 196 199 202 201 199 196 197 197 197
 197 197 196 195 196 197 198 198 197 196 195 195 196 196 196 195 195 195
 195 196 197 196 195 195 195 196 197 198 196 196 197 198 198 198 200 201
 198 199 200 196 196 195 199 200 195 196 196 197 195 195 196 195 171 138
 123 122 111 102  99  97 100 103 105 106 115 129 129 140 193 193 192 192
 194 195 190 190 188 187 187 183 180 179 181 159 108  86  78  77  76  73
  75  79  84  94 105 115 128 135 141 147 149 150 148 147 147 148 149 151
 153 161 163 162 167 168 165 167 166 169 171 172 171 170 170 171 171 172
 172 172 172 172 173 174 174 170 168 169 171 171 170 171 170 170 170 169
 169 169 168 166 166 167 167 166 165 164 162 160 159 157 158 157 156 156
 155  29]"
"[ 29  29 201 202 201 200 200 200 203 203 202 199 197 197 199 202 202 202
 202 202 201 200 199 198 200 199 198 199 201 203 201 198 196 198 199 198
 197 195 194 194 195 195 195 196 196 195 195 196 197 197 196 195 195 196
 196 196 197 196 194 195 196 198 198 198 197 196 196 196 195 195 197 198
 198 197 197 194 195 195 198 198 196 198 198 199 196 196 195 196 181 141
 120 125 117 106 101 101 101 106 105 108 116 130 133 136 182 197 195 193
 193 194 192 192 193 188 186 180 175 173 177 148  91  84  76  77  80  74
  72  74  80  93 105 115 127 136 142 148 149 149 147 147 148 148 148 150
 156 162 164 164 166 166 166 168 166 169 172 173 172 171 171 172 171 172
 172 172 172 173 174 175 176 172 170 172 174 172 170 171 171 172 171 171
 171 171 169 166 167 167 167 166 165 163 162 161 159 159 161 159 158 157
 155  29]"
"[ 30  29 201 202 202 201 201 202 204 204 203 200 199 200 201 201 202 203
 203 203 202 201 200 199 200 200 200 200 201 201 199 197 196 198 200 200
 198 194 193 194 194 193 194 195 196 195 195 195 199 199 198 196 195 196
 196 195 196 195 195 195 197 199 198 197 196 196 196 195 194 194 195 196
 198 196 196 193 197 196 198 196 196 199 199 198 195 197 195 196 184 145
 119 125 119 109 101 101  99 100 101 107 116 131 133 134 164 197 198 192
 190 191 193 194 194 188 187 181 173 171 174 139  88  85  80  81  82  80
  76  76  80  93 104 111 123 135 142 146 148 147 146 147 148 147 147 150
 156 160 165 168 167 166 166 168 169 170 172 173 173 172 172 173 172 172
 173 173 172 172 173 174 176 174 173 174 173 172 171 171 170 171 171 170
 171 172 170 167 167 167 166 166 166 165 163 161 160 160 162 161 159 158
 156  29]"
"[ 31  28 200 202 203 202 202 204 203 203 202 201 201 202 201 200 202 203
 203 203 203 202 201 201 199 200 201 200 199 197 196 196 195 196 199 200
 197 193 192 195 194 193 194 196 197 195 195 195 197 197 196 195 194 196
 196 195 196 196 196 195 196 196 195 193 195 195 195 195 195 194 195 196
 197 195 196 195 200 199 198 195 194 198 196 195 192 197 194 197 182 147
 121 126 120 111 103 100  98  94  98 105 114 129 129 131 140 190 197 193
 190 190 193 194 191 186 189 186 180 178 181 142  93  85  83  81  79  83
  80  79  80  95 105 111 124 136 141 142 147 146 146 147 148 145 146 150
 151 156 164 170 169 166 167 168 170 170 171 172 171 170 171 172 172 173
 174 174 172 172 172 173 175 175 175 173 172 171 171 171 170 171 171 170
 171 172 171 168 168 167 167 167 168 168 165 162 162 162 164 161 159 158
 156  29]"
"[ 29  31 198 202 204 200 204 203 202 202 203 203 201 199 199 202 203 202
 201 201 201 202 202 202 201 200 199 198 198 198 198 197 196 200 200 200
 202 199 196 198 197 196 196 197 198 199 198 196 193 195 196 194 192 194
 196 197 197 196 195 195 195 196 196 195 195 195 197 200 200 198 197 198
 200 197 195 194 194 195 195 194 195 194 195 195 194 195 196 195 182 156
 127 128 116 107 102  99  96  91  96 104 116 126 128 131 127 182 195 190
 191 191 194 191 190 190 188 188 180 176 175 128  84  85  82  78  79  81
  82  84  86  87  97 117 128 137 139 146 148 147 149 152 151 146 146 150
 151 160 169 170 171 169 166 170 171 172 172 173 173 172 171 171 170 172
 174 174 173 172 173 174 175 175 175 174 171 169 169 169 169 170 171 172
 172 170 167 165 169 169 168 166 167 168 166 162 162 162 161 161 158 156
 158  27]"
"[ 29  30 198 202 204 201 203 203 202 201 201 202 202 201 199 197 200 202
 203 203 202 201 201 202 200 199 199 200 200 199 198 198 198 199 198 198
 200 199 198 201 196 195 194 195 196 197 196 195 194 194 194 195 195 195
 196 198 196 196 195 195 196 197 198 197 197 196 197 200 200 198 197 198
 199 198 197 196 196 195 195 195 194 195 195 195 195 196 196 196 195 167
 134 131 118 109 103  97  97  93  96 102 112 122 125 129 124 172 197 191
 191 190 192 190 193 193 190 189 181 180 176 119  80  83  82  80  80  81
  81  83  85  88  98 118 131 138 141 145 147 150 153 153 152 149 149 151
 152 161 169 168 168 169 167 170 172 172 171 170 170 170 170 170 173 174
 175 175 174 172 172 172 174 174 174 174 172 170 169 170 171 171 171 170
 170 170 170 168 169 170 169 168 168 169 167 164 165 165 163 162 159 156
 159  29]"
"[ 29  28 198 200 203 201 199 200 202 202 202 202 203 203 200 197 199 201
 203 204 203 202 202 202 199 198 199 201 201 199 198 199 199 199 197 196
 197 197 196 198 196 195 195 195 195 195 194 194 194 192 192 195 197 196
 195 196 195 195 195 195 196 197 198 198 196 195 196 197 197 196 195 196
 197 198 199 199 197 195 194 194 195 197 195 195 197 195 194 195 200 173
 136 131 118 110 105  97  97  95  97 100 108 118 123 126 123 159 199 193
 193 190 191 189 189 190 187 187 182 185 172 103  76  80  81  80  81  81
  81  83  88  93 100 117 131 135 142 142 145 150 153 151 148 149 150 150
 154 161 168 166 167 170 169 170 169 170 172 173 173 172 171 170 173 174
 175 175 175 174 173 172 173 174 174 174 173 171 171 171 172 173 172 169
 169 171 172 170 169 169 169 168 168 169 168 166 167 167 164 163 159 156
 159  29]"
"[ 29  27 199 200 201 200 197 199 200 202 203 202 201 201 202 201 200 200
 200 202 204 205 204 202 200 197 197 200 201 199 198 198 198 198 197 196
 197 197 196 195 195 195 196 195 195 195 194 194 195 193 192 194 195 195
 195 194 195 195 195 194 194 195 196 197 194 194 194 195 195 194 194 195
 196 197 199 199 197 195 194 194 196 199 197 195 197 194 191 193 198 173
 136 132 120 110 105  99  92  92  94  98 105 114 121 125 127 146 198 195
 194 192 190 189 187 189 189 189 187 193 166  89  73  77  79  80  81  81
  82  85  90  96 103 116 130 132 142 140 146 151 152 148 145 146 149 149
 154 159 166 167 168 170 168 169 166 169 173 175 174 173 173 173 173 172
 173 173 174 174 173 172 173 173 174 174 173 172 171 172 171 172 172 169
 169 171 171 170 169 169 168 168 168 169 168 166 168 167 164 164 161 159
 160  29]"
"[ 30  28 200 201 201 200 198 201 201 202 201 198 197 200 202 202 201 199
 198 199 201 203 203 202 202 197 196 199 200 198 197 197 196 195 196 197
 198 200 200 198 194 194 195 195 195 194 193 193 195 196 195 193 193 195
 196 194 195 195 195 194 194 195 196 196 195 195 195 195 195 195 195 195
 195 196 197 197 197 196 195 194 196 199 197 195 197 194 191 193 200 178
 137 133 125 113 104  96  87  88  89  93 101 110 120 125 130 134 188 195
 194 193 191 190 189 191 191 190 191 194 153  79  75  77  78  80  82  82
  83  85  88  95 102 114 127 130 143 143 149 152 153 150 147 147 149 150
 154 156 164 170 171 170 167 169 168 170 172 172 170 171 173 176 174 173
 172 172 173 173 172 172 174 173 173 173 173 171 171 172 170 171 171 168
 167 169 170 169 171 169 168 169 170 171 170 168 169 167 165 165 164 162
 162  29]"
"[ 29  29 201 201 202 199 200 203 204 201 198 196 198 200 201 200 198 198
 198 197 196 197 199 201 202 199 197 198 199 198 197 197 197 196 196 196
 197 199 201 198 194 194 195 195 194 194 193 193 193 196 196 192 191 194
 196 195 195 195 195 195 195 196 196 196 196 196 195 195 195 195 195 195
 195 195 196 196 197 197 196 195 195 197 195 195 196 195 193 195 201 185
 139 132 129 117 104  92  86  86  85  91  98 107 119 126 129 123 173 196
 192 193 191 192 190 189 190 187 190 189 137  78  77  79  80  81  83  83
  83  86  92  95  99 108 120 128 143 149 151 152 152 152 150 149 149 150
 153 153 163 171 172 170 167 169 169 171 173 172 170 169 171 174 173 172
 172 172 172 173 173 174 173 173 173 173 173 172 171 172 172 172 170 168
 167 168 170 172 173 171 170 171 172 173 172 171 169 168 165 167 166 163
 162  29]"
"[ 29  30 198 200 201 197 200 201 205 201 198 199 200 201 200 200 198 199
 199 198 197 197 198 200 202 201 200 199 198 197 198 199 199 197 198 197
 195 198 199 196 196 196 195 195 194 194 194 194 193 195 195 191 190 192
 195 195 195 195 195 196 197 198 197 196 195 195 195 195 195 195 195 195
 195 195 195 196 197 197 196 195 195 195 195 195 196 196 196 196 197 194
 145 130 128 118 105  95  88  87  85  93 100 105 116 122 129 119 161 199
 192 192 190 193 192 189 191 187 192 184 122  81  77  80  82  84  85  84
  84  88  94  96 100 111 121 133 143 151 152 151 150 149 150 150 150 149
 151 151 162 170 171 170 169 169 170 172 174 174 173 171 171 170 170 171
 172 172 172 172 174 175 172 172 173 174 174 173 172 171 172 171 171 170
 169 169 171 175 173 172 172 172 172 172 172 172 170 169 167 168 166 163
 162  28]"
"[ 30  31 196 199 200 196 199 199 202 201 201 202 202 200 200 201 201 201
 201 202 203 203 202 201 201 202 203 200 198 197 199 200 198 197 199 198
 196 199 200 195 198 197 195 194 194 194 194 194 194 195 194 193 191 192
 194 196 195 195 196 196 197 198 197 196 194 195 195 195 195 196 196 196
 194 195 195 196 196 196 195 195 196 195 196 196 195 195 196 195 195 202
 154 130 125 117 106  99  88  87  87  97 103 104 112 116 131 119 156 202
 192 191 188 192 193 189 193 187 192 179 109  80  76  80  84  86  87  85
  85  89  89  93 104 123 133 143 144 150 154 152 149 146 148 152 152 150
 151 151 162 168 168 171 170 170 172 172 171 171 172 172 172 172 171 172
 173 172 171 170 171 172 171 171 173 175 175 173 172 171 170 170 170 172
 171 169 171 175 171 172 172 172 171 170 171 173 172 172 170 170 167 162
 162  29]"
"[ 29  29 200 199 200 202 201 199 201 198 194 195 196 198 202 200 200 202
 203 201 199 200 203 205 201 195 195 199 198 198 200 200 196 197 198 198
 198 196 196 195 199 199 196 196 196 194 196 195 195 194 193 191 192 194
 195 193 194 195 196 197 197 195 194 194 195 196 196 194 194 195 196 196
 195 195 195 195 195 195 195 195 196 195 195 194 195 196 196 195 194 199
 166 130 126 121 107  97  92  88  89  94  99  97 111 117 132 129 140 197
 193 189 188 191 195 190 192 189 186 159  89  81  82  82  81  81  82  81
  84  90  94  97 112 129 139 145 148 152 155 151 151 145 143 150 153 151
 151 153 160 164 167 167 168 170 171 172 172 170 170 172 173 173 172 173
 175 174 171 171 173 175 172 173 174 175 175 175 173 172 171 169 168 168
 169 169 169 169 168 170 171 172 172 172 172 171 172 171 171 172 168 167
 166  28]"
"[ 30  30 200 199 199 200 199 197 198 196 194 196 197 197 200 197 200 200
 200 200 200 201 201 201 203 196 194 198 200 201 200 197 198 198 199 198
 197 196 195 195 196 198 196 196 194 193 195 196 195 195 193 192 193 195
 195 193 192 192 193 194 195 195 195 195 194 195 195 194 194 195 195 195
 195 195 195 195 196 196 197 197 196 196 195 195 196 197 197 196 193 195
 172 131 128 127 116  99  91  91  93  94  96  96 111 119 129 127 134 195
 193 192 190 190 195 188 188 192 189 151  88  83  82  83  82  81  80  79
  81  87  93 101 115 128 137 143 149 157 155 151 151 146 144 150 153 153
 154 153 156 162 164 167 168 172 170 172 173 173 173 174 174 173 172 172
 173 173 171 171 174 175 174 174 175 176 176 175 173 172 171 170 169 170
 171 171 171 171 170 171 172 173 172 170 169 170 172 171 171 172 167 166
 166  28]"
"[ 29  29 199 198 197 198 197 196 200 199 199 201 201 200 201 197 198 199
 199 200 200 201 200 200 201 196 197 199 199 198 198 196 199 199 200 198
 196 195 195 195 195 197 196 195 193 191 195 196 196 195 194 193 193 194
 194 193 192 191 191 192 194 195 196 196 194 195 195 195 195 195 194 193
 194 194 195 195 196 196 198 199 196 196 195 195 196 197 196 196 193 195
 184 139 129 130 123 100  91  91  93  93  94  98 113 121 132 131 130 195
 195 196 194 192 194 189 188 194 184 134  85  83  81  83  82  82  81  80
  82  88  90 101 113 125 138 148 156 165 159 155 153 149 146 150 153 154
 155 153 152 162 165 169 168 172 171 173 174 174 174 174 174 174 173 172
 172 172 170 171 174 175 174 175 175 175 175 174 172 171 170 170 171 172
 171 171 171 171 171 171 173 174 172 169 168 169 172 172 172 172 167 166
 166  29]"
"[ 29  28 198 197 197 198 197 196 200 201 201 203 200 198 200 198 196 198
 200 199 198 199 200 202 197 196 197 199 199 197 196 196 198 199 199 198
 196 195 195 196 195 198 196 195 193 191 194 195 195 195 193 193 193 193
 193 192 194 192 192 193 194 195 195 195 194 195 195 195 195 195 194 193
 193 194 195 195 195 196 197 199 197 196 196 195 195 196 196 195 194 194
 194 155 136 139 134 111 105 100  97  97  99 104 114 120 130 129 123 189
 193 193 192 192 195 194 190 195 174 117  82  79  81  84  84  83  82  81
  84  89  88 102 113 124 139 149 158 166 165 159 155 151 149 150 149 151
 152 150 148 164 167 171 167 169 172 173 173 173 172 173 174 175 175 173
 173 172 171 172 174 174 174 174 174 175 175 174 172 171 171 172 172 172
 170 169 169 171 171 170 171 174 174 170 168 170 171 170 170 171 168 167
 167  28]"
"[ 29  28 199 198 199 199 199 199 199 201 201 202 198 197 201 201 197 198
 198 197 197 198 200 201 198 196 195 197 199 198 195 194 196 197 198 198
 197 196 196 196 196 198 196 196 194 193 195 195 195 195 194 193 193 193
 192 192 195 194 193 193 194 194 194 194 195 195 195 194 194 194 194 194
 195 195 196 196 195 195 196 197 197 197 197 196 196 196 196 196 196 193
 196 168 137 138 132 117 113 104  99 101 102 106 114 121 129 129 122 185
 198 194 193 196 196 195 194 196 163 104  80  79  83  84  83  82  81  81
  82  86  89 108 119 128 138 144 155 163 167 160 156 151 150 150 146 148
 148 147 144 161 166 170 167 168 171 172 172 172 171 171 172 173 175 173
 173 174 173 174 175 174 174 174 173 174 175 175 173 172 172 172 173 172
 170 168 169 171 171 169 169 173 174 171 169 169 170 168 168 169 169 170
 169  28]"
"[ 30  28 199 199 200 200 199 199 199 200 200 200 197 197 202 204 201 198
 195 194 197 199 198 196 196 197 195 195 197 196 193 193 195 196 196 197
 197 196 196 196 196 197 195 196 197 196 197 195 196 195 194 195 194 193
 193 193 195 194 193 194 194 194 193 193 196 195 195 194 193 193 194 195
 195 195 196 196 195 195 195 195 196 196 196 195 195 196 196 196 196 195
 197 180 136 128 123 121 114 104 100 102 100 106 112 123 124 125 120 173
 199 191 189 192 192 193 198 194 143  90  80  86  81  82  80  78  79  79
  81  83  91 110 120 131 141 148 159 164 166 161 157 153 153 152 146 147
 149 146 140 154 160 165 168 169 169 170 172 173 172 170 170 171 174 172
 172 173 172 174 175 174 173 173 172 173 175 175 173 172 172 172 171 170
 169 168 169 171 171 169 169 172 173 171 169 169 170 168 167 169 170 172
 171  29]"
"[ 29  28 199 200 200 200 199 199 197 198 198 199 197 196 201 201 202 198
 195 195 198 200 198 194 195 198 197 196 196 194 193 197 196 195 195 196
 196 196 196 196 195 196 194 196 198 197 197 195 195 195 195 195 195 193
 193 193 195 194 193 194 194 193 193 194 196 195 195 194 193 192 194 196
 194 195 195 196 196 195 195 195 195 195 195 194 194 195 195 195 193 195
 197 192 149 133 127 130 122 112 106 104  99 104 108 117 123 125 120 159
 200 194 192 193 190 192 199 179 115  82  83  90  81  81  78  76  78  80
  81  82  95 109 118 132 143 151 164 166 164 163 160 155 155 153 147 148
 150 148 143 153 160 163 169 168 168 169 171 173 172 171 171 173 173 172
 172 172 171 173 174 174 173 173 172 173 174 175 174 172 172 171 170 170
 169 169 170 172 172 171 171 171 171 171 171 171 172 170 168 168 169 172
 171  30]"
"[ 29  28 199 200 201 201 200 200 201 201 200 202 200 200 203 201 200 199
 198 198 199 200 198 195 199 200 197 196 199 199 197 198 197 196 195 195
 195 196 196 195 195 196 194 197 198 196 196 194 195 194 194 195 194 193
 192 193 195 194 194 194 194 193 194 194 195 195 195 195 193 192 193 196
 194 195 196 197 197 197 196 196 195 195 195 194 194 195 195 195 196 194
 192 195 163 141 128 125 122 112 104 100  96 103 104 110 117 118 113 142
 197 196 194 194 194 194 194 161  96  85  89  86  85  84  79  77  79  80
  80  81  97 111 120 133 138 146 162 165 163 164 162 157 156 153 146 147
 150 151 147 156 164 164 169 166 170 170 171 172 172 171 173 175 175 173
 173 172 171 173 175 174 175 174 173 174 175 176 174 173 173 172 171 171
 171 171 171 172 173 173 172 171 170 171 172 173 171 170 167 167 166 169
 170  29]"
"[ 28  30 198 199 202 203 202 198 202 203 201 201 204 204 202 200 200 198
 196 198 202 201 199 200 203 200 198 198 199 198 198 198 199 198 197 196
 195 194 195 196 195 195 195 196 197 196 195 194 191 193 195 196 195 195
 193 191 195 196 196 194 191 188 190 193 195 195 195 195 195 194 192 191
 189 190 194 197 198 199 198 194 194 198 196 193 195 196 194 195 195 194
 194 191 176 146 125 125 112 112 106  95  97 102 102 107 110 108 115 115
 188 200 192 195 193 193 193 133  89  86  83  87  83  80  77  76  76  75
  78  85  96 111 124 134 142 151 162 165 165 167 162 159 156 147 145 150
 153 147 150 159 165 166 168 168 169 171 172 173 173 171 169 170 170 173
 175 175 172 171 173 176 176 176 174 174 174 175 175 175 173 171 170 172
 173 172 172 173 171 172 173 171 171 172 171 168 168 168 172 167 171 166
 169  30]"
"[ 30  31 199 199 201 200 200 200 199 200 201 199 198 199 201 203 201 200
 198 199 200 200 200 202 201 199 197 197 197 196 195 195 198 196 196 195
 195 194 194 194 194 194 195 195 196 196 196 195 195 195 195 193 193 194
 194 193 193 194 195 193 191 189 191 193 195 195 194 194 194 193 193 193
 194 193 194 195 194 196 196 195 193 196 195 193 195 195 194 195 196 198
 197 189 160 140 125 124 113 105 102  99  99 103 104 107 105 105 109 102
 168 192 197 188 191 196 175 110  90  88  86  80  77  77  76  77  78  78
  82  89 106 112 117 135 146 154 162 167 167 169 158 159 159 150 149 147
 149 149 148 149 164 167 168 168 168 170 170 171 172 171 171 173 171 172
 174 174 173 172 172 174 173 174 173 173 173 174 175 176 173 171 171 172
 173 172 171 172 171 172 172 171 171 171 170 168 169 169 173 169 172 167
 168  28]"
"[ 30  29 198 200 202 199 199 199 199 199 200 199 195 197 201 201 198 200
 200 199 199 199 200 201 199 197 196 197 198 197 195 195 197 196 195 195
 195 195 194 194 195 195 195 196 196 197 197 197 196 196 194 192 192 193
 194 194 194 194 194 193 192 192 193 195 195 194 193 192 192 193 194 195
 196 195 195 194 193 195 197 197 193 195 194 193 194 192 190 191 196 194
 166 139 120 131 123 122 119 103  99 102 100 100 100 101  99 102 111  97
 132 188 193 187 191 193 146  95  90  84  81  75  72  72  73  75  76  77
  82  90  98 110 117 139 148 153 162 167 168 171 158 160 161 151 152 147
 147 148 143 140 162 165 165 167 167 169 169 170 172 171 171 173 171 171
 171 172 173 172 172 172 172 173 174 173 173 174 175 176 174 173 172 173
 173 172 171 171 171 170 170 170 171 170 169 169 170 170 172 169 171 168
 169  28]"
"[ 30  28 196 201 205 202 200 199 202 198 200 201 198 199 201 196 193 197
 200 200 200 200 200 197 197 196 196 198 199 199 198 198 198 196 195 195
 195 195 194 194 195 196 196 196 197 198 198 198 194 194 194 194 193 193
 193 193 195 194 193 193 193 193 194 196 195 194 192 191 190 192 194 196
 196 195 195 195 194 195 196 195 193 193 192 193 193 190 187 187 194 164
 124 111 107 124 119 123 119 104  96  97  98  98  98  98 104 100  95  80
  95 167 196 198 198 169 100  81  84  83  77  77  73  72  70  71  73  75
  80  89  90 115 126 142 147 155 164 167 169 172 165 165 161 152 153 152
 150 147 140 141 159 161 161 166 167 169 170 171 173 171 169 170 171 170
 170 171 171 171 171 171 173 174 174 174 173 174 174 174 176 175 173 173
 173 172 172 172 171 169 168 169 170 169 169 170 171 169 168 165 168 168
 169  29]"
"[ 29  28 198 202 205 201 201 202 203 199 200 201 198 200 201 195 194 196
 200 201 200 202 201 196 195 195 196 199 201 200 200 200 199 197 195 195
 195 195 195 195 195 195 196 196 197 197 197 197 194 194 194 195 195 194
 193 193 194 192 191 191 191 191 193 194 195 194 192 191 190 191 194 196
 196 194 194 194 194 195 195 192 192 190 191 194 195 194 191 188 178 130
 110 111 104 116 121 117 119 112  99  92  95  96  95  94  95  99  89  77
  70  99 167 181 163 125  77  79  78  79  76  78  75  72  70  72  75  76
  80  88  98 124 133 143 151 162 169 168 170 171 171 167 162 157 154 156
 154 150 144 148 153 161 163 166 168 170 171 172 174 173 171 172 172 171
 171 171 171 170 171 172 173 173 174 174 174 174 173 172 175 175 175 175
 175 174 173 172 170 168 168 168 168 168 170 172 171 169 166 164 166 168
 168  29]"
"[ 29  30 200 201 200 196 199 203 200 199 200 199 196 198 200 199 198 197
 199 200 199 202 202 196 196 196 197 200 201 201 200 200 199 197 195 194
 195 195 195 195 195 195 196 196 196 196 196 196 195 195 195 195 195 195
 195 195 193 191 190 190 190 190 190 191 193 193 193 192 191 191 193 194
 195 193 193 193 193 195 197 195 194 191 192 194 195 195 193 188 165 127
 118 111 105 116 124 120 121 122 109  98  97  95  93  91  93  87  78  81
  67  60 101 115 105  89  83  84  75  71  74  71  71  69  69  72  76  77
  81  87 102 123 136 144 158 167 171 171 171 167 170 166 163 162 156 157
 153 153 148 150 147 162 166 164 169 170 170 172 174 174 174 175 173 172
 172 172 171 171 171 172 173 174 174 175 176 176 174 172 172 173 175 176
 176 174 172 170 169 169 169 168 168 168 170 172 172 171 168 168 169 170
 169  29]"
"[ 29  30 200 200 199 196 197 200 198 199 200 199 197 197 200 202 201 197
 198 199 198 201 202 197 198 197 198 200 201 200 199 199 198 196 195 195
 195 195 196 197 195 195 196 196 196 196 197 197 196 195 195 195 195 194
 194 195 192 191 191 191 191 190 189 190 191 192 193 193 192 192 192 193
 193 192 193 192 191 194 197 197 196 193 193 193 192 194 193 188 151 123
 117 113 112 111 112 119 120 124 118 111 103  96  94  91  85  76  74  75
  63  59  65  82  84  80  80  74  71  70  70  66  66  65  66  70  75  76
  80  87 101 119 137 141 160 169 172 174 171 166 166 166 165 165 159 155
 152 152 149 148 145 159 165 164 168 169 169 171 174 174 173 175 171 171
 171 172 172 172 172 173 173 174 175 176 176 176 176 175 172 173 174 174
 173 172 170 168 168 170 171 169 168 168 169 170 171 171 169 170 170 171
 169  29]"
"[ 29  30 199 201 203 200 198 196 198 200 200 199 200 200 201 202 201 197
 198 200 199 201 203 198 197 196 197 199 199 198 197 197 197 196 196 197
 197 197 197 198 194 194 194 194 194 195 196 197 196 195 195 195 195 194
 193 194 191 191 191 192 191 190 189 189 190 191 193 194 193 192 192 192
 193 193 194 192 189 190 193 193 195 193 194 192 190 194 196 192 144 124
 125 117 111 115 115 117 123 125 125 122 106  92  90  85  81  75  72  64
  72  71  70  73  79  82  75  71  68  67  61  67  65  64  65  69  73  75
  81  89 107 122 138 134 158 172 176 177 171 169 166 167 167 164 162 156
 152 150 147 146 147 154 161 165 167 168 169 171 174 172 170 171 168 167
 169 171 173 174 173 173 173 175 176 175 175 175 175 175 175 175 173 171
 169 168 168 167 168 171 173 171 168 168 169 169 169 169 167 168 168 170
 168  29]"
"[ 29  29 199 201 201 201 201 198 199 200 200 200 200 200 201 201 200 197
 197 200 202 199 196 194 195 197 198 197 195 195 196 197 197 196 195 194
 195 196 197 197 195 193 194 197 196 195 195 195 195 196 196 195 194 193
 192 191 191 190 191 195 191 188 191 191 191 195 195 193 192 192 191 192
 192 193 194 194 191 188 189 192 193 192 193 191 189 192 195 194 147 132
 131 125 118 112 113 117 117 121 132 138 122  99  88  82  76  68  65  66
  69  71  74  80  77  78  76  76  61  64  65  66  64  66  66  68  73  74
  77  87 102 121 137 137 160 181 182 178 176 168 166 167 165 164 161 157
 154 152 148 149 151 154 162 165 168 169 170 172 173 173 172 172 169 170
 171 172 173 174 174 173 172 176 177 175 175 175 174 175 174 174 171 167
 165 166 167 167 168 169 171 171 170 169 169 168 167 165 165 168 168 170
 169  30]"
"[ 30  29 198 198 199 200 201 200 200 200 201 201 200 199 198 198 199 199
 198 196 196 198 197 195 194 195 196 195 195 195 196 197 197 197 196 195
 194 195 195 194 194 191 192 195 195 195 195 194 196 195 195 194 194 193
 193 193 191 190 191 195 191 189 192 192 191 195 196 194 192 190 189 190
 190 191 191 191 190 189 190 192 191 188 188 192 193 193 198 196 159 130
 128 123 120 111 113 113 113 119 131 139 127 105  91  81  77  69  66  64
  65  67  68  73  75  69  64  68  65  69  66  62  65  68  68  71  77  77
  79  87 103 119 141 140 155 174 181 179 177 170 167 168 167 167 165 159
 157 156 151 152 153 154 160 162 168 169 170 171 172 172 171 171 168 169
 170 171 172 173 174 173 172 174 174 173 175 175 174 173 173 171 169 167
 167 167 168 169 170 169 167 166 167 168 168 168 170 168 167 169 168 168
 168  28]"
"[ 30  29 200 201 202 201 201 199 200 200 201 201 200 198 196 195 196 199
 201 200 199 199 197 194 202 202 201 200 198 197 197 197 197 197 197 196
 195 195 195 194 194 192 192 195 195 195 196 195 194 194 194 194 194 194
 193 193 192 191 191 194 192 190 194 194 190 193 195 193 190 187 186 186
 189 189 189 188 189 190 191 191 191 188 186 192 195 194 187 170 138 105
 102  97  99  97 110 113 109 112 115 115 104  92  89  88  79  71  66  64
  66  70  69  71  68  65  62  64  64  65  64  65  66  71  74  78  81  81
  86  96 115 119 142 141 157 178 184 178 179 173 169 168 166 168 168 162
 159 157 153 153 154 155 160 163 167 169 171 172 172 171 171 171 169 170
 170 171 172 173 173 173 172 174 173 172 174 174 172 171 172 169 168 169
 170 169 169 171 170 168 165 164 166 169 169 168 169 168 167 169 167 168
 168  29]"
"[ 28  29 200 202 203 202 201 198 200 199 198 199 199 197 195 195 194 196
 200 205 205 199 195 195 199 200 201 200 199 197 197 198 196 196 196 196
 195 195 196 195 196 194 194 196 195 195 195 194 192 192 193 195 195 193
 193 193 193 193 191 193 192 190 193 194 193 193 195 194 190 189 188 188
 189 190 190 188 189 190 190 189 188 186 189 188 178 159 130 105  86  70
  72  68  72  80  98 109 105 109 109 105  97  90  91  91  87  79  74  72
  74  75  67  62  64  58  54  57  64  61  57  54  58  65  71  76  78  80
  88 100 115 120 145 145 161 178 186 186 184 180 176 171 167 170 171 166
 162 159 154 153 153 154 160 164 167 169 171 173 173 172 172 172 172 173
 173 172 172 172 172 172 173 174 172 171 172 172 170 169 170 169 169 169
 170 169 169 170 169 168 167 167 169 171 170 167 166 167 167 169 167 169
 169  30]"
"[ 30  29 197 198 199 199 201 200 200 197 195 197 199 198 197 196 195 194
 197 200 201 198 196 196 196 198 200 201 199 196 195 196 195 196 196 195
 194 194 195 195 194 193 195 195 194 193 194 194 192 191 192 194 193 191
 191 192 192 193 190 192 192 190 192 192 191 189 189 189 187 187 188 187
 190 192 192 190 188 189 188 187 188 185 186 165 136 108  80  73  78  78
  82  78  74  73  74  87 100 104 104 104 102  96  90  83  85  82  82  82
  82  79  69  64  58  55  54  56  59  57  56  58  56  62  69  76  81  84
  91 101 112 117 138 144 168 186 187 185 183 182 180 175 169 169 170 164
 164 162 157 155 153 152 158 162 166 168 171 172 173 173 173 173 175 175
 174 173 172 172 172 171 173 175 173 171 170 170 168 167 167 169 170 169
 168 168 169 169 168 169 170 171 171 171 169 168 167 168 169 170 168 169
 169  29]"
"[ 30  29 198 199 200 200 201 200 199 195 194 196 198 198 198 198 195 197
 197 197 198 199 198 195 197 199 202 203 201 197 195 196 197 198 197 195
 194 193 193 194 191 191 193 195 193 194 195 194 193 192 192 192 190 188
 190 193 191 193 189 190 192 190 191 191 195 190 190 191 190 192 194 191
 190 191 192 190 188 187 187 186 188 187 172 130  99  86  74  77  72  77
  80  82  81  75  62  72  91  96  94  93  93  90  86  81  80  80  83  83
  82  83  83  87  81  67  53  52  55  58  55  52  57  58  64  74  81  86
  91  96 105 121 143 151 165 178 184 188 180 181 182 179 172 170 168 162
 163 163 160 159 155 151 158 163 166 168 170 171 172 172 173 174 173 173
 172 170 170 170 170 170 173 175 174 171 170 169 168 168 166 170 171 169
 168 169 170 170 169 171 172 171 169 168 168 168 167 168 169 170 168 169
 169  28]"
"[ 29  29 200 202 203 201 201 199 198 196 195 198 199 197 197 199 196 198
 198 197 198 199 198 195 194 194 196 199 199 197 196 197 197 198 198 196
 195 194 194 194 191 191 193 194 194 195 196 193 191 191 191 192 190 188
 190 194 192 194 189 189 192 191 192 193 193 188 189 191 189 190 193 190
 190 190 190 190 189 187 187 188 183 181 147 108  91  85  77  73  78  78
  79  81  85  81  64  62  80  89  90  89  88  85  84  83  83  82  84  82
  81  84  91 102 109 103  92  81  62  58  58  60  62  62  67  75  81  87
  96 102 112 123 137 151 160 178 186 184 183 183 185 183 177 175 172 166
 164 164 161 160 154 150 158 166 168 169 170 171 172 173 173 174 172 171
 170 169 168 168 169 168 170 172 171 169 169 169 168 168 167 169 170 170
 169 169 170 170 169 170 171 169 167 166 167 167 167 168 168 168 167 169
 169  29]"
"[ 29  28 198 198 199 199 200 199 198 197 198 200 199 196 196 198 198 196
 196 197 196 194 195 198 196 194 194 196 197 195 194 194 195 197 197 196
 195 194 194 194 193 191 192 194 195 196 194 191 187 188 192 194 192 189
 191 195 193 195 190 190 193 193 194 196 192 187 189 192 189 190 192 189
 191 189 189 190 190 189 189 190 184 168 121  96  94  83  79  80  82  79
  82  80  88  88  72  58  74  81  81  82  85  83  81  80  82  79  82  84
  84  86  91 101 105 112 113 105  73  63  62  66  61  62  67  72  75  82
  96 107 114 121 132 148 152 174 191 187 185 183 184 182 177 175 173 168
 168 167 163 159 151 147 157 166 170 170 171 171 172 173 173 174 173 172
 171 169 168 169 169 169 167 169 168 166 168 168 167 167 168 167 168 169
 169 167 167 169 167 169 170 169 167 166 167 167 169 170 169 168 166 169
 169  28]"
"[ 30  28 195 194 198 199 199 196 199 201 202 201 198 197 197 198 197 196
 196 196 196 195 195 195 195 195 195 195 196 197 195 193 195 197 198 195
 196 198 195 191 190 192 193 192 192 194 194 190 190 192 190 192 193 191
 195 194 194 193 192 191 192 193 194 193 190 190 191 192 192 191 190 190
 190 189 189 191 190 189 190 192 181 148 117 112  96  80  82  83  85  84
  81  86  87  91  87  60  60  72  76  81  81  82  80  81  80  80  79  80
  86  90  94 103 107 115 115 122 103  73  59  58  57  59  63  68  74  81
  93 104 123 121 135 151 152 169 190 185 187 184 182 182 182 181 179 174
 170 170 169 162 151 150 156 158 167 169 170 172 172 172 172 172 172 172
 172 170 167 169 170 167 169 167 166 167 167 166 166 166 166 167 167 168
 169 168 167 170 167 167 167 166 166 166 167 167 170 172 170 169 167 167
 166  30]"
"[ 30  29 197 196 199 199 197 195 196 197 197 197 196 196 196 196 196 196
 195 195 195 195 195 196 194 195 196 196 197 197 197 196 192 194 194 192
 192 194 193 190 191 193 193 193 194 194 193 192 191 193 190 191 190 188
 192 192 194 193 191 191 192 194 195 194 192 192 192 191 191 190 190 189
 190 188 188 188 188 188 190 192 176 142 117 110 101  88  87  87  81  81
  82  89  89  92  92  73  59  62  73  78  82  81  76  75  79  81  81  82
  86  90  94 102 105 114 114 118 111  95  76  54  58  66  66  67  75  79
  88 105 119 120 145 154 156 169 187 187 187 184 183 183 181 181 179 176
 172 171 172 167 156 150 154 158 167 168 170 171 172 173 174 174 176 175
 175 173 169 169 171 170 168 168 169 170 169 167 166 166 166 167 166 166
 168 168 168 169 168 168 168 167 168 168 167 165 168 170 169 168 167 166
 165  29]"
"[ 30  29 198 197 200 199 198 197 197 196 196 196 197 197 196 195 196 196
 195 195 194 194 195 195 195 196 196 196 196 196 196 196 193 193 193 193
 193 194 194 193 190 192 192 193 194 192 191 194 193 194 192 192 191 190
 194 196 195 193 191 190 192 194 195 194 194 193 191 190 190 190 190 190
 190 189 188 188 188 187 189 191 175 138 124 114 108  98  92  92  85  82
  82  89  89  90  94  84  67  55  67  72  76  75  73  74  77  81  82  83
  86  88  93  99 101 110 113 113 114 112 101  74  57  64  65  65  72  81
  91 101 111 114 146 151 156 167 181 186 188 185 185 184 183 182 181 179
 179 173 171 169 161 153 152 155 168 169 169 171 172 174 175 176 176 174
 174 171 167 165 167 168 168 169 170 171 169 167 166 167 167 168 166 165
 167 169 168 168 167 168 167 167 169 171 169 165 166 168 167 167 167 166
 165  29]"
"[ 30  29 196 196 198 199 201 201 200 199 198 198 198 197 196 195 197 197
 196 194 193 194 194 194 194 195 195 195 195 196 196 196 193 192 191 192
 194 194 193 193 187 192 192 191 194 192 189 193 191 192 191 191 189 189
 193 195 195 194 192 191 191 192 193 193 193 192 189 188 189 190 191 192
 190 189 189 189 188 187 187 188 177 132 128 120 111 102  97  93  89  81
  78  85  88  95 102  96  76  53  56  63  66  66  68  74  75  79  81  84
  85  86  92  95  97 103 110 111 115 117 119 103  73  60  59  67  73  83
  96 100 106 111 138 145 154 167 181 188 187 186 186 185 182 182 182 180
 184 176 172 170 164 155 151 152 169 169 169 170 172 173 174 174 178 174
 172 171 167 164 166 168 167 167 167 166 165 165 165 167 166 168 167 165
 167 169 168 168 168 168 167 165 167 169 169 165 165 166 165 166 166 165
 164  28]"
"[ 29  28 195 195 197 197 199 200 197 197 197 196 196 196 195 195 196 196
 196 194 193 193 193 193 193 193 193 194 196 198 198 197 194 192 191 193
 196 196 193 192 187 194 194 192 194 193 189 191 190 191 192 192 190 189
 190 192 195 195 194 191 190 190 191 192 194 192 189 187 187 188 190 191
 189 189 189 189 188 187 187 186 180 127 126 125 115 109 105  96  90  83
  79  83  88  98 106 103  84  58  44  54  57  60  64  68  73  76  77  82
  84  83  90  92  93  95 105 110 114 116 122 115 106  74  59  67  74  81
  95 107 114 123 138 148 152 163 180 186 186 184 184 183 181 180 181 180
 181 180 178 174 167 157 153 153 166 167 168 170 171 172 173 174 178 173
 170 169 167 165 167 169 165 164 163 162 162 163 164 165 163 167 168 166
 167 168 168 168 168 169 168 165 165 166 166 164 166 166 164 165 166 165
 164  29]"
"[ 29  28 197 197 198 196 196 196 194 194 195 195 195 195 195 196 194 195
 195 194 193 193 193 193 193 193 193 193 195 196 196 194 195 193 191 193
 196 196 194 192 189 196 196 193 193 192 190 189 190 190 193 193 193 193
 191 193 194 195 194 192 190 190 190 191 194 192 190 188 187 187 188 189
 190 189 188 188 188 188 189 189 185 132 124 127 120 114 111  96  86  83
  83  83  86  95 103 104  97  74  47  47  51  59  65  68  70  71  72  80
  80  78  85  86  91  94 101 103 106 110 116 114 125 103  73  60  68  80
  94 109 114 130 138 151 149 155 180 185 187 185 185 184 181 181 182 180
 180 181 180 177 173 164 156 153 161 163 167 170 172 173 174 174 174 169
 167 168 166 165 166 167 164 165 164 164 165 165 165 164 161 165 167 167
 167 167 167 168 166 167 168 167 167 166 166 166 166 165 163 165 166 165
 164  29]"
"[ 30  29 198 198 200 196 195 194 194 194 194 194 195 195 195 195 192 194
 195 193 192 192 192 192 193 193 193 193 194 194 193 192 193 191 189 189
 191 192 192 191 191 194 195 193 192 191 190 188 187 186 189 190 191 192
 190 192 192 192 192 190 190 190 190 190 191 191 190 189 188 188 190 191
 189 189 188 187 188 189 189 189 186 147 128 129 124 115 111  97  83  82
  84  84  86  94 102 106 106  94  67  44  44  55  60  67  67  68  69  79
  78  72  80  82  87  91  95  97  97 104 109 114 121 122  98  68  64  77
  91 102 104 120 132 145 146 153 184 189 188 186 185 184 182 183 183 181
 183 183 181 180 180 171 159 153 158 162 167 171 172 173 174 174 172 169
 169 169 168 167 168 167 165 167 167 167 166 167 166 165 164 166 168 168
 168 167 165 167 166 165 166 167 166 166 166 168 164 163 162 164 166 166
 164  29]"
"[ 29  27 196 197 199 196 195 195 194 193 193 193 193 194 193 193 191 194
 195 193 191 192 191 190 190 192 193 193 194 195 195 195 193 192 190 188
 189 192 194 194 193 192 194 194 192 190 191 190 189 186 189 188 189 191
 188 189 190 190 189 189 190 191 190 189 186 187 189 189 190 191 193 195
 187 187 187 187 187 188 187 185 189 164 139 137 131 120 116 107  94  89
  88  87  88  93  99 104 102 105  87  45  39  47  50  59  67  67  70  81
  77  70  78  81  84  86  88  95  98 105 106 113 116 124 116  89  69  72
  86  95 106 117 131 141 144 150 183 185 188 184 183 182 181 182 181 179
 186 187 184 184 182 172 161 159 157 162 168 172 173 173 172 173 168 167
 169 169 167 166 167 166 166 168 168 167 165 165 166 166 168 169 169 169
 169 167 164 165 168 165 163 163 163 161 162 165 163 162 161 164 167 166
 164  29]"
"[ 28  32 192 197 194 193 196 193 195 194 192 190 189 189 190 191 193 189
 191 195 194 193 191 187 189 191 192 192 194 193 193 194 195 190 191 188
 188 188 195 194 191 192 191 190 191 193 193 193 191 185 187 190 188 189
 191 187 187 191 190 188 189 190 189 188 185 187 191 191 191 193 193 189
 187 185 187 186 188 186 190 182 187 179 138 141 136 128 122 119  99  94
  89  87  87  91  97 102 105 109 102  60  39  46  42  48  53  56  64  71
  73  71  73  77  81  85  87  88  92  98 104 109 113 124 130 120 101  87
  86  89  99 113 122 135 142 150 180 187 188 187 186 183 181 182 182 179
 187 189 188 185 184 183 174 163 160 165 171 170 171 172 168 169 166 168
 166 166 169 167 163 165 167 166 167 167 165 164 166 166 168 168 169 170
 169 167 163 160 165 164 162 162 162 161 162 162 162 163 163 165 163 162
 164  29]"
"[ 28  30 187 189 186 186 189 188 185 188 191 190 186 184 186 189 188 185
 186 191 194 194 193 191 189 187 186 188 191 192 193 197 193 189 190 189
 194 193 194 191 192 191 188 185 186 188 191 192 193 188 190 192 189 188
 187 183 185 187 187 186 187 188 187 186 187 184 186 190 190 188 188 187
 194 187 186 186 188 184 188 184 186 183 146 134 131 131 127 116 111  98
  89  89  86  85  93 104 109 112 107  74  40  36  31  38  42  46  56  65
  68  66  68  72  81  83  84  86  88  92  97 105 110 113 122 128 118  98
  85  83  82  93 105 120 131 141 174 190 188 184 182 182 181 181 182 181
 186 187 185 182 181 181 175 168 162 163 167 168 167 168 166 166 169 169
 167 166 167 166 164 165 166 165 166 165 162 162 164 165 165 165 166 167
 167 166 164 162 163 162 162 162 162 163 164 166 163 163 163 164 163 162
 163  29]"
"[ 30  28 179 177 174 175 177 176 174 175 177 180 181 181 180 178 179 177
 176 179 184 184 182 182 185 186 188 189 186 180 178 183 189 187 185 182
 184 182 182 182 182 182 182 185 187 187 183 178 180 177 180 184 183 184
 185 183 182 183 183 182 183 182 181 182 186 181 180 183 185 186 187 187
 185 186 188 188 185 183 189 187 182 184 160 139 129 125 125 122 113 101
  94  92  88  87  94 100 108 113 115  99  62  47  32  31  35  41  51  61
  65  65  67  72  80  81  81  84  86  89  95 105 108 108 114 124 124 112
  98  92  97 104 114 124 135 144 172 196 187 180 178 181 181 179 180 182
 185 185 184 182 181 180 178 175 166 161 164 166 165 166 165 165 168 168
 166 166 167 166 165 167 168 167 167 166 162 162 165 166 164 163 164 164
 165 165 165 164 166 167 166 164 162 164 166 167 163 163 162 163 162 162
 163  29]"
"[ 30  27 175 172 169 170 171 170 171 168 166 169 175 177 173 168 172 171
 168 169 173 172 169 172 174 176 176 173 169 164 165 171 181 181 177 173
 174 171 170 173 176 172 169 172 177 179 176 171 171 169 170 171 170 170
 172 172 174 175 174 174 175 173 171 172 171 172 175 177 178 180 178 173
 175 173 174 177 177 175 179 176 170 180 167 140 125 126 121 116 111 102
  97  95  89  89  94  95 105 113 117 114  92  71  44  35  35  39  48  58
  62  64  69  76  80  81  82  83  85  87  94 103 105 105 108 114 118 118
 116 115 113 116 123 128 138 146 166 188 185 179 178 181 181 179 181 183
 181 181 182 182 181 180 179 179 170 160 163 167 166 166 166 167 166 167
 167 167 167 166 165 166 167 165 164 164 161 162 164 165 165 165 164 165
 165 165 164 163 167 169 169 165 162 163 164 164 164 163 161 163 162 161
 163  28]"
"[ 30  28 175 172 172 173 172 171 172 171 170 171 172 172 170 168 171 171
 169 170 173 171 170 174 175 176 174 172 172 172 171 171 173 173 170 171
 175 175 171 172 179 175 171 172 175 178 178 178 174 173 172 172 169 167
 167 168 173 174 174 175 176 173 171 172 174 172 169 166 165 170 175 174
 173 168 167 172 169 166 169 169 166 167 154 128 100  94  98 116 112 100
  94  94  89  85  89  95  96 103 106 105  97  68  36  33  32  34  42  50
  56  59  67  75  80  83  82  80  81  84  89  94  97  97 102 110 115 117
 122 129 123 123 128 129 140 149 161 175 174 172 174 175 174 175 176 176
 175 175 176 176 175 174 175 177 172 161 163 167 166 166 166 166 167 166
 167 166 165 164 164 164 165 163 163 163 163 164 166 166 167 166 166 165
 165 164 163 162 162 165 166 163 160 162 163 163 164 163 161 162 161 161
 163  29]"
"[ 30  28 175 173 174 173 172 170 172 173 175 175 174 173 172 172 172 172
 172 173 174 173 174 178 173 176 176 174 175 175 172 170 173 173 170 171
 171 173 171 173 171 172 174 175 174 173 172 172 173 173 175 176 175 173
 172 173 169 171 172 173 174 173 172 172 172 171 173 176 174 173 173 174
 172 176 175 176 172 175 171 158 147 119  96  90  78  67  63  82  97  97
  95  91  88  86  89  92  96 102 106 105 102  67  30  32  28  30  36  44
  49  53  61  69  76  80  81  79  81  83  86  89  88  93  99 105 111 117
 121 124 123 124 127 128 137 146 156 163 164 166 168 168 167 170 171 170
 170 170 170 169 168 168 170 172 171 163 164 166 166 167 165 164 165 164
 164 164 162 163 166 167 164 163 164 166 166 166 168 167 165 165 165 164
 164 163 162 161 161 163 164 162 161 162 163 163 163 163 161 163 161 161
 163  29]"
"[ 29  29 175 172 174 173 171 171 174 174 174 174 175 175 174 173 173 171
 173 174 173 172 173 175 173 175 174 172 172 173 176 179 177 176 173 172
 166 169 171 175 175 174 173 173 172 171 172 173 170 172 173 175 175 172
 170 172 172 174 174 173 175 176 175 174 172 171 173 176 175 174 175 176
 173 176 172 172 170 172 152 123 104  89  79  78  78  72  61  59  74  90
  96  90  88  89  88  87  91  97 104 106 106  82  37  30  29  29  32  38
  43  47  55  63  70  74  77  79  82  84  86  89  88  94  97  97 102 112
 117 115 119 121 125 127 134 142 157 163 166 167 168 168 167 170 171 170
 168 169 168 167 166 167 168 168 168 165 165 164 166 168 165 164 163 161
 163 163 161 162 167 168 162 162 165 166 165 164 164 164 163 163 163 163
 162 162 162 162 163 163 163 163 162 162 163 163 163 162 162 163 161 161
 163  29]"
"[ 29  28 175 172 175 175 175 176 179 177 175 174 173 173 173 172 174 171
 173 176 173 172 174 173 175 175 174 175 177 176 174 175 178 175 173 177
 172 175 176 176 179 174 170 170 173 173 172 171 174 175 175 175 175 173
 171 173 172 175 174 171 172 174 173 172 173 174 176 176 175 176 176 172
 173 174 172 172 154 136 116 101  96  87  82  77  81  74  66  57  63  83
  93  89  88  84  81  85  86  91  98 102 108 104  53  31  31  29  29  33
  36  41  49  58  66  68  72  78  82  82  83  87  92  91  92  94  98 103
 109 113 115 116 121 123 125 130 149 157 168 167 166 166 166 168 169 168
 167 169 170 168 168 168 167 165 164 164 164 162 165 168 164 163 163 162
 164 165 161 161 165 165 164 165 169 169 166 163 162 162 162 162 162 162
 162 162 163 163 163 162 161 161 162 162 162 163 162 162 162 163 161 161
 163  29]"
"[ 29  30 176 176 173 173 174 175 179 179 178 175 175 173 172 173 175 172
 169 171 178 180 177 174 176 175 174 175 176 175 174 175 177 175 175 175
 173 174 176 177 179 177 175 175 173 171 172 175 175 174 175 175 174 174
 174 173 176 175 174 174 173 172 172 173 173 175 173 175 176 173 172 171
 168 171 167 152 136 117 109 105  92  83  81  82  78  75  69  60  56  68
  88  87  89  80  76  77  82  86  89  98 106 104  77  34  32  30  24  32
  38  45  49  55  65  63  68  76  81  83  86  88  91  91  90  94  99 100
 101 104 111 111 123 120 124 132 134 153 172 166 169 168 171 167 167 166
 168 169 168 166 165 166 166 166 165 167 167 165 163 165 166 166 165 165
 166 165 164 164 165 166 165 166 167 165 163 161 161 162 162 162 162 162
 162 163 162 162 163 162 161 159 159 159 160 159 161 162 162 161 161 160
 159  29]"
"[ 30  30 176 176 173 173 175 177 179 177 173 171 172 173 174 176 175 174
 171 172 177 179 177 176 176 174 173 174 177 178 176 174 176 174 174 174
 172 173 174 175 179 177 176 175 174 173 174 176 175 175 176 176 175 175
 176 176 174 175 175 176 175 173 173 174 174 175 173 174 174 172 173 172
 170 167 153 132 125 120 115 105  88  80  79  83  83  83  81  75  64  52
  77  83  82  80  79  72  80  83  81  85  97 107  87  46  31  30  27  30
  36  40  43  53  60  60  66  74  78  81  85  87  87  87  86  89  93  95
  98 104 109 113 123 122 123 127 129 145 166 167 168 168 169 166 167 167
 168 168 166 164 164 165 165 164 164 166 166 165 165 166 166 165 165 166
 166 165 164 164 165 165 165 165 165 163 162 162 164 166 162 162 161 161
 161 161 161 161 161 162 162 161 161 160 158 156 160 160 160 160 160 159
 158  29]"
"[ 29  30 175 176 173 174 176 178 179 176 171 169 171 172 173 175 176 176
 175 174 176 175 174 174 176 176 176 176 178 181 180 178 176 174 175 176
 175 176 178 179 176 176 176 175 174 174 175 176 176 175 176 176 175 175
 177 177 174 174 175 175 174 174 174 174 174 175 172 173 173 173 174 173
 171 159 140 121 122 126 124 113 101  90  87  89  88  87  87  84  69  44
  61  68  74  75  71  70  75  80  80  78  85  97  90  65  27  22  23  22
  27  32  39  53  56  57  62  69  76  81  84  85  84  85  85  86  88  90
  94 101 110 111 116 119 124 127 128 137 156 167 166 166 165 165 167 168
 167 166 163 162 163 164 164 162 162 163 163 163 164 165 165 163 162 163
 163 164 164 165 165 166 163 163 163 162 162 163 164 165 163 161 161 161
 161 159 158 159 161 162 162 162 161 160 158 156 158 158 158 157 157 156
 156  28]"
"[ 29  29 174 174 173 174 175 176 175 175 172 171 173 174 173 174 175 176
 176 175 176 174 171 171 172 176 177 175 174 177 179 179 175 173 174 176
 175 176 178 179 175 176 175 173 173 174 175 175 176 174 175 176 175 174
 174 174 174 173 172 171 172 173 174 174 173 174 172 173 174 174 174 170
 166 150 136 124 124 122 117 111 105  94  88  89  88  87  88  88  79  51
  55  62  74  71  68  71  69  76  81  82  81  84  85  79  37  20  24  22
  24  26  34  45  52  53  56  62  72  80  83  83  84  85  86  87  87  87
  90  96 105 107 107 113 123 127 131 136 149 167 164 165 163 165 167 166
 165 163 162 162 162 163 163 162 160 161 162 162 162 163 163 162 160 160
 161 162 163 164 164 164 161 161 162 163 163 162 162 161 161 161 162 163
 161 158 157 158 163 162 161 159 159 158 158 157 157 157 156 155 154 154
 155  28]"
"[ 30  28 172 173 173 174 174 174 172 173 173 173 176 175 174 174 173 174
 174 174 175 175 173 174 173 176 177 174 173 175 178 179 176 174 175 175
 174 175 177 177 176 176 176 174 173 174 175 175 176 173 173 176 175 174
 172 170 174 173 172 170 172 173 174 173 174 174 172 174 174 174 171 162
 158 142 137 132 130 123 116 112 106  96  90  90  90  89  91  94  87  59
  52  56  66  64  66  63  67  71  79  84  84  83  82  83  48  21  22  23
  23  24  28  33  44  48  51  56  65  74  79  84  84  84  84  85  86  84
  86  90  96 103 105 111 121 128 136 142 146 165 163 164 163 165 166 164
 162 162 162 162 162 162 162 163 161 162 163 162 161 161 162 162 161 161
 161 161 162 162 161 160 161 161 162 162 163 162 159 158 159 160 162 163
 160 157 158 161 161 160 158 156 156 157 158 158 158 157 155 154 153 152
 154  29]"
"[ 30  29 172 174 174 175 174 173 173 174 174 174 175 174 173 173 175 175
 173 172 174 174 174 176 177 177 176 174 174 177 178 178 176 174 175 176
 176 176 178 179 176 176 176 175 174 174 174 175 175 171 172 175 176 174
 172 170 174 175 174 173 173 174 174 173 175 174 173 174 172 172 169 157
 145 132 132 130 129 126 119 114 113 105  98  96  95  94  94  97  99  83
  60  48  60  61  67  67  67  71  79  82  83  84  81  81  63  30  19  19
  21  24  27  29  36  44  49  53  61  69  77  87  84  83  82  82  84  83
  85  89  94 103 106 112 124 135 142 144 146 161 164 165 165 165 165 162
 160 161 162 163 163 162 162 163 162 163 164 163 161 160 160 161 161 161
 161 161 161 161 161 160 162 161 160 161 161 160 159 158 157 159 161 160
 158 158 160 163 159 158 157 156 156 157 158 158 158 157 155 154 153 152
 155  29]"
"[ 29  29 173 174 173 174 175 175 176 176 174 174 175 175 173 173 176 176
 173 172 173 173 173 175 175 173 172 171 172 173 173 173 172 172 174 175
 175 175 177 176 175 175 175 176 175 173 172 173 175 172 172 175 175 173
 173 173 174 176 176 173 172 173 173 173 174 174 173 173 171 173 172 161
 149 135 138 134 133 130 123 118 114 109 102  99  98  96  96  97 100  98
  73  42  50  55  60  65  66  71  79  80  81  83  80  81  82  55  26  20
  27  32  30  32  34  42  47  54  64  70  77  87  85  84  82  83  85  84
  84  88  97 104 107 110 126 142 145 143 143 153 163 164 165 165 165 162
 161 161 161 162 163 162 162 162 162 162 163 163 161 160 159 159 160 160
 160 160 160 161 161 160 161 160 159 159 159 159 158 157 156 158 159 157
 157 158 159 159 157 157 156 155 156 156 156 155 156 155 154 154 153 152
 154  29]"
"[ 29  29 173 174 172 173 175 176 175 175 173 174 177 178 176 176 173 174
 173 172 174 173 173 174 172 172 173 172 170 169 171 173 174 173 175 177
 175 174 174 173 174 174 175 177 176 173 172 173 176 172 173 175 173 172
 173 175 174 176 176 172 168 169 172 174 172 173 173 172 170 175 178 168
 148 134 139 138 135 130 124 123 116 112 106 102 100  98  96  97  98 100
  92  54  44  53  60  58  64  67  74  77  81  83  79  83  83  66  31  23
  36  41  33  35  36  41  45  53  68  75  77  83  84  85  84  85  86  84
  83  86  96 104 109 109 122 140 143 143 139 146 161 163 165 165 165 163
 163 161 160 161 163 162 161 162 162 162 162 163 162 160 158 157 161 160
 160 159 159 159 158 158 159 158 158 158 158 158 156 155 155 158 159 157
 157 159 157 153 157 157 155 153 153 153 153 152 153 153 153 154 153 151
 153  28]"
"[ 30  28 171 174 176 175 173 174 175 174 172 171 171 172 173 174 174 173
 173 177 179 177 176 176 174 174 174 174 175 176 175 174 175 175 175 175
 175 175 174 173 174 175 175 175 176 173 171 173 175 176 176 173 171 172
 173 172 172 177 178 173 170 174 176 174 175 173 174 172 172 170 175 169
 147 134 136 137 132 131 126 122 123 117 110 103  99  98  94  95  96 102
 106  80  52  50  54  58  64  68  72  75  81  84  81  83  80  69  50  39
  42  42  34  30  34  41  43  45  57  73  81  81  85  85  85  85  85  86
  87  88  95 103 106 114 126 138 146 142 138 145 157 161 163 164 163 161
 161 161 161 161 161 161 161 161 162 162 162 162 162 160 159 159 161 161
 161 160 159 159 158 158 159 160 159 157 156 157 156 154 154 154 156 158
 158 156 153 152 154 154 153 154 153 153 153 154 154 153 152 154 154 153
 150  29]"
"[ 30  29 172 174 175 174 172 173 173 174 174 172 169 169 172 175 174 174
 175 178 178 176 174 173 173 174 175 174 174 174 175 175 174 173 173 173
 174 174 174 173 174 176 174 172 171 171 171 173 175 176 175 172 171 171
 172 172 171 173 174 172 172 174 176 177 176 175 174 173 173 169 171 166
 137 130 132 132 128 129 129 130 127 120 114 105 101  98  96  97  98 105
 108  98  67  48  54  59  64  66  67  66  71  76  77  81  80  76  62  49
  48  46  39  38  39  46  50  52  61  72  77  78  85  87  88  85  82  84
  89  93  97 102 105 116 130 139 144 139 140 145 155 160 161 161 162 161
 161 161 161 161 161 160 159 159 160 160 160 162 162 161 159 159 158 158
 159 159 160 160 159 159 160 160 159 157 157 158 157 154 154 154 155 156
 157 156 155 154 155 154 153 152 152 152 153 153 154 154 152 153 153 152
 149  30]"
"[ 29  29 173 175 175 174 173 175 176 175 174 172 171 172 173 174 173 174
 175 176 176 174 173 171 176 177 177 175 173 173 173 174 176 175 174 174
 175 175 174 173 174 177 175 171 171 172 173 173 174 175 174 172 170 171
 172 172 173 171 171 172 173 173 175 178 176 176 175 174 175 171 171 166
 136 131 129 126 125 128 128 131 129 122 116 101  98  96  96  95  98 101
 100 102  86  56  50  58  60  65  69  66  67  72  75  81  73  69  59  47
  48  48  43  46  48  54  59  62  69  74  77  77  79  82  84  82  81  84
  88  90 102 106 111 122 130 134 137 137 139 144 153 161 162 163 163 163
 161 162 162 161 160 159 158 158 159 158 159 160 161 160 158 158 155 156
 157 158 159 159 158 158 157 157 156 155 156 157 156 154 154 155 154 154
 155 157 157 155 155 155 154 152 151 153 153 152 154 153 151 151 150 150
 149  30]"
"[ 29  29 173 174 174 173 172 173 178 176 175 174 175 176 175 174 172 174
 174 173 172 173 175 175 177 178 178 176 174 174 174 175 179 178 177 176
 175 174 174 174 174 176 175 174 175 175 174 174 172 174 174 172 172 172
 173 174 176 173 171 173 174 173 173 175 174 175 175 175 177 173 173 170
 132 130 126 122 123 123 124 130 129 127 124 104 102  99  97  89  91  95
  96 101 107  85  56  57  56  62  67  65  64  67  70  74  71  65  57  48
  47  46  42  50  54  59  64  69  75  78  79  80  76  79  81  82  81  83
  88  93 106 110 116 125 130 132 134 134 134 139 148 161 162 163 162 161
 161 161 162 161 160 159 159 159 159 159 159 159 158 157 156 157 156 156
 157 157 157 156 155 154 152 153 154 154 155 155 155 154 154 155 154 153
 154 156 156 154 152 154 154 151 151 153 153 151 153 152 150 149 148 148
 147  29]"
"[ 29  29 171 172 172 172 170 170 175 175 176 176 175 175 175 175 173 175
 175 173 172 174 176 177 174 175 175 175 175 176 177 177 177 177 177 176
 174 173 174 174 174 173 171 174 177 175 172 173 173 174 174 174 173 173
 174 174 177 175 173 174 174 174 173 172 172 174 175 174 176 172 173 168
 132 132 129 126 122 114 116 127 127 127 129 115 112 102  93  82  84  88
  89  92 103  99  72  52  56  59  63  61  60  65  66  68  65  60  57  49
  45  40  38  53  58  61  65  70  77  80  80  81  77  78  80  80  76  77
  87  99 104 108 116 125 134 140 137 134 135 139 144 160 162 163 162 160
 160 160 161 161 160 160 159 160 159 159 158 157 155 154 155 156 156 156
 155 155 155 154 153 152 149 152 154 155 155 154 154 154 153 155 154 153
 153 155 153 150 147 150 152 151 151 152 152 150 150 150 148 147 146 146
 146  29]"
"[ 29  29 171 172 173 174 174 174 174 173 172 173 175 176 174 173 175 176
 177 176 175 175 175 176 174 174 174 174 175 177 176 175 173 175 176 176
 174 174 175 176 175 171 169 172 176 174 172 174 174 175 175 175 174 173
 174 174 175 175 174 173 174 175 174 172 173 173 175 173 172 170 170 160
 135 133 127 126 120 109 108 115 125 123 127 119 114 100  89  83  89  90
  85  91  97 104  92  46  49  53  62  63  61  64  69  73  74  65  61  53
  49  46  45  63  64  66  68  72  79  81  81  82  79  79  80  81  80  80
  87  96 102 110 122 130 138 144 141 138 137 137 137 155 159 162 163 162
 160 160 160 160 160 160 159 159 157 157 156 155 154 154 155 156 155 154
 154 154 154 154 153 152 150 152 155 155 154 153 152 153 153 155 156 155
 154 154 151 148 146 149 151 151 152 152 152 150 148 148 146 146 145 146
 146  29]"
"[ 29  29 172 173 174 177 178 180 178 174 170 171 176 178 176 172 174 175
 176 177 176 174 174 175 176 176 175 175 175 175 174 173 173 174 175 176
 176 176 176 177 175 173 171 173 175 174 173 175 175 175 175 174 173 172
 173 175 174 173 173 173 173 174 174 173 175 173 175 173 170 170 170 153
 132 127 118 119 117 108 105 105 119 121 125 120 112 102  93  89  85  85
  83  92  97 105  99  54  43  46  56  62  62  67  73  78  83  74  68  55
  50  47  44  60  67  70  72  75  80  83  83  84  85  85  85  88  93  96
  97  97 104 114 129 135 139 144 142 142 137 134 128 149 154 159 161 160
 160 160 159 159 159 159 157 156 155 154 154 155 156 156 155 155 153 153
 153 154 155 155 153 152 151 152 153 154 154 152 152 152 153 154 155 155
 154 152 150 149 148 148 148 149 151 152 150 148 146 146 145 146 145 147
 147  29]"
"[ 30  30 173 172 173 175 177 179 180 177 174 174 176 178 178 176 173 173
 174 176 175 173 173 176 176 176 176 176 176 176 175 173 175 175 175 176
 177 178 177 176 174 175 174 174 176 175 174 175 175 175 174 173 172 172
 174 176 174 172 172 173 173 172 172 173 175 172 175 174 171 174 173 151
 135 131 123 121 117 109 106 103 104 116 125 119 109 105  95  88  86  87
  85  86  95 108 108  93  54  46  49  57  65  74  79  81  80  79  80  66
  57  52  47  62  67  71  73  76  80  82  83  84  86  89  90  91  96 103
 105 103 109 116 128 134 138 144 142 144 143 137 130 150 156 161 161 160
 161 160 159 158 158 157 156 154 154 152 152 155 158 158 155 153 153 153
 154 155 155 155 153 151 152 152 152 153 154 153 152 152 151 151 153 154
 152 150 149 149 150 146 144 146 149 150 148 146 145 145 144 146 146 147
 147  29]"
"[ 31  29 172 173 174 174 176 179 179 175 171 171 175 179 178 175 174 173
 174 177 177 175 174 176 175 177 176 172 172 175 176 175 175 174 175 176
 177 176 175 175 174 175 175 173 174 174 173 173 176 175 173 171 171 172
 174 174 175 172 170 172 173 172 173 175 173 174 173 173 173 172 173 152
 132 132 125 121 116 111 106 102  98 111 123 116 110 103  98  90  89  85
  82  85  96 104 108 117  82  44  49  52  64  83  81  80  82  82  82  74
  64  57  57  65  70  71  73  78  82  83  83  84  83  88  88  89  97 102
 105 111 118 126 135 141 144 143 140 139 139 133 135 145 154 158 159 157
 159 159 159 158 157 157 157 157 152 152 153 155 157 157 155 154 154 154
 154 155 155 154 153 152 151 151 152 153 154 153 151 150 151 151 151 151
 150 150 148 146 148 145 144 146 148 148 148 149 148 145 141 147 148 146
 147  29]"
"[ 29  28 171 172 173 173 173 176 176 174 173 174 176 177 176 175 175 173
 173 176 177 175 175 176 175 177 177 175 173 174 175 174 174 175 175 174
 174 173 174 175 175 176 174 172 173 173 173 174 175 175 175 174 175 176
 176 176 175 173 172 172 173 173 173 174 173 175 174 174 173 171 172 150
 129 128 121 117 110 104 101  96  90  96 113 116 109 111  99  93  91  86
  81  80  90 103 108 112 100  66  54  56  68  86  84  82  80  82  84  79
  71  62  58  63  71  71  74  78  83  86  85  84  80  82  83  87  97 102
 106 115 121 131 139 143 147 147 142 138 137 137 141 147 151 155 156 156
 155 156 156 156 155 155 156 157 155 154 154 155 155 156 155 154 153 154
 154 154 153 153 152 151 150 151 153 153 154 153 152 150 149 149 149 148
 147 147 146 145 148 146 145 146 146 146 147 149 151 147 143 146 147 146
 145  29]"
"[ 29  29 172 173 173 173 172 173 174 174 174 175 175 173 172 173 175 173
 173 175 176 175 174 175 174 175 176 176 175 174 174 175 174 176 176 174
 172 173 174 175 175 175 173 172 174 174 173 174 174 175 175 176 177 178
 177 176 174 174 173 172 173 173 174 173 172 176 175 174 173 171 171 147
 123 121 119 115 107  99  95  87  69  74  91 115 113 114 101  97  94  88
  84  80  86 100 110 114 115  87  59  53  65  85  82  80  81  81  83  79
  73  65  59  62  69  71  73  77  82  87  87  85  85  85  84  90  98 100
 104 113 124 134 143 148 151 151 146 139 136 139 144 148 150 153 154 153
 153 154 155 154 153 153 155 157 156 155 153 153 153 153 153 153 153 153
 152 151 151 152 151 149 147 150 152 152 152 152 151 148 148 148 147 146
 145 146 146 145 145 145 144 143 143 143 145 146 150 144 144 146 146 147
 143  31]"
"[ 29  30 173 173 174 174 173 174 176 174 174 175 173 171 170 172 174 172
 173 175 177 175 173 172 172 172 173 175 176 175 174 175 172 176 177 174
 172 173 174 173 173 174 173 174 176 175 174 174 174 174 175 176 177 177
 175 174 173 174 174 172 172 174 174 172 172 175 175 174 173 172 170 145
 123 118 116 112 103  93  89  79  63  70  75 109 116 110 106 100  94  87
  85  82  81  91 104 113 117  97  64  44  58  80  79  81  80  79  79  77
  72  65  59  62  65  71  75  76  80  85  86  85  87  86  88  94 101 103
 106 113 126 135 146 153 155 154 150 144 140 139 143 148 151 154 155 152
 153 154 154 153 153 153 155 156 155 154 152 151 151 152 152 153 152 152
 150 148 149 151 150 147 146 150 151 149 149 150 150 147 148 148 147 146
 146 146 146 146 145 146 146 144 144 146 146 146 147 140 143 145 145 146
 141  30]"
"[ 29  30 172 172 173 174 174 175 177 174 173 175 175 173 171 172 174 173
 173 175 176 176 174 174 173 171 171 174 176 176 175 176 173 175 174 172
 171 173 174 173 173 173 173 174 176 176 175 176 175 174 173 175 176 175
 174 174 174 176 175 173 173 174 174 171 172 174 173 173 173 172 170 145
 113 105 103 100  98  93  96  89  84  89  79  97 115 114 115 106  95  85
  85  86  83  83  91 103 115 103  77  42  52  73  72  77  79  77  78  76
  72  64  57  60  66  74  80  80  79  83  86  85  87  87  89  94 101 106
 110 115 128 136 149 157 157 154 151 147 144 140 142 148 153 155 155 154
 154 153 152 152 152 154 155 155 153 152 151 151 151 152 152 152 152 150
 147 147 149 152 150 146 148 151 151 148 146 148 148 146 147 147 147 147
 146 146 146 146 145 145 145 145 146 147 146 145 145 140 142 142 141 143
 139  28]"
"[ 29  30 172 172 173 175 175 176 176 174 173 175 176 174 172 171 175 175
 175 175 175 176 177 178 175 173 172 174 176 176 176 176 176 175 173 171
 171 174 175 175 174 174 172 173 175 175 176 179 174 172 172 173 174 173
 173 174 177 177 176 173 173 175 174 171 173 174 172 172 172 170 170 146
 127 119 114 109 108 100 102  95  90  90  82  77 100 115 116 103 100  88
  86  89  86  81  82  91 108 103  86  48  50  65  67  74  78  75  74  71
  66  59  55  61  69  79  85  84  81  83  85  86  86  85  87  92  98 106
 114 119 132 137 151 160 157 153 150 148 145 141 142 148 151 151 153 154
 152 151 150 150 152 153 154 154 150 150 151 151 151 151 151 151 151 149
 147 147 149 150 149 147 149 150 150 147 145 145 146 145 145 146 147 146
 146 146 145 145 144 144 144 145 147 147 145 144 144 141 141 139 138 142
 142  30]"
"[ 28  30 174 174 174 176 176 177 174 174 174 174 174 173 172 171 175 176
 177 176 175 175 176 178 176 175 175 175 175 175 176 176 178 176 174 173
 173 174 175 175 174 174 173 173 174 174 175 180 174 172 172 174 174 173
 173 175 178 177 175 173 174 175 174 172 173 173 172 173 171 167 169 149
 128 122 119 114 114 103 102  97  93  92  88  76  92 113 122 109 100  91
  86  84  84  82  82  89  99 100  89  61  53  61  66  73  73  70  68  63
  57  52  53  62  71  79  85  85  83  83  84  84  83  80  82  90  97 105
 115 123 134 139 153 161 158 154 153 148 145 142 143 147 149 150 152 151
 151 151 150 150 151 152 153 153 148 149 150 151 151 151 150 150 149 147
 147 148 148 146 146 147 148 148 148 146 145 145 145 146 145 146 147 146
 145 145 145 145 146 145 146 148 148 147 146 146 142 143 141 140 139 143
 146  31]"
"[ 28  30 175 175 176 177 176 176 176 177 176 173 171 171 172 173 174 176
 178 178 175 174 174 175 176 176 176 175 174 174 175 176 176 175 175 176
 175 173 173 173 174 174 174 174 175 173 174 179 175 174 174 176 176 175
 174 176 177 175 172 172 174 176 175 173 173 174 173 173 169 165 168 151
 130 126 122 115 116 104 104 102  99  96  90  82  83  98 122 112 101  97
  91  82  83  87  90  99 107 110  96  75  57  56  59  64  65  63  64  61
  55  50  50  60  70  76  82  83  83  83  83  82  85  80  82  91  95  99
 108 117 133 140 153 160 158 157 156 149 146 143 143 145 149 153 153 149
 152 152 152 152 151 151 152 153 147 148 150 151 152 152 152 151 147 146
 146 147 145 142 143 146 146 146 147 147 146 146 147 148 146 147 147 146
 146 146 146 145 145 143 144 146 145 143 142 144 143 147 144 143 141 143
 146  28]"
"[ 28  30 177 175 175 173 175 175 178 177 176 174 173 174 175 175 174 174
 174 174 175 175 175 175 173 175 176 175 174 175 174 173 173 170 172 174
 173 173 175 176 175 173 173 175 175 174 174 175 171 174 175 175 175 177
 177 174 177 175 174 174 175 175 174 172 171 171 173 172 170 172 169 161
 140 129 125 119 110 101 106 105  97 100  90  80  75  73 100 113 105  96
  89  82  83  89  95 104 114 120 105  79  70  57  58  56  58  59  56  55
  52  48  55  64  72  77  81  82  83  83  83  84  85  88  89  93  96  95
 104 121 133 146 153 156 160 158 153 153 146 146 146 148 151 154 151 148
 150 151 152 152 152 150 150 153 153 151 150 151 153 152 150 147 146 146
 147 150 151 149 146 145 150 149 147 146 146 148 150 151 146 149 151 150
 147 146 145 146 146 144 144 145 145 145 145 142 142 147 149 148 146 145
 150  28]"
"[ 29  30 177 176 177 175 176 175 176 177 177 175 174 173 174 174 177 175
 175 176 177 177 177 177 177 177 177 175 174 174 173 173 175 174 176 177
 176 174 175 175 176 175 176 176 175 173 173 175 172 173 174 174 176 178
 179 178 176 176 175 175 175 174 172 171 170 169 171 171 171 173 172 167
 143 129 127 122 118 111 105 104  99  96  91  83  76  64  79 106 108  97
  93  82  83  93 103 109 112 122 114  93  78  57  47  49  55  60  58  57
  55  54  61  68  73  78  81  83  83  83  83  86  87  90  92  93  96  99
 106 118 132 144 152 156 160 159 153 153 147 147 147 150 153 152 150 149
 150 151 151 150 151 151 152 154 152 152 152 152 153 152 150 149 148 148
 149 152 153 151 150 149 152 151 149 148 149 150 152 153 151 151 151 150
 147 146 147 149 153 151 150 149 147 147 147 145 146 150 153 154 154 152
 153  29]"
"[ 29  30 177 177 179 177 177 175 174 176 178 178 176 175 175 176 179 176
 175 177 178 177 177 179 180 178 176 175 174 173 173 174 174 175 176 176
 175 175 175 175 176 176 175 175 175 175 174 174 174 173 173 175 176 176
 176 176 175 176 177 178 176 174 172 172 175 172 172 171 170 171 172 170
 147 125 126 122 124 120 105 102 101  94  90  81  80  71  70  94 101 103
 104  96 101 113 109 108 103 115 115 106  93  73  56  70  87  93  92  86
  79  72  71  71  73  77  80  81  82  81  82  84  87  89  90  93  98 106
 112 115 132 143 151 155 160 159 154 153 149 148 150 153 153 151 150 152
 152 154 153 151 153 155 155 155 152 152 153 154 154 154 153 152 151 151
 152 155 156 155 155 156 154 153 152 152 152 153 154 155 154 152 151 150
 149 148 149 152 153 152 152 152 149 148 149 148 150 153 153 153 154 153
 155  30]"
"[ 29  29 176 176 178 177 178 175 175 177 178 179 178 177 177 178 179 176
 175 177 177 176 177 179 180 177 175 176 176 175 174 175 172 173 172 171
 173 176 177 175 178 176 174 173 176 178 177 174 175 173 174 177 177 174
 172 172 175 177 178 179 177 174 173 174 175 172 171 172 172 172 173 174
 154 121 125 121 123 123 106 100 101  90  86  82  86  82  74  84  93 107
 104  98 105 125 111 110 103 109 112 112 105  92  71  93  93  99  97  94
  88  80  76  75  75  77  78  80  81  81  80  82  84  85  88  92  98 107
 116 119 132 141 149 155 159 159 155 153 150 152 154 156 155 154 154 155
 156 158 156 154 156 158 158 157 154 154 154 155 156 157 157 157 154 154
 154 156 156 156 157 159 154 154 154 154 154 154 155 155 154 152 151 151
 150 149 149 152 150 149 150 151 149 148 149 148 151 152 151 150 151 151
 153  29]"
"[ 30  29 174 174 176 177 179 177 178 177 176 177 178 177 177 177 179 177
 177 177 176 175 176 179 178 176 175 177 178 176 175 175 173 174 172 171
 176 179 177 176 179 178 175 174 175 177 177 175 175 174 175 178 178 175
 174 175 176 177 178 178 176 174 174 176 175 174 173 174 174 172 172 174
 162 121 125 123 120 123 110 101 101  88  85  90  87  81  78  81  89 103
 107 103 106 126 124 116 105 104 109 117 118 107  79 100 103 104  99  97
  92  84  80  78  80  80  79  81  84  83  82  83  82  83  86  90  94 104
 118 127 132 139 147 153 157 157 154 151 149 154 159 159 159 159 158 157
 157 159 157 155 158 160 159 157 156 155 154 155 157 159 159 159 155 154
 154 154 154 153 155 157 154 154 154 155 155 154 154 153 154 152 150 150
 149 148 149 150 151 149 149 150 149 148 148 148 150 152 152 152 153 152
 153  28]"
"[ 30  29 175 173 175 176 179 179 179 176 174 175 177 176 175 175 178 178
 177 176 176 175 176 178 177 176 177 178 179 178 176 174 174 177 175 174
 179 180 176 174 175 176 176 176 175 175 177 179 177 176 175 177 176 175
 175 177 177 176 176 177 176 173 173 175 175 177 176 176 175 171 168 171
 164 123 124 126 121 122 116 107 101  95  90  94  88  85  86  80  78  84
 102 108 104 115 129 112 102 100 109 122 127 117  86 102 104 105 103 105
 103  95  89  85  84  83  81  82  85  84  82  82  87  83  81  86  95 105
 117 127 132 136 144 150 155 155 153 150 147 154 160 161 161 162 159 155
 157 158 156 155 157 159 157 156 156 155 154 154 156 157 157 157 155 154
 153 154 153 152 153 155 153 153 154 154 154 154 153 152 154 153 150 148
 147 147 149 150 152 148 147 148 147 147 149 150 152 152 151 150 152 152
 154  30]"
"[ 29  30 175 174 175 175 179 180 179 176 174 176 178 177 175 175 177 177
 176 175 175 176 176 175 178 178 179 179 179 178 177 175 174 179 177 176
 180 179 174 175 174 175 177 178 178 176 176 177 178 177 177 176 175 173
 174 175 177 175 175 177 177 175 173 173 171 175 175 175 175 172 171 173
 169 134 125 127 125 120 117 111 103 103  96  95  90  93  89  79  79  76
  85 106 103 109 126 115 103 100 108 117 120 113  89 103 106 110 109 111
 110 103  96  89  90  88  85  84  85  82  80  81  88  85  82  87 100 110
 116 122 132 135 142 149 153 155 153 150 149 154 159 160 161 161 159 155
 157 157 155 154 156 156 155 155 155 154 154 154 154 155 155 155 155 154
 153 154 153 153 153 154 152 153 154 154 154 153 152 151 153 153 152 149
 148 149 151 151 151 147 148 149 148 148 151 153 153 152 149 148 151 152
 155  31]"
"[ 28  29 176 174 175 175 179 180 179 176 175 178 180 179 177 177 176 176
 175 173 175 178 177 174 179 180 180 178 178 179 178 176 174 179 178 177
 179 177 175 178 179 177 178 181 182 179 174 172 176 177 177 177 175 174
 174 175 176 173 174 178 180 177 174 173 171 176 176 174 174 171 169 172
 179 148 129 128 127 116 114 111 107 106  98  97  93  90  82  81  75  73
  64 101 102 107 112 112 103  97 101 103 105 102  89 107 109 114 112 111
 112 110 107 102  96  94  90  88  86  82  79  81  81  87  88  93 103 110
 115 123 132 134 141 149 153 155 154 151 155 156 157 159 160 160 159 158
 159 158 155 154 155 154 153 155 153 154 154 154 154 154 154 154 154 153
 153 154 154 153 153 154 153 153 154 155 154 153 152 151 150 153 153 151
 150 152 153 151 152 150 152 155 152 150 152 154 152 151 149 150 154 155
 155  28]"
"[ 29  30 176 176 177 178 179 179 179 176 179 181 178 178 179 174 176 175
 175 176 178 179 179 179 182 180 179 180 178 176 176 178 180 177 177 181
 182 179 178 180 177 178 179 180 179 178 176 175 179 180 181 176 178 176
 178 179 177 174 175 177 179 181 178 180 181 180 182 180 183 191 190 187
 186 154 123 127 125 120 117 114 106 106 101  98  99  95  86  81  79  70
  68  87  88  96  99 109  95  85  92  95  90  80  94 105 111 113 115 115
 115 116 114 107 105 102  98  92  83  78  79  80  81  83  89  89  97 103
 116 122 128 139 144 146 151 152 153 152 154 158 160 160 160 162 162 160
 160 159 156 153 154 156 156 154 154 153 152 151 152 154 154 153 150 151
 153 154 155 154 154 153 154 153 153 154 154 153 152 151 150 152 152 150
 147 147 149 151 149 146 145 149 153 152 151 153 152 151 150 150 152 153
 155  28]"
"[ 29  29 177 176 176 177 177 177 178 176 179 180 176 176 177 173 176 175
 176 178 179 178 177 178 178 178 179 180 179 179 180 182 179 175 173 176
 180 180 180 181 181 183 186 187 186 186 186 186 188 190 192 189 191 187
 188 187 189 187 189 191 192 192 189 189 184 185 190 188 186 190 190 190
 194 174 132 136 130 124 121 118 111 106  98  95  97  96  89  82  74  71
  72  85  85  91  91  94  88  81  85  84  76  68  94 114 113 116 118 117
 116 117 118 115 109 104  99  93  87  82  79  76  81  84  90  91  98 104
 116 122 129 138 142 148 151 152 153 153 155 158 160 160 160 161 162 162
 160 156 153 155 156 156 155 155 155 155 153 152 153 154 154 153 152 153
 154 154 154 153 152 152 154 153 153 153 153 153 152 151 150 152 152 150
 148 147 148 149 149 146 145 148 152 151 151 153 151 151 151 152 154 154
 155  28]"
"[ 29  28 180 178 178 178 179 178 182 181 184 184 180 179 181 179 180 179
 181 186 187 185 185 188 183 185 187 186 185 184 186 188 186 190 193 193
 189 186 188 191 189 192 194 194 192 191 192 193 193 195 197 195 197 194
 193 193 194 192 195 196 197 197 193 194 188 189 195 194 190 191 191 192
 189 183 134 132 128 125 122 119 116 108 100  96  96  96  91  82  77  74
  77  82  83  84  86  88  84  80  78  75  67  61  96 120 116 116 117 119
 120 122 122 118 114 108 101  95  89  84  79  75  79  82  89  91  96 102
 114 121 125 130 134 148 149 152 154 155 157 159 160 160 159 161 162 162
 161 155 153 157 160 157 156 156 157 156 155 154 154 154 154 153 153 154
 156 156 155 154 154 154 155 155 154 154 154 154 153 152 151 152 152 150
 149 149 149 149 149 147 145 147 150 149 148 151 149 150 151 153 154 153
 155  29]"
"[ 29  29 186 185 186 186 188 187 191 190 192 191 188 188 190 189 187 187
 190 193 194 194 196 199 194 196 196 194 192 192 193 193 195 197 200 200
 199 198 197 197 194 196 197 196 194 192 193 194 194 195 197 194 196 194
 194 194 192 189 191 191 193 194 192 193 192 190 193 194 193 193 192 192
 188 190 145 125 124 123 121 117 117 111 106 101  96  94  89  81  81  78
  83  86  86  80  84  89  88  82  74  72  68  62  95 113 114 114 117 121
 123 124 123 119 118 111 104  96  88  83  81  79  78  81  86  90  95 102
 112 119 122 123 127 146 146 151 152 155 159 160 160 159 159 160 161 161
 162 157 156 159 160 158 156 157 157 157 156 155 154 154 154 153 156 157
 158 157 156 155 155 155 156 155 155 154 154 154 154 153 151 152 152 152
 152 152 152 151 149 147 146 148 150 148 146 148 148 150 151 152 153 152
 155  29]"
"[ 29  30 193 193 195 194 197 196 198 197 196 195 194 194 196 196 195 196
 196 195 195 196 198 198 199 199 199 197 196 197 197 196 197 197 196 195
 195 196 197 197 194 195 195 195 194 193 193 194 195 196 197 193 196 194
 195 195 194 190 190 190 191 193 191 192 193 189 191 191 192 194 193 193
 189 191 162 122 124 125 124 119 119 114 110 105  97  93  87  78  78  82
  91  92  92  82  83  86  88  82  74  74  76  71  98 112 111 113 118 123
 122 121 122 122 119 112 104  96  87  82  81  79  79  82  86  92  97 104
 110 115 126 125 128 146 145 148 150 154 159 160 160 159 159 159 159 160
 161 159 158 158 158 157 157 157 156 156 155 154 153 153 153 153 157 157
 157 156 154 153 152 153 155 155 154 154 154 154 153 153 152 153 153 153
 153 154 153 152 147 147 147 149 151 149 147 149 151 152 152 152 152 152
 155  30]"
"[ 28  29 197 197 198 198 200 199 201 200 198 196 196 196 197 198 201 201
 199 196 195 198 199 198 200 199 198 198 198 198 197 196 196 198 199 196
 194 193 195 196 196 195 195 195 195 194 194 194 194 195 197 194 197 195
 195 195 196 192 192 192 192 192 189 190 193 190 191 191 190 192 192 194
 188 187 176 130 124 126 125 122 122 118 112 106 101  96  88  80  79  89
  97  92  92  86  84  82  90  86  79  75  74  67  90 104 112 110 114 120
 122 121 121 122 117 110 102  95  89  84  79  74  79  82  87  95  98 103
 106 110 127 128 130 145 146 147 150 155 159 160 161 161 160 160 161 161
 160 161 160 158 157 159 159 158 157 157 157 155 153 153 154 154 154 154
 155 154 153 153 153 154 155 155 155 154 155 154 154 153 153 153 153 153
 153 153 152 151 147 147 148 150 153 152 151 152 153 153 152 152 152 152
 154  28]"
"[ 29  29 199 198 199 198 201 200 202 201 199 197 198 198 198 200 203 201
 199 198 199 201 202 201 201 199 198 200 200 198 196 195 195 193 193 196
 199 199 196 194 197 196 196 196 195 194 193 193 193 194 195 193 196 194
 194 194 196 193 194 193 192 192 189 191 193 190 191 190 190 193 192 192
 191 190 186 149 123 126 122 121 123 122 116 109 104  98  91  86  89  96
  97  90  89  87  85  83  86  84  83  79  79  77 101 121 111 106 108 117
 122 122 119 117 114 108 102  96  89  84  79  74  79  83  87  96  97 102
 105 111 125 129 132 141 146 147 151 157 161 161 162 162 162 161 162 163
 161 161 161 159 159 160 160 159 158 159 158 155 153 153 155 155 152 152
 153 153 154 154 155 156 155 155 155 155 155 155 154 153 152 152 152 152
 152 152 152 151 149 149 148 149 152 152 152 153 153 152 152 152 153 153
 155  28]"
"[ 30  30 200 199 200 199 203 202 200 201 200 198 199 199 199 201 202 199
 198 199 201 202 201 201 200 198 199 202 202 199 196 197 197 197 197 197
 195 194 194 196 194 195 195 195 195 194 194 194 194 195 195 192 195 194
 195 195 196 194 195 194 193 193 193 197 194 190 190 189 191 195 193 190
 187 187 187 163 122 125 121 123 120 124 121 113 106  97  91  90  96  98
  95  90  90  86  83  84  84  82  84  77  76  75  98 121 106 102 106 116
 121 119 116 114 110 107 103  97  88  82  80  78  82  85  88  96  96 102
 108 116 124 130 133 139 146 146 152 157 161 161 162 162 161 160 161 163
 161 161 160 159 160 160 159 158 158 158 157 154 152 152 153 154 153 153
 153 153 153 153 154 154 155 155 155 155 155 155 154 153 151 152 151 151
 151 152 152 151 153 151 148 147 149 150 150 152 152 151 152 153 156 156
 157  29]"
"[ 29  28 201 200 202 203 202 201 200 202 203 201 199 199 200 201 202 200
 199 200 200 198 198 199 201 200 200 201 200 198 198 198 198 195 194 196
 198 197 194 193 193 193 194 195 196 195 194 195 195 195 195 193 192 193
 194 195 193 196 197 194 192 192 194 194 193 190 190 192 192 190 189 189
 189 187 191 169 127 117 121 124 123 121 121 116 106 101  97  90  95  95
  92  89  89  91  88  82  83  81  81  76  77  75 104 125 107 103 102 109
 117 120 109 109 108 104 103  96  86  81  79  82  84  88  90  94  99  99
 103 115 122 129 136 141 150 148 154 158 163 162 161 161 161 161 161 162
 160 159 159 158 158 158 159 159 159 157 153 153 155 154 153 154 155 155
 153 153 154 155 154 152 148 151 154 156 157 157 155 154 151 152 153 153
 153 153 153 153 153 152 152 153 153 150 148 148 151 152 154 154 155 157
 158  28]"
"[ 29  29 202 201 201 201 201 202 201 202 202 202 201 201 201 201 201 199
 198 199 199 198 198 200 202 201 201 201 200 198 198 200 199 197 195 196
 198 197 196 196 195 195 195 195 196 195 195 195 195 195 194 193 193 194
 195 195 192 194 195 194 193 193 194 194 194 192 192 193 194 192 190 190
 190 188 192 181 140 122 121 117 122 122 120 112 104 101  98  92  94  95
  92  89  87  88  87  83  82  80  81  80  76  67 101 128 112 107  99 104
 109 122 114 113 109 104 102  94  84  80  79  82  90  91  90  92  99 101
 104 113 123 131 136 144 152 151 154 158 163 163 163 163 162 161 162 163
 161 160 159 159 158 157 158 158 157 156 152 150 152 154 154 155 156 155
 154 154 154 153 152 151 151 152 153 153 154 154 154 153 152 153 153 152
 152 152 153 153 153 152 151 151 151 150 150 150 151 151 153 154 155 157
 159  29]"
"[ 28  29 204 201 200 199 201 203 202 202 202 202 202 202 200 198 201 200
 198 198 198 198 200 202 201 201 201 201 200 199 200 202 200 198 196 196
 197 197 197 198 197 197 196 195 195 196 195 193 195 194 193 193 194 196
 195 194 192 192 193 195 195 195 194 195 194 193 193 193 193 193 191 190
 192 187 188 188 151 120 119 122 122 122 120 112 105 104 103  97  95  96
  94  89  86  85  85  84  80  83  80  77  72  67  99 120 110 108 101 104
 105 123 118 115 109 103 102  96  85  78  76  80  89  94  95  95  98 101
 107 116 127 133 135 144 151 152 154 158 162 162 163 163 162 161 162 164
 161 162 161 160 158 157 157 157 159 159 155 150 153 157 158 158 156 155
 155 155 153 151 150 152 153 154 153 153 153 154 154 154 154 154 153 152
 151 152 153 154 153 153 151 150 151 152 152 152 151 151 153 153 154 157
 159  28]"
"[ 28  30 204 202 200 200 201 203 203 202 202 202 202 202 201 199 203 201
 200 199 199 199 200 202 201 200 200 201 201 200 202 204 199 198 197 196
 195 196 196 197 196 197 196 194 194 196 195 192 194 194 194 194 195 196
 195 194 192 191 192 194 196 195 194 195 193 192 192 191 191 192 192 190
 189 186 187 191 166 132 117 120 122 123 122 116 111 108 106 102  97  98
  95  90  85  84  84  85  80  85  80  76  71  68  97 112 107 108 106 106
 103 116 117 114 107 101 102  98  88  78  72  74  84  92  96  95  97 103
 112 120 127 133 133 145 151 155 156 161 161 161 162 163 162 162 162 163
 162 162 163 162 160 159 158 159 161 162 159 155 156 159 160 161 158 156
 155 155 154 151 151 153 154 154 155 154 154 155 154 154 155 154 154 153
 152 152 152 153 152 153 154 152 152 154 153 151 152 152 153 154 155 157
 158  28]"
"[ 29  29 203 202 201 202 202 203 202 203 203 203 203 204 204 203 203 202
 201 200 200 200 200 201 202 200 200 201 202 202 203 204 196 197 197 196
 195 195 195 195 195 196 195 194 194 196 194 191 193 194 195 195 195 195
 194 193 193 191 190 192 194 194 193 194 193 192 191 190 190 192 193 192
 191 190 187 188 183 160 129 124 124 124 122 119 114 108 105 104 100  98
  95  90  86  84  85  86  83  85  81  82  75  68  92 111 109 106 104 103
 102 108 115 114 102  98  99  97  88  78  71  71  82  87  89  90  96 106
 115 120 124 132 135 148 155 159 160 164 163 162 162 163 163 163 162 162
 161 162 163 162 161 160 160 160 161 162 161 160 160 159 160 162 161 157
 156 156 155 153 153 154 155 155 154 153 153 153 154 153 154 154 154 154
 153 153 153 153 152 154 154 153 153 154 153 152 154 153 154 154 155 158
 159  29]"
"[ 29  29 202 202 203 203 203 202 203 204 203 202 202 202 203 203 203 202
 201 201 202 202 202 202 202 200 199 200 201 201 200 200 195 196 197 197
 196 196 196 195 195 195 196 195 195 196 195 193 194 195 196 196 196 195
 195 194 194 192 191 192 193 194 194 194 193 192 191 191 192 193 193 192
 194 189 184 187 189 172 135 126 125 124 121 119 115 106 102 104 101  98
  94  90  87  84  85  87  87  87  83  83  78  75  91 105 104  99  98 101
 107 107 114 115 100  94  95  93  87  80  74  74  80  84  86  87  92 104
 116 122 127 134 137 146 153 156 161 168 164 163 162 163 163 163 161 160
 161 162 162 162 161 161 161 161 160 160 160 161 162 160 159 161 161 159
 157 157 157 155 154 154 157 156 154 152 151 152 153 154 152 153 154 154
 154 154 154 154 153 153 153 152 152 153 154 154 154 153 154 155 156 159
 160  30]"
"[ 29  29 202 202 203 204 202 201 204 204 203 202 201 202 202 201 203 203
 202 202 203 204 204 203 201 199 199 201 201 200 198 198 197 198 198 197
 196 196 196 195 196 195 196 196 196 196 195 195 194 194 194 193 194 195
 195 194 194 194 193 192 193 194 195 194 192 191 192 194 194 193 191 190
 189 187 186 192 191 178 144 121 122 123 122 120 117 109 103 104 103  99
  95  92  88  85  85  87  89  88  84  80  77  81  89  96  95  95  94 101
 108 105 108 109  98  92  92  89  84  81  76  75  77  81  85  87  91 102
 115 122 127 135 139 144 150 151 160 169 164 163 163 163 163 163 162 161
 164 163 163 163 162 162 162 162 160 161 161 161 163 162 159 158 159 158
 158 158 158 157 155 154 157 156 154 153 152 153 154 154 152 153 153 153
 153 153 154 155 155 154 153 153 152 152 153 155 154 154 154 155 156 159
 160  30]"
"[ 29  29 203 203 204 203 202 200 202 202 201 201 202 204 204 204 203 202
 201 201 202 204 204 202 200 200 201 203 202 200 199 199 199 200 199 197
 195 196 195 194 196 195 195 196 196 195 195 195 194 192 191 191 193 195
 195 194 193 194 194 192 192 194 195 194 191 190 192 195 195 192 188 187
 187 192 190 193 195 202 181 137 118 123 123 123 121 114 107 106 105 102
  97  94  88  84  85  87  90  84  84  81  75  75  81  95  93  96  93 100
 101  97  97 101  97  91  89  86  82  79  74  72  76  77  81  86  93 105
 114 117 120 130 141 147 154 152 161 169 164 164 164 165 164 164 164 164
 166 165 164 164 163 162 162 162 162 163 161 159 162 163 159 155 156 157
 159 159 159 158 156 154 154 155 155 154 154 154 154 153 154 153 153 152
 151 152 153 154 156 155 155 155 154 152 152 154 155 154 154 155 156 158
 160  29]"
"[ 29  28 203 203 203 203 203 203 204 203 203 204 206 207 206 205 203 203
 202 202 205 206 203 201 203 202 203 203 201 200 200 199 200 199 200 198
 193 194 196 195 195 195 196 197 195 193 194 195 194 194 194 192 192 193
 194 193 195 193 191 191 192 195 195 194 192 193 194 192 190 188 188 188
 188 190 187 191 189 193 194 169 125 122 124 122 117 110 110 110 108 102
  97  92  87  85  86  86  88  88  85  84  82  73  74  88  89  90  92  95
  93  90  92  97  95  93  91  87  81  77  76  74  76  82  81  88 100 105
 112 118 122 134 138 141 155 156 163 171 166 166 166 165 163 161 163 167
 167 164 163 163 162 164 163 160 162 161 160 161 162 161 160 158 156 157
 158 158 158 158 158 158 155 154 153 154 155 155 155 155 155 155 153 152
 151 152 154 155 158 157 155 154 153 154 154 153 155 153 153 154 156 158
 159  29]"
"[ 29  29 204 203 203 202 202 203 204 204 203 203 203 204 203 203 204 205
 204 203 205 205 203 202 200 199 200 201 199 200 200 199 199 199 199 198
 195 196 197 195 195 195 196 197 196 194 194 196 194 194 194 192 191 192
 193 193 196 195 193 192 193 194 193 192 193 193 193 190 187 187 188 189
 190 191 191 192 189 191 195 183 146 129 123 122 120 115 112 111 109 102
  97  92  87  86  88  88  87  88  86  85  82  73  74  85  88  87  88  93
  94  93  93  96  99  92  86  83  82  82  81  78  82  90  89  94 102 105
 111 117 125 131 137 146 155 156 163 167 170 170 169 168 166 164 165 167
 168 166 164 164 163 165 165 163 164 162 161 161 162 162 160 158 158 158
 158 158 159 160 160 159 156 155 155 156 156 155 155 155 154 154 153 152
 151 152 153 154 157 157 156 155 154 154 155 155 157 156 157 157 157 158
 159  28]"
"[ 29  30 204 204 203 203 202 203 206 206 205 204 203 203 203 204 203 204
 203 202 203 202 201 202 202 201 201 202 200 200 201 199 197 199 198 196
 197 198 197 195 195 195 196 197 196 194 194 195 194 195 194 193 191 191
 193 193 196 195 194 193 193 193 191 190 190 192 193 192 190 189 188 188
 190 190 191 191 189 190 192 191 175 151 124 123 123 122 121 116 111 105
  99  95  90  88  88  88  86  86  84  83  81  76  75  82  83  83  88  95
  97  95  93  94  96  90  85  83  84  84  80  75  77  86  89  94 100 104
 111 118 121 126 135 151 155 159 167 170 173 172 171 170 168 166 166 167
 167 166 165 164 162 164 166 164 165 163 162 162 162 162 161 159 159 158
 157 157 158 159 159 158 156 157 157 157 156 154 154 155 152 153 153 153
 152 152 153 154 155 156 156 155 154 154 156 157 157 158 159 159 158 158
 158  28]"
"[ 29  29 204 204 204 204 205 206 207 206 205 205 206 206 205 204 203 206
 206 205 204 204 203 205 203 202 203 204 202 202 202 200 198 201 199 196
 199 200 197 195 196 196 197 197 196 195 194 195 194 195 195 193 192 192
 193 195 194 194 193 193 193 193 192 190 189 190 192 192 192 190 188 186
 189 187 189 188 190 191 188 190 188 174 130 122 122 125 127 117 113 108
 105 101  94  89  86  84  86  84  81  81  83  81  79  81  80  83  90  96
  96  93  92  93  94  94  92  90  88  84  79  77  81  88  92  96 101 104
 109 115 119 128 138 152 153 159 166 170 172 171 170 169 168 167 167 167
 167 166 165 164 162 163 165 164 164 163 162 162 162 162 161 160 159 158
 158 157 158 158 157 156 157 157 157 157 155 153 153 154 153 153 153 153
 153 154 154 154 153 154 155 154 154 155 156 158 158 158 159 159 159 159
 159  28]"
"[ 29  29 204 204 205 205 206 208 207 204 203 204 207 208 205 201 202 205
 206 205 205 204 203 205 201 200 201 203 203 203 203 201 200 203 200 197
 201 202 199 198 198 198 198 197 196 196 195 195 195 195 195 194 192 192
 194 196 194 194 194 193 193 193 193 192 192 191 190 189 190 190 189 187
 188 187 190 187 190 192 187 190 188 187 154 122 125 128 128 117 114 111
 109 104  96  88  84  82  84  84  83  84  86  86  84  83  83  85  89  93
  93  91  90  91  94  96  93  88  85  81  80  83  87  91  96 100 104 106
 107 110 115 128 136 147 153 161 166 171 171 171 170 169 168 168 168 168
 168 167 167 166 164 164 166 165 163 163 162 162 162 162 162 162 160 160
 160 160 159 158 157 157 158 156 155 155 155 154 153 153 154 152 151 151
 153 154 155 154 154 153 153 153 154 156 157 158 159 158 158 158 159 160
 160  29]"
"[ 29  29 204 204 205 205 206 208 206 204 202 204 208 208 204 199 201 205
 206 205 205 204 203 204 203 202 202 203 202 203 203 201 202 202 200 199
 201 202 201 200 198 199 198 197 196 196 195 194 195 194 194 194 193 192
 192 193 194 195 194 193 193 193 193 193 193 193 192 192 192 192 190 188
 187 188 191 188 188 190 188 192 191 190 182 126 127 127 127 123 115 112
 109 104  95  88  85  83  82  84  88  90  89  88  86  86  86  86  88  93
  96  94  89  86  90  92  89  85  85  82  80  84  85  89  99 104 108 111
 110 111 115 127 133 144 156 166 171 173 172 172 171 169 168 168 168 168
 168 167 168 167 164 164 166 165 163 162 162 162 162 163 163 163 161 161
 162 162 161 160 159 158 159 157 155 155 155 155 154 153 153 151 150 150
 152 154 154 154 155 154 153 154 156 157 158 158 161 159 158 158 159 160
 160  29]"
"[ 29  29 204 204 204 205 206 207 206 205 205 207 209 208 205 201 204 207
 208 207 207 207 206 207 207 204 203 202 201 202 203 202 203 201 200 201
 200 200 200 200 197 198 198 196 196 196 196 194 195 194 194 194 194 192
 190 190 194 194 194 193 192 192 192 192 191 193 195 195 194 193 191 189
 189 188 189 189 188 189 190 193 190 190 193 145 126 122 125 123 116 112
 108 104  97  91  87  85  83  83  86  88  88  87  87  87  86  86  88  93
  96  94  89  85  89  93  90  88  89  85  81  82  86  92 106 113 114 116
 113 114 123 129 138 147 155 162 171 171 172 173 172 169 168 169 169 169
 167 166 167 165 163 164 166 165 164 163 162 162 163 163 164 164 162 162
 162 162 161 160 159 158 159 157 155 155 156 155 153 152 152 151 150 150
 151 153 154 154 154 154 154 155 157 158 157 157 161 159 159 159 158 159
 160  29]"
"[ 28  29 203 203 204 204 205 207 206 206 207 209 209 209 206 204 202 204
 205 205 206 206 205 206 206 203 201 200 199 201 204 203 205 201 202 203
 200 199 200 199 197 198 198 196 196 197 197 195 195 194 194 196 196 193
 189 188 192 193 193 192 191 191 191 191 191 193 194 192 191 191 192 193
 191 187 187 190 191 189 190 190 188 193 194 173 132 122 125 121 116 111
 108 105 100  94  90  86  85  80  79  83  85  87  88  86  86  86  87  88
  90  90  89  89  90  94  91  87  87  82  78  80  81  89 108 116 116 117
 115 117 124 127 142 151 153 157 173 173 173 174 173 170 169 170 171 171
 167 166 166 165 163 164 166 166 165 164 163 163 163 164 165 165 165 163
 162 162 162 161 159 158 159 157 156 156 156 154 152 152 151 152 152 151
 151 152 154 155 153 154 155 156 157 157 157 156 159 159 159 159 158 158
 159  30]"
"[ 29  29 204 204 203 205 208 210 205 204 204 210 210 205 205 206 202 205
 207 207 208 207 206 206 205 206 206 205 203 203 203 202 202 202 202 201
 201 200 200 201 198 196 194 194 197 198 197 195 195 195 194 193 194 194
 191 188 189 192 192 190 189 191 190 188 189 191 192 192 192 193 192 190
 193 190 189 190 191 190 188 188 190 189 194 193 145 125 117 118 115 107
 108 106 103  98  89  86  82  81  80  81  83  85  85  85  86  86  84  81
  81  85  88  89  89  90  89  85  82  80  77  73  73  80 104 118 121 122
 118 118 122 131 139 147 152 152 169 172 173 174 173 171 171 171 171 169
 165 167 169 168 168 167 166 166 165 163 162 163 165 164 163 163 164 163
 163 162 161 158 157 158 157 156 158 159 157 155 153 150 147 151 154 155
 154 154 154 155 155 155 156 157 156 154 155 158 159 159 160 159 157 157
 159  29]"
"[ 29  29 205 205 204 206 209 209 211 209 206 210 209 205 207 209 206 207
 209 208 206 205 206 206 206 207 206 205 204 204 203 202 204 203 203 202
 201 200 200 200 198 196 195 196 198 199 197 195 195 195 195 194 195 195
 194 191 193 193 192 191 191 193 193 192 192 194 193 191 189 190 191 191
 192 190 189 190 191 190 188 188 193 192 191 194 172 131 117 117 111 110
 108 104 102 100  92  85  81  80  80  82  84  84  83  82  83  85  84  83
  82  84  85  86  88  89  87  84  82  82  80  76  79  81 102 117 122 123
 121 125 124 131 137 147 152 154 167 170 173 174 174 172 172 172 171 170
 166 168 168 168 167 167 167 166 165 163 162 163 164 163 162 162 162 161
 160 160 160 159 158 157 156 154 156 157 156 154 152 150 146 149 152 153
 154 155 156 156 154 154 155 156 156 154 155 158 158 159 160 159 158 159
 159  29]"
"[ 29  29 205 206 205 207 210 211 211 210 209 213 212 207 208 208 208 208
 210 209 205 205 207 207 206 205 205 203 203 204 203 203 204 203 203 203
 202 201 200 199 199 198 198 199 200 199 198 196 196 196 196 195 195 196
 196 195 195 193 190 190 191 193 194 194 193 195 195 192 191 192 195 198
 189 188 188 189 190 189 189 189 195 192 188 192 192 145 115 116 109 111
 105 101 101  98  91  83  83  83  83  84  85  84  82  80  81  83  85  85
  84  82  82  83  87  87  85  83  83  84  82  80  82  83 100 112 117 121
 122 126 125 131 135 148 153 156 164 167 171 173 174 173 172 171 171 170
 168 168 167 167 167 167 166 165 165 164 164 165 165 164 163 162 162 162
 160 159 160 161 160 158 155 153 155 157 157 156 155 152 149 150 152 152
 153 154 155 155 154 154 154 155 154 154 155 157 157 158 160 160 160 160
 160  29]"
"[ 29  30 206 207 206 208 210 211 209 210 210 213 213 209 209 208 206 204
 208 207 201 203 207 206 206 205 203 202 202 203 204 204 203 203 203 203
 203 202 201 200 200 200 200 200 200 199 198 196 196 196 196 195 194 194
 195 195 194 191 189 189 190 190 192 193 194 195 195 193 190 189 191 193
 188 187 188 190 191 190 191 192 196 190 189 190 190 165 120 116 114 112
 104 103 103  95  90  85  85  85  85  84  83  82  81  80  82  84  87  88
  86  82  81  81  84  84  83  81  81  82  82  80  82  87 103 108 111 121
 123 123 126 132 136 151 155 158 162 167 171 174 175 173 171 171 170 169
 168 168 167 166 167 167 166 165 166 166 166 166 166 165 164 164 162 163
 161 159 159 161 161 158 155 153 155 158 158 158 157 155 152 152 152 151
 152 153 153 153 155 154 153 154 154 154 155 157 157 158 161 161 161 162
 161  29]"
"[ 29  31 207 210 208 208 208 208 211 211 208 210 211 209 211 210 207 205
 207 206 201 204 210 210 209 206 204 203 204 205 206 206 202 202 202 203
 203 203 202 201 200 200 200 200 199 199 198 198 196 196 196 195 193 192
 192 193 194 192 191 191 190 189 191 194 194 193 193 192 190 190 190 192
 189 189 190 192 192 191 191 193 193 189 191 191 187 183 142 115 116 112
 102 102 100  92  89  85  83  83  83  81  80  80  82  84  86  87  89  89
  86  82  81  81  80  81  81  80  79  79  79  79  82  89 105 109 112 122
 125 124 128 134 138 152 157 160 161 168 173 175 176 174 172 171 171 170
 169 168 167 167 167 167 166 164 166 166 166 166 165 164 164 163 160 161
 160 158 157 159 160 159 157 155 156 157 157 156 156 154 153 152 151 150
 151 152 153 152 154 154 153 154 154 155 157 158 158 159 161 162 162 162
 161  29]"
"[ 28  30 209 212 210 208 206 204 209 210 208 209 210 210 210 207 211 209
 208 206 202 205 212 213 210 207 205 204 205 206 207 208 203 202 202 203
 203 203 202 201 200 200 200 199 199 199 199 199 197 197 197 196 195 193
 193 194 194 194 193 193 191 189 191 194 191 190 189 189 190 191 192 194
 190 189 190 192 192 190 190 191 191 189 192 191 190 191 170 123 120 115
 108 104  99  95  93  87  82  82  81  80  80  83  88  91  92  91  89  87
  84  82  81  80  80  80  80  79  78  79  79  80  82  87 104 112 116 122
 124 126 128 133 138 147 154 157 159 166 173 175 176 174 172 171 171 171
 169 169 168 167 167 167 166 164 166 166 166 164 163 163 163 162 160 161
 161 159 158 160 161 161 161 158 157 157 155 154 153 152 155 153 151 150
 150 151 151 151 153 153 154 154 154 156 158 160 159 159 160 161 162 162
 161  29]"
"[ 28  30 209 212 211 210 209 207 208 209 208 210 212 211 209 205 208 208
 207 205 203 205 208 210 209 207 205 205 206 206 207 208 204 203 202 202
 203 203 202 200 201 201 200 199 199 199 199 198 198 197 197 197 196 194
 194 195 194 195 195 193 191 190 191 194 191 189 188 187 187 186 187 189
 189 189 189 191 191 190 190 190 191 190 191 188 192 190 185 148 120 109
 106 102  93  89  87  82  83  82  81  82  84  88  92  94  95  93  88  84
  82  82  82  80  81  80  79  79  79  80  81  81  85  87 103 112 116 122
 123 124 126 130 134 139 151 154 157 164 172 174 176 175 173 172 172 171
 170 170 168 167 167 168 167 166 165 166 165 163 163 164 164 163 162 161
 161 160 161 161 161 162 161 158 158 156 153 152 153 153 155 154 151 150
 149 150 151 150 152 153 154 154 154 156 158 159 159 158 159 160 161 162
 161  29]"
"[ 28  30 208 211 211 212 213 213 211 211 207 208 211 212 212 208 208 211
 211 209 209 209 209 210 209 207 206 207 207 206 207 208 204 203 202 202
 203 203 202 201 203 202 201 200 199 198 198 197 197 196 195 196 194 193
 193 195 195 195 195 193 191 191 192 194 191 190 190 191 191 189 190 191
 189 189 190 192 193 192 191 191 194 191 191 186 188 189 187 176 128 110
 110 109  97  90  87  87  84  82  81  82  86  89  92  92  96  93  87  81
  80  82  83  81  81  79  77  77  79  81  82  82  88  92 106 111 115 124
 124 121 125 128 132 134 149 154 158 165 171 174 176 176 175 174 173 172
 171 170 169 167 167 168 168 167 164 164 163 162 162 164 165 164 163 161
 159 160 161 160 160 160 159 156 156 155 152 152 154 155 152 151 150 149
 150 152 153 153 153 154 155 154 154 155 157 158 159 158 158 159 161 162
 162  30]"
"[ 28  29 211 212 213 211 212 212 212 210 209 210 211 214 214 211 211 208
 207 208 209 209 208 208 208 206 212 207 208 208 206 207 208 205 202 202
 204 205 203 202 204 203 202 202 201 199 197 196 197 197 195 194 193 193
 195 196 194 194 194 194 194 193 193 193 194 192 192 193 191 190 191 192
 192 192 193 195 194 191 190 191 192 192 192 191 191 191 189 187 140 112
 117 113  97  89  87  88  82  82  81  83  84  89  95  96  98  86  80  80
  81  79  76  79  82  76  75  78  79  81  83  85  90  98 104 109 117 121
 121 122 121 126 129 135 146 154 159 165 170 175 176 178 179 176 175 173
 173 171 168 165 166 168 167 165 164 163 162 162 163 162 162 162 163 162
 161 160 161 161 160 158 157 156 154 153 154 155 155 154 152 152 152 151
 150 150 152 153 156 155 155 154 154 154 156 157 160 158 157 158 160 163
 162  29]"
"[ 29  30 211 212 212 211 211 212 212 210 210 210 210 211 212 211 208 207
 208 210 211 210 209 208 210 208 210 206 208 207 209 209 210 207 203 202
 203 205 206 207 200 200 201 201 201 198 196 194 197 197 196 194 193 192
 193 194 197 195 192 190 190 191 192 192 191 189 190 192 190 190 191 192
 192 191 192 193 193 190 189 190 190 190 191 191 192 192 192 192 171 125
 112 102  98  89  87  87  84  82  80  81  83  88  95  96  95  88  84  81
  78  75  73  78  77  75  76  77  76  77  81  85  88  92 100 111 120 122
 122 123 122 126 129 136 147 153 156 160 168 174 174 177 178 176 175 173
 172 171 169 167 167 167 167 167 166 165 164 164 164 162 162 162 163 163
 162 162 162 162 160 157 157 156 155 154 154 154 154 153 153 153 153 152
 151 150 151 152 154 154 154 155 154 154 155 156 160 159 158 158 159 160
 160  29]"
"[ 29  30 211 211 212 211 212 213 213 211 212 211 210 210 212 211 207 208
 209 211 212 211 209 209 209 208 207 206 208 205 210 210 205 206 207 207
 208 208 208 207 200 200 200 201 201 199 197 196 198 198 196 195 193 192
 191 191 192 191 190 191 192 192 191 190 189 188 189 191 190 190 192 192
 193 192 192 193 193 191 190 190 190 190 191 193 193 192 192 193 191 141
 118 100 101  89  86  86  87  83  81  81  82  87  91  93  92  88  86  82
  77  76  75  78  77  75  75  76  76  78  82  83  85  88  99 114 121 122
 122 124 128 130 132 139 150 155 156 160 167 172 173 174 175 174 174 173
 172 171 171 169 167 166 167 170 168 167 166 165 163 162 161 161 162 162
 162 162 162 161 159 156 158 158 157 155 154 154 153 153 153 153 153 152
 151 151 152 153 154 154 156 156 156 155 155 156 160 159 160 160 159 159
 159  29]"
"[ 30  29 210 210 212 211 213 213 212 211 212 212 211 210 211 211 210 210
 210 211 211 210 210 210 209 209 208 210 212 207 212 212 210 209 208 206
 204 204 206 208 202 201 200 200 201 201 200 199 198 198 197 195 193 191
 189 188 186 188 190 193 195 195 193 191 192 190 191 192 191 190 192 192
 194 193 192 193 193 192 191 190 190 189 191 194 194 191 189 189 190 154
 131 107 105  94  88  85  86  83  84  84  84  88  90  92  93  89  86  81
  79  80  77  77  76  74  74  75  76  79  82  82  84  88 103 118 122 121
 124 125 129 130 131 138 149 154 156 161 167 174 174 174 174 172 173 172
 174 173 172 170 168 165 167 171 169 167 166 165 163 161 162 163 162 162
 161 161 162 161 159 157 158 158 158 156 154 154 153 153 151 151 151 150
 151 152 154 156 154 155 157 157 156 155 156 158 161 160 160 160 160 159
 159  29]"
"[ 29  29 210 211 213 213 214 215 213 211 211 213 212 211 210 209 211 212
 212 211 210 210 210 209 208 208 207 210 212 206 211 210 211 211 209 205
 202 201 202 203 203 201 199 200 202 202 201 200 199 198 196 195 193 191
 189 187 189 189 190 191 192 193 194 196 194 193 193 192 190 189 190 189
 191 191 191 192 193 193 191 190 190 188 188 191 193 191 188 188 191 167
 143 121 116 109  97  91  85  81  85  85  85  89  90  93  93  89  85  79
  78  79  75  73  72  73  75  75  73  75  80  83  85  92 107 119 123 125
 126 125 128 130 130 137 148 153 157 162 167 174 175 175 174 172 173 172
 175 173 171 170 168 166 168 171 170 169 167 165 164 163 164 166 163 162
 161 161 162 162 161 159 157 158 158 156 154 153 153 153 150 150 148 147
 148 150 153 155 154 154 155 155 155 154 156 159 160 158 159 160 161 160
 160  29]"
"[ 29  29 210 212 215 215 216 215 216 212 212 214 213 212 211 208 210 212
 213 212 212 211 210 209 209 207 207 206 208 204 208 209 208 209 209 208
 206 204 203 203 203 201 200 202 203 202 200 199 200 199 197 196 195 193
 191 189 193 193 192 191 190 190 192 194 194 193 193 192 189 188 188 187
 190 190 190 192 193 194 193 191 191 188 187 188 189 189 188 188 186 172
 153 132 123 114 101  93  88  82  84  82  81  85  86  90  89  86  84  77
  73  74  72  73  71  71  73  74  73  75  78  80  85  93 105 116 124 128
 127 123 126 129 131 137 147 154 156 159 162 171 175 175 174 173 173 172
 174 172 170 169 168 168 170 171 171 169 167 166 165 165 166 167 163 162
 160 160 160 161 161 159 157 158 157 155 153 153 152 152 151 150 148 147
 147 148 150 152 153 154 154 154 154 155 157 159 159 157 157 159 161 161
 159  28]"
"[ 29  29 211 214 217 217 216 215 217 213 212 214 213 212 211 210 210 212
 213 213 213 212 211 208 211 209 211 207 208 208 210 211 210 210 208 207
 206 206 207 208 202 202 202 203 202 201 200 201 201 199 197 195 195 195
 193 191 193 193 193 192 191 190 191 191 192 192 193 192 190 189 189 187
 189 189 190 190 191 192 191 190 190 189 188 187 187 187 187 187 187 183
 171 143 132 121 113 101  94  86  86  82  82  86  85  90  89  86  83  76
  72  73  72  74  72  69  71  75  76  76  76  76  82  92 104 115 124 127
 125 123 123 127 128 133 144 152 153 153 155 167 173 176 176 174 174 172
 172 172 171 169 168 169 170 170 171 169 167 166 165 164 165 165 163 162
 160 159 159 160 160 158 158 158 157 155 153 153 152 152 151 150 149 149
 149 149 150 151 153 153 154 155 156 156 157 159 158 156 156 159 161 160
 159  29]"
"[ 30  30 212 215 218 218 216 215 215 211 211 212 211 210 210 210 211 213
 213 212 212 213 211 209 209 207 211 205 207 209 209 210 210 211 211 211
 209 206 203 201 203 203 203 202 199 198 200 202 200 198 195 194 194 194
 193 192 194 193 192 191 191 192 192 193 190 191 193 194 192 192 192 189
 188 188 187 187 187 187 187 186 186 188 189 189 188 188 188 187 186 187
 175 138 128 123 120 102  99  89  89  87  88  94  92  96  95  89  84  77
  74  74  72  72  70  69  73  77  76  73  73  75  79  93 107 117 123 124
 123 126 125 128 128 131 144 153 154 153 152 166 174 178 178 176 175 172
 171 172 172 169 168 169 169 169 171 169 167 166 165 164 163 164 164 162
 160 159 159 160 159 158 160 160 158 155 154 153 153 152 150 150 151 152
 152 152 152 152 152 153 154 156 157 157 157 158 158 156 157 160 161 160
 160  30]"
"[ 29  28 213 216 216 217 215 214 213 215 214 212 210 211 211 210 210 212
 211 211 214 215 213 212 209 209 209 210 210 209 209 210 209 209 208 208
 208 208 206 204 203 206 206 203 199 198 200 203 199 196 195 196 196 193
 190 189 193 192 191 192 193 193 192 192 193 192 192 193 194 193 190 188
 187 189 190 188 187 187 188 187 188 189 190 190 189 188 187 187 185 185
 174 151 131 132 124 114 104  98  91  90  93  97  98  96  93  91  88  82
  77  74  74  73  69  72  76  78  74  70  73  78  82  97 108 117 123 126
 129 127 128 130 129 129 137 147 151 152 156 164 173 178 179 176 174 175
 173 172 171 172 172 171 169 168 167 166 166 166 166 166 166 166 164 163
 160 158 159 160 159 155 157 158 158 155 154 154 154 152 152 149 149 150
 152 152 152 152 152 152 153 153 154 154 155 155 155 157 159 161 160 162
 159  30]"
"[ 31  26 213 213 213 213 212 208 212 213 214 214 212 210 211 212 214 216
 216 215 217 216 214 214 211 211 212 213 213 212 211 211 209 209 207 207
 208 210 209 207 203 205 206 204 202 200 199 199 199 196 195 196 196 194
 193 192 195 194 194 193 193 193 193 194 193 193 193 193 193 192 190 189
 190 192 192 190 188 189 190 189 187 187 187 187 186 186 186 187 186 188
 180 165 132 132 133 121 107 103  98  95  96  98 100 101  98  94  88  83
  80  79  79  78  77  78  80  80  77  73  75  79  82  95 108 121 129 129
 127 123 124 125 125 128 135 144 150 156 154 161 171 179 180 177 175 175
 172 172 172 173 172 171 171 170 168 166 165 165 165 165 164 163 161 161
 161 159 160 161 160 157 153 155 157 158 157 157 155 153 147 148 149 151
 150 149 150 152 151 151 152 153 154 154 153 153 161 155 160 159 161 162
 160  30]"
"[ 28  32 211 213 216 215 210 214 210 211 214 215 212 208 210 214 212 214
 214 213 212 210 209 210 210 210 211 212 212 212 211 212 210 209 206 204
 205 207 206 204 203 204 205 204 204 203 200 198 201 199 197 196 196 195
 195 195 193 193 193 192 190 189 190 191 193 194 195 194 191 190 190 190
 189 191 192 191 189 190 190 190 190 190 190 189 188 188 188 189 186 187
 189 175 131 134 137 122 111 109 106 102  99  99 102 105 101  95  88  82
  81  81  81  81  79  79  79  80  78  76  76  79  81  90 100 116 128 129
 129 128 126 126 126 130 134 138 145 153 154 157 168 178 177 174 174 173
 173 173 173 173 172 171 171 171 170 168 166 165 166 166 164 164 161 162
 162 161 160 160 159 158 152 153 156 158 158 156 153 152 148 149 151 153
 152 151 151 152 153 153 153 154 155 155 155 154 155 161 158 162 167 157
 154  29]"
"[ 30  27 211 215 220 212 219 206 211 212 214 214 211 209 211 215 212 214
 214 212 212 210 209 210 210 210 210 211 212 212 213 213 212 211 208 206
 206 207 207 205 204 204 203 202 203 204 203 202 200 198 196 194 193 193
 194 195 195 194 194 193 192 191 191 192 194 195 195 194 191 189 189 190
 188 191 192 192 190 189 189 189 189 189 189 189 189 188 187 186 187 184
 192 175 134 138 138 126 113 110 105 101  99  99 102 105 107 100  91  85
  83  81  80  79  82  81  81  81  78  75  74  76  77  84  96 117 132 132
 129 127 127 128 129 132 136 139 146 154 156 156 168 178 178 176 177 176
 174 173 173 173 172 171 170 170 169 167 165 164 165 164 164 163 164 164
 163 160 159 159 160 160 156 155 155 157 158 156 153 151 151 150 150 151
 152 152 152 151 154 152 151 151 152 154 155 155 158 161 156 160 155 161
 163  29]"
"[ 30  27 217 215 213 215 215 217 212 213 213 211 209 210 212 214 211 213
 212 211 212 211 210 210 210 210 210 211 211 210 210 211 208 210 210 209
 209 209 209 208 206 205 203 202 202 203 204 204 201 200 198 196 194 195
 196 197 194 193 193 193 193 193 192 191 192 192 193 192 191 189 188 188
 190 191 192 191 189 187 186 186 189 190 190 190 190 190 189 188 189 185
 187 175 143 130 135 128 120 111 102  97  97  99 101 103 102  97  91  86
  83  81  79  79  80  80  79  79  77  75  76  78  79  81  90 114 134 137
 134 130 129 130 129 130 134 139 145 151 156 156 166 177 177 175 175 174
 176 174 173 173 173 172 170 169 170 169 168 167 166 165 165 166 165 164
 162 161 160 161 161 161 159 155 154 156 158 156 153 150 150 149 148 148
 149 151 151 151 153 152 150 150 152 154 155 156 159 155 159 159 156 157
 154  30]"
"[ 29  28 207 212 212 215 214 213 214 215 214 211 211 213 215 214 210 211
 210 210 212 212 210 210 210 210 211 212 211 209 206 206 205 208 210 209
 208 208 208 208 206 206 205 203 202 202 202 202 202 201 199 196 193 193
 193 192 194 193 193 194 195 194 193 192 191 191 191 192 192 191 190 189
 191 190 190 188 187 187 188 189 187 187 186 186 187 188 188 188 184 185
 181 182 160 129 137 132 129 117 105  99  98  99 100 102 102  98  94  91
  87  83  81  81  81  80  79  78  76  76  79  82  87  85  87 108 132 141
 140 136 135 136 133 130 134 140 145 149 151 153 163 174 177 176 176 175
 175 173 172 172 173 172 171 170 169 169 169 168 166 165 165 166 167 166
 165 164 164 162 161 159 159 156 154 155 157 155 150 146 146 148 148 146
 145 147 150 152 152 152 152 153 154 155 155 155 156 156 157 156 160 157
 161  28]"
"[ 31  27 203 208 209 214 209 209 211 210 208 208 209 210 210 210 207 209
 208 207 209 209 208 208 206 206 207 208 207 205 203 202 204 205 206 205
 204 204 204 204 202 202 202 201 200 200 200 199 198 198 196 194 193 192
 191 189 190 190 190 191 191 190 190 190 188 188 188 188 189 189 188 188
 186 186 185 185 185 186 187 188 187 187 186 186 187 188 187 187 186 186
 180 182 165 137 137 131 123 115 107 103 102 101 101 102 102  99  96  93
  89  85  82  82  86  84  82  80  78  77  78  79  81  84  89 108 129 139
 140 137 135 136 135 133 137 141 145 148 150 153 160 168 173 175 175 175
 175 174 174 174 174 174 173 173 170 170 169 169 168 167 167 167 165 164
 164 164 163 160 159 158 159 158 156 156 156 155 151 147 147 149 150 148
 147 148 150 152 152 153 153 154 155 155 154 154 153 156 159 159 154 157
 153  30]"
"[29 29 30 30 28 27 30 29 29 28 28 30 30 29 28 29 28 30 29 28 29 29 28 29
 29 29 29 29 29 29 29 29 28 29 30 29 29 29 29 28 29 29 28 28 28 29 29 29
 29 30 30 29 29 30 29 28 29 29 30 30 29 28 28 30 30 30 29 29 29 29 29 29
 30 29 29 30 30 29 28 28 29 29 29 29 30 30 29 28 31 26 29 31 27 31 30 28
 31 28 28 30 30 28 28 30 30 28 27 29 30 29 29 31 28 28 28 29 29 30 29 29
 29 31 28 28 30 29 29 28 28 29 29 28 29 28 28 30 29 30 29 29 31 30 28 29
 29 29 29 29 29 28 28 28 30 29 28 29 30 29 28 28 29 29 29 29 29 28 29 30
 29 30 29 28 29 30 30 28 29 30 29 28 28 29 29 28 29 29 29 29 29 29 29 29
 29 30 28 27 30 31 28 30]"
