"[23 22 21 21 20 21 21 22 21 22 23 24 23 22 20 19 18 18 18 19 20 21 22 22
 21 19 19 21 23 24 23 20 19 23 22 18 21 28 26 17 16 25 21 17 27 31 22 15
 24 16 18 26 26 26 26 19 23 26 25 22 24 33 41 44]","[19 18 16 14 12 11 10 10  6  6  7  8  8  7  6  6  8  9  8  8  8  7  7  6
  6  6  6  6  6  6  6  6  5  6  8  6  6  7  6  5  6  6  9 10 10 12 14 12
 12 12 15 18 13 13 20 21 26 19 13 20 41 59 61 53]","[28 26 24 21 18 16 15 14 13 13 13 13 12 10  9  8  6  6  6  5  4  3  3  2
  7  8  8  6  4  3  3  3  5  9  9  5  3  3  4  5  5  1 10 15  5 12 27 25
 18 18 17 14 12 16 20 22 18 17 20 34 57 73 70 59]","[36 35 33 31 29 27 27 27 20 20 19 16 14 11 10  9 12 12 10 10  9  9  9  9
  7  8  9  7  4  4  4  6  8  5  2  3  4  4  4  7 12  9 24 23 10 36 61 45
 45 41 25 13 19 24 21 17 12 29 49 59 63 64 61 57]","[26 25 24 25 25 25 25 25 26 25 25 23 22 21 20 20 16 15 14 13 12 11 10  9
  6  6  7  7  7  8 11 12  7  2  3 18 30 27 18 13 14 20 33 23 16 58 83 54
 55 62 42 16 15 17 15 18 29 49 67 69 61 56 55 56]","[18 17 16 17 18 17 17 18 25 25 25 26 27 29 30 31 27 26 24 22 20 17 15 14
 17 14 11 10  9  9  9  8 12  7 20 51 70 61 41 29 18 30 38 23 23 62 81 54
 48 75 61 24 13 13 19 39 59 62 63 60 61 63 63 59]","[29 28 26 24 22 20 19 19 12 12 12 12 13 15 17 19 27 27 26 26 25 24 23 23
 21 15 10 11 17 21 20 16 20 13 26 57 73 59 38 30 26 39 41 29 29 47 56 50
 40 72 58 23 22 30 38 59 66 63 58 56 62 69 68 62]","[45 43 39 35 31 27 25 23 21 20 18 17 16 16 17 18 10 10 12 14 16 18 20 21
 27 23 22 33 50 64 68 66 42 31 36 58 65 50 37 36 30 40 39 33 30 26 30 45
 34 59 37 11 32 52 53 63 53 59 62 61 63 66 65 61]","[59 90 88 82 77 64 60 48 46 40 32 27 25 24 20 17 21 19 16 15 14 14 15 15
 20  6 17 59 87 95 92 84 57 38 42 59 59 48 38 29 33 44 40 29 24 19 20 31
 38 49 35 27 50 62 58 62 62 59 64 67 63 68 67 55]","[ 55  88  91  93  96  92  95  86  92  87  79  71  63  55  48  44  27  27
  25  23  20  18  16  15  13  10  31  70  94 101  94  78  55  34  39  59
  58  43  34  30  36  46  43  32  28  21  21  32  48  55  45  42  60  64
  56  59  57  56  63  68  66  70  70  57]","[ 41  74  76  78  82  79  84  77  78  81  84  86  86  86  87  88  79  77
  72  64  54  43  34  29  30  37  60  83  96 105  99  78  55  32  38  62
  58  38  30  32  37  45  40  31  27  20  20  32  59  60  54  56  67  61
  49  51  49  50  62  69  68  73  73  60]","[ 51  81  79  77  77  73  76  69  73  76  79  78  75  74  76  78  86  86
  86  86  85  83  81  80  63  73  83  79  79  96 100  80  56  33  40  63
  56  32  27  34  41  44  36  27  25  19  22  37  67  60  55  61  62  51
  40  42  40  45  60  70  70  75  74  62]","[52 83 82 80 82 79 85 79 82 83 81 76 70 67 69 72 70 71 71 73 75 78 81 83
 73 85 87 67 58 83 96 80 51 32 40 59 49 26 25 34 46 44 32 23 23 21 28 47
 71 58 54 58 52 43 38 38 36 43 60 71 70 75 75 63]","[43 75 75 74 78 75 81 75 75 75 75 74 74 77 82 86 78 75 71 67 64 63 63 63
 66 83 87 65 55 80 94 79 42 29 38 51 39 24 28 37 39 34 21 15 18 17 26 48
 72 57 55 54 44 42 45 40 38 45 63 73 71 75 75 64]","[53 84 84 83 85 81 86 79 85 82 79 76 75 75 73 72 70 70 71 72 73 75 76 77
 68 83 88 66 54 73 85 71 33 29 39 45 34 29 39 46 30 25 15 14 19 18 26 48
 67 55 55 51 38 45 53 42 44 51 69 77 73 76 76 66]","[52 84 86 86 89 86 90 83 84 82 80 81 84 83 80 76 74 75 75 74 72 68 65 63
 75 86 86 61 44 59 69 55 29 30 42 44 34 36 50 56 30 26 19 22 29 27 33 54
 60 52 55 48 35 47 58 42 49 56 73 80 75 77 77 67]","[49 88 86 84 92 87 90 90 88 88 88 88 88 88 88 88 80 80 80 80 79 78 76 76
 81 95 86 53 40 55 66 60 14 37 58 28 36 78 65 45 25 22 25 31 29 27 41 61
 59 54 42 33 39 52 51 41 60 67 79 79 72 77 80 68]","[50 89 87 85 93 88 90 91 89 89 89 89 89 89 89 89 86 86 86 85 84 83 81 80
 85 96 88 59 41 44 47 40 30 35 43 26 48 90 70 41 26 24 30 38 39 39 52 71
 62 49 40 43 45 41 40 43 65 70 80 80 75 81 82 68]","[ 51  90  88  86  94  88  91  91  91  91  91  91  91  91  91  91  91  91
  90  90  88  86  85  84  95 101  96  75  55  45  39  33  36  31  32  25
  48  77  60  36  25  25  31  39  40  40  50  64  57  39  37  52  50  33
  35  54  73  74  80  81  78  85  84  67]","[ 52  91  88  86  93  88  91  91  93  93  93  93  93  93  93  93  92  92
  92  91  89  87  85  84  99 102  99  87  69  53  45  42  36  38  41  37
  41  50  46  40  33  32  35  39  38  35  39  46  43  32  35  50  49  37
  46  69  79  76  80  81  81  88  85  66]","[52 91 89 86 93 88 90 90 95 95 95 95 95 95 95 95 94 94 93 92 91 89 88 87
 96 97 95 87 72 57 50 50 47 53 54 55 50 46 51 52 47 45 44 45 43 39 37 39
 34 34 37 42 45 50 64 78 82 78 80 81 82 90 86 66]","[54 93 90 87 94 89 91 91 96 96 96 96 96 96 96 96 96 96 97 96 96 94 93 92
 98 99 97 88 75 65 58 55 60 62 54 63 66 59 63 55 51 49 47 47 47 45 42 40
 36 42 42 39 46 63 76 78 83 80 82 83 82 91 88 69]","[ 57  96  93  90  97  91  93  93  96  96  96  96  96  96  96  96  97  97
  98  98  98  98  97  96  99 105 104  93  82  76  69  61  65  71  58  69
  73  64  69  54  50  48  46  46  49  50  47  43  42  43  42  43  56  74
  82  79  84  82  86  86  84  92  92  75]","[ 60  99  96  92  99  94  95  95  96  96  96  96  96  96  96  96  95  96
  97  98  98  98  98  97  95 105 105  93  84  82  74  63  67  82  72  79
  73  60  70  58  54  52  49  49  53  56  53  48  44  40  39  49  67  81
  84  82  85  84  89  88  85  94  94  79]","[ 53  97  98  93 100  97 100  98  99  99  99 100 100 100 101 101  99  99
  99 100 100 100 101 101  98 103 110  99  81  80  82  72  84  79  76  78
  79  74  66  61  51  50  50  50  50  49  47  45  45  39  46  68  84  83
  81  83  78  92  94  96  88  89  99  78]","[ 53  98  98  94 100  97 100  98  99  99 100 100 100 101 101 101 101 101
 101 101 102 102 102 103 105 107 109  98  80  80  82  72  83  78  72  69
  70  71  68  63  61  53  44  40  42  43  41  37  42  40  50  72  85  85
  84  87  91  82  78  99 101  90  94  80]","[ 54  98  99  94 101  98 100  98 100 100 100 101 101 101 102 102 102 103
 103 103 104 104 104 104 109 107 106  94  81  84  88  78  82  80  70  60
  60  68  69  63  59  48  36  33  39  45  46  43  50  52  63  80  88  86
  86  91  92  90  87  99  94  91 114 116]","[ 54  99 100  95 102  99 101  99 101 101 101 101 102 102 102 103 103 103
 103 104 104 105 105 105 109 105 102  92  82  91  97  88  81  81  70  56
  54  63  66  59  46  41  38  41  51  60  64  65  71  73  81  89  90  86
  88  93  91 104  96  90  95 127 162 151]","[ 55 100 100  96 103  99 102 100 101 102 102 102 103 103 103 103 103 103
 103 104 104 105 105 105 110 106 103  93  85  94 101  92  77  76  66  52
  48  54  55  51  46  50  57  64  70  75  79  82  85  87  90  91  89  86
  90  96  93  97  88 102 139 182 194 150]","[ 56 101 101  96 103 100 103 101 102 102 103 103 103 104 104 104 104 104
 104 104 105 105 105 106 113 111 110  99  87  93 100  92  72  66  57  48
  43  43  44  46  69  76  83  86  84  81  82  84  85  87  89  89  88  89
  94  99  85  95 111 152 184 196 189 148]","[ 57 101 102  97 104 101 103 101 103 103 103 104 104 104 105 105 105 106
 106 106 107 107 107 107 111 112 115 104  90  94 100  93  72  59  50  47
  42  37  41  52  98  98  97  94  89  85  83  82  82  85  88  90  92  95
  97  98  99 132 162 189 192 188 185 155]","[ 57 102 102  97 104 101 104 102 103 103 104 104 104 105 105 105 107 107
 108 108 108 109 109 109 105 110 116 107  92  96 103  97  75  57  47  48
  44  36  44  62 113 107  98  92  89  88  86  85  82  86  91  95  98 100
  98  95 139 179 192 187 183 198 199 153]","[ 51  98 101  97 105 101 103 101 101 101 103 104 105 105 105 105 104 105
 105 107 108 109 110 110 114 113 116 109  94  96 104 101  80  63  51  41
  45  38  40  88 122 119 113 106 100  95  91  90  74  94 109 101  86  92
 126 159 184 185 183 189 186 195 196 152]","[ 55 101 103  99 106 102 105 104 102 103 104 106 106 107 107 106 108 109
 110 111 112 113 114 115 110 110 115 109  96  97 104  99  82  66  53  41
  44  38  41  91 131 129 125 120 112 104  97  93 101  94  88  89 106 136
 168 190 185 186 184 191 188 196 197 153]","[ 52  99 101  96 101  98 102 101  99 100 101 102 103 104 103 103 106 106
 107 108 110 111 112 112 110 110 114 110  98  99 103  97  84  69  57  43
  43  37  43  96 132 133 133 130 124 116 108 103  93  89  93 117 150 178
 188 188 187 189 187 193 191 199 199 154]","[ 54 101 104  98 103  99 104 105 104 104 106 107 108 108 108 108 109 109
 110 111 113 114 115 115 121 117 117 110  98 100 104  96  85  72  60  45
  42  36  47 103 129 131 134 135 134 130 125 122  88 106 135 164 184 189
 183 176 190 192 190 197 194 201 201 156]","[ 66 115 119 114 118 114 119 121 121 122 123 125 126 126 126 126 127 128
 129 130 131 132 133 134 138 128 121 110  98 101 104  95  81  71  62  47
  43  37  51 112 143 144 146 147 149 150 150 150 135 151 170 182 184 184
 186 189 192 194 193 200 197 203 202 157]","[ 73 124 130 126 130 126 131 133 134 135 137 138 139 139 139 139 144 144
 145 146 147 148 149 150 152 138 126 112 100 102 104  94  74  68  63  49
  43  38  56 119 167 167 166 166 167 169 172 173 177 179 180 181 182 186
 191 195 193 195 195 201 198 205 203 157]","[ 71 124 133 131 135 129 135 137 137 138 139 140 141 141 141 141 147 147
 148 149 150 152 152 153 157 141 129 115 103 104 103  91  67  64  63  50
  44  40  59 125 177 176 175 175 175 177 179 180 181 182 184 186 189 190
 189 189 194 196 196 202 199 205 203 156]","[ 70 124 135 134 138 132 137 139 138 139 140 142 142 143 143 142 146 147
 147 149 150 151 152 152 156 141 129 118 106 106 103  88  62  61  63  51
  45  41  61 129 170 170 171 172 173 175 176 177 178 184 191 192 189 188
 192 196 194 196 196 203 200 205 203 156]","[ 66 133 131 133 131 137 130 139 138 139 139 140 140 141 141 141 146 146
 147 148 150 151 152 152 156 136 123 117 105 100  99  92  71  60  58  52
  50  41  58 128 172 173 174 175 177 178 180 180 182 183 184 186 188 190
 191 192 196 197 204 197 205 204 210 156]","[ 66 132 131 133 131 136 130 139 139 139 140 141 142 143 144 144 146 147
 147 149 150 151 152 152 155 135 124 118 106 101  98  90  71  59  55  50
  49  43  64 135 173 173 175 176 178 179 180 181 183 184 185 187 189 191
 192 193 195 196 203 197 205 204 210 157]","[ 66 132 130 133 131 136 129 138 139 140 141 142 144 145 146 147 147 147
 148 149 150 152 152 153 153 134 125 120 108 101  96  87  75  61  55  49
  49  44  65 137 173 174 175 177 178 180 181 182 184 185 186 188 190 192
 193 194 194 195 202 197 205 205 211 158]","[ 66 132 130 133 131 136 130 139 139 139 141 142 144 146 147 148 147 148
 149 150 151 152 153 154 151 133 126 122 110 101  95  84  80  65  58  51
  50  44  62 132 173 174 175 176 178 179 181 181 184 185 186 188 190 192
 193 194 193 195 202 197 205 206 212 160]","[ 67 133 131 133 132 137 130 139 138 139 140 142 144 145 147 147 148 149
 150 151 152 153 154 155 149 133 126 123 111 101  93  82  79  65  59  54
  54  46  61 128 172 173 174 176 177 179 180 181 184 184 186 188 190 192
 193 194 194 196 203 198 207 207 214 161]","[ 68 134 133 135 133 138 132 141 139 140 141 142 144 145 146 147 149 150
 150 152 153 154 155 155 149 133 126 123 110 100  92  81  75  61  57  54
  56  49  64 129 173 174 175 177 178 180 181 182 185 186 187 189 191 193
 195 195 197 199 206 200 208 208 215 162]","[ 70 136 134 136 135 140 133 142 142 142 143 144 145 146 147 147 150 150
 151 152 153 155 155 156 150 133 126 122 110 100  92  80  78  62  55  51
  54  48  64 130 176 176 178 179 181 182 184 184 188 188 190 192 194 196
 197 198 200 202 208 202 210 209 215 162]","[ 70 137 135 137 136 141 134 143 145 145 145 146 146 147 147 148 150 150
 151 152 154 155 156 156 151 133 126 122 109  99  92  81  84  66  55  48
  50  44  61 128 178 179 180 181 183 185 186 186 190 191 192 194 196 198
 200 200 202 203 210 203 211 210 216 162]","[ 63 141 134 140 137 139 141 142 146 146 147 149 151 152 153 154 155 157
 158 160 161 160 159 159 157 127 126 120 109 102  86  85  79  66  57  47
  50  48  64 125 185 179 179 185 188 185 186 191 193 193 195 197 199 201
 202 203 207 206 211 204 213 213 219 165]","[ 69 147 140 146 144 145 147 148 148 149 150 151 153 154 156 156 159 159
 160 161 162 162 162 162 156 127 127 121 109 102  87  85  78  66  58  47
  50  48  63 123 185 181 181 186 188 187 188 192 193 194 195 197 199 201
 203 204 207 207 212 206 215 215 220 166]","[ 73 151 144 150 148 149 151 152 151 151 153 154 156 157 158 159 162 162
 162 163 164 165 166 167 153 128 129 121 109 103  87  85  77  67  59  48
  50  49  61 119 184 183 184 188 190 189 190 193 194 195 196 198 200 202
 204 205 209 208 214 208 217 217 222 168]","[ 72 150 143 149 147 148 150 151 152 153 154 155 157 159 160 160 164 164
 163 163 164 166 168 170 150 127 130 122 108 103  87  83  74  67  61  49
  51  49  59 113 184 185 188 190 191 191 193 195 196 197 198 200 202 204
 206 207 210 210 216 211 221 220 225 170]","[ 71 149 141 148 145 147 149 150 152 153 154 155 157 158 160 160 163 163
 162 163 164 166 169 170 145 126 131 121 107 103  87  81  72  68  63  50
  51  49  57 107 184 188 192 193 193 194 197 198 199 200 201 203 205 207
 209 210 212 212 219 215 224 224 228 173]","[ 73 151 144 150 147 149 151 152 152 153 154 155 157 158 160 160 162 162
 163 164 165 167 169 170 140 124 131 120 105 101  85  79  69  68  65  51
  52  49  54 102 183 191 196 195 195 197 200 200 202 203 205 207 209 211
 212 213 213 214 222 218 228 227 231 176]","[ 75 153 146 152 150 151 153 154 153 153 155 156 158 159 160 161 161 162
 164 166 167 169 169 170 135 122 130 119 103 100  84  76  68  68  67  52
  52  49  53  97 183 193 199 197 196 199 202 202 205 206 208 210 212 214
 215 216 215 216 224 220 230 230 233 178]","[ 75 153 146 152 150 151 154 154 154 154 156 157 159 160 162 162 161 162
 165 168 170 170 170 170 133 121 130 118 102  99  83  75  67  68  67  53
  52  49  52  95 183 194 201 198 197 200 203 202 207 208 209 211 213 215
 217 218 215 217 225 222 232 231 235 179]","[ 70 149 143 151 150 152 155 156 153 154 155 157 158 160 161 162 169 164
 167 170 170 176 175 161 117 123 124 115 103  92  82  74  69  70  63  56
  52  46  57  82 169 199 194 208 201 192 219 193 210 211 213 215 216 217
 218 218 217 214 226 225 230 232 239 179]","[ 76 155 149 156 154 155 156 156 157 157 159 160 162 164 165 165 168 163
 166 169 169 175 174 159 126 132 131 121 107  94  83  75  69  70  63  57
  53  46  55  80 158 201 196 204 202 197 220 201 205 206 208 210 212 213
 213 213 214 211 224 224 228 230 237 176]","[ 72 151 146 153 150 150 150 149 156 156 158 159 161 162 163 164 164 159
 163 166 165 170 169 154 124 129 129 118 104  92  81  73  69  70  62  55
  51  44  51  74 138 198 198 195 199 197 212 203 214 215 217 219 220 221
 222 222 223 220 234 234 238 238 243 183]","[ 76 156 151 159 156 155 155 154 161 161 162 164 165 166 167 168 169 165
 169 172 171 176 174 159 124 131 132 123 110  99  90  82  69  69  61  54
  51  42  47  68 123 199 208 199 206 205 210 208 208 209 211 213 215 216
 216 216 215 212 226 226 230 231 235 174]","[ 75 154 149 157 155 155 156 156 157 157 158 159 160 161 162 163 165 161
 165 168 167 172 169 153 118 125 126 118 106  96  87  79  70  70  62  56
  53  44  47  66  99 180 205 198 205 206 205 206 215 216 218 220 222 223
 223 223 223 220 233 233 236 236 241 181]","[ 80 158 152 159 157 159 161 162 164 164 165 165 166 167 168 168 169 165
 169 173 172 175 172 156 120 126 127 118 106  96  86  78  71  70  63  58
  56  46  47  65  91 163 205 206 210 213 211 214 211 212 214 216 218 219
 219 219 223 219 231 229 233 233 240 181]","[ 84 161 153 158 155 157 160 162 166 166 167 167 168 169 169 170 169 166
 171 174 173 176 172 156 122 128 130 122 111 101  92  85  66  65  58  55
  53  43  44  60  91 146 199 206 202 206 208 211 217 218 220 222 224 225
 225 226 232 226 237 234 236 238 246 188]","[ 54 130 120 124 120 122 125 127 126 126 127 127 128 129 129 129 131 127
 132 136 134 137 133 117  89  97 100  94  85  78  70  64  60  59  52  49
  48  38  38  54  57  98 154 164 152 156 160 162 161 162 164 166 167 168
 169 169 174 168 177 174 177 180 190 130]"
