"[32 29 31 31 28 29 29 29 29 28 29 29 30 30 29 29 29 29 29 29 29 29 29 29
 29 29 29 29 29 29 30 30 29 29 30 29 29 29 29 29 30 29 28 29 30 29 29 29
 29 29 29 29 29 29 29 30 30 29 29 29 29 29 29 28 29 29 29 29 29 29 28 29
 29 29 29 28 29 29 29 29 29 29 29 29 29 29 29 28 28 29 29 29 29 29 29 29
 30 29 28 28 29 29 29 29 29 29 29 29 29 29 29 29 29 29 29 29 29 29 29 29
 29 29 29 29 29 29 29 29 29 29 29 29 29 29 30 30 30 30 29 29 29 29 28 29
 29 30 30 29 30 30 30 29 30 29 29 29 29 29 29 28 29 29 30 29 29 29 29 28
 29 29 29 29 30 30 29 28 29 30 28 29 29 30 29 29 29 28 30 30 28 29 30 28
 31 28 28 31 30 30 29 30]","[31 30 28 29 28 29 29 29 30 30 30 29 29 28 28 29 28 29 29 29 28 28 28 29
 29 29 29 29 29 29 29 28 29 29 29 29 29 29 29 29 30 29 28 28 29 28 28 29
 29 29 30 29 29 28 29 29 29 29 29 29 29 30 29 29 29 29 29 29 29 29 29 29
 29 29 29 29 29 29 29 29 29 29 28 29 29 29 29 29 29 29 30 30 29 29 29 29
 29 29 29 29 30 30 30 29 29 29 29 29 29 29 29 29 30 30 29 29 29 29 29 29
 30 30 30 29 29 29 29 29 28 29 29 29 29 30 30 31 28 28 29 29 30 29 29 29
 29 30 30 29 29 29 29 29 28 29 29 30 29 29 29 29 29 29 28 28 29 30 29 28
 29 28 28 28 29 29 29 29 29 29 29 30 30 30 29 28 29 28 29 29 28 29 30 30
 30 30 29 29 26 28 32 27]","[28 27 14 12  9  9  8  9  9 10 10  8  7  7  8  9  9  9 10  9  9  8  9 10
  9  9  8  8  9  9  8  8  8  8  8  8  7  7  8  8  9  8  7  7  7  7  7  7
  7  7  7  7  7  7  7  7  7  7  7  7  7  7  7  7  7  7  7  7  7  7  7  7
  7  7  7  7  7  7  7  7  7  7  7  7  7  7  7  7  7  7  7  7  7  7  7  7
  7  7  7  7  7  7  7  7  7  7  7  7  7  7  7  7  7  7  7  7  7  7  7  7
  7  7  7  7  7  7  7  7  7  7  7  7  7  7  8  8 10 10 11 12 12 12 11 11
 12 11 11 11 11 10 10 10  8 10 11 11 10 10 11 13 15 14 13 13 16 18 18 17
 16 15 15 15 15 15 15 15 15 16 16 17 18 19 19 18 18 19 18 18 21 22 23 25
 25 37 46 58 65 65 57 31]","[30 31 11 11  8  8  7  8 11 12 12 10  8  7  7  8  7  8  8  8  7  6  7  7
 10  8  6  6  7  8  9  9 10 10  9  9  8  7  8  8  9  8  7  6  5  4  4  4
  4  4  4  4  4  3  3  3  3  2  2  3  3  4  4  4  3  3  3  4  4  3  3  3
  4  4  4  4  3  3  3  3  4  3  3  3  3  4  5  5  3  4  4  4  3  3  3  3
  2  3  4  5  4  4  4  4  4  4  4  4  4  4  4  4  4  4  4  4  4  4  4  4
  4  4  5  4  3  3  4  5  4  5  6  7  8  9 10 12 10 10 11 13 13 12 11 11
 12 11 10 10 10  9  8  8  8  9  9  9  8 10 12 14 16 15 14 14 16 18 18 17
 15 15 15 15 15 15 15 15 16 17 17 18 18 19 19 19 15 18 17 19 24 25 24 27
 38 54 61 66 64 59 58 30]","[28 30 12 14 12 12 10 11 11 11 11 11 10  9  8  7 10 10  9 10 10 10  9  8
  7  6  5  5  5  6  7  7  9  9  8  7  6  6  6  7  9  8  7  7  6  5  5  5
  6  5  5  4  4  4  4  4  4  3  3  3  3  3  3  3  4  3  3  4  4  3  2  2
  5  4  4  4  4  3  3  3  4  3  3  3  4  4  5  5  3  4  4  4  3  3  3  3
  3  3  4  4  3  3  4  4  4  4  4  4  4  4  4  4  3  3  3  4  4  4  5  5
  4  5  5  4  4  4  5  6  5  5  6  7  8  9 10 11 11 11 13 14 14 12 11 11
 13 11 10 10 10  9  9  9 10 10 10 10 12 13 14 15 17 17 16 16 16 17 17 16
 15 15 16 17 17 17 17 17 17 18 19 20 20 19 18 17 19 22 22 21 22 22 25 31
 56 66 68 70 66 58 59 29]","[30 29 15 14 11 12 12 13 13 13 12 13 14 12 10  9 10 10  9 10 11 11  9  8
  7  7  8  9  9  8  8  7 10 10  9  8  8  8  8  9  8  8  8  9  8  7  8  8
  9  8  6  5  5  5  5  5  5  5  4  4  4  4  4  4  4  4  4  4  4  3  2  2
  5  5  5  4  4  4  3  3  3  3  3  3  4  4  4  4  3  4  4  4  3  2  2  2
  3  3  4  4  4  4  4  4  3  3  4  4  4  4  4  4  4  4  4  4  4  5  5  5
  6  6  5  5  4  4  5  6  6  6  7  8  9  9 10 10 10 10 11 12 12 10  9  8
 10  8  8  9  9  8  8  9  9  9 10 12 14 15 14 12 14 15 15 16 17 18 19 19
 18 19 19 19 18 17 16 16 15 17 21 23 23 22 20 19 17 20 21 22 28 38 55 70
 81 76 65 61 60 56 58 27]","[29 26 19 15 13 14 16 17 14 13 13 13 13 13 12 11 12 11 11 12 12 12 11 10
  7  8  9 10  9  8  8  8  9  9  8  7  7  7  7  8  6  6  6  6  6  6  6  7
  9  8  6  5  5  6  7  7  6  6  5  5  5  5  5  5  5  4  4  5  5  3  3  3
  4  4  4  4  4  3  3  3  3  3  3  3  4  4  3  3  3  3  3  3  2  2  2  2
  2  3  3  4  4  4  4  4  3  3  3  4  4  4  4  4  4  4  4  4  4  4  5  5
  5  5  4  4  4  4  5  6  6  6  7  8 10 10 10  9 10 10 11 12 12 11  9  9
  9  8  8  9 10  9 10 12 11 11 13 15 16 17 15 14 12 12 13 14 16 19 21 21
 19 19 19 18 17 16 15 15 15 17 20 23 24 24 23 23 25 24 26 32 40 53 69 79
 71 69 65 58 54 51 56 30]","[30 27 28 24 20 18 16 15 16 16 16 16 16 15 14 13 12 12 13 13 13 12 12 11
 10 11 11 10  9  9 11 12 10 10  9  8  7  7  7  8  9  9  8  8  7  7  8  9
  7  6  4  3  4  6  7  8  7  6  5  5  6  6  6  6  6  5  6  6  6  5  5  5
  4  4  4  4  4  4  3  3  3  3  4  4  4  4  3  3  3  3  4  3  2  2  2  2
  2  2  3  4  5  6  5  4  4  4  4  4  5  5  5  5  5  5  4  4  4  4  4  5
  5  4  4  3  4  5  6  6  6  6  7  9 11 11 10  9 10 10 11 12 12 11 10 10
  9  7  8  9  9  8  9 12 13 13 13 14 15 16 16 16 15 13 12 12 15 18 19 18
 15 15 16 16 16 16 17 18 18 19 20 20 21 22 23 24 25 23 32 47 60 69 73 70
 65 63 63 58 57 55 58 30]","[29 28 55 41 27 25 24 20 17 19 18 17 17 15 14 14 16 14 15 12 12 12 16 14
 13 14 10 11 12  9 10 13 15 11  9  9 10 10  9  9  8  7 10  7  7  9  7  8
  9  8  7  5  4  4  6  8  8  7  9  6  5  8  6  9  8  9  8 10 11  9  9  5
  6  9  9  6  3  3  5  3  3  4  4  5  5  5  4  4  4  4  4  4  3  2  2  2
  3  3  3  4  5  4  3  3  2  3  3  4  5  5  6  6  4  3  3  3  3  4  4  4
  4  5  5  4  5  8  8  7  7  7  8  9 11 12 10  8 10 12 13 12 11  9  9  9
  8  8  9  9  9 10 11 12 13 14 15 16 17 17 16 16 14 14 14 15 15 16 16 16
 16 16 16 18 17 17 17 19 20 20 21 19 21 23 19 26 32 36 48 66 73 66 64 65
 64 62 60 59 61 62 64 28]","[31 29 48 40 33 34 35 34 39 37 31 25 21 18 15 16 13 13 16 13 14 14 17 14
 14 15 13 14 12 10 13 13 12 12 13 14 14 12 10  8 11 11 15 12 10 10  8  9
  9  9  9  9  7  6  6  7  8  8  9  7  8 11  8 10  9 14 15 17 20 21 20 14
 14 11  7  7  5  3  5  3  4  4  5  6  6  5  5  4  5  5  5  4  3  3  3  3
  3  3  3  4  5  5  4  4  4  4  4  5  5  5  5  5  4  3  2  3  3  4  4  4
  5  6  5  5  6  8  8  7  8  8  9 10 11 12 11  9 10 11 11 11 10  9  9 10
  8  7  7  8  9 10 11 13 14 15 17 18 18 17 15 14 14 14 15 15 16 17 17 17
 16 17 18 19 18 16 17 18 19 19 19 18 20 20 20 27 38 53 66 73 71 65 61 55
 61 59 56 55 59 63 66 29]","[30 26 31 31 30 32 35 38 42 43 40 38 38 35 33 33 27 24 22 13 11 13 18 16
 17 17 16 15 12 12 13 11 13 13 13 12 11 10 10 10  9 10 13 11  8  8  8 10
 11 11 11 11  9  8  7  8  9 10 10  8 10 11  9 14 21 27 28 28 30 33 33 25
 30 25 19 16  8  4  6  4  4  5  6  7  7  6  5  5  4  4  4  3  4  3  4  4
  3  3  3  4  5  5  5  5  5  4  4  4  4  4  4  4  4  4  3  3  4  4  4  4
  6  5  5  7  8  8  8  8  8  8  9  9 10 11 11 10 10 10 10 10 10  9 10 10
  9  8  8  9 10 12 13 15 15 16 18 19 18 17 15 14 15 15 15 16 18 19 18 18
 17 19 21 22 20 17 17 20 19 18 16 18 22 23 31 39 57 70 73 66 58 57 60 55
 59 58 57 55 57 61 64 28]","[30 28 20 23 24 26 27 30 31 30 27 27 30 33 36 39 39 40 41 35 32 29 28 22
 17 19 15 15 16 16 16 15 12 12 13 14 15 15 14 13 11 11 11 10  9 10 11 14
 13 12 11 11 10  9 10 10 11 12 10 10 11 11 16 29 40 43 39 36 35 36 37 32
 40 40 37 29 14  5  8  5  5  6  7  7  7  7  6  5  3  4  4  4  4  4  4  4
  4  3  3  4  4  4  4  5  5  4  4  4  3  3  3  3  5  5  5  4  4  4  4  4
  5  4  4  7  8  8  7  8  7  8  9  9  9 10 10 10 10 10  9  9  9  9 10 10
 10  9  9 10 12 14 15 16 15 16 18 19 18 17 16 15 14 15 17 18 18 18 19 19
 18 20 23 23 20 18 19 22 23 20 15 23 31 36 50 59 66 69 67 62 57 54 56 55
 56 59 60 58 58 59 62 27]","[29 31 16 18 19 20 19 20 22 22 21 22 26 28 29 31 30 34 41 41 42 40 38 31
 34 38 29 25 31 27 19 17 16 15 13 12 15 16 15 13 12 11 10 10 11 10 12 12
 13 12 12 12 11 11 11 12 11 11 11 12 12 14 31 53 55 52 45 41 37 33 35 35
 38 42 45 43 28 12  9  7  6  6  7  8  7  7  6  5  4  5  5  6  6  6  5  5
  5  4  4  4  4  4  4  5  5  5  4  4  4  4  4  4  5  5  5  4  4  4  4  4
  4  4  4  7  8  8  8  8  7  8  9  8  9  9 10 10  9  9  9  9  9  9  9  9
 10 10 10 12 14 15 16 17 16 16 17 17 17 17 16 16 15 17 19 19 17 17 17 19
 19 20 21 21 18 17 19 23 25 22 20 32 44 51 64 70 68 65 62 64 62 55 55 57
 56 58 60 60 61 61 64 29]","[28 30 15 15 17 17 16 15 13 15 18 21 25 24 20 18 19 20 23 23 27 29 34 33
 32 38 32 35 45 42 34 33 32 30 27 23 22 22 19 15 15 13 12 14 15 14 14 12
 13 12 11 12 13 13 12 12 13 13 12 14 12 19 47 72 65 59 50 48 44 37 37 38
 38 40 46 54 46 23 11  9  7  8  8  8  8  7  6  6  6  6  7  8  8  8  7  6
  6  6  6  6  5  5  5  6  5  4  4  4  4  4  4  4  3  3  4  4  3  3  4  4
  5  5  6  7  8  8  8  8  8  9  9  9  9 10 10 10  9  9  9  9  9  9 10 10
 13 12 13 14 15 16 16 17 17 17 17 17 16 16 16 16 17 19 20 19 17 16 17 18
 20 19 19 18 16 16 19 23 22 23 30 46 56 62 69 70 67 66 63 63 61 57 59 61
 62 59 59 60 63 63 65 29]","[29 30 17 16 19 18 18 18 18 18 17 17 20 20 17 16 17 15 19 19 21 21 25 24
 23 25 25 29 33 32 32 30 39 42 44 43 41 38 34 31 24 22 17 18 18 14 14 12
 15 13 12 12 13 14 14 14 15 15 14 14 12 27 61 82 75 66 55 54 51 44 41 39
 40 44 46 55 54 34 17 11  9  9  9  9  8  8  7  7  7  7  8  8  9  9  8  7
  6  6  6  7  6  5  6  6  5  5  4  4  3  3  4  4  2  3  3  4  3  3  4  4
  5  6  6  6  7  9  9  8  8  9  9  9 10 10 10 10  8  9  9  9  9  9 11 12
 15 15 15 16 16 16 17 18 18 18 17 17 16 16 16 16 19 19 19 19 18 18 18 19
 20 19 18 17 17 18 22 26 25 30 47 61 66 67 65 64 60 62 63 65 63 59 60 60
 65 61 60 62 64 61 62 28]","[30 28 17 16 19 18 19 19 15 16 15 17 20 20 17 16 16 13 16 16 17 14 17 17
 18 15 17 21 17 18 25 24 28 31 32 30 31 38 47 53 52 48 39 37 33 27 26 24
 18 15 12 12 13 14 15 16 14 15 15 15 14 35 72 88 82 71 58 56 54 47 41 37
 38 47 46 48 51 40 23 13 11 10 10  9  9  8  8  8  9  9  8  9  9  9  9  8
  5  6  6  7  6  6  6  7  6  6  5  5  4  4  4  4  3  4  4  4  4  4  4  4
  4  5  5  5  6  9  9  8  8  9  9  9 10 10 10  9  8  8  9  8  8 10 12 14
 16 16 16 15 15 15 16 17 19 18 18 17 17 17 17 17 19 18 18 18 19 20 20 21
 21 19 18 19 20 22 26 30 34 42 63 72 70 67 59 56 58 59 59 63 63 59 60 61
 61 60 63 66 64 58 60 30]","[29 30 18 14 20 20 20 17 18 18 17 17 18 18 17 16 16 15 15 16 16 15 15 16
 15 14 14 15 15 15 16 18 19 20 20 19 19 21 24 27 29 30 33 35 34 30 28 30
 31 41 47 44 36 30 25 22 17 13 12 13 16 35 73 90 85 77 67 58 51 45 40 38
 39 44 46 50 54 48 30 18 15 15 15 20 26 22 15 14 11 12 10  9 10  7  4  6
  5  6  7  7  6  6  6  6  4  6  7  7  6  6  6  7  4  4  5  6  5  4  4  5
  4  4  4  5  6  7  8  8 10 10  9  8  8  8  9 10  9  9  9  8  9 10 12 13
 17 16 16 16 16 16 17 17 18 18 17 17 18 18 17 16 15 16 19 21 20 17 17 20
 20 21 18 19 24 25 26 35 48 62 70 68 63 59 55 53 58 53 53 58 60 58 56 57
 60 63 63 66 64 61 66 28]","[28 28 18 16 19 18 19 20 19 17 16 16 18 19 18 17 15 15 15 16 16 15 15 15
 15 14 15 15 15 15 15 16 15 16 15 15 15 16 17 17 12 13 16 21 24 25 27 28
 30 39 49 54 53 47 38 31 31 37 32 26 24 35 78 88 88 81 69 57 50 48 45 41
 42 42 39 40 45 42 32 24 19 19 21 29 37 38 35 34 22 18 12  8  8  7  6  6
  6  7  8  7  6  6  5  5  3  5  7  7  7  6  7  8  5  5  6  6  5  4  4  5
  5  5  6  6  7  8  8  8  8  7  7  7  8  9  9  9  7  8  8  8  9 10 12 13
 15 15 16 16 16 16 17 17 18 18 18 17 18 18 17 16 17 17 18 19 19 17 17 18
 24 21 19 24 29 28 37 52 63 64 62 58 56 54 53 53 52 53 55 58 59 59 57 57
 58 60 63 65 63 60 64 29]","[31 29 21 18 20 18 21 25 20 18 15 15 17 18 17 15 14 15 16 17 17 16 15 15
 15 15 15 16 16 16 15 16 17 17 17 17 17 17 15 15 15 15 16 17 18 19 19 19
 18 23 29 33 34 32 31 30 34 43 39 39 37 36 81 89 89 80 68 59 54 52 48 44
 42 39 35 36 39 36 28 24 23 22 25 31 34 34 34 33 36 29 20 12  8  8  8  7
  8  8  8  8  8  7  6  4  4  6  7  8  7  7  7  9  6  6  6  6  5  4  4  5
  6  7  7  8  8  8  8  8  8  7  6  6  8  9  8  7  7  8  9 10 11 12 13 14
 14 16 17 16 15 15 16 17 16 17 16 16 16 16 16 15 18 17 16 17 17 18 17 17
 19 18 20 25 32 41 53 63 66 62 56 54 54 53 52 53 52 57 60 59 59 61 61 60
 59 59 65 66 63 60 62 29]","[30 28 23 21 22 21 22 25 23 21 19 18 17 17 16 17 16 17 18 18 18 16 16 16
 16 16 16 16 17 17 17 16 16 16 16 16 17 17 16 15 18 18 17 15 15 16 15 14
 15 14 13 14 14 15 20 24 26 33 32 37 41 38 83 94 86 73 63 63 62 54 47 45
 38 36 35 37 37 31 25 22 24 25 31 35 32 32 35 36 36 31 26 18  9  7  9  7
  9  9  9  9 10 10  9  7  7  8  9  8  6  6  7  9  6  6  6  6  6  5  5  5
  7  8  8  8  8  8  8  7  8  8  7  7  8  8  8  8  8  9 11 12 13 13 14 14
 16 17 17 16 14 13 14 16 14 15 16 15 15 16 16 15 17 17 16 16 17 19 19 17
 18 19 24 32 42 54 61 62 58 58 56 55 55 53 53 57 57 61 62 59 58 62 64 64
 62 60 67 66 62 60 60 29]","[29 28 26 24 27 29 27 24 26 25 24 23 20 19 19 20 20 20 19 19 18 17 17 18
 17 17 16 15 15 16 16 16 14 14 15 15 15 15 16 16 14 15 15 15 15 16 17 17
 17 13 11 14 17 17 16 15 15 20 21 16 22 29 73 88 83 70 61 63 63 54 45 40
 36 34 35 37 34 28 24 23 20 22 29 32 30 32 35 35 30 31 32 27 15 10 10  8
  9  9  9 10 11 12 11 10  9  9  9  8  6  6  8  9  6  6  6  7  7  6  5  5
  8  8  8  8  8  8  7  7  8  8  9  9  8  8  8  9  9 10 11 12 13 13 14 14
 16 16 16 14 12 12 13 15 14 15 16 17 17 18 18 17 16 17 17 17 18 19 20 19
 26 26 35 49 58 60 59 57 53 56 57 55 54 54 55 57 57 59 58 57 58 61 64 65
 66 63 68 66 62 61 61 29]","[30 28 27 24 26 31 30 28 24 24 25 24 22 20 21 24 25 23 21 20 19 18 19 20
 19 19 17 15 14 15 15 14 15 15 15 15 15 15 16 18 17 17 17 17 16 15 15 15
 13 11 11 14 16 16 15 14 17 17 20 16 16 22 61 88 84 74 63 59 58 53 44 37
 37 37 40 41 34 27 23 20 25 26 29 30 32 34 34 31 29 33 37 35 25 15 10  8
  8  8  8  8 10 11 11 10 10 10  9  8  7  7  9 10  8  7  8  8  8  7  6  6
  8  8  8  8  8  7  7  7  7  8  8  8  7  8  9 10 10 11 12 12 13 13 14 14
 15 14 14 13 12 13 14 15 15 16 17 17 18 19 19 18 16 17 17 17 17 19 21 23
 31 39 50 58 62 60 56 52 49 54 56 54 55 56 55 54 56 55 56 58 61 63 64 65
 66 63 65 64 63 63 64 29]","[29 27 29 27 27 29 27 27 26 25 25 25 23 22 24 27 30 27 24 22 21 21 22 23
 22 22 21 18 17 17 16 16 15 14 14 14 14 15 15 15 16 15 14 15 15 13 12 13
 15 14 13 13 13 14 17 19 16 14 16 18 16 16 53 87 87 78 66 58 54 50 44 40
 38 38 42 42 34 26 21 17 25 28 28 29 32 35 33 31 30 33 36 37 33 22 12  8
 10 10  9  8  9 10  9  9  9  9  9  9  9  9 10 10  9  8  8  9  9  9  8  8
  8  8  8  9  9  8  8  8  7  7  7  7  7  8  9 10 11 12 12 12 13 14 15 16
 15 14 13 13 14 15 16 17 16 16 16 16 17 19 19 18 18 17 17 18 20 22 28 32
 40 54 59 56 56 57 53 50 50 55 57 56 57 57 54 53 56 55 56 58 61 64 64 62
 64 63 62 63 64 66 68 28]","[30 30 40 42 38 34 27 25 31 29 28 28 26 25 27 30 33 30 26 24 24 24 25 25
 24 25 24 22 20 20 19 18 16 15 14 15 17 17 16 15 15 12 12 14 15 14 13 13
 15 15 13 14 16 16 15 13 16 17 15 15 14 19 57 87 91 79 67 60 54 47 45 46
 37 36 39 38 31 26 23 19 26 33 34 32 33 35 34 36 33 33 34 40 43 34 21 18
 14 14 12 10 10 10 10  9  9  9  9  9 10 10 10 10 10  9  8  9 10 10 10 10
  8  8  9 10 10  9  8  8  8  8  7  7  7  8  9  9 12 12 12 12 13 14 16 17
 16 14 14 14 16 18 18 18 17 16 15 15 16 18 19 18 21 18 17 20 23 28 36 43
 58 64 63 57 56 52 49 52 57 60 60 57 55 54 53 54 56 57 56 56 59 62 62 59
 63 64 61 63 66 67 71 28]","[30 29 65 62 58 62 53 54 58 53 48 45 33 23 25 26 32 28 32 26 23 23 29 26
 30 27 26 24 23 23 23 20 16 19 18 16 15 16 18 14 15 14 13 14 15 16 14 13
 15 14 13 13 13 14 16 17 15 17 17 14 19 17 61 90 88 85 68 62 53 49 49 44
 38 37 37 33 32 30 22 22 25 35 37 38 38 37 37 35 33 32 39 42 52 52 30 26
 23 18 20 22 18 15 14 12 12 11 10 10 11 10 10  8 10 10 10 10 11 11 10 10
  8  8  8 10 10  9  8  9  8  8  8  9  8  8  8  9 11 12 13 13 14 16 16 15
 15 13 12 15 18 19 19 20 17 17 16 16 16 17 18 19 18 21 20 23 31 41 46 58
 61 65 62 56 53 51 52 57 59 58 61 62 57 51 51 54 59 59 59 61 61 61 62 64
 64 65 65 66 66 71 71 30]","[29 29 76 76 78 82 81 83 80 72 67 70 67 60 53 44 48 38 35 35 25 21 24 28
 30 32 29 27 23 23 23 24 24 23 20 21 20 16 17 17 16 16 15 16 17 18 17 16
 17 15 12 10 12 16 16 15 15 15 16 16 23 19 57 82 85 80 63 58 52 50 49 42
 36 35 36 33 33 30 22 21 26 34 36 35 34 33 34 32 35 31 34 40 54 58 39 28
 23 21 21 24 23 22 21 20 19 17 15 13 12 11 12 13 12 11 10 10 11 11 10  9
  9  8  9 10  9  8  7  7  9  9  9  9  8  8  9 11 11 12 13 13 14 16 16 15
 14 13 13 15 18 19 20 21 20 18 17 17 18 18 18 18 19 23 25 32 39 54 60 60
 59 60 58 55 54 54 55 58 58 57 60 61 58 56 58 61 61 62 63 62 63 64 64 64
 64 66 67 69 68 71 68 28]","[29 31 92 94 97 92 91 88 86 83 80 81 79 76 76 73 65 68 71 71 52 41 34 33
 32 32 24 24 25 28 22 23 22 20 16 18 18 16 20 22 20 22 22 18 16 17 16 15
 15 16 14 11 13 16 17 15 17 17 16 15 18 16 56 86 86 81 65 60 54 50 46 39
 35 32 31 30 30 26 19 20 24 33 35 35 33 32 33 33 34 32 33 39 46 48 37 23
 16 16 16 17 20 20 19 18 21 20 19 17 14 14 16 18 18 16 14 13 12 11 10  9
  8  8  9 10 10  9  8  8 10 10 10  9  8  8  9 11  9 11 12 13 14 15 16 15
 15 15 15 16 16 16 17 18 19 18 17 17 18 19 18 18 22 24 30 47 52 60 65 60
 56 53 53 55 56 56 58 58 58 58 61 62 60 61 63 65 61 63 63 62 63 65 64 62
 63 65 67 70 68 69 67 28]","[30 29 90 90 91 87 91 90 89 90 90 90 88 84 84 80 72 81 86 87 76 74 74 72
 74 73 56 52 50 47 30 28 27 29 26 24 23 22 23 20 20 24 25 21 17 18 20 19
 17 19 20 17 15 15 16 17 15 16 18 17 18 15 52 84 88 84 72 68 58 49 43 40
 39 34 30 28 27 23 19 21 24 33 37 37 35 33 35 35 32 34 35 40 42 43 39 23
 12 14 12 11 15 16 14 15 16 16 18 18 17 16 17 19 22 20 17 15 14 13 12 11
  9 10 10 11 11  9  8  8 10 10 10 10  9  8  8 10  9 10 11 12 13 14 16 16
 17 17 17 17 16 15 15 16 17 16 16 18 18 18 19 20 23 31 37 55 58 60 62 56
 54 51 53 57 57 57 59 59 58 61 64 65 64 63 63 62 61 62 63 63 64 65 64 62
 64 65 67 70 66 66 66 29]","[ 30  28  81  81  80  83  87  89  89  94  95  94  92  93  99 103 103 100
  93  88  85  80  83  79  73  81  72  74  74  74  63  67  67  69  66  62
  54  44  38  30  23  25  25  22  20  23  23  20  21  22  22  20  19  19
  22  25  20  19  20  20  22  21  53  83  89  83  74  71  60  50  44  44
  43  38  32  31  29  24  22  23  25  34  37  37  36  34  35  36  37  36
  34  40  43  45  41  20  11  13  11   9  12  13  12  14  11  12  14  15
  16  15  15  16  19  18  16  16  16  16  16  17  13  14  14  14  13  11
   9   7  10  10  11  11  11  10   9  10  11  11  12  13  13  14  16  17
  16  18  19  18  16  16  18  19  18  18  19  19  18  18  20  23  30  49
  50  53  55  59  61  53  53  51  55  60  58  56  58  57  58  61  65  67
  65  65  63  60  63  62  63  67  68  66  65  66  69  69  70  71  67  66
  65  28]","[29 30 80 81 79 81 78 76 75 86 92 93 88 81 81 83 90 94 92 88 92 91 94 86
 86 96 92 92 91 88 80 85 78 78 78 81 77 69 67 67 61 56 49 44 44 44 39 32
 29 25 20 18 18 20 22 22 24 21 22 23 24 25 56 87 94 86 75 71 61 53 45 45
 41 39 34 33 31 25 23 23 24 31 34 35 36 35 37 38 39 37 35 40 43 45 41 22
 12 11  9  8 10 11 11 12 11 10 11 12 13 13 13 13 16 16 16 16 16 16 17 18
 14 16 16 16 15 15 13 11 11 11 11 13 13 12 11 11 13 13 13 14 15 15 15 16
 16 18 19 18 16 16 18 20 19 19 19 20 18 18 24 30 48 62 57 52 51 54 55 55
 52 52 55 58 57 55 55 55 58 59 62 65 65 66 66 63 64 62 63 67 68 65 64 66
 68 69 69 71 69 69 67 28]","[30 30 74 72 73 79 75 74 76 80 79 82 85 81 79 79 79 91 88 83 82 85 90 82
 82 89 87 87 91 89 82 84 85 84 83 86 84 79 83 87 92 85 75 69 68 66 61 55
 50 48 39 30 28 32 33 28 24 21 23 26 25 25 51 81 96 92 82 72 60 54 46 43
 37 39 34 33 31 25 23 21 23 30 33 36 38 37 38 37 35 36 38 41 43 46 45 35
 18 13 11 11 11 12 13 12 12 11 10 10 10 10 11 12 14 14 15 14 13 13 15 16
 13 14 15 15 15 16 15 14 13 12 12 13 14 13 11 10 13 13 14 15 16 15 15 15
 17 19 19 17 15 16 18 20 19 19 20 21 22 26 36 46 64 62 55 52 48 50 51 55
 52 53 53 55 58 58 56 55 59 58 60 63 65 67 68 67 63 62 63 66 65 63 62 63
 64 65 66 69 69 73 70 30]","[29 29 71 65 70 76 74 74 69 76 77 79 79 74 75 79 80 87 79 80 77 76 80 80
 81 85 84 83 89 87 82 82 82 86 87 88 86 84 88 88 94 89 83 80 80 81 81 82
 72 75 71 61 60 68 70 65 41 30 24 23 25 27 50 78 93 95 89 75 59 54 46 41
 37 40 35 33 31 25 24 21 26 33 37 41 42 38 36 33 36 37 39 39 40 43 41 36
 24 15 12 13 12 12 13 10 11 11 11 11 10 10 10 12  9 11 12 12 11 11 13 15
 12 13 13 11 11 12 13 11 15 13 12 12 13 12 10  9 12 11 12 15 17 16 15 15
 15 18 18 17 16 18 21 23 20 19 21 25 29 37 51 63 65 58 53 49 44 53 55 53
 53 55 52 54 61 63 59 58 60 59 60 64 65 67 68 67 64 64 65 65 64 63 62 61
 64 65 64 66 68 73 71 30]","[ 30  28  66  67  73  76  79  77  76  74  79  81  74  71  74  76  78  76
  74  73  75  76  76  74  74  74  74  75  78  80  80  78  77  78  81  84
  83  81  83  87  91  94  92  84  79  83  87  89  79  86  89  87  92  89
  83  87  83  79  74  81  73  62  71  90 100  99  89  73  62  58  49  40
  41  39  37  33  29  27  25  21  23  35  39  38  41  41  37  36  38  37
  37  38  39  42  45  44  30  13  16  18  10  14  10  12  12  12  10   9
  10  11  11   9  11  11  11  11  11  12  13  13  12  13  13  12  12  13
  13  11  10  10  10  10  10   9   9   9  13  12  12  14  16  16  15  15
  16  16  16  16  16  18  21  24  17  22  26  31  40  50  55  54  55  52
  50  52  53  51  52  55  54  56  58  58  59  62  62  61  59  62  63  61
  61  64  64  62  62  66  67  64  64  65  62  58  64  66  66  69  72  73
  73  30]","[ 29  27  66  67  72  73  78  79  81  78  80  79  72  72  76  76  76  76
  75  73  71  72  74  75  73  72  72  73  76  77  77  74  77  79  80  79
  77  75  73  73  77  78  77  76  76  78  81  83  85  88  89  86  87  85
  80  83  84  84  81  88  84  80  86  97 100 101  94  81  67  56  48  41
  41  39  38  35  31  27  24  20  22  28  37  40  39  40  42  39  40  38
  36  36  38  43  50  53  38  17  16  16  13  15  12  12  13  13  12  12
  12  13  14  13  11  10   9   9  10  10   9   9  12  13  13  12  12  13
  13  13  11  11  10  10  10  10  10  11  11  11  12  14  16  16  15  15
  16  16  15  16  16  18  21  24  24  29  37  45  51  53  53  51  53  52
  52  54  55  53  53  55  55  56  57  57  59  62  64  64  69  68  64  61
  60  61  61  60  64  65  66  66  66  66  65  63  68  70  71  72  74  74
  73  29]","[ 30  30  71  72  73  72  76  79  76  76  79  78  74  74  77  74  75  77
  79  79  77  76  75  75  73  72  71  71  74  76  75  72  72  73  75  76
  77  78  76  72  71  67  66  70  74  75  76  77  79  79  81  80  80  82
  82  85  86  86  83  90  89  87  88  93 105 102  94  82  66  51  43  40
  38  36  34  32  27  24  22  18  24  27  39  44  38  40  45  40  38  37
  37  38  39  42  48  53  49  24  19  16  15  13  14  14  12  12  12  11
  12  13  13  13  12  11  11  11  12  13  12  10  13  13  12  11  11  13
  14  14  13  11  10  10  10  10  11  12  12  12  12  14  16  16  15  15
  15  15  16  16  17  18  21  23  26  36  48  55  54  51  50  51  51  53
  55  57  57  56  56  56  57  57  57  57  59  62  65  66  67  64  61  60
  62  65  66  66  66  65  65  66  67  66  65  65  71  73  74  74  74  73
  72  28]","[ 29  29  75  74  73  68  69  73  72  72  76  78  76  75  75  73  73  74
  77  78  79  78  75  72  74  73  72  72  73  75  75  73  69  69  70  72
  74  75  74  71  72  67  65  69  72  73  75  77  76  73  76  76  74  77
  80  83  80  76  74  82  85  84  85  92 113 102  88  76  61  46  38  38
  38  34  31  29  25  24  23  22  24  30  43  47  41  43  46  40  35  35
  37  37  37  38  41  49  50  26  17  17  18  16  16  14  15  15  15  14
  15  16  15  15  12  12  12  13  13  13  12  11  13  13  12  11  11  12
  13  13  13  11   9   9   9  10  11  12  13  13  14  16  17  16  15  15
  16  16  16  17  17  19  24  28  41  49  56  56  53  51  51  51  50  53
  57  57  57  57  57  56  57  57  56  56  58  61  64  65  63  60  60  63
  65  65  65  65  65  65  65  66  68  68  67  67  71  73  74  73  73  71
  71  28]","[ 29  30  77  76  73  69  67  71  75  74  76  78  77  74  74  75  74  74
  75  74  75  75  75  75  74  74  73  72  72  73  75  76  72  70  69  71
  72  71  70  71  72  70  68  70  71  73  75  77  76  72  75  74  70  73
  76  78  74  72  70  76  78  80  82  91 113 100  85  72  59  44  38  39
  37  32  29  28  25  25  25  24  19  33  44  46  45  45  44  41  35  33
  34  32  33  34  39  52  54  33  15  16  15  17  18  16  16  15  15  14
  15  16  15  14  14  14  15  15  14  13  12  12  13  13  13  12  11  11
  11  12  12  10   9   9   9   9  10  10  12  12  13  15  16  16  16  16
  17  16  16  18  21  26  35  43  53  49  47  49  53  54  53  52  50  54
  56  55  55  56  57  56  55  55  55  56  57  60  62  63  60  59  61  65
  66  64  62  62  64  65  66  67  69  71  71  70  70  72  72  71  70  69
  70  29]","[ 29  30  78  75  74  73  72  74  74  74  76  80  80  75  73  75  74  76
  77  76  74  74  76  77  74  75  75  73  72  73  76  78  78  74  73  74
  74  71  70  72  71  72  72  72  72  73  73  73  73  68  71  70  67  68
  71  73  74  75  74  73  71  77  80  88 104  97  87  74  59  45  40  40
  35  31  30  30  28  26  24  22  17  35  44  45  48  46  41  41  39  35
  35  33  33  34  37  53  57  50  35  33  22  18  17  13  18  18  18  17
  17  17  17  16  13  14  15  16  15  15  15  15  13  13  14  14  12  11
  11  12  12  10   9   9   9  10  10  10   9  10  11  14  15  16  17  18
  18  16  17  22  29  38  48  57  56  45  40  47  51  50  50  54  52  55
  56  55  55  56  57  57  55  55  56  58  60  62  63  64  61  61  63  66
  66  65  64  66  65  67  68  67  68  70  70  69  70  72  71  69  67  67
  69  28]","[ 28  28  75  71  73  76  73  74  70  73  76  79  79  75  73  75  72  74
  76  75  73  73  74  75  75  76  76  75  74  74  76  78  81  79  78  77
  75  71  68  66  70  70  70  72  73  73  72  72  75  71  71  68  64  63
  63  67  69  71  71  69  67  76  82  95 102 100  92  78  61  50  44  42
  38  35  34  35  32  28  24  21  17  32  42  46  49  45  40  43  42  38
  39  37  38  36  35  51  65  74  72  70  57  46  43  33  23  25  25  23
  19  17  17  17  14  14  15  16  17  18  18  17  15  15  15  16  14  12
  12  14  14  12  10  10  11  11  11  11   9   9  10  13  14  16  17  19
  19  18  21  31  41  48  54  58  58  53  51  53  52  48  48  52  53  55
  56  56  56  56  57  58  56  57  59  61  63  64  65  66  66  66  65  65
  64  64  65  66  67  67  68  67  66  66  67  68  71  72  71  68  67  67
  69  29]","[ 30  29  76  72  75  79  75  74  72  76  76  74  73  73  74  76  76  74
  72  71  72  75  77  77  75  76  76  75  74  75  76  76  80  81  81  80
  79  76  72  67  66  64  64  69  73  74  74  74  77  73  71  68  64  63
  63  68  69  66  66  67  66  73  83 103 108 107  97  80  65  56  50  46
  40  36  35  35  31  26  21  18  15  26  38  47  49  45  43  47  44  39
  40  38  40  38  36  53  71  76  71  67  66  63  70  60  44  47  47  42
  35  31  31  32  24  23  22  23  24  24  22  21  16  16  16  17  16  14
  14  16  16  13  11  11  12  12  12  12  11  11  11  13  14  15  16  18
  20  20  26  39  50  53  52  51  53  55  55  53  52  54  54  52  52  54
  55  56  56  56  56  57  57  58  60  62  64  64  65  66  65  64  63  62
  63  65  66  67  66  65  65  67  66  65  67  71  72  74  72  70  69  69
  71  30]","[ 29  29  75  75  75  75  76  77  75  74  77  78  74  75  77  75  78  75
  73  73  73  73  75  77  77  74  73  76  77  75  76  80  80  78  79  81
  81  79  75  69  66  65  63  66  72  73  71  72  75  72  73  68  63  65
  66  65  67  68  65  68  68  75  87 108 112 106  97  78  63  62  49  46
  38  33  31  33  30  26  22  20  19  26  39  48  47  43  43  44  42  39
  38  38  37  33  36  51  72  74  72  69  70  71  71  71  68  69  67  59
  54  54  52  46  39  39  28  26  33  32  26  21  22  23  16  14  19  14
  17  11  15  14  12  13  16  16  14  14  15  10  11  14  16  15  14  18
  19  30  45  53  55  53  50  48  53  55  55  55  56  58  57  54  52  55
  56  56  56  55  54  55  54  58  60  61  63  65  65  65  65  64  63  64
  63  61  64  68  68  68  67  67  69  69  69  71  72  72  72  73  73  74
  74  29]","[ 29  29  75  74  73  74  77  79  79  77  77  77  73  74  77  76  79  77
  75  74  73  73  74  75  70  71  71  74  79  79  75  73  75  75  77  78
  77  78  77  74  70  66  66  69  69  71  73  74  75  74  77  72  65  64
  65  67  70  72  68  70  69  72  87 107 118 107  93  76  65  66  53  48
  40  33  30  31  31  29  25  21  22  28  38  44  43  39  37  36  36  35
  35  33  34  34  36  47  60  65  68  67  67  65  65  68  64  65  66  66
  65  67  68  66  63  66  56  50  53  50  41  32  31  39  38  33  29  18
  22  20  15  17  17  17  17  15  14  16  16  13  14  13  15  18  20  24
  32  40  50  55  54  52  50  49  49  51  52  55  56  57  57  56  54  55
  55  54  55  55  56  57  60  62  63  62  62  64  66  67  65  63  62  62
  63  63  65  67  69  69  67  67  68  69  69  72  73  74  74  76  76  75
  75  29]","[ 29  29  75  73  72  74  78  81  81  79  79  77  74  74  76  76  78  77
  75  73  74  75  77  77  73  76  74  72  76  79  75  71  70  74  79  80
  77  77  77  74  72  66  70  73  68  68  74  74  76  76  80  75  67  65
  67  71  70  73  70  70  71  70  88 106 113 104  96  85  75  71  52  39
  40  36  33  34  34  33  29  23  18  23  32  38  40  40  39  37  35  36
  34  30  32  35  36  43  57  63  66  64  60  55  56  61  61  58  59  62
  63  66  70  73  73  78  69  64  69  74  72  64  58  59  52  49  51  44
  40  31  27  30  30  27  22  18  18  22  17  16  19  17  18  23  27  31
  38  43  49  51  50  48  47  48  49  49  52  55  57  55  55  56  56  56
  54  53  56  58  59  61  66  65  66  65  62  64  69  69  67  65  62  62
  64  66  66  66  68  68  67  66  68  68  69  72  74  75  76  77  77  76
  75  28]","[ 29  28  74  73  73  74  77  80  81  81  80  79  77  75  74  74  76  76
  75  73  74  77  78  78  77  82  78  72  73  75  74  74  73  78  82  81
  77  76  75  72  71  67  71  75  71  69  72  71  75  76  78  72  67  68
  71  75  68  72  72  71  72  69  89 107 114 106  99  89  75  69  52  41
  38  37  38  38  36  35  31  25  19  24  32  36  39  41  42  38  39  38
  34  29  31  35  36  43  54  62  65  62  57  54  54  57  58  55  56  57
  57  59  62  64  65  68  61  56  62  71  74  70  64  64  58  56  59  57
  56  50  49  50  46  39  32  27  28  32  25  23  25  24  25  30  34  39
  43  45  47  48  48  47  48  48  49  50  53  56  57  55  55  56  57  56
  54  54  58  60  61  63  67  64  66  66  61  64  69  69  69  68  65  64
  66  68  67  65  68  69  67  67  69  70  71  74  76  76  76  77  77  76
  74  28]","[ 29  28  73  72  73  74  77  78  80  81  81  80  79  77  75  75  77  78
  77  75  75  76  76  75  76  79  78  75  76  76  74  75  78  79  80  77
  73  74  76  74  72  71  71  74  74  71  68  69  72  74  75  68  68  72
  72  72  68  73  75  74  75  71  90 108 117 108  99  89  73  67  56  46
  39  38  38  37  37  36  32  24  23  27  34  38  40  44  45  42  40  37
  33  28  30  33  36  45  54  63  66  61  57  55  52  50  50  52  56  58
  57  57  56  54  56  57  52  51  53  55  56  52  56  60  58  56  57  59
  62  64  61  60  55  48  44  40  40  43  40  34  32  32  34  37  40  46
  48  46  44  44  45  46  47  48  47  50  54  56  56  56  56  56  57  57
  56  56  59  59  59  61  63  61  64  64  60  61  66  65  68  68  67  66
  67  68  68  66  69  70  69  70  73  73  74  76  78  77  76  77  77  76
  75  29]","[ 30  28  73  72  73  75  77  77  80  81  80  79  80  79  77  79  77  78
  80  79  78  77  76  75  82  79  77  77  77  79  78  76  76  75  76  76
  75  76  77  77  75  74  71  71  74  71  67  68  69  72  73  69  71  74
  69  66  68  72  76  76  76  77  92 112 115 106  98  91  76  69  57  46
  46  41  37  36  37  38  33  25  24  28  34  39  43  48  50  47  40  37
  33  29  32  34  37  47  58  66  67  58  55  55  53  49  46  50  54  55
  54  55  55  51  55  53  50  51  51  50  50  47  54  58  55  54  53  56
  56  58  58  58  55  52  51  50  49  51  48  41  41  44  46  46  43  45
  46  42  39  38  40  43  46  49  49  52  54  55  56  56  55  55  58  59
  59  60  60  58  57  59  61  60  63  64  61  61  63  63  65  65  66  67
  67  69  69  70  70  71  71  72  75  75  75  76  78  76  75  76  77  77
  76  29]","[ 29  29  76  76  77  78  78  78  81  82  81  80  81  80  79  81  78  79
  81  81  80  79  79  81  89  83  80  78  76  80  84  80  74  74  77  80
  80  79  78  77  76  75  74  73  72  71  71  69  69  71  73  73  76  74
  66  64  68  70  76  76  76  81  92 116 115 105  95  89  73  67  60  51
  49  43  39  38  37  37  33  27  30  31  36  42  46  50  50  46  40  37
  35  32  35  37  38  46  52  61  64  58  56  57  57  55  51  53  54  52
  51  53  56  54  56  53  50  50  49  48  49  47  49  56  56  52  45  46
  45  50  52  52  51  51  51  50  49  51  48  44  47  50  53  52  46  45
  44  41  39  40  42  44  48  52  52  53  55  57  56  54  54  54  58  61
  62  62  61  57  56  59  62  63  64  65  64  63  63  65  65  64  64  66
  67  68  70  72  71  71  71  72  75  75  74  75  77  76  75  77  78  78
  76  29]","[ 28  30  80  82  82  81  79  78  81  84  82  81  83  81  78  80  82  82
  82  81  79  78  81  85  87  83  84  80  74  80  87  83  79  77  79  82
  81  79  79  80  76  75  78  78  72  74  76  71  71  72  75  76  79  74
  65  67  71  72  77  77  74  83  90 116 114 106  98  91  73  65  61  54
  47  45  43  41  37  33  31  28  32  32  36  43  49  52  51  46  38  38
  36  33  36  38  36  40  45  57  65  63  60  57  53  51  51  51  52  51
  49  50  52  51  54  53  50  52  50  49  50  47  51  54  53  51  47  50
  46  48  48  49  49  47  47  45  44  47  48  46  46  48  51  54  50  48
  42  42  42  44  44  43  46  50  53  51  53  58  58  55  55  58  57  60
  63  63  60  55  55  60  63  64  64  65  66  64  64  67  67  64  64  66
  67  68  70  73  73  72  71  72  75  75  74  74  77  76  75  78  81  81
  78  29]","[ 28  29  83  81  82  78  79  81  83  83  83  81  80  80  81  82  88  86
  85  84  82  80  83  88  85  85  86  84  81  82  84  84  81  81  81  82
  83  82  79  76  76  78  80  79  78  79  80  80  75  75  76  77  78  77
  73  71  70  73  76  79  76  79  98 112 113 107  94  83  73  68  57  54
  48  43  40  40  38  33  31  32  30  32  38  43  48  53  53  48  43  39
  36  37  37  35  37  40  44  61  64  67  62  59  54  51  56  53  51  51
  50  48  48  51  54  50  49  52  53  50  48  47  50  51  51  49  48  49
  50  51  47  48  48  45  42  45  46  43  46  45  44  49  54  53  49  48
  42  43  47  48  47  47  50  51  51  53  55  56  58  60  59  55  54  61
  62  59  59  59  58  59  62  64  66  65  64  64  66  68  67  66  66  69
  71  68  68  72  71  71  73  73  71  72  74  75  77  75  75  77  78  79
  78  29]","[ 29  29  82  80  81  79  80  82  81  82  82  80  80  80  81  81  84  85
  89  91  89  85  84  86  86  85  84  82  80  82  84  84  81  85  86  83
  82  83  83  81  76  77  77  78  79  81  81  81  80  80  79  78  77  75
  74  73  75  73  75  75  78  81 105 120 109 104  91  80  70  66  56  53
  48  44  41  41  38  34  31  30  32  33  38  45  51  57  57  52  46  42
  38  37  36  36  37  40  45  62  65  66  61  59  57  55  56  56  55  54
  53  52  53  54  53  50  49  51  52  50  48  48  49  49  50  51  51  51
  51  52  51  49  47  46  43  42  44  45  43  43  44  47  52  51  47  45
  46  45  47  48  48  49  53  54  51  51  53  57  59  59  58  57  57  60
  62  63  63  61  60  62  64  66  68  68  68  68  69  70  68  67  68  70
  72  69  68  71  73  72  73  74  74  75  76  76  77  76  75  76  77  79
  78  29]","[ 29  29  81  79  81  79  80  81  81  82  82  80  79  80  81  80  82  83
  86  89  87  83  82  84  89  86  84  83  82  84  85  83  84  86  85  83
  84  87  86  82  81  79  78  79  81  82  81  81  83  83  81  79  77  76
  78  79  80  75  75  73  79  84 109 124 105  99  86  77  67  63  55  51
  47  46  44  42  39  35  31  29  31  34  41  49  54  58  58  54  49  45
  41  37  36  36  38  40  41  57  64  65  60  59  59  60  57  59  59  56
  55  56  56  56  52  50  50  50  51  50  48  47  48  47  49  52  53  51
  50  51  49  45  44  45  42  39  41  44  44  45  46  49  52  50  47  47
  48  46  46  47  48  50  53  53  52  50  52  58  61  59  57  58  58  58
  61  65  63  59  59  59  60  63  66  67  68  68  68  67  65  66  67  69
  71  70  70  73  76  72  72  75  75  75  76  76  78  77  76  75  75  78
  79  29]","[ 28  28  81  80  83  81  81  81  83  84  84  80  79  80  82  84  86  86
  86  86  85  83  83  85  88  85  84  85  86  87  87  84  86  86  85  84
  87  89  87  82  83  81  80  82  84  83  82  82  84  83  81  80  78  79
  82  84  82  78  77  78  81  86 108 123 107  99  84  76  67  63  56  49
  47  47  46  43  41  38  34  31  29  35  45  53  56  56  55  53  50  48
  44  39  37  37  39  41  41  54  64  65  61  60  60  60  57  59  60  58
  56  56  56  56  54  53  52  51  52  51  50  48  47  48  50  51  51  50
  48  48  46  43  43  45  42  38  39  41  41  44  46  47  49  48  46  47
  48  46  47  49  49  50  51  51  53  50  52  58  62  60  58  58  58  56
  62  67  64  61  61  60  61  63  65  66  68  68  67  65  65  66  67  69
  71  71  72  76  79  73  72  75  75  74  75  76  79  79  78  75  75  79
  79  29]","[ 29  29  81  80  84  84  85  85  84  84  83  80  78  80  84  88  88  87
  88  88  87  85  84  85  86  83  82  85  87  89  90  87  86  87  88  89
  89  88  86  85  81  80  81  84  86  85  84  84  85  84  82  81  80  81
  82  83  83  81  78  83  82  91 107 120 113 104  87  79  69  65  59  49
  48  47  45  41  39  39  37  35  32  35  44  54  58  57  54  50  48  48
  46  42  39  38  40  42  46  55  66  66  62  59  58  57  57  58  59  58
  56  54  55  57  57  55  53  53  54  53  51  48  46  49  51  49  48  49
  49  48  48  46  46  45  41  39  39  39  39  43  44  45  46  45  46  48
  49  48  50  51  50  50  52  53  55  53  53  57  61  62  60  56  53  53
  60  65  64  64  66  64  65  65  65  64  65  67  67  66  67  70  71  71
  72  72  72  75  79  74  73  75  74  74  76  78  80  80  79  77  76  80
  80  29]","[ 30  29  79  78  82  84  87  88  83  82  81  81  80  80  85  90  88  88
  88  88  88  87  86  87  89  85  84  85  86  88  89  87  86  85  86  90
  91  88  86  84  80  80  82  85  86  85  83  83  83  82  82  82  83  83
  83  83  82  83  79  86  83  94 108 119 116 106  89  82  71  67  61  49
  49  46  42  38  35  36  36  37  34  33  40  51  58  58  54  49  46  46
  46  44  41  39  40  41  46  51  64  64  62  59  57  56  57  58  60  59
  56  54  55  58  55  53  51  53  54  53  49  47  47  51  52  48  47  50
  52  52  48  47  45  42  40  40  42  41  39  43  44  44  45  45  47  49
  49  49  50  51  49  50  53  55  56  56  55  55  59  63  61  57  55  56
  60  63  64  64  66  68  68  67  64  61  62  66  68  68  65  70  72  73
  73  72  72  73  76  73  72  74  73  74  77  79  81  81  81  80  79  82
  80  30]","[ 29  28  79  77  81  83  85  85  83  80  80  83  83  82  83  87  90  89
  89  89  89  89  90  90  89  86  86  87  86  86  86  85  85  83  83  86
  89  89  86  82  80  82  83  85  86  86  84  81  81  81  82  83  84  84
  84  84  82  84  81  86  86  97 110 117 115 106  89  83  71  66  63  51
  48  46  42  39  35  33  33  33  31  32  41  53  58  57  53  50  48  46
  45  45  43  39  37  37  41  46  63  65  64  60  58  57  56  60  62  60
  57  56  57  57  53  51  51  54  55  53  50  49  51  53  52  48  47  50
  53  54  47  45  43  42  40  42  44  44  39  43  44  44  44  45  46  48
  48  47  49  50  49  49  52  53  54  55  54  54  57  62  64  63  64  62
  62  64  64  61  63  69  69  69  66  63  65  69  71  70  64  70  73  72
  72  72  72  73  74  71  72  73  74  76  78  78  82  81  81  82  82  83
  81  30]","[ 28  29  80  78  81  82  82  81  84  79  79  85  86  83  81  83  86  87
  88  89  90  90  88  87  83  82  85  88  87  86  86  85  81  83  84  84
  85  87  86  84  80  82  83  85  88  89  87  83  82  83  83  83  84  84
  84  84  84  85  84  86  90 100 111 115 112 105  90  84  71  66  64  53
  48  47  45  43  39  34  31  29  27  33  46  58  59  55  53  53  51  47
  45  46  44  39  34  33  39  45  66  70  69  63  60  57  56  62  65  61
  57  57  57  55  54  52  53  58  59  56  54  55  55  54  52  49  48  49
  51  53  49  46  45  45  44  44  45  45  43  47  48  47  48  49  49  51
  48  48  50  52  51  50  51  50  52  52  52  52  56  61  67  69  66  62
  58  59  59  54  56  67  65  66  66  65  67  70  70  68  70  74  75  72
  71  72  72  74  73  72  73  74  75  78  79  77  82  81  82  84  84  84
  81  30]","[ 30  29  80  82  82  83  82  81  82  82  80  81  85  85  81  77  82  83
  83  86  91  92  88  86  83  86  87  91  90  84  85  83  83  82  80  80
  82  84  85  84  83  84  86  87  86  89  90  87  83  83  82  83  85  83
  84  87  88  85  83  81  90 101 113 117 114 104  86  76  66  61  55  49
  46  41  40  43  43  36  29  26  27  37  49  56  58  58  55  50  52  50
  46  44  44  38  33  35  39  45  63  72  73  63  64  60  61  62  64  64
  61  57  55  55  58  59  60  59  59  59  57  56  54  54  53  52  52  50
  49  52  48  48  50  49  47  46  46  44  46  49  51  51  51  53  55  55
  54  54  55  55  52  52  54  55  58  57  54  54  58  64  66  66  67  64
  58  56  60  62  65  72  72  71  72  71  68  70  73  70  71  71  71  73
  74  72  72  76  75  74  74  74  74  78  81  81  80  81  83  82  82  82
  84  28]","[ 29  29  81  82  82  83  81  82  82  81  80  81  85  86  83  81  85  85
  85  86  90  90  87  86  87  90  90  92  90  84  84  82  86  85  84  84
  86  87  86  85  86  86  87  88  89  92  92  88  86  86  83  82  82  81
  82  86  87  88  90  88  97 105 114 116 113  90  76  75  63  58  52  46
  42  40  39  41  42  38  31  27  23  31  43  52  55  57  56  52  52  50
  47  46  44  40  37  38  37  43  64  72  72  69  66  66  65  65  65  66
  65  62  61  60  65  64  61  58  57  59  59  58  57  58  57  57  56  53
  51  52  50  50  52  52  50  50  49  47  46  48  49  48  48  50  54  57
  57  55  55  56  54  53  54  53  60  61  61  60  61  65  67  67  68  65
  60  60  62  65  69  75  72  70  72  72  70  72  74  72  73  70  67  70
  75  75  74  74  76  75  75  75  75  80  85  87  83  81  81  80  81  82
  84  29]","[ 29  29  81  83  82  82  81  81  81  82  82  83  87  87  84  83  88  87
  85  85  88  88  87  88  87  88  87  88  87  83  84  83  90  90  89  88
  89  89  88  86  86  89  92  92  90  91  92  89  88  90  87  83  82  83
  84  86  86  88  90  88  96 106 116 115 114  85  77  76  59  57  51  45
  38  38  38  39  39  37  32  27  22  27  39  49  53  55  55  52  49  48
  47  45  42  41  41  39  37  42  63  72  70  72  65  69  68  66  65  65
  66  65  64  64  66  65  60  56  56  60  62  61  58  60  60  60  60  55
  52  52  53  52  53  54  53  53  52  49  46  46  48  49  48  48  52  56
  58  54  53  54  54  54  55  53  59  62  65  65  63  64  66  68  68  64
  63  64  65  67  71  73  69  67  69  72  72  73  75  75  74  73  71  71
  75  77  76  77  77  77  77  77  76  81  87  90  83  80  79  79  82  82
  83  29]","[ 29  29  82  83  81  81  80  81  82  83  82  83  85  84  83  84  88  87
  84  83  87  88  88  89  90  89  87  86  87  87  88  88  94  93  91  90
  90  90  90  88  89  93  97  97  94  93  92  89  88  91  89  86  86  88
  87  86  88  91  92  90 100 113 122 120 108  87  83  74  53  53  48  43
  38  38  38  38  37  35  30  25  24  29  40  50  54  54  54  52  47  45
  45  43  40  40  41  38  41  45  60  78  75  76  70  74  70  68  65  65
  65  65  65  65  64  64  61  57  58  62  64  61  58  59  60  62  62  57
  53  52  55  53  53  54  53  54  53  49  46  47  49  53  53  51  52  54
  58  53  50  51  52  54  57  56  57  60  64  66  64  61  63  68  67  64
  65  67  66  68  70  68  67  65  67  71  73  73  74  76  75  77  75  74
  76  77  77  77  77  78  80  79  77  79  84  86  81  79  79  80  83  82
  83  28]","[ 29  29  82  83  81  80  80  81  84  84  81  80  80  80  82  85  87  85
  82  83  87  89  89  89  92  90  88  86  88  89  88  87  91  91  91  90
  91  91  90  89  90  90  91  92  93  94  91  85  86  89  88  86  89  91
  90  87  85  88  90  89 103 116 121 116 100  91  88  74  56  54  45  44
  40  38  38  38  36  31  27  25  24  31  43  53  55  55  55  54  50  46
  46  45  42  42  41  36  36  40  48  75  75  73  71  73  71  70  68  67
  66  65  66  67  66  66  64  61  61  64  64  61  61  62  62  63  64  60
  55  54  56  54  53  52  51  52  52  49  48  48  51  56  58  55  54  55
  57  53  51  52  52  54  57  58  57  57  61  66  64  60  60  66  67  64
  65  67  66  67  68  66  67  66  67  71  73  71  71  74  76  76  74  74
  77  78  76  75  79  80  81  80  77  78  80  81  81  79  80  81  83  82
  83  29]","[ 29  30  82  84  82  82  81  82  82  83  83  84  84  81  80  83  87  86
  84  85  88  90  89  89  89  87  88  87  88  90  87  86  87  88  89  90
  91  92  90  89  87  87  88  88  88  91  92  88  87  89  87  86  89  92
  92  90  91  91  91  91 105 118 123 116  98  91  85  77  66  59  47  48
  41  39  37  37  34  28  24  23  22  30  43  52  54  55  56  55  53  50
  49  48  46  44  41  36  38  40  45  75  77  74  74  74  72  71  71  70
  69  67  67  68  66  67  66  65  64  65  65  64  66  66  65  65  66  62
  57  56  56  55  54  53  51  51  53  52  51  50  51  57  60  59  57  57
  56  54  55  55  54  55  56  56  58  57  59  64  63  60  59  62  66  65
  65  64  63  65  67  67  69  69  69  71  72  69  68  71  74  77  77  78
  79  78  77  78  81  80  80  79  77  79  80  80  82  81  81  80  82  82
  85  30]","[ 29  30  83  85  84  84  84  84  82  85  87  89  89  84  80  81  86  87
  88  88  90  89  88  88  87  88  92  90  89  92  90  91  87  88  89  90
  90  91  91  89  89  90  92  91  89  92  95  94  88  90  89  87  89  91
  91  91  91  89  87  87 101 113 117 111  96  88  78  74  65  58  48  46
  42  41  39  36  31  27  24  22  21  29  40  48  50  53  54  52  51  50
  49  49  49  44  39  37  38  39  46  69  72  71  71  70  72  72  72  73
  71  69  68  68  66  67  68  68  66  65  65  67  66  66  65  66  67  64
  60  59  57  57  58  56  53  53  55  56  54  53  53  57  59  59  59  59
  57  56  57  58  57  57  57  57  58  60  62  63  63  63  61  59  63  66
  67  65  64  64  65  68  69  71  70  71  72  70  69  73  74  77  80  81
  80  77  78  82  81  79  78  78  79  81  82  80  82  82  82  81  83  86
  87  30]","[ 29  30  83  86  85  86  86  87  86  87  88  88  87  83  81  84  83  87
  89  90  90  88  86  87  87  88  92  88  86  88  88  92  90  90  89  88
  88  90  91  91  90  90  91  91  90  92  93  90  89  91  91  89  89  89
  88  89  89  88  89  91 104 114 115 106  97  89  76  71  60  55  51  46
  43  44  42  36  31  29  26  23  22  29  39  44  47  50  51  48  46  47
  46  47  48  42  36  37  39  39  49  66  70  73  71  71  73  73  74  74
  73  71  68  67  68  69  72  72  69  64  64  65  65  64  64  66  68  66
  63  63  57  59  61  60  55  55  58  60  56  55  56  58  59  59  59  59
  59  57  58  60  59  59  61  60  59  64  66  64  65  68  66  60  61  68
  71  69  67  65  64  68  69  72  72  73  75  73  73  78  76  76  76  79
  81  79  77  79  79  77  77  79  81  83  83  80  80  82  83  82  86  89
  90  30]","[ 29  28  84  83  85  87  86  86  88  86  87  88  86  81  82  86  87  86
  87  89  88  85  84  86  89  89  91  91  88  88  89  89  88  89  89  88
  87  91  92  90  87  87  88  89  93  96  94  90  94  93  94  94  91  87
  87  89  90  92  93  94 110 124 112 106 101  89  77  70  60  51  48  48
  49  44  41  37  33  30  25  24  24  32  40  45  48  49  47  43  40  40
  43  43  42  38  33  36  38  42  48  57  73  74  74  73  71  73  75  77
  72  66  64  66  70  72  74  74  72  68  66  64  67  62  62  66  67  65
  65  65  63  59  62  64  57  56  60  59  55  56  57  59  59  58  57  57
  57  58  59  58  60  64  66  65  66  65  68  68  64  65  68  68  66  68
  69  68  66  67  69  71  73  73  74  75  75  74  75  76  76  77  79  80
  81  80  76  72  76  79  81  80  81  84  85  83  84  82  83  86  88  86
  89  30]","[ 30  28  84  83  86  88  87  87  84  83  85  87  87  85  86  89  87  86
  87  88  87  84  85  89  90  89  90  91  89  89  88  86  87  88  90  91
  92  92  92  92  94  94  92  91  92  95  97  96  95  96  95  94  93  90
  88  89  93  94  96  96 115 128 117 107 102  89  78  72  64  55  50  48
  46  41  38  35  33  30  24  24  25  32  40  46  49  52  50  46  41  41
  45  45  43  38  33  36  38  43  52  64  76  75  72  69  70  71  74  76
  73  67  64  65  72  73  75  75  72  69  66  65  63  63  67  71  69  66
  65  65  64  60  62  64  61  61  64  63  55  55  56  58  57  56  57  58
  60  60  59  58  60  64  66  65  69  69  69  67  65  68  71  71  70  70
  70  69  68  69  71  72  73  73  74  75  74  74  74  75  76  76  76  78
  80  80  77  73  74  78  81  80  81  84  86  85  84  83  84  87  87  85
  87  28]","[ 29  28  85  84  87  89  88  87  85  85  86  87  88  88  89  90  86  86
  87  88  86  84  86  90  91  89  89  91  91  91  90  86  85  87  88  91
  93  90  86  89  93  95  95  93  93  95  95  94  96  97  94  93  95  94
  91  92  95  94  96  95 117 130 122 110 102  91  81  74  66  58  52  49
  46  41  38  35  34  31  27  26  26  33  42  48  52  54  53  51  47  48
  51  51  50  44  38  40  39  43  52  67  77  79  73  71  70  71  74  76
  74  70  67  68  74  75  76  75  72  69  66  65  62  65  72  74  70  66
  65  64  65  64  65  66  64  62  62  63  58  57  57  56  55  54  55  57
  63  63  60  58  59  63  66  66  67  68  65  63  66  70  71  71  73  72
  71  70  71  72  73  73  74  74  75  76  75  74  76  77  77  77  77  79
  82  83  79  75  75  78  81  81  81  84  86  86  83  83  84  87  87  85
  88  29]","[ 30  29  86  86  89  90  88  87  87  89  89  88  89  90  90  88  87  87
  87  88  87  86  87  90  91  89  89  91  92  93  92  90  87  90  89  89
  92  88  83  85  90  92  93  93  94  95  94  92  93  96  92  90  94  95
  95  97  96  93  95  93 117 130 126 113 103  95  86  77  67  59  55  53
  50  45  41  37  35  33  29  29  28  37  47  52  54  55  56  56  53  54
  56  55  52  45  38  38  38  43  56  73  77  80  75  75  74  75  77  78
  76  73  72  74  76  76  76  75  72  69  67  66  66  69  74  73  68  65
  65  64  64  68  69  67  65  60  58  60  60  60  58  55  54  56  58  58
  62  63  61  58  58  61  65  66  69  69  66  66  70  72  70  71  71  72
  72  71  72  73  74  73  76  76  76  75  75  75  77  80  80  80  81  83
  85  85  81  77  79  81  82  81  81  83  84  85  83  84  85  87  87  85
  88  29]","[ 29  29  86  86  89  90  88  86  85  87  88  87  89  92  92  89  87  87
  88  89  89  88  88  88  90  88  89  90  90  92  93  93  92  95  92  90
  93  90  86  87  94  94  91  89  91  95  95  93  91  94  93  92  94  95
  95  97  96  93  95  95 117 128 128 115 105  98  89  79  70  63  57  52
  50  46  43  39  35  32  28  28  31  41  52  56  55  54  56  58  59  59
  59  56  52  45  36  35  36  43  65  83  80  79  75  77  77  78  80  80
  77  74  74  75  75  75  75  74  73  71  69  68  69  71  73  71  67  66
  66  64  63  67  66  64  65  62  59  62  61  62  60  55  56  62  64  60
  60  62  63  59  58  61  65  68  71  70  66  68  72  70  67  70  70  71
  72  71  71  73  74  75  77  76  75  74  73  74  76  79  81  81  82  84
  84  83  82  80  83  83  82  81  82  83  84  84  84  84  85  86  86  84
  87  28]","[ 28  29  86  85  88  88  87  86  84  86  87  86  88  91  92  89  87  87
  88  89  89  89  88  87  88  88  89  89  88  90  92  93  92  94  91  90
  92  91  89  89  97  95  92  89  90  93  93  91  91  93  95  97  96  95
  95  95  93  93  96  99 115 123 123 112 106  98  88  79  72  66  57  46
  47  44  44  40  36  32  28  29  33  43  53  57  55  53  54  55  59  58
  57  54  52  47  39  38  41  42  64  82  81  81  78  79  79  80  81  80
  77  74  72  73  74  74  75  75  74  73  72  71  69  69  70  71  69  68
  67  64  65  65  61  60  64  64  61  62  62  64  62  56  58  64  64  58
  59  63  65  63  61  64  68  71  70  68  65  67  69  69  69  72  70  71
  72  71  70  72  76  78  78  77  75  74  73  74  75  77  79  79  80  80
  79  79  80  82  83  83  82  82  83  85  85  84  82  83  84  85  86  85
  88  29]","[ 29  29  86  85  86  88  88  88  89  90  90  88  89  90  89  87  87  88
  88  89  89  89  89  89  88  89  91  92  90  91  93  93  91  90  90  92
  93  91  90  90  93  94  94  91  90  90  90  89  90  89  93  97  94  93
  94  92  92  93  97 102 111 117 118 111 107  99  89  78  70  65  56  45
  45  44  44  40  36  33  32  36  38  43  51  55  56  54  53  53  54  52
  51  48  49  47  41  40  44  40  63  79  80  80  81  82  80  80  79  78
  76  74  73  73  74  75  75  76  75  74  73  72  68  66  68  71  71  71
  68  64  66  65  63  62  65  65  63  61  63  65  63  60  60  63  61  56
  59  64  66  65  65  67  70  72  70  69  69  68  68  71  73  73  70  71
  72  72  72  73  75  77  78  77  76  76  76  76  76  77  77  77  77  78
  77  77  79  81  83  83  84  84  85  85  84  84  81  82  84  86  88  88
  90  30]","[ 29  29  86  84  86  88  89  91  94  94  93  91  90  91  89  87  89  90
  90  90  90  90  92  93  89  90  93  95  93  93  94  94  94  90  92  97
  97  93  91  91  91  95  96  92  89  89  90  91  88  83  88  93  89  89
  93  90  95  96  99 105 110 115 117 114 108 103  92  78  67  62  57  50
  45  44  44  39  35  35  37  44  43  45  50  55  58  58  55  53  54  51
  49  46  47  46  40  39  42  41  72  84  79  75  79  83  83  80  77  75
  75  76  76  75  76  76  77  77  76  75  73  72  68  66  67  71  72  71
  69  66  63  66  68  68  67  65  64  64  62  63  63  63  63  63  62  60
  58  62  65  65  65  67  70  70  70  70  71  67  64  68  70  66  68  70
  72  73  74  74  74  74  76  75  76  78  79  79  77  77  75  76  77  79
  79  78  78  79  82  84  86  86  85  84  83  82  84  85  87  89  90  89
  89  28]","[ 29  28  88  90  88  88  89  89  93  95  92  89  91  91  88  88  88  89
  91  94  97  94  91  93  88  91  93  93  95  98  97  91  92  91  92  93
  94  95  95  94  91  91  90  89  92  92  90  90  90  86  87  90  91  93
  94  96  96  94  95 104 110 120 117 114 106 102  94  81  72  66  57  48
  40  40  39  37  31  31  40  49  46  44  50  53  58  57  56  51  55  52
  48  46  45  43  41  39  43  47  67  76  80  78  82  83  81  80  78  77
  77  77  78  78  77  77  77  77  76  73  72  72  75  76  77  74  70  69
  69  67  66  67  68  68  68  67  66  65  64  63  65  65  61  59  59  60
  60  64  66  65  65  67  70  71  73  73  72  69  67  67  70  73  75  75
  74  74  76  77  76  74  76  75  76  79  81  80  77  75  74  76  78  79
  80  81  80  79  80  82  87  90  86  81  82  87  87  86  87  89  90  88
  89  29]","[ 29  29  90  91  91  93  93  91  94  94  91  88  88  89  89  90  89  91
  90  90  92  93  92  92  89  92  94  93  92  95  96  92  96  94  92  92
  94  95  96  96  92  92  90  89  91  93  93  94  92  90  92  94  93  93
  94  95  93  96  96 105 110 117 122 117 108  98  87  77  67  58  48  40
  39  38  34  34  34  31  41  46  45  39  46  51  55  51  51  51  52  50
  48  46  44  42  41  40  46  51  68  75  77  80  84  86  83  82  80  79
  79  80  80  80  79  79  78  78  77  75  74  73  76  77  78  75  71  70
  71  69  67  68  69  70  71  71  69  66  64  64  65  65  60  59  62  65
  63  65  67  68  67  67  69  72  72  73  73  71  69  69  72  74  75  76
  76  77  79  80  80  78  78  76  76  78  81  82  80  78  78  79  81  81
  81  82  82  81  82  84  86  86  85  84  86  90  86  86  86  87  90  87
  88  29]","[ 29  29  90  91  92  96  97  93  94  92  91  88  87  89  93  93  92  94
  91  87  89  94  94  92  89  92  95  92  90  93  95  94  95  94  93  94
  96  96  95  93  93  94  92  91  93  94  95  97  97  94  95  95  92  91
  93  94  94  94  92 103 116 121 125 113 105  89  76  68  57  47  40  35
  32  35  32  33  34  29  43  50  45  38  45  50  53  49  50  52  49  49
  49  46  43  41  40  41  46  54  71  81  81  84  84  84  81  81  81  80
  79  79  79  79  80  79  79  79  79  78  76  75  76  76  77  74  70  69
  70  68  66  67  68  70  71  71  69  66  63  62  63  64  62  62  65  66
  65  65  67  71  69  65  66  71  72  72  72  72  71  72  73  75  74  75
  76  77  79  81  82  81  78  76  74  76  80  81  81  80  81  81  81  81
  81  82  83  82  83  84  85  84  84  85  87  87  87  88  86  86  89  87
  87  29]","[ 28  29  89  89  89  94  96  93  92  90  91  91  89  91  96  96  93  95
  91  87  90  95  95  93  92  94  95  92  89  92  94  93  91  92  94  96
  97  96  94  93  94  95  93  92  95  96  96  96 100  97  94  94  92  92
  94  93  96  96  96  97 103 105 116 115 106  89  74  62  48  36  32  30
  26  29  29  30  31  31  44  58  45  38  46  49  52  53  52  50  49  49
  48  46  42  40  40  41  46  54  71  86  85  87  82  81  82  83  83  82
  81  80  80  80  78  78  79  80  80  79  78  77  76  76  77  75  71  70
  70  68  66  66  66  68  70  70  68  65  62  60  61  64  66  66  66  64
  65  64  67  72  70  65  65  69  72  71  70  71  73  75  75  76  73  73
  74  75  77  79  81  82  80  76  74  76  79  81  81  81  81  81  81  80
  81  81  82  82  81  82  83  84  85  86  85  82  87  90  87  87  90  89
  88  28]","[28 30 89 87 85 89 93 91 89 89 93 94 91 92 95 95 93 94 91 90 92 95 95 94
 96 96 95 93 91 94 94 91 93 95 96 97 97 97 97 97 96 95 92 91 95 97 96 96
 99 97 93 95 95 93 93 86 89 74 64 49 46 52 66 80 88 78 66 53 38 28 26 25
 26 25 24 27 27 35 46 63 45 35 44 49 53 54 52 48 49 49 47 45 42 41 41 42
 49 54 69 84 84 85 82 84 83 84 84 83 83 82 80 80 77 78 80 81 81 79 78 77
 76 77 79 78 74 73 72 71 71 69 68 67 69 69 68 66 63 61 63 66 67 66 65 63
 62 64 68 71 71 69 68 70 74 71 69 70 74 77 78 78 75 75 74 73 74 76 79 81
 81 78 77 77 80 82 83 84 82 82 81 81 81 81 82 82 81 81 83 87 89 87 85 83
 87 90 89 89 92 91 90 29]","[29 30 89 87 84 87 91 91 90 91 95 96 93 92 92 93 96 96 93 93 95 95 94 95
 96 95 95 94 94 97 97 94 94 96 98 99 98 97 97 97 98 96 92 90 94 96 96 97
 96 97 94 96 94 87 81 68 47 30 26 22 30 38 34 34 54 54 49 39 30 26 24 24
 25 23 24 25 22 30 50 68 47 30 41 51 55 54 49 48 48 47 46 43 42 41 42 43
 50 56 74 87 87 88 86 87 86 85 85 85 86 85 83 81 78 79 80 81 80 78 76 76
 74 75 78 79 76 74 74 73 74 72 69 67 68 69 67 65 65 65 67 68 65 63 65 66
 62 65 68 70 71 72 73 74 75 73 71 73 77 80 81 80 80 78 76 76 76 77 79 81
 80 79 79 79 80 82 84 86 83 82 82 82 82 81 81 82 84 84 86 89 89 87 86 86
 87 89 91 92 93 94 94 29]","[ 29  29  89  89  88  89  91  91  92  93  94  94  93  91  91  94 100  99
  96  94  94  94  93  94  94  94  95  95  94  96  98  97  93  95  97  98
  98  97  95  94  97  97  94  92  94  95  95  96  96  98  94  93  87  78
  71  57  53  43  37  33  34  41  37  36  39  44  39  31  28  26  23  24
  21  21  23  23  21  20  57  72  44  25  37  48  52  51  46  46  46  46
  45  43  41  40  41  43  47  59  83  93  94  92  91  89  90  89  88  89
  91  91  89  86  82  81  80  81  81  79  77  76  73  74  77  78  76  74
  74  73  74  72  70  68  69  69  68  67  67  66  67  68  65  64  65  66
  64  65  67  68  69  70  73  75  76  76  76  77  79  80  80  80  80  79
  78  78  79  79  80  82  80  80  80  80  79  80  83  87  86  84  83  83
  82  81  81  82  84  88  90  90  89  89  89  89  91  91  94  96  95  97
  98  29]","[ 29  28  89  91  91  91  92  91  91  92  91  90  91  90  91  96 102 102
  97  92  92  92  92  93  95  96  98  96  91  92  94  94  96  95  93  93
  94  95  95  95  96  98  97  95  95  94  92  93  96  99  93  90  82  73
  71  60  49  49  42  37  31  37  38  35  36  40  34  25  26  25  21  24
  19  18  19  20  24  17  65  72  39  22  34  41  45  48  44  41  44  45
  45  43  40  38  40  42  44  61  88  95  95  94  94  90  89  87  86  88
  91  91  89  86  86  83  82  82  84  83  81  79  76  76  78  79  77  75
  75  74  73  72  71  71  72  73  71  70  68  65  64  67  68  67  66  64
  66  65  65  66  66  67  70  74  76  78  80  80  79  78  78  78  78  77
  77  79  81  81  81  82  80  81  81  80  78  78  82  86  88  86  84  84
  83  81  81  82  81  87  92  92  91  93  94  94  96  94  98  99  95  98
 100  29]","[ 30  28  93  95  96  94  94  93  94  93  92  88  93  94  88  92  95  95
  93  91  91  92  93  94  96  97  97  97  96  95  95  97  98  96  95  95
  95  96  96  97  97  96  96  97  97  95  94  94  94  95  96  93  84  80
  75  62  53  47  40  35  34  35  36  37  33  30  32  32  27  23  22  18
  17  17  20  18  18  27  65  73  31  22  23  34  39  40  41  41  39  41
  41  40  41  41  40  39  38  61  83  94  96  95  96  93  90  89  88  86
  94  90  88  88  88  87  86  85  85  84  82  81  78  81  82  81  79  79
  77  76  75  72  70  71  73  74  74  73  72  66  60  61  65  66  66  70
  70  67  65  66  67  69  73  77  77  79  81  81  81  80  78  75  75  77
  78  79  80  80  81  81  81  81  83  85  85  84  82  81  84  87  86  83
  84  85  85  85  84  90  93  90  89  92  95  95  97  97 101  97 100 104
  95  30]","[ 29  28  96  96  97  94  93  93  95  95  93  90  94  94  88  92  93  92
  90  88  88  91  95  97  98  97  97  96  96  96  96  98  97  96  96  95
  96  97  98  97 101  99  98  96  95  94  94  95  96  97  96  93  85  80
  76  64  52  48  43  40  38  36  34  32  31  30  31  30  25  23  21  16
  15  15  17  17  18  26  58  61  24  19  22  29  34  38  40  39  38  39
  39  38  39  40  39  37  33  57  79  92  95  96  98  95  93  94  93  90
  95  93  92  91  93  90  87  86  86  86  83  81  80  80  80  78  77  77
  77  76  76  73  72  73  74  73  74  75  72  67  63  65  68  69  69  73
  71  68  65  64  64  67  72  77  77  79  80  81  80  79  77  76  74  76
  79  80  80  80  80  79  81  82  83  86  88  87  85  83  83  85  85  85
  87  87  87  89  89  92  93  91  89  92  95  97  97  95  99 100  96  92
  98  27]","[ 29  30  98  96  95  94  94  94  95  96  95  93  96  96  91  93  96  94
  92  90  91  93  96  98  98  97  96  96  96  96  97  98  98  98  96  94
  94  96  97  95 100  99  98  96  95  95  96  97  95  96  96  94  87  82
  77  65  57  51  44  40  38  36  33  32  35  35  36  32  25  21  19  14
  13  13  15  16  17  22  44  43  18  17  20  24  28  34  38  36  38  38
  37  38  39  39  39  37  41  63  84  95  97  96  98  95  94  97  98  94
  96  95  95  93  93  90  88  87  87  87  86  84  82  82  81  79  79  80
  79  78  78  75  74  75  74  73  74  76  72  69  67  69  72  72  72  75
  76  74  71  69  69  70  75  80  79  80  81  81  79  78  77  76  75  77
  79  80  81  80  80  80  82  82  83  86  88  88  87  86  86  86  86  88
  90  88  88  91  92  92  92  92  94  95  93  92  95  95  96  91  88  99
 127  29]","[ 29  30  96  93  91  92  94  94  94  95  95  95  98  97  95  96  97  95
  94  95  96  97  97  96  96  96  96  96  96  96  96  97  98  98  95  91
  91  95  96  94  96  97  98  97  96  97  97  97  97 101 103 102  95  87
  79  67  60  53  46  40  38  36  35  34  39  40  40  36  27  20  16  15
  14  13  14  15  16  17  31  27  17  17  19  21  25  30  33  32  32  33
  33  34  34  34  34  34  45  67  87  98 101 102 104 101  97  98  99  97
  97  96  95  94  90  90  90  89  88  87  87  88  83  84  84  84  84  84
  81  77  78  77  76  74  73  73  73  73  72  71  70  72  74  73  73  76
  74  74  73  73  72  72  75  77  81  82  82  81  80  79  78  76  78  78
  79  80  80  81  81  82  83  82  83  84  85  86  87  89  88  89  88  90
  92  90  90  93  91  91  91  92  94  96  94  90  99  96 102  96 108 152
 184  30]","[ 29  29  94  90  89  90  93  93  94  95  95  96  97  96  97  97  94  92
  91  94  98  98  96  94  93  94  96  97  97  97  97  98  96  97  95  92
  93  96  97  95  95  97  99  98  97  96  96  97 101 107 109 107  99  88
  77  65  57  53  49  46  43  40  37  36  38  39  40  38  30  18  14  17
  15  15  16  17  16  16  26  22  19  18  18  20  24  27  28  30  29  30
  32  33  33  32  32  33  45  66  85  97 101 103 107 105 102  99  96  98
  96  95  95  96  95  94  92  90  88  87  88  88  84  85  85  86  86  85
  81  76  77  77  76  73  73  74  73  70  72  72  72  74  75  74  73  76
  71  71  71  72  74  75  75  75  79  79  79  79  80  81  80  78  80  80
  80  81  81  81  81  82  81  82  83  84  84  84  87  90  88  90  89  89
  92  93  93  95  91  92  91  90  91  94  94  93  86  93 104 119 164 186
 183  30]","[ 29  29  94  92  92  92  93  92  96  97  96  96  95  94  97  97  95  92
  89  92  95  96  95  93  93  94  97  98  98  98  98 100  97  99  98  96
  96  97  96  94  96  97  99  99  97  96  99 104 105 110 110 108 102  90
  79  68  57  53  50  47  45  43  40  38  39  39  40  40  32  18  13  17
  16  17  18  18  17  19  25  23  20  19  18  20  24  25  25  29  30  31
  33  34  34  33  34  35  44  67  87  97 100 101 104 103 107 100  96  99
  96  97  98 100 100  96  91  89  90  91  91  89  88  88  87  86  86  86
  82  78  78  78  78  76  76  77  75  72  71  72  72  73  75  74  73  75
  73  71  71  72  75  78  78  78  75  75  76  77  80  81  81  80  80  80
  82  84  83  81  80  80  78  81  84  85  84  84  86  88  88  89  88  88
  90  92  92  93  94  93  91  91  92  93  93  91  89 103 143 170 188 184
 179  30]","[ 29  29  95  95  94  92  93  94  96  97  94  94  92  91  97  97  98  94
  92  93  95  96  96  96  96  96  97  98  98  98  98  99  99 100 100  98
  97  97  96  95  98  97  99  99  97  96 102 110 113 116 113 112 109  99
  87  77  64  58  51  47  45  44  42  40  41  41  41  41  35  22  14  16
  16  17  17  18  17  19  23  22  21  22  21  22  25  25  25  29  29  28
  29  31  31  31  32  33  38  64  88 100 101 101 105 105 106 101  98 102
  98 101 101 102  99  96  93  93  94  94  94  93  92  91  89  87  87  87
  85  82  81  80  80  81  80  77  75  75  73  74  74  74  75  74  73  74
  74  72  70  71  73  76  77  77  74  76  77  78  79  81  81  81  80  81
  83  85  85  82  81  81  81  83  84  86  85  85  86  88  89  88  87  89
  91  90  89  91  96  93  93  94  93  92  96 103 117 152 185 183 181 179
 181  28]","[ 30  29  95  95  94  91  93  95  94  94  91  91  88  88  96  97  96  94
  93  95  96  97  98 100 100  98  97  97  97  97  97  98  98  98  97  97
  96  96  98  99 100  99 100 101  97  95 101 111 118 119 115 114 112 102
  89  77  70  62  54  49  48  46  43  40  40  41  40  40  38  27  18  17
  15  16  16  17  15  18  20  18  21  25  25  23  25  25  26  30  30  28
  28  29  31  31  32  34  35  63  90 102 101  99 104 105 101 100 100 105
 100 103 102 100  97  99 100 100  98  96  95  96  91  91  89  87  88  88
  86  84  83  81  81  84  81  75  74  76  77  78  77  76  77  76  74  75
  76  74  72  72  73  75  76  75  77  79  81  80  80  80  80  81  81  81
  83  85  85  83  83  85  88  87  86  86  87  87  89  91  89  87  87  91
  94  92  91  95  93  94  96  96  88  88 107 130 168 184 187 181 184 179
 182  29]","[ 28  29  95  92  91  92  95  94  91  93  94  92  90  91  95  99  99  95
  94  96  96  95  98 104 100  98  97  98  98  97  96  96  95  93  95  97
  96  98 101  99  98  97 100 102 102 102 106 118 121 123 122 114 111 102
  94  86  75  63  55  53  51  47  43  42  42  39  41  40  34  27  22  16
  13  15  17  17  15  14  17  22  20  22  25  25  25  25  28  31  31  30
  28  29  31  31  34  39  39  62  83 100 103  99 104 104 101 102 103 104
 105 105 104 103  98  99 100 101 100  98  97  97  96  94  89  87  87  86
  86  82  83  81  83  85  81  76  76  78  78  79  76  75  76  75  73  73
  71  75  74  71  73  74  74  78  79  80  81  80  77  77  78  80  79  80
  81  82  84  85  86  86  89  90  90  87  87  90  91  90  90  87  86  90
  94  95  93  93  94  94  94  95  87 103 150 171 187 183 180 181 182 183
 183  28]","[ 29  30  95  92  92  93  95  94  90  92  93  92  92  94  97  99  97  97
  96  96  96  96  97  99 100  97  96  97  95  92  92  94  97  96  97  97
  95  98 102 102  98  98 101 103 103 104 108 118 123 125 123 112 105 100
  98  92  86  76  65  59  52  47  45  44  44  42  42  39  34  28  21  14
  16  13  11  13  17  18  17  16  19  20  23  25  25  26  27  30  30  32
  32  31  32  34  36  38  40  58  89 102 104 104 106 105 105 106 107 106
 105 104 104 104 101 103 103 101 101 101  98  93  95  95  90  86  85  85
  85  81  80  81  85  88  85  81  80  80  80  80  77  75  76  76  74  73
  72  76  75  73  74  75  77  80  82  82  81  80  80  80  81  83  78  78
  79  80  83  86  87  87  88  90  91  90  88  89  91  92  88  88  91  93
  91  94  97  96  94  94  89 100 132 169 184 181 183 182 181 182 181 181
 182  30]","[ 29  29  95  92  93  94  95  94  91  92  93  93  93  95  96  97  97  97
  95  91  91  95  98  98  99  97  97  98  96  92  93  97 100  99  99  97
  94  96 101 102  99  98  99  98 100 105 112 121 121 121 123 116 110 106
 102  92  86  74  62  54  51  50  49  46  45  45  42  38  35  30  21  15
  16  17  16  14  12  13  15  18  17  18  20  23  25  26  26  27  27  32
  33  32  34  36  35  36  36  59  90  99 105 106 109 107 110 107 106 106
 108 108 107 105 104 106 105 102 104 107 102  94  98  99  94  89  88  89
  89  83  84  83  85  86  83  81  81  81  81  80  78  76  77  77  74  73
  72  75  75  74  75  75  77  81  82  81  80  80  81  83  84  84  80  80
  79  81  84  88  89  89  88  89  90  91  90  88  89  90  89  87  88  94
  98  96  94  97  94  88 104 144 171 184 179 180 181 181 182 183 181 182
 183  30]","[ 28  28  94  94  95  96  97  95  93  94  94  93  93  94  95  95  95  96
  94  90  91  96  98  98  97  96  97 101 101  98  99 103 102 101 100  97
  95  96  99 100 100 100 100  99 102 108 113 120 120 117 119 116 111 107
 106  97  85  75  63  54  50  50  50  47  46  46  41  37  37  32  22  17
  16  16  16  15  15  17  18  19  18  18  19  22  25  26  26  25  25  29
  31  33  35  36  34  33  29  61  87  97 107 105 110 111 112 109 107 108
 110 111 109 107 106 107 106 104 108 112 108 101 102 102  97  94  94  95
  94  88  88  86  85  84  81  80  81  81  82  81  78  76  79  79  77  77
  75  75  76  76  76  76  77  80  81  81  80  80  81  82  82  82  84  83
  82  83  86  89  90  89  91  88  88  90  91  89  87  87  90  91  97  96
  92  98  98  86  88 113 148 181 181 180 178 186 182 182 182 184 185 186
 185  28]","[ 29  29  96  96  98  98  98  96  95  95  95  94  93  94  96  97  93  95
  95  96  97  98  97  95  94  93  95 100 102 101 101 104 101 101  99  97
  98  99 100 100 100  99  98  96 100 108 114 122 122 116 118 112 100  87
  85  80  76  74  68  58  48  46  49  50  46  45  39  37  38  32  23  18
  15  16  16  16  17  17  17  17  20  19  19  22  24  25  25  24  25  26
  28  32  37  36  33  32  28  52  87 100 105 107 112 113 112 112 112 112
 111 109 109 110 110 109 107 107 110 112 111 107 103 101  96  96  98  96
  94  90  89  87  87  86  83  83  83  81  83  82  79  77  80  82  81  81
  78  76  76  78  77  77  78  80  81  82  83  83  82  80  80  80  85  84
  83  83  86  89  88  87  91  89  88  90  91  89  88  90  91  99  99  99
 103  95  87  92 128 172 185 186 179 182 181 181 182 182 182 185 186 187
 185  28]","[ 30  29  96  97  99  98  97  95  98  98  97  95  94  95  95  95  96  95
  96  97  98  98  96  95  92  92  94  98 101 100  99  99  97  98  97  97
 100 101 100 100 102 101 100  98 101 107 110 116 103  96  97  95  85  71
  68  68  63  63  62  56  47  45  48  49  48  45  41  39  39  35  26  20
  17  16  16  16  16  17  20  24  24  22  22  22  23  23  22  22  23  23
  24  29  35  34  32  33  31  38  84 105 102 112 112 111 110 110 111 113
 112 110 110 112 114 112 110 110 111 110 109 109 104 101  97  99  99  96
  95  92  93  91  88  85  83  84  85  82  83  83  79  78  80  82  81  82
  78  74  75  78  77  75  77  79  78  81  84  84  82  81  82  83  84  83
  83  84  87  89  88  87  89  89  90  91  90  88  91  95  97  98  94  98
 101  87 100 142 172 188 181 181 178 180 183 181 179 182 184 186 185 186
 185  29]","[ 29  29  96  96  98  96  96  95  97  96  96  96  96  96  95  94  97  96
  95  95  97  99  99  98  94  95  96  98  99  99  97  95  95  96  94  94
  98  99  98  98 104 102  99  91  81  68  55  52  47  41  41  42  44  41
  47  54  59  58  59  56  50  47  46  45  47  46  44  41  40  41  34  23
  21  17  17  23  30  32  34  36  32  30  28  26  25  22  20  20  20  21
  21  25  30  32  32  33  34  38  70 103 104 111 110 109 110 108 109 112
 114 114 113 114 116 114 113 113 113 111 110 109 107 106 102 102 100  98
  98  96  97  94  90  85  83  86  87  85  84  84  81  79  81  82  81  81
  78  74  76  79  76  73  76  78  78  81  83  83  81  81  84  87  85  84
  84  86  89  91  91  89  90  90  91  91  91  92  94  98 100  93 100 101
  91 113 158 185 187 183 178 180 176 177 182 178 182 184 185 186 186 187
 186  29]","[ 30  29  95  96  97  96  97  97  91  91  92  95  98 100  98  95  93  95
  95  96  99 103 102  99  97  98  99  99  99  99  97  94  95  97  94  93
  97  97  95  96  87  83  77  67  57  46  36  35  40  40  42  40  39  33
  38  47  53  55  58  58  51  46  46  46  44  45  45  41  40  45  40  25
  23  27  37  45  45  39  38  42  40  38  35  32  28  23  20  19  17  20
  21  22  27  31  33  33  35  49  55  97 111 108 109 110 111 111 112 115
 115 113 114 117 114 114 114 115 115 114 112 110 109 111 107 103 100  98
 100  98  96  94  92  90  89  92  92  87  86  86  84  82  83  82  81  80
  81  77  80  82  77  74  77  80  82  84  85  83  81  81  83  86  86  86
  86  87  90  92  93  92  95  92  90  91  95  97  98  97  96  93  94 108
 139 173 188 185 181 178 177 177 182 181 178 182 188 186 184 185 188 190
 188  29]","[ 30  29  95  96 100  98  95  93  90  93  96  97  97  97  95  92  95  95
  97  97  97 101 103  98  98 100 102 103 102 100  99  98  99 101 100  98
  97  97  91  85  80  75  73  70  62  56  50  40  45  43  40  39  36  32
  32  37  46  50  53  52  50  49  47  46  46  46  47  45  42  43  38  28
  33  46  53  49  46  46  45  44  43  45  44  40  36  33  28  22  20  22
  22  21  24  31  36  36  37  44  57  87 103 109 111 110 113 113 114 114
 114 115 116 116 115 115 114 114 114 114 113 113 112 114 112 106 104 105
 103  97  93  95  93  92  96  96  90  87  87  87  86  84  83  83  82  82
  80  79  80  81  81  80  80  81  83  84  83  82  82  84  86  87  89  86
  85  87  91  92  91  91  96  95  94  95  95  96  96  95  96  92 116 156
 179 182 181 178 179 180 181 181 181 182 184 186 187 188 186 185 189 187
 187  27]","[ 28  29  95  95  96  95  95  96  94  96  96  96  97  98  98  97  96  97
  99  98  96  99 101  98 100 102 103 102 100  99  99 100 103 105 104  99
  94  90  87  84  82  80  80  77  70  63  55  47  42  40  39  40  39  35
  32  32  40  47  52  52  49  44  43  46  41  40  40  40  42  44  42  37
  50  57  59  53  48  46  46  48  45  47  47  46  44  42  40  38  28  26
  24  22  25  31  35  36  44  46  58  73 101 106 110 113 114 115 114 114
 115 116 116 116 114 114 115 116 117 117 116 115 112 115 115 111 110 110
 106 101  99 101  98  96  99  97  92  88  87  88  88  88  88  87  84  82
  83  81  80  80  80  80  81  82  82  84  85  85  85  86  87  88  88  89
  88  88  90  93  94  94  95  98  96  95  98  98  91  89  94 129 165 180
 181 180 179 180 181 182 183 183 182 183 184 185 185 187 187 186 189 187
 187  30]","[ 29  28  91  90  95  96  96  97  96  96  95  94  95  97  98  98  96  98
 100  99  96  98 100  99  97  99 101 100  99  98  99  99 101 101  97  90
  86  87  88  88  87  87  87  82  74  64  54  47  41  38  39  41  40  38
  34  27  32  41  47  49  48  43  40  42  40  39  38  39  44  47  48  50
  59  63  63  59  55  52  51  52  45  45  45  45  44  44  45  47  42  39
  33  27  23  26  33  38  38  37  54  66 110 114 114 114 115 115 115 115
 115 116 116 116 116 116 117 119 119 117 115 114 114 116 117 115 113 112
 109 106 104 105 103 101 101  99  93  90  91  89  87  87  87  88  87  86
  86  84  81  81  81  82  82  82  81  84  87  87  87  88  89  90  88  91
  91  88  88  92  95  96  97  97  94  96  97  87  93 117 146 174 182 171
 172 178 179 180 180 181 182 183 184 184 185 186 187 188 189 189 190 185
 187  29]","[ 31  27  88  87  93  96  97  97  96  95  95  95  95  96  97  96  96  97
  98  98  97  97  98  98 100 102 102  99  96  95  95  96  94  94  89  84
  87  94  92  86  85  87  85  80  73  64  56  52  45  41  40  40  39  40
  37  27  30  38  43  46  50  48  41  39  37  39  37  36  41  46  51  58
  62  66  65  63  62  61  58  56  50  47  45  45  45  45  47  50  52  49
  43  37  31  29  33  39  40  35  51  69 110 113 114 116 113 115 116 116
 115 115 116 117 118 118 118 120 119 117 115 114 118 118 118 116 114 112
 111 110 107 108 107 105 103 100  96  92  94  90  86  85  86  87  88  88
  87  85  83  83  84  84  83  81  79  83  86  87  87  88  89  90  89  91
  91  88  86  90  94  96  94  92  91  91  93  92 117 153 177 185 182 176
 180 181 179 183 179 181 183 184 185 186 186 186 188 189 190 191 191 186
 186  27]","[ 29  28  91  88  90  93  96  98  98  97  96  97  98  98  97  96  96  97
  97  97  98  97  96  97 100 101 100  97  95  96  98  99  97  93  89  88
  94 100  98  93  91  91  86  78  70  63  56  55  49  45  43  41  38  41
  39  29  30  39  43  45  51  52  45  38  36  38  35  36  45  55  61  66
  72  74  71  66  66  66  62  58  55  50  47  47  48  48  50  53  54  51
  48  48  47  44  41  41  38  39  57  92 117 116 114 113 112 115 118 117
 115 114 115 117 117 116 117 118 119 117 116 116 122 122 121 119 117 114
 113 113 110 110 110 109 106 103  99  96  93  91  90  90  90  89  87  85
  88  86  84  83  84  85  84  82  80  82  85  86  87  88  89  90  91  90
  90  89  89  90  93  96  97  97  97  91 106 132 166 185 183 181 178 178
 179 178 181 188 183 184 186 187 187 186 186 186 188 187 190 193 194 190
 190  29]","[ 29  29  92  89  92  93  95  96 100  98  97  98  99  99  98  97  97  97
  96  97  99  97  94  95  93  96  98  98  97  98  97  96  94  91  93 100
 106 106 105 105 103  98  89  77  66  57  52  48  49  46  44  40  37  39
  36  28  29  36  43  46  48  50  46  39  37  37  36  41  56  70  76  76
  77  80  77  72  70  69  62  56  53  49  46  47  48  49  51  54  55  53
  52  53  53  52  51  52  46  43  48  84 105 115 115 113 113 116 118 117
 115 114 115 117 116 115 115 117 118 116 115 116 124 124 124 123 121 118
 116 114 112 112 114 113 109 105 103 100  97  96  95  95  94  90  87  86
  89  87  84  83  84  86  86  84  84  85  86  86  88  90  92  92  93  92
  91  92  93  93  95  97  98  87  92 112 150 175 185 178 179 177 178 179
 179 179 178 175 184 185 187 187 187 187 188 188 189 188 192 194 195 194
 193  29]","[ 30  30  93  91  96  98  98  96  98  96  96  99 101 100  98  96  96  97
  96  98 100  97  93  95  94  98 100  99  98  97  92  87  85  91 103 114
 118 114 109 107 106  97  87  76  64  57  53  47  48  47  44  40  38  38
  33  27  26  29  39  46  46  48  47  41  38  36  39  48  61  73  79  78
  77  81  80  77  73  68  61  57  52  50  49  49  49  50  52  54  56  56
  54  52  51  52  55  59  57  56  56  77 101 118 115 110 113 114 115 115
 115 115 116 117 117 116 117 119 120 117 115 116 122 124 124 123 122 121
 119 116 115 115 118 118 113 109 108 106 105 102 100  98  95  91  89  90
  89  88  86  85  86  89  89  87  88  87  86  87  89  92  94  94  95  95
  94  95  96  96  96  95  87 104 138 164 185 180 179 179 178 180 181 179
 178 182 183 181 182 184 185 186 186 187 189 190 191 190 193 194 193 193
 193  28]","[ 28  30  97  95  98  99 100 101  95  94  96 100 103 101  97  95  95  96
  96  98 101  97  94  97  97  98  98  97  98  99  97  93  94 103 110 112
 114 116 114 109 105  95  86  76  64  59  55  48  50  49  45  40  40  38
  34  29  26  24  35  47  48  49  49  43  40  39  46  55  62  69  76  79
  81  82  81  76  71  64  61  62  52  52  51  50  48  47  49  51  54  53
  52  52  53  54  56  56  58  62  62  61  88 109 111 113 112 112 112 112
 114 116 118 118 119 118 120 124 124 121 119 119 122 123 123 122 122 123
 122 119 117 117 121 122 116 113 113 111 109 107 105 102  98  92  91  92
  89  89  89  88  90  92  91  88  88  87  85  85  89  92  93  92  96  97
  97  95  96  97  95  92 103 144 177 177 185 180 180 179 182 181 178 179
 184 184 182 182 183 184 186 186 185 186 188 190 190 190 193 192 191 192
 193  29]","[ 29  29  97  97  96  93  96 101  96  95  96  96 100  98  90  95  96  96
  96  98 100 101  99  96  99  97  96  97  98  99 101 103 113 122 120 118
 114 118 115 109 100  96  89  79  71  67  61  54  50  47  41  39  43  36
  34  34  24  20  29  39  48  52  47  45  41  40  46  57  64  69  76  81
  80  80  78  80  73  60  58  58  57  54  51  51  50  48  48  49  53  54
  55  53  52  54  55  55  61  62  61  60  67  85 104 115 116 120 116 112
 115 117 117 120 119 121 124 128 125 124 121 122 123 121 122 125 125 121
 119 121 123 122 122 122 123 121 118 115 112 113 113 109 102  96  95  96
  91  89  88  89  91  91  89  87  89  88  87  88  91  94  95  94  97  99
  98  97  92  89  94 115 159 179 183 177 179 181 178 181 178 179 181 182
 182 182 183 185 185 185 186 186 187 188 189 190 187 191 195 194 193 192
 192  30]","[ 28  29  98  98  97  94  95  97  96  96  97  96 100  97  89  93  97  96
  97  98 101 102 101  99  99  98  98  97  96  97 102 108 116 122 121 120
 116 114 113 110 103  97  89  81  73  69  65  61  53  51  46  38  40  38
  36  31  21  21  30  38  44  48  46  45  39  41  49  60  67  72  77  80
  81  83  80  78  71  62  61  58  56  54  53  52  50  48  49  52  51  53
  55  56  57  58  60  60  60  61  61  58  56  57  61  63  82 103 117 115
 114 116 118 121 122 121 121 122 118 124 125 124 122 121 123 125 124 121
 121 123 123 123 123 122 122 121 119 118 118 117 115 111 105 100  97  96
  92  92  91  90  89  88  87  87  89  89  90  93  95  95  95  95  94  94
 103  98  88 106 131 159 177 182 179 176 182 183 179 178 178 179 181 182
 182 182 183 184 187 187 188 188 188 188 188 188 188 191 194 193 194 193
 192  29]","[ 28  29  97  97  97  95  95  94  97  98  97  95  98  96  91  93  96  95
  96  97  98  99  99  98  95  94  94  95  96  99 105 111 121 124 125 125
 122 114 115 115 105  97  90  83  75  69  66  63  59  53  52  41  41  44
  43  39  31  33  40  43  44  47  47  48  44  47  54  63  68  73  76  77
  80  82  80  77  70  63  61  58  58  57  55  52  51  51  52  52  50  52
  54  55  56  57  58  58  59  57  55  52  51  52  56  60  58  66  84 104
 116 118 118 120 122 121 122 123 117 121 124 124 122 123 124 123 121 120
 121 123 125 125 125 124 124 124 124 124 124 122 120 116 111 106 102 100
  97  97  96  92  89  88  88  89  90  91  93  97  98  97  96  97  97 100
 101  95 112 152 168 183 178 176 174 176 181 181 181 184 181 181 181 181
 181 182 184 185 187 187 188 188 188 189 191 192 191 192 193 193 195 195
 193  29]","[ 28  30  97  95  95  95  96  96  97  98  96  93  94  95  94  95  94  95
  96  96  95  95  95  95  95  93  94  98 103 109 114 118 121 123 126 125
 124 114 116 117 107 101  95  89  81  74  69  65  57  51  57  50  48  50
  47  47  42  44  47  46  45  49  54  55  50  52  57  61  64  70  74  74
  76  77  78  78  71  61  57  58  59  57  54  52  54  55  54  52  53  54
  55  55  54  54  54  55  48  46  44  45  47  49  54  59  58  57  59  65
  75  92 112 124 120 122 120 123 120 119 117 121 122 123 123 122 122 123
 125 125 126 126 126 126 127 128 129 129 126 126 124 121 117 113 109 107
 105 103 100  96  92  91  91  92  91  93  96  99 102 102 100  98 100  99
 106 127 159 181 177 183 176 174 176 179 178 176 179 184 186 185 183 181
 181 183 186 188 188 188 188 188 188 190 193 194 193 194 194 193 195 195
 193  29]","[ 28  30  97  95  94  94  96  96  93  95  93  90  91  93  94  94  95  96
  97  98  96  94  94  96  92  91  92  98 105 111 117 122 122 123 123 120
 118 111 115 115 108 104  99  91  83  77  72  66  59  59  71  65  59  57
  51  48  48  48  47  46  46  50  54  53  53  54  56  57  59  65  70  71
  72  73  76  74  67  59  56  57  54  55  54  54  55  56  56  55  54  53
  53  53  53  53  54  55  55  52  50  50  49  48  50  53  56  56  58  57
  54  61  79  94 111 121 118 117 121 121 115 120 123 123 123 123 126 130
 131 130 127 126 126 127 130 131 131 130 128 129 128 126 123 120 117 115
 112 108 103  98  95  93  91  90  90  95  99 101 104 105 100  95  94 114
 143 171 177 180 181 178 180 177 179 182 180 179 181 182 186 186 185 183
 183 185 188 189 190 190 189 189 189 190 192 193 193 195 195 193 194 194
 192  29]","[ 28  29  97  96  96  94  94  94  91  93  92  92  91  92  95  93  94  95
  96  98  96  95  96  98  97  98 101 106 110 114 120 125 124 125 123 118
 114 111 116 118 115 110 103  94  84  78  74  68  71  78  85  71  62  60
  55  48  49  49  47  49  52  55  58  54  57  56  56  56  55  59  64  65
  69  71  72  64  59  59  56  54  52  56  60  59  56  54  55  57  56  55
  54  54  54  54  55  56  59  55  53  52  50  49  51  55  60  52  50  55
  56  53  58  68  87 113 120 119 121 123 118 123 125 125 124 124 127 130
 131 130 129 128 128 130 132 133 131 129 130 132 132 129 126 124 123 122
 118 114 107 103 100  96  91  87  91  96 100 101 101 102 101  97 119 155
 175 179 172 176 181 176 179 177 178 180 180 182 184 184 183 185 186 186
 186 188 189 188 187 188 190 191 192 192 192 192 193 194 195 193 194 193
 192  28]","[ 29  28  96  97  97  94  94  94  92  94  94  95  94  93  98  96  96  95
  95  96  97  96  96  97  96  98 103 108 110 110 111 113 117 120 118 119
 113 112 118 123 122 115 108 100  90  83  78  75  78  87  87  69  60  56
  53  47  47  48  47  53  58  61  65  61  61  58  57  54  52  54  58  60
  65  64  63  55  53  58  55  52  53  57  62  62  57  53  53  56  60  59
  59  60  60  58  58  58  55  56  57  57  55  53  53  54  50  50  48  48
  54  57  58  60  67  96 117 124 122 124 121 124 124 125 126 126 125 125
 127 129 130 130 131 132 133 133 131 130 133 134 133 130 128 128 128 127
 123 120 116 112 108 103  96  91  93  96  97  97  99 106 119 129 163 177
 175 174 175 175 175 180 179 179 179 179 180 180 182 183 183 185 187 187
 188 190 189 188 186 187 189 191 193 194 194 193 193 194 195 194 196 195
 193  29]","[ 30  28  94  96  97  95  95  95  94  96  94  96  95  94 101 100 101  97
  95  97  99  98  97  97  95  97 103 109 112 109 104 100 102 108 110 116
 111 110 115 123 119 111 106 101  92  84  80  79  79  88  86  72  65  57
  54  50  52  52  49  53  56  57  61  56  61  57  54  51  48  50  56  59
  62  56  55  51  53  56  52  52  52  53  57  61  59  55  53  54  56  56
  58  60  60  58  57  57  58  59  59  58  55  53  54  55  51  47  42  45
  52  51  52  61  65  82 104 122 122 124 123 123 121 124 127 127 124 123
 126 131 129 130 131 132 132 132 131 130 134 135 133 130 129 130 131 130
 126 125 124 122 117 110 103  99  95  94  94  95 100 117 147 172 177 173
 173 175 174 179 177 180 180 179 178 181 184 185 184 185 186 187 188 187
 187 190 190 189 190 189 188 190 192 193 194 193 194 195 195 195 198 198
 194  30]","[ 30  27  98 100  98  96  95 100  96  96  96  94  95 102 107 106 103  99
 101 105 103 100  98  95  96  97 105 110 111 115 111  99  88  93  91 104
 110 102 110 116 116 113 108 104  87  80  81  79  83  86  90  82  75  62
  59  57  56  53  54  55  60  57  56  53  47  51  52  50  48  49  53  56
  57  55  52  51  53  54  52  47  48  50  56  57  57  55  52  53  49  54
  57  60  64  67  64  59  60  56  56  57  56  55  54  53  49  47  44  47
  50  46  47  54  61  67  87 114 124 126 125 124 121 125 123 128 127 122
 127 128 129 130 131 131 131 131 131 131 135 132 131 130 129 131 132 130
 132 138 138 133 130 123 110 100  95  89  86  99 129 161 176 176 177 175
 174 175 177 178 178 179 181 183 181 181 183 184 184 185 187 188 187 187
 189 190 190 190 188 189 190 191 191 192 194 195 196 195 195 194 196 197
 196  29]","[ 29  30 106 109 108 107 108 112 113 115 116 115 115 119 121 118 115 112
 114 114 109 107 110 113 114 110 112 116 118 122 119 109  88  81  76  82
  89  88  95 108 117 114 106 101  88  83  82  80  88  95  98  91  87  72
  62  61  59  58  59  56  59  57  57  54  52  50  47  46  48  51  52  52
  57  54  50  47  48  52  51  48  43  49  55  54  55  58  56  55  57  59
  61  64  67  70  69  68  58  54  55  59  59  57  55  52  49  47  44  45
  48  46  47  54  57  61  79 103 119 127 123 130 124 127 125 130 131 128
 133 132 127 128 130 130 130 130 132 133 135 135 135 132 129 129 130 128
 137 140 139 136 136 133 121 110  97  90 108 145 168 175 177 175 178 177
 176 178 179 180 180 180 182 182 181 179 181 183 185 187 186 188 188 187
 189 190 190 190 191 192 193 193 194 194 195 196 195 194 195 195 196 196
 195  29]","[ 28  31 113 115 113 114 115 117 120 122 125 124 122 124 124 121 123 123
 125 124 118 116 119 121 120 116 117 120 121 124 124 117 102  92  89  80
  71  68  73  97 113 114 105 100  92  87  84  82  90 101 104 100  99  81
  66  64  64  61  57  49  51  53  57  56  52  49  45  44  47  50  51  51
  57  55  51  48  48  50  48  43  38  44  52  53  55  59  59  59  56  58
  62  66  68  67  67  67  60  58  60  62  59  56  54  53  50  49  46  47
  49  48  49  53  54  56  71  94 124 140 133 142 138 138 134 138 139 138
 142 141 143 142 138 133 129 129 132 135 137 138 140 139 138 141 142 138
 144 145 142 139 142 144 140 136 139 133 152 177 179 176 178 178 177 177
 178 179 180 181 181 181 182 184 182 181 183 185 187 189 186 189 188 188
 190 190 189 190 192 193 194 195 195 195 195 195 195 195 197 197 197 196
 194  30]","[ 28  31 116 116 114 116 117 118 121 122 124 122 120 122 124 123 125 124
 125 124 123 122 123 123 122 120 122 123 122 122 123 122 112  97  91  81
  75  74  74  87 108 117 110 103  96  91  84  80  90 100 105 103  98  81
  67  65  59  57  55  51  54  54  54  49  51  49  46  46  48  50  49  48
  45  46  45  44  45  47  45  40  34  38  48  53  54  56  57  62  61  64
  68  70  70  69  69  68  69  65  63  61  57  54  52  52  51  50  48  48
  49  49  50  51  55  57  64  83 131 152 150 155 163 161 157 158 159 159
 163 163 162 161 158 156 156 160 166 171 166 164 162 160 160 163 160 153
 156 163 168 168 169 168 166 165 169 168 175 178 172 171 176 177 177 178
 179 180 181 180 181 182 183 186 186 185 186 187 187 189 187 190 190 189
 190 190 189 190 191 192 194 195 195 195 194 194 196 196 198 199 198 196
 194  30]","[ 29  30 117 116 116 120 122 123 123 124 125 123 121 123 126 126 126 125
 123 122 123 126 127 127 128 125 123 121 117 113 111 111 118 106  94  87
  83  81  76  74  93 113 115 110 103  98  88  82  85  92 103 107  96  83
  72  67  58  56  56  55  57  53  51  48  50  48  46  47  50  50  46  41
  36  37  36  36  37  39  38  35  32  37  46  50  51  54  58  65  72  75
  76  74  72  74  75  74  74  69  63  60  56  54  52  49  51  49  47  46
  46  48  49  50  53  57  54  65 119 142 155 156 158 157 155 156 157 158
 161 162 161 161 161 162 163 164 165 166 166 164 163 164 169 175 175 169
 169 173 174 171 169 170 173 178 174 173 172 172 175 173 173 176 178 179
 180 181 181 180 181 182 185 188 188 187 187 187 186 187 188 190 190 190
 191 191 190 190 191 192 194 195 196 195 195 195 195 195 198 198 198 195
 193  29]","[ 30  29 118 117 118 121 124 124 124 125 127 125 123 124 127 126 126 128
 126 124 125 126 125 126 126 123 120 118 114 106  97  91  88  90  88  86
  80  75  73  67  80 105 115 114 107  99  87  79  73  78  94 108 102  93
  82  71  60  58  57  52  50  45  47  48  44  46  47  47  47  45  41  38
  38  38  38  38  36  34  32  30  33  39  47  46  49  58  64  68  74  78
  79  76  74  76  75  72  72  72  70  63  56  54  55  53  51  47  44  44
  43  46  49  50  54  61  58  65 113 135 157 156 157 158 160 161 161 161
 162 163 162 162 163 164 166 167 167 166 167 166 167 167 168 172 173 172
 169 172 173 172 172 171 171 172 175 177 173 171 176 176 174 179 179 179
 180 181 181 181 181 182 186 188 187 185 186 185 185 187 189 191 190 189
 191 192 190 190 192 193 194 195 195 195 196 196 195 196 198 197 197 197
 194  29]","[ 30  27 120 119 119 120 123 123 125 126 128 128 126 126 127 126 125 128
 127 124 127 127 124 122 122 122 120 118 116 108  96  89  83  83  82  82
  78  73  70  61  69  93 107 113 106  96  82  75  65  65  72  90  96  98
  87  78  61  59  58  53  50  43  41  38  38  43  46  45  41  39  39  40
  36  36  37  38  35  30  27  27  33  38  44  45  51  62  67  70  72  76
  78  79  78  77  73  70  72  76  75  66  58  57  57  54  48  43  42  44
  43  45  48  49  47  54  55  67 107 133 151 153 159 160 162 162 161 162
 162 163 168 167 166 165 166 166 167 167 166 165 167 169 169 170 171 170
 174 173 170 168 171 172 174 177 170 176 177 175 176 178 178 179 178 179
 181 183 183 183 183 183 187 188 186 184 185 186 186 188 189 190 188 189
 192 193 192 192 193 194 194 195 195 195 196 197 198 199 199 197 198 199
 196  29]","[ 30  27 123 123 122 122 124 125 124 125 127 128 126 126 126 125 126 127
 122 120 126 130 127 126 122 122 119 115 112 107 101  98  91  84  79  75
  69  67  66  62  51  73  92 108 107  98  87  82  69  59  49  61  78  90
  86  84  70  65  58  49  49  46  43  37  38  39  40  40  39  39  40  41
  37  34  31  30  24  17  16  19  30  32  39  47  55  62  65  70  73  74
  75  77  77  75  73  71  80  78  72  64  60  63  59  48  43  39  41  45
  45  46  47  46  49  50  52  69 106 140 155 159 162 162 163 161 161 164
 165 167 165 166 167 168 168 168 168 168 167 164 166 171 173 173 173 171
 170 171 171 171 173 172 173 175 178 174 175 177 176 178 181 182 179 180
 182 185 186 185 185 185 187 188 187 186 187 188 188 189 188 189 187 188
 192 193 193 192 195 195 195 195 195 196 197 198 201 202 201 197 198 200
 196  28]","[ 28  30 123 123 123 122 124 125 126 129 130 127 125 125 126 125 124 120
 122 122 128 126 126 124 119 117 115 116 112 108 101  95  89  84  80  68
  66  64  62  58  53  55  72 102 106 101  92  83  67  62  54  54  60  64
  68  75  67  63  58  55  51  48  45  38  40  40  38  38  37  38  39  33
  35  30  27  24  18  15  18  22  28  34  37  43  53  61  65  64  67  65
  70  77  80  83  85  83  83  78  74  65  61  60  51  46  40  39  41  44
  46  46  47  49  48  50  51  68  96 138 162 162 162 163 163 163 164 166
 167 167 165 167 169 168 168 170 169 168 166 165 165 167 170 172 172 173
 172 172 172 172 172 173 173 173 175 177 178 179 179 179 180 180 180 183
 185 186 185 186 186 186 184 185 186 187 188 188 189 190 190 190 189 190
 192 194 194 194 195 195 195 195 195 196 197 198 196 197 196 196 197 198
 196  29]","[ 28  29 123 123 123 123 124 123 124 128 130 127 124 123 126 128 126 123
 124 123 128 127 126 124 120 115 116 117 114 104  96  90  86  81  78  67
  64  58  54  51  49  48  58  89 104 105  94  79  68  63  55  51  49  44
  43  49  62  66  68  62  52  45  43  41  41  41  39  38  35  32  32  26
  22  24  21  17  16  15  19  27  41  46  46  50  58  61  60  55  53  57
  66  76  80  82  81  80  79  76  74  66  60  56  45  39  38  42  46  47
  47  49  48  46  47  52  62  71 104 137 165 164 163 163 164 165 167 168
 167 166 167 168 167 166 167 169 169 168 167 166 166 168 170 171 173 174
 173 173 173 173 173 174 175 175 180 180 180 179 178 178 179 180 182 184
 185 185 185 186 186 187 186 186 187 187 188 188 189 190 189 190 190 191
 193 194 194 192 193 194 194 194 195 196 197 198 196 197 196 196 198 198
 196  29]","[ 29  29 122 123 124 123 123 122 122 125 127 126 124 123 125 129 129 128
 128 127 130 130 129 126 119 114 115 111 110  99  94  88  76  69  65  56
  52  46  42  42  37  36  42  76  99  98  88  77  71  62  54  52  48  38
  32  33  32  29  29  32  36  43  44  41  38  39  39  38  33  27  25  20
  15  19  15  12  15  16  23  40  52  59  61  63  65  64  65  63  62  60
  56  54  57  63  72  80  80  77  73  65  58  55  48  44  44  46  47  47
  46  47  47  47  48  51  57  67 105 141 168 165 165 165 165 166 168 169
 168 165 168 168 167 165 166 168 168 167 168 167 167 168 170 171 173 175
 174 173 173 173 174 175 175 176 177 178 179 179 178 179 180 180 183 185
 186 185 185 186 187 188 187 187 186 186 187 188 189 189 190 190 191 192
 194 195 194 193 192 194 195 195 195 196 197 197 197 198 197 197 199 199
 197  29]","[ 29  30 123 123 123 123 124 123 123 122 122 125 125 124 125 127 130 131
 129 129 131 131 131 128 122 118 116 104 101  92  88  76  61  54  48  41
  38  36  34  36  32  32  36  74 102  96  87  84  72  60  51  52  49  39
  32  32  33  26  21  19  23  33  37  38  41  42  44  45  39  31  28  24
  20  18  15  15  18  21  36  57  60  68  70  70  68  65  66  67  67  68
  64  62  63  62  61  64  73  71  67  60  55  54  53  52  51  48  47  50
  49  45  45  49  52  52  48  72 111 154 168 167 166 166 165 165 166 168
 167 166 166 167 167 167 167 168 167 167 169 168 169 170 170 171 173 175
 174 174 174 173 174 174 175 175 173 174 177 179 180 181 181 182 183 184
 185 185 186 187 188 188 186 186 185 186 187 188 188 188 190 190 190 191
 192 194 195 194 193 194 196 196 196 196 195 195 196 198 197 198 200 200
 198  29]","[ 29  30 123 123 122 122 124 124 122 121 122 126 127 125 125 127 130 131
 127 129 130 130 130 127 122 114 107  89  81  67  58  44  46  42  39  35
  35  39  38  39  37  33  34  68 105 104  93  88  76  62  53  52  47  37
  33  35  31  26  24  19  20  29  36  42  45  48  49  50  42  33  30  26
  22  16  14  14  15  29  52  66  68  74  75  75  74  70  70  69  71  73
  71  72  75  72  65  62  61  62  60  58  56  55  55  54  51  48  48  53
  53  50  47  48  44  47  45  81 121 158 160 158 164 165 165 165 165 166
 166 166 163 165 167 168 167 167 168 168 169 169 170 171 171 172 173 175
 174 174 173 173 174 174 175 176 175 177 179 180 181 182 182 182 183 184
 185 185 186 186 186 186 186 186 186 187 187 188 187 187 188 189 189 190
 191 193 194 194 191 193 194 195 195 195 195 194 196 198 197 198 200 199
 197  28]","[ 28  29 122 122 121 121 123 125 121 123 126 128 127 125 126 129 130 131
 125 130 130 130 131 128 123 111 103  92  86  75  72  67  67  64  60  56
  51  51  43  40  40  37  35  57  97 108  99  91  82  64  51  50  48  41
  38  37  34  27  25  18  19  30  36  43  50  52  52  50  41  32  28  23
  23  19  19  17  22  47  71  76  74  82  83  84  81  75  74  73  68  70
  71  75  80  78  71  65  58  59  56  55  55  54  55  52  47  48  48  48
  51  53  52  48  44  48  55  93 141 164 162 157 160 162 165 165 165 165
 164 164 164 165 167 167 167 168 169 171 170 170 171 172 172 172 173 175
 174 174 174 174 175 176 177 178 179 179 179 180 180 181 182 183 182 183
 184 185 185 185 185 184 187 187 187 188 188 188 187 187 187 189 191 192
 193 194 194 193 190 192 194 194 195 196 197 197 197 199 200 200 201 200
 197  28]","[ 29  29 122 122 122 122 124 124 123 125 128 129 126 124 125 128 129 129
 122 131 131 130 132 130 123 114 106  98  89  79  76  75  70  66  62  62
  58  57  48  46  43  41  40  51  88 107 103  98  81  60  46  46  48  45
  40  35  32  26  26  17  15  26  37  48  55  57  54  50  41  34  30  24
  18  16  16  17  29  55  74  76  81  89  90  89  83  74  73  73  74  72
  71  71  74  77  77  73  62  60  52  51  50  50  52  49  46  48  46  44
  46  52  52  49  46  56  72 104 150 162 161 158 159 161 163 165 165 165
 165 164 165 165 166 167 168 169 171 172 171 170 171 172 172 173 174 175
 175 174 174 175 176 177 179 180 179 179 178 179 179 181 182 182 181 182
 183 184 185 186 185 184 187 188 188 188 188 188 187 187 188 190 192 193
 194 194 194 193 192 193 194 195 195 197 198 198 197 200 201 201 202 200
 197  29]","[ 29  29 122 123 123 124 124 124 127 127 127 127 126 124 124 123 125 125
 117 128 130 129 131 130 121 119 116 110  98  88  81  76  74  66  60  60
  56  55  47  47  46  39  40  47  83 104 100  99  81  61  48  48  47  44
  40  35  31  24  24  18  20  33  40  48  54  55  53  48  41  35  32  26
  21  19  17  24  43  63  76  81  85  89  88  88  86  81  79  78  74  72
  72  72  70  73  75  72  68  64  55  54  54  52  53  49  45  46  47  47
  48  49  48  46  50  73  96 123 156 160 159 162 160 161 162 163 165 166
 166 165 166 165 165 168 170 171 171 171 171 171 170 171 172 173 174 176
 175 175 175 175 176 177 179 180 179 179 179 180 180 180 180 180 179 181
 182 184 185 186 186 186 186 187 187 187 187 187 188 188 190 190 191 191
 192 193 193 193 194 195 195 195 195 195 196 197 194 198 199 200 201 199
 197  30]","[ 30  29 124 125 125 125 124 126 127 126 127 129 128 126 125 126 125 125
 126 128 129 128 128 129 127 119 118 114 103  97  88  78  75  73  68  60
  57  56  50  49  49  42  39  48  57  95  97  95  84  76  58  52  45  43
  38  28  26  23  23  20  21  30  38  45  54  61  57  45  37  35  36  33
  26  24  20  38  63  79  86  86  90  91  88  86  86  84  79  76  73  75
  70  66  63  63  67  67  71  67  62  59  58  57  53  48  44  47  47  47
  48  43  42  52  51  59 109 152 161 158 166 161 162 161 161 163 163 163
 165 169 168 167 167 166 168 172 171 172 172 172 172 172 173 174 174 175
 174 175 176 176 177 179 180 179 179 179 179 180 181 182 182 182 181 183
 186 187 185 184 186 187 187 187 187 187 186 187 189 191 190 190 191 192
 193 194 195 195 196 195 193 194 196 196 197 199 198 200 201 202 202 202
 198  27]","[ 29  28 125 125 125 124 125 128 128 126 125 126 127 128 128 129 125 126
 127 130 132 132 131 129 129 125 123 117 105  99  89  77  77  74  67  55
  51  53  51  51  48  45  41  39  41  82  96  91  84  76  60  54  45  42
  42  38  30  30  25  21  20  25  39  48  54  63  60  49  39  36  37  34
  30  25  23  44  70  80  90  90  95  91  85  83  85  84  78  74  73  74
  70  67  63  59  57  53  61  61  61  60  60  57  52  48  46  47  48  46
  45  44  43  46  47  76 133 158 159 159 163 161 163 161 161 164 165 166
 167 169 167 166 168 167 169 172 171 172 172 172 172 172 173 173 174 174
 174 175 176 177 177 178 179 179 180 180 179 180 180 181 182 183 183 184
 187 187 185 184 185 185 187 187 186 186 186 186 188 190 191 191 192 193
 193 194 194 194 195 195 195 197 199 198 197 199 197 199 200 202 202 202
 199  29]","[ 28  29 125 125 124 124 125 129 129 127 124 124 125 128 129 128 125 126
 127 129 133 135 134 131 128 126 123 115 105  99  90  76  77  77  72  61
  55  56  52  50  44  43  42  36  32  65  90  90  86  71  52  47  44  45
  43  40  30  33  25  23  23  23  33  39  53  59  56  49  44  41  37  31
  26  22  30  57  84  89  98  95  98  90  83  83  85  84  78  73  71  71
  68  68  66  60  54  48  51  54  57  59  59  56  52  48  48  46  48  45
  43  47  48  46  61 102 153 161 159 163 162 162 162 161 161 165 167 166
 165 165 167 166 169 168 170 172 172 173 173 173 173 173 173 173 174 174
 175 175 177 179 179 178 179 180 180 180 180 180 180 181 182 183 181 182
 185 186 185 185 186 185 187 187 187 187 188 188 190 191 191 192 193 194
 194 195 195 195 195 196 197 198 201 200 199 200 196 198 200 201 201 201
 199  29]","[ 29  29 126 126 125 124 125 129 129 128 127 125 126 128 127 125 126 126
 124 125 130 135 135 132 128 126 122 115 110 103  97  84  77  75  74  66
  60  58  51  46  44  42  40  36  33  48  77  93  95  84  66  54  44  46
  48  48  45  41  28  23  25  26  30  37  48  54  51  48  47  44  39  31
  28  30  53  72  89  89  96  97  98  92  87  87  86  82  76  70  68  67
  64  67  67  61  57  53  51  52  54  55  55  53  49  46  47  45  46  43
  46  51  52  56  81 124 159 161 161 164 161 163 161 161 163 166 167 166
 163 161 168 168 171 170 170 173 172 173 174 174 174 174 174 174 174 174
 175 174 176 180 181 179 179 180 180 180 180 180 180 181 182 182 178 179
 182 185 185 186 187 186 187 187 187 189 190 190 191 192 191 192 193 194
 195 196 196 195 196 197 196 197 199 199 199 201 199 200 201 202 201 201
 199  29]","[ 30  29 125 125 125 125 124 126 128 130 130 128 127 128 127 126 128 127
 125 124 128 133 133 131 128 123 120 117 117 106 101  91  82  73  69  64
  59  56  51  49  47  44  37  36  37  37  62  92  90  86  72  54  43  52
  56  55  54  44  35  25  27  28  24  33  42  51  52  50  47  43  40  35
  33  43  76  82  87  89  96 105 101  94  90  89  85  80  73  65  65  63
  61  64  64  60  59  57  59  57  55  54  54  53  48  43  47  47  45  43
  50  51  50  67  93 139 161 162 162 160 160 163 163 163 164 166 166 166
 165 165 170 170 172 171 171 173 172 174 175 174 174 174 175 175 175 175
 175 173 174 178 180 179 178 179 179 180 181 181 181 181 181 182 180 181
 183 185 185 185 186 185 186 186 187 188 189 189 190 190 192 193 194 195
 195 196 196 196 196 197 196 195 197 198 198 200 202 203 203 203 203 202
 200  30]","[ 29  29 125 126 127 125 123 124 126 128 129 128 127 128 129 129 130 129
 129 128 130 132 131 129 126 121 118 119 119 103  99  92  84  71  65  61
  55  53  51  50  44  44  39  39  44  39  52  84  88  89  77  57  51  69
  73  67  55  43  40  29  26  25  16  25  38  47  49  48  45  41  40  38
  37  53  84  86  91  98 101 106 100  92  88  87  84  82  75  65  63  61
  59  64  64  59  59  60  61  59  57  56  56  55  51  46  50  49  49  46
  52  49  49  78 115 155 163 161 160 160 162 161 164 164 165 165 165 167
 169 171 171 171 173 171 171 173 172 174 173 173 173 173 174 175 175 174
 176 175 175 178 180 179 179 179 179 180 181 182 182 181 182 182 182 182
 184 186 185 186 187 186 187 187 187 188 188 188 189 190 194 195 195 195
 195 195 195 195 195 197 196 195 197 197 197 197 201 202 202 203 203 203
 199  29]","[ 29  29 126 128 129 127 124 124 124 125 127 129 128 127 128 130 130 130
 131 131 131 131 130 129 129 126 122 121 122 103 101  96  82  70  65  61
  53  51  48  45  44  44  44  45  48  43  46  73  85  95  89  64  53  72
  78  73  64  49  41  31  25  23  17  23  32  40  42  42  40  38  40  41
  52  70  88  92  98 104 101  97  94  89  88  86  82  82  78  67  64  60
  58  63  63  58  58  60  58  58  57  56  55  54  52  50  50  47  51  49
  51  49  59  96 138 162 163 161 161 164 163 161 164 165 166 166 166 168
 170 171 170 170 172 171 171 173 172 173 172 172 172 173 174 175 175 174
 178 178 178 179 179 179 180 180 179 181 182 182 182 182 182 183 182 182
 184 186 185 186 188 188 188 188 188 188 188 189 190 192 195 195 195 195
 195 195 195 195 195 198 197 196 197 197 196 196 199 200 200 202 203 203
 199  29]","[ 29  30 128 131 131 129 125 125 124 125 128 130 130 128 127 128 129 129
 130 131 130 129 130 131 131 129 124 120 120 102 103 100  87  77  73  66
  57  55  51  47  51  46  46  48  45  41  40  65  84  92  85  63  57  79
  82  73  65  50  40  35  30  25  18  16  24  35  39  38  34  32  40  47
  64  86  94  97 100 102 103  98  90  90  92  89  81  80  77  67  66  60
  56  60  60  54  55  57  56  58  58  55  52  50  50  50  48  42  49  49
  47  51  70 111 143 158 162 165 165 166 160 163 165 167 169 169 169 169
 169 168 169 169 171 171 172 173 172 172 172 172 172 173 174 175 175 175
 178 180 180 179 177 178 179 180 180 181 182 182 182 182 183 184 183 183
 185 185 184 185 187 187 188 187 187 187 187 189 192 195 195 195 195 194
 194 195 195 195 197 199 198 196 196 197 196 197 199 200 200 202 203 204
 200  29]","[ 29  30 127 127 129 131 126 123 124 126 128 130 131 128 126 127 127 129
 134 135 131 130 132 132 130 130 127 122 117 105 104 105  92  82  77  67
  60  57  50  49  53  54  54  50  45  44  47  51  66  92  83  66  71  78
  80  79  72  56  47  40  31  26  20  15  16  23  25  26  27  33  47  59
  73  84  95  98  98  99 100  99  91  92  92  88  84  81  75  66  64  62
  59  58  58  55  53  55  55  57  58  53  46  45  46  45  44  41  42  47
  46  55  84 114 147 153 158 161 164 166 167 166 166 167 169 169 168 167
 168 169 168 170 171 172 172 173 173 173 173 171 170 171 174 176 176 176
 178 178 178 178 178 178 178 180 181 182 183 183 182 181 181 182 184 184
 185 185 186 186 186 186 187 187 187 187 187 189 192 194 194 193 194 195
 194 193 194 197 199 198 197 196 196 197 198 198 202 203 202 201 202 203
 201  30]","[ 29  29 124 123 125 127 125 123 124 127 129 130 131 128 125 126 129 129
 132 133 131 130 131 131 133 130 125 123 124 113 107 101  86  78  72  63
  58  58  53  53  54  55  54  50  47  45  46  48  53  80  91  77  75  82
  82  77  68  58  54  47  37  30  22  15  17  19  19  23  27  33  52  71
  79  92 103 102 100 100  97  91  88  87  87  86  84  81  75  66  64  61
  57  55  55  52  50  51  51  52  53  51  47  47  47  46  45  46  42  41
  54  63  89 128 152 157 161 162 164 167 167 166 166 166 167 168 167 167
 167 169 169 170 170 170 171 172 173 173 172 171 171 172 173 175 175 175
 176 176 178 179 179 178 178 178 180 181 182 182 181 181 182 184 184 185
 186 186 186 186 187 187 188 188 188 189 190 192 193 193 193 193 194 196
 195 194 195 197 198 197 196 196 196 197 199 201 202 203 202 201 202 203
 200  29]","[ 29  29 123 122 123 125 124 124 124 126 128 130 130 127 124 125 130 129
 130 131 130 131 132 130 129 128 126 124 124 112 104  97  90  83  77  66
  63  63  56  56  55  55  54  52  49  46  45  44  47  63  87  81  79  84
  86  82  66  59  55  47  35  29  23  17  13  16  17  25  33  41  61  79
  87  98 106 106 103 101  96  89  89  86  85  85  83  79  73  65  65  62
  58  56  57  55  53  54  51  49  49  50  49  48  48  46  44  47  46  44
  61  73 107 151 157 160 161 162 164 167 168 167 165 166 166 167 167 167
 168 169 169 169 169 169 170 171 172 172 171 171 171 172 173 175 175 175
 176 176 178 179 179 178 178 178 179 179 179 180 179 179 181 184 185 186
 187 187 186 186 187 188 188 188 188 190 193 194 194 193 192 192 194 195
 195 194 195 196 197 197 197 196 196 197 200 202 201 202 201 201 202 203
 200  28]","[ 29  30 126 125 126 126 124 123 125 128 129 130 130 128 127 128 131 129
 129 131 131 132 132 131 129 131 130 128 127 115 108 102  94  90  84  74
  70  67  56  53  55  56  56  54  51  47  43  41  36  43  70  81  92  90
  93  89  81  70  61  49  37  29  21  17  15  20  23  33  46  60  75  85
  96  99 104 107 104  99  95  93  91  86  84  84  80  76  70  66  65  62
  58  57  58  56  55  55  53  49  48  50  49  47  46  45  48  46  50  55
  66  80 129 159 159 161 161 162 164 167 169 168 166 166 167 168 168 168
 168 169 169 169 169 169 170 171 172 171 171 171 172 172 174 175 176 176
 177 177 177 178 178 178 178 179 178 178 178 179 178 179 181 184 186 186
 185 185 186 187 187 187 187 187 188 191 193 195 194 194 193 193 194 195
 195 194 195 195 197 198 199 198 197 197 199 201 200 201 201 202 204 204
 201  29]","[ 29  29 126 126 127 127 123 122 126 127 127 127 128 127 126 127 131 130
 130 131 131 131 131 129 127 126 124 125 128 119 109  99  94  90  89  81
  76  71  59  54  55  56  57  56  52  47  43  40  42  43  53  65  79  73
  77  75  69  55  45  38  32  26  19  18  20  23  27  41  59  73  84  88
 101 102 104 105 102  97  95  95  90  84  81  80  76  72  69  68  67  65
  61  58  58  56  53  53  53  49  49  50  48  45  44  44  48  44  46  62
  77  94 146 159 161 162 162 162 164 167 168 167 167 167 167 168 169 168
 168 168 169 170 171 171 171 172 172 171 171 172 172 173 173 174 175 176
 175 175 176 177 177 177 178 180 180 180 180 181 181 181 183 185 185 183
 182 182 184 186 187 187 187 188 189 190 191 192 193 194 194 194 194 194
 195 195 195 195 195 197 199 199 198 197 197 198 201 202 202 204 206 206
 202  29]","[ 29  29 125 126 127 127 125 124 131 132 130 129 130 131 130 130 131 130
 131 132 131 131 130 128 129 127 124 125 130 121 110  98  96  90  90  84
  76  72  62  57  56  57  58  56  52  47  44  43  42  44  41  44  56  56
  64  65  67  51  39  32  28  22  18  21  28  28  34  56  77  85  89  91
  98 104 107 104 100  99  97  94  90  85  81  78  73  69  67  66  66  65
  62  60  59  56  53  52  52  50  50  51  47  44  45  46  44  48  47  67
  92 111 152 160 162 163 163 162 163 165 166 164 166 166 166 168 169 168
 167 167 167 169 171 171 171 171 171 170 172 172 172 173 173 173 174 174
 171 173 175 177 178 178 179 179 181 181 182 182 183 183 184 186 184 182
 180 181 184 187 187 187 187 188 189 189 188 189 191 192 194 194 193 194
 194 195 195 195 195 196 198 199 199 198 198 197 202 202 203 205 207 206
 201  28]","[ 29  29 125 127 129 130 128 128 128 128 126 124 127 127 126 125 129 128
 129 131 132 133 133 131 127 127 125 123 125 117 111 103 104  92  90  82
  70  67  62  60  59  58  57  54  51  48  47  46  46  48  48  48  51  50
  51  50  55  45  37  31  29  26  27  34  39  41  50  72  91  96  96  96
  93 102 107 104 100  99  98  95  93  88  83  78  72  68  65  62  58  60
  59  57  57  54  51  51  52  51  52  52  47  45  45  46  45  53  54  73
 104 128 151 157 161 162 162 161 162 164 164 163 166 165 165 167 168 168
 167 167 166 169 171 171 171 170 170 170 171 172 173 174 175 175 174 173
 172 173 176 178 179 179 179 180 181 180 181 182 182 183 185 186 185 184
 183 184 186 187 188 188 187 188 189 190 189 190 191 192 194 194 194 194
 196 197 196 195 197 198 198 200 201 201 200 199 202 202 203 206 208 206
 200  28]","[ 29  28 125 128 131 132 130 129 129 130 128 127 129 131 129 128 127 125
 126 130 133 137 137 135 130 131 128 125 128 123 121 117 116  98  93  83
  69  67  67  66  62  59  56  52  50  49  49  49  47  43  48  50  48  49
  46  48  44  43  42  37  33  30  30  38  44  50  57  73  89  97  99  96
  94 100 106 105 100  96  95  96  93  88  83  78  73  69  65  60  56  58
  58  57  56  54  51  50  52  52  53  52  47  44  44  43  44  45  51  74
 111 145 158 159 160 161 162 161 162 165 166 165 166 165 165 166 168 168
 168 168 167 170 172 172 171 171 171 172 170 171 173 176 177 177 175 174
 176 176 177 178 179 179 180 181 180 180 180 181 182 183 185 187 187 188
 188 188 188 188 188 189 188 189 191 192 193 193 194 194 194 195 195 196
 198 200 199 197 201 200 199 200 202 203 202 201 202 203 204 208 210 208
 202  30]","[ 29  28 126 130 131 132 132 131 131 129 130 131 129 129 129 128 129 129
 130 131 136 139 136 137 136 131 128 127 126 125 121 115 108  99  94  85
  79  76  73  72  64  64  57  50  50  50  48  48  48  51  51  50  49  51
  51  50  52  49  44  42  40  36  36  40  47  58  63  73  89  97  99  99
  97  99 103 106 103  96  91  90  88  86  82  75  69  67  64  60  59  58
  56  56  57  53  49  52  55  54  52  49  47  44  44  44  46  53  53  73
 123 153 158 161 159 161 162 162 163 165 165 163 165 166 167 168 167 167
 167 168 167 170 172 172 171 170 171 171 168 172 174 176 177 176 175 176
 174 174 175 178 179 180 181 183 181 181 183 185 186 186 186 187 188 191
 191 189 190 193 192 188 187 190 193 194 194 195 197 198 195 196 199 201
 201 200 200 200 204 204 204 203 203 202 203 203 203 206 207 211 210 207
 203  28]","[ 30  29 127 130 131 132 131 130 127 126 129 130 129 128 130 132 129 128
 129 129 134 138 135 135 137 133 130 127 126 125 123 119 110  98  93  91
  87  81  74  73  67  66  60  54  52  50  48  49  50  55  58  54  48  47
  50  54  57  57  53  48  47  47  47  48  54  63  68  77  90  99 103 103
  97  98 101 103 102  95  89  86  84  82  78  72  65  63  62  60  59  58
  54  52  52  52  51  51  54  52  50  48  46  44  44  44  47  52  58  94
 139 159 158 158 160 160 162 165 165 164 163 163 167 167 168 169 168 167
 167 168 170 171 172 171 171 171 172 172 169 172 173 174 175 175 174 175
 177 176 177 179 180 180 182 184 185 184 185 188 189 188 188 188 189 192
 192 191 191 193 193 190 192 194 195 194 194 195 196 196 197 199 201 201
 200 199 200 202 204 204 204 204 204 204 204 204 203 207 208 211 210 208
 204  29]","[ 29  29 128 130 130 130 129 129 125 125 130 132 129 127 131 135 134 132
 131 130 135 137 134 133 136 134 131 129 126 126 126 123 117 104  98  96
  93  86  76  71  68  67  62  57  55  52  50  50  53  60  66  63  55  51
  52  55  58  59  57  53  53  54  55  56  59  67  72  79  89  98 105 104
  97  97  98 100 101  98  92  87  82  79  76  69  61  58  59  59  59  56
  53  50  50  53  55  53  50  49  48  47  47  45  45  45  47  55  73 125
 157 160 159 161 161 160 163 168 169 165 163 165 170 171 172 173 172 171
 171 171 173 173 172 171 172 174 175 175 176 178 179 179 180 180 180 181
 180 180 180 181 181 182 184 187 187 186 187 188 190 190 190 190 189 192
 193 191 191 193 193 192 193 195 195 194 194 197 198 196 197 199 200 200
 198 197 199 202 202 202 203 203 203 204 203 203 203 207 208 209 209 208
 205  29]","[ 28  30 129 131 129 129 128 127 126 128 133 135 130 127 130 135 135 133
 133 131 134 135 132 132 135 133 133 131 128 128 127 125 122 112 104  96
  92  89  80  71  66  65  63  61  59  56  54  53  59  64  67  66  62  58
  57  56  60  60  57  56  53  48  48  53  61  71  76  80  85  96 105 102
 100  99  97  97  98  98  95  91  83  79  75  70  62  57  57  57  56  52
  50  49  48  52  55  52  46  46  46  47  47  46  46  46  62  62  75 131
 157 160 163 165 164 163 165 169 170 167 166 168 170 171 172 173 172 171
 171 172 174 173 172 172 173 176 178 178 179 181 180 181 182 182 181 183
 181 181 182 182 183 184 186 187 187 187 187 187 188 189 190 191 190 192
 193 192 191 193 193 192 192 194 194 193 194 197 197 196 196 197 199 199
 197 197 199 202 201 201 202 203 203 203 203 202 202 207 208 208 208 209
 205  29]","[ 29  30 130 130 128 129 128 127 128 131 136 137 131 127 129 132 132 133
 134 133 135 137 134 136 136 134 134 131 128 128 128 126 122 114 107  97
  92  91  84  76  67  65  64  65  64  61  58  57  66  65  64  62  62  62
  63  63  60  60  58  54  50  46  49  57  65  76  80  79  82  95 106 103
 105 101  96  93  92  93  93  91  84  80  76  71  64  59  57  55  52  46
  44  47  46  47  48  46  43  43  44  45  45  45  45  46  66  76  96 146
 161 163 168 170 167 167 169 170 171 171 171 172 171 172 173 173 173 172
 173 174 175 174 173 173 175 178 179 179 178 180 180 180 182 181 180 181
 179 181 183 184 184 185 186 187 187 187 187 186 185 187 189 191 192 193
 193 192 192 194 194 193 193 196 196 194 193 194 195 194 195 196 198 200
 200 200 200 201 201 202 203 204 204 204 204 204 203 207 208 209 209 210
 206  29]","[ 29  30 129 129 127 129 129 128 130 133 137 137 133 131 132 131 130 132
 134 133 134 135 134 136 138 135 133 129 125 124 126 125 122 114 110 104
  97  93  85  81  69  66  67  69  66  62  61  60  66  65  63  62  62  63
  65  66  58  61  58  51  48  51  59  67  71  82  82  78  79  91 104 105
 105 100  94  89  87  87  88  88  81  78  76  72  67  62  58  54  52  46
  43  46  46  44  42  40  41  41  42  43  44  45  47  49  63  96 132 170
 173 168 170 172 170 171 171 170 171 173 174 173 174 174 175 175 174 174
 175 176 175 175 175 175 175 177 179 179 179 180 180 180 182 182 180 180
 179 182 184 185 185 186 187 187 187 187 186 184 183 185 187 189 192 193
 193 192 192 193 194 193 195 196 197 196 195 195 195 195 197 197 198 201
 202 202 201 201 202 203 204 204 205 205 205 206 205 208 208 210 211 212
 207  30]","[ 29  30 128 127 126 129 130 129 130 133 136 135 134 136 136 132 129 130
 132 130 130 132 130 133 137 136 134 129 123 122 125 125 123 117 113 108
 103  98  88  82  71  68  70  72  66  62  64  66  66  64  63  63  63  63
  64  65  61  63  60  52  49  52  60  67  75  83  82  78  79  85  96 104
 103  97  91  87  84  81  81  81  76  75  75  72  67  64  59  54  54  50
  45  45  47  46  41  39  39  40  41  44  46  50  55  60  77 116 149 168
 172 172 171 170 170 172 172 170 170 172 172 171 172 172 173 174 173 173
 174 175 175 176 176 175 175 176 178 179 178 179 178 179 181 181 179 179
 181 184 186 185 185 186 187 188 187 187 186 184 184 187 188 188 191 192
 192 191 191 192 194 195 197 196 196 197 197 197 197 198 198 198 199 201
 203 202 202 201 203 204 205 205 204 203 204 206 207 207 206 209 211 211
 206  30]","[ 29  29 127 126 125 129 130 130 129 132 134 133 134 138 138 132 132 132
 133 131 133 135 134 137 135 136 136 132 125 123 126 127 122 119 116 109
 105 104  94  83  71  69  72  74  67  63  68  72  69  64  59  58  60  62
  64  64  62  61  58  55  53  52  58  68  75  83  81  79  80  80  89 100
 102  96  89  85  81  76  72  72  73  74  75  72  67  64  60  54  53  52
  45  43  47  47  43  41  38  39  42  45  50  56  65  71  87 129 161 167
 168 169 170 172 170 171 170 169 169 169 169 168 171 172 174 175 175 174
 175 176 174 176 176 175 175 176 178 180 180 180 179 180 182 182 181 180
 181 184 185 184 183 185 186 187 187 187 186 185 187 190 191 190 190 192
 193 192 191 193 195 197 200 196 195 197 198 197 197 199 198 198 200 201
 203 203 203 204 205 206 206 205 203 202 203 205 207 205 203 207 210 209
 205  28]","[ 28  30 128 121 121 130 126 125 134 137 136 133 132 134 135 136 136 136
 137 137 136 136 137 139 142 140 137 135 130 122 122 129 125 121 117 114
 108 101  94  88  79  76  72  68  66  67  69  68  63  58  58  57  58  62
  63  65  62  59  56  57  57  56  62  72  79  83  85  82  82  79  79  96
  99  98  89  88  82  79  77  74  70  70  71  71  68  64  58  51  49  49
  48  46  44  44  43  42  41  38  40  47  47  55  70  69  98 151 170 169
 168 170 171 171 172 172 172 172 172 172 173 174 172 173 175 176 175 174
 174 176 176 179 181 181 179 179 179 180 182 183 180 180 183 182 181 184
 185 185 186 185 185 186 187 187 187 187 187 188 191 192 192 191 190 191
 193 196 195 193 193 195 195 195 196 196 197 197 198 199 200 200 200 202
 203 203 203 203 205 206 207 206 205 204 203 202 206 209 206 206 207 209
 205  30]","[ 30  29 127 125 129 138 132 129 131 137 138 137 137 137 136 136 136 137
 139 140 140 139 140 141 144 144 144 142 134 123 121 126 121 117 115 112
 107 102  97  92  84  81  75  68  65  68  71  69  64  57  56  57  59  62
  61  62  64  59  55  57  60  59  61  68  80  87  91  85  81  75  75  89
  92  92  88  89  89  84  81  74  66  65  64  64  61  58  54  50  49  47
  45  44  43  42  42  41  40  39  41  45  45  51  72  76 118 161 173 171
 170 172 172 171 172 172 172 172 172 173 174 174 173 173 175 177 177 175
 175 177 177 179 180 180 180 180 180 180 181 182 181 181 184 184 183 185
 185 185 186 186 186 187 187 188 187 187 188 190 192 193 191 190 190 191
 194 196 196 195 195 196 196 196 196 197 198 199 200 200 201 201 202 204
 204 203 202 203 205 206 207 206 206 206 205 205 207 209 206 206 208 210
 205  29]","[ 30  28 130 131 137 143 137 135 132 138 141 141 141 139 137 136 140 142
 144 146 146 145 144 144 143 146 148 145 135 124 120 122 118 116 116 113
 108 103 100  97  88  83  76  70  67  69  71  69  67  59  58  60  63  64
  62  62  61  58  56  57  58  55  57  63  75  86  93  90  86  78  73  80
  85  88  91  87  87  81  80  73  65  62  61  61  57  54  52  51  46  43
  40  40  40  40  40  41  40  42  45  47  49  53  75  94 142 170 174 172
 172 173 172 173 171 171 171 171 172 173 174 174 175 174 175 178 178 176
 176 179 178 178 179 179 179 180 180 180 180 182 182 184 186 186 185 187
 186 186 187 187 187 187 188 189 188 188 190 192 194 193 191 189 191 193
 195 195 196 196 196 196 196 196 197 198 199 201 201 201 202 202 203 203
 203 202 203 204 206 207 207 207 207 207 208 208 208 210 207 208 210 212
 206  29]","[ 29  28 137 138 139 141 138 139 137 141 143 142 142 140 139 139 139 140
 143 145 145 144 143 144 145 146 149 147 138 128 123 122 121 121 121 119
 112 106 102 100  94  86  80  77  74  71  69  68  68  58  58  62  66  67
  64  64  62  60  58  58  57  55  56  61  68  78  86  89  90  84  76  76
  79  83  84  78  74  70  70  67  65  62  62  62  57  52  51  50  47  42
  38  38  39  38  38  39  39  43  47  48  52  56  70 110 158 173 173 173
 173 173 172 175 172 172 171 172 172 174 175 175 176 175 176 179 179 176
 177 180 178 179 179 179 179 180 180 180 181 182 183 184 185 185 186 187
 188 187 187 187 187 188 189 190 190 190 192 194 194 192 190 190 193 195
 196 195 196 197 197 195 197 197 197 198 200 201 201 201 202 202 203 203
 202 202 205 207 207 208 208 207 207 208 209 209 208 210 209 211 212 215
 209  30]","[ 28  29 142 142 140 138 138 141 141 144 144 143 142 141 140 140 138 139
 140 142 143 144 145 146 150 150 151 151 145 138 131 123 124 124 125 123
 115 108 103 100  99  94  89  84  79  75  72  67  62  53  54  59  64  66
  65  67  68  62  56  55  59  58  56  56  66  74  78  82  85  83  79  76
  76  78  76  73  69  71  66  63  63  60  59  59  54  49  48  47  49  43
  38  39  40  39  37  37  42  47  47  49  56  62  71 128 167 174 172 174
 173 173 172 176 175 174 174 174 174 175 176 177 178 177 178 179 178 175
 176 180 179 181 182 181 180 180 182 182 183 182 183 183 183 184 185 186
 188 187 187 187 187 187 188 190 191 192 193 194 193 190 190 192 194 196
 197 197 197 198 197 196 198 197 198 199 201 202 202 201 202 203 204 204
 204 204 206 209 206 207 207 207 207 209 210 210 209 211 213 214 214 216
 211  30]","[ 29  30 143 143 142 139 141 142 142 144 144 143 144 142 141 141 144 143
 143 144 144 145 146 147 152 150 152 153 149 144 134 121 121 121 122 122
 116 110 105 100  99  98  94  85  79  80  77  69  58  51  52  57  62  66
  67  70  71  66  60  58  59  59  57  57  66  73  76  80  82  79  77  75
  74  76  77  77  72  73  65  63  61  57  55  54  50  47  46  46  44  39
  36  38  42  43  41  39  43  48  47  51  60  71  90 151 173 175 174 176
 173 173 172 175 176 176 175 175 175 176 177 179 179 179 179 179 178 176
 177 179 178 181 182 182 181 181 183 184 185 183 184 184 183 184 186 187
 188 186 186 187 187 186 188 190 192 191 192 194 193 191 192 195 195 197
 198 198 198 198 198 198 198 198 199 200 202 202 202 202 201 203 205 207
 206 205 206 207 203 205 206 207 208 209 211 211 211 213 215 216 214 217
 211  29]","[ 30  29 143 142 141 140 143 142 142 143 142 142 143 143 141 141 145 144
 143 143 143 143 143 144 151 149 151 151 148 145 136 122 119 118 119 120
 118 114 110 106 102 100  96  88  82  81  78  72  62  56  57  58  60  65
  67  70  72  71  67  63  62  60  59  62  64  69  72  79  82  78  77  72
  70  71  76  75  72  69  61  60  59  55  53  51  48  46  45  43  37  34
  33  37  43  46  45  41  39  45  46  52  63  77 119 168 175 175 174 176
 172 174 173 175 175 175 175 175 174 175 178 180 179 180 180 179 179 179
 178 178 177 179 181 182 182 183 185 185 186 183 185 186 185 186 188 187
 186 185 186 188 188 188 189 191 191 190 191 194 195 194 194 196 196 197
 199 200 199 197 197 198 198 199 200 201 202 203 203 203 202 204 206 207
 207 206 206 207 204 206 208 209 210 211 211 211 213 214 215 215 214 217
 212  29]","[ 29  28 143 141 139 138 143 143 143 143 141 140 142 142 141 141 143 142
 142 143 144 144 144 145 151 149 151 151 147 146 141 128 120 118 119 121
 121 120 117 114 111 104  99  95  88  80  75  73  68  62  61  59  58  62
  65  68  71  70  65  62  61  59  57  57  64  65  64  73  80  80  79  74
  72  68  72  70  74  71  64  60  56  54  52  49  47  46  44  39  36  34
  33  37  43  47  45  40  41  48  51  58  68  81 143 176 174 173 174 175
 172 175 174 175 175 176 176 175 175 176 179 182 179 180 180 180 180 181
 179 176 177 179 181 182 184 186 187 187 184 182 184 187 186 187 188 186
 186 185 187 189 190 189 190 193 191 188 189 194 197 196 196 196 196 196
 198 200 198 195 195 196 197 198 199 201 202 203 203 203 205 205 206 207
 207 207 208 209 208 210 211 212 212 211 211 210 215 214 214 214 213 218
 213  29]","[ 29  31 142 142 140 141 141 141 143 144 142 140 141 142 142 144 144 141
 140 142 145 146 145 145 149 148 148 147 147 145 143 140 125 116 118 122
 121 121 118 115 109 103  98  92  89  81  77  74  68  67  64  61  60  64
  66  66  69  71  68  63  61  57  56  59  61  63  66  69  72  78  79  76
  74  71  68  67  69  70  64  57  51  51  51  48  45  46  44  40  37  36
  39  43  44  43  42  40  45  51  52  64  72  94 158 178 172 174 175 175
 175 175 175 174 176 176 175 175 177 178 179 180 178 179 180 180 180 181
 180 180 179 178 180 184 186 186 187 188 185 185 183 182 184 188 188 187
 187 190 193 193 192 192 193 193 193 190 188 190 193 196 195 195 197 195
 195 196 197 196 196 197 196 198 202 204 203 202 203 204 206 206 207 208
 208 209 209 209 210 209 211 214 215 212 211 212 214 217 216 215 217 218
 214  28]","[ 29  29 138 138 137 140 141 141 141 144 145 143 143 142 141 142 145 143
 142 144 145 146 145 145 145 147 147 147 147 147 147 146 137 121 118 122
 123 123 119 115 114 107 104  99  96  86  82  78  70  68  65  64  65  67
  67  66  70  72  69  65  62  59  58  61  57  58  63  68  71  74  76  76
  73  69  64  63  65  67  63  58  52  51  50  49  47  48  47  44  41  40
  42  44  42  40  40  40  50  51  53  68  73 106 162 180 172 173 174 175
 174 175 175 176 176 175 175 175 176 177 178 178 179 179 179 180 181 182
 181 180 176 176 179 184 186 186 186 186 185 185 184 183 184 187 188 187
 187 190 192 193 193 194 194 194 194 192 191 192 194 195 195 195 194 194
 195 197 198 198 197 196 198 199 201 202 202 203 205 207 203 204 206 208
 209 210 209 209 212 212 212 214 215 214 214 215 214 217 217 215 216 217
 213  27]","[ 29  28 137 138 138 141 141 141 140 145 147 146 145 143 142 144 144 144
 144 145 146 146 145 145 148 149 150 148 146 146 147 148 147 130 123 123
 121 119 118 119 116 109 106 102  99  88  83  80  74  70  68  68  70  69
  65  63  68  70  70  67  65  62  61  64  56  56  61  65  66  67  70  72
  70  68  64  62  64  65  62  57  54  51  51  50  49  48  47  44  45  44
  46  45  41  39  40  42  48  46  48  66  75 125 168 177 172 173 175 175
 175 176 177 178 176 175 175 175 176 176 176 176 179 179 179 180 182 184
 183 182 178 179 182 186 187 186 186 187 187 186 185 186 187 188 188 188
 188 189 191 192 194 195 195 194 194 194 194 195 195 195 194 194 195 197
 199 199 199 200 199 198 200 201 202 203 203 204 206 208 204 205 206 207
 209 211 211 211 213 213 213 214 214 215 216 216 215 218 218 216 217 218
 214  28]","[ 29  29 140 141 141 142 141 139 139 143 144 143 142 141 141 143 143 144
 145 146 146 146 146 146 147 149 149 148 146 147 149 151 151 138 130 123
 117 116 117 122 117 110 107 104 100  88  83  83  77  73  71  71  71  67
  62  60  61  65  69  70  68  66  65  66  60  59  60  61  60  62  65  66
  67  66  64  63  64  64  60  54  54  51  52  52  50  48  47  46  46  45
  46  45  41  40  42  44  49  51  48  67  91 146 176 176 173 174 176 177
 177 177 178 179 178 178 177 177 177 177 176 176 179 179 179 180 182 185
 186 185 186 186 187 187 187 186 187 189 188 187 187 188 188 188 188 189
 187 189 191 192 193 194 194 194 195 196 196 196 196 196 196 196 199 201
 202 200 199 201 202 201 202 203 204 205 205 206 207 207 209 208 207 207
 209 211 212 213 211 213 214 214 215 217 217 216 216 219 219 218 221 223
 217  29]","[ 29  29 142 143 141 141 138 136 140 143 143 142 141 140 140 141 143 145
 146 147 147 147 147 147 148 149 149 147 147 148 150 151 150 142 135 125
 117 117 118 122 121 115 113 109 104  91  88  88  81  77  72  70  68  65
  63  62  60  63  68  70  69  67  66  66  63  61  58  55  55  60  64  63
  65  64  62  59  60  61  58  54  53  51  51  52  50  50  51  51  46  45
  46  46  43  42  44  45  48  55  49  69 104 147 170 170 174 174 176 177
 177 176 177 178 179 180 180 180 179 179 179 179 180 181 181 181 181 183
 184 185 187 188 188 187 186 185 187 188 188 187 187 188 188 188 189 190
 188 190 192 193 192 193 194 194 195 196 196 196 197 198 199 198 199 202
 203 201 200 203 204 203 204 204 205 205 206 208 208 207 210 209 208 208
 209 210 212 212 210 213 216 217 219 219 218 216 217 219 220 220 224 226
 218  30]","[ 28  30 141 141 138 138 137 136 139 142 142 142 143 143 142 142 145 146
 147 146 147 147 148 147 149 149 149 147 147 147 148 148 147 146 144 132
 122 119 120 124 123 117 115 111 106  94  90  89  82  78  71  66  63  62
  64  66  64  65  68  69  67  66  67  65  63  60  57  54  55  61  66  64
  65  63  59  55  55  58  60  59  56  53  51  50  50  51  53  53  47  45
  46  47  45  43  44  44  48  57  54  74 114 146 166 173 174 173 175 177
 177 176 176 177 179 179 180 180 180 180 180 181 181 183 183 182 181 181
 182 183 184 185 186 186 186 186 187 188 189 188 188 188 189 190 191 191
 190 193 195 194 193 193 194 195 195 195 195 195 197 199 200 200 197 200
 202 203 203 205 205 205 205 205 204 204 206 208 209 208 207 208 209 210
 210 211 211 211 211 213 216 219 220 219 218 217 219 221 221 221 226 227
 218  29]","[ 29  30 140 140 138 139 138 138 136 139 140 140 142 142 142 143 145 145
 145 145 146 148 148 148 145 146 147 147 147 148 150 151 146 150 152 143
 132 124 122 127 123 118 116 112 109  98  91  87  82  78  72  65  60  60
  63  65  65  64  67  68  66  67  67  65  63  61  58  58  59  63  67  66
  66  65  61  58  58  60  62  61  57  54  52  51  52  55  54  51  47  45
  47  48  46  45  45  44  46  53  56  73 114 153 169 175 175 174 175 178
 179 177 176 177 179 180 180 180 179 180 180 181 182 183 184 183 182 182
 183 183 183 184 186 187 187 188 188 188 189 189 189 188 190 193 194 192
 192 194 195 195 194 194 195 195 195 196 197 196 197 200 201 201 198 200
 202 204 205 205 205 206 206 206 206 205 208 210 210 207 205 207 210 211
 212 212 212 213 213 213 215 217 218 217 216 217 220 223 222 222 225 226
 218  29]","[ 29  29 139 139 138 140 139 139 141 144 144 142 143 143 144 146 143 143
 143 143 145 148 149 148 146 148 149 148 147 147 147 148 151 152 154 150
 142 132 124 126 127 122 120 117 115 104  95  88  82  80  75  67  62  61
  61  61  62  61  65  68  67  68  69  66  66  62  62  63  63  64  66  66
  64  66  65  63  63  63  62  60  55  53  52  54  57  60  57  50  46  45
  47  49  47  46  46  46  50  57  64  74 114 168 180 178 176 175 177 180
 181 180 178 178 181 181 181 180 180 180 181 181 182 183 184 184 185 186
 186 185 185 186 187 187 188 189 190 190 189 190 189 188 190 194 195 193
 194 194 195 195 195 195 195 195 196 199 200 199 199 201 203 203 202 202
 202 203 204 203 204 206 206 207 208 209 211 212 210 206 207 209 211 212
 213 213 215 216 216 214 214 216 216 215 215 217 221 224 224 223 224 225
 218  30]","[ 28  29 140 137 139 139 141 143 143 144 145 146 145 143 143 144 144 142
 139 143 143 145 143 144 145 146 149 150 148 146 147 147 151 151 151 149
 144 135 125 124 126 122 121 123 115 109 106  94  88  82  74  69  69  64
  58  60  58  57  61  66  68  67  67  66  61  64  64  64  65  64  66  71
  68  66  64  62  63  66  66  61  57  54  52  52  54  58  57  52  49  48
  47  45  43  43  45  49  48  57  65  69  99 157 177 177 176 178 179 178
 179 180 179 180 179 180 179 179 181 184 186 188 184 183 183 185 186 186
 187 188 189 189 188 187 188 190 190 190 193 190 189 190 192 194 195 196
 194 195 196 196 195 194 195 195 199 200 201 200 200 201 203 202 203 203
 202 203 204 206 207 207 209 210 210 208 208 210 210 208 210 208 211 212
 214 216 215 216 217 216 217 218 218 218 217 217 223 222 222 225 226 224
 220  30]","[ 29  29 139 136 138 138 139 139 141 143 144 145 144 143 144 145 144 143
 141 145 145 146 144 144 145 145 148 149 148 147 146 145 146 147 147 146
 143 138 129 120 121 122 123 122 113 107 106  97  92  84  78  73  71  67
  62  63  60  60  61  63  63  65  66  64  62  64  65  66  64  60  62  69
  65  63  62  62  63  66  65  60  57  55  54  54  55  57  57  52  48  47
  46  45  44  44  46  50  58  56  61  61  83 146 176 173 175 178 178 176
 178 178 178 179 179 179 179 179 182 184 186 186 186 185 185 186 187 186
 186 187 187 188 189 189 190 191 191 191 190 190 191 193 195 195 196 196
 196 196 196 196 196 197 199 201 200 201 202 201 202 203 204 204 203 203
 203 204 206 207 208 209 207 208 209 208 208 210 210 209 211 209 211 211
 212 215 214 217 216 217 219 219 218 219 221 224 225 224 223 225 225 224
 219  27]","[ 29  29 139 137 139 138 137 137 138 141 144 144 144 145 145 145 144 144
 144 147 146 147 144 144 146 145 146 148 148 147 145 144 145 148 147 148
 147 146 140 122 117 122 124 120 113 108 105  98  91  84  81  78  74  71
  66  65  60  61  62  62  61  64  66  64  62  62  64  66  65  60  61  67
  68  64  62  62  62  63  62  58  56  55  55  53  52  53  53  49  47  46
  47  47  47  47  49  52  54  59  64  66  92 146 173 176 176 178 178 177
 179 179 179 181 181 181 180 181 183 185 185 184 186 186 187 188 188 187
 187 188 188 189 190 190 191 192 192 192 189 190 193 195 196 195 195 196
 196 196 195 195 195 197 198 200 201 202 203 203 203 205 205 206 205 204
 204 205 206 206 207 207 207 208 209 208 209 211 211 211 211 210 211 211
 211 213 214 217 217 217 219 220 220 220 223 226 223 224 224 225 226 227
 221  29]","[ 30  29 139 138 140 138 137 137 136 140 143 143 143 145 146 145 143 145
 144 147 145 146 144 145 146 146 146 146 147 146 145 145 147 150 148 152
 152 152 149 127 116 121 123 119 115 111 105  97  89  81  81  82  78  75
  69  65  61  63  65  64  63  64  65  63  62  61  61  64  66  64  63  66
  72  68  64  63  60  58  57  56  55  55  55  54  52  53  52  49  46  46
  48  49  49  49  50  52  55  62  66  69  92 135 166 179 177 179 179 179
 181 181 181 183 184 184 184 184 185 186 185 184 185 185 187 189 190 189
 189 190 191 191 191 190 189 191 192 193 192 193 194 195 195 194 195 197
 197 197 198 198 199 199 200 200 202 202 203 203 204 205 205 206 205 205
 206 206 206 207 206 206 208 209 210 209 209 210 211 211 211 210 212 211
 210 212 213 217 219 218 219 221 223 224 223 223 222 224 224 225 226 229
 224  31]","[ 29  28 138 138 140 139 139 139 139 142 142 141 141 144 145 145 143 145
 144 146 144 146 145 146 147 148 147 147 147 146 145 148 148 149 147 152
 152 151 150 134 117 120 122 120 117 114 106  99  92  83  83  83  80  77
  70  65  64  63  65  65  62  60  61  61  62  64  64  64  66  66  65  67
  72  69  67  64  59  56  55  55  51  51  52  51  51  52  51  47  44  45
  48  50  49  48  49  51  56  56  65  74  85 120 163 180 178 179 180 180
 182 181 181 182 184 186 187 187 186 186 186 186 184 185 187 190 191 190
 191 192 193 193 192 191 190 191 193 194 195 195 197 197 196 195 196 197
 198 198 198 199 200 201 201 201 202 202 203 203 203 204 204 205 204 205
 206 207 208 209 209 209 208 209 210 209 208 209 210 211 210 209 212 211
 211 212 213 217 220 219 220 222 224 224 224 224 226 227 225 225 226 229
 223  29]","[ 29  28 139 139 141 140 141 143 146 145 142 140 140 142 145 146 144 145
 144 146 145 148 146 147 147 150 149 148 148 146 146 150 151 150 148 152
 152 151 152 145 122 121 124 122 117 114 108 103  97  87  83  80  77  73
  66  64  62  59  60  60  58  56  58  61  61  66  67  64  64  64  65  66
  66  66  67  65  60  57  57  55  52  52  51  50  48  48  47  43  43  44
  46  48  47  46  47  50  53  55  65  77  87 110 155 179 179 180 181 182
 183 182 180 182 184 186 188 187 186 186 187 188 185 185 187 190 190 190
 191 193 193 194 194 193 192 193 194 194 194 195 197 198 198 197 196 196
 200 200 199 199 199 199 200 201 202 202 203 203 203 203 204 205 205 206
 207 207 208 208 209 209 209 210 211 210 209 209 210 212 209 209 212 212
 212 214 214 217 217 218 220 221 220 221 224 228 229 229 227 227 228 231
 224  29]","[ 30  29 141 141 142 140 142 146 148 146 143 142 142 143 145 145 144 145
 144 146 146 149 147 145 147 151 149 148 149 146 145 150 153 151 150 152
 153 153 154 154 134 123 123 122 117 114 108 105  96  89  82  76  73  67
  60  61  56  55  54  54  53  55  58  59  59  61  61  62  64  64  63  64
  63  63  63  61  58  57  57  54  55  56  55  52  49  48  47  44  41  42
  43  44  43  43  46  49  57  60  60  68  80  97 141 171 179 180 181 182
 184 183 182 184 186 187 188 187 186 187 187 188 186 186 187 189 189 189
 190 193 194 194 193 192 193 194 195 194 194 194 196 198 198 197 196 195
 202 202 202 202 201 201 202 202 202 202 204 204 203 202 204 206 207 207
 207 207 207 207 207 208 209 211 213 213 211 210 210 212 210 208 211 212
 213 216 216 218 215 217 220 220 219 220 224 228 228 228 227 228 231 232
 225  30]","[ 29  29 142 141 142 139 142 145 146 144 144 145 146 146 145 144 143 145
 144 147 147 150 146 143 145 150 148 147 149 146 143 148 150 149 149 148
 150 152 153 157 145 125 121 121 118 115 109 103  93  87  81  74  71  64
  56  59  53  54  54  52  51  54  57  56  55  53  52  58  65  66  62  61
  62  61  59  56  53  54  55  52  51  53  54  51  47  47  47  45  38  39
  40  40  39  39  43  48  57  53  57  66  74  92 141 163 178 179 180 182
 184 183 183 186 189 189 188 186 186 187 187 187 187 187 187 188 188 188
 190 193 195 194 192 190 191 193 194 195 196 195 195 197 198 197 196 195
 195 197 200 201 202 202 202 203 202 203 204 205 204 203 205 208 206 207
 207 207 207 207 208 209 209 211 213 214 212 209 209 211 210 208 210 211
 214 217 217 219 218 219 221 223 224 224 225 226 226 226 225 228 231 231
 223  29]","[ 28  28 140 139 140 140 144 146 146 146 146 146 146 146 146 146 146 145
 146 148 148 147 146 147 149 148 148 148 150 151 151 151 153 151 150 151
 154 157 158 157 152 135 118 114 119 115 105  97  91  87  81  74  69  66
  63  58  52  56  57  54  51  53  59  63  61  53  49  56  63  63  60  60
  57  56  54  53  53  54  53  50  47  48  48  47  46  49  49  45  42  39
  39  44  46  44  43  46  49  54  56  69  77  93 132 160 179 183 177 182
 182 185 187 185 186 187 188 188 188 187 187 187 187 189 188 189 192 190
 189 192 193 193 194 197 198 195 194 195 194 198 197 194 197 198 196 197
 196 198 200 200 202 203 202 199 201 203 205 205 206 205 205 207 208 208
 207 207 208 208 208 209 208 210 211 211 211 211 210 210 210 210 210 210
 211 213 217 219 219 217 223 224 222 223 223 224 224 224 224 229 230 231
 224  29]","[ 29  29 141 138 138 139 144 146 146 146 146 145 145 145 146 146 146 147
 148 148 148 148 149 148 149 149 149 150 151 153 154 154 154 152 151 151
 153 154 154 153 153 142 125 115 118 121 114 101  95  89  82  74  66  63
  62  59  51  55  58  57  56  56  59  61  66  61  57  58  61  59  55  56
  55  55  54  53  54  55  54  52  48  47  47  47  46  49  49  46  44  41
  41  46  48  46  46  48  52  54  54  66  78  96 122 158 170 181 180 184
 182 184 187 188 185 186 187 187 187 187 187 187 190 190 190 190 190 188
 188 191 194 192 193 196 198 197 196 195 195 198 198 196 197 198 199 200
 200 200 199 200 201 201 200 198 196 199 202 205 209 209 208 209 207 208
 209 210 211 211 211 211 210 211 212 211 211 211 211 211 211 211 211 211
 213 215 218 220 220 217 222 222 220 224 225 226 224 225 227 230 230 230
 223  29]","[ 29  30 142 138 138 139 144 145 143 144 144 142 143 146 147 146 145 147
 148 146 146 148 149 148 149 150 151 151 152 154 155 155 154 153 152 152
 153 154 154 154 156 150 136 119 114 120 114  97  92  84  77  71  63  59
  59  59  57  58  58  57  57  58  61  63  65  66  63  60  61  57  53  54
  53  54  54  53  54  55  55  53  50  48  47  46  44  45  46  45  48  45
  45  48  48  45  44  45  47  49  52  62  75  92 105 148 161 179 180 183
 182 183 185 186 186 186 187 188 188 188 188 188 192 190 191 193 190 187
 188 191 194 192 191 194 197 197 196 195 196 197 198 197 195 197 200 200
 201 199 198 199 201 202 201 201 200 202 203 205 207 205 203 203 204 206
 207 209 210 210 210 210 211 212 211 211 211 211 212 212 211 211 211 212
 215 217 219 221 219 219 222 220 220 224 226 227 226 228 230 233 231 230
 224  30]","[ 28  31 144 140 140 141 145 144 141 143 143 142 144 149 150 148 145 147
 148 146 145 146 147 148 151 152 152 151 151 152 153 154 154 154 154 154
 154 155 156 156 155 153 145 130 115 115 110  97  91  83  77  74  68  61
  60  61  61  60  58  57  56  57  61  64  62  65  63  62  63  58  53  53
  54  54  53  51  51  53  54  53  52  49  47  45  41  40  43  45  48  48
  48  49  47  43  42  44  50  54  63  70  80  91 101 139 158 179 181 182
 184 186 186 186 187 187 187 188 189 189 189 188 191 187 190 194 191 189
 191 192 194 192 191 193 196 197 196 195 196 196 198 197 193 195 199 199
 201 198 197 199 202 202 203 204 203 203 202 203 205 204 203 203 206 207
 209 210 210 211 211 211 211 211 211 211 211 211 212 213 212 212 212 214
 216 219 220 221 218 221 224 223 223 226 228 228 228 230 231 233 231 231
 224  30]","[ 28  31 144 141 141 143 147 146 144 145 144 144 147 152 153 150 149 149
 149 149 148 147 147 149 153 154 153 151 150 150 152 153 155 155 155 154
 154 155 155 156 154 152 150 145 125 116 111 109  96  87  80  78  72  64
  61  60  60  58  57  57  55  54  56  60  63  62  60  62  63  58  52  53
  56  55  52  48  48  50  52  52  49  47  47  45  39  38  43  48  47  49
  50  48  44  42  44  48  49  53  64  68  76  81  97 119 152 175 179 181
 184 187 187 186 187 187 187 187 188 188 188 187 188 185 189 194 193 192
 194 194 195 194 193 194 196 196 196 196 196 196 199 199 195 197 200 200
 202 199 198 199 201 201 201 202 203 204 203 204 206 206 205 206 207 208
 209 209 210 210 211 212 212 211 211 212 213 212 213 213 213 212 212 214
 218 220 222 222 219 224 226 225 225 227 229 229 229 230 230 231 230 231
 224  29]","[ 28  30 142 139 140 142 147 147 148 148 147 146 148 152 152 150 152 150
 150 151 150 148 149 151 154 154 154 152 151 151 153 154 154 154 154 154
 154 155 156 157 156 154 153 154 134 119 110 110 100  89  81  79  74  67
  63  61  61  58  56  55  52  51  54  59  63  58  57  60  60  58  56  57
  58  56  51  47  46  48  50  50  44  43  44  43  39  39  44  49  49  51
  50  45  39  39  44  50  49  49  59  63  72  79 100 109 138 166 176 181
 182 185 187 187 188 188 188 188 188 188 188 187 187 187 190 194 194 194
 194 193 194 194 195 195 195 195 196 196 195 195 198 199 199 199 201 202
 201 200 199 200 201 202 203 203 203 205 206 206 207 205 203 204 207 208
 209 209 210 211 213 214 212 211 212 213 213 212 212 212 211 211 211 214
 217 220 222 222 220 224 223 223 225 225 228 229 230 230 229 230 230 231
 224  28]","[ 28  29 141 141 142 143 146 146 148 148 147 146 147 149 151 151 152 151
 150 150 150 150 151 152 153 154 154 153 153 153 155 155 154 154 154 154
 155 156 157 159 158 158 156 158 143 130 110 103 101  91  83  81  76  69
  65  63  61  57  53  53  51  49  53  58  58  55  58  61  58  59  62  61
  58  56  52  48  47  48  48  46  42  42  44  43  40  39  43  45  49  52
  50  44  37  37  42  48  47  47  54  59  68  77  96 104 126 156 174 184
 184 187 190 189 188 188 188 188 188 188 188 188 188 191 193 193 194 194
 193 193 192 194 195 195 195 196 195 195 194 195 196 197 200 200 200 202
 200 200 200 200 201 204 206 206 201 204 205 206 207 205 204 206 209 210
 212 213 213 214 216 217 213 211 212 213 214 212 212 212 212 211 212 213
 216 219 220 221 221 224 219 221 226 226 228 229 229 230 230 230 230 232
 225  29]","[ 29  29 144 145 147 146 147 146 146 147 147 147 147 148 151 155 151 152
 150 148 148 151 152 151 152 153 154 154 154 155 155 156 156 156 155 154
 154 154 155 156 155 160 157 160 152 144 117 101  98  88  82  79  73  66
  61  58  57  53  52  54  53  50  50  54  55  55  61  63  58  60  65  61
  59  57  54  51  49  48  46  43  44  44  45  44  41  40  40  39  46  50
  50  44  39  38  43  47  48  51  57  60  66  75  87 101 117 145 167 182
 183 186 189 185 187 187 188 188 187 187 188 188 189 194 195 193 194 193
 192 193 192 194 195 195 196 197 196 194 194 195 194 196 200 200 199 201
 201 201 201 199 200 203 206 206 204 206 207 206 205 203 203 207 207 209
 212 213 214 214 214 215 214 212 212 214 215 214 213 214 215 214 214 215
 217 219 220 221 223 224 219 223 229 228 229 229 227 229 230 230 229 231
 225  29]","[ 29  29 147 147 146 145 145 145 148 151 150 148 150 151 150 153 152 152
 150 148 149 152 154 154 154 153 152 153 153 153 156 158 159 160 157 155
 154 154 154 157 157 158 160 159 159 152 132 108  97  94  82  82  71  56
  58  54  54  55  53  54  53  49  48  51  54  58  64  64  58  54  57  60
  55  54  52  49  49  46  41  43  46  44  43  43  41  39  38  39  45  49
  48  43  42  44  46  47  50  53  56  61  68  76  85  93 114 135 167 177
 179 188 186 185 185 186 187 188 188 188 189 190 191 190 190 193 195 195
 193 192 192 195 196 195 196 195 195 197 194 194 196 197 199 200 201 201
 202 203 203 203 203 203 204 204 204 206 208 208 204 202 205 206 207 206
 207 211 214 213 212 212 214 213 214 215 215 214 214 215 215 215 214 214
 215 217 220 222 224 225 226 227 228 227 227 228 230 231 231 232 232 234
 226  28]","[ 29  28 146 147 145 145 146 147 150 152 150 149 151 151 149 151 151 151
 151 151 152 154 155 154 154 153 153 154 154 154 156 158 160 160 158 156
 157 156 155 156 161 160 158 155 154 151 136 117 107 102  90  82  66  54
  57  59  58  55  51  53  56  54  49  46  47  50  56  57  53  51  54  55
  51  50  48  45  46  44  38  40  45  43  41  39  37  37  39  41  47  49
  47  45  45  45  46  48  50  52  57  62  68  74  80  84 109 129 161 172
 183 183 188 189 185 185 186 188 189 189 189 189 189 190 191 193 194 194
 194 193 193 195 196 196 196 196 195 197 195 195 196 198 199 200 201 201
 201 202 203 202 202 203 204 205 203 203 206 207 206 207 208 208 207 206
 207 210 212 211 211 212 211 211 212 214 215 214 212 211 215 215 214 215
 216 218 221 223 224 224 225 226 226 226 227 229 230 231 230 231 231 233
 225  29]","[ 29  29 147 147 146 146 148 149 151 151 148 148 149 148 146 147 151 152
 152 153 154 155 155 154 155 154 154 155 154 153 154 156 157 157 156 156
 159 159 158 158 156 157 158 157 158 157 146 132 114 106  97  89  80  72
  68  65  58  55  52  51  52  50  47  45  47  50  56  59  57  56  55  54
  52  49  47  45  47  45  40  40  45  44  42  41  39  40  44  47  48  48
  45  44  44  43  45  49  51  50  57  65  70  77  83  83  99 121 151 170
 187 183 187 184 184 185 186 187 189 191 190 189 189 191 193 193 193 194
 195 195 194 195 195 195 196 196 195 196 197 198 199 199 199 200 201 202
 201 202 203 203 203 204 205 207 205 204 206 208 208 209 210 208 209 208
 209 211 211 211 212 214 213 212 212 214 216 215 212 210 215 215 215 216
 217 219 221 222 223 224 226 227 228 228 229 230 230 231 231 231 231 232
 225  30]","[ 29  29 147 147 146 146 148 150 150 148 146 145 146 146 147 149 154 153
 152 152 153 154 155 155 154 153 154 154 154 153 154 155 155 155 154 155
 157 158 158 159 155 157 159 160 160 158 149 136 117 107 103 100  98  94
  81  73  63  61  62  58  56  52  51  52  51  54  58  60  58  57  56  53
  55  51  50  49  50  49  44  42  41  41  42  43  43  44  46  47  47  48
  45  42  41  41  44  49  51  49  56  65  71  79  87  86  96 115 143 166
 175 181 186 187 186 186 187 187 190 191 191 189 192 193 194 193 193 194
 196 196 194 195 195 195 197 196 195 195 199 201 202 201 201 200 201 202
 202 203 204 204 204 204 206 207 207 206 207 209 209 210 210 208 209 209
 210 211 212 213 215 217 216 215 214 215 217 217 215 213 216 216 216 217
 218 219 219 220 223 225 229 231 231 230 230 231 230 231 232 232 232 233
 225  30]","[ 29  28 146 146 145 145 147 148 147 146 147 147 147 148 151 153 153 152
 151 151 152 153 154 154 153 152 153 154 155 155 156 158 158 158 156 154
 155 154 154 156 159 159 160 159 159 158 153 145 123 113 111 106 102  98
  87  83  74  66  68  65  65  60  57  54  57  57  59  59  56  57  58  57
  56  52  52  51  51  50  45  43  39  40  42  45  46  47  45  44  44  49
  48  43  41  42  45  48  51  50  57  64  67  74  82  83  87  99 140 171
 177 181 182 185 187 187 187 187 189 190 190 189 194 194 193 192 192 194
 195 195 196 196 196 196 198 198 196 196 199 201 202 203 202 201 202 203
 202 202 203 204 203 203 204 206 207 206 207 209 209 211 212 211 209 209
 208 210 212 214 215 217 216 216 216 216 216 216 216 215 215 216 217 218
 218 219 218 218 223 225 228 230 230 229 229 230 230 232 232 233 233 233
 225  29]","[ 29  29 146 147 146 146 146 147 147 148 150 150 147 148 151 151 150 150
 150 152 153 153 153 154 155 154 155 156 156 155 156 158 159 160 158 156
 155 154 155 157 159 158 159 159 158 158 154 148 129 118 114 109 104 101
  94  92  84  69  69  64  65  62  61  60  61  61  64  65  63  61  61  60
  54  51  53  53  51  50  46  44  42  42  44  45  47  47  44  42  40  48
  50  46  44  44  45  46  50  52  58  65  67  71  77  79  90  85 124 157
 178 181 185 190 187 187 187 188 188 189 189 190 194 192 191 191 192 193
 194 194 195 196 196 196 198 198 196 197 197 199 201 202 202 202 202 204
 203 202 202 203 203 203 203 205 207 207 208 209 208 210 212 212 210 209
 208 209 212 214 215 215 213 215 216 216 216 216 215 215 215 215 216 218
 219 219 219 219 224 225 226 227 228 228 229 230 230 231 231 233 233 233
 225  28]","[ 30  29 147 148 148 147 147 147 147 148 150 148 145 148 151 148 150 150
 151 153 154 154 154 154 156 155 156 157 156 155 155 156 158 160 159 158
 158 158 158 161 159 158 159 159 157 154 149 142 134 121 112 111 110 107
 101  97  93  74  74  67  67  64  68  72  66  65  67  70  67  62  58  57
  52  50  54  54  50  49  47  46  42  43  44  44  44  44  42  39  40  45
  48  46  46  46  46  47  51  54  59  65  68  71  76  80  84  79 106 141
 176 181 183 184 187 186 188 190 190 188 189 192 194 191 190 192 193 192
 191 193 194 195 195 195 197 197 196 197 196 198 200 201 201 202 203 204
 204 202 201 202 203 202 203 204 208 207 209 209 208 209 210 210 211 210
 210 211 212 214 214 214 213 215 216 215 215 216 216 215 215 215 216 217
 219 220 221 221 225 224 225 226 228 229 230 231 230 231 231 233 234 235
 226  29]","[ 29  28 147 149 149 148 147 146 144 144 145 143 143 149 154 152 152 151
 151 153 154 154 154 155 153 153 155 157 157 156 156 157 157 159 159 159
 160 160 160 162 162 160 160 161 160 158 154 149 139 124 113 111 110 107
 102  99  94  75  78  74  75  70  72  76  77  71  68  69  65  59  57  57
  49  48  54  54  49  48  47  47  45  47  48  47  46  45  43  41  42  44
  45  45  46  46  47  51  52  55  59  63  67  71  76  81  78  85  96 127
 160 175 179 186 187 187 189 192 191 188 190 194 195 192 192 195 194 191
 190 192 194 195 195 196 197 197 196 197 197 199 200 201 201 201 202 204
 202 200 199 201 202 201 201 203 207 206 208 209 208 209 211 210 210 211
 211 211 212 214 214 214 214 215 214 213 213 215 217 216 217 216 216 217
 218 220 222 222 224 224 225 227 229 230 231 231 231 231 231 233 235 236
 229  30]","[ 29  27 153 150 153 153 146 146 146 150 153 147 146 150 149 151 151 151
 152 153 154 155 155 155 154 154 154 155 155 156 156 157 160 161 159 158
 159 159 155 153 161 161 161 162 162 160 157 155 148 133 117 117 114 112
 106 106  99  91  86  81  80  73  74  75  76  73  73  72  68  63  60  57
  54  52  50  50  51  49  47  46  46  48  47  46  47  47  46  46  46  48
  49  47  45  46  50  53  53  57  56  57  67  73  73  76  78  84  93 111
 152 164 181 184 186 189 191 190 188 189 190 190 189 191 193 194 194 195
 195 195 195 195 195 196 197 199 199 199 199 200 200 200 201 201 203 204
 203 202 201 204 206 206 204 204 206 207 206 207 209 210 209 210 211 211
 211 212 214 215 216 217 214 217 217 214 212 213 216 217 215 216 218 219
 219 220 222 224 226 225 225 228 229 230 230 230 231 230 231 236 231 237
 229  28]","[ 28  31 149 150 154 150 152 153 150 152 152 146 145 149 150 154 153 151
 151 152 154 155 153 151 153 153 153 153 154 155 155 156 157 157 156 157
 160 159 158 159 160 160 160 161 162 162 160 158 157 139 123 122 116 114
 110 110 100  93  87  82  83  79  80  81  79  77  76  72  66  62  60  58
  56  52  50  52  52  49  46  46  45  46  45  44  47  49  49  48  47  48
  49  48  47  49  51  53  55  60  59  59  67  70  70  73  74  80  84 102
 143 167 185 188 189 189 188 188 189 191 191 189 189 191 193 193 194 195
 195 195 196 196 196 196 197 199 200 200 198 199 200 201 201 201 202 202
 204 202 202 204 206 207 207 208 207 207 205 205 207 208 208 210 211 211
 212 213 213 214 214 214 217 218 217 216 216 217 216 214 214 216 218 219
 219 219 220 222 228 228 228 229 230 230 230 231 234 233 226 235 233 233
 224  31]","[ 33  29 143 153 148 155 148 147 152 154 155 152 151 151 150 153 152 152
 152 154 156 157 156 154 155 155 155 155 155 156 157 158 157 156 155 157
 159 158 158 161 162 161 161 162 163 163 162 162 159 146 133 127 116 115
 111 106 101  94  89  82  83  80  80  78  79  76  73  71  67  64  62  59
  58  53  51  54  54  49  44  44  44  46  46  48  52  54  52  49  50  50
  51  49  49  50  51  52  59  65  68  69  73  72  68  69  72  82  82  91
 117 142 170 184 182 185 187 187 188 189 189 189 192 193 194 194 195 196
 196 196 196 196 195 194 195 198 199 199 197 198 199 201 202 202 201 201
 202 201 202 203 205 206 206 207 209 209 207 206 208 208 209 211 213 214
 215 215 215 214 213 212 215 216 216 216 216 216 215 212 214 216 219 221
 221 221 222 223 224 227 230 230 230 232 233 232 233 231 236 232 234 236
 226  27]","[ 29  25 144 148 148 148 146 148 151 153 155 154 153 151 147 150 149 152
 155 156 155 154 156 157 154 154 154 154 154 155 156 157 158 158 157 157
 159 159 159 161 163 162 161 161 162 162 161 161 156 151 144 131 116 116
 115 106 104  99  94  87  88  87  85  81  80  74  71  72  72  69  62  55
  57  54  53  55  55  52  48  45  46  46  47  50  54  53  51  50  52  53
  52  50  48  48  49  49  56  64  70  72  73  71  68  69  71  76  77  87
 113 134 164 180 183 187 190 189 188 189 192 193 193 194 194 194 195 195
 195 194 196 196 195 195 196 198 199 199 197 197 198 199 201 202 202 202
 202 203 204 205 206 206 205 205 207 210 210 210 210 209 209 211 213 213
 213 213 213 213 211 210 214 217 219 219 217 217 218 218 215 216 218 220
 221 221 221 222 219 224 228 228 228 230 231 230 233 237 231 233 238 230
 228  29]","[ 29  33 144 152 153 151 147 152 151 151 153 152 152 151 149 152 152 155
 157 157 154 152 153 154 153 153 154 153 153 154 155 156 154 158 158 156
 159 161 161 162 161 161 161 160 160 160 160 160 159 155 151 136 117 111
 113 108 104 100  95  86  88  87  87  82  77  72  71  74  75  73  67  59
  57  56  54  53  54  55  53  50  50  49  48  51  53  49  48  51  55  56
  55  52  48  47  49  50  59  65  70  72  71  70  69  70  72  75  81  84
 101 113 156 186 187 188 188 187 187 190 192 194 194 195 195 196 196 197
 196 195 194 194 194 195 196 198 199 199 198 197 197 198 199 201 203 203
 203 204 205 205 206 206 205 205 206 210 212 211 210 208 208 211 215 213
 212 213 215 216 215 213 214 216 218 217 216 217 218 219 220 219 220 221
 223 223 223 222 224 228 230 229 228 230 231 231 236 239 231 233 232 235
 228  28]","[ 31  27 150 153 148 153 148 152 149 149 152 152 153 153 150 153 155 155
 155 155 154 153 152 151 155 155 156 156 155 155 156 157 154 159 159 157
 159 163 163 162 162 162 162 162 163 163 163 163 161 156 156 147 130 114
 113 113 110 105  99  88  87  86  86  82  73  71  72  73  71  69  67  64
  61  61  56  51  50  54  54  51  49  49  51  54  54  48  45  48  54  55
  55  51  47  47  49  51  56  61  68  73  73  71  71  71  72  71  77  82
  99 109 153 183 182 186 189 190 189 190 192 193 191 192 193 194 194 195
 195 194 195 196 197 198 200 202 202 202 199 199 198 198 199 201 203 204
 204 204 204 204 204 206 208 208 209 212 213 210 208 207 208 212 214 211
 210 211 214 216 216 215 218 217 216 216 217 218 218 218 221 219 219 222
 225 226 226 225 229 230 230 229 229 231 232 233 232 235 237 232 236 234
 228  29]","[ 29  31 147 150 157 151 152 148 148 150 153 153 154 154 151 152 153 153
 152 153 154 154 152 151 154 155 156 156 156 155 155 156 157 160 159 157
 159 161 160 159 161 161 161 162 162 163 163 163 164 159 158 150 136 118
 112 109 107 104 100  91  90  88  89  86  77  76  75  74  69  67  66  66
  61  61  57  52  51  54  54  52  47  50  52  54  54  49  46  47  51  52
  52  49  47  47  49  50  55  58  66  73  75  75  75  75  74  76  77  75
  85  99 143 172 179 184 189 190 189 189 189 190 190 192 192 193 193 193
 193 193 192 192 193 194 196 197 197 196 198 198 197 197 197 198 201 202
 203 203 202 201 202 204 206 206 205 206 205 204 203 202 203 207 210 209
 209 209 210 212 212 212 213 211 211 212 212 212 212 212 215 215 215 217
 219 220 221 222 222 222 221 221 221 223 225 225 224 224 226 227 226 229
 227  27]","[28 31 27 30 26 30 27 29 28 29 29 27 28 30 28 30 29 29 30 30 29 29 29 29
 28 29 30 30 30 29 29 29 29 30 28 28 30 30 29 30 29 29 29 29 29 29 30 30
 29 29 31 27 30 28 30 29 28 29 30 27 29 28 30 28 31 29 29 30 28 28 28 28
 29 29 29 28 29 30 29 29 28 31 29 27 28 29 29 30 29 30 30 28 27 28 29 29
 29 28 29 30 28 28 29 29 28 31 28 28 30 27 31 26 29 30 29 28 29 30 29 28
 28 29 30 29 28 28 29 29 28 29 29 29 30 30 30 29 29 29 29 29 28 28 29 30
 29 30 29 28 28 29 30 29 29 30 29 28 29 28 28 30 29 29 29 29 29 29 29 29
 28 28 30 30 29 28 28 29 29 28 29 29 29 29 29 29 30 28 28 30 31 30 29 29
 29 31 28 28 31 27 27 31]"
