"[29 32 27 31 29 30 27 30 28 28 29 29 30 30 29 28 30 29 30 29 28 29 28 29
 30 29 29 28 30 30 29 29 30 29 28 30 28 27 29 30 30 29 28 28 29 30 29 29
 29 30 30 29 29 29 29 28 29 29 29 29 29 29 29 30 28 29 29 28 28 29 30 29
 28 29 29 29 29 30 29 29 29 29 29 28 28 29 30 29 30 29 29 30 30 28 28 29
 30 28 28 28 28 29 30 29 30 29 28 29 30 30 29 29 29 28 28 29 29 29 28 29
 30 29 29 30 30 29 29 29 29 29 29 29 29 29 29 28 30 29 29 29 29 30 29 28
 29 29 29 29 29 29 30 30 30 29 29 29 29 29 29 28 29 29 29 29 29 29 29 29
 30 29 29 29 29 28 29 29 28 28 28 30 30 29 29 29 30 29 28 28 28 29 29 30
 30 29 29 30 30 32 28 31]","[34 26 31 27 26 32 30 28 31 29 27 28 28 28 29 31 29 28 29 27 28 32 30 29
 28 29 30 30 29 30 30 30 28 30 30 29 30 31 30 28 27 28 29 30 29 29 30 30
 30 30 29 28 29 30 30 29 29 29 28 28 28 29 29 29 29 29 29 28 29 30 29 28
 30 31 31 30 29 28 29 29 30 28 28 30 30 29 28 28 29 28 28 28 29 29 29 30
 29 28 29 30 29 29 29 27 28 28 28 29 29 29 28 28 29 29 29 30 29 29 29 30
 28 28 28 28 28 28 29 29 28 28 29 29 28 28 28 29 29 29 29 29 29 29 29 29
 29 29 29 29 28 28 29 29 29 29 29 29 29 29 29 30 30 29 28 28 28 29 30 31
 29 29 29 29 29 29 29 30 31 30 29 28 27 27 28 30 28 29 30 31 31 29 28 28
 28 30 26 28 27 28 29 28]","[ 29  33 103 108 105 103 103 104 101  99  99 101 103 104 107 112 123 134
 148 154 158 164 163 161 166 169 169 166 163 163 164 164 164 165 162 159
 155 148 148 155 160 161 161 160 158 156 155 154 151 151 153 155 156 153
 148 145 147 146 144 142 141 140 139 138 139 137 135 135 135 136 134 131
 126 128 128 126 124 123 123 123 120 116 115 116 114 109 105 104 101 100
  98  96  95  96  96  95  93  91  93  94  92  90  90  89  87  87  88  88
  87  85  84  84  83  83  82  82  81  80  81  82  82  82  82  80  80  81
  82  81  82  82  82  82  81  81  81  82  80  82  82  82  81  81  81  82
  83  82  82  81  81  81  82  82  81  82  81  79  75  73  73  73  71  70
  68  67  66  66  66  66  65  65  65  66  66  65  64  64  65  64  63  61
  59  58  60  63  69  68  69  72  74  74  77  81  82  83  81  84  83  89
  83  29]","[ 31  27 107 109 112 113 111 107 108 107 107 107 107 105 106 108 102 106
 111 109 111 118 124 129 131 140 148 153 157 161 163 163 169 171 169 167
 162 152 149 157 160 160 160 161 162 162 160 159 161 158 157 158 159 157
 154 153 152 151 149 149 149 149 148 147 146 145 143 142 143 143 142 140
 138 139 139 138 136 134 133 132 130 129 129 130 129 125 122 121 120 119
 115 111 108 107 105 103 101  99  99  99  96  95  95  95  94  93  93  93
  92  90  89  88  89  89  88  86  84  83  83  84  85  86  85  82  81  83
  83  81  81  81  81  80  80  80  80  79  80  81  82  81  81  80  80  80
  81  81  80  80  81  81  81  82  82  82  82  81  80  79  80  80  78  77
  75  74  73  72  69  67  69  69  70  70  69  66  64  64  66  65  65  64
  63  61  61  62  63  60  59  59  59  60  64  69  72  73  81  85  75  73
  78  27]","[ 30  30 116 115 114 112 111 110 109 111 111 110 109 109 109 107 111 108
 109 108 107 107 104 104 109 110 109 107 110 116 122 125 138 141 135 131
 141 153 160 166 170 170 169 168 165 163 162 161 160 158 158 161 162 161
 159 158 157 156 155 155 155 154 152 150 147 147 146 146 147 148 149 150
 146 147 146 146 145 144 142 140 136 139 140 139 137 137 136 134 136 136
 133 128 125 123 121 118 114 112 111 110 106 105 105 104 106 104 102 102
 102 101 100  99  95  95  93  91  88  86  86  87  88  89  87  84  84  86
  86  85  84  83  82  82  83  83  82  81  82  81  81  81  81  81  80  80
  80  80  80  80  80  80  80  80  78  77  77  78  80  81  81  81  81  81
  80  80  81  80  78  77  76  77  78  77  75  71  69  68  67  66  66  67
  66  64  62  61  64  63  62  61  59  56  56  58  58  57  57  56  63  64
  66  31]","[ 28  29 123 123 124 121 119 118 112 114 114 112 111 114 114 112 110 108
 110 111 112 111 109 111 109 110 110 109 109 108 107 107 103 108 107 106
 113 119 120 120 123 129 136 141 145 150 158 164 162 163 166 168 168 165
 161 159 157 157 157 157 158 157 156 155 152 152 152 153 153 153 154 156
 155 155 154 154 155 154 152 149 149 152 152 148 146 146 145 142 140 140
 139 137 135 134 132 130 133 131 130 129 125 123 121 120 113 111 108 107
 106 104 102 101 105 104 102 100  97  95  94  95  90  91  90  88  88  89
  89  89  85  85  84  85  86  86  85  83  82  81  81  81  81  81  80  80
  79  79  80  79  79  79  78  78  80  79  77  78  79  79  78  77  80  79
  79  79  80  81  81  81  79  79  80  79  77  74  72  71  75  73  72  72
  72  71  68  67  66  66  66  65  63  60  59  59  55  59  62  56  59  60
  59  28]","[ 29  31 144 143 141 137 137 136 133 132 128 123 120 118 116 114 112 112
 116 115 113 111 109 111 115 114 114 115 114 112 111 112 111 111 111 111
 110 107 108 111 105 109 113 115 115 117 122 126 133 135 137 140 144 150
 155 158 162 162 162 162 162 162 161 160 159 159 158 158 157 156 156 157
 157 157 157 156 157 157 156 154 153 154 154 153 153 154 153 151 147 147
 148 148 147 145 144 145 144 141 141 140 137 135 135 133 130 129 127 125
 121 117 116 116 114 112 110 108 105 102 101 101 100 100  99  97  96  96
  95  95  88  89  89  89  89  88  87  86  86  85  84  83  83  82  82  82
  81  81  81  81  80  80  80  80  80  78  77  77  79  80  79  77  81  80
  80  80  80  81  81  81  81  81  80  80  78  76  76  76  78  76  75  75
  75  74  73  72  73  73  72  69  67  66  65  64  67  60  63  66  62  58
  60  29]","[ 29  29 160 159 158 154 153 149 150 148 145 144 142 140 138 137 132 131
 132 128 125 124 119 118 114 114 116 118 116 113 112 113 115 115 116 115
 113 114 115 113 115 114 114 113 112 111 110 110 109 111 111 109 109 112
 115 117 122 125 131 139 146 154 159 162 166 165 164 165 164 162 160 161
 157 157 157 156 156 156 156 156 157 155 155 156 158 159 158 157 154 154
 154 155 153 150 150 151 152 149 147 146 144 144 146 145 142 142 142 140
 136 132 131 132 131 129 126 124 121 117 115 115 112 110 108 107 105 102
 101 101  97  99 100  99  97  95  94  94  91  90  89  87  84  83  83  84
  83  82  82  81  81  82  82  82  81  80  79  79  80  81  80  79  78  79
  80  80  80  80  79  79  79  79  78  77  75  74  75  77  76  76  76  77
  76  75  74  75  75  76  76  73  73  74  73  70  69  72  65  64  66  68
  65  28]","[ 30  27 174 173 174 173 169 166 167 166 166 164 162 159 158 157 158 154
 150 147 146 144 142 140 136 132 128 127 128 128 126 124 123 122 122 121
 121 124 125 121 121 120 119 118 118 120 121 121 116 117 117 116 114 113
 111 109 109 113 110 107 110 110 108 111 119 125 125 134 142 149 152 157
 160 164 165 163 161 161 161 160 159 160 161 159 157 159 160 159 162 159
 158 159 159 157 157 158 158 157 154 152 152 154 152 149 149 149 148 147
 145 144 143 142 138 139 139 138 136 132 130 129 129 127 125 123 123 122
 119 116 112 112 110 107 104 102  99  97  98  97  97  96  94  96  96  92
  87  89  88  86  85  87  86  83  81  84  86  84  82  83  83  83  81  80
  81  82  81  79  79  80  79  80  79  77  76  75  76  76  76  77  76  75
  75  75  74  75  77  77  76  75  75  76  76  75  75  75  74  73  72  72
  74  29]","[ 29  27 176 176 179 179 177 175 175 175 176 176 176 175 175 175 171 169
 166 163 161 159 158 157 156 153 149 147 147 146 144 142 140 138 137 135
 134 135 135 132 126 126 125 126 128 129 128 126 124 126 125 121 119 119
 117 114 115 117 115 114 115 115 113 114 112 114 106 106 106 109 111 116
 115 118 123 130 137 143 148 151 155 156 160 163 162 162 164 165 160 159
 159 160 160 160 159 159 157 158 160 160 159 157 156 155 155 154 153 153
 151 149 148 149 147 147 146 147 146 145 143 143 142 140 139 138 138 136
 133 130 130 128 126 122 119 116 115 114 114 109 105 105 104 103 100  96
  99  99  97  95  94  94  93  91  89  91  91  88  87  87  86  85  82  83
  82  81  81  82  82  81  81  81  79  78  78  77  76  75  76  77  75  74
  76  75  74  75  75  74  74  73  73  75  76  76  76  75  75  74  73  73
  74  30]","[ 30  29 179 178 180 180 179 179 178 179 180 181 180 180 180 181 180 180
 179 178 175 174 174 174 172 170 167 165 164 162 161 160 156 154 153 150
 147 146 145 142 145 141 135 132 133 134 132 130 128 132 131 127 126 129
 129 126 124 123 122 121 120 120 118 116 117 120 114 115 112 111 110 112
 114 111 109 111 111 109 108 108 115 115 121 128 133 139 148 154 158 159
 161 162 164 165 165 164 166 162 159 160 160 159 157 158 158 158 158 159
 158 156 156 157 152 151 151 153 154 152 149 147 145 145 146 148 150 149
 146 144 141 139 138 136 135 133 132 132 129 124 122 122 118 114 113 112
 112 110 107 105 103 101  99  98  95  96  95  93  92  92  91  89  89  89
  87  84  85  87  86  83  85  83  81  81  83  84  82  80  79  79  78  77
  78  77  76  77  76  76  75  74  74  75  76  76  75  74  74  74  73  72
  72  29]","[ 30  30 179 178 178 178 178 178 179 181 182 181 180 179 180 181 181 182
 183 182 181 180 181 181 183 183 182 181 179 178 177 177 174 173 173 170
 166 165 164 161 157 156 155 154 153 152 148 145 144 144 143 138 137 138
 137 134 132 129 130 131 128 130 131 126 127 128 122 122 120 121 123 124
 118 116 115 116 117 115 112 111 109 108 111 112 108 105 104 104 110 116
 123 131 139 147 153 155 159 158 160 164 167 167 166 165 162 162 161 159
 157 156 156 156 160 157 155 155 156 156 156 157 157 154 153 153 154 155
 155 154 150 149 149 149 148 145 143 143 139 137 137 136 132 129 129 129
 125 122 120 118 115 111 109 108 106 106 104 103 102 101  99  96  96  95
  93  91  93  94  93  90  88  85  83  83  84  84  83  81  84  83  81  80
  81  80  78  78  76  76  76  75  75  76  76  76  75  74  73  74  72  71
  71  28]","[ 30  29 178 177 177 177 178 180 179 181 182 182 181 181 181 183 181 181
 182 182 183 182 182 182 181 182 182 181 180 179 179 180 179 178 179 179
 176 175 174 171 176 177 176 173 168 165 162 161 164 161 158 156 155 152
 149 147 146 141 141 141 137 138 139 133 133 135 132 135 132 132 130 126
 128 126 124 122 121 119 116 114 112 112 114 115 114 114 113 110 106 109
 111 110 109 110 111 111 118 123 129 132 135 140 145 149 155 160 164 164
 164 165 163 160 157 157 158 159 159 158 158 158 156 156 156 157 157 155
 153 152 154 154 155 156 155 153 152 151 149 146 145 144 143 143 141 136
 138 136 135 135 133 128 125 124 122 120 118 116 113 110 106 103 104 102
 100 101 102 102 100  99  99  96  93  91  90  89  88  88  87  87  85  84
  85  84  82  82  80  80  79  78  78  79  80  80  77  76  75  75  74  73
  73  29]","[ 30  29 178 176 177 177 179 180 178 179 180 180 180 179 180 181 182 182
 182 183 183 183 183 182 182 183 183 183 182 181 181 181 180 180 182 183
 181 180 180 178 177 178 178 175 172 174 178 182 176 173 171 171 172 169
 167 166 164 159 158 157 153 153 153 148 148 145 136 135 131 135 138 136
 133 133 131 129 130 131 130 129 126 124 121 118 117 120 122 119 114 116
 116 115 112 111 111 111 113 113 110 104 101 104 109 111 117 118 118 119
 125 136 145 148 155 157 160 163 164 164 164 165 162 160 158 157 156 155
 156 158 157 157 157 156 156 156 156 155 152 152 151 150 149 151 150 146
 147 146 146 147 146 143 140 139 137 135 133 131 129 125 120 117 118 115
 113 113 113 110 107 106 109 106 104 102 100  97  97  99  94  94  92  91
  92  90  88  89  89  87  84  82  81  81  82  81  80  79  77  76  76  76
  75  29]","[ 30  30 179 177 178 178 178 178 180 180 181 180 180 179 179 180 180 181
 181 182 182 182 183 183 183 183 183 183 182 181 181 180 180 179 181 182
 181 181 181 179 179 181 182 181 179 179 179 180 181 180 179 179 178 177
 176 175 174 172 172 173 171 173 173 169 168 167 163 163 158 159 159 154
 154 150 147 145 143 140 137 135 132 131 131 131 129 129 128 125 125 124
 123 122 120 117 115 115 114 114 112 112 112 113 112 111 112 111 111 110
 109 108 105 104 106 107 110 115 122 132 142 149 153 156 162 167 166 161
 158 157 161 162 162 159 158 158 157 154 155 154 155 154 153 153 155 154
 152 151 152 152 152 151 149 148 150 148 147 147 146 143 140 137 134 134
 132 129 127 124 120 118 116 114 113 112 109 106 106 108 106 106 104 102
 102 100  98  98  97  95  92  90  88  87  85  83  85  85  83  81  80  80
  78  29]","[ 30  29 179 178 180 179 179 179 179 179 179 179 179 179 179 179 178 179
 180 181 181 181 183 184 183 183 183 183 182 181 180 179 182 180 181 182
 181 181 181 180 181 181 181 180 180 181 181 181 179 180 180 179 178 179
 180 178 179 177 177 177 176 176 175 172 172 174 173 177 173 176 177 172
 169 164 163 165 165 159 154 153 154 149 147 146 141 137 136 136 138 135
 133 134 134 131 128 126 124 122 122 122 120 117 117 119 122 116 113 113
 113 110 110 112 114 113 111 110 108 106 106 107 110 110 113 117 121 127
 136 144 150 155 158 157 159 162 162 158 162 156 153 155 155 155 154 153
 156 156 155 155 155 154 154 153 155 154 153 153 152 150 147 146 146 148
 147 143 140 140 138 135 136 134 132 131 127 123 121 122 115 115 113 110
 109 106 104 104 105 105 105 105 104 102  98  94  93  94  91  87  86  86
  81  30]","[ 30  29 179 179 178 178 179 178 178 179 179 179 179 179 179 179 178 179
 180 182 182 182 182 182 183 183 183 183 182 181 181 181 181 181 182 182
 181 181 181 181 181 181 180 180 180 181 181 182 182 182 181 181 180 179
 179 179 179 179 179 179 179 180 179 178 176 177 178 179 180 179 178 178
 177 176 175 173 172 171 170 168 169 166 163 161 160 159 155 152 153 151
 148 146 143 141 138 137 129 127 132 129 129 131 122 121 125 122 119 118
 117 115 114 115 116 115 114 115 116 116 114 112 110 110 110 109 108 108
 107 105 108 112 118 122 126 129 132 133 147 152 158 161 160 158 159 161
 157 161 156 152 157 160 158 158 158 158 157 155 155 157 156 154 155 154
 152 151 149 148 149 151 151 151 147 141 140 139 138 137 135 132 130 129
 126 121 117 116 115 111 109 108 105 104 103 102 104 101 100  97  96  93
  95  28]","[ 29  28 179 179 179 179 180 179 179 179 179 179 179 179 179 180 179 179
 180 181 182 182 182 182 183 182 182 183 182 182 182 182 182 182 182 182
 182 182 181 181 181 180 180 180 180 180 181 181 180 180 180 180 180 180
 179 179 179 180 179 179 180 180 180 179 178 178 179 179 180 180 179 179
 179 179 179 178 177 177 177 176 180 178 176 175 175 173 171 169 165 165
 165 164 163 161 158 156 154 151 153 148 146 147 140 140 140 134 129 128
 129 128 124 122 125 123 121 121 120 119 117 116 116 116 116 115 115 115
 113 111 110 108 105 104 106 108 108 107 102 105 111 118 125 131 138 143
 150 154 154 158 164 164 162 165 165 164 161 157 156 158 159 159 159 155
 154 157 157 154 155 159 156 157 155 152 153 154 152 151 148 149 146 140
 137 137 138 137 132 128 126 124 121 118 113 109 109 108 109 109 108 104
 104  30]","[ 29  28 179 179 180 180 180 180 179 179 179 179 179 179 180 180 181 180
 181 182 182 182 182 182 183 182 182 182 182 182 183 183 184 183 183 182
 183 182 181 180 181 181 181 180 180 180 180 180 180 180 180 181 180 180
 180 179 180 180 180 180 180 180 180 179 180 179 179 179 180 180 180 179
 179 180 180 180 179 180 180 180 179 179 179 178 178 177 175 174 173 174
 176 176 176 174 173 172 169 167 169 164 161 162 158 160 158 152 146 146
 147 146 142 139 134 133 131 130 129 128 127 127 123 122 122 121 121 122
 120 118 117 117 116 115 115 115 114 112 111 108 105 104 105 105 106 106
 105 108 110 116 127 134 139 147 146 150 156 159 162 164 163 161 162 163
 162 159 158 159 159 157 158 160 158 156 157 157 154 152 152 153 153 151
 150 150 148 145 144 141 139 138 138 139 137 132 126 124 123 122 122 118
 115  29]","[ 30  29 180 180 180 180 181 180 179 179 179 180 180 180 180 180 181 181
 181 182 182 182 183 183 184 183 183 183 183 183 184 185 185 184 183 182
 182 182 182 181 182 182 182 181 181 180 180 181 181 181 181 182 181 181
 180 179 180 181 181 180 180 181 181 180 181 180 179 179 179 180 180 179
 179 180 180 179 179 179 179 179 180 180 180 180 180 179 178 177 175 176
 176 176 175 175 175 175 174 173 177 175 174 174 171 172 169 166 165 165
 164 161 160 159 154 153 150 148 145 142 140 139 134 133 132 130 129 129
 127 124 123 125 126 126 125 123 120 118 119 116 114 114 115 114 112 110
 109 111 108 104 104 104 103 103 105 109 115 121 129 136 140 141 148 156
 163 165 167 169 167 163 161 162 161 159 161 161 159 159 161 156 153 155
 156 155 154 153 153 152 153 153 152 152 148 142 138 136 136 136 136 133
 129  30]","[ 30  29 180 180 180 180 181 180 180 180 181 182 182 182 181 181 181 181
 181 182 183 183 184 185 186 185 185 185 185 185 185 186 187 185 183 182
 182 183 182 182 182 182 183 182 181 181 180 181 182 182 182 182 182 181
 180 180 180 181 181 181 181 181 181 181 180 180 179 179 179 179 179 179
 180 181 181 179 179 179 179 179 178 177 177 178 179 178 176 175 177 177
 177 176 175 175 175 176 176 176 178 179 179 178 175 174 174 173 174 175
 174 172 171 172 174 173 172 170 167 165 163 162 154 152 150 147 145 143
 140 138 142 139 135 133 133 132 128 125 125 123 122 123 123 121 118 116
 116 117 116 112 112 113 113 113 111 109 107 106 107 109 109 108 104 104
 107 115 120 125 135 144 147 152 156 160 163 164 163 164 165 161 160 161
 160 157 155 155 155 154 154 154 153 154 154 151 152 152 153 152 151 147
 141  28]","[ 29  29 180 180 179 179 181 181 181 182 183 184 184 183 182 182 182 182
 183 184 185 185 186 187 186 186 185 186 186 185 185 186 187 186 184 183
 183 183 184 184 182 183 184 183 182 181 181 181 182 182 182 182 182 181
 181 181 181 182 182 181 181 181 181 181 180 180 180 180 179 179 179 179
 180 180 180 179 179 179 179 179 179 178 178 179 180 180 178 177 178 179
 179 179 178 177 177 176 176 175 175 177 178 178 176 176 176 175 175 177
 177 176 175 175 173 173 173 173 172 172 172 172 168 168 166 164 162 161
 160 159 157 155 151 147 145 143 140 138 138 135 131 129 127 125 123 123
 128 123 120 120 118 116 116 118 115 114 114 115 115 113 109 105 108 108
 108 107 103 100 101 104 106 107 106 108 114 123 131 139 145 151 157 159
 159 161 162 162 162 160 160 159 156 155 155 154 153 153 153 151 152 152
 151  30]","[ 28  29 180 179 177 177 180 181 182 182 183 184 184 184 183 182 183 183
 184 185 186 187 187 188 186 185 185 186 186 186 186 186 187 187 186 185
 185 185 185 185 184 185 185 185 184 183 183 183 184 183 183 182 182 182
 182 182 181 182 182 182 181 181 181 181 180 181 181 181 180 179 179 180
 180 180 180 179 179 179 179 179 178 178 178 178 179 179 178 177 179 179
 179 179 179 179 178 177 177 176 176 178 180 179 180 180 179 176 175 176
 177 177 176 176 179 178 177 176 175 175 174 174 173 173 173 172 172 172
 173 173 169 170 170 166 162 159 158 158 155 152 148 145 143 141 140 140
 131 127 127 130 129 125 121 120 124 122 120 120 120 119 116 115 117 119
 118 111 107 109 109 106 108 108 107 107 107 104 100  99 104 109 113 114
 118 126 133 136 145 146 153 161 162 161 161 161 159 159 158 154 152 153
 155  27]","[ 29  29 180 178 176 175 179 181 182 182 183 183 183 183 182 182 183 183
 183 185 186 186 186 187 186 186 186 187 188 187 187 188 187 187 187 187
 187 186 186 186 185 186 187 187 186 185 185 185 186 186 185 184 183 182
 182 182 181 182 183 182 181 181 181 181 181 182 182 181 180 179 180 181
 182 181 181 180 180 181 180 180 180 180 180 180 179 179 179 179 180 179
 179 179 179 179 179 178 177 177 176 179 180 178 179 179 179 178 177 177
 176 175 176 178 179 178 176 175 175 175 175 175 174 175 175 174 173 173
 174 174 173 173 172 172 174 176 176 176 172 170 168 166 164 162 160 159
 157 152 148 146 144 145 143 139 134 132 129 128 126 124 122 122 121 122
 123 122 121 120 118 116 117 115 113 113 116 114 112 112 107 104 102 103
 104 103 102 104 106 103 106 114 118 122 129 134 136 141 148 150 154 158
 162  29]","[ 29  29 181 180 179 179 180 181 183 182 182 182 183 183 183 183 183 183
 183 184 185 187 187 186 187 187 187 186 185 186 187 188 186 187 188 188
 188 187 187 187 187 187 187 187 187 187 187 187 186 186 186 186 186 186
 186 186 186 185 184 184 183 183 183 183 184 183 182 181 180 181 181 182
 182 182 181 181 180 180 180 180 181 181 181 182 182 181 179 179 180 179
 179 179 180 180 180 179 178 177 178 179 179 178 178 180 180 180 180 179
 178 178 178 178 177 177 177 177 176 175 175 174 175 176 176 175 174 173
 174 175 175 175 174 174 174 173 173 172 172 171 171 171 171 171 169 167
 170 171 171 168 164 160 157 156 153 153 151 148 144 141 139 138 135 132
 130 123 125 125 126 123 125 120 119 121 120 119 119 116 116 115 114 113
 111 110 109 108 109 107 105 104 104 103 101 100 102 102 109 104 106 121
 128  30]","[ 29  29 181 181 180 179 181 181 182 182 181 181 182 182 182 182 182 181
 182 183 185 187 187 187 187 187 187 187 186 186 186 187 187 188 189 189
 189 188 188 188 187 187 187 187 187 187 187 187 187 187 187 187 187 187
 187 187 187 187 186 185 185 185 185 185 185 185 184 183 182 182 182 182
 184 184 183 183 182 182 181 181 181 181 180 181 181 181 180 180 179 180
 180 180 180 180 180 180 179 179 178 179 178 177 178 180 179 179 179 179
 179 179 178 177 177 177 177 177 176 176 175 175 175 175 175 174 174 174
 175 175 175 174 174 174 174 174 173 173 173 172 172 172 172 172 171 170
 170 170 170 170 169 169 170 172 170 169 168 166 163 160 159 158 155 152
 151 144 144 140 138 134 131 126 124 125 125 124 122 120 121 120 120 119
 118 117 117 116 114 114 113 113 113 112 112 112 110 107 105 104 104 101
 104  26]","[ 29  29 181 181 180 179 180 180 181 180 180 180 181 181 181 181 181 181
 182 183 185 187 187 187 186 186 187 187 187 186 187 187 188 188 189 189
 189 188 188 188 188 188 188 187 187 187 187 187 187 187 187 187 187 187
 187 187 187 187 187 186 186 186 186 186 187 187 186 186 185 184 183 183
 185 185 185 184 184 183 183 183 182 181 181 181 181 181 181 181 179 180
 181 181 180 180 180 181 180 180 179 179 178 178 179 180 179 178 178 178
 180 180 179 177 178 178 178 178 178 178 177 177 177 175 174 174 175 176
 176 175 175 175 175 175 176 175 175 174 174 173 172 172 172 172 172 172
 174 174 173 171 170 171 172 174 174 174 173 172 171 170 169 169 166 165
 165 161 161 159 158 154 154 150 146 145 145 141 137 136 132 130 128 126
 124 121 119 117 123 122 122 121 119 117 115 115 117 117 113 114 113 109
 111  31]","[ 29  29 181 181 180 180 180 180 180 180 180 180 180 180 180 180 182 182
 182 183 184 185 186 185 185 186 186 187 187 187 187 188 187 188 188 188
 188 187 188 188 188 188 188 188 187 187 187 187 187 187 187 187 187 187
 187 187 187 187 186 186 186 186 186 186 187 187 187 187 187 186 185 185
 186 186 185 185 185 185 185 185 184 183 182 182 182 182 181 181 181 181
 181 181 181 181 181 181 180 180 180 180 179 180 180 180 180 179 179 179
 180 180 179 179 179 179 179 179 179 179 179 179 178 177 175 175 176 176
 177 176 176 175 175 176 176 176 176 175 174 173 172 172 172 172 172 172
 172 172 173 172 172 171 171 172 171 171 172 172 172 172 171 171 167 168
 168 167 168 169 170 170 171 170 165 162 162 158 153 154 150 149 147 146
 146 144 142 140 137 135 133 131 128 124 121 120 122 123 121 121 113 116
 121  25]","[ 29  30 182 182 182 181 181 180 180 180 180 181 180 180 181 181 181 181
 181 182 182 183 183 183 186 186 186 186 187 187 187 187 187 187 188 187
 187 187 187 187 188 188 188 188 187 187 187 187 187 187 187 187 187 187
 187 187 187 187 187 187 187 187 187 187 187 187 187 187 187 187 187 187
 187 187 187 187 187 186 186 186 184 184 183 184 184 183 182 182 183 182
 181 182 183 183 182 181 181 181 181 181 181 181 181 181 181 181 180 180
 179 179 180 180 179 179 179 179 179 179 179 179 179 178 177 176 176 177
 178 178 176 176 175 175 176 176 176 176 174 174 173 173 173 173 172 172
 171 172 173 174 174 173 172 172 171 172 173 173 174 173 172 171 171 171
 171 170 170 171 171 172 171 173 170 168 169 166 164 166 168 167 165 164
 162 159 155 152 155 152 150 148 146 143 141 140 138 137 134 133 121 120
 130  30]","[ 29  29 181 181 181 180 181 180 180 180 181 180 180 180 180 180 180 180
 181 181 182 183 183 183 187 186 186 186 186 186 186 186 187 187 188 187
 187 187 187 188 188 188 188 187 187 187 187 187 187 187 187 187 187 187
 187 187 187 187 187 187 187 187 187 187 187 187 187 187 187 187 187 187
 187 188 187 187 187 186 185 185 184 183 183 184 185 185 184 184 184 183
 182 183 184 184 183 181 182 182 183 182 182 183 182 181 182 182 181 180
 179 179 180 181 180 180 180 180 179 179 179 179 179 179 179 178 178 178
 179 180 177 176 176 176 176 176 176 175 174 174 173 173 173 173 172 172
 174 174 174 174 174 173 173 172 172 172 173 173 173 173 171 170 171 172
 171 173 171 171 170 170 170 172 171 170 170 170 170 172 170 170 170 171
 172 171 170 169 167 165 163 163 163 161 160 158 152 156 149 145 144 139
 141  31]","[ 29  29 180 180 180 180 180 179 180 181 181 181 180 180 180 180 180 181
 181 182 182 183 183 184 185 185 185 186 186 187 186 186 187 187 187 187
 187 187 187 188 187 187 187 187 187 187 187 187 186 186 186 186 186 186
 187 187 187 187 187 187 187 187 187 187 187 187 187 187 187 187 187 187
 187 187 187 187 186 185 185 184 185 184 183 184 185 185 185 186 185 184
 183 184 185 185 184 183 183 183 183 183 183 184 184 183 183 183 182 181
 181 181 181 181 182 182 182 181 181 180 180 180 180 180 180 179 179 179
 179 180 178 178 178 178 178 177 176 176 175 174 174 173 173 173 174 174
 174 173 173 173 174 174 175 175 174 174 174 174 174 173 173 172 170 171
 169 173 171 173 171 172 171 170 171 171 170 170 171 170 172 172 172 171
 171 170 169 168 170 169 168 169 169 168 167 166 166 172 168 162 165 162
 159  26]","[ 29  29 180 180 180 180 180 180 182 182 183 183 182 181 181 181 180 181
 181 181 182 182 183 183 183 183 184 185 187 187 187 186 187 187 187 187
 186 186 187 187 187 187 187 187 187 187 187 187 187 187 187 187 187 187
 187 188 187 187 187 187 187 187 187 187 187 187 187 187 187 187 187 187
 187 187 187 187 187 186 186 185 186 184 184 184 185 185 186 186 185 185
 185 185 185 185 184 184 183 183 183 182 183 185 186 184 185 184 182 182
 183 183 183 182 184 183 183 182 181 181 180 180 181 181 180 180 179 179
 179 179 179 179 180 180 180 179 177 176 176 176 175 174 174 175 176 177
 176 175 175 175 175 175 174 174 174 173 173 173 173 174 174 173 173 173
 170 173 170 172 170 172 173 170 171 172 171 173 174 171 172 172 172 171
 171 171 171 171 168 169 170 170 170 169 169 169 168 167 172 170 169 168
 173  29]","[ 29  29 179 179 178 178 180 180 180 181 181 181 181 182 182 181 180 180
 181 181 181 182 182 183 183 182 182 184 185 185 185 186 186 187 187 187
 187 188 187 186 187 187 188 188 187 187 187 188 187 187 187 187 186 186
 187 187 187 187 187 187 186 186 186 185 187 187 187 187 187 187 187 187
 187 187 187 187 187 187 186 185 186 185 183 183 185 186 187 186 186 185
 184 184 185 185 185 185 184 183 182 183 185 186 185 184 185 185 185 185
 185 185 185 185 183 183 183 183 182 181 181 182 181 182 182 181 181 181
 180 178 178 178 178 179 179 179 178 178 176 175 175 175 175 175 175 176
 176 176 175 175 175 175 175 175 175 174 173 173 174 175 174 174 172 172
 172 172 173 173 173 172 172 172 173 173 172 172 173 173 173 172 172 171
 171 171 171 171 171 170 171 172 172 172 171 171 171 171 171 170 170 168
 171  29]","[ 30  29 180 180 179 179 180 180 180 180 180 180 181 181 181 180 180 181
 181 182 182 182 183 183 183 182 182 184 185 184 185 185 186 186 187 187
 187 188 188 187 187 187 188 187 187 187 187 187 187 188 188 188 187 187
 187 187 187 187 187 187 187 186 186 186 187 187 187 187 187 187 187 187
 187 187 187 187 187 187 186 186 186 185 184 184 185 186 186 186 185 184
 183 183 184 185 185 185 186 184 184 184 185 185 184 183 184 184 184 184
 185 185 186 186 184 183 184 184 183 181 181 182 183 183 183 183 183 183
 182 180 180 180 179 180 180 180 179 178 179 179 179 178 178 178 179 179
 179 178 178 178 178 178 178 177 176 175 175 175 176 176 175 174 174 174
 174 174 175 174 173 173 173 174 174 174 174 174 174 174 173 173 172 172
 172 172 171 171 171 171 171 172 173 173 172 172 172 172 171 170 170 168
 170  28]","[ 30  29 181 180 179 179 180 180 180 180 180 180 181 181 181 180 180 181
 181 181 181 182 182 183 182 182 183 184 184 183 184 184 185 184 185 187
 188 187 187 188 187 187 187 187 187 187 187 187 187 188 188 187 187 187
 187 187 187 187 187 187 187 186 186 186 187 187 187 187 187 187 187 187
 187 187 187 187 187 187 187 186 186 186 186 186 186 186 186 186 185 184
 183 183 183 184 185 185 186 185 184 184 184 184 183 183 183 183 183 184
 185 185 186 186 184 183 184 184 183 182 181 182 183 184 184 183 183 183
 183 182 181 180 180 180 180 179 179 179 180 180 180 180 180 180 180 180
 180 180 180 180 180 180 179 178 178 178 178 178 178 178 176 175 175 175
 175 175 175 175 174 174 175 174 174 174 175 175 175 174 174 174 174 174
 174 173 172 171 171 171 171 173 174 174 173 173 173 173 172 171 170 168
 171  28]","[ 29  29 180 180 179 179 180 179 180 180 181 181 181 182 182 181 180 180
 181 181 181 181 182 182 182 182 183 183 183 182 183 183 183 182 183 187
 188 186 186 187 187 187 187 187 187 187 187 187 187 187 187 187 187 186
 186 186 186 186 186 186 186 186 186 186 187 187 187 187 187 187 187 188
 187 187 187 187 187 187 187 186 186 186 186 186 186 185 185 186 186 185
 184 184 184 184 185 185 186 185 185 184 183 183 183 183 182 182 183 183
 184 184 185 185 183 182 183 183 183 182 182 182 182 183 183 182 182 182
 182 182 181 181 180 180 180 180 180 180 180 180 180 180 180 180 180 180
 180 180 180 180 181 180 179 179 179 179 179 180 180 179 178 177 176 176
 176 176 176 176 176 176 176 175 175 175 176 176 175 175 175 175 175 175
 175 175 173 173 171 171 171 173 174 173 173 173 173 173 172 171 171 170
 172  29]","[ 29  29 180 180 179 179 180 180 180 180 181 181 182 183 183 182 180 181
 181 181 181 181 181 182 182 182 183 182 182 182 182 182 181 181 183 187
 188 186 186 187 187 187 187 187 187 187 187 187 187 187 187 187 187 186
 186 186 186 186 186 186 186 186 186 186 186 186 186 187 187 188 188 188
 188 188 187 187 187 187 187 186 185 186 187 186 186 185 185 185 185 185
 185 185 185 184 184 184 185 185 185 184 183 182 182 182 182 182 183 183
 183 183 183 183 182 181 181 181 182 182 182 183 182 182 182 182 182 182
 182 182 182 182 181 180 180 181 182 182 181 181 181 181 181 181 181 181
 180 180 180 180 181 181 180 179 180 180 180 180 180 180 179 179 180 179
 179 178 178 178 179 179 178 178 177 178 178 178 178 177 176 176 176 177
 177 176 175 174 172 172 172 173 173 172 171 171 172 173 173 172 172 171
 173  29]","[ 29  29 181 181 180 180 181 181 180 180 181 181 182 183 182 181 181 181
 182 182 181 181 182 182 181 182 182 181 181 182 182 182 181 181 183 186
 187 186 186 187 186 186 186 186 187 187 187 187 187 187 187 187 187 187
 186 186 186 186 186 186 186 186 186 186 186 186 186 186 187 188 188 188
 188 188 187 187 187 187 186 186 185 186 186 186 186 185 185 185 184 184
 185 185 185 184 184 184 186 186 185 183 182 181 181 181 182 183 183 183
 183 183 182 182 181 180 180 181 181 182 183 184 182 182 182 182 181 181
 181 182 181 181 181 180 180 181 182 183 180 180 180 180 180 180 180 180
 180 180 180 180 180 180 180 179 180 180 180 180 180 180 180 180 182 182
 181 180 179 179 180 180 180 179 179 179 179 179 179 179 178 177 178 178
 178 178 177 176 175 174 174 174 174 172 171 170 172 173 174 173 174 172
 173  28]","[ 29  29 181 181 181 181 182 182 181 181 181 181 182 182 182 181 181 181
 182 182 181 181 181 182 181 182 181 181 181 182 182 181 182 182 183 184
 185 185 186 186 186 186 185 186 187 187 187 187 187 187 187 187 187 187
 186 185 186 186 186 186 186 186 185 185 186 186 186 186 186 187 187 187
 187 187 186 186 187 187 186 186 186 186 186 186 186 186 186 186 185 185
 186 185 185 184 184 185 186 185 184 183 182 182 181 181 183 183 183 183
 183 182 182 182 181 181 180 181 182 183 183 184 182 181 181 181 180 180
 180 182 181 181 181 180 180 180 181 182 179 179 179 179 179 180 180 180
 180 179 179 179 180 180 180 180 180 180 180 180 179 180 180 180 181 181
 181 180 179 179 179 179 179 179 180 179 179 179 179 179 178 178 178 179
 179 179 178 178 178 177 177 177 176 175 173 173 173 175 176 175 176 174
 174  29]","[ 29  29 181 181 181 181 182 182 182 182 182 182 182 182 182 181 180 181
 181 181 180 180 181 181 181 181 181 180 181 183 183 181 181 182 182 181
 182 184 186 186 185 185 185 185 186 187 187 186 187 187 186 186 187 186
 185 185 185 185 185 185 185 185 184 184 186 186 186 186 186 186 186 186
 186 186 186 186 186 186 186 186 187 187 186 186 186 186 186 187 187 187
 187 186 185 184 185 185 185 185 183 183 183 182 182 182 183 183 183 183
 183 183 182 182 182 181 181 182 183 183 183 184 182 181 181 181 180 179
 180 182 181 182 182 181 180 180 181 181 180 180 180 180 180 180 181 181
 180 180 179 179 180 180 180 180 180 180 180 180 179 179 179 179 179 180
 181 181 180 179 179 179 179 179 180 180 179 179 179 180 179 179 179 179
 179 179 179 178 179 178 178 179 179 177 176 176 175 177 178 177 178 176
 176  29]","[ 29  29 183 181 180 182 182 183 183 183 182 180 180 181 181 181 181 181
 181 182 182 181 181 181 181 181 181 181 181 181 181 181 181 181 182 183
 184 185 186 186 187 186 186 187 186 185 185 186 188 187 186 186 186 186
 186 185 185 185 185 185 185 183 183 183 185 185 186 186 186 186 186 186
 186 186 186 186 186 186 187 187 187 187 186 186 186 186 186 186 187 187
 186 186 186 185 185 185 185 185 185 184 183 183 184 185 185 184 183 183
 184 185 184 183 181 182 183 183 184 184 183 182 183 183 182 181 181 181
 181 182 181 183 184 182 181 182 182 181 182 182 181 181 181 180 180 180
 180 180 179 179 180 180 179 179 180 180 180 180 180 180 180 180 181 181
 181 181 180 179 180 181 180 179 179 179 179 179 179 179 179 179 179 179
 179 179 179 179 181 180 180 179 180 181 180 179 180 179 180 180 179 179
 178  29]","[ 29  28 182 180 180 181 181 182 182 182 181 180 179 180 181 181 181 182
 182 182 182 181 181 180 179 180 181 181 180 180 180 180 181 180 180 181
 182 183 183 183 184 184 184 186 187 186 186 186 188 187 186 185 185 186
 186 186 185 184 184 184 184 183 183 183 186 186 186 186 186 186 186 186
 186 186 186 186 186 186 187 187 187 187 187 186 186 186 186 186 187 187
 187 186 186 186 186 186 185 186 186 185 184 184 185 186 186 185 184 184
 185 185 184 183 181 182 182 183 184 185 185 184 185 184 183 182 181 181
 181 182 182 184 185 183 183 184 184 183 183 182 181 181 181 180 179 180
 181 180 180 180 180 180 180 180 179 180 180 179 179 180 180 179 179 180
 180 180 179 178 179 179 180 179 179 179 179 180 179 179 179 179 180 179
 179 179 179 179 179 180 180 179 179 179 179 179 180 179 180 180 179 179
 178  29]","[ 29  28 182 180 180 182 181 182 181 181 181 180 180 181 181 181 183 183
 182 182 182 181 181 180 179 180 181 181 181 180 180 180 182 181 181 181
 181 181 181 181 182 182 183 185 187 186 186 185 185 186 186 186 185 185
 185 185 186 185 185 185 185 185 185 186 186 187 187 187 187 187 186 186
 187 187 186 186 186 187 187 187 187 187 187 187 187 187 187 187 187 187
 187 187 187 186 186 186 186 186 186 185 184 184 185 186 187 186 185 185
 185 186 185 184 182 182 182 183 184 185 186 186 186 185 184 182 181 181
 182 182 184 185 185 184 184 185 185 184 184 183 182 182 182 181 180 180
 181 181 180 181 181 181 181 180 179 180 180 180 180 181 180 179 179 180
 181 180 179 179 179 179 180 179 179 179 179 180 179 179 179 179 179 179
 179 178 178 177 178 180 180 180 179 179 180 180 180 179 180 180 179 179
 178  29]","[ 29  28 182 180 180 182 181 181 180 181 181 180 180 181 181 180 182 182
 182 181 181 180 180 180 180 181 181 182 181 181 181 181 182 182 181 181
 181 181 181 181 182 182 182 184 185 186 185 184 183 184 186 187 186 185
 183 182 186 185 185 186 186 186 186 187 187 187 188 188 187 187 187 187
 187 187 187 187 187 187 187 187 187 187 187 187 187 187 187 187 186 187
 187 187 187 187 186 186 186 186 186 186 185 185 186 187 187 186 185 185
 186 187 186 185 183 183 183 183 184 185 186 186 186 185 184 182 182 182
 182 183 184 184 184 183 183 184 184 183 184 183 182 182 182 181 180 181
 181 181 181 181 181 181 181 181 180 181 181 181 182 182 181 180 180 181
 182 182 181 181 180 180 179 179 178 179 179 179 179 179 178 179 179 179
 179 178 177 177 178 179 179 178 178 179 180 180 180 179 180 180 179 179
 178  29]","[ 29  28 181 180 180 181 179 179 179 180 180 179 180 180 180 180 180 180
 180 180 180 179 179 179 180 180 181 181 180 181 181 182 182 181 181 181
 181 181 181 181 182 182 182 183 184 185 185 184 184 185 187 187 187 185
 183 182 185 185 185 186 186 186 186 187 188 188 188 188 188 188 187 187
 187 187 187 187 187 187 188 188 187 187 187 187 187 187 187 187 187 187
 187 187 187 187 186 186 187 187 187 186 186 186 187 187 187 186 186 185
 186 187 187 186 184 184 184 183 183 185 186 186 186 185 184 182 182 182
 182 182 183 183 183 183 183 183 183 183 183 182 181 181 181 181 180 180
 181 181 181 181 181 181 181 181 180 181 181 181 182 182 181 180 181 182
 183 183 182 181 180 180 179 179 178 178 179 179 179 179 179 179 180 180
 180 179 179 178 179 178 176 175 176 178 179 179 180 179 180 179 179 179
 178  29]","[ 30  29 182 180 179 180 179 179 180 180 180 180 180 181 181 181 180 180
 180 180 180 180 180 180 181 181 180 180 181 182 183 183 182 181 181 181
 181 182 182 181 181 182 182 182 182 184 185 186 187 187 187 187 186 186
 185 185 185 185 186 187 187 187 187 187 188 188 188 188 188 188 187 187
 187 187 187 187 187 187 188 188 187 187 187 188 187 187 187 187 187 187
 187 187 187 186 186 186 187 187 187 187 187 187 187 187 187 187 186 186
 186 187 186 185 185 185 185 183 183 184 186 186 187 186 184 183 182 182
 182 182 182 182 182 182 183 184 184 185 183 182 181 182 182 181 180 180
 181 181 181 181 181 181 181 181 182 182 182 182 182 183 182 181 181 182
 182 183 182 181 180 180 179 179 179 179 179 179 179 179 179 179 180 180
 180 179 179 179 180 178 176 174 176 178 180 180 180 179 180 179 179 179
 178  29]","[ 30  29 183 181 180 180 179 180 180 181 180 180 180 181 182 181 182 182
 182 182 181 181 181 181 181 181 180 181 182 183 184 184 182 182 181 181
 182 182 182 182 181 182 182 181 182 184 186 186 188 187 187 187 187 187
 187 187 187 186 186 187 187 187 187 188 188 188 188 188 188 188 187 187
 186 186 186 187 187 187 188 188 187 187 187 188 188 187 187 187 188 188
 187 186 186 186 186 186 187 187 187 187 187 187 187 186 187 187 187 186
 186 187 187 186 186 186 186 184 184 184 186 186 187 186 185 184 184 183
 183 182 183 182 182 183 184 185 185 186 185 184 183 183 183 182 181 180
 181 181 181 181 181 181 181 182 183 183 182 182 183 184 183 181 181 181
 182 182 182 181 180 179 180 180 179 179 180 180 180 179 178 178 179 179
 179 179 179 179 180 179 177 176 176 178 180 181 181 180 180 180 179 179
 178  29]","[ 29  29 182 180 179 180 179 180 180 180 180 179 179 181 181 181 182 182
 182 181 181 181 181 181 181 180 179 181 182 183 183 183 182 182 181 181
 182 182 182 182 181 183 183 182 181 183 185 186 187 186 187 187 188 188
 187 187 187 186 186 186 186 186 186 187 187 187 187 188 188 187 187 187
 186 186 186 187 187 187 188 188 187 187 187 188 188 187 187 187 188 188
 187 186 185 185 185 186 187 187 187 187 187 187 186 186 187 187 187 186
 187 187 187 187 186 187 186 185 184 185 186 186 186 186 186 185 185 184
 184 184 184 183 182 183 185 185 185 186 186 185 183 184 184 182 181 180
 181 181 182 181 181 181 181 182 183 182 182 181 182 183 182 181 181 181
 181 181 180 180 179 178 181 180 180 180 180 180 180 180 179 179 179 179
 179 180 180 180 179 179 178 176 176 178 180 181 181 180 181 181 180 180
 179  29]","[ 30  28 181 180 179 180 178 179 180 181 181 180 180 180 180 180 182 182
 181 181 181 181 182 182 181 181 182 182 183 183 182 181 181 181 181 181
 181 181 182 182 182 182 181 182 183 184 185 186 186 186 186 187 187 187
 186 187 187 187 187 186 186 187 187 188 187 187 188 188 188 187 187 186
 186 186 187 188 188 189 188 188 187 187 187 188 188 188 188 188 188 187
 186 186 185 185 185 186 187 187 187 187 187 187 187 187 187 187 187 187
 187 187 188 188 188 187 186 186 186 186 186 187 187 187 187 186 185 185
 185 185 186 185 185 185 185 185 186 186 185 185 185 185 184 182 181 182
 182 183 183 183 182 181 182 183 183 183 183 183 183 182 182 182 180 180
 180 180 179 179 179 180 180 180 180 180 180 180 180 180 180 180 179 179
 179 180 180 181 181 180 179 179 179 179 180 180 182 181 180 181 181 179
 179  29]","[ 30  28 181 180 179 180 178 179 180 181 182 181 181 181 181 180 181 181
 181 181 181 182 183 183 182 182 182 183 183 183 182 181 181 181 181 181
 181 181 181 182 182 181 181 181 182 183 184 185 186 186 186 187 187 186
 186 186 187 187 187 187 187 187 187 187 187 187 188 188 188 187 187 186
 186 186 186 186 187 187 188 187 187 187 188 188 188 188 188 188 188 187
 187 186 186 186 186 186 187 187 187 187 187 187 187 187 187 187 187 187
 187 187 187 187 187 186 185 185 186 187 187 188 187 187 187 186 186 185
 185 185 184 184 185 185 185 186 187 187 186 186 186 186 185 183 182 182
 183 184 184 183 182 182 182 183 182 183 183 183 183 182 182 182 180 181
 181 181 180 180 180 180 180 180 180 180 180 181 181 181 181 181 180 180
 180 181 181 182 182 181 180 181 181 181 181 181 182 181 180 181 181 180
 180  29]","[ 29  28 182 181 180 180 179 179 180 181 181 181 181 181 180 180 180 180
 180 181 181 182 183 183 182 182 182 182 182 182 181 181 181 181 181 181
 181 181 181 181 181 181 181 181 182 183 184 185 186 186 186 186 186 186
 186 186 187 187 187 187 187 187 187 187 187 188 188 188 188 187 187 187
 186 186 185 185 186 187 187 187 187 188 188 188 188 188 188 188 188 188
 187 186 186 186 186 186 187 187 187 187 187 187 187 187 187 187 187 187
 187 187 187 187 187 185 184 185 186 187 187 187 187 187 187 187 186 186
 186 186 183 183 184 185 186 186 187 187 186 186 185 186 186 184 184 183
 184 184 184 183 182 182 182 182 182 182 182 182 182 182 181 181 179 180
 180 180 180 180 180 181 180 180 180 181 181 181 181 181 182 181 181 181
 180 181 181 181 182 181 181 182 181 181 181 182 182 182 181 182 182 181
 181  29]","[ 29  29 183 182 181 181 179 180 180 181 181 181 181 181 181 180 181 181
 181 181 181 181 182 182 182 182 182 183 183 182 182 181 181 181 180 181
 181 181 181 181 181 181 181 182 182 184 185 186 186 186 185 186 186 186
 186 187 187 187 187 187 187 187 187 187 187 188 189 189 188 187 187 188
 187 186 186 186 187 187 187 187 188 188 188 188 188 188 188 188 188 187
 187 186 186 186 186 187 187 187 187 188 188 188 188 187 188 188 188 188
 187 187 187 187 186 184 183 184 185 186 186 185 186 187 188 187 187 186
 186 186 183 184 185 185 186 186 186 186 186 185 185 186 187 186 186 186
 186 185 185 184 184 184 183 183 183 182 182 183 183 182 181 180 179 179
 180 180 180 181 181 181 180 180 180 181 181 182 182 182 182 182 181 181
 181 181 181 181 181 181 182 182 182 181 181 182 182 182 181 183 183 182
 181  29]","[ 29  29 183 182 181 181 180 181 181 182 181 181 181 182 182 181 181 181
 181 181 181 181 181 181 183 183 183 183 183 183 182 182 181 180 180 180
 181 181 181 180 180 180 181 181 182 183 184 184 186 185 185 186 186 186
 186 187 187 187 187 187 187 187 187 187 187 188 189 189 188 188 188 188
 187 187 187 187 187 188 187 187 188 188 188 188 188 188 187 187 188 187
 187 186 186 186 186 187 187 188 188 188 188 188 188 188 188 188 188 188
 188 187 187 187 185 183 182 184 185 186 186 185 187 187 188 187 187 186
 185 185 185 186 186 187 187 187 186 186 187 186 186 187 188 188 187 187
 187 187 186 186 186 186 186 185 184 184 183 183 183 182 181 180 180 180
 180 181 182 182 182 182 180 180 180 181 182 183 182 182 182 182 182 182
 181 181 181 181 182 182 182 183 182 182 182 182 182 182 182 183 184 183
 181  29]","[ 30  29 183 182 182 182 181 182 182 182 181 180 181 182 182 182 180 181
 181 181 181 182 182 182 182 183 183 183 182 182 182 182 181 181 180 180
 181 181 181 181 182 182 182 182 182 182 183 183 185 184 185 186 186 186
 187 188 187 187 187 187 187 187 187 187 187 188 189 189 188 188 188 189
 187 187 187 187 188 188 187 187 188 188 188 188 188 187 187 186 187 187
 186 186 186 186 186 187 187 187 188 188 188 188 188 188 188 188 188 188
 187 187 186 186 185 183 183 185 186 187 187 187 187 187 187 187 186 185
 184 184 187 187 187 187 187 187 186 186 187 187 187 187 188 187 187 187
 187 186 186 186 186 187 187 186 184 183 183 183 182 182 181 181 181 181
 181 182 183 183 183 182 180 180 180 181 183 183 183 182 182 182 182 182
 182 182 181 181 181 181 182 182 182 182 182 182 181 182 182 183 184 184
 181  28]","[ 29  28 182 181 181 182 181 181 181 181 181 180 181 182 182 181 180 180
 180 181 181 182 182 182 182 182 182 182 182 181 182 182 182 181 180 180
 181 182 182 181 182 182 182 182 182 182 182 182 183 183 184 185 186 186
 187 187 187 187 187 187 187 187 187 187 187 188 188 188 188 188 188 188
 188 187 187 187 187 188 188 187 188 188 188 188 188 187 186 186 187 187
 186 186 186 186 187 187 187 187 187 187 187 187 187 187 188 188 188 187
 187 186 186 186 185 184 184 186 187 187 188 188 187 187 187 186 185 184
 184 184 185 185 186 186 186 186 186 186 186 186 186 187 187 186 186 186
 186 186 186 186 186 186 186 186 183 183 183 182 182 182 182 182 184 183
 183 183 183 183 182 181 181 181 181 182 183 184 183 183 182 182 182 183
 182 182 182 182 182 181 181 182 182 182 182 183 182 183 183 184 185 185
 182  29]","[ 29  28 181 180 180 181 180 181 181 182 181 181 182 183 182 181 180 180
 180 181 181 182 182 182 183 183 184 183 183 182 183 183 183 182 180 180
 181 182 182 182 181 181 181 181 181 182 182 182 182 182 183 185 186 186
 186 187 187 187 187 186 186 187 187 188 187 187 188 188 188 188 188 188
 188 188 187 187 187 188 188 188 188 188 189 189 188 187 187 186 187 187
 186 186 186 186 187 187 187 187 187 187 187 187 187 187 188 188 188 188
 187 187 186 186 186 185 185 186 187 187 187 188 188 187 187 186 184 183
 183 183 183 183 183 184 184 185 185 186 186 186 187 187 187 186 186 187
 187 187 187 187 187 187 187 187 184 184 184 183 183 183 184 185 186 186
 185 185 184 184 182 181 181 181 181 182 184 184 184 183 183 183 184 184
 184 184 183 183 183 182 182 182 183 183 184 184 183 184 184 185 186 186
 183  30]","[ 29  28 179 179 179 180 181 181 180 180 181 182 182 182 181 181 180 180
 180 181 182 181 182 182 182 182 183 182 182 181 181 182 182 181 180 180
 181 183 183 182 181 182 181 181 181 181 182 183 183 182 182 183 184 185
 186 188 187 187 186 186 186 187 187 187 187 187 187 187 187 187 188 188
 188 188 187 186 187 187 188 188 188 189 190 189 188 187 187 187 187 187
 187 186 186 186 187 187 187 187 187 187 188 188 188 188 188 188 188 188
 187 186 186 185 186 186 186 186 187 187 187 186 186 186 186 185 184 184
 183 182 184 182 182 183 184 184 185 186 187 185 185 186 186 185 186 187
 187 187 186 186 186 187 186 186 183 183 182 182 184 185 186 186 185 185
 184 184 183 183 181 180 181 182 183 183 182 182 182 182 183 183 183 182
 183 183 183 182 182 182 181 181 182 183 183 183 183 185 184 185 186 186
 183  29]","[ 29  29 180 179 179 179 180 180 181 181 181 181 182 182 182 182 181 180
 181 182 182 182 182 182 182 182 182 181 181 180 181 181 182 181 180 180
 181 183 183 182 181 182 182 181 181 181 182 182 183 183 184 185 185 185
 186 187 188 187 187 187 187 187 187 188 187 187 187 187 187 188 188 188
 189 189 188 188 188 188 189 189 189 190 191 190 188 187 187 187 187 187
 187 187 187 187 187 187 187 187 188 188 189 189 189 189 189 189 189 188
 188 187 187 186 186 186 186 187 187 187 187 187 186 186 186 185 185 184
 183 182 181 183 184 183 185 187 187 185 187 187 187 187 188 187 186 185
 188 187 187 187 187 187 187 187 185 185 184 184 184 185 185 184 184 184
 184 184 185 185 184 184 183 183 184 184 183 183 183 183 183 183 183 183
 184 184 184 184 183 182 182 182 183 183 184 184 184 185 185 185 186 186
 183  29]","[ 29  29 180 180 180 179 180 180 180 180 180 181 181 182 182 182 180 180
 181 182 182 181 181 181 182 182 181 180 179 179 180 181 181 181 181 181
 182 183 183 182 182 182 182 182 181 181 181 182 183 183 184 186 186 186
 186 186 188 188 187 187 187 187 188 188 187 187 187 187 187 188 188 188
 189 189 189 189 188 188 189 190 190 190 191 191 189 188 187 187 188 188
 188 188 188 188 187 187 187 187 187 188 189 189 189 188 189 189 189 189
 188 188 187 187 187 187 187 187 188 188 187 187 186 186 185 185 185 185
 184 183 183 185 186 185 186 187 187 186 186 187 187 185 185 186 187 188
 187 187 187 186 186 186 186 186 187 186 186 186 185 185 184 184 183 184
 184 185 186 186 186 186 185 184 184 184 184 185 185 184 182 183 183 183
 183 184 184 184 183 183 183 183 183 184 183 183 183 184 184 185 186 186
 183  29]","[ 28  28 180 180 180 180 181 180 179 179 180 180 181 182 182 181 180 180
 181 182 182 181 180 180 182 181 180 180 179 180 181 181 181 181 181 181
 182 183 183 182 181 182 182 182 182 181 181 182 183 183 184 185 186 186
 186 186 187 187 187 187 187 187 187 188 187 187 187 187 187 188 188 188
 189 189 190 189 188 188 189 190 190 190 191 190 190 189 189 189 188 188
 188 188 189 188 188 187 186 187 187 188 188 189 188 188 188 188 188 188
 188 188 187 187 187 187 187 187 188 188 188 187 186 185 185 185 186 186
 185 185 185 184 186 188 187 185 186 189 187 188 189 190 188 186 186 187
 187 187 187 186 186 186 186 186 187 187 186 186 186 185 185 185 184 185
 185 186 186 186 186 186 185 184 183 183 184 185 185 185 182 182 182 182
 182 183 183 182 182 183 183 183 183 183 182 182 182 183 183 184 186 186
 183  29]","[ 28  28 180 181 181 180 181 180 179 180 180 181 182 182 182 181 181 181
 182 182 182 181 180 180 181 181 181 181 181 181 182 182 181 181 181 181
 181 182 183 182 181 182 182 182 182 181 182 182 183 183 184 185 185 185
 185 186 187 187 187 187 187 187 187 187 187 187 187 187 187 188 188 188
 189 189 189 189 188 188 189 190 190 190 190 189 189 189 189 190 188 188
 188 188 189 189 188 187 187 187 187 188 188 188 188 187 187 187 188 188
 188 187 187 187 187 187 187 187 188 188 187 187 186 184 184 185 186 186
 186 186 189 187 186 188 189 187 184 182 183 181 181 186 189 188 186 186
 187 188 188 187 187 186 187 187 187 186 186 185 185 185 185 186 186 186
 186 186 186 186 186 186 184 183 182 183 184 186 186 185 183 183 183 183
 183 184 184 183 183 183 184 184 183 183 182 182 182 183 183 185 186 186
 183  30]","[ 29  29 181 181 181 180 180 179 180 180 181 182 183 183 182 181 181 181
 181 182 182 181 180 180 179 179 180 181 181 182 182 181 181 181 181 181
 181 182 182 182 182 182 182 182 182 182 183 183 185 185 184 185 185 185
 185 186 186 186 186 186 187 187 187 187 186 186 187 187 187 188 188 188
 189 189 189 189 188 188 189 190 191 190 189 189 188 188 189 190 189 188
 188 188 189 189 189 188 188 188 187 187 187 187 187 187 187 187 187 187
 187 187 187 187 187 187 187 187 187 188 187 187 186 184 183 184 186 186
 186 187 185 190 188 179 178 193 214 228 217 202 187 182 184 187 188 189
 187 187 187 187 186 186 186 186 186 186 186 185 185 185 185 186 187 187
 187 187 187 187 186 187 185 184 183 184 185 186 186 186 185 185 185 185
 185 186 186 185 184 184 185 185 184 183 183 182 184 185 185 186 187 186
 183  30]","[ 29  29 181 181 180 180 180 179 180 181 181 182 182 182 181 180 180 180
 180 181 181 180 180 180 179 179 180 181 181 182 181 181 182 182 181 180
 180 181 182 182 182 182 182 182 182 183 184 185 186 185 185 185 185 185
 185 186 185 185 186 186 187 187 187 187 186 186 186 187 187 188 188 188
 189 189 189 188 188 188 189 189 190 189 189 188 188 189 189 190 189 188
 188 188 189 190 189 189 189 188 187 187 187 187 187 186 187 187 187 188
 188 187 187 187 187 187 187 187 187 187 187 186 187 183 182 183 185 186
 186 188 186 187 188 193 213 238 251 250 252 236 212 193 185 186 187 187
 187 187 186 186 186 186 185 185 186 186 186 186 185 185 185 186 186 187
 187 187 187 187 187 187 185 185 185 185 186 186 186 186 186 186 186 186
 186 187 187 186 185 185 186 185 184 183 183 183 184 186 185 186 187 186
 183  30]","[ 29  29 180 180 180 180 181 180 180 180 180 180 181 181 180 180 181 181
 181 181 181 181 181 181 181 181 181 182 182 183 182 182 182 182 181 180
 180 181 182 183 183 183 182 182 182 183 185 186 184 184 184 185 185 185
 185 186 185 185 186 186 187 187 187 187 186 186 186 187 187 188 188 188
 188 188 188 188 188 188 188 188 189 188 188 188 189 189 190 190 190 189
 188 188 189 190 190 189 191 190 188 187 187 187 187 187 187 187 188 188
 188 188 187 187 187 187 187 187 187 187 187 186 187 183 181 183 185 185
 187 188 189 188 188 194 208 222 223 217 221 220 210 196 188 188 188 186
 188 187 186 186 186 186 186 185 184 185 186 186 186 186 186 186 186 186
 187 187 186 186 186 186 186 186 185 185 186 186 186 185 186 186 186 185
 185 186 185 185 185 186 186 185 184 183 183 183 184 185 185 186 186 186
 183  30]","[ 30  29 180 180 180 179 180 179 180 180 180 180 180 180 180 181 180 179
 179 179 180 180 181 181 181 181 181 182 183 183 182 181 182 180 180 180
 180 181 181 182 182 182 182 182 183 183 184 185 184 183 182 183 185 186
 185 183 183 183 183 185 186 186 186 185 186 186 186 187 187 188 188 188
 187 187 187 188 189 190 189 188 188 188 188 189 189 190 190 190 190 190
 189 189 189 189 189 189 191 190 189 187 187 188 188 188 187 187 187 188
 188 188 188 187 187 187 187 187 187 187 187 186 186 186 185 185 185 186
 187 188 190 185 189 189 197 194 184 179 176 163 168 180 191 187 188 187
 187 188 186 187 190 188 185 188 188 187 187 187 187 186 186 187 186 186
 187 187 188 188 187 186 185 186 186 186 186 186 186 186 186 186 186 186
 186 186 186 186 188 187 187 186 186 185 185 185 185 185 185 186 185 186
 184  29]","[ 29  29 180 179 179 179 179 179 179 179 179 179 179 179 180 180 179 179
 179 179 180 180 181 181 181 181 181 181 181 182 181 181 182 180 180 180
 181 181 181 182 183 182 182 183 183 183 183 184 184 183 182 183 184 185
 185 184 183 183 183 184 184 185 185 185 186 186 187 187 187 188 187 187
 187 187 187 188 189 189 189 188 187 188 188 188 189 189 189 189 189 189
 189 189 189 189 190 190 190 189 188 187 187 188 188 188 188 188 188 188
 188 188 188 187 187 187 187 187 187 187 186 186 187 186 186 186 187 187
 188 188 188 186 190 187 189 182 170 164 154 133 130 143 171 185 187 184
 185 188 187 184 186 189 187 185 186 185 185 185 185 185 186 187 186 186
 186 187 187 187 186 186 186 186 186 186 186 186 186 186 186 186 186 186
 186 186 186 186 187 187 186 186 185 185 185 184 185 185 185 186 185 186
 184  29]","[ 29  29 180 179 179 179 179 179 179 179 179 179 179 180 180 180 179 179
 179 179 180 180 181 181 182 181 181 181 181 181 181 181 181 180 180 180
 181 181 181 182 183 183 183 183 183 183 183 183 183 183 182 182 183 184
 184 184 183 183 183 183 183 183 184 185 185 186 187 187 187 187 187 187
 187 187 187 188 189 189 188 187 187 187 188 188 189 189 188 188 188 188
 189 189 189 190 190 190 189 189 189 188 188 189 189 188 189 189 188 188
 188 188 188 187 188 187 187 187 187 187 187 186 187 186 186 187 188 188
 188 187 186 187 190 186 186 177 164 155 139 120 115 124 155 180 181 178
 178 181 186 190 188 186 187 188 184 184 184 184 185 185 186 187 187 186
 186 187 187 187 187 187 186 186 187 187 187 187 186 186 185 186 186 186
 186 186 186 185 187 187 187 186 186 186 186 186 186 186 186 186 186 186
 184  29]","[ 29  29 180 179 179 179 180 179 179 179 179 179 180 180 180 180 179 179
 179 179 180 180 181 181 182 182 181 181 181 181 182 182 181 180 180 180
 181 181 182 182 183 183 183 184 184 183 183 183 183 183 183 183 183 183
 183 183 183 183 183 182 182 182 183 184 185 185 187 187 187 187 186 186
 187 187 187 187 188 188 187 187 187 187 188 188 189 188 188 188 187 188
 188 189 189 189 189 189 189 189 189 189 189 189 189 188 188 188 188 188
 189 188 187 187 188 187 187 187 187 187 187 187 187 186 185 186 187 187
 187 186 187 187 188 185 188 181 167 154 131 117 113 115 147 190 209 220
 214 198 188 187 186 186 186 185 184 183 183 184 184 185 185 187 187 187
 187 187 187 187 187 187 187 187 187 187 187 187 186 185 185 185 186 186
 187 186 186 185 187 187 187 187 187 187 187 187 186 186 186 187 186 186
 184  29]","[ 29  28 179 179 179 179 179 179 178 178 178 179 179 179 179 179 179 179
 179 179 180 180 180 181 181 181 181 181 181 181 182 182 181 180 180 180
 181 181 181 182 182 183 183 185 185 184 183 183 183 183 184 184 183 183
 183 183 182 182 182 182 181 181 182 182 184 185 186 187 187 186 186 186
 186 186 186 187 187 187 187 186 187 187 188 188 189 189 188 188 188 188
 188 188 188 188 188 188 189 189 189 188 189 189 188 187 187 187 188 189
 189 189 188 187 188 187 186 186 186 187 188 188 187 186 185 185 186 187
 187 186 187 187 186 184 188 179 166 152 135 122 115 110 135 185 214 233
 230 216 201 190 185 187 188 183 183 183 183 183 184 184 185 186 186 186
 186 186 186 186 187 187 187 186 186 187 187 187 186 185 185 185 186 186
 186 186 186 186 187 187 187 187 187 187 187 187 186 186 186 187 186 186
 184  29]","[ 29  29 180 179 179 179 180 180 179 179 179 179 180 180 179 179 179 179
 179 179 180 180 180 180 180 181 181 181 181 181 182 183 181 180 180 181
 181 181 181 182 182 182 183 185 185 184 183 183 182 183 183 184 184 184
 183 183 182 182 182 181 181 181 181 182 184 185 186 186 186 186 186 186
 186 186 186 187 187 187 187 187 187 187 188 188 189 189 189 189 188 188
 188 188 188 188 188 188 189 189 189 188 189 189 188 187 187 187 188 189
 190 189 189 188 188 187 186 186 186 187 188 188 187 186 185 185 186 187
 187 187 185 187 187 185 186 174 162 148 131 120 112 102 108 143 166 180
 188 189 192 192 188 184 186 188 184 183 183 183 184 184 185 187 186 186
 187 187 187 187 187 188 187 186 186 186 187 187 186 186 185 185 186 186
 186 186 186 186 187 187 187 187 187 187 187 187 186 186 186 187 186 186
 184  29]","[ 30  29 180 179 179 179 180 180 180 180 180 180 180 180 180 179 179 179
 179 179 180 180 180 180 180 181 182 182 182 182 182 182 182 181 180 181
 182 182 182 182 182 182 184 185 185 184 183 182 181 182 182 183 184 184
 184 184 183 182 181 180 180 181 181 182 184 185 186 186 186 186 186 187
 186 186 187 187 187 187 187 187 187 187 187 188 188 189 190 190 189 188
 188 187 187 188 188 188 189 189 189 188 189 190 189 188 188 188 188 188
 189 189 189 189 188 187 187 187 187 187 187 187 187 186 186 186 187 187
 187 187 185 186 186 187 187 170 154 138 123 113 106  99  95 120 143 155
 157 154 158 172 184 185 184 187 185 184 184 184 184 184 185 186 186 187
 187 188 187 187 188 188 187 186 185 185 186 187 187 187 186 186 186 186
 186 187 187 187 188 188 187 187 187 187 187 187 186 186 186 187 186 186
 184  29]","[ 29  28 179 179 179 179 180 180 180 179 179 179 180 180 179 179 179 179
 179 179 179 179 179 179 180 180 181 181 181 181 181 181 182 181 181 181
 182 182 182 182 182 183 184 186 185 184 182 182 181 181 181 183 184 185
 186 186 183 182 180 179 180 181 182 182 184 185 186 186 186 186 187 188
 186 187 187 187 187 187 187 188 187 187 187 187 188 189 190 190 189 188
 188 187 187 188 189 189 187 188 187 187 188 189 189 189 189 188 187 187
 187 188 188 188 188 188 188 188 188 187 186 186 186 186 187 187 187 187
 187 187 187 186 184 186 187 167 146 126 114 102  96  95  89 110 130 135
 143 142 144 157 177 188 187 185 186 184 184 183 183 183 184 184 185 186
 187 187 187 187 187 187 187 186 185 185 186 187 188 187 186 186 186 186
 186 187 187 188 187 187 187 187 186 186 186 186 186 186 186 187 186 186
 184  29]","[ 29  28 179 179 179 179 180 180 181 180 179 179 180 180 180 180 180 179
 180 181 181 180 179 180 178 180 181 182 181 181 181 181 181 181 181 182
 183 183 183 183 182 183 183 183 183 183 182 181 181 182 183 183 184 184
 184 183 182 182 182 181 180 180 181 182 183 184 185 185 186 186 186 187
 187 187 187 187 187 187 187 187 187 187 187 188 188 189 189 189 189 189
 188 187 187 187 188 188 187 188 188 188 188 188 189 190 188 188 188 188
 188 188 188 188 188 187 187 187 187 187 187 187 186 187 188 188 188 188
 187 186 186 187 185 185 188 167 136 117 105  96  89  87  82  97 123 124
 127 127 132 139 164 189 188 186 185 185 185 184 183 184 185 186 187 187
 187 187 187 187 187 187 187 186 186 185 186 187 188 188 187 187 187 187
 187 187 187 187 187 187 187 187 187 187 186 185 186 186 185 186 186 186
 184  29]","[ 30  29 180 179 180 180 181 180 180 180 180 180 180 180 180 180 179 179
 179 181 181 180 179 180 179 180 181 182 181 181 181 181 181 181 181 182
 183 183 183 182 181 182 183 182 182 182 182 181 181 182 182 183 183 183
 182 182 182 182 182 182 181 181 182 182 183 184 185 185 186 186 187 187
 187 187 187 187 187 187 187 187 188 188 188 188 188 188 188 188 188 188
 188 187 187 187 187 187 187 188 188 188 187 187 188 189 189 189 189 189
 189 188 188 188 188 188 187 187 187 186 186 186 187 187 188 188 188 188
 188 187 184 185 184 184 187 161 127 106  96  89  83  81  76  89 115 118
 115 121 123 129 147 180 187 185 185 186 186 185 184 184 185 186 187 187
 187 187 187 187 188 188 188 188 188 187 188 188 189 190 187 187 187 187
 187 187 187 187 188 187 187 187 187 187 186 186 186 186 186 186 186 187
 184  29]","[ 29  29 179 179 179 179 180 180 179 179 179 179 180 180 180 179 179 179
 179 180 181 180 179 179 180 180 181 181 181 181 181 181 181 181 181 181
 182 182 182 181 181 182 182 182 182 182 181 180 181 181 182 182 182 182
 181 181 182 182 182 182 182 182 182 182 183 184 184 184 184 185 186 186
 186 186 187 187 187 187 187 187 188 188 188 188 188 187 187 187 187 187
 187 187 187 187 187 187 188 188 188 188 187 187 188 188 189 189 189 189
 189 188 188 188 188 188 187 187 187 187 187 187 187 187 187 187 187 187
 187 187 187 188 187 187 189 162 125 103  90  86  80  77  74  87 112 117
 112 118 119 126 135 170 188 186 185 186 187 186 185 185 186 186 187 186
 186 186 187 187 187 187 186 186 186 186 186 186 187 187 188 188 188 188
 188 187 187 187 187 187 187 187 186 186 186 186 186 186 186 186 186 187
 185  29]","[ 29  29 179 179 179 179 180 180 179 179 179 179 180 180 180 179 179 179
 179 180 180 179 179 179 179 179 180 180 181 181 181 182 181 181 181 181
 181 181 181 181 181 182 182 182 181 181 181 180 181 181 181 182 182 182
 181 181 181 182 182 182 182 182 182 182 183 183 183 183 182 182 183 184
 186 186 187 187 187 187 187 187 186 187 187 188 188 188 187 187 187 187
 187 187 187 187 187 187 188 188 188 188 187 187 187 188 188 188 189 189
 188 188 188 188 187 187 187 187 187 187 188 188 186 186 186 187 187 187
 187 187 185 185 184 185 188 162 127 106  89  86  78  74  72  84 107 113
 111 111 112 123 129 156 185 186 183 185 186 186 186 186 187 187 186 186
 186 186 186 187 187 187 187 187 187 187 187 187 187 187 187 187 187 187
 187 187 187 187 187 187 187 187 186 186 186 186 186 186 186 187 187 187
 185  29]","[ 29  29 180 180 179 179 180 180 180 180 180 180 181 181 180 179 180 180
 180 179 179 179 179 179 179 179 179 180 180 181 181 181 181 181 181 181
 181 180 180 181 182 183 182 182 181 181 180 179 181 181 181 182 182 182
 182 182 182 182 182 182 182 182 182 183 183 183 182 182 181 181 182 182
 185 186 187 187 187 187 187 187 186 187 188 188 189 189 188 188 188 187
 187 186 186 187 187 187 189 189 188 188 187 187 187 187 187 188 188 188
 188 187 188 188 187 187 187 187 187 188 188 188 187 187 187 188 188 188
 187 187 187 187 185 186 190 165 131 111  95  90  81  75  70  80 101 107
 108 103 103 112 122 143 180 186 182 184 186 186 186 186 187 187 187 186
 186 186 187 188 187 187 187 187 188 188 188 187 187 187 187 187 187 187
 187 187 187 187 187 188 188 188 187 187 187 187 187 187 187 187 187 188
 185  30]","[ 29  29 180 179 179 179 180 179 180 179 179 179 179 179 179 178 180 180
 180 179 179 179 180 179 179 179 179 180 180 180 180 180 180 180 181 180
 180 180 180 181 182 183 182 181 181 181 180 179 180 180 181 181 182 182
 183 183 183 183 183 182 182 182 183 184 182 182 182 182 181 181 182 182
 184 185 186 186 186 186 187 187 187 187 188 188 188 188 187 187 188 188
 187 186 186 187 187 188 189 189 188 188 187 187 187 187 187 188 188 188
 187 187 187 187 188 188 187 187 187 187 187 187 187 187 187 188 188 188
 187 187 184 184 184 185 187 160 127 108  99  94  85  78  69  78 101 106
 105 100  98  99 110 128 171 187 183 185 186 186 186 186 186 186 187 186
 186 186 187 188 187 187 186 186 186 186 186 186 186 186 187 187 187 187
 187 187 187 187 188 188 188 187 187 187 187 188 187 187 187 187 187 188
 185  29]","[ 29  28 179 179 179 178 179 178 179 178 177 177 177 177 177 177 178 179
 180 179 179 180 180 179 179 179 180 180 181 181 180 179 180 180 180 180
 180 180 180 181 181 182 181 180 180 180 180 180 180 180 180 180 181 181
 182 182 182 182 183 183 182 182 183 183 181 182 182 182 181 181 181 182
 183 184 185 186 186 186 186 187 187 187 187 187 187 187 186 186 188 187
 187 187 187 187 187 188 189 188 188 187 187 187 187 187 187 188 188 188
 187 187 187 188 188 188 188 187 187 187 187 187 187 187 187 187 187 187
 187 187 186 187 187 187 188 160 127 109  95  91  85  77  63  71  96 100
  98  94  91  88  93 107 152 186 183 185 186 186 186 186 186 186 186 186
 185 186 187 187 187 187 187 187 187 186 186 187 187 187 187 187 187 187
 188 188 188 188 187 187 187 187 187 187 187 187 188 188 187 187 187 187
 185  29]","[ 30  29 180 180 179 179 179 179 179 178 177 176 176 176 176 176 177 178
 179 179 180 181 180 179 179 179 179 180 181 181 180 179 179 180 180 180
 180 180 181 181 180 180 180 180 180 180 180 180 180 180 179 180 180 180
 181 181 181 182 182 182 182 182 182 182 181 182 182 182 181 180 180 180
 182 183 185 185 185 185 186 187 187 187 187 187 187 187 187 187 187 187
 187 187 187 187 187 187 188 188 187 187 187 187 187 187 186 188 188 188
 188 187 188 189 187 187 187 187 188 188 188 188 189 188 188 187 187 187
 188 188 186 187 187 187 186 159 127 111  94  90  86  77  58  64  90  94
  93  89  85  86  85  94 139 189 183 185 186 186 186 186 187 187 187 186
 186 186 187 188 188 187 187 186 186 185 185 186 186 186 187 187 188 188
 188 188 188 188 188 187 187 187 188 188 188 188 188 188 187 188 187 187
 185  29]","[ 30  28 178 178 179 180 180 178 178 177 175 174 175 175 174 174 175 176
 178 179 179 178 179 179 180 180 179 180 180 180 181 181 180 180 179 179
 180 181 181 180 179 178 179 179 179 179 179 178 180 180 179 178 178 179
 180 180 181 181 180 180 180 180 180 181 182 182 181 181 181 181 181 181
 182 183 185 185 186 186 186 186 186 187 187 187 187 187 187 186 187 187
 187 187 186 187 187 187 187 188 188 188 187 186 187 187 187 188 188 188
 188 188 188 189 187 188 188 187 186 186 187 187 187 187 187 187 187 187
 186 186 187 185 188 189 190 155 127 110  90  89  80  73  60  60  85  94
  91  86  86  85  88  85 124 180 187 182 185 185 184 188 187 186 186 186
 185 186 186 186 186 186 187 187 187 186 185 186 186 187 187 187 187 187
 187 187 188 189 187 187 187 186 187 187 187 188 187 187 186 187 186 187
 184  28]","[ 30  28 178 178 179 179 179 177 175 175 174 174 174 174 173 173 175 177
 179 180 180 180 180 180 180 180 180 180 180 181 181 181 181 181 181 181
 181 181 181 181 180 179 180 180 180 180 180 179 181 181 181 179 179 179
 179 179 180 180 180 180 180 181 181 181 181 181 180 180 180 181 182 182
 181 182 182 183 183 184 185 185 186 187 187 186 186 187 187 187 187 187
 188 188 188 188 188 188 187 187 188 188 187 187 188 188 189 189 189 189
 188 188 189 189 188 189 189 188 187 187 188 187 187 187 187 187 187 187
 186 186 187 187 187 191 185 153 124 108  91  88  82  76  66  65  87  94
  94  90  88  88  91  88 121 175 188 182 184 185 184 187 186 186 187 187
 187 187 187 187 187 187 188 188 188 188 187 188 188 189 187 188 188 187
 187 187 187 188 188 188 187 187 187 187 187 187 187 187 187 187 187 187
 185  29]","[ 29  28 179 179 179 178 178 176 176 177 177 177 176 175 175 175 175 177
 179 180 180 180 181 181 180 180 180 180 180 181 181 181 181 181 182 182
 181 181 181 181 180 180 180 180 181 181 180 180 183 183 182 180 180 179
 179 179 180 180 180 180 180 180 180 180 180 180 180 180 180 181 182 183
 181 181 181 181 182 183 184 185 186 186 186 186 186 187 187 186 186 187
 187 187 188 188 187 187 187 187 188 188 188 188 189 189 189 189 188 188
 187 187 188 188 189 189 188 188 188 188 188 187 187 187 186 186 186 186
 186 187 185 186 186 191 179 149 120 105  92  85  79  74  68  68  89  96
  97  95  89  92  95  95 118 170 188 182 182 184 184 186 185 185 186 187
 187 187 188 188 188 188 188 188 188 188 188 188 189 189 187 187 187 187
 187 187 187 187 188 187 187 187 186 186 187 187 187 187 187 187 187 187
 185  29]","[ 29  29 180 179 179 178 178 177 177 177 178 177 175 174 174 174 176 177
 178 179 179 180 180 180 180 180 180 180 180 180 180 180 180 181 182 182
 181 180 180 180 180 180 180 180 181 181 181 180 182 183 182 181 180 180
 180 180 181 181 181 181 181 180 180 179 180 180 180 181 181 182 182 183
 182 181 181 181 182 184 185 185 184 185 185 185 185 186 186 186 186 186
 186 186 187 187 186 186 187 187 188 188 188 188 189 189 188 188 187 187
 186 186 186 187 188 188 187 187 188 188 188 187 188 187 187 187 186 186
 186 186 184 185 186 190 175 145 118 102  93  83  80  75  73  75  94 101
 100 100  91  94  96  97 112 162 187 182 181 183 185 185 185 186 185 186
 187 187 187 187 187 188 187 187 188 187 187 187 187 188 187 187 187 187
 187 187 188 188 186 186 186 186 186 186 186 187 187 187 187 187 186 186
 184  29]","[ 29  29 180 179 178 178 179 179 178 179 179 178 176 175 175 176 176 177
 178 178 179 179 179 179 179 180 180 180 180 180 180 180 180 181 181 181
 181 180 180 180 181 180 180 181 181 181 181 181 181 182 182 181 181 181
 181 181 182 182 183 183 183 182 181 181 180 181 181 182 182 182 182 182
 182 182 182 182 183 184 185 184 183 184 185 185 186 186 186 185 188 187
 187 187 186 187 187 187 188 188 187 187 188 188 188 188 187 187 187 187
 187 187 187 187 188 187 187 187 188 189 188 187 187 188 188 188 187 187
 186 186 186 185 189 189 172 141 117 100  88  80  81  77  77  84  97 103
 103 102  93  94  93  94 103 150 187 184 181 183 186 185 185 186 185 186
 187 187 187 187 187 187 187 187 188 187 187 187 187 188 187 187 187 187
 187 187 187 187 186 186 186 186 187 187 187 187 187 187 187 187 185 186
 184  29]","[ 29  29 179 179 178 178 179 179 179 180 180 179 178 177 178 178 178 178
 178 178 179 179 179 179 180 180 181 181 180 180 181 181 180 181 181 181
 181 181 181 181 180 180 180 180 181 181 181 180 181 182 182 182 181 181
 181 181 182 182 183 183 184 183 183 182 181 181 182 182 182 182 182 182
 182 182 182 182 183 183 183 183 183 184 185 185 186 186 186 186 188 188
 187 186 186 187 187 187 188 188 187 187 187 187 187 187 187 187 187 188
 188 188 188 187 187 187 187 187 188 189 188 187 187 187 188 188 188 188
 187 187 188 186 191 189 167 135 113  95  86  79  79  75  75  90 100 104
 102 100  92  92  90  92  98 140 186 187 183 184 186 184 185 186 185 186
 187 187 187 187 187 187 186 187 187 187 187 187 188 188 188 187 187 187
 187 187 186 186 187 187 187 187 187 187 187 187 187 187 187 187 186 186
 184  29]","[ 29  29 180 179 179 179 179 179 177 178 179 178 177 176 176 176 178 178
 178 178 179 179 179 179 179 180 181 181 180 180 181 181 181 181 181 181
 181 182 182 181 180 180 179 180 180 180 180 180 180 181 182 182 181 181
 181 182 181 182 182 183 183 183 183 183 181 181 181 181 181 182 182 182
 181 182 182 182 182 182 182 182 182 183 183 183 184 185 186 186 186 186
 186 186 186 186 187 187 188 188 187 187 187 187 187 187 187 187 186 187
 187 187 187 187 187 187 187 187 188 188 188 187 187 187 187 188 188 188
 188 188 187 187 191 190 160 130 108  91  88  82  80  74  74  99 105 107
 101  96  90  89  88  89  94 131 183 188 184 184 185 184 186 186 186 186
 187 187 188 188 187 186 185 186 187 187 187 187 187 188 188 187 187 187
 187 187 186 185 186 187 187 187 187 187 187 187 187 187 187 187 185 186
 184  29]","[ 29  29 180 179 179 179 179 178 179 179 180 180 179 178 177 176 178 178
 178 178 178 179 179 179 178 180 181 181 180 180 180 181 180 180 180 180
 181 181 182 181 181 180 180 180 180 181 180 180 179 181 182 182 181 181
 182 182 182 183 183 183 184 183 183 183 181 181 180 180 180 181 182 183
 182 182 182 182 181 181 181 182 182 182 182 181 182 184 185 186 185 185
 185 186 186 186 187 187 188 187 187 187 187 187 187 187 188 187 186 186
 187 187 187 187 187 187 187 187 187 187 187 186 188 188 188 187 187 187
 187 188 186 188 191 192 155 127 105  90  85  81  79  75  74 103 104 103
 101  93  89  86  84  85  88 121 179 186 183 183 184 184 186 186 186 186
 186 187 188 187 186 186 186 187 187 187 187 187 187 187 187 187 186 187
 187 187 186 185 185 185 186 187 187 187 187 187 186 187 187 186 184 185
 183  28]","[ 29  29 179 179 181 179 178 178 178 179 180 180 179 179 179 179 178 179
 179 178 178 179 179 179 179 179 180 180 180 180 180 180 179 180 180 181
 182 182 181 181 180 180 180 180 181 181 180 180 182 182 182 181 181 181
 181 181 181 182 182 182 182 183 183 182 181 181 181 181 181 181 181 181
 181 181 181 181 181 181 181 181 182 182 182 182 182 183 184 185 185 184
 184 185 186 186 187 188 188 187 187 187 187 187 187 187 187 187 187 187
 187 187 187 187 187 187 187 188 188 188 188 188 186 187 188 188 187 187
 187 188 186 187 194 188 146 124 101  86  83  82  75  75  71  95 104 103
  99  91  84  79  82  87  87 114 175 190 183 182 181 186 184 186 187 187
 187 187 187 188 188 188 186 187 187 187 187 187 187 187 188 188 188 188
 188 187 187 187 185 186 187 188 188 188 187 187 187 187 186 186 185 187
 185  30]","[ 29  29 179 178 179 177 176 176 178 178 179 178 178 179 179 178 177 178
 179 178 178 179 179 178 179 180 180 181 181 180 180 180 180 180 181 181
 181 181 180 180 180 180 180 180 181 181 180 180 180 181 181 181 181 181
 180 180 180 181 181 181 181 182 182 182 181 181 181 182 182 181 181 180
 180 180 180 180 180 181 181 181 181 182 182 181 181 182 183 183 183 182
 183 185 186 187 187 188 187 187 186 186 186 186 187 187 187 187 187 187
 186 186 186 186 185 185 186 186 187 187 187 187 187 187 187 187 186 185
 185 185 187 188 194 174 133 109  97  89  83  81  75  74  70  91 101 100
  94  87  82  78  79  81  80 105 172 188 182 183 183 187 184 185 185 186
 186 187 187 187 187 187 187 187 187 187 187 187 187 187 187 187 187 187
 186 186 185 185 185 185 186 186 187 187 187 187 187 187 186 186 186 187
 184  29]","[ 29  29 179 178 178 176 175 176 178 178 177 177 178 179 179 177 176 178
 179 180 179 179 179 179 179 180 181 182 181 181 180 180 182 181 181 181
 180 180 180 180 181 180 180 180 181 181 181 180 180 181 181 181 181 181
 181 180 180 181 181 181 181 182 182 182 181 181 182 182 182 181 181 180
 182 181 181 181 181 181 182 182 182 182 182 181 181 181 182 182 182 182
 183 185 186 187 187 188 187 187 187 186 186 186 187 188 187 187 187 187
 187 187 186 186 185 185 186 186 187 187 187 187 187 187 187 187 187 186
 187 187 187 188 191 164 135 112 103  92  85  82  77  74  69  88  99  98
  94  87  83  81  80  81  80 104 169 187 181 182 183 188 185 185 185 186
 187 188 188 188 187 187 187 187 187 188 188 188 188 188 187 187 187 187
 187 186 186 186 187 187 186 186 186 186 187 187 188 188 187 187 186 187
 184  29]","[ 29  29 179 178 177 175 175 176 179 178 176 176 177 179 178 177 176 178
 180 180 180 180 179 179 179 180 181 181 181 180 180 181 182 182 181 180
 180 180 180 180 181 181 180 180 181 181 181 181 181 181 181 181 181 181
 181 180 181 181 181 181 181 181 181 181 180 181 182 181 181 180 180 180
 182 182 182 181 182 182 183 183 182 182 182 181 181 181 181 182 182 182
 183 184 185 186 186 186 188 187 187 186 186 186 187 188 187 187 188 188
 188 187 187 186 186 186 187 187 188 188 188 188 188 188 188 187 187 187
 187 187 187 186 184 157 137 118 104  88  87  82  77  71  67  81  95  96
  92  86  81  79  79  80  81 102 165 186 180 181 182 186 185 186 187 188
 188 188 188 188 188 187 187 187 187 188 188 188 188 188 187 188 188 188
 188 187 187 187 188 187 187 186 186 186 186 186 187 187 187 187 187 187
 184  29]","[ 29  29 179 177 176 174 175 177 179 177 175 175 176 178 177 176 175 177
 178 179 179 179 179 178 180 180 180 180 180 180 180 181 182 181 181 180
 180 180 180 181 181 181 180 180 181 181 181 181 181 181 181 180 179 180
 180 180 180 181 180 180 180 180 180 179 180 181 181 180 179 179 180 180
 182 182 181 181 181 182 182 183 181 181 181 181 180 180 181 181 182 182
 182 182 183 185 185 185 186 185 185 185 186 187 187 186 185 186 186 187
 187 187 187 186 186 186 186 187 187 188 188 188 188 188 187 187 186 185
 185 184 186 187 180 155 134 121 109  98  93  87  80  71  69  79  93  97
  92  86  80  79  78  79  79  94 158 185 180 181 182 185 185 186 187 187
 187 187 187 187 187 187 187 187 187 187 187 187 187 187 187 187 187 187
 187 186 185 185 186 186 186 186 186 186 186 186 186 187 186 187 187 187
 185  29]","[ 29  29 179 177 177 175 177 179 179 178 177 176 176 177 177 176 176 177
 177 177 178 179 179 178 180 179 179 179 179 180 180 181 181 181 180 180
 180 180 181 181 181 181 180 180 180 181 181 181 182 182 181 179 179 180
 180 180 180 180 180 179 179 180 180 179 180 180 180 179 179 179 180 180
 181 181 181 181 181 182 182 182 180 181 181 181 180 180 181 181 182 182
 182 182 183 185 186 185 184 183 183 184 186 187 187 185 185 185 186 187
 187 187 187 187 186 186 186 187 187 187 187 187 187 187 187 187 186 186
 185 184 179 179 170 149 125 117 105  98  95  88  81  71  77  82  93  97
  94  90  83  82  79  79  77  86 150 183 181 183 184 185 184 185 186 186
 186 187 187 187 188 188 187 187 187 187 187 187 187 187 187 187 187 187
 186 185 183 183 184 185 186 186 187 187 187 186 186 186 186 186 186 187
 185  29]","[ 29  29 178 177 177 175 177 179 179 179 178 177 177 177 177 177 178 178
 177 176 178 179 180 179 180 179 178 179 180 180 180 180 180 180 180 180
 180 180 181 181 181 181 180 180 180 181 181 181 182 182 181 180 179 179
 179 179 180 180 180 179 179 180 180 180 180 180 179 179 179 179 179 180
 181 181 181 182 182 182 182 182 181 181 181 181 181 180 181 181 181 182
 182 181 182 184 185 184 184 183 183 184 185 186 186 185 186 186 186 186
 187 187 187 187 186 186 187 187 187 187 187 187 186 186 186 187 187 186
 185 184 181 177 169 151 127 115 101  91  87  83  77  72  88  90  95  98
  95  93  87  84  80  80  79  85 148 183 180 182 185 185 185 185 185 186
 186 187 187 188 188 188 188 187 187 187 187 187 187 187 187 187 187 187
 186 185 184 183 185 185 186 187 187 187 187 187 186 186 185 186 185 186
 184  29]","[ 29  29 177 175 175 174 175 177 178 179 179 177 176 176 177 177 179 177
 176 175 177 179 179 179 179 178 178 179 180 181 180 180 180 180 180 180
 180 180 180 181 181 181 180 179 180 181 181 181 181 181 181 179 178 178
 178 177 178 179 179 178 179 180 180 180 180 179 179 179 179 180 179 179
 179 180 180 181 181 181 180 180 180 180 180 180 180 180 180 180 179 180
 180 180 181 182 183 181 184 183 183 182 183 183 183 183 186 185 185 185
 185 185 185 185 186 186 186 186 187 187 187 187 187 187 186 186 185 183
 180 178 177 172 168 151 127 112 100  90  84  82  79  77 102 103 104 105
  99  98  92  87  83  85  86  92 149 184 179 181 183 185 185 186 185 186
 186 187 187 187 187 186 188 188 187 187 187 187 187 187 186 187 187 187
 187 186 185 185 185 186 186 186 186 186 186 185 187 186 185 185 185 186
 184  29]","[ 30  31 174 176 176 174 173 176 176 178 179 179 178 178 178 179 179 178
 176 174 175 178 179 179 179 179 179 179 180 180 180 180 180 180 180 181
 181 181 181 181 181 181 181 180 180 181 181 182 181 181 181 180 180 179
 178 177 177 178 178 178 178 179 180 180 179 179 179 179 179 179 178 178
 179 180 180 180 180 179 179 180 181 181 181 181 180 180 180 180 181 180
 180 181 181 182 182 182 183 182 182 183 183 184 183 183 185 186 186 186
 186 186 186 186 186 186 186 186 187 188 188 187 185 185 187 187 186 179
 191 205 203 197 187 167 141 109  95  91  83  79  78  80 117 109 103 105
 101  95  90  85  85  84  79  99 156 184 182 183 186 185 186 185 186 186
 186 186 187 187 187 187 186 187 187 187 186 187 187 187 188 188 187 187
 187 187 187 187 188 187 187 186 186 186 186 187 186 186 186 186 186 187
 185  29]","[ 30  29 173 174 171 168 167 170 174 176 178 178 178 178 178 179 178 179
 178 176 176 177 178 178 179 179 179 179 180 180 180 180 181 181 181 181
 181 181 181 181 181 180 180 180 180 181 181 181 181 182 182 181 181 180
 179 179 179 179 179 178 178 179 179 179 179 179 179 179 179 179 180 180
 179 180 180 180 179 179 179 180 180 180 181 181 181 180 180 180 181 181
 181 182 182 182 182 182 182 182 182 182 183 183 183 183 185 185 185 185
 185 185 185 185 187 187 186 186 187 187 186 186 189 187 184 182 188 195
 218 230 224 216 204 193 169 131  94  80  84  79  70  88 129 106 105 104
  98  93  87  83  84  84  82  99 162 187 183 183 185 185 187 187 187 186
 186 186 187 187 187 187 186 187 187 187 187 187 187 187 188 188 187 187
 187 187 187 187 187 187 186 186 186 186 186 187 186 186 186 187 186 187
 185  29]","[ 29  29 173 172 167 163 162 165 173 174 176 177 178 178 178 178 177 178
 179 178 176 177 178 178 179 179 179 179 179 180 180 180 180 180 180 180
 180 180 180 180 180 180 180 180 180 180 180 180 180 180 181 181 181 180
 180 179 179 180 179 179 179 179 179 178 176 176 176 175 175 176 177 178
 179 179 179 179 179 179 180 180 179 180 181 181 181 181 180 180 179 179
 180 180 180 180 180 179 181 182 182 183 183 183 183 183 184 183 183 183
 184 184 184 184 185 185 185 186 186 187 186 186 184 186 182 185 197 207
 213 196 164 156 155 165 160 137  97  81  82  77  67  97 139 105 102 100
  96  91  83  82  82  83  83  98 167 188 183 182 184 185 186 187 187 187
 187 186 186 186 186 186 186 186 186 186 186 186 186 186 187 187 186 186
 186 186 186 186 186 186 186 186 186 186 186 186 187 187 187 187 187 187
 185  29]","[ 29  30 173 171 166 161 161 165 173 174 176 177 177 177 177 176 176 178
 179 179 178 178 179 180 179 179 179 179 179 179 180 180 179 179 179 179
 179 179 178 178 179 179 179 180 180 180 179 179 179 179 179 180 180 180
 179 179 179 179 179 179 179 179 179 178 177 177 177 177 176 177 178 179
 179 179 179 179 179 179 180 181 180 180 180 181 181 181 181 181 181 181
 182 181 181 180 181 181 181 182 183 183 183 183 183 183 183 182 182 182
 183 183 183 183 184 183 184 184 185 186 185 185 182 182 180 190 199 199
 191 162 144 134 130 125 125 129 103  78  79  75  70 107 143 108  95  97
  94  90  82  81  81  82  83  97 169 187 183 183 185 186 185 185 186 186
 186 186 186 185 186 186 185 184 185 185 186 186 186 186 186 186 186 186
 186 186 186 186 186 186 186 187 187 187 187 186 187 187 187 187 187 187
 184  29]","[ 29  30 173 172 168 164 164 168 174 175 176 177 177 177 176 176 178 178
 179 179 179 179 179 180 179 179 179 179 179 179 179 179 179 179 179 179
 179 179 179 178 178 179 179 180 180 179 179 178 179 179 179 180 180 180
 180 180 179 179 179 179 179 179 179 177 178 179 179 179 178 178 179 180
 179 179 179 179 179 179 180 181 180 180 180 180 181 181 182 182 181 181
 181 181 180 180 180 181 180 181 182 182 182 182 182 183 181 181 181 181
 182 183 183 182 183 183 183 183 183 184 183 183 183 179 186 217 233 225
 201 170 136 120 128 126 122 123 107  82  74  69  62 113 142 103  89  92
  92  87  81  80  80  80  81  99 173 187 184 184 185 187 185 185 186 186
 186 186 186 185 185 185 185 184 184 186 187 186 186 186 186 186 186 186
 186 186 186 186 187 187 187 187 187 187 187 187 187 187 187 187 186 186
 184  29]","[ 29  29 172 172 170 167 168 172 174 175 177 177 177 176 176 176 179 178
 178 179 179 179 179 179 179 179 179 179 179 179 179 179 179 179 179 179
 179 179 179 179 178 178 179 179 179 179 179 179 179 179 179 180 180 180
 180 180 180 180 179 179 179 179 178 176 177 178 179 179 178 178 178 178
 179 180 180 180 179 179 179 179 180 180 180 180 181 181 182 182 180 180
 179 178 178 178 178 179 180 180 180 180 180 180 181 181 180 180 180 181
 182 182 182 181 181 181 181 182 183 184 183 183 182 196 213 228 227 225
 222 216 182 139 123 117 115 115 106  81  76  70  62 126 150  98  91  92
  87  83  79  77  79  80  80 106 176 187 183 183 184 186 185 186 186 185
 186 186 186 186 184 183 183 182 183 185 186 185 185 186 186 186 186 186
 186 186 186 186 187 187 187 187 187 187 187 186 187 187 187 186 185 185
 184  29]","[ 29  29 171 172 171 170 170 173 174 175 177 177 176 176 176 177 178 177
 178 179 179 178 178 178 179 179 179 179 179 179 179 179 179 179 179 179
 179 179 179 178 178 179 179 179 179 179 179 179 179 179 179 179 180 180
 180 180 180 179 179 179 179 179 178 176 179 180 180 180 180 179 178 178
 178 179 179 179 179 179 179 179 180 180 180 180 181 181 181 182 182 181
 180 179 179 180 180 180 180 179 180 180 180 180 180 180 179 179 179 180
 182 182 181 180 179 179 181 182 183 184 183 182 182 202 213 203 187 192
 199 208 210 196 182 155 128 118 105  79  71  67  73 135 150  88  82  83
  81  77  77  73  77  80  78 114 177 185 182 182 182 186 185 186 186 186
 186 186 187 186 183 181 181 180 181 184 184 183 183 185 185 185 185 186
 186 186 186 186 187 187 187 186 186 186 186 186 186 187 186 185 184 184
 183  29]","[ 30  29 171 172 172 171 171 174 174 176 177 177 175 175 176 177 176 176
 177 179 179 177 177 179 179 179 179 179 179 179 179 179 179 179 179 179
 179 179 179 179 179 179 179 179 179 179 179 179 179 179 179 180 180 180
 180 180 179 179 179 179 179 180 179 177 179 179 179 179 178 178 177 176
 176 177 178 179 179 179 179 180 179 179 180 180 181 181 181 181 181 180
 179 179 179 179 179 179 180 180 180 180 180 181 180 180 178 178 179 180
 182 182 181 179 180 181 182 183 184 182 180 179 184 195 199 181 155 154
 162 183 204 216 227 228 198 161 120  88  72  72  99 148 155  89  78  80
  77  73  75  70  76  79  77 120 175 183 182 182 183 186 185 186 187 186
 186 186 187 186 182 179 180 180 181 184 184 182 183 185 185 185 186 186
 186 186 186 186 187 187 186 186 185 185 185 185 186 186 185 184 183 184
 183  29]","[ 28  31 171 169 172 170 171 174 173 175 176 175 175 176 176 174 174 176
 176 177 179 177 175 178 177 178 179 179 179 178 177 175 176 177 179 179
 179 179 179 179 179 179 179 178 178 179 179 179 179 180 180 179 178 178
 179 179 179 179 179 179 179 179 179 180 176 178 178 179 180 179 176 176
 175 173 175 178 178 178 177 176 175 175 176 178 179 179 179 179 179 179
 180 179 179 179 179 180 180 179 178 179 180 180 180 179 178 179 178 178
 181 182 180 180 180 181 180 182 185 180 180 195 209 210 164 129 113 115
 136 151 169 195 217 236 236 233 217 187 173 173 178 184 169 116  72  72
  77  71  70  73  75  74  77 124 181 181 181 181 183 186 186 185 185 186
 187 187 186 184 183 183 183 181 181 183 185 184 184 186 185 186 186 185
 185 186 187 187 186 186 186 186 186 185 185 185 185 186 184 184 184 184
 182  30]","[ 30  30 169 170 172 174 169 169 172 173 174 174 174 174 174 174 175 176
 176 176 177 175 173 175 179 178 177 177 178 179 178 177 176 177 178 178
 177 178 178 178 177 178 179 180 180 180 180 179 180 180 179 179 179 179
 179 179 180 180 180 179 179 178 178 178 179 178 175 176 179 180 180 180
 180 178 177 177 177 175 175 175 172 173 175 177 178 179 179 180 178 179
 179 178 177 177 179 180 179 179 178 178 179 180 180 180 180 181 180 179
 181 181 180 180 182 179 183 183 182 187 202 213 214 195 141 112 105 102
 107 118 137 163 194 224 230 234 241 243 242 241 232 221 206 166 110  69
  65  67  66  69  75  77  80 128 181 180 179 180 181 183 183 182 182 183
 184 185 185 184 184 184 183 183 183 185 185 185 184 184 184 184 184 184
 184 185 185 184 184 184 184 185 185 184 183 183 183 184 183 183 184 184
 182  30]","[ 27  29 173 172 167 169 168 172 172 172 173 174 173 173 174 175 174 173
 174 176 176 176 177 177 175 175 175 175 176 176 175 173 176 176 176 176
 176 176 176 176 175 176 178 178 178 179 178 177 180 179 179 179 180 181
 180 180 180 180 180 181 181 181 180 180 177 178 178 180 182 180 177 176
 176 176 174 173 173 172 171 174 174 175 176 177 177 177 177 177 178 178
 178 177 176 176 177 179 180 179 179 179 179 180 181 181 177 179 178 179
 181 181 181 182 180 177 180 179 186 197 210 209 194 173 123  97  98 101
 101 112 127 149 175 200 216 230 236 238 234 235 221 207 200 186 143  86
  60  64  65  67  73  77  79 130 182 180 179 179 181 181 181 181 181 182
 183 185 185 186 186 186 185 186 187 187 186 186 185 184 184 185 185 185
 185 185 185 184 184 184 185 185 185 185 183 182 183 184 184 185 186 186
 184  30]","[ 31  29 170 168 167 169 168 170 170 170 171 173 173 172 172 174 174 171
 173 175 173 174 175 173 176 175 175 176 175 175 175 175 176 175 175 174
 174 174 174 175 176 177 176 176 176 177 177 177 178 178 177 178 179 179
 179 179 178 178 178 178 178 176 175 174 173 174 173 174 175 174 174 177
 175 176 174 173 173 171 170 172 172 173 175 176 177 178 178 177 179 178
 178 177 176 176 177 178 176 176 175 175 175 175 176 176 178 179 179 178
 179 179 179 181 179 180 177 179 201 208 204 189 161 147 110  85  87  96
 101 117 133 148 160 172 191 214 212 203 196 190 166 147 138 136 131 107
  64  58  63  67  70  78  79 137 182 180 178 179 180 181 181 181 179 179
 181 182 183 183 184 184 184 186 187 185 184 185 184 182 182 183 184 184
 184 184 183 182 183 184 184 184 184 182 181 180 181 183 183 184 186 186
 182  28]","[ 28  27 167 165 167 165 167 166 168 168 170 172 173 172 173 175 173 170
 172 175 174 175 177 175 171 171 171 171 171 171 174 177 176 175 174 175
 175 174 175 176 174 175 174 174 174 174 175 175 176 177 177 177 176 176
 176 177 175 176 176 177 177 176 176 176 175 174 173 174 176 174 173 175
 174 174 172 172 173 174 174 175 174 174 175 175 176 177 176 174 176 176
 175 175 174 174 174 174 177 177 177 177 177 176 175 174 175 176 176 176
 177 175 175 178 178 179 181 192 210 206 192 173 159 141 106  80  73  76
  77  92 106 122 136 147 159 174 173 170 152 141 117 105  99  97 115 129
  88  61  59  65  66  77  78 138 182 180 179 179 179 179 179 180 180 180
 181 181 182 182 182 182 184 186 186 184 183 184 184 183 182 183 183 183
 184 185 184 183 184 185 186 185 183 182 181 182 181 183 184 185 186 186
 183  29]","[ 28  33 165 165 168 164 168 168 166 166 167 169 171 171 172 173 174 172
 174 177 177 178 178 179 177 177 179 179 177 174 174 176 177 175 175 176
 176 175 176 177 173 174 175 175 175 176 176 175 174 174 175 175 174 173
 174 174 177 178 179 179 179 179 179 180 176 174 172 175 181 180 176 175
 177 173 172 172 173 177 179 176 175 177 177 176 177 178 177 176 178 177
 176 176 177 178 177 176 174 174 174 175 176 175 174 172 174 175 176 176
 175 172 172 175 176 179 192 207 199 184 176 161 152 139 108  79  66  70
  71  76  71  87 102 116 121 127 126 122 107 100  85  88  93  90 103 125
 114  76  59  64  64  73  76 133 180 180 180 178 178 179 179 179 180 180
 180 181 181 182 181 181 183 183 183 182 181 182 183 183 182 182 181 181
 182 184 183 183 183 184 185 184 182 181 181 182 180 182 183 184 185 185
 182  29]","[ 29  27 135 137 141 142 142 139 137 136 136 136 138 140 140 140 144 145
 145 146 147 145 144 145 144 146 151 157 160 161 161 163 165 163 163 165
 166 165 165 167 165 167 168 169 169 170 171 170 172 172 173 173 174 174
 175 175 173 173 171 168 165 164 164 165 166 162 157 160 167 170 172 175
 179 172 172 173 173 177 177 168 167 170 172 171 171 173 175 175 176 174
 173 174 176 178 177 176 174 174 174 175 178 178 177 175 178 180 180 180
 177 173 172 175 176 190 197 196 166 154 157 151 146 142 117  84  60  61
  64  61  64  71  74  84  87  95  97  87  80  76  71  75  85  89  99 116
 121  96  64  67  68  71  78 133 175 178 179 177 177 180 181 180 179 179
 179 179 181 181 182 182 182 181 180 180 180 180 181 182 182 181 180 179
 180 182 182 181 179 180 181 181 181 180 180 179 178 180 181 181 181 181
 180  27]","[ 31  27 116 112 107 110 111 113 113 113 111 109 110 113 113 112 107 110
 111 114 118 117 117 121 120 117 115 115 116 115 115 116 120 118 118 120
 121 121 121 122 122 123 123 123 124 125 127 127 124 124 125 126 129 130
 130 130 129 129 128 126 123 122 123 125 130 128 126 126 128 128 130 135
 136 129 133 139 140 146 147 135 135 139 140 136 131 131 133 134 135 133
 131 132 136 138 138 136 144 143 143 145 148 150 149 148 148 151 154 156
 157 154 155 160 175 199 189 164 129 129 140 143 140 136 117  90  61  55
  61  61  62  64  64  75  74  76  80  72  73  74  75  75  77  83  91 103
 120 114  74  74  71  65  77 131 168 173 176 175 176 180 183 182 183 182
 183 184 186 187 188 188 189 186 185 186 187 186 187 188 188 186 184 183
 184 186 187 186 182 182 182 184 185 185 184 182 183 185 185 185 184 183
 182  30]","[ 29  30 113 112 113 113 113 114 114 114 114 115 116 116 115 114 113 113
 114 115 116 116 115 115 115 115 114 114 115 115 114 114 115 115 115 115
 115 114 113 113 116 116 114 114 116 118 118 118 119 119 118 117 118 118
 116 114 113 113 113 114 115 115 115 115 120 120 121 120 117 115 117 120
 121 120 118 117 116 117 118 118 116 117 116 116 117 120 121 120 115 114
 114 116 117 117 118 119 117 117 116 115 115 115 115 115 113 118 118 119
 123 120 127 158 183 192 162 134 105 116 126 131 130 128 117 101  75  54
  53  53  56  61  64  65  66  68  70  69  70  70  70  70  71  74  84  97
 113 125  93  72  70  64  73 108 134 133 131 132 138 142 142 141 140 142
 144 144 145 147 150 151 153 155 157 157 155 154 156 158 158 160 162 164
 167 171 172 172 171 172 172 171 171 171 171 171 172 170 175 175 172 182
 182  29]","[ 29  29 112 112 113 113 112 113 114 114 114 114 114 114 113 113 113 113
 114 115 116 116 116 115 115 115 115 115 115 115 114 114 116 115 115 116
 116 116 116 117 118 118 118 117 118 119 118 117 119 120 120 119 118 118
 117 117 116 115 115 116 117 118 119 119 120 121 122 122 119 117 118 120
 123 123 123 123 122 121 121 122 122 122 121 120 120 122 122 122 123 121
 121 122 122 121 120 120 119 118 118 118 119 119 119 118 118 118 119 126
 122 112 137 170 187 168 131 103  84  96 113 119 122 122 116 107  83  59
  51  43  44  50  56  58  58  59  63  65  65  66  67  69  71  72  79  88
 101 120 113  86  73  65  67  97 116 118 118 116 117 118 118 119 121 122
 123 122 122 122 123 123 123 121 120 119 120 122 124 125 124 124 124 122
 122 123 123 122 123 124 124 124 124 125 125 124 123 128 123 120 128 124
 129  27]","[ 29  28 111 111 113 113 111 111 113 114 114 114 113 112 113 113 113 114
 114 115 115 115 115 115 115 115 115 115 115 115 115 114 115 114 114 115
 116 116 117 118 118 119 118 118 117 117 116 115 115 116 117 116 114 114
 115 116 117 116 116 116 118 119 121 121 121 121 123 123 121 119 119 120
 119 120 121 121 120 119 120 121 122 122 120 119 119 120 120 119 120 120
 120 121 121 121 120 120 117 117 117 118 118 118 117 117 119 121 119 123
 118 122 164 180 164 128 101  81  73  80  99 109 113 114 114 111  91  68
  55  40  37  41  47  53  56  56  57  59  61  63  65  68  71  71  74  80
  90 109 123 102  75  65  77 100 118 122 124 122 121 120 121 123 123 124
 126 125 125 125 124 124 127 126 125 124 124 126 129 131 127 127 126 124
 124 126 128 128 127 128 129 129 129 130 130 129 125 129 127 125 132 124
 124  33]","[ 30  28 111 112 114 114 112 111 112 113 114 114 114 114 114 114 115 115
 115 115 115 114 114 114 115 115 115 115 115 115 115 114 114 114 114 115
 115 115 115 116 118 118 117 116 114 114 115 114 114 116 117 116 115 115
 117 118 117 116 116 116 117 119 120 121 120 120 121 121 120 119 118 118
 119 119 119 119 119 119 120 121 121 120 119 119 119 120 120 120 119 118
 119 120 121 121 122 122 119 119 118 118 118 118 117 117 114 121 122 121
 116 139 176 169 129  93  78  69  72  73  85 100 111 113 112 109  92  76
  64  46  33  33  37  43  47  47  49  53  59  61  63  67  71  72  73  76
  83  99 125 127  93  64  82  98 116 120 121 121 122 123 122 122 121 122
 124 124 125 125 126 125 125 126 127 126 125 125 127 129 127 127 125 122
 121 124 127 128 128 129 129 129 129 129 129 128 129 125 128 126 128 130
 128  26]","[ 30  29 112 113 115 115 112 112 112 112 113 114 115 115 115 114 115 116
 116 116 115 114 114 115 115 114 114 115 115 116 115 115 114 114 115 116
 116 115 114 115 116 117 118 116 115 115 115 115 116 116 117 116 116 117
 117 117 116 117 117 117 118 118 119 119 119 119 119 119 119 118 118 118
 120 119 118 119 120 121 121 121 119 118 118 118 119 121 121 122 120 119
 119 119 119 121 121 121 120 120 119 118 118 118 118 117 116 118 123 125
 125 159 185 175 148 107  75  56  57  59  69  95 109 113 110 101  87  77
  68  49  31  30  32  34  34  35  43  53  56  60  63  67  72  73  73  74
  77  88 114 136 122  80  81  98 117 120 121 121 123 123 121 121 122 123
 123 123 123 124 125 124 126 125 125 127 128 129 127 125 126 125 123 119
 119 122 126 127 128 128 128 128 127 127 126 125 128 127 129 127 129 128
 124  31]","[ 30  30 113 114 115 115 113 114 113 112 113 114 115 115 114 113 113 114
 115 115 114 114 114 114 114 114 114 115 115 116 115 115 114 114 115 116
 116 115 114 114 114 116 117 117 117 116 115 114 115 116 115 115 115 115
 115 114 116 117 117 118 118 118 118 118 118 119 118 118 118 118 118 118
 119 118 118 120 122 123 121 118 117 116 115 116 117 118 119 120 118 118
 117 117 117 119 120 120 119 118 117 117 117 117 117 117 120 118 120 121
 136 169 176 162 135 108  82  66  62  55  51  72  97 106 102  93  82  75
  67  50  34  31  31  34  35  35  41  49  52  58  63  68  72  73  72  71
  73  75  91 119 141 117  91 104 117 122 123 122 122 122 121 122 123 124
 124 123 123 124 125 125 124 124 124 125 126 126 126 126 124 123 122 120
 121 125 128 129 128 128 128 127 127 127 126 125 124 128 131 130 129 126
 121  29]","[ 29  30 114 114 114 114 113 115 114 114 113 114 114 114 113 113 112 113
 114 115 114 113 113 114 113 113 114 115 116 116 116 115 114 114 115 116
 116 115 114 114 113 115 115 115 115 115 115 114 115 116 117 116 116 117
 116 115 116 116 117 118 117 117 117 117 117 118 118 117 117 118 119 118
 119 119 119 121 123 123 121 119 118 116 116 116 117 117 118 119 118 119
 118 118 119 121 122 122 119 119 118 118 119 119 119 118 119 119 121 116
 147 164 154 130 105  87  74  66  65  56  51  62  84  95  91  84  78  70
  63  51  39  33  30  33  37  38  39  42  51  58  63  67  70  72  72  72
  72  72  76  99 133 142 118 110 117 121 123 122 122 122 122 123 121 123
 124 123 123 123 125 126 125 126 128 127 125 125 127 129 126 126 125 123
 124 126 127 127 126 127 126 126 126 126 126 126 127 127 127 127 124 129
 130  30]","[ 29  30 114 114 113 113 113 116 114 115 114 114 113 113 114 115 113 115
 116 116 115 114 114 114 113 113 114 115 116 116 116 115 116 115 115 116
 116 115 114 114 114 114 113 112 113 114 115 116 113 114 116 116 116 116
 116 116 116 117 118 118 118 117 118 118 117 118 118 117 117 118 119 118
 119 118 118 119 120 121 120 120 118 116 115 116 117 116 117 118 119 120
 119 118 119 121 121 120 118 118 118 118 118 118 117 117 119 120 121 117
 161 171 167 154 124  98  80  70  68  57  52  51  80  90  84  78  74  66
  58  51  45  38  32  32  34  36  41  45  52  59  64  66  69  71  73  74
  75  76  71  81 102 141 152 130 122 124 123 123 125 125 124 123 122 123
 124 123 122 122 124 125 126 126 125 126 126 126 125 125 124 125 124 124
 125 126 126 125 126 126 126 126 126 127 128 128 129 127 124 129 127 128
 128  29]","[ 30  29 113 112 112 114 115 115 114 114 115 115 114 113 112 113 113 113
 114 114 115 115 115 115 114 113 113 114 114 114 114 114 115 115 114 113
 113 114 115 115 114 113 113 114 114 114 115 115 113 113 114 115 116 116
 117 117 117 117 117 118 117 117 116 116 117 117 117 118 118 118 117 117
 117 117 118 120 120 119 118 117 118 118 117 117 117 116 117 118 119 119
 119 118 119 120 121 121 119 119 118 118 118 118 117 117 118 121 116 130
 171 178 181 170 154 125  99  80  64  57  51  47  73  88  81  74  72  63
  57  50  46  37  32  32  33  37  43  47  55  60  65  66  67  71  74  75
  76  77  76  76  89 116 141 151 131 122 124 124 121 124 123 122 122 122
 124 124 124 124 123 124 126 126 126 126 126 126 126 126 125 125 124 124
 125 125 126 126 125 125 125 126 127 128 129 130 129 127 127 125 126 126
 126  29]","[ 29  28 112 111 110 112 113 114 114 113 112 112 112 112 111 112 113 113
 113 113 113 114 114 114 113 113 114 114 114 114 113 113 112 113 113 113
 113 113 113 113 111 112 113 115 115 113 113 113 112 113 114 115 116 116
 117 117 117 117 117 117 117 116 115 115 116 116 117 118 118 119 118 117
 117 117 118 119 120 119 118 118 118 118 118 118 117 116 117 118 118 118
 118 117 117 118 119 119 118 118 117 117 118 118 117 117 116 121 118 136
 175 183 179 161 136 112  91  74  59  51  46  46  62  79  75  68  65  60
  57  50  43  37  34  34  33  36  45  52  53  54  57  62  68  72  75  75
  74  75  77  80  84  96 118 138 145 131 124 123 122 122 122 124 123 124
 124 124 124 123 123 123 125 125 125 125 125 125 125 125 124 124 123 123
 124 124 125 125 125 126 126 126 127 127 127 127 128 126 127 125 126 126
 125  29]","[ 29  29 112 111 109 111 113 114 115 113 112 112 113 112 111 111 112 112
 112 112 112 113 113 113 112 113 113 113 113 113 113 113 111 112 113 113
 113 113 113 112 112 113 114 115 115 113 113 113 113 114 114 115 116 116
 117 117 117 116 116 116 116 115 114 115 115 115 116 117 117 118 118 117
 117 116 117 118 119 118 118 118 118 117 117 118 117 116 116 117 117 117
 117 116 116 117 118 118 118 118 118 118 118 118 117 117 116 118 119 145
 173 171 150 122  90  71  57  50  47  42  36  36  46  66  69  65  63  59
  55  46  43  38  36  35  34  37  45  51  50  49  51  60  69  75  76  77
  76  74  74  79  83  84  96 115 136 129 123 123 122 120 122 122 124 124
 124 123 123 123 123 123 124 124 124 124 124 124 124 124 122 123 123 123
 123 124 124 124 125 125 126 126 126 126 126 125 126 125 126 125 126 126
 125  29]","[ 29  29 113 112 110 111 112 113 114 113 113 114 115 113 111 110 111 111
 111 111 112 112 113 113 113 112 112 111 111 112 113 114 112 112 113 113
 113 113 112 111 114 114 114 114 113 112 114 115 114 114 115 115 115 115
 115 115 116 115 115 115 115 114 114 114 115 115 115 115 116 116 117 117
 117 116 116 117 117 117 117 117 117 117 117 117 117 116 116 117 116 116
 116 115 116 117 117 117 118 118 118 118 118 118 117 117 118 117 123 152
 161 146 119  95  80  62  48  44  47  44  36  36  38  56  65  65  63  60
  56  48  47  40  37  37  39  41  45  47  47  49  53  62  71  76  77  76
  76  74  71  74  81  81  84  94 110 119 119 119 120 120 123 121 122 122
 122 122 122 122 123 124 124 124 124 124 124 123 123 123 122 123 124 124
 124 124 124 124 124 124 125 125 125 125 125 125 125 124 125 124 126 126
 126  29]","[ 29  29 113 112 110 111 111 112 113 113 113 114 113 111 110 110 110 110
 111 111 112 112 111 111 112 112 112 112 111 112 113 114 113 112 112 111
 111 112 112 111 114 113 113 112 111 111 113 115 114 114 114 114 114 114
 114 114 114 114 114 114 114 114 114 115 115 115 115 115 115 115 115 116
 117 116 116 116 116 116 116 116 116 116 116 116 116 115 115 116 115 115
 115 115 115 116 116 116 117 117 117 117 116 116 116 115 115 116 127 154
 155 147 138 130 119 100  80  66  58  49  38  38  41  51  61  65  63  61
  61  57  51  44  39  39  40  43  46  46  49  56  64  69  73  76  77  76
  72  74  72  72  76  76  78  85  94 107 112 116 118 119 124 122 122 122
 122 122 122 122 123 124 124 124 124 124 123 123 123 122 122 123 124 124
 124 124 123 124 123 123 124 124 125 125 125 125 125 123 125 124 126 126
 126  29]","[ 29  29 114 113 111 111 111 111 112 112 112 111 110 109 110 111 110 111
 111 111 111 111 110 109 109 111 112 113 113 112 113 113 113 112 111 110
 110 112 112 112 112 112 112 112 112 111 111 112 114 114 114 114 114 114
 114 114 114 113 113 113 113 113 113 114 115 115 115 114 114 114 115 115
 117 116 115 115 116 115 115 115 115 115 115 115 115 114 115 116 116 116
 116 115 115 115 116 115 116 116 116 116 115 115 116 116 119 119 125 141
 139 139 136 129 119 105  91  80  72  63  52  48  42  46  58  67  66  64
  65  64  56  48  41  37  36  41  49  54  65  74  81  81  80  80  80  79
  75  74  71  72  73  71  73  80  84  92 103 115 121 120 121 121 122 122
 122 122 122 122 123 124 123 123 123 123 123 123 123 123 122 122 123 123
 123 123 123 122 122 123 123 123 124 124 124 124 125 123 124 123 125 125
 126  29]","[ 29  29 113 112 111 111 111 110 111 111 111 110 109 109 110 111 111 111
 111 111 111 110 109 109 108 109 110 111 111 111 112 113 112 111 110 109
 110 112 112 112 111 111 112 113 113 112 111 112 113 113 114 114 114 114
 114 114 114 113 112 113 112 112 112 113 114 114 113 113 112 113 114 115
 116 115 115 115 115 115 114 114 115 115 114 114 114 114 114 116 116 116
 116 115 115 116 116 115 116 116 116 115 115 116 117 118 120 120 126 137
 137 136 129 118 115 107 102  91  77  65  52  44  41  40  54  66  66  66
  67  65  60  50  40  34  35  48  67  79  89  93  95  93  87  83  81  81
  77  73  70  70  71  71  71  74  75  82 101 116 121 122 121 120 122 122
 122 122 121 121 122 122 122 122 122 123 123 123 123 123 122 122 122 122
 122 122 122 121 122 122 122 122 122 123 123 124 125 123 124 122 124 125
 125  29]","[ 29  28 112 110 109 110 110 109 109 109 110 110 109 109 109 109 111 111
 111 110 110 110 110 110 108 108 108 107 107 109 111 113 109 109 108 108
 110 111 111 110 111 111 111 111 112 111 111 112 113 113 112 112 112 112
 112 112 114 113 112 112 112 111 111 112 112 112 112 111 111 111 112 114
 115 114 114 115 115 115 114 114 115 115 114 114 113 113 114 116 114 115
 115 114 114 115 115 115 115 115 115 114 114 115 117 118 119 122 133 145
 144 136 128 121 123 120 118 102  76  60  50  43  42  38  50  61  62  65
  68  67  62  50  37  33  41  64  91 107 107 104 102  97  90  84  80  79
  75  74  72  69  67  69  71  70  72  82 105 116 117 122 122 122 121 121
 121 121 120 120 121 121 122 122 122 122 122 122 122 122 123 122 122 122
 122 122 122 121 122 121 121 121 122 122 123 124 125 123 123 122 124 124
 125  29]","[ 28  30 108 110 108 109 107 108 109 109 110 109 108 108 108 108 108 108
 109 109 109 108 107 106 106 107 108 108 107 107 107 107 109 109 109 109
 110 110 110 109 112 111 111 111 111 110 110 110 110 110 111 111 110 110
 111 111 113 112 112 112 112 112 111 110 111 112 112 112 113 114 114 114
 113 114 115 115 115 115 114 114 115 114 113 114 114 114 114 114 114 114
 114 114 115 115 115 115 114 114 115 115 115 116 116 117 119 121 138 145
 142 141 137 136 135 126 103  80  67  56  44  39  43  43  46  53  60  63
  64  66  59  51  39  37  62  86 103 107 104 104 101  94  88  87  83  75
  73  72  70  68  66  66  68  70  73  86 107 116 118 121 120 122 120 120
 120 120 120 120 121 121 121 120 120 122 123 123 122 121 122 122 122 123
 122 121 121 121 122 122 123 124 123 123 123 124 123 123 122 122 123 123
 122  29]","[ 28  29 108 110 107 108 107 108 107 108 109 108 107 106 107 108 106 106
 107 107 107 106 106 106 106 107 107 106 105 105 105 105 106 107 107 108
 109 109 109 109 110 110 110 109 108 108 108 108 109 109 109 109 109 109
 110 110 111 111 111 111 112 111 111 110 111 112 112 112 112 113 113 113
 111 112 113 114 114 114 114 114 115 114 113 113 113 113 113 113 113 113
 113 114 114 114 114 114 114 114 113 113 114 114 115 115 115 121 138 147
 146 146 144 139 131 112  88  72  66  66  65  63  56  51  49  48  49  56
  60  55  55  43  35  46  81 103 109 105 105 101  97  93  88  83  79  73
  67  67  67  68  69  70  71  72  76  92 112 116 117 120 119 120 119 119
 119 119 119 119 119 119 120 119 119 121 122 122 122 122 122 122 122 122
 122 121 121 121 122 122 122 122 122 121 122 122 123 123 122 122 122 123
 122  29]","[ 29  30 108 109 107 108 107 108 106 107 108 107 105 104 105 107 104 105
 105 105 105 105 106 107 107 107 106 105 104 104 104 104 104 105 105 106
 107 108 109 109 110 110 109 108 107 106 107 107 109 109 109 109 109 110
 110 110 110 110 110 110 111 111 111 110 110 111 112 112 112 112 112 111
 110 110 111 112 112 113 113 114 114 113 112 112 111 111 111 112 114 114
 114 114 114 114 114 114 114 113 112 112 113 114 114 115 115 126 140 149
 148 148 147 139 126 108  95  94  94  94  84  70  64  51  46  48  47  50
  53  48  43  37  42  63  94 107 107 103 101  94  90  89  86  81  77  74
  66  66  66  69  71  73  73  73  78  99 116 116 116 119 117 119 118 118
 118 119 119 119 119 119 119 119 119 120 121 121 122 123 122 122 121 122
 122 121 122 122 123 122 122 122 122 122 122 122 122 122 122 122 122 122
 121  29]","[ 29  29 107 108 105 106 106 107 106 106 106 105 104 104 105 105 104 104
 105 105 104 104 105 106 107 107 106 106 105 104 104 104 104 104 105 105
 106 106 107 108 109 109 109 108 106 106 107 108 109 108 108 108 109 110
 110 110 110 109 109 109 110 110 110 110 110 110 111 111 111 112 111 110
 111 111 111 111 111 111 112 112 111 111 112 112 111 110 111 112 114 114
 114 114 114 114 114 114 114 112 111 112 114 114 115 116 117 130 140 147
 147 146 147 137 133 127 123 119 112 102  88  74  67  61  61  62  55  48
  44  42  40  46  62  84 101 104 103 103  97  88  83  84  83  79  76  74
  68  67  67  70  72  74  75  77  80 102 116 115 116 118 116 118 117 117
 118 119 119 120 120 120 119 119 119 119 119 119 120 121 122 121 120 120
 120 120 121 122 123 122 121 121 122 122 122 123 122 122 122 122 121 121
 121  29]","[ 28  28 105 106 103 105 104 105 106 105 104 104 105 105 104 104 103 104
 105 104 104 104 104 105 106 106 106 106 106 105 104 104 104 104 104 104
 104 104 105 106 107 107 107 106 105 105 106 107 108 107 107 108 109 109
 109 109 109 108 108 108 109 109 109 109 108 109 109 109 110 111 111 110
 111 112 112 112 111 111 112 112 111 112 113 113 112 111 111 113 114 114
 114 114 114 114 113 113 115 112 111 113 114 114 115 116 114 129 139 145
 146 147 148 140 135 133 128 127 120 101  78  67  74  86  90  80  66  50
  41  41  47  55  73  93 102 102  99  98  93  86  81  79  78  77  75  72
  67  67  68  71  72  74  76  79  86 104 113 115 118 117 115 117 116 117
 117 118 119 119 119 119 119 118 118 118 118 118 118 119 120 120 119 119
 119 119 120 121 121 120 119 120 121 121 121 122 121 122 122 122 121 121
 121  29]","[ 29  29 105 105 103 104 103 103 105 104 103 104 104 104 104 102 102 103
 105 105 105 104 104 105 105 105 105 105 105 105 104 103 103 104 104 103
 103 102 103 104 105 105 105 105 104 105 105 106 106 107 107 108 109 109
 109 108 107 107 107 107 108 108 107 107 108 108 108 108 110 111 111 110
 111 111 112 112 112 112 112 112 113 113 114 114 113 112 112 113 114 114
 114 114 114 113 113 113 114 112 111 113 114 113 113 115 115 128 138 145
 147 146 146 142 139 144 142 131 106  74  62  73  99 108 106  94  74  48
  37  45  58  63  76  93  99 101  95  91  88  83  78  75  74  75  75  73
  69  69  71  74  74  73  76  79  96 107 112 116 118 116 116 117 118 118
 118 118 118 118 119 119 119 118 118 118 119 119 119 119 120 120 120 120
 120 120 120 120 120 119 119 120 120 121 121 122 122 122 121 122 121 122
 121  29]","[ 30  29 104 105 103 104 101 100 102 103 103 103 103 103 102 102 102 103
 104 105 105 105 105 105 104 104 104 104 104 104 103 103 103 103 103 103
 102 102 103 105 105 105 105 105 105 105 105 105 105 106 107 108 109 109
 108 108 106 107 107 108 108 108 107 107 109 108 107 108 109 111 111 110
 110 110 111 112 112 111 112 112 113 113 113 113 112 111 112 114 113 113
 113 113 113 113 112 112 113 111 111 113 113 112 112 114 118 126 136 139
 140 140 138 140 145 139 127 108  87  78  93 116 125 119 112 102  77  47
  45  65  75  77  86 100 101  99  92  88  83  79  76  74  72  72  73  73
  73  72  73  76  76  75  77  81 105 112 113 116 116 115 117 116 119 119
 118 118 118 118 118 118 119 118 118 119 120 120 119 119 120 120 121 122
 122 121 120 120 120 120 120 121 121 121 122 122 122 122 121 122 122 122
 121  29]","[ 29  27 103 103 102 102  99  97 100 102 103 103 102 101 101 101 101 101
 102 103 104 105 105 105 105 104 103 103 103 104 103 103 102 103 103 103
 103 103 105 106 105 105 105 105 105 104 104 104 103 105 107 108 108 107
 107 107 106 107 107 108 109 109 108 107 109 108 107 107 108 110 111 110
 109 110 111 111 111 111 111 111 113 112 111 111 110 111 113 115 112 112
 112 112 112 111 110 110 112 111 111 113 114 112 112 114 118 122 130 131
 131 131 130 137 136 128 118 100  86  95 120 136 124 119 116 105  77  56
  70  98  90  88  93 106 102  97  87  82  83  78  76  74  70  68  69  70
  75  73  72  74  76  77  81  86 110 115 114 115 113 114 119 115 118 118
 117 117 116 117 118 118 118 117 117 118 119 119 118 118 118 119 120 121
 121 120 119 118 120 121 121 122 122 121 122 122 123 122 121 122 122 122
 121  29]","[ 29  30 101 103 102 100 101  98 101 102 103 103 102 102 102 103 102 102
 102 102 103 104 104 104 104 105 105 105 104 103 103 104 103 104 104 104
 104 104 104 105 104 105 106 106 105 104 104 105 104 105 106 106 106 106
 106 106 107 107 107 108 108 108 108 108 108 107 107 108 110 111 111 111
 110 111 111 111 110 110 110 110 111 111 110 108 109 111 113 113 112 112
 112 111 110 110 109 109 111 111 111 112 112 111 112 113 116 118 122 124
 125 125 127 130 127 119 106  96  98 123 144 139 122 119 121 109  78  74
  99 117 103 103 107 110 105  96  87  81  78  76  74  72  70  67  68  70
  73  74  77  76  76  81  77  96 112 114 115 115 115 115 115 115 116 116
 116 117 117 117 117 117 117 117 117 118 118 118 118 118 118 118 118 118
 119 120 121 121 120 120 121 121 121 121 122 122 121 123 121 120 120 120
 120  29]","[ 29  30  99 100  99  98  99  97  99 101 102 103 102 102 102 102 101 101
 100 101 102 102 103 103 103 104 105 104 104 103 104 104 103 103 103 104
 104 104 104 104 103 104 105 105 104 104 104 105 104 104 105 105 106 105
 106 106 105 106 106 106 106 106 107 107 108 107 107 108 109 109 109 110
 110 111 111 110 109 110 110 111 111 111 110 109 109 111 113 113 112 111
 110 110 111 111 110 109 110 109 110 111 111 111 112 113 114 114 115 119
 122 123 123 124 122 117 104 104 123 144 146 130 121 125 121 103  84 101
 122 130 122 116 112 110 105  96  86  79  75  72  70  70  70  69  70  72
  74  75  77  77  78  82  82  97 112 113 115 115 115 115 115 115 117 117
 117 117 116 116 116 116 117 118 118 119 118 118 118 118 118 118 118 119
 120 120 120 120 121 120 120 121 122 122 122 121 120 122 120 119 119 119
 119  29]","[ 29  29  98  98  97  96  98  98  98  99 101 102 101 101 101 101 100  99
  99 100 100 101 101 101 102 103 104 104 103 103 103 104 102 102 102 103
 103 104 103 103 102 103 104 104 103 103 104 104 103 103 103 104 104 104
 104 104 104 105 105 105 105 105 106 106 109 108 107 108 108 108 108 109
 109 109 108 107 107 108 110 111 110 110 109 108 108 110 112 112 111 111
 110 110 111 111 110 109 108 108 108 110 110 111 111 112 112 112 113 113
 113 113 115 117 116 112 106 120 144 145 132 123 122 127 116  95  90 122
 131 130 132 124 117 112 104  93  82  74  71  68  67  68  70  71  72  73
  75  75  77  78  80  81  90 100 112 113 114 114 115 115 115 115 117 117
 117 117 116 116 116 116 116 117 118 118 117 117 118 119 118 118 118 119
 119 119 119 119 119 118 118 119 120 121 120 119 119 120 118 118 118 119
 118  28]","[ 29  29  98  98  96  96 100 100  97  98 100 100 100  99  99  99  99  99
  99  99 100 101 100 100 101 102 102 102 102 102 102 103 101 101 101 102
 103 103 103 102 101 102 103 103 103 103 104 104 104 104 103 103 104 104
 103 103 104 105 105 105 104 104 105 107 109 108 107 107 107 107 107 108
 108 107 106 106 107 107 109 110 109 108 107 107 108 109 110 111 111 111
 111 111 111 111 110 108 108 108 108 109 110 111 111 112 111 110 108 105
 103 104 109 113 115 114 116 134 146 132 120 123 126 123 110  95 106 132
 130 127 129 122 116 108  97  85  76  71  69  66  65  66  69  71  72  73
  75  76  79  80  80  81  98 105 112 113 114 114 115 115 115 115 116 117
 117 117 117 116 116 116 115 116 117 117 116 116 117 119 118 118 118 118
 118 118 118 118 117 116 116 117 118 119 119 119 118 119 117 117 118 118
 118  29]","[ 29  29  98  97  96  96 100 100  97  98  99  99  98  97  98  98 100 100
  99 100 100 101 100 100 100 101 101 101 101 101 101 102 101 100 101 102
 102 102 102 101 101 101 102 103 103 103 104 104 105 104 104 104 104 104
 104 104 104 105 106 105 105 105 105 107 106 106 105 105 105 105 105 106
 107 106 106 107 108 108 109 110 109 108 107 107 108 109 110 110 109 110
 111 112 111 110 109 109 109 108 108 109 110 110 110 111 109 104  98  94
  95 100 105 109 110 115 123 135 132 119 116 119 122 113 104  97 122 138
 130 128 124 116 107  99  88  79  73  70  66  65  65  65  67  69  71  73
  75  77  81  81  80  82 104 110 113 114 114 114 115 115 115 115 115 116
 117 118 118 117 116 116 115 116 117 116 114 115 116 118 118 118 118 117
 117 117 118 118 117 117 117 118 118 118 118 119 117 118 116 117 117 118
 118  29]","[ 29  29  96  96  95  95  98  98  98  98  98  97  96  96  97  98 100  99
  99  99 100 100 100  99 100  99  99  99 100 101 101 101 101 101 101 101
 101 101 101 101 101 101 102 102 103 103 104 104 103 103 102 102 103 103
 104 104 104 104 105 105 105 105 105 106 105 104 104 105 104 104 104 105
 107 106 106 108 108 108 108 109 108 107 106 107 108 108 108 109 107 109
 110 111 110 109 110 110 110 108 108 109 110 110 109 110 108 103  94  88
  88  93 101 106 107 112 124 132 119 105 108 113 114 107  99  95 125 134
 126 122 117 107  98  92  85  78  71  66  65  65  65  65  67  69  72  74
  73  77  80  81  79  85 105 113 114 114 114 114 114 115 115 114 113 115
 117 118 117 116 116 116 117 117 116 115 115 115 116 117 119 118 118 117
 117 117 118 119 118 118 118 118 117 117 117 118 117 117 116 116 117 117
 117  29]","[ 30  28  95  95  95  95  97  96  97  97  97  96  96  96  97  98  98  98
  98  98  98  98  98  97  99  98  97  98 100 101 101 100 101 101 101 101
 100 100 101 101 101 101 102 102 102 103 103 103 102 102 102 101 101 102
 103 103 104 104 105 105 105 105 105 105 105 105 105 106 106 105 105 105
 106 105 105 107 108 107 107 108 108 106 106 107 108 108 108 108 107 108
 108 108 108 108 109 110 109 108 107 108 109 109 109 108 107 103  94  85
  82  87  96 102 106 111 119 121 107  94 100 109 109 106  95  93 120 125
 117 112 105  96  88  84  79  73  68  63  65  65  65  65  67  71  73  75
  73  77  78  80  81  91 104 112 114 114 114 114 114 115 115 114 113 114
 116 116 115 115 115 116 116 116 115 115 115 116 115 115 117 118 118 117
 117 117 117 118 118 117 117 117 117 117 117 116 117 117 115 116 117 116
 117  29]","[ 30  28  95  95  95  96  98  97  96  97  97  96  96  96  97  99  97  96
  96  96  97  97  96  96  98  96  96  97 100 101 101 100 102 102 101 101
 100 100 100 101 101 101 101 101 102 102 103 103 103 103 103 102 102 102
 103 104 104 104 105 106 106 106 105 105 105 105 106 107 106 105 105 105
 107 106 106 108 109 108 107 109 109 107 106 108 109 109 108 108 109 108
 107 106 107 108 109 110 108 107 106 107 108 108 108 108 106 100  90  82
  81  87  94  97  99 108 108 100  92  90  95  98 100 100  87  90 113 117
 109 104  95  87  80  74  69  65  66  66  65  65  65  65  68  72  74  75
  75  78  77  81  84  97 105 112 114 114 114 113 114 115 114 114 113 114
 115 115 114 114 115 116 114 114 113 114 116 116 115 114 116 116 117 117
 116 116 116 117 117 116 115 115 117 118 117 116 117 116 114 115 116 115
 116  28]","[ 29  30  93  95  96  97  96  98  95  96  96  96  95  95  96  96  95  96
  96  95  95  95  96  97  96  96  97  98  98  98  99 100 100 101 101 100
 101 100  99 101 101 101 100 101 101 102 103 103 103 103 103 103 102 101
 101 103 104 104 104 105 105 104 104 104 104 105 106 107 106 104 104 105
 107 107 108 109 108 106 106 106 106 108 108 108 109 109 108 109 108 108
 108 107 107 107 107 106 106 107 108 108 108 108 109 110 109 103  89  79
  82  87  90  94  98  99  97  91  88  87  88  91  96  94  86  87 101 107
  99  91  85  81  75  69  67  66  65  63  64  65  65  65  69  73  75  74
  76  77  77  79  88 100 109 113 114 113 113 113 113 113 114 114 114 114
 113 114 114 113 113 114 114 114 114 114 116 117 116 115 114 115 116 116
 116 116 117 117 116 116 115 115 115 115 116 117 117 117 116 116 116 115
 116  29]","[ 30  30  93  95  96  97  95  96  96  96  96  96  95  95  95  96  97  98
  97  97  96  96  96  96  97  96  96  97  97  97  98  99  99 101 101 100
 100  99  98  99 101 101 100 100 100 101 102 102 102 102 102 102 102 102
 102 103 104 104 105 105 105 104 104 104 104 104 105 106 105 104 104 105
 106 107 108 108 107 105 104 105 106 107 107 107 108 109 108 109 108 108
 107 106 106 107 106 105 107 107 108 108 108 108 109 109 108 104  91  81
  81  85  88  91  94  96  95  91  88  86  85  86  89  89  83  83  92  95
  88  83  78  75  71  67  65  64  64  64  65  65  66  67  70  74  75  75
  76  76  75  79  90 103 109 111 112 112 112 112 112 112 112 112 113 112
 113 113 114 113 113 113 114 114 114 114 116 117 116 114 114 115 116 116
 115 115 115 116 116 116 115 116 116 116 116 117 117 117 116 116 116 115
 116  29]","[ 29  29  93  94  95  96  94  94  96  96  96  95  94  94  95  96  96  96
  96  97  97  97  96  96  97  96  96  96  97  97  97  97  98 100 100 100
  99  98  96  98 101 101 100 100 100 100 101 102 102 101 101 102 102 102
 102 103 104 104 104 104 104 104 104 104 104 104 104 105 105 104 104 105
 107 107 108 108 107 105 104 105 105 106 106 105 107 108 108 109 108 108
 107 105 105 106 105 105 106 106 106 107 108 108 107 107 106 104  94  81
  78  82  87  91  92  94  93  90  88  85  82  82  82  84  82  81  84  82
  77  75  73  73  71  68  66  65  65  66  65  65  66  69  72  74  75  76
  75  76  75  80  96 107 109 110 110 110 111 111 111 111 111 111 112 112
 112 113 114 113 113 113 114 113 113 114 115 116 115 113 113 114 116 116
 115 114 114 115 115 115 115 116 117 116 116 117 116 116 115 116 116 115
 116  29]","[ 29  28  91  92  94  95  93  94  94  94  94  93  92  92  94  95  95  95
  95  96  97  97  97  96  97  97  97  97  97  96  96  97  97  99  99  99
  98  97  97  98 101 101 101 101 100 101 101 102 103 102 102 102 103 103
 102 102 103 103 103 103 103 103 103 103 104 104 104 104 105 105 105 105
 107 107 108 107 106 104 104 106 105 106 105 105 107 107 107 107 108 108
 106 105 105 105 105 104 105 104 105 106 107 107 106 105 105 105  96  83
  77  81  88  93  95  94  91  87  85  83  81  81  79  81  81  81  81  77
  72  72  70  69  68  67  65  64  64  64  65  65  67  72  74  74  74  75
  72  73  74  85 102 109 109 110 110 110 111 111 111 111 111 111 112 112
 112 113 113 113 112 112 113 113 113 112 114 115 114 113 114 115 116 116
 115 114 114 114 114 114 115 116 117 116 116 116 115 116 115 116 116 115
 116  29]","[ 29  28  90  90  91  93  92  94  92  92  92  91  91  92  93  95  97  96
  96  96  96  96  96  95  97  97  97  97  96  96  97  98  98  99  99  98
  98  97  97  99 100 100 101 102 102 102 102 102 104 103 103 103 103 104
 103 103 103 103 103 103 103 103 103 103 103 103 104 104 105 105 105 104
 107 107 106 105 104 103 104 106 105 106 105 105 107 107 105 105 108 107
 106 105 105 105 105 104 105 105 105 106 107 107 106 105 105 105 100  89
  81  83  90  94  94  92  87  84  83  81  80  80  78  78  78  80  81  77
  73  71  69  67  66  66  66  65  64  64  65  66  69  74  76  75  74  75
  69  69  76  92 107 109 108 111 111 111 111 110 110 110 111 111 112 111
 112 112 112 112 111 112 113 113 112 111 112 114 114 114 114 115 115 115
 115 114 113 113 113 114 115 116 117 116 116 116 115 116 115 116 116 115
 116  29]","[ 30  29  90  89  89  90  90  93  92  92  92  92  92  93  95  96  95  95
  95  95  96  96  96  96  96  96  96  97  96  96  97  99  98  99  98  97
  97  97  97  98  98 100 101 102 102 102 102 102 103 103 103 103 103 104
 104 103 103 103 103 103 103 103 103 103 103 104 105 104 105 105 105 105
 107 106 105 105 104 104 105 106 105 106 105 105 107 107 105 104 106 106
 106 105 105 106 105 105 105 105 105 106 107 107 106 105 105 105 104  97
  88  86  89  90  88  86  82  80  80  79  77  78  76  75  76  79  82  80
  76  72  71  67  65  66  67  67  66  66  65  67  71  75  77  76  75  74
  69  70  81 100 109 108 108 112 111 111 110 110 110 110 110 110 111 110
 111 111 111 111 110 111 112 112 112 111 112 114 114 114 114 114 114 114
 114 113 113 112 114 114 115 116 116 116 115 115 115 115 114 115 115 115
 116  29]","[ 30  29  90  90  89  89  89  92  93  92  92  92  93  94  95  95  91  91
  93  94  94  95  95  95  95  94  94  95  96  97  97  98  97  98  96  96
  97  97  97  98  98  99 101 101 101 101 101 101 102 103 103 102 102 103
 103 103 102 102 102 103 103 103 103 103 104 105 106 104 104 105 105 105
 106 105 104 105 105 105 106 106 105 106 105 104 106 106 105 104 104 105
 105 104 105 106 105 104 105 104 104 104 105 105 105 104 105 104 105 102
  93  88  87  85  82  80  76  75  76  75  73  74  74  73  75  79  81  82
  79  75  72  68  65  65  65  65  64  65  66  69  72  74  75  76  75  73
  72  74  89 106 109 109 111 111 111 111 111 110 110 110 109 109 110 110
 110 112 112 111 111 111 111 111 112 112 113 114 114 114 114 113 112 112
 113 113 113 111 114 114 115 115 115 115 114 114 114 115 113 114 114 114
 115  28]","[ 29  29  91  90  89  89  90  93  91  90  90  90  92  93  93  93  90  91
  93  94  93  93  93  92  94  92  91  93  96  97  97  97  96  96  95  95
  98  98  97  98  97  99 100 100 100  99 100 101 102 103 103 102 101 102
 102 101 101 101 102 102 102 102 102 102 104 105 105 103 103 104 105 105
 104 103 103 104 105 105 105 105 105 105 104 103 106 106 105 105 103 104
 104 104 105 105 105 104 104 104 104 104 104 105 104 104 105 103 104 102
  93  87  85  82  79  77  73  72  73  72  71  73  73  72  75  78  80  82
  81  76  77  72  68  67  66  65  65  66  66  69  71  72  73  75  74  73
  74  77  93 108 108 108 112 109 111 111 111 111 111 110 109 109 109 109
 111 113 113 112 111 111 110 111 112 112 113 114 114 114 115 113 112 112
 113 114 113 112 114 114 114 114 114 113 113 113 114 114 113 113 114 113
 115  28]","[ 29  29  89  90  90  90  91  91  91  90  91  93  93  91  90  89  90  90
  93  95  95  93  92  93  95  94  94  95  96  97  97  96  94  95  97  98
  98  98  97  97  99 101 101  99  98  99  99  98 101 102 103 102 101 102
 103 102 103 103 102 102 101 101 101 102 103 104 105 106 105 105 105 105
 104 105 105 105 105 105 105 104 106 105 104 104 104 105 105 105 105 105
 105 105 105 104 104 105 105 104 103 103 104 105 105 104 105 107 103 104
 101  90  86  83  80  76  72  71  69  67  67  69  67  68  71  75  78  79
  80  79  74  73  72  71  68  64  63  66  67  69  71  73  74  72  71  74
  77  90  99 105 110 109 109 110 111 111 111 111 111 110 110 110 109 109
 110 111 112 113 113 112 112 112 112 113 114 114 114 114 114 113 112 112
 113 113 112 112 114 114 114 115 114 111 112 114 114 114 113 113 115 115
 113  29]","[ 29  29  88  89  89  90  90  90  89  89  91  93  92  90  89  89  91  92
  93  95  94  92  92  93  94  94  95  95  96  96  96  96  94  95  96  96
  97  97  97  97  97  99  99  97  98  99 100  99 100 102 102 101 101 102
 102 102 102 102 102 102 103 104 104 104 103 104 105 105 104 104 104 104
 103 104 104 103 103 103 103 103 105 104 104 104 104 104 104 104 105 105
 105 106 106 105 105 105 105 104 103 103 104 106 106 105 105 105 103 104
 101  93  87  84  79  75  71  68  66  64  63  65  65  66  69  73  75  77
  77  77  75  72  71  70  68  65  64  65  66  68  69  71  72  72  71  73
  76  92 102 107 110 108 107 107 109 109 109 110 110 110 111 111 109 110
 110 111 112 113 114 113 112 112 112 113 114 115 115 115 112 112 113 113
 114 114 114 114 113 113 113 114 113 111 112 114 114 114 114 113 115 114
 113  29]","[ 29  29  87  88  88  89  90  90  89  90  92  93  91  89  89  90  93  93
  94  95  93  91  91  93  94  95  96  96  95  95  95  96  94  95  95  96
  96  96  96  97  97  98  98  97  98 100 101 100  99 100 100  99 100 101
 102 102 101 101 101 102 103 104 104 104 103 104 104 104 104 103 103 103
 104 104 104 103 103 103 102 102 104 104 104 104 104 104 104 104 105 105
 105 106 106 106 105 105 104 104 103 103 105 106 106 106 105 103 104 103
 102  96  86  81  73  69  66  64  62  62  62  64  65  66  69  72  75  76
  76  76  76  72  70  69  68  66  65  65  64  67  67  68  70  72  71  72
  75  94 104 108 109 107 108 108 109 109 109 109 109 110 111 111 110 110
 110 111 112 114 114 114 111 112 112 114 115 115 115 114 112 112 113 114
 115 115 115 115 112 111 112 112 112 111 112 115 114 114 113 112 114 114
 113  29]","[ 29  29  87  87  88  89  89  89  90  91  91  91  89  88  90  91  93  93
  94  94  91  89  89  92  93  94  95  95  95  94  94  95  94  95  96  96
  96  96  96  97  98  99  99  99 100 101 101 100  99  99 100 100 100 101
 102 102 101 100 100 101 103 104 103 103 102 103 103 103 103 103 103 103
 104 104 104 104 104 103 102 102 103 104 105 105 104 104 105 105 105 105
 105 106 106 105 104 104 104 104 104 104 105 106 106 105 106 102 105 103
 101  98  84  75  68  65  61  60  60  61  64  66  67  68  70  73  76  77
  78  78  77  73  70  68  67  66  65  65  64  66  66  66  69  71  71  71
  78  98 108 108 108 107 110 111 110 110 110 110 110 110 111 111 111 111
 111 111 112 114 114 114 112 113 113 114 114 114 113 112 111 112 113 113
 113 113 113 114 111 111 111 111 111 111 112 114 113 113 112 111 112 112
 112  29]","[ 29  28  87  88  88  89  89  88  89  90  90  89  89  89  89  89  91  92
  93  93  90  88  88  90  92  93  93  94  95  95  95  95  94  95  96  96
  96  96  96  96  99  99 100 100 101 101 100  99 100 100 100 101 102 102
 103 103 102 102 101 102 103 104 104 103 102 102 103 102 102 102 102 103
 103 102 103 104 105 103 102 102 103 103 104 104 104 105 105 106 106 105
 104 105 105 104 104 104 103 104 104 104 104 105 104 103 106 102 105 103
 102  99  84  71  66  63  60  57  57  59  63  65  67  68  70  73  75  76
  77  78  77  74  71  67  65  64  65  65  65  67  66  65  69  71  71  71
  82 102 111 110 108 108 110 110 112 112 112 111 110 110 111 112 112 112
 112 111 112 113 113 113 112 113 113 114 114 113 112 110 111 111 111 111
 111 111 111 112 111 111 111 111 111 111 111 112 112 112 111 110 111 111
 112  29]","[ 29  29  87  88  88  88  88  88  88  89  90  90  90  90  89  88  90  91
  92  93  91  89  89  90  92  91  91  93  95  97  97  96  93  94  95  96
  96  96  96  96  97  98  99 100 101 100  99  98 100 100 100 102 102 102
 103 103 103 102 102 103 104 105 105 104 104 104 104 103 103 102 102 103
 103 102 103 105 106 105 103 103 103 103 104 104 104 105 106 106 107 105
 104 104 105 105 104 104 103 104 104 104 104 104 104 103 105 103 105 105
 104 102  88  72  62  60  56  54  54  57  60  63  66  68  71  73  74  74
  75  76  75  74  71  67  65  64  65  66  65  67  66  66  69  71  71  72
  82 100 109 109 108 108 110 109 111 111 111 111 110 110 111 112 112 112
 111 111 111 112 112 111 111 111 112 112 113 112 111 110 110 110 110 110
 110 111 111 111 110 111 111 111 111 111 111 111 112 112 111 110 111 111
 112  29]","[ 29  29  87  87  87  87  88  88  88  90  91  90  91  91  90  89  90  91
  92  93  92  91  91  92  93  92  92  93  95  97  97  97  93  94  95  96
  96  96  96  97  96  97  99 100 101 100  99  99 101 100 100 102 103 102
 103 103 103 103 103 104 105 105 105 105 105 105 105 105 104 104 104 104
 105 104 104 107 108 107 106 106 105 105 104 104 105 106 106 107 106 105
 105 105 106 106 106 106 104 105 105 104 104 105 105 105 105 105 105 107
 106 105  95  75  58  57  55  53  53  56  59  61  65  68  72  74  74  73
  73  73  72  72  70  67  65  65  66  66  66  66  66  68  71  71  72  74
  83  99 105 107 108 108 109 108 109 110 110 110 109 109 110 110 110 110
 110 109 110 111 111 110 110 110 110 111 112 111 111 110 110 110 110 110
 111 111 111 111 110 110 110 110 110 110 111 110 111 111 111 110 111 111
 111  29]","[ 29  29  87  87  86  87  88  88  89  90  90  89  88  90  91  91  89  89
  91  92  92  91  91  93  95  94  94  94  95  96  97  97  94  95  95  96
  96  96  97  98  97  98 100 101 101 101 101 101 103 102 101 103 104 104
 104 105 104 104 104 105 105 105 105 105 105 105 105 105 104 104 105 105
 107 105 105 108 109 108 107 107 108 107 106 105 106 107 107 107 106 105
 105 107 108 108 107 107 105 106 105 104 104 105 106 106 106 106 105 107
 107 106  99  77  59  59  57  55  54  56  58  60  64  68  73  75  74  72
  71  71  70  70  69  67  67  67  67  66  66  66  66  68  71  72  72  75
  90 102 106 106 108 107 108 107 107 108 109 109 108 108 108 109 109 109
 109 109 109 110 110 109 110 110 110 110 111 111 110 110 109 109 109 110
 110 110 110 109 110 110 110 109 109 110 111 111 110 111 111 110 110 110
 111  28]","[ 30  27  87  87  88  89  88  89  90  91  90  88  88  89  91  91  91  91
  90  90  90  92  94  97  97  95  94  95  95  94  95  97  96  95  95  97
 100 102 102 101 102 102 103 105 105 104 103 103 104 104 105 105 105 106
 107 106 107 107 107 107 107 107 107 106 108 108 108 108 108 108 107 107
 107 107 107 107 108 108 108 108 107 107 107 107 108 108 108 107 107 107
 108 107 108 108 107 107 107 106 105 104 104 106 107 108 106 103 106 105
 107 104 102  88  68  57  59  59  57  58  56  61  63  67  72  74  73  72
  70  68  69  68  67  66  66  67  69  70  67  65  65  67  69  70  73  75
  88  99 103 105 107 107 108 106 106 108 108 108 107 107 108 108 107 107
 108 109 109 108 109 111 110 110 110 110 110 110 110 109 109 109 109 109
 109 110 110 111 110 109 109 110 110 110 110 111 111 111 110 108 108 108
 110  29]","[ 29  28  89  90  91  92  90  92  93  94  93  92  91  92  93  92  93  93
  93  93  93  95  97  99 101  99  99 101 101  99 100 101 101 101 100 102
 103 104 104 103 104 104 105 106 106 105 104 104 105 106 106 105 105 106
 107 107 107 107 107 108 107 107 107 107 107 107 108 108 108 108 108 108
 108 108 108 108 108 107 107 106 107 107 107 108 109 109 109 108 105 107
 108 108 108 108 108 108 106 105 105 104 105 105 106 107 106 103 105 105
 106 105 106  95  79  66  66  64  61  62  60  63  63  66  70  72  73  72
  69  66  65  65  66  66  68  69  71  71  68  66  65  65  66  68  72  76
  87  98 103 106 107 107 109 108 107 108 109 109 108 108 109 109 108 107
 108 109 109 108 109 111 109 109 109 109 109 109 109 109 109 109 109 109
 109 110 111 111 110 110 110 110 110 109 109 109 110 110 110 109 109 108
 109  28]","[ 29  29  92  94  95  96  94  94  96  97  97  96  95  95  96  95  96  97
  98  98  98  99 100 102 102 102 102 104 104 102 101 101 103 103 103 104
 105 105 105 104 106 106 106 106 106 105 105 105 107 107 107 106 106 107
 108 108 107 108 108 108 108 108 108 108 107 107 107 107 107 108 108 109
 108 108 108 108 108 107 106 106 107 107 108 108 109 109 109 109 105 107
 109 109 108 108 108 108 105 105 105 105 105 105 105 105 106 104 105 105
 105 104 105  97  85  72  70  68  66  67  64  65  64  67  70  72  74  73
  69  66  65  65  66  68  71  72  73  73  71  68  66  64  64  67  73  78
  89 100 105 106 107 107 109 108 107 108 108 108 108 109 109 109 108 108
 108 109 109 109 109 111 109 109 108 108 108 108 109 109 109 109 109 109
 109 110 111 111 110 109 109 110 109 109 108 108 110 110 110 110 110 109
 110  28]","[ 29  30  94  96  97  98  96  97  96  97  98  98  98  97  97  97  96  98
  99 100 100 101 102 103 101 101 102 103 103 101 100 100 101 102 103 104
 105 105 105 104 105 105 105 105 105 104 104 105 106 107 108 107 107 107
 108 108 107 108 109 109 109 109 109 109 107 107 107 106 106 106 107 107
 108 108 109 109 109 108 108 107 108 108 108 108 109 109 109 109 107 108
 109 108 108 107 107 107 104 104 105 105 105 105 105 105 105 105 105 106
 105 103 104  97  88  77  76  76  73  72  68  68  67  69  72  74  76  75
  72  69  69  69  69  71  73  74  74  73  72  70  68  66  65  67  73  78
  91 101 105 106 107 107 109 108 107 108 108 108 108 109 109 108 108 108
 109 109 109 109 110 110 109 109 108 108 108 109 109 109 108 109 109 109
 110 110 110 111 108 108 109 110 110 109 109 109 110 110 110 111 111 109
 110  28]","[ 29  30  95  97  98  98  96  97  97  97  98  98  98  97  96  97  96  97
  99 100 100 100 101 102 101 101 102 102 102 101 101 100 101 102 103 104
 105 105 105 105 105 104 104 104 104 104 104 105 105 106 107 107 107 108
 108 107 107 107 108 109 109 109 109 108 107 108 107 107 106 105 105 106
 108 109 110 111 110 110 110 110 108 108 108 108 108 108 108 107 109 108
 107 107 107 107 107 106 105 105 105 105 105 105 105 105 104 106 104 106
 105 105 106 102  95  88  87  87  81  77  74  72  70  73  76  78  78  77
  76  74  74  73  72  73  74  75  75  73  72  70  69  68  67  67  71  75
  90  99 103 106 108 109 110 109 108 108 108 108 109 109 109 108 108 108
 109 110 110 110 109 108 109 108 108 108 108 108 109 109 108 108 109 110
 111 110 110 110 108 108 108 110 110 110 109 110 109 109 109 110 110 108
 109  28]","[ 29  30  95  97  97  97  96  97  97  97  97  98  97  96  96  97  97  98
 100 100 100 100 100 101 100 101 101 101 101 101 101 101 101 102 103 103
 104 104 104 104 105 104 103 104 105 105 105 105 104 106 107 107 108 108
 107 106 105 106 107 108 108 108 108 107 108 108 108 108 107 106 106 106
 108 109 110 110 109 109 109 110 109 109 109 108 107 107 107 107 109 108
 106 106 106 108 107 106 105 105 105 105 105 105 106 106 106 108 104 106
 104 106 106 105  99  94  94  93  87  82  80  78  74  77  80  80  79  79
  79  79  78  77  76  76  77  78  78  77  72  70  69  69  68  68  70  73
  90  99 102 105 108 109 110 107 108 108 108 107 108 109 108 107 107 109
 110 110 110 110 109 108 108 108 107 108 108 108 109 109 108 108 109 110
 110 110 110 109 108 108 109 109 110 109 109 109 109 108 108 109 109 107
 109  29]","[ 28  30  95  96  96  96  95  97  97  96  96  97  97  97  97  99 100 101
 101 100  99  99  99 100  99  99  99  99 100 100 101 101 101 101 102 102
 103 103 104 104 105 104 104 105 106 106 105 105 105 106 106 107 107 108
 107 105 105 105 107 108 108 108 107 107 106 107 109 109 108 107 107 108
 107 108 109 109 108 108 108 109 109 109 109 108 107 107 107 107 108 108
 107 106 106 107 107 106 105 105 105 105 105 106 107 107 108 109 104 106
 104 105 104 105  99  97  98  99  93  88  86  82  80  82  83  82  81  81
  81  82  82  81  80  79  80  80  80  79  74  72  69  69  69  70  71  73
  89  99 103 105 107 108 108 106 108 108 108 107 107 108 107 107 107 109
 110 110 109 109 108 107 107 107 108 108 108 109 109 109 108 108 108 109
 109 109 109 109 109 108 108 109 109 108 108 109 109 108 108 109 110 107
 109  29]","[ 28  30  95  96  96  96  95  97  96  95  96  97  98  98 100 102 101 101
 101  99  98  97  97  98  99 100 100 100 100 102 102 102 103 102 103 103
 104 105 105 105 106 104 104 105 107 107 105 104 107 106 106 106 107 108
 107 105 105 106 107 108 109 108 108 107 104 106 108 109 108 108 108 109
 108 109 109 109 108 108 109 110 109 109 109 109 108 107 107 108 108 108
 108 107 106 106 106 105 104 104 105 105 106 106 107 107 106 109 104 107
 106 106 104 104 102 100 103 106 101  94  90  84  84  85  85  83  82  82
  83  83  84  83  82  81  81  81  79  78  76  72  69  68  69  70  72  73
  86  97 102 105 107 108 109 108 109 109 109 108 108 108 108 107 107 109
 110 109 108 108 108 108 108 108 108 109 109 110 110 110 108 108 108 108
 108 108 109 109 108 108 108 108 108 108 108 109 108 107 107 109 109 107
 108  28]","[ 28  29  94  96  95  96  95  95  95  96  97  97  97  97  97  97  99  99
  99  98  98  98  97  97 100 100  99  98  98 100 102 102 101 101 102 103
 104 105 104 103 104 105 104 104 106 107 105 102 107 107 107 107 107 107
 108 108 108 108 108 107 107 107 108 109 106 106 107 107 108 108 108 108
 108 108 108 108 109 110 110 109 109 109 109 109 108 107 108 110 109 108
 107 106 106 106 105 105 104 105 106 107 107 107 107 106 107 106 106 107
 107 106 104 104 102 105 107 106 101  94  89  87  87  87  87  87  86  86
  87  87  87  88  88  85  82  80  80  80  77  75  69  65  65  66  68  72
  83  96 103 103 106 109 108 108 110 109 109 109 109 108 108 107 108 109
 109 109 109 108 107 107 109 109 108 108 109 109 109 109 108 108 108 108
 108 108 109 109 108 108 108 108 108 108 107 107 108 108 108 108 109 107
 108  29]","[ 29  29  94  95  94  95  95  96  95  96  96  96  96  96  97  97  98  98
  98  97  97  98  99  99 101 101 100  99  99 101 102 102 102 102 103 104
 104 104 104 104 103 103 104 104 106 108 107 105 106 106 106 107 107 107
 108 108 107 107 107 107 106 107 107 108 107 107 107 108 108 108 108 108
 108 108 108 108 109 109 108 107 107 108 109 109 108 107 107 107 106 106
 105 105 105 105 104 104 105 105 105 106 107 107 107 106 106 105 105 107
 107 106 105 105 103 106 109 108 103  96  92  91  89  89  89  89  89  89
  89  89  89  89  89  86  83  81  81  81  78  75  69  65  64  65  68  72
  81  94 102 104 107 108 108 108 109 109 108 109 109 109 108 108 108 109
 109 109 109 108 108 107 108 109 109 109 109 109 109 110 108 108 108 108
 108 109 109 109 108 108 108 108 108 108 108 108 108 109 108 108 108 106
 107  29]","[ 29  30  94  95  93  95  95  96  95  96  96  96  96  96  97  98  97  97
  97  97  97  98  99  99 101 101 101 100 101 102 102 102 101 102 103 103
 103 103 104 105 103 104 104 105 107 108 109 108 106 106 107 107 107 107
 107 107 107 107 108 108 108 108 109 109 109 109 109 108 108 108 108 108
 108 109 109 108 108 108 107 106 105 108 110 109 108 107 106 104 104 105
 105 105 105 105 105 105 105 105 105 105 106 107 106 106 105 104 105 106
 106 106 105 105 103 107 110 110 104  98  95  94  92  92  92  93  92  92
  91  91  90  90  89  86  83  82  82  81  79  77  71  66  65  65  68  72
  78  90 100 105 108 108 107 108 108 108 108 108 109 109 109 108 109 109
 109 108 108 108 108 108 108 109 110 110 109 109 109 110 108 108 108 108
 108 109 109 109 108 108 108 108 108 108 108 108 108 109 109 108 108 106
 107  29]","[ 29  29  94  94  92  94  94  96  95  96  96  96  96  96  96  96  97  97
  97  97  97  98  98  98  99  99 100 101 102 103 103 102 100 100 101 102
 102 103 104 105 105 105 105 105 106 107 107 108 106 106 107 107 107 107
 107 107 107 107 107 108 109 110 110 111 110 110 109 109 108 108 108 108
 108 109 109 108 107 107 107 106 105 108 110 109 107 107 106 103 104 105
 106 106 105 105 105 105 105 105 104 105 105 106 106 106 105 104 105 105
 105 105 104 104 105 107 111 111 107 101  97  96  94  94  94  95  95  95
  94  93  92  91  89  87  85  84  83  82  82  79  73  67  65  65  68  73
  76  86  98 106 108 108 107 108 107 107 107 108 109 109 109 109 110 109
 109 108 108 108 108 108 108 109 109 109 110 109 109 109 107 107 108 108
 108 108 109 109 108 108 108 108 108 108 108 107 108 109 109 108 109 107
 108  30]","[ 29  28  92  93  91  93  93  94  94  95  96  96  96  95  95  94  96  97
  97  97  97  98  97  97  98  99 100 101 102 103 103 102 100  99  99 101
 103 104 104 104 105 105 104 104 104 104 105 106 106 106 107 107 108 108
 108 107 106 106 107 107 108 109 109 110 109 109 109 109 109 108 107 107
 108 109 109 108 107 107 107 107 107 109 110 108 107 107 106 104 104 105
 106 106 106 105 105 105 105 104 104 104 105 106 105 105 105 105 105 105
 105 105 105 105 107 109 111 112 109 104  99  97  95  95  95  95  96  96
  96  96  95  94  92  89  87  86  84  83  83  81  75  69  66  66  68  73
  75  84  97 106 108 108 108 109 106 106 107 108 109 109 109 108 109 108
 108 108 108 108 109 109 109 108 108 108 109 110 109 107 107 107 107 107
 108 108 108 109 108 108 107 108 108 108 107 107 107 108 108 107 108 107
 108  30]","[ 29  28  91  91  90  92  93  94  94  95  96  97  96  95  94  94  95  96
  97  97  97  98  97  96  98  99 100 101 102 103 103 101 100  99  99 101
 103 105 104 103 104 104 104 105 104 104 104 105 105 106 106 107 108 109
 109 109 107 107 107 107 107 108 108 108 108 108 109 109 109 108 107 107
 108 109 109 108 106 107 108 108 109 110 109 107 106 106 106 105 105 106
 107 107 107 107 106 106 106 105 104 104 105 106 105 104 105 106 106 106
 106 107 107 107 107 108 110 112 110 105 100  97  96  95  95  96  97  98
  98  98  97  96  94  91  89  87  84  83  83  82  77  72  68  66  68  72
  75  83  96 104 107 108 110 108 107 107 107 108 109 109 108 107 107 107
 108 108 109 109 110 111 109 108 107 108 109 109 108 107 107 107 107 107
 108 108 108 108 108 107 107 107 108 108 107 106 105 106 105 106 108 106
 108  29]","[ 30  28  89  89  88  91  92  93  92  94  95  95  95  95  94  94  95  96
  97  97  97  97  97  96  98  99  99 100 102 102 101 100  99  99  99 101
 103 104 104 103 105 104 104 105 106 105 105 106 106 107 107 107 108 109
 109 109 109 109 109 108 107 107 108 109 107 108 108 108 108 108 108 107
 108 109 110 108 107 107 107 108 109 109 108 107 106 106 105 106 106 106
 107 107 108 108 107 107 106 105 104 105 106 106 105 104 104 106 106 106
 105 106 107 107 107 108 109 110 109 105 101  99  98  97  97  97  98  99
  98  97  96  96  95  93  90  87  85  84  83  83  80  76  72  69  69  72
  76  83  94 102 105 108 110 108 108 108 108 109 109 109 108 107 107 107
 108 109 109 110 110 111 109 109 108 108 107 107 107 107 107 107 107 108
 108 108 108 108 108 108 107 107 108 108 107 106 104 105 104 105 108 107
 108  29]","[ 30  26  87  86  85  89  91  92  90  91  92  93  93  93  93  94  96  96
  97  96  96  97  97  96  98  98  98  99 101 102 101  99  96  97  99 101
 103 104 104 104 104 103 103 105 106 105 105 105 108 108 108 108 108 108
 109 109 109 110 110 109 107 107 108 109 107 107 107 107 108 108 108 108
 108 109 110 109 107 106 107 108 109 108 107 107 106 105 104 105 105 105
 106 106 107 108 107 107 107 106 105 106 107 107 106 104 104 106 106 105
 104 105 106 105 107 108 110 110 108 105 103 102 101 100  99  99  99  99
  97  96  96  97  96  94  92  89  87  86  83  84  83  79  75  71  70  73
  76  82  93 101 103 108 111 107 109 109 109 109 110 109 107 106 108 108
 109 109 109 110 110 110 108 109 109 108 106 106 107 108 108 108 108 108
 108 108 108 108 109 108 107 108 108 108 107 106 105 105 105 105 108 108
 109  29]","[ 28  29  88  86  85  87  89  90  87  89  90  92  94  92  91  94  93  95
  97  97  95  95  96  96  98  99  99 101 102 102 101 100  99 100 102 102
 102 102 103 104 103 104 105 104 104 104 105 106 108 110 110 108 107 107
 107 108 109 111 110 108 108 108 107 108 107 107 107 108 109 109 108 108
 109 109 109 110 109 108 107 107 108 108 108 108 107 106 105 105 107 107
 107 107 106 107 108 108 107 105 104 105 106 104 104 105 105 106 106 106
 105 104 104 104 105 108 110 111 108 105 102 100 100 100 100  99 100 102
 102 101  99  97  96  95  93  91  89  86  86  84  82  80  77  74  73  73
  77  83  93 102 106 106 107 108 108 108 108 109 109 109 109 109 109 109
 110 110 109 109 109 109 108 109 110 109 108 108 108 109 108 109 109 109
 108 108 109 109 110 109 108 108 108 108 107 106 105 105 105 106 108 109
 111  29]","[ 29  29  85  86  86  88  89  88  87  88  89  90  92  92  92  91  93  95
  97  96  95  95  96  97  99  99  99 100 101 101 100  99  99 100 101 102
 103 103 103 104 104 104 104 104 104 105 106 107 107 108 109 108 107 107
 108 108 107 109 108 107 107 106 106 107 109 109 108 108 109 109 108 107
 109 109 109 109 109 108 108 108 106 106 107 107 107 106 106 105 109 109
 108 108 107 106 107 107 107 105 105 105 105 104 104 105 105 105 106 107
 107 106 106 105 105 108 111 111 108 103 101 100 100 101 101 100 101 103
 103 103 101  99  97  96  94  92  91  88  87  86  85  84  81  78  76  76
  77  83  92 101 106 106 105 105 106 106 107 107 108 108 109 109 108 108
 109 109 109 109 109 109 108 109 110 110 109 108 109 110 109 109 109 108
 108 109 109 109 109 109 109 109 109 109 108 108 108 107 107 107 109 109
 110  29]","[ 29  30  83  88  86  87  88  87  90  88  87  86  88  93  96  94  93  94
  96  96  95  95  96  97 100  99  99  99 100 100  99  99  99 100 102 103
 104 104 104 104 104 104 104 104 105 106 107 108 106 108 108 108 107 107
 108 108 107 108 108 108 108 106 105 108 109 109 108 108 108 108 108 108
 109 108 108 108 108 108 108 109 106 107 107 108 107 107 107 108 108 109
 109 109 108 107 107 107 107 105 105 105 105 104 104 106 104 105 105 106
 107 106 106 105 103 107 111 112 109 105 102 102  99 100 101 102 103 104
 105 105 102 100  98  96  94  93  92  90  89  89  88  86  83  80  78  78
  78  83  91 100 105 106 105 104 106 106 107 108 109 109 110 110 109 109
 109 109 109 110 110 109 108 109 110 110 110 109 110 110 110 110 109 108
 108 109 110 110 108 109 111 111 110 109 109 109 109 109 109 109 109 109
 110  29]","[ 28  31  83  88  83  83  86  88  88  87  89  90  91  94  95  92  93  94
  94  95  95  95  95  97  99  98  98  98  99  99  99  99 100 101 102 103
 104 105 105 105 105 104 104 104 105 106 108 108 107 108 109 108 107 107
 106 106 107 108 108 109 109 106 105 109 109 108 108 108 108 108 108 108
 108 108 107 107 108 108 109 110 107 108 108 108 107 107 108 109 107 108
 109 109 109 108 108 108 106 105 105 106 105 104 105 107 106 105 105 105
 105 106 106 105 104 108 111 112 110 106 103 102  98  99 101 103 104 105
 105 105 104 100  98  97  94  94  93  91  91  91  90  88  84  79  77  77
  78  82  89  98 103 105 106 107 107 108 108 109 109 110 110 110 110 109
 109 110 110 110 109 108 108 109 110 111 110 110 110 110 111 110 109 109
 109 110 111 110 109 110 111 111 110 109 109 108 109 109 110 109 109 109
 110  29]","[ 29  29  83  85  82  83  86  87  89  89  90  90  88  89  92  92  92  92
  92  94  94  95  95  97  97  96  96  97  98  99  99  99 100 100 101 102
 103 104 105 105 105 105 104 104 104 105 107 107 108 109 109 108 107 107
 106 105 107 108 108 109 108 105 104 107 109 109 108 108 108 108 108 108
 108 107 107 108 108 108 109 110 108 108 107 106 106 106 107 108 106 107
 109 109 109 109 108 108 105 105 106 106 106 105 106 107 107 106 104 104
 105 106 107 107 107 109 111 112 110 106 102  99  96  98 101 104 106 106
 105 105 105 102 100  98  95  95  94  92  93  92  91  88  84  80  77  77
  77  80  88  97 103 105 107 108 107 108 108 109 109 109 110 110 109 109
 109 110 110 110 109 108 108 109 110 110 110 110 110 110 110 110 110 110
 111 112 111 110 109 110 110 111 111 111 109 109 109 109 110 110 110 109
 111  29]","[ 30  28  85  83  84  86  87  87  88  92  92  88  87  88  89  92  90  90
  91  93  95  95  96  97  96  96  97  98  99 100 100 100  99 100 100 101
 101 102 104 104 105 105 104 104 104 105 106 106 108 108 108 108 107 107
 107 106 107 108 108 108 108 105 104 107 110 110 110 109 109 108 108 108
 106 106 107 108 108 108 108 108 109 108 107 105 105 105 106 107 107 108
 109 109 108 107 106 106 105 106 106 107 107 107 106 106 106 105 104 104
 104 106 107 108 108 108 110 111 111 108 104 101  97  98 101 105 107 106
 105 105 105 102 100  99  96  95  94  91  92  91  90  88  85  82  79  78
  77  80  88  98 104 107 108 109 107 108 108 109 109 110 110 110 108 109
 109 110 110 110 110 109 109 109 110 110 110 110 110 110 109 110 111 111
 111 112 111 110 110 110 110 111 112 112 111 110 110 111 111 111 111 110
 111  29]","[ 30  28  93  84  87  88  87  87  89 102 101  93  92  91  87  88  90  89
  90  93  95  95  95  96  97  97  97  98  99 100 100 100  99 100 100 101
 101 102 103 104 104 105 105 105 104 105 106 106 108 108 108 107 107 107
 107 106 108 109 109 108 108 107 106 107 109 110 110 110 109 109 108 108
 107 106 107 108 108 107 107 108 109 108 106 106 107 107 107 107 106 107
 108 108 108 107 106 106 106 107 107 107 108 107 106 105 105 105 105 106
 106 106 107 108 107 109 110 111 111 109 105 103  99  99 101 105 107 107
 106 105 105 102 101  99  97  95  93  90  89  89  89  88  87  84  81  80
  79  80  86  95 104 108 109 109 109 109 109 110 110 110 110 110 109 109
 110 110 110 110 110 111 110 110 109 109 109 110 110 110 108 110 111 111
 111 111 111 110 110 110 111 111 111 112 112 112 111 112 112 111 112 111
 111  29]","[ 29  29 102  88  88  86  86  89 107 118 108  88  86  89  89  92  91  90
  91  94  95  94  94  94  97  97  97  98  98  98  98  97  99 100 101 102
 102 102 103 104 104 105 105 105 105 105 106 107 108 108 108 107 107 107
 107 106 107 109 109 107 108 108 107 108 108 109 110 110 109 109 109 109
 109 108 108 109 109 108 108 109 108 107 106 107 108 109 108 107 105 106
 107 107 107 107 107 107 107 107 108 108 108 107 105 103 105 106 108 108
 108 108 107 107 109 110 112 111 109 106 103 101 100 100 101 105 108 108
 106 106 106 103 102 101  98  96  94  90  89  88  88  89  89  86  83  81
  80  79  82  90 101 107 109 110 110 110 110 110 110 110 109 109 110 110
 109 109 108 108 109 110 111 110 109 109 109 109 110 110 108 109 110 110
 110 110 110 110 111 111 111 111 110 110 111 112 111 111 111 111 112 112
 111  29]","[ 30  28  99  87  82  84  98 122 131 118  96  90  85  87  90  91  92  90
  89  96  93  95  93  94  93  95  97  97  97  98  99  99  99 100 100 100
 101 103 104 105 104 104 103 103 104 105 106 107 106 106 106 107 108 109
 108 108 106 108 109 109 108 108 107 106 108 109 110 110 109 109 109 110
 108 109 108 107 106 107 108 109 108 108 108 108 108 108 107 107 105 106
 106 107 108 108 108 108 107 107 107 107 107 107 107 108 108 108 109 109
 108 107 107 107 110 112 113 112 110 107 105 103 102 102 102 104 109 109
 106 105 105 103 103 101  98  96  94  91  90  89  89  90  90  89  86  83
  81  80  82  89  99 106 109 110 110 110 111 111 110 110 110 111 110 109
 109 108 109 109 110 110 111 111 110 110 110 111 111 111 109 110 110 110
 110 110 111 111 112 112 111 111 111 111 112 112 114 111 110 110 112 111
 111  29]","[ 28  33  79  91  97 120 138 134 119 101  83  87  89  89  89  92  92  92
  91  95  93  95  94  94  95  96  98  98  98  98  99  99 100 101 100 100
 101 103 104 104 104 104 104 105 106 106 106 106 106 105 105 105 106 107
 107 107 108 109 110 109 109 109 108 108 108 109 110 110 109 108 109 109
 108 109 109 108 107 108 108 108 109 109 108 108 108 107 107 107 106 106
 107 108 109 109 109 109 108 107 106 106 106 106 106 107 109 110 110 109
 108 107 107 107 108 111 113 112 110 107 105 103 103 104 104 105 108 108
 106 105 104 102 101 100  97  96  95  92  90  89  88  89  90  90  88  86
  83  82  84  90  98 104 108 109 110 110 111 111 111 111 111 111 110 110
 109 110 110 111 111 111 111 110 110 110 110 111 111 111 110 110 111 111
 111 111 111 111 111 112 111 111 110 110 111 112 114 112 111 111 112 111
 111  29]","[ 29  31  95 113 128 135 130 112  98  91  87  89  87  87  85  89  87  90
  92  94  92  94  94  95  96  97  98  99  99  99 100 100 101 101 101 100
 101 102 103 103 103 103 104 106 107 107 107 106 106 105 105 105 105 106
 107 108 109 110 110 109 109 110 109 108 108 109 109 109 109 108 108 108
 108 109 109 109 109 109 109 109 109 109 109 108 107 107 107 107 107 108
 108 109 110 110 110 109 110 108 107 106 106 106 106 107 110 110 110 109
 107 106 106 107 106 109 112 112 109 107 105 104 104 105 105 105 107 106
 105 106 104 102 100  98  96  96  95  92  90  89  88  89  90  91  90  89
  86  86  88  92  98 103 107 110 110 110 110 110 111 111 110 110 109 109
 109 110 111 111 111 111 111 111 110 110 111 111 111 111 111 111 111 112
 112 112 111 111 111 112 112 111 110 109 110 112 113 112 112 112 113 111
 111  29]","[ 28  31 132 133 131 112  93  87  87  81  82  87  89  91  83  83  83  87
  91  95  94  93  92  95  96  96  97  98  99  99 101 102 102 102 102 101
 101 102 103 103 103 103 104 106 108 108 107 106 106 106 106 106 107 108
 108 109 110 109 109 108 108 109 109 108 109 108 108 108 108 109 108 108
 109 109 110 109 110 110 111 110 109 109 109 108 107 107 107 108 109 108
 108 109 109 110 109 108 110 108 108 107 107 107 107 107 108 109 109 108
 106 105 105 106 107 109 110 110 109 107 105 103 104 105 104 105 107 107
 105 106 104 102 100  98  96  96  95  91  89  89  88  88  90  91  91  90
  90  90  92  95  99 103 107 110 110 110 110 110 111 111 110 110 109 109
 109 110 111 111 111 110 111 111 111 111 112 112 112 112 110 110 110 110
 111 112 111 111 111 111 111 111 110 110 110 111 112 112 112 112 113 112
 112  30]","[ 28  29 142 140 131 131 127 122 109  98  96  97  89  76  58  59  63  65
  71  81  92  94  94  97  97  96  96  97  98  98 100 102 102 103 103 102
 102 103 104 105 103 103 104 106 107 107 106 106 104 105 106 107 108 108
 108 108 109 109 108 107 107 108 109 108 109 108 107 107 108 109 109 109
 109 109 109 109 110 111 112 112 110 110 109 108 108 108 108 108 109 109
 108 108 108 108 108 108 108 108 108 109 109 108 107 107 107 108 108 108
 106 106 105 106 109 109 109 108 108 107 105 103 102 103 103 105 108 108
 105 105 104 102 101  99  97  96  94  91  89  89  88  89  90  91  91  91
  91  92  94  97 100 102 106 108 110 110 110 110 111 111 111 110 111 111
 111 111 112 112 111 111 111 111 112 112 112 112 112 112 110 110 109 110
 110 111 112 112 112 111 110 110 111 111 111 110 111 112 112 112 112 111
 112  29]","[ 32  30 157 159 150 149 135 114  97  86  74  65  51  44  40  46  42  40
  45  59  83  93  95  96  97  96  96  97  97  97  99 100 101 102 102 102
 101 102 104 104 103 104 104 105 105 106 106 106 105 106 107 107 108 108
 108 108 109 108 107 107 108 109 109 109 108 108 107 107 108 109 109 109
 109 109 109 109 110 111 111 111 111 110 109 109 109 109 108 107 109 109
 109 108 108 108 108 108 108 107 107 109 109 109 107 107 107 107 108 108
 108 107 107 107 111 110 108 107 106 106 104 102 101 102 103 104 108 107
 105 104 102 101 101 100  98  96  95  92  89  89  89  90  91  92  92  91
  91  92  94  97 100 103 105 108 110 110 111 111 112 112 112 112 112 112
 111 111 112 112 111 111 110 111 111 111 111 111 111 111 111 111 110 110
 111 111 112 113 112 111 110 110 111 112 111 111 112 113 113 111 111 111
 111  28]","[ 30  26 103  89  74  60  48  38  23  25  23  30  36  42  41  37  41  40
  40  47  72  85  91  93  97  96  96  98  98  97  98 100 101 102 102 101
 100 101 103 103 104 104 105 105 104 104 105 106 107 107 107 107 107 107
 108 108 109 108 107 107 108 110 110 109 108 108 108 108 109 109 109 108
 109 109 109 109 109 110 110 109 110 109 108 109 110 110 109 108 108 109
 110 110 109 109 109 109 109 108 107 108 109 109 109 108 108 108 108 109
 109 109 109 109 110 110 108 106 105 104 103 102 101 103 103 104 106 105
 103 102 102 101 102 101  98  96  95  92  90  90  90  90  90  91  91  91
  91  91  92  96  99 103 105 107 109 110 111 111 112 112 112 112 112 111
 111 110 111 111 111 111 110 111 111 111 111 111 111 111 112 112 112 111
 111 111 112 112 111 111 110 111 111 112 112 111 113 113 113 111 111 111
 111  28]","[ 29  31  21  18  19  20  22  20  24  28  28  39  41  39  40  40  39  41
  40  40  60  76  89  94  96  95  96  98  99  98  98 100 101 103 103 102
 101 102 103 104 104 105 105 105 104 104 105 106 109 108 107 106 105 105
 107 108 108 108 107 107 108 110 110 110 108 108 109 109 109 109 108 107
 108 109 109 109 109 109 108 107 108 108 107 109 111 112 111 110 107 109
 111 111 111 110 110 110 112 110 108 108 109 110 110 110 110 109 108 109
 109 110 110 109 109 109 109 106 103 102 102 102 101 103 104 104 105 103
 101 101 102 102 103 101  97  95  94  92  91  91  90  89  89  89  89  89
  90  89  90  93  98 101 105 107 108 109 110 111 111 111 111 112 111 111
 110 110 110 111 111 111 110 111 112 112 111 111 111 111 113 113 113 112
 111 111 111 111 110 110 111 111 111 111 112 112 113 113 112 110 111 111
 112  29]","[ 28  28  32  32  29  30  31  34  36  38  38  38  38  40  40  40  40  39
  40  44  50  67  88  93  94  95  97  98  99  99  99  98 100 101 102 101
 102 104 105 104 103 104 104 103 104 107 108 108 108 109 109 107 104 104
 106 108 109 109 109 109 110 110 109 109 108 108 108 109 110 109 108 106
 106 107 108 108 109 109 107 106 107 109 110 111 110 110 109 109 107 109
 111 111 111 110 110 110 111 110 109 108 108 109 109 110 109 109 109 109
 110 110 110 110 110 109 107 105 104 103 103 103 103 103 104 105 105 104
 103 102 101 102 103 101  99  96  94  94  93  92  91  90  89  88  89  90
  89  89  88  90  96 102 105 109 107 108 109 110 111 111 110 109 110 110
 109 108 109 112 113 112 110 110 111 112 112 113 112 111 113 112 111 111
 111 112 111 111 110 110 110 110 110 111 111 111 112 111 112 112 110 112
 109  29]","[ 29  30  37  38  36  38  39  41  42  41  40  40  39  39  39  39  41  40
  39  38  39  53  79  96  94  95  96  96  97  97  97  97  99 101 102 102
 103 105 106 105 105 106 106 105 105 106 107 106 107 108 109 108 106 105
 107 108 109 109 109 109 109 109 109 108 106 108 109 110 109 108 106 105
 107 107 108 108 109 109 108 107 109 110 111 111 110 110 110 109 108 109
 110 111 110 109 109 109 110 109 109 108 109 110 110 110 110 109 109 108
 108 109 110 111 109 108 107 105 104 103 102 102 102 103 104 106 106 105
 103 101 100 101 101 100  98  96  95  94  94  93  91  90  89  88  88  89
  90  91  90  92  96 100 103 106 109 109 110 111 112 112 111 110 110 111
 110 109 110 113 113 112 112 112 111 112 112 113 113 113 113 112 111 111
 112 113 113 112 111 111 110 110 111 111 111 112 111 112 108 112 114 109
 110  30]","[ 29  31  40  42  40  41  40  41  42  39  36  35  34  32  32  32  33  31
  29  30  25  28  60  96  97  97  97  97  97  98  98  98  98 101 103 103
 104 105 105 104 103 105 106 106 106 106 106 106 106 108 108 108 106 106
 107 108 108 109 109 109 108 108 107 107 106 108 111 111 110 107 106 106
 106 106 106 106 107 108 108 108 110 110 110 109 109 109 108 107 107 108
 110 110 110 109 109 109 109 109 109 109 109 110 110 109 109 109 109 108
 109 109 110 110 109 108 107 106 105 104 102 101 102 103 104 105 105 104
 103 101 103 102 101 100  98  96  94  94  95  93  90  89  88  88  88  89
  89  91  91  93  96  99 103 107 109 108 108 109 111 111 111 110 110 110
 109 109 110 112 112 111 111 111 110 110 111 111 112 112 112 111 111 111
 112 112 112 112 111 111 110 110 110 110 110 111 110 110 112 111 108 108
 114  30]","[ 28  31  39  41  38  38  36  36  37  33  29  29  28  25  24  26  23  21
  17  19  18  22  59 102  97  97  97  97  97  98  98  99  98 101 103 103
 103 103 104 103 103 105 107 107 107 107 107 107 108 109 109 109 108 107
 108 109 110 110 110 110 109 108 108 108 107 108 110 110 108 106 105 105
 108 108 107 106 107 109 110 110 111 111 110 109 109 109 108 107 108 109
 111 111 111 111 111 111 110 110 110 110 110 110 110 110 109 109 110 111
 111 111 110 110 109 107 106 105 105 105 104 103 104 103 103 104 104 103
 103 102 102 101 100  98  96  95  93  91  92  91  89  89  89  89  89  89
  87  88  89  90  93  96 101 107 110 109 108 109 111 111 111 110 110 110
 110 110 111 112 112 110 111 110 109 109 110 111 112 112 113 112 112 112
 113 113 113 112 112 112 111 110 110 110 111 111 111 108 113 109 111 114
 111  25]","[ 29  30  35  33  30  30  29  28  26  22  19  19  19  17  17  18  19  21
  17  17  18  24  56  94  96  97  98  99 100 101 101 102 101 102 104 104
 103 104 104 105 105 106 107 107 106 105 106 106 109 109 108 108 107 107
 108 109 110 110 110 110 109 108 108 108 109 109 108 108 107 106 106 106
 108 108 107 106 107 109 110 110 110 110 109 108 108 108 108 107 108 109
 110 110 110 110 110 110 109 109 108 108 108 108 108 109 108 109 110 110
 110 110 110 109 108 107 105 104 104 105 104 104 103 103 103 104 104 104
 103 102 102 101 100  99  97  96  93  91  89  88  88  88  89  88  88  88
  89  90  90  91  93  96 101 109 110 109 109 109 110 111 111 110 109 109
 109 110 111 111 111 109 109 109 109 109 110 111 111 111 112 112 112 112
 112 112 112 112 112 112 111 110 110 110 111 111 109 111 110 109 112 110
 110  34]","[ 30  28  28  22  17  18  18  18  19  17  16  16  16  16  16  17  15  16
  15  17  17  21  57 100  95  96  97  99 101 102 102 102 101 102 102 103
 103 103 104 105 105 105 105 106 106 105 106 107 110 109 109 108 107 107
 108 108 110 110 110 110 109 109 109 109 111 110 108 107 108 108 108 108
 108 108 107 106 107 109 109 109 110 110 110 109 109 109 109 108 109 109
 110 110 110 109 109 109 109 109 109 109 109 109 110 111 111 110 110 110
 110 110 111 111 110 108 105 103 102 101 101 100  99 100 102 104 105 104
 102 101 101 100  99  97  95  92  89  87  89  89  89  90  90  89  89  89
  88  88  88  90  93  95 100 107 110 110 109 110 110 111 111 111 110 110
 110 110 111 111 110 109 109 109 110 111 112 112 112 112 111 111 111 112
 112 113 113 113 113 112 111 111 110 111 111 111 110 113 107 113 108 108
 113  24]","[ 29  27  26  21  17  18  18  17  16  16  16  16  16  16  16  16  17  15
  13  17  19  24  57  94  95  96  97  98  99 100 100 100 101 101 102 102
 103 103 103 104 106 105 106 107 108 108 108 109 110 110 109 109 109 109
 109 109 110 110 110 110 110 110 109 109 109 108 107 107 107 108 107 107
 108 108 108 107 108 109 109 109 109 110 110 110 110 110 110 109 110 110
 110 110 110 109 109 109 109 110 110 110 110 110 111 111 112 111 111 110
 110 111 111 112 109 107 105 103 101 100  99  99  99 100 102 103 104 103
 102 101 100  99  97  96  94  92  90  88  87  87  88  88  88  87  87  88
  90  90  90  92  95  95  98 103 109 109 110 110 110 110 110 110 111 110
 110 111 111 111 110 110 110 110 110 111 112 112 112 111 110 111 111 111
 111 112 112 112 112 111 111 111 110 110 111 111 113 109 105 114 110 112
 107  32]","[29 28 31 29 28 30 29 27 28 29 29 29 29 29 29 28 28 31 28 28 29 28 29 29
 28 29 29 29 29 29 29 28 29 29 29 29 29 29 29 29 29 28 29 30 30 28 28 29
 29 29 29 29 29 29 29 29 29 29 28 28 29 29 29 29 29 29 29 29 29 29 29 28
 29 29 29 28 29 29 29 28 28 29 29 29 29 29 29 29 29 29 29 29 29 29 29 29
 28 28 29 29 29 28 28 29 29 29 29 29 29 29 29 29 29 29 29 29 28 29 29 29
 29 29 29 29 29 29 29 29 29 29 29 28 28 29 29 29 29 29 29 30 29 29 29 30
 29 28 28 30 31 28 27 31 28 29 29 29 29 29 29 30 30 28 28 29 30 29 29 28
 29 29 29 29 29 29 29 28 29 29 29 29 29 29 29 29 29 29 29 29 29 29 29 29
 28 31 29 27 29 28 29 29]"
