"[29 29 30 30 29 32 29 30 29 29 30 30 29 28 29 31 30 29 29 29 29 29 30 29
 29 29 29 29 29 29 29 29 29 29 29 29 29 29 29 30 29 29 29 29 29 29 29 29
 29 29 29 29 29 29 29 29 29 29 29 29 29 29 29 29 29 29 29 29 29 29 29 29
 28 29 29 29 30 30 29 29 29 29 29 29 29 29 29 29 29 29 29 29 29 29 29 29
 28 28 29 30 29 29 29 29 29 29 29 29 29 29 29 29 28 29 29 29 29 29 29 29
 29 29 29 29 29 29 29 30 29 30 30 30 29 29 29 29 29 29 29 28 29 29 29 29
 29 28 29 30 30 29 29 30 29 29 29 29 29 29 29 28 29 30 30 29 28 29 29 29
 29 29 29 29 29 29 29 28 29 28 29 30 29 29 29 29 31 27 29 30 29 31 29 29
 28 30 30 29 30 30 30 30]","[30 31 27 29 29 30 27 28 29 29 29 29 29 29 29 30 29 28 28 29 29 29 29 28
 29 29 29 29 28 28 28 29 30 30 30 30 30 30 29 29 29 29 29 29 29 29 29 29
 29 29 29 29 29 29 29 29 29 29 29 29 29 30 30 30 29 29 29 29 29 29 29 29
 29 29 29 29 29 29 29 29 30 30 30 29 29 29 29 29 29 29 29 29 29 29 29 30
 30 29 29 29 29 29 29 30 30 29 29 29 29 29 29 29 29 30 30 30 30 29 29 30
 29 29 29 29 29 29 29 29 28 29 29 29 29 30 30 30 28 29 29 28 29 30 30 30
 29 30 30 28 28 29 29 27 28 28 28 28 28 29 30 30 30 30 29 29 30 31 30 28
 30 30 30 30 29 29 29 29 29 28 29 30 29 29 30 29 29 28 30 29 27 29 29 30
 29 30 31 30 30 28 30 28]","[28 28 15 12 12 11  9 10  9  8  7  9 10  9  8  9  9  9 10 10 10 10  9  9
 10 10 10 10 10  9 10 10  8  8  8  9  9  8  7  7  7  7  7  7  7  7  7  7
  7  7  7  7  7  7  7  7  7  7  7  7  7  7  7  7  7  7  7  7  7  7  7  7
  7  7  7  7  7  7  7  7  7  7  7  7  7  7  7  7  7  7  7  7  7  7  7  7
  7  7  7  7  7  7  7  7  7  7  7  7  7  7  7  7  7  7  7  7  7  7  7  7
  7  7  7  7  7  7  7  7  7  7  7  7  8  8  7  7  8 10 11 10 10 11 12 12
 14 17 16 12 12 14 14 10 11 11 11 11 12 13 15 16 16 15 14 16 19 21 20 18
 16 16 17 16 15 15 16 16 17 17 18 18 17 20 21 19 21 22 25 24 23 25 25 27
 32 45 55 61 73 78 70 32]","[30 31 12 11 14 12 12 12 12 10  8  9 11 11 10  9  7  7  7  8  8  8  8  8
  8  9  9  9  8  8  8  9  9  9  9 10 10 10  8  6  5  5  6  7  8  8  8  8
  7  6  5  4  4  4  4  4  3  3  3  4  4  4  4  3  5  5  4  4  4  4  4  4
  4  4  4  4  4  4  4  5  4  4  3  2  2  2  3  3  3  3  3  4  4  4  4  4
  5  3  2  2  3  3  3  4  4  4  5  4  4  4  5  5  4  5  5  5  4  4  3  3
  3  3  4  4  4  4  4  3  4  4  5  7  8  9 10 10  8 10 11 11 10 10 11 11
 12 15 15 11 10 12 11  8  8  8  9  9 10 12 14 15 16 15 14 16 21 23 22 19
 16 17 18 17 16 15 16 18 18 18 19 19 19 22 24 22 22 22 24 24 25 26 26 30
 38 51 64 71 76 72 69 27]","[28 29 12 13 18 17 15 14 12  9  8  9 11 12 11 10 11 10  9  8  8  9  9  9
  9  9 10 10 10  9  9  9  7  8  8  9  9  8  7  6  5  5  6  8  8  8  8  8
  8  8  7  6  5  5  4  4  4  4  4  4  4  3  3  3  4  4  3  3  3  3  2  2
  3  3  3  3  3  3  4  4  4  3  2  2  2  2  3  4  4  4  4  4  4  4  4  4
  4  3  2  3  3  3  4  4  2  3  4  4  4  4  4  4  3  4  4  4  3  3  2  3
  3  3  3  4  4  4  4  4  4  4  6  7  8  9 10 10 11 13 15 14 13 13 12 12
 12 13 13 12 12 11 10  9  9 10 11 12 13 14 15 16 18 17 17 17 20 21 20 17
 17 18 19 19 17 16 18 20 17 17 18 18 18 21 23 21 23 21 22 22 23 25 30 42
 68 73 74 69 63 60 67 30]","[30 29 14 13 15 16 15 14 14 12 11 12 14 15 15 14 13 12 10  9  8  8  8  7
  9  9  9  9  9  9  9  8  8  8  9  9  9  8  8  7  6  7  8  8  8  8  8  8
  9  9  8  8  7  7  7  5  6  6  5  5  4  4  4  4  4  4  4  4  3  3  3  3
  3  3  3  3  3  4  4  4  4  4  3  3  3  3  4  4  4  4  4  4  4  4  4  4
  4  3  3  4  4  4  4  4  2  3  5  5  5  4  4  4  4  4  4  4  4  3  4  4
  3  3  4  4  4  5  5  5  5  6  7  8  9 10 10 10 13 14 15 14 14 14 13 11
 12 10 11 12 12 10  9 10 10 11 13 14 15 16 16 16 17 17 17 17 19 20 19 18
 17 18 20 19 17 17 19 21 18 17 18 19 18 19 21 20 23 24 26 26 31 38 49 66
 77 75 67 59 58 66 69 26]","[30 27 17 15 15 18 16 18 15 14 13 13 14 15 15 15 16 15 14 13 13 11 10  9
 11 10 10 11 12 11 10  9  8  8  8  8  7  7  6  7  7  8  9  8  7  7  8  9
  9  8  8  7  7  7  7  7  7  7  6  5  4  4  4  5  6  5  5  5  4  4  4  3
  3  3  4  4  4  4  4  4  4  4  3  3  3  3  3  3  3  3  3  4  4  4  4  5
  4  4  4  4  4  3  3  4  3  4  5  5  4  3  3  4  4  4  4  4  4  4  5  5
  4  4  4  4  4  4  5  5  7  7  8  9 10 11 11 12 14 14 14 14 15 15 14 13
 11 10  9 10 10  9  9 10 11 11 12 14 16 16 16 15 15 15 15 16 17 19 20 19
 16 17 18 17 16 16 18 20 21 18 19 22 21 20 21 22 19 24 28 33 45 56 63 75
 74 67 60 61 59 63 64 32]","[30 27 23 23 20 22 17 16 18 17 16 16 16 15 16 16 16 16 16 16 15 13 11  9
 11 11 11 12 13 12 11  9 10 11 11 10  8  7  8  9  6  8  9  8  7  7  8 10
  8  8  7  7  6  7  8  8  8  7  6  5  5  5  5  6  6  6  6  5  5  4  4  4
  4  4  4  4  4  3  3  3  4  3  3  2  2  2  2  2  2  3  3  4  4  5  5  6
  4  4  4  3  3  2  2  3  4  5  5  5  3  2  2  3  4  4  3  3  3  3  5  6
  5  5  4  4  4  4  5  5  8  9 10 11 12 12 13 13 13 12 11 11 13 15 14 12
 12 11 10 10 10 10 10 11 12 12 13 15 17 18 17 16 16 16 15 15 17 18 18 18
 15 17 18 17 16 16 18 21 22 19 21 24 24 22 23 25 22 29 35 44 62 73 71 72
 67 67 63 63 61 70 65 28]","[29 29 41 41 35 33 26 19 24 20 15 17 17 13 15 15 16 17 18 15 14 16 16 12
 10 11 12 12 12 12 12 10 12 14 14 12  9  9 10 12 11 11 11 11  9  8  8  9
  8  8  7  5  6  8  9  7  6  8  8  6  5  6  8  8  6  5  5  5  5  5  4  3
  5  5  5  5  4  4  3  3  3  3  3  3  2  2  2  3  3  3  4  4  4  4  5  6
  4  4  4  4  4  4  4  4  3  3  4  5  5  5  3  2  2  3  4  4  4  4  4  4
  5  5  5  5  5  5  7  7  9 10 10  9 10 13 15 15 14 14 14 14 13 12 11 10
 10 11 10 10 10 10 10 13 15 16 17 18 18 18 17 16 14 12 12 15 16 16 16 17
 17 17 17 18 17 17 18 19 19 24 23 25 23 26 23 23 22 33 48 60 67 69 68 67
 65 63 66 65 67 69 66 31]","[28 28 38 42 45 49 48 46 45 38 27 26 25 19 18 15 18 20 22 22 17 15 14 13
 14 11 11 12 11 12 14 15 12 13 13 13 13 13 11  9 10 11 10  9  8  7  8 10
 10 10  8  7  7  8  9  8  5  7  8  6  6  8  8  8  7  7  7  6  6  6  7  7
  5  6  6  5  5  4  4  4  4  4  4  3  3  3  3  4  3  4  4  4  4  4  5  5
  4  4  4  4  4  3  3  3  3  3  4  5  5  6  5  5  4  4  4  4  4  4  4  4
  3  3  4  4  4  5  6  8  8  9 10 10 12 15 17 17 17 16 15 13 12 10  9  9
  9 10 10 10 11 11 11 14 16 18 19 20 20 18 16 15 14 13 13 15 15 15 15 16
 15 17 20 23 23 20 17 16 20 24 24 25 22 23 23 29 34 49 65 71 67 62 60 61
 60 60 66 66 67 68 65 29]","[30 29 30 33 39 43 42 44 48 45 42 46 46 40 36 32 29 26 22 17 15 15 17 17
 15 12 13 17 17 14 13 12 15 14 13 14 14 14 13 12  9 11 13 14 12  9 10 11
 12 10  8  8  9  8  8  8  7  8  8  8  8  9  9  8  8  9  8  8  7  7  8  9
  5  6  6  6  5  4  4  5  5  5  5  4  4  4  4  4  5  4  4  4  4  4  4  4
  4  4  4  4  3  3  3  3  3  3  3  3  4  5  5  5  5  5  4  4  4  4  4  4
  2  3  4  4  4  5  7  9  8  9 10 10 12 15 17 17 17 15 13 11 10 10 10 10
  9 10 10 11 13 13 13 15 17 18 19 20 19 17 15 14 15 16 16 16 16 16 16 16
 19 20 22 23 23 21 19 19 21 22 21 24 25 27 32 40 53 64 74 72 63 57 58 63
 59 61 67 67 68 67 65 28]","[29 28 23 25 29 30 26 29 36 36 38 40 39 36 37 38 32 37 39 32 25 25 26 23
 17 14 13 15 15 16 16 14 13 14 16 16 15 13 14 15 13 13 13 11 10 10 12 14
 12 10  9 10 11  9  8  9  9 10 11 10  9  9  9  8  9  9  9  9  8  8  8  8
  5  6  6  6  5  5  5  6  6  6  6  5  5  5  5  5  6  5  4  4  4  4  4  4
  4  4  4  4  4  4  4  4  4  3  3  3  3  4  4  4  5  5  4  4  4  5  4  4
  3  4  5  5  5  6  8 10 10 11 11 10 11 13 14 14 14 12 10  9  9 10 10 10
  9 11 11 13 15 15 15 17 17 18 18 18 17 17 16 16 17 18 18 18 18 19 19 18
 23 23 23 22 20 19 21 23 22 23 22 26 30 37 46 56 65 68 69 64 58 57 61 65
 63 65 68 67 67 67 66 28]","[29 29 20 22 24 23 17 21 25 26 30 31 29 28 29 33 35 36 40 46 54 60 55 43
 42 41 39 31 22 19 17 15 16 18 21 22 20 16 14 14 15 14 14 14 13 13 13 14
 13 11 11 12 13 11 10 10 11 12 13 12 10  9  9  9  9  9  9 10 10 10  8  6
  5  6  7  6  6  6  7  8  7  7  7  7  7  7  7  6  7  7  6  5  5  5  4  4
  4  4  4  4  4  4  4  4  5  4  4  4  4  4  4  4  3  3  3  4  5  5  4  4
  5  5  6  6  5  6  8 10 10 11 10  9  9 11 12 12 13 12 10  9  9  9  9  9
 10 12 12 14 16 16 15 17 18 18 19 19 18 18 18 19 18 18 18 17 18 20 19 18
 21 23 25 24 20 18 20 23 24 26 28 30 39 47 58 67 68 67 63 59 58 59 60 61
 65 66 66 65 67 67 67 28]","[29 30 18 19 19 19 13 15 14 15 20 22 24 24 21 22 21 22 27 31 30 28 30 33
 39 47 53 49 40 39 42 42 30 28 26 25 23 20 17 17 19 17 16 16 15 14 13 14
 14 13 12 13 13 13 12 11 11 12 12 11 10  9  9 10 10  9  9 11 12 12 10  7
  7  7  7  7  6  6  6  7  8  8  8  8  8  8  8  8  8  8  7  6  6  5  5  5
  5  5  5  5  5  4  4  4  5  4  4  4  5  5  4  4  2  2  3  4  5  5  5  4
  6  6  5  5  6  6  8  9  9  9  9  8  8 10 11 11 11 10 10 10  9  9  9 10
 11 12 13 15 16 16 15 17 17 19 20 20 20 19 18 19 20 19 18 17 18 19 19 19
 21 23 25 23 20 17 20 23 24 26 30 37 52 60 65 67 66 64 61 58 57 59 60 60
 63 65 64 65 68 69 69 28]","[29 29 17 19 18 21 17 17 20 16 17 17 18 21 19 20 18 16 20 25 22 18 18 21
 25 31 37 37 35 39 47 50 40 38 38 38 37 36 37 39 33 29 24 19 17 16 18 21
 19 18 16 14 14 14 14 13 13 12 11 11 10 10 11 12 12 11 11 12 13 13 11 10
  8  8  7  7  6  6  7  7  8  8  7  8  8  9  8  8  8  8  8  7  6  6  6  6
  6  6  7  7  6  6  6  5  5  5  4  4  5  5  4  4  2  3  3  4  4  5  5  5
  6  6  5  5  6  7  8  8  8  9 10  9  9 10 10  9  8  9  9 10  9 10 10 11
 12 13 14 15 17 16 16 18 17 18 20 20 19 18 18 19 20 19 18 18 18 18 19 21
 23 24 24 21 18 18 21 24 26 29 40 51 65 65 65 63 63 62 60 58 58 61 62 62
 63 65 63 64 68 69 71 29]","[30 30 17 20 18 23 19 16 17 15 18 19 19 21 17 18 17 16 18 20 19 18 18 18
 16 17 20 23 24 25 26 24 18 22 30 36 38 38 41 46 44 44 44 42 37 31 26 25
 24 23 20 16 16 17 17 15 16 13 11 10 12 12 12 12 14 13 12 12 12 12 12 12
 11 11 10  9  8  8  8  8  7  7  7  7  8  8  8  7  8  8  8  7  6  6  6  7
  7  8  8  8  8  8  8  8  7  6  6  5  5  5  5  5  3  3  4  4  4  4  5  6
  7  6  5  5  6  8  8  9  9 10 11 10 10 10  9  7  8  9 10  9  8  8  9 10
 12 15 15 16 18 17 17 19 18 19 19 18 18 18 19 21 19 18 18 19 17 16 19 24
 23 24 23 22 20 19 21 23 27 38 58 69 73 62 60 63 61 60 60 61 63 64 62 60
 64 66 62 62 65 67 70 29]","[29 30 20 23 20 25 19 18 20 18 23 22 20 20 17 17 16 17 16 15 17 17 16 18
 18 16 16 18 18 16 15 15 16 19 21 22 22 24 27 30 35 33 38 38 39 40 38 41
 39 35 32 30 30 27 23 19 13 14 12 12 15 14 13 17 16 14 14 14 13 13 14 12
 12 13 11 10 10 10  9 10 10  9  8  8  8  8  8  8 10  9  8  6  6  7  8  8
  8  7  7  8  9  8  8  8  9  8  6  6  5  6  6  6  6  5  4  4  4  5  5  6
  5  5  5  4  4  5  7  9  9 10 11 11 10 10 10 10  9 10 10  9  8  9 10 12
 15 15 17 18 19 18 17 17 17 19 20 19 19 20 20 19 18 18 19 19 20 21 23 25
 23 24 23 21 23 23 25 38 48 60 71 71 65 60 58 57 61 63 66 67 69 70 68 66
 64 66 64 64 68 66 65 30]","[29 28 24 22 20 23 19 21 20 17 20 19 17 19 16 16 16 17 16 15 16 15 14 16
 16 16 16 17 17 16 16 16 15 17 17 16 15 15 19 20 24 20 21 21 24 30 31 36
 35 37 41 46 49 47 43 40 37 33 24 20 22 19 15 16 19 16 16 15 14 15 16 15
 13 14 13 12 13 10  7  7  9  8  8  8  8  8  8  9  9  9  8  7  7  8  9  9
  9  8  8  8  8  8  8  8  8  7  7  6  6  7  7  8  6  5  5  4  5  5  5  5
  5  5  5  5  4  5  6  7  8  9 10 10 10 10 10 10  9 10 10 11 11 12 13 14
 16 16 16 16 16 16 17 17 17 19 20 20 20 20 20 19 19 19 19 20 20 21 23 24
 23 21 23 27 26 22 32 54 65 69 70 66 59 56 56 57 60 62 65 67 68 68 66 64
 65 68 68 69 72 69 65 28]","[30 27 28 22 23 23 22 26 22 18 18 17 16 18 17 17 16 18 17 16 16 15 14 16
 15 17 17 16 16 16 16 16 16 17 16 13 12 13 16 17 19 15 14 14 16 19 18 20
 23 24 27 30 33 37 42 46 43 39 33 36 43 40 32 30 29 25 21 18 16 15 15 14
 13 13 12 12 14 14 11 11 15 13 10  9  8  7  9 10 12 12 11  9  9  9  9  9
  9  9  9  9  8  7  8  8  8  8  8  7  7  7  8  8  6  5  5  5  5  6  5  5
  5  5  5  6  5  5  5  5  6  7  8  9  9  9 10 10  9  9 10 12 13 15 15 15
 16 16 17 16 15 16 16 16 16 18 19 19 19 20 20 19 19 19 20 21 21 21 22 24
 22 21 23 23 27 40 55 71 73 70 64 57 53 53 55 58 57 59 62 64 65 66 66 65
 68 69 68 67 70 68 66 29]","[28 28 29 27 27 24 23 25 23 20 19 17 16 18 20 20 17 18 17 17 18 17 15 16
 16 17 17 16 15 16 16 16 15 15 15 13 13 14 16 16 14 13 14 14 16 16 15 14
 18 18 18 17 17 15 18 21 25 24 26 36 47 47 41 39 33 30 31 32 29 25 20 16
 19 19 16 15 15 13 12 13 11 12 13 13 12  9  8  7 10 10  9  8  9 10 10 10
  9  9  9  9  8  7  8  8  8  8  8  8  8  7  7  7  5  5  5  6  6  6  6  5
  5  5  6  6  7  6  5  4  4  5  7  7  8  8  8  9  9 10 11 12 13 14 15 15
 15 17 17 16 15 16 16 15 16 16 17 17 18 19 19 20 18 19 22 23 23 22 22 24
 24 26 28 27 41 66 76 74 69 64 57 54 53 55 58 60 58 58 60 62 64 65 65 65
 69 68 66 64 66 66 67 31]","[29 33 29 32 32 27 26 23 24 22 21 20 19 19 22 22 20 19 17 17 18 18 16 16
 18 18 17 16 16 18 18 16 16 16 16 15 15 15 15 15 15 15 13 13 13 14 16 16
 13 14 16 17 17 16 17 17 17 16 17 24 30 31 29 30 31 29 31 34 35 34 33 32
 34 35 33 29 26 22 18 18 16 16 15 14 13 12 11 12 12 11 10  9  9  9 10  9
  8  8  9 10  9  8  8  9  8  8  8  8  8  7  7  7  5  6  6  7  7  7  6  5
  5  5  6  7  8  7  6  5  4  5  7  8  8  8  8  8 10 11 12 12 12 13 14 15
 15 16 16 15 15 15 16 16 18 17 17 17 17 18 19 20 18 19 22 25 24 22 23 25
 31 34 42 51 65 78 74 65 63 60 57 57 58 60 62 64 63 61 60 62 64 66 65 65
 66 65 67 68 70 69 68 30]","[29 31 25 26 28 30 29 27 27 26 25 25 23 23 27 26 25 24 21 20 21 21 20 20
 21 20 18 18 19 21 19 17 16 17 17 17 17 17 17 16 17 19 16 15 13 13 15 14
 18 17 15 15 16 15 15 15 17 16 16 18 18 18 18 18 24 21 22 25 26 27 29 31
 34 38 40 41 40 36 32 31 31 29 26 22 19 15 15 14 13 13 11  9  9  9  9  8
  9  9  9 10 10  9  9  9  9  8  8  8  8  8  8  7  6  6  7  8  8  8  7  6
  6  6  7  8  8  8  7  6  6  7  8  8  8  8  9  9 12 13 14 14 13 13 14 16
 16 15 13 13 13 14 15 17 19 18 17 17 17 17 18 19 17 18 21 23 23 22 25 29
 38 46 59 68 72 71 63 59 58 58 58 59 61 63 65 66 64 62 61 64 67 68 68 67
 64 64 67 69 71 70 69 29]","[28 25 29 23 30 34 29 28 30 30 28 29 28 27 31 29 29 29 26 23 24 24 24 26
 26 23 21 21 22 22 19 18 15 17 16 16 16 16 16 16 16 19 17 17 16 15 18 16
 13 12 12 14 17 17 17 17 14 15 16 16 14 14 14 13 12 13 17 23 22 18 15 15
 19 23 27 31 33 32 31 31 38 39 41 41 38 32 25 22 16 15 13 13 12 14 15 14
 12 11 10 10 10 10 10 11 11 10  9  9  9  9  9  8  8  8  8  9  9  9  9  8
  8  8  8  8  9  9  8  8  8  8  8  8  9  9 10 11 12 13 14 15 14 15 15 16
 16 13 12 14 15 15 15 17 18 17 17 18 17 16 17 19 18 18 20 22 23 25 31 38
 48 58 66 66 64 61 57 59 57 59 61 61 62 65 66 66 62 62 63 67 69 69 68 67
 66 63 65 68 68 69 69 29]","[31 29 48 38 47 47 30 26 31 31 28 30 29 29 32 29 28 29 26 23 23 23 25 29
 29 26 24 24 24 22 19 18 20 19 18 17 16 16 17 17 18 20 16 16 15 14 18 16
 18 15 13 13 14 15 16 17 17 17 17 14 12 13 15 13 14 13 15 19 18 15 15 16
 15 17 16 17 19 19 18 19 23 23 24 26 27 27 27 27 35 32 28 24 22 21 20 19
 14 12 10 10 10 10 11 11 14 12 10  9 10 10  9  8  9  9  9  9 10 10  9  9
  9  9  9  9  9  9  8  8  8  8  8  8  8  9 11 12 12 12 14 15 16 16 16 15
 16 12 13 17 19 16 15 17 17 17 18 19 19 18 19 21 20 19 20 22 25 29 39 48
 59 63 65 62 61 56 52 61 60 63 65 64 64 66 66 64 62 63 66 69 69 67 64 64
 67 64 67 69 70 69 69 28]","[30 28 79 66 65 64 54 52 47 47 42 42 40 33 30 30 33 28 25 25 25 26 29 31
 31 29 25 27 25 21 21 21 23 22 23 20 19 20 18 17 17 17 17 17 17 16 17 17
 18 15 15 16 17 16 14 19 19 17 17 15 13 16 17 14 12 13 14 16 16 16 15 14
 14 15 16 15 13 13 15 16 15 17 18 18 17 19 22 25 26 30 32 30 25 23 24 25
 24 20 18 18 18 17 16 16 15 13 12 12 11 10 10 10 12 12 12 11 10  9 10 12
 10 10 10  9  9  9  8  7  7  8  8  7  7  9 11 12 12 13 14 17 20 17 15 16
 17 13 11 15 18 18 18 19 18 18 19 20 20 20 19 19 22 21 22 24 29 37 50 60
 66 62 62 61 57 54 56 59 64 63 62 63 64 65 65 65 65 63 59 61 67 67 64 67
 68 66 68 72 69 66 70 28]","[31 29 89 81 88 89 85 82 81 76 65 59 57 53 51 48 51 41 35 34 30 26 27 29
 34 32 31 28 25 24 24 25 25 25 27 25 23 22 18 18 17 19 18 17 17 19 20 19
 18 16 15 15 18 18 16 20 17 15 15 15 14 15 17 16 14 14 16 16 16 16 16 15
 15 16 15 13 11 11 13 14 18 17 15 14 15 17 17 16 14 18 21 21 21 21 23 24
 31 29 26 25 24 24 23 22 19 19 17 15 14 14 13 12 13 12 12 11 10  9 10 11
 12 12 11 10 10 10  9  9  8  8  9  8  8  9 11 12 12 14 15 16 18 16 15 17
 17 14 13 15 18 18 18 19 19 20 20 18 16 17 19 21 21 24 26 26 34 47 59 65
 65 60 59 60 59 58 60 62 64 62 61 61 63 65 66 67 64 63 60 60 64 65 64 67
 69 71 72 73 71 70 73 29]","[ 28  30  99  98 103  97  94  89  87  84  78  79  80  77  74  72  73  74
  71  63  57  56  50  40  39  37  37  29  24  25  22  24  27  26  28  28
  28  27  23  24  16  20  24  23  21  20  22  25  21  19  17  15  16  17
  14  15  18  17  16  16  16  15  16  18  15  16  16  16  16  16  16  16
  16  17  16  13  11  11  13  14  17  14  12  12  14  16  15  13  12  13
  14  14  14  15  15  15  17  17  17  18  19  21  21  21  24  24  23  19
  17  18  18  16  16  15  14  12  11  10   9   9  13  13  11  10  10  10
  10   9   9  10  10   9   9  10  12  13  13  16  16  15  16  16  15  17
  17  16  15  15  17  18  18  18  17  18  18  16  16  18  22  25  23  28
  33  38  48  60  66  65  62  56  54  56  58  61  63  63  64  62  60  61
  63  64  65  66  65  65  63  62  64  64  65  66  67  71  74  73  72  74
  75  29]","[29 30 97 99 98 95 96 96 97 96 93 95 93 86 86 89 95 91 88 85 79 75 71 69
 70 65 65 55 47 45 38 40 35 30 29 28 28 27 23 24 27 24 22 24 23 20 19 21
 23 22 20 16 17 20 18 19 15 15 15 15 17 17 17 18 16 16 16 15 15 15 15 16
 16 16 15 13 12 13 14 15 14 12 10 11 13 16 15 12 12 12 12 12 13 14 14 14
 14 13 14 16 17 16 16 17 21 21 20 19 19 20 20 20 20 19 18 16 14 13 12 11
 14 13 11 10  9 10 10 10 10 11 11 10  9 10 11 11 12 16 16 13 14 15 15 15
 16 17 17 15 16 18 19 19 19 17 15 16 18 19 21 23 25 34 47 57 63 65 65 64
 60 54 52 54 58 61 64 64 65 63 63 63 65 64 64 63 65 66 65 64 65 66 65 65
 65 70 74 74 74 77 75 29]","[ 30  29  89  96  94  95  94  95  92  97  99 102 101  97  98 100 100  96
  95  95  90  86  86  87  81  76  80  77  75  74  68  72  65  57  52  47
  43  38  28  25  22  22  23  22  20  19  21  24  24  24  21  17  19  22
  21  22  22  20  18  18  19  21  19  16  16  16  16  15  14  15  15  16
  15  15  15  13  13  14  15  15  14  14  13  11  11  11  11  10  12  13
  13  13  13  14  15  16  12  10  11  15  15  10   9  12  13  12  12  15
  18  18  19  21  21  20  19  18  17  17  17  16  16  15  13  11  11  12
  12  12  11  12  11  10  10  10  10  10  10  14  15  12  13  14  13  13
  15  17  18  16  16  19  21  21  20  16  16  20  21  21  25  31  34  46
  60  66  65  62  63  65  62  57  55  57  58  61  65  65  65  64  63  65
  66  66  66  66  64  64  63  63  65  68  68  67  71  72  75  74  75  76
  72  30]","[ 30  28  82  93  92  93  85  82  84  92  94  94  95  95  94  89  93  96
  99  98  96  98  98  95 100  95  97  95  92  89  84  87  81  76  75  75
  77  75  66  61  61  66  65  54  43  36  31  26  21  20  19  18  22  27
  27  28  28  22  21  22  22  25  24  19  18  17  16  16  16  17  18  18
  18  18  16  15  15  15  15  15  14  15  15  13  11  10  10  10  14  15
  16  14  12  12  13  14  12  10  12  16  16  13  12  15  12   9   9  13
  15  14  13  15  15  15  16  16  16  17  18  19  18  17  15  14  14  14
  15  14  14  14  14  13  12  12  12  11  11  15  15  13  14  15  14  14
  16  18  18  17  17  20  22  23  23  19  18  19  16  16  23  34  55  60
  62  60  58  60  61  60  61  59  58  58  57  59  63  65  62  61  61  63
  65  66  69  71  66  63  62  63  65  69  72  71  75  73  73  71  73  73
  68  29]","[31 30 79 84 86 87 83 83 82 86 83 81 83 86 89 89 92 87 88 91 92 92 95 99
 99 98 98 97 95 93 93 96 94 90 89 88 90 92 85 81 81 80 78 76 79 79 73 65
 55 49 43 38 39 38 30 27 32 20 20 25 23 24 27 23 20 19 18 18 19 21 21 22
 24 22 20 18 17 17 17 16 15 16 16 15 13 13 13 13 12 14 15 15 14 13 14 14
 13 12 12 13 13 12 11 12 14 11 10 13 15 13 11 11 11 12 13 13 13 14 16 17
 17 17 15 14 13 14 14 14 16 16 16 15 15 15 14 13 13 15 15 14 16 16 16 16
 17 18 18 18 17 18 21 23 20 19 20 22 27 35 49 61 68 64 58 55 56 58 58 57
 59 59 60 59 57 58 62 64 60 60 61 63 64 66 69 72 69 64 64 66 67 69 71 71
 71 70 71 69 73 74 67 28]","[28 30 82 83 85 81 80 81 81 81 80 82 83 79 82 87 86 89 90 89 89 94 94 87
 87 90 89 88 87 89 95 96 97 93 89 86 88 92 91 89 92 87 85 85 84 83 88 95
 89 81 72 67 67 63 52 46 51 33 31 35 25 21 23 20 23 21 20 21 22 24 24 24
 27 25 22 19 18 18 18 17 17 17 16 15 15 15 14 13 13 15 17 17 15 14 13 12
 12 13 13 11 11 14 14 12 11 10 10 12 15 16 14 11 12 12 13 13 12 12 13 14
 15 14 13 11 11 12 12 11 15 16 16 16 16 16 15 14 13 15 14 14 16 16 16 17
 19 19 18 17 16 16 18 20 24 23 21 23 32 46 60 67 64 59 57 58 57 54 57 62
 59 60 62 61 58 59 63 65 61 62 65 66 66 66 68 70 71 66 67 69 67 67 67 66
 65 67 70 70 76 79 71 31]","[30 29 81 80 81 80 80 77 73 77 75 79 82 81 83 80 81 85 86 83 84 88 89 88
 84 84 83 83 82 85 89 83 81 78 76 83 87 90 95 90 90 91 85 79 81 87 91 95
 89 82 80 87 91 86 81 80 85 73 67 75 69 59 56 42 33 32 24 25 25 21 25 22
 23 24 26 25 22 19 20 23 21 19 17 16 16 16 16 16 16 15 19 16 14 12 13 10
 12 10 12 12 13 10 12 13 13 12 13 14 15 15 15 14 13 13 13 13 12 11 12 13
 13 13 12 11 11 11 11 10 12 14 15 14 13 13 12 12 13 13 13 14 14 16 17 16
 19 19 18 18 17 17 18 19 25 23 20 29 50 60 58 57 58 58 57 56 56 53 54 58
 58 58 59 62 63 63 62 61 65 67 68 66 65 67 70 71 67 67 72 70 66 69 69 68
 69 72 74 74 74 75 75 28]","[29 27 80 80 82 82 81 78 76 75 75 79 80 80 81 78 78 81 82 79 79 83 84 82
 86 84 83 80 78 81 82 81 80 80 80 84 84 83 86 83 81 82 78 77 83 87 87 88
 87 87 89 93 94 90 85 83 85 80 79 85 79 74 81 80 73 69 61 65 63 51 43 33
 35 29 22 19 18 18 20 21 24 21 20 20 20 18 16 16 17 16 16 16 19 13 11 13
 12 11 12 12 12 10 11 12 13 13 13 14 14 14 13 12 13 12 12 12 12 12 13 13
 12 12 11 11 12 13 12 11  9 10 11 11 10 11 11 11 12 13 14 14 15 16 17 16
 19 17 16 16 16 16 18 20 24 32 39 51 64 64 56 52 53 57 58 58 57 55 56 59
 61 58 58 62 64 63 63 64 66 68 68 66 65 66 67 67 66 66 71 70 68 71 72 71
 72 74 74 73 73 75 75 29]","[29 28 81 81 84 84 82 79 78 73 77 80 79 80 80 78 75 78 78 77 77 81 82 80
 81 79 81 76 75 76 73 78 77 77 76 80 81 77 75 74 75 77 77 78 81 81 80 82
 84 88 91 91 90 89 89 88 87 86 85 91 88 82 87 87 91 86 78 78 77 72 77 79
 79 73 65 59 53 46 38 32 26 22 19 18 18 16 17 18 18 21 19 14 19 16 11 11
 13 14 16 18 16 15 12 12 12 13 14 15 14 13 12 12 13 13 12 12 13 14 14 14
 12 12 12 12 13 14 14 12  9  9  9  9 10 11 12 12 13 14 15 15 16 17 17 16
 16 15 15 16 16 18 22 27 32 44 54 62 66 61 54 53 51 56 59 58 58 57 57 60
 63 59 58 62 65 63 64 67 65 67 68 67 67 68 67 66 65 65 69 68 68 72 73 74
 74 74 73 73 73 74 75 30]","[30 29 82 82 84 82 81 79 77 69 77 82 79 81 81 80 76 78 78 76 76 78 79 78
 76 75 79 75 76 75 67 73 74 72 69 74 80 77 72 71 75 76 77 77 77 75 76 79
 79 84 86 84 83 84 86 87 80 80 79 84 87 81 81 80 90 87 81 86 89 88 87 84
 85 85 86 86 84 78 70 65 59 59 59 54 46 36 29 26 18 18 16 13 17 19 18 15
 15 16 16 17 16 17 15 15 15 15 16 16 15 13 12 13 15 14 14 14 14 15 16 16
 13 14 14 14 14 14 14 13 12 11 10 10 11 12 12 13 14 16 17 17 17 17 17 17
 16 16 16 17 18 22 30 38 47 53 57 58 58 56 54 57 54 58 58 57 58 59 59 59
 63 60 60 64 66 66 65 66 64 67 69 69 68 68 68 68 68 67 69 67 67 70 71 73
 74 73 72 74 75 75 75 29]","[29 28 82 82 81 78 78 77 74 68 77 82 79 81 81 80 79 80 79 76 75 74 74 74
 78 77 81 77 79 77 67 71 75 72 70 73 81 80 75 75 76 73 72 74 75 75 76 76
 77 79 81 82 82 81 81 81 77 78 76 77 77 75 77 82 83 82 78 79 85 89 91 88
 88 86 84 82 81 80 78 76 80 83 82 75 68 65 65 64 59 46 43 41 36 27 25 21
 19 21 22 21 21 20 18 15 16 16 16 16 15 12 12 13 15 15 16 15 15 15 16 16
 14 15 16 15 13 13 13 13 13 11 10 10 11 11 11 12 13 15 16 17 17 18 18 18
 18 17 17 19 21 28 41 52 59 59 57 56 57 57 57 57 57 58 57 56 60 62 60 58
 59 59 61 64 67 68 66 64 65 68 70 69 67 66 67 68 72 70 69 66 67 70 70 73
 75 73 72 74 75 75 75 29]","[29 29 84 83 82 78 78 79 75 72 78 82 80 80 81 79 80 80 79 78 76 74 75 76
 81 79 80 79 80 80 74 74 76 75 76 75 77 78 75 77 75 72 73 75 74 73 74 74
 76 75 75 77 79 80 81 82 78 79 77 74 72 70 72 78 73 78 80 78 76 78 77 75
 85 83 80 79 81 83 82 80 81 87 90 87 82 80 79 78 74 66 72 73 65 56 52 40
 39 36 32 23 22 21 23 21 19 17 17 19 19 17 16 17 15 15 16 16 16 16 16 15
 15 16 17 15 13 12 12 13 13 11 10 11 11 11 11 11 11 13 15 15 16 17 18 18
 16 16 18 23 28 37 51 64 62 58 55 54 56 58 57 55 56 55 54 55 60 62 59 56
 53 57 60 62 65 66 64 61 64 67 69 68 65 64 66 68 72 70 69 67 70 72 70 72
 77 75 73 73 73 75 75 30]","[30 29 84 83 82 79 80 81 78 78 78 82 81 80 80 77 78 79 79 79 77 76 78 81
 80 79 80 80 80 81 80 76 76 76 80 76 73 74 73 74 73 73 76 77 72 71 73 72
 75 73 71 72 74 76 77 78 70 71 74 74 73 72 71 72 71 72 72 71 73 76 72 68
 70 73 75 77 78 79 77 75 79 80 80 79 76 76 78 82 73 78 88 87 84 82 79 65
 58 60 66 58 60 49 45 35 24 21 20 22 22 19 16 15 17 16 16 17 19 19 17 15
 16 16 16 15 14 14 14 13 14 13 12 14 13 12 11 12 11 12 14 14 15 16 17 18
 17 18 25 34 41 47 56 64 59 55 52 53 54 56 57 56 54 53 52 54 59 60 58 58
 55 57 60 62 64 64 64 63 65 66 68 67 65 64 66 68 69 68 68 69 75 76 71 72
 76 76 74 73 73 75 76 29]","[29 28 81 81 81 78 79 80 80 81 77 80 81 79 80 74 77 77 78 78 77 75 78 81
 81 81 82 82 80 81 81 75 76 75 81 77 72 75 74 72 74 72 73 74 72 73 74 71
 73 73 73 72 71 71 69 67 62 66 74 77 75 74 72 72 65 68 73 72 70 69 67 68
 67 72 76 75 72 71 73 74 75 73 75 78 76 72 71 75 73 77 81 78 80 80 81 77
 76 75 80 70 76 68 70 62 50 46 43 44 42 35 29 27 19 17 17 19 22 22 20 16
 17 17 16 15 15 16 16 15 16 15 15 16 15 13 12 13 12 13 14 14 14 15 16 17
 22 25 34 46 53 53 54 55 53 52 53 54 53 55 57 57 55 54 53 54 57 58 59 63
 61 61 62 65 66 65 65 67 69 69 69 69 66 65 65 67 67 67 69 72 80 80 73 72
 74 76 75 74 74 77 76 28]","[30 27 75 75 77 82 82 81 80 78 79 82 81 78 77 79 77 76 78 80 78 79 80 77
 80 82 83 82 81 81 80 79 75 79 82 80 75 73 72 73 70 71 72 74 74 73 72 73
 77 76 71 66 65 66 69 73 73 73 74 75 75 76 74 70 66 71 72 70 67 64 64 65
 69 65 77 78 71 71 69 72 69 70 68 75 73 64 65 69 64 65 70 76 74 76 82 79
 79 81 78 75 77 76 72 74 75 71 62 62 64 61 58 50 44 38 40 35 32 30 23 25
 22 20 19 19 18 16 16 18 17 16 16 16 15 17 17 15 13 13 14 15 15 16 17 19
 24 34 45 53 56 57 55 53 53 54 55 53 52 53 59 63 58 55 53 55 59 63 65 64
 64 64 64 65 67 68 67 65 72 71 69 68 66 66 66 66 67 70 72 74 76 75 72 72
 73 81 79 72 73 79 77 28]","[29 29 76 73 73 80 83 83 82 78 76 79 82 81 79 79 76 75 79 82 81 82 80 74
 75 79 82 81 78 78 78 79 81 81 81 80 79 78 75 72 73 74 74 74 72 71 73 76
 73 74 71 68 68 70 72 75 74 74 76 76 75 74 73 70 65 70 72 71 68 65 66 69
 64 61 72 74 69 68 66 68 71 70 68 72 71 62 62 65 64 63 66 72 70 70 73 68
 67 71 68 66 68 68 67 71 74 70 65 67 71 71 68 63 67 55 57 60 56 45 34 41
 41 37 33 30 28 25 23 22 22 19 17 17 17 17 16 16 16 15 15 15 16 18 21 23
 34 44 52 54 53 54 54 52 53 54 55 55 54 55 58 61 56 54 54 57 61 64 65 65
 65 65 65 65 66 68 68 67 69 69 69 68 68 68 69 70 69 72 72 73 74 74 73 74
 76 80 77 72 74 77 76 30]","[28 30 78 72 71 79 82 82 82 78 76 79 82 82 81 82 81 78 77 79 80 82 81 77
 79 80 81 81 81 80 79 78 81 83 84 82 79 77 76 77 79 76 74 75 75 75 74 75
 69 72 72 71 72 73 74 76 73 73 77 78 75 71 69 67 65 69 72 72 70 65 66 70
 65 61 70 74 70 68 65 67 72 72 69 70 70 64 63 64 66 63 64 68 67 67 69 63
 62 65 62 59 60 60 62 68 72 66 65 68 72 73 69 68 76 70 73 73 71 65 56 57
 50 49 48 50 50 45 39 35 29 26 22 23 25 22 18 19 19 18 17 17 19 23 28 31
 41 48 52 51 50 52 54 54 52 54 56 58 57 57 58 58 55 54 56 59 62 64 65 65
 65 65 65 65 67 69 68 66 65 66 67 68 69 70 71 72 71 74 73 72 73 75 74 75
 77 77 74 73 76 77 76 30]","[29 30 80 76 75 79 80 79 80 80 81 82 81 80 82 85 85 81 78 77 78 81 82 80
 83 81 80 80 80 79 77 75 78 83 86 84 79 76 78 83 80 77 76 78 79 78 75 73
 70 74 75 74 74 75 74 74 71 73 78 80 76 70 67 64 67 70 73 74 72 67 65 69
 70 64 70 73 71 68 65 67 71 71 68 68 69 66 64 63 67 65 63 66 66 67 71 68
 65 65 61 57 58 60 62 66 66 60 62 63 65 66 62 65 65 66 68 63 64 68 64 60
 61 62 64 67 67 61 52 46 38 38 34 33 37 33 25 25 27 25 23 23 26 31 37 41
 45 45 46 47 49 51 53 54 53 55 58 60 59 58 58 58 56 56 58 61 63 63 64 64
 65 64 64 65 69 70 68 65 63 65 67 68 69 70 71 72 73 75 74 72 74 76 75 74
 75 74 73 74 77 78 76 29]","[29 29 80 80 79 80 79 78 78 81 84 84 82 81 82 84 83 82 81 80 82 82 81 80
 81 81 82 80 78 77 78 79 81 81 81 81 80 79 78 79 75 76 79 80 78 75 74 75
 73 77 78 75 75 75 74 73 73 74 79 80 77 73 70 68 74 74 74 75 74 69 68 71
 73 67 68 70 69 66 64 66 66 66 65 65 66 66 62 62 66 66 64 65 64 64 69 69
 62 61 59 58 61 63 63 62 58 55 59 61 61 62 60 65 61 58 58 58 59 61 60 60
 64 65 66 66 64 60 55 52 56 58 54 51 54 52 45 42 39 36 34 34 37 40 43 45
 47 45 44 47 48 48 49 52 55 58 61 61 59 57 57 58 58 58 60 62 63 62 63 65
 65 66 65 65 67 68 69 68 66 68 70 71 70 70 70 71 75 75 73 72 75 77 76 75
 76 75 74 75 78 81 79 28]","[29 28 79 81 80 80 79 79 80 81 83 84 84 85 83 82 81 84 84 84 85 83 81 81
 80 80 81 82 82 82 82 82 82 78 76 77 79 77 74 72 74 74 75 76 76 74 73 73
 76 80 80 76 76 76 74 73 75 75 77 77 76 76 76 74 78 77 74 73 73 71 71 74
 73 68 65 66 68 66 65 65 64 64 65 63 65 65 61 61 64 66 65 66 64 60 62 62
 58 58 59 61 63 63 60 56 55 55 59 61 61 60 60 63 60 57 57 59 60 58 58 59
 58 59 61 60 57 55 53 53 54 58 55 53 56 58 54 51 49 45 43 44 46 46 45 44
 45 45 46 47 46 44 46 51 58 60 62 61 59 57 57 59 59 58 58 60 61 60 62 65
 66 68 68 65 62 64 70 74 70 72 73 73 73 72 72 72 77 75 72 71 75 77 77 79
 80 79 77 77 78 83 81 29]","[29 28 80 80 79 81 80 79 81 82 83 83 85 87 85 81 83 87 86 85 86 84 81 82
 79 79 81 84 86 85 82 80 80 77 76 78 79 77 75 74 79 76 74 76 79 78 76 75
 77 81 80 76 76 76 75 74 75 75 75 74 74 78 78 75 75 76 74 72 72 72 72 74
 70 67 63 64 68 68 67 66 66 65 66 64 65 65 61 64 64 67 65 66 65 59 57 55
 57 59 61 63 63 61 59 55 55 58 60 62 61 58 58 57 54 55 56 57 57 57 57 54
 56 59 62 61 57 54 52 51 49 52 53 53 55 57 55 52 48 46 46 49 52 52 47 44
 43 45 46 46 44 44 48 51 57 59 61 61 60 59 59 59 59 57 57 59 59 59 62 65
 67 67 66 62 61 64 70 74 71 72 73 74 75 75 75 74 77 75 73 73 75 75 76 80
 82 80 80 80 81 84 82 29]","[29 31 83 82 80 82 81 79 80 82 83 83 84 86 86 83 84 89 89 88 88 85 80 80
 82 84 89 92 90 86 83 83 82 79 79 81 83 82 80 80 83 81 81 82 83 82 81 81
 78 82 81 76 76 77 76 75 75 75 75 74 75 79 78 72 72 75 75 73 72 72 71 72
 66 65 60 62 68 70 68 65 66 65 66 64 64 64 61 65 65 66 64 65 65 60 56 53
 58 59 63 64 61 61 61 59 56 61 60 64 63 58 58 53 54 55 56 58 59 57 57 56
 53 56 59 58 55 53 51 51 48 49 52 55 54 52 49 45 44 43 45 51 57 56 51 46
 44 46 46 44 45 48 50 49 55 57 59 60 61 61 60 60 61 59 58 60 60 60 62 66
 68 65 61 60 63 67 69 69 69 70 71 73 75 76 76 76 76 76 75 76 76 73 74 79
 81 79 81 84 85 86 82 28]","[29 28 83 81 81 84 84 82 80 83 83 84 87 86 86 89 88 90 94 94 89 82 80 82
 82 81 83 88 90 88 86 85 85 82 82 84 84 82 80 81 80 84 87 83 86 80 81 83
 82 81 78 80 78 75 76 76 78 75 72 73 77 79 76 72 74 74 70 71 72 73 75 68
 63 62 59 63 72 72 67 66 64 65 66 67 66 65 65 64 64 66 67 66 64 61 58 54
 59 59 60 61 63 64 63 61 59 59 61 63 62 58 56 56 52 55 58 59 59 59 58 56
 51 52 55 58 56 51 50 52 50 47 48 51 51 48 44 42 44 46 48 51 55 56 53 48
 43 44 47 47 45 47 51 51 53 54 58 62 63 61 60 62 61 60 60 63 66 64 64 68
 68 62 61 64 69 72 71 67 70 71 72 72 74 76 78 79 79 76 75 76 75 74 76 80
 83 81 80 80 84 87 87 28]","[29 28 84 82 82 84 83 81 80 82 81 82 87 88 88 91 91 93 95 94 89 83 82 84
 83 82 81 83 87 89 88 87 86 85 85 86 87 87 85 83 81 84 87 84 86 82 85 86
 87 83 77 80 80 78 78 78 79 76 74 75 78 79 79 79 79 76 72 75 75 74 73 66
 62 63 64 67 71 69 66 66 65 67 68 69 69 67 65 63 64 66 67 67 66 66 64 62
 60 62 65 67 66 64 60 58 59 58 58 60 60 58 57 57 57 57 57 56 57 59 59 58
 54 54 55 56 55 52 50 51 50 46 46 50 50 45 42 43 47 48 48 47 48 50 50 48
 47 48 50 50 48 50 53 54 51 54 59 64 65 63 61 61 61 60 59 64 67 66 64 66
 65 64 67 69 70 70 72 71 71 71 71 72 73 76 77 78 78 76 75 77 77 77 79 81
 83 81 81 80 82 83 84 28]","[30 29 87 85 86 86 85 82 84 84 82 83 86 87 88 90 91 93 94 91 87 85 86 87
 83 85 86 86 89 91 89 86 86 87 85 84 86 89 88 84 81 83 87 86 85 83 87 87
 90 84 78 82 85 83 83 82 82 80 78 79 79 79 80 82 81 77 74 76 77 74 72 66
 62 64 65 67 71 69 67 67 66 68 69 70 69 67 66 65 65 66 66 66 66 66 65 63
 64 65 66 66 65 62 61 62 61 59 57 57 57 57 57 58 61 58 54 52 53 57 59 59
 55 55 54 54 53 52 50 48 50 47 46 48 48 45 43 42 49 51 50 45 44 48 51 51
 51 51 52 50 48 51 55 56 56 58 62 63 64 65 65 64 63 61 61 65 71 69 66 66
 68 69 73 74 71 70 72 72 73 72 71 71 73 75 76 76 76 75 75 76 78 79 80 80
 83 82 83 82 81 79 82 29]","[29 29 88 88 89 89 88 86 88 88 86 85 86 87 87 88 86 89 90 87 85 87 89 89
 83 87 90 90 90 90 88 87 86 86 83 81 84 89 89 85 81 82 88 90 87 86 90 89
 89 84 80 85 88 86 86 85 84 82 81 82 81 79 80 82 79 77 76 76 76 76 75 72
 74 71 68 70 74 76 74 72 69 70 70 69 67 66 67 68 67 67 67 65 64 64 64 62
 66 66 65 65 63 62 64 66 64 62 59 57 57 56 57 58 61 57 52 49 51 55 58 58
 56 56 55 53 53 53 50 47 49 49 47 45 44 45 44 42 46 50 51 46 45 50 54 55
 56 54 53 50 48 50 55 57 60 63 64 63 63 66 67 67 65 63 63 67 72 72 69 70
 70 69 69 70 69 70 71 69 74 74 73 72 73 75 76 77 76 77 77 76 77 79 79 78
 82 81 82 83 82 80 82 29]","[29 28 87 87 89 90 90 88 87 87 87 87 87 88 89 89 83 86 87 85 85 87 89 89
 87 87 88 89 90 89 89 90 87 85 84 83 86 89 88 86 82 83 88 90 87 89 92 91
 87 84 81 85 87 85 86 86 84 82 81 82 82 81 82 84 81 82 82 77 74 77 79 77
 79 74 70 70 72 74 73 70 72 73 73 70 67 65 66 67 69 69 68 65 65 65 66 65
 65 65 66 66 65 64 64 64 64 62 60 58 57 56 57 59 60 57 53 51 52 56 58 57
 55 57 57 56 54 54 51 48 47 46 44 43 44 44 44 44 44 48 49 47 48 53 57 57
 59 56 54 50 48 51 57 59 59 62 64 63 64 66 66 64 65 65 65 67 71 71 71 73
 72 69 67 67 69 72 74 72 74 74 74 74 74 76 79 80 78 81 81 79 78 79 80 80
 81 79 81 83 86 84 84 29]","[29 28 86 87 88 89 89 89 87 86 88 88 88 90 91 88 84 87 87 86 86 88 89 88
 89 87 87 91 95 95 93 90 88 87 87 89 91 90 88 87 87 87 87 88 84 86 87 88
 86 86 82 83 83 83 86 86 87 85 83 81 82 83 85 86 85 86 87 78 74 78 80 78
 80 78 78 78 75 76 77 76 74 74 74 73 70 67 65 64 68 69 68 65 64 64 65 64
 64 65 65 65 65 66 66 66 62 61 60 58 57 58 59 60 60 59 56 54 55 57 58 58
 55 57 58 56 55 53 51 49 48 42 41 45 47 44 45 48 47 50 51 50 51 55 58 59
 56 54 52 50 48 52 57 59 58 60 61 61 62 65 66 65 64 65 65 65 67 67 69 73
 76 74 72 70 69 72 75 74 73 74 75 75 76 79 81 82 81 83 83 81 79 79 81 81
 82 80 82 86 90 89 88 30]","[30 28 87 87 88 88 89 90 88 87 88 90 90 93 93 88 87 88 88 88 88 89 89 88
 89 89 90 93 96 98 94 89 88 88 89 91 91 90 88 87 89 90 87 87 84 85 82 85
 87 87 82 81 83 84 87 84 86 86 85 83 83 85 86 85 85 84 85 80 77 82 81 79
 76 77 81 80 75 75 77 75 75 74 74 75 75 73 69 66 69 70 70 67 65 65 66 66
 67 68 66 63 63 67 71 71 65 63 61 59 59 61 62 61 60 61 60 57 56 57 59 60
 57 57 56 55 53 52 51 49 49 46 44 47 49 48 48 49 50 52 53 53 53 53 55 57
 53 52 53 53 52 54 58 58 59 60 60 60 61 64 66 66 64 65 65 65 65 65 66 70
 75 75 74 71 68 69 71 71 74 74 74 75 78 81 82 81 80 81 82 81 80 81 82 83
 83 83 85 88 92 92 89 30]","[29 28 86 87 88 88 89 90 89 86 88 90 92 97 97 90 87 88 89 89 90 90 90 90
 88 92 92 89 89 92 93 90 89 90 91 90 89 89 89 88 88 91 88 90 89 90 85 88
 87 87 83 82 85 88 88 82 81 84 85 84 85 88 88 85 82 79 82 81 82 87 84 82
 80 80 83 81 76 75 76 73 77 75 74 76 80 80 76 72 71 73 74 72 71 71 73 73
 72 74 72 66 65 69 72 72 71 67 62 60 61 63 63 62 62 63 62 59 57 58 60 62
 59 57 55 54 53 52 51 50 50 51 49 46 48 52 51 47 49 50 52 53 52 50 50 51
 53 54 56 57 57 58 60 59 58 60 62 64 66 66 65 64 65 67 67 66 66 64 65 68
 74 74 75 73 71 73 74 72 75 74 74 75 79 81 81 79 80 80 81 81 82 82 83 84
 83 84 87 88 91 90 88 29]","[29 29 89 90 87 82 83 86 91 91 89 89 94 95 91 88 87 87 88 89 91 93 94 94
 93 93 91 89 87 89 92 94 92 91 89 87 86 87 89 90 91 94 90 88 89 89 90 88
 88 89 89 87 86 87 86 83 82 84 83 85 89 89 86 87 83 84 81 81 84 83 84 89
 88 85 79 76 76 77 77 76 78 78 77 77 79 79 75 70 69 73 75 74 74 76 76 75
 75 73 75 69 65 69 69 71 72 68 64 63 64 65 65 64 64 66 63 60 62 62 60 62
 64 62 58 53 52 52 52 51 49 49 50 50 50 50 49 47 52 54 53 50 49 50 52 57
 58 54 56 59 57 58 60 60 58 61 64 66 65 64 67 69 66 65 64 66 68 69 69 68
 74 74 75 76 75 74 75 77 77 75 75 75 75 74 74 76 76 77 79 79 80 82 84 85
 84 85 86 89 90 87 89 29]","[29 29 89 90 87 84 85 87 95 93 89 88 92 93 89 85 89 90 89 86 87 92 95 95
 94 95 95 93 91 91 92 93 96 92 88 85 84 88 92 95 93 95 91 89 89 87 88 88
 93 94 93 90 88 88 87 86 88 88 85 84 89 89 87 87 86 88 87 87 88 86 84 87
 86 81 77 76 77 77 79 80 82 80 79 80 82 80 75 70 70 72 74 74 75 77 77 76
 77 74 74 72 70 72 72 73 71 68 67 66 66 66 65 65 63 66 64 62 63 61 59 61
 65 64 62 59 56 55 54 54 49 49 50 50 50 49 48 46 49 51 51 51 52 52 55 60
 60 57 57 57 57 58 60 57 59 63 67 67 65 65 66 68 65 65 67 70 72 72 70 68
 70 72 73 73 73 75 76 76 78 78 78 78 77 77 79 82 79 80 80 80 80 82 83 83
 83 84 85 87 88 87 88 28]","[29 30 89 89 89 88 88 88 93 91 87 88 93 95 91 87 90 92 92 89 90 95 98 97
 95 96 98 96 93 91 91 92 93 92 90 88 89 92 95 97 96 97 94 93 91 88 90 93
 95 96 94 90 88 89 89 89 93 93 91 89 90 88 87 89 86 89 90 91 92 90 87 87
 84 80 77 79 79 79 81 85 85 82 80 81 82 81 76 72 73 73 74 74 76 78 78 76
 75 74 73 73 69 66 70 73 70 70 69 69 68 66 65 65 67 69 68 66 66 64 63 65
 65 65 65 64 61 58 57 57 57 57 56 54 52 50 48 46 50 52 52 54 56 56 57 60
 61 59 57 55 55 58 58 53 58 63 67 66 65 65 66 65 67 68 70 73 75 74 72 69
 69 72 73 72 73 76 78 76 77 79 81 80 78 79 82 84 82 81 80 80 81 83 84 83
 85 86 86 86 87 87 89 28]","[29 29 88 87 89 91 91 89 88 87 86 88 93 94 91 89 91 94 95 95 95 97 96 93
 93 94 95 95 92 90 90 90 88 89 90 92 93 95 96 96 98 97 93 95 96 93 95 97
 96 95 93 89 87 88 90 91 92 95 97 96 92 88 87 90 85 87 89 91 91 89 86 85
 83 81 80 80 80 81 83 86 85 84 82 80 81 82 80 77 79 78 76 76 78 80 80 78
 78 73 67 71 71 69 74 73 71 71 71 70 69 67 66 66 68 67 66 64 64 64 65 66
 66 65 65 65 64 61 60 60 65 64 62 58 55 53 50 48 52 54 54 54 58 60 60 62
 63 60 57 56 56 57 57 55 58 62 65 65 67 69 68 64 66 67 69 72 74 74 73 72
 71 73 74 74 75 77 78 77 75 79 82 81 81 81 82 82 82 81 80 80 83 85 87 86
 89 89 88 87 88 89 91 29]","[29 28 85 85 88 91 91 88 87 88 87 87 89 88 87 88 95 94 94 95 95 92 90 88
 91 91 92 93 92 90 89 90 88 88 89 90 91 92 94 96 97 94 89 94 99 97 97 98
 98 97 94 90 88 89 91 92 91 92 96 97 94 90 89 89 89 88 88 88 87 86 82 79
 82 82 82 80 80 82 83 83 83 87 86 82 81 84 84 80 83 80 78 78 80 82 81 79
 78 75 70 72 67 63 70 74 74 72 71 70 70 69 68 68 66 63 63 64 65 66 67 67
 68 65 64 66 66 65 64 65 65 64 62 58 56 55 54 54 51 54 53 53 58 63 65 65
 65 61 59 59 60 58 58 60 63 64 65 66 71 75 72 67 64 65 67 70 72 74 74 74
 73 73 75 77 77 77 77 78 76 80 82 82 82 83 83 82 82 82 81 81 83 86 88 89
 89 90 88 87 87 89 91 29]","[29 29 86 85 87 90 92 91 90 90 88 87 87 86 87 90 96 93 92 93 92 90 89 91
 89 89 91 94 95 93 91 90 90 91 91 91 91 91 93 95 96 93 87 92 99 98 97 96
 98 96 95 93 92 92 94 96 94 90 91 95 95 94 93 90 92 89 87 87 86 86 84 79
 82 84 84 81 82 84 84 81 83 88 90 86 83 84 83 80 81 78 76 76 78 80 80 78
 77 76 75 74 66 62 68 73 75 73 71 72 73 73 72 71 68 65 66 70 72 73 73 71
 68 66 64 65 66 67 66 66 65 64 62 59 57 57 57 57 53 55 53 52 57 63 65 66
 66 63 61 62 63 59 59 64 66 66 65 66 71 75 73 68 67 69 71 72 73 73 73 73
 73 73 75 77 77 76 77 79 78 79 79 79 80 82 83 82 84 83 82 82 83 85 86 86
 86 86 86 85 86 87 89 29]","[30 30 88 86 86 88 91 94 91 90 88 88 90 90 91 94 93 93 94 93 91 90 92 94
 92 89 89 93 96 95 93 92 91 94 96 96 94 93 94 95 97 95 90 93 98 97 97 97
 98 97 96 95 95 95 96 98 95 89 90 94 95 95 95 93 92 88 87 88 89 92 91 85
 85 86 86 85 86 87 85 82 86 88 89 87 84 82 81 80 80 77 75 76 78 80 80 79
 81 74 73 76 79 80 77 75 76 75 73 74 74 74 73 72 72 68 70 74 73 73 73 70
 68 67 65 64 65 66 66 65 66 66 64 61 59 59 59 59 57 57 54 55 59 61 62 64
 67 66 63 63 65 62 61 65 67 65 64 65 67 69 69 68 72 73 74 74 73 72 72 72
 74 75 77 76 75 76 77 79 78 78 78 79 80 81 83 85 85 84 82 81 83 85 84 83
 84 84 85 86 87 86 89 29]","[ 28  29  89  86  83  84  90  95  89  88  86  89  94  94  93  93  89  94
  97  96  92  90  90  91  95  90  88  91  95  95  94  93  94  96  98  97
  94  94  96  99  97  97  93  94  96  96  97  98 102 101  99  98  97  95
  95  96  92  88  91  95  93  93  95  95  93  88  88  90  92  96  96  89
  88  87  87  88  90  89  86  83  90  88  87  87  84  80  80  82  83  81
  79  80  82  83  83  83  79  77  83  83  80  79  75  77  77  76  75  75
  75  74  72  71  77  72  73  75  73  71  72  70  68  69  67  65  65  65
  65  63  65  65  64  62  61  60  61  61  59  56  54  58  61  60  61  65
  68  69  66  64  66  65  63  65  66  66  65  65  65  65  68  70  71  72
  72  72  71  72  73  74  75  78  79  76  74  76  79  79  79  78  80  82
  84  84  85  88  85  83  80  80  83  85  83  81  85  85  86  88  89  87
  89  30]","[ 29  30  90  88  84  85  90  92  90  88  87  88  90  91  91  91  88  92
  96  97  95  93  91  89  93  91  93  96  95  93  94  95  92  96  95  96
  99  96  92  97  98  96  95  95  96  96  97  99 101 101 101  97  93  94
  95  94  88  90  94  95  93  93  94  93  89  90  89  93  97  95  93  90
  93  89  88  91  93  90  87  85  86  87  87  87  87  83  81  83  85  87
  86  83  82  86  87  85  82  83  84  84  81  77  76  78  79  77  76  76
  76  74  74  75  74  78  79  76  73  72  70  68  72  71  70  68  65  64
  66  68  65  65  65  65  64  63  62  61  63  62  61  61  61  60  61  64
  70  69  67  65  64  64  65  65  68  64  66  68  67  68  71  69  64  69
  73  74  73  73  74  73  75  76  77  76  77  80  81  79  78  80  81  82
  86  88  88  87  85  83  84  83  84  85  82  81  83  87  89  87  85  88
  92  28]","[29 29 91 91 89 90 93 94 91 90 89 89 89 89 89 88 90 94 97 98 96 95 95 96
 88 88 90 93 94 94 96 97 96 97 94 94 99 97 93 95 97 95 94 95 95 96 97 99
 99 97 97 95 92 92 95 97 95 94 96 96 95 95 94 91 92 91 90 95 97 91 89 90
 94 92 91 92 91 89 87 87 87 87 86 87 88 85 84 85 89 90 88 84 82 84 87 88
 85 81 79 79 80 80 78 77 77 77 78 78 76 74 74 75 79 80 80 78 76 73 69 64
 68 72 72 69 68 71 72 71 68 67 65 63 62 61 61 61 64 64 63 63 61 60 62 65
 65 68 68 64 63 66 66 64 66 65 69 72 70 70 70 68 66 69 71 72 72 73 74 74
 75 76 77 77 78 80 80 78 79 80 81 83 87 85 82 82 83 81 83 83 84 85 83 83
 81 85 89 90 89 91 93 29]","[29 29 91 93 92 92 92 90 89 89 90 91 93 93 93 92 93 95 97 96 94 93 94 95
 87 88 91 93 93 95 97 97 96 98 94 92 94 94 94 96 95 93 92 92 92 92 94 97
 97 94 94 95 94 93 96 98 98 96 95 96 96 96 95 90 96 95 93 96 95 90 91 93
 93 93 93 90 88 87 88 88 88 87 86 88 90 88 87 90 90 90 89 85 83 84 86 88
 88 82 77 76 79 80 79 78 79 80 79 75 72 73 76 79 80 80 78 75 73 71 67 63
 68 71 73 71 72 74 74 72 70 69 67 64 62 61 62 63 64 65 65 63 60 59 61 64
 65 68 70 67 63 63 63 63 65 67 72 75 74 72 71 70 69 70 72 74 75 75 76 77
 75 77 79 79 80 81 80 77 79 79 81 86 89 86 82 82 84 81 82 84 86 86 83 84
 87 89 92 94 94 94 95 31]","[30 29 91 94 93 92 89 85 84 85 88 91 94 95 96 95 93 94 95 93 91 89 90 91
 92 94 95 94 93 95 97 95 95 96 93 89 91 94 95 98 96 94 92 91 91 91 93 96
 97 94 94 97 97 97 98 97 96 94 94 95 97 99 98 93 97 98 96 95 93 93 96 94
 94 96 95 92 89 90 92 93 90 89 88 90 91 89 89 93 90 89 88 87 87 86 86 87
 88 84 80 78 78 78 80 82 83 83 80 75 72 74 78 80 79 79 77 73 70 69 70 71
 72 71 71 73 73 70 69 69 69 69 69 67 64 63 63 64 64 65 65 63 59 58 60 62
 66 67 69 69 63 58 59 65 68 69 72 75 75 75 75 74 72 72 74 78 80 80 79 79
 77 79 80 80 81 81 80 79 80 81 82 86 90 88 85 86 87 82 83 85 88 88 85 87
 90 90 90 91 91 91 92 29]","[ 29  29  91  95  95  94  91  87  87  88  90  93  95  96  96  95  93  93
  94  94  92  90  90  92  95  97  98  96  94  95  96  94  97  95  90  90
  94  98  97  94  95  94  94  95  95  94  95  97  97  95  95  96  98 101
 101  97  95  93  94  96  97  99  99  97  96  97  97  98  95  95  98  95
  94  96  95  92  90  93  95  95  93  93  92  93  92  89  90  95  93  90
  87  88  89  89  87  86  86  85  83  81  79  78  80  83  85  85  83  80
  78  79  80  79  81  80  77  74  72  73  76  79  75  72  71  73  72  69
  68  69  69  70  71  69  66  64  64  64  64  64  64  63  60  60  60  61
  65  66  68  68  62  58  61  69  71  71  72  74  77  77  76  76  75  74
  75  79  81  81  80  80  80  80  81  80  80  81  81  81  83  84  84  84
  87  88  88  88  89  83  82  85  90  91  89  90  90  88  88  89  90  90
  92  29]","[ 29  29  91  95  94  92  91  90  94  94  94  95  97  98  97  96  93  92
  92  94  94  93  91  92  94  96  98  96  94  96  97  95  95  94  93  94
  96  97  95  92  93  93  95  97  98  97  96  96  97  95  93  94  97 102
 103  99  96  96  96  96  95  96  98  96  97  94  97 104 100  94  96  95
  95  96  96  93  92  94  95  95  95  96  95  94  93  91  92  96  97  92
  88  87  88  89  88  88  88  85  84  84  83  82  82  83  86  85  83  81
  79  79  80  80  82  78  75  74  75  77  77  77  75  75  74  73  73  74
  73  71  73  73  73  71  68  65  65  65  65  65  65  63  62  63  63  62
  68  72  73  68  64  65  69  72  73  73  72  74  78  78  76  76  78  76
  75  77  79  80  80  81  81  81  81  81  80  80  82  83  83  86  85  83
  85  87  90  92  91  85  84  85  88  90  88  88  91  91  92  93  93  94
  94  30]","[ 29  29  92  94  91  89  91  92  95  94  92  93  96  97  97  96  94  92
  91  93  95  94  92  92  93  95  97  98  96  96  98  97  95  95  96  97
  95  94  94  94  96  95  96  97  97  96  95  96  96  93  92  94  96 100
 102 100  98  98  98  96  93  94  96  96  98  94  98 106  99  92  95  97
  97  99  99  98  97  97  98  98  96  97  96  94  94  94  94  95  96  94
  90  87  86  88  90  91  90  87  85  86  87  86  84  83  85  85  83  80
  76  75  78  82  81  77  75  75  78  79  77  75  75  75  75  75  75  76
  75  73  73  74  74  73  70  67  65  65  66  67  66  64  63  65  66  66
  71  74  73  69  68  71  73  73  72  74  72  74  78  77  75  76  79  79
  78  77  78  80  81  81  81  81  82  81  80  80  82  84  85  86  85  84
  84  85  88  93  90  87  86  85  86  88  86  87  91  92  94  94  93  94
  94  27]","[ 29  29  92  94  91  90  94  97  98  95  93  93  96  98  98  97  95  91
  90  93  97  97  96  95  95  96  99  99  97  97  98  97  99  96  96  96
  95  94  96  97 104 101  98  97  97  96  96  97  94  92  93  96  97  98
 100 100 100  99  98  96  94  95  98  98  97  95  98 102  94  90  96  98
  95  97  98  98  97  96  97  97  96  98  95  93  95  97  96  95  94  95
  93  89  87  88  92  95  91  89  87  87  87  85  84  83  82  84  86  84
  77  73  75  80  81  80  79  79  80  81  80  81  76  74  74  77  77  74
  72  74  69  71  73  73  71  68  65  64  67  67  67  64  63  65  67  68
  68  67  67  68  70  73  74  73  72  73  72  72  76  76  75  78  79  80
  80  78  78  80  81  80  80  81  82  82  81  80  81  84  87  87  86  86
  84  82  83  89  86  85  87  85  85  88  87  89  91  93  95  94  94  96
  96  29]","[ 29  30  98  99  98 104  97  95  96  95  95  95  95  96  96  96  98  95
  97  98  98  97  95  98  95  96  97 100  96  96 104 103  99  97  96  98
 100 100  99  98  98  96  96  97  97  96  96  96  95  97  97 101 101  96
  97 101 100 100  98  94  93  97  99 100 100  96  97  98  94  97 102 100
  97  98  97  96  96  96  97  96  97  95  94  92  92  94  95  92  92  94
  92  88  86  86  91  97  95  89  86  87  89  88  87  88  84  85  87  86
  80  75  77  81  82  78  79  81  79  79  81  80  77  76  74  73  74  75
  74  72  70  74  76  73  69  69  69  69  69  67  64  65  66  66  66  66
  64  66  69  70  69  69  71  74  75  73  71  73  74  74  75  77  77  79
  80  80  81  81  77  74  75  80  83  82  80  81  82  81  84  84  84  86
  86  84  84  85  86  87  88  89  89  87  86  86  92  92  94  96  97  98
  96  27]","[ 29  29  96  93  90  96  97 101  97  96  95  95  96  97  97  97  95  95
 100 101  99  97  93  95  97  98  97  99  97  98 104 102  98  97  96  98
 100 102 102 102 101  98  98 101 100  97  95  97  99 101 100 102 101  96
  97 100 101  99  98  96  97  98 101 102 102  98  98  98  95  97 102 101
 100 100  99  98  97  97  97  97  96  94  94  95  96  98  98  95  92  94
  92  89  88  89  92  96  96  91  88  90  93  93  90  87  87  88  89  87
  83  79  79  81  82  80  80  80  79  79  79  79  78  78  77  76  76  76
  75  73  71  73  74  73  70  68  70  72  71  68  66  65  66  66  65  64
  66  70  73  73  69  66  69  72  75  74  73  74  75  75  75  76  79  79
  80  80  81  81  80  77  78  80  82  83  83  81  81  82  82  81  82  84
  86  86  87  88  90  88  88  89  90  90  89  88  92  92  95  97  98  99
  98  29]","[ 29  28  95  94  93  96  94  96  96  96  96  96  97  98  99  99 100 100
 102 101  99  99  98 100 100 100  98  98  98 100 104 101  98  98  97  96
  98 100 101 100 102  99  99 104 103  98  96  98  99 102 100 101 101  99
 101 101 101  98  97  99 100 101 102 104 105 101 101 101  98  99 102 100
 100 100 100  99  98  98  98  98  98  95  95  97  98  98  97  95  98  99
  97  94  94  92  92  94  95  94  94  95  96  96  94  91  89  90  90  88
  86  83  81  80  84  85  84  82  82  81  80  81  76  78  78  78  77  76
  74  72  73  71  73  74  71  67  68  73  71  69  67  67  67  67  66  65
  69  73  77  77  73  70  71  73  75  75  74  73  74  76  77  78  80  80
  80  80  81  82  82  81  82  80  81  85  85  81  81  83  83  82  82  84
  86  87  87  88  89  90  92  91  90  90  92  94  92  92  94  97  97  99
  98  29]","[ 32  27  92  92  94  96  98 101  96  96  97  98  99 100 101 102 101  99
  98  94  95  99  99 101 100 102 101  98  97  99 101  98  98  99  97  96
  96  97  98  97 100  97  97 101 102  99  97  98  97 100  97  98 101 102
 103 102  98  97  97 100 102 103 103 104 104 102 103 103 101 101 101  98
  99  99  99  98  99 100 100 100 101  97  96  98  98  97  96  94  98 100
  98  96  94  92  90  91  88  93  95  94  93  93  92  91  89  90  91  90
  88  86  83  81  84  88  86  82  82  81  79  81  76  78  79  79  78  77
  75  71  73  71  72  74  71  67  67  69  69  69  70  70  70  69  68  69
  71  73  75  77  77  76  76  76  77  77  75  73  74  78  81  82  81  81
  80  80  81  82  82  82  82  80  81  85  84  80  80  82  85  84  84  85
  86  86  87  87  88  91  93  93  92  92  94  96  93  93  95  96  96  98
  97  29]","[ 31  29  95  94  93  90  96 100  97  97  98  99 100 101 102 103  99  96
  95  93  96 100  98  97  98 102 103  98  96  97  97  97  98  99  98  97
  97  97  98  98  98  96  96  98 100 101 100  99 100 101  97  97 101 102
 102  98  95  97  99 101 103 104 104 104 104 103 104 103 101 100  99  97
  99  99  99  99 100 102 103 103 101  98  98 100 101 100  99  97  97  99
  99  97  96  94  92  94  89  93  96  94  92  92  91  90  90  92  94  93
  91  89  86  84  85  89  88  84  84  83  82  84  81  82  82  80  80  80
  76  72  73  72  71  71  70  69  68  67  67  68  71  72  70  68  68  69
  69  69  71  74  75  76  77  78  79  79  78  76  76  79  83  84  81  80
  80  80  80  80  81  82  81  82  83  83  82  80  80  82  83  84  85  86
  86  87  88  89  90  90  89  90  92  94  95  94  97  96  97  97  96  97
  97  29]","[ 30  29  96  95  96  91  96  97  98  99 100 101 101 101 101 101 100  96
  94  94  98 101  98  97  99 102 104  99  97  98  97 100 101 100 100 100
  99  97  97  97 100 100  99  99 101 103 102 100 102 103  99  99 101 101
 101  98  95  98 100 102 103 104 104 104 106 106 105 103 101 100 100 100
 102 102 102 102 102 104 105 105 102 101 102 105 105 104 103 100  99 102
 103 101  99  97  96  98  96  97  98  96  96  96  94  90  93  95  96  96
  92  89  88  88  88  90  89  86  85  84  85  86  83  84  83  81  81  81
  77  72  74  73  71  69  69  71  70  68  67  69  71  71  69  66  65  67
  67  69  71  72  72  72  75  78  79  80  81  79  78  78  79  80  80  80
  81  81  80  80  80  81  82  85  86  84  81  81  83  84  85  86  87  88
  88  90  91  91  91  91  89  88  89  92  95  95  98  97  97  97  96  97
  97  29]","[ 30  28  92  91  97  96 105 104  97  99 101 101 101 100  99  98 100  95
  94  93  95  97  96  99 101 101 102  98 100 102 100 104 103 101 101 102
 101  98  97  99 103 103 103 103 102 101 101 101 102 104 101 101 102 101
 101 100  98  97  98 101 103 103 103 104 106 107 105 103 102 101 101 104
 103 104 104 104 104 105 105 104 103 103 104 105 104 105 105 102 102 104
 104 102 100  97  95  96  98  97  97  96  97  96  93  89  95  95  96  96
  93  89  89  91  90  89  88  86  82  81  82  83  83  85  85  82  81  81
  78  73  76  77  75  72  71  72  71  68  71  71  71  71  69  67  66  66
  71  71  72  73  72  73  75  78  78  79  81  81  79  78  77  79  81  81
  81  82  81  80  81  82  85  86  87  84  81  81  84  86  89  89  89  88
  90  92  93  91  90  93  94  91  89  91  95  98  97  96  97  97  96  97
  97  29]","[ 28  30  98  97 100  95 102 100  96  98 100 101 101  99  98  97  99  96
  98  98  97  97  97 102 101  99  98  96 101 104 101 106 103 100 100 103
 103 100 100 103 102 102 104 105 102  97  96  99 102 105 103 103 102  99
 100 101 100  96  95  99 102 101 101 104 102 104 104 103 103 102 102 104
 103 104 104 104 104 104 103 102 102 102 102 101 101 104 106 105 105 106
 106 104 103 100  97  98  97  98  99  99  98  96  94  92  97  96  95  95
  93  90  91  94  96  92  90  89  83  80  82  82  83  86  87  84  83  83
  81  76  78  80  80  78  75  72  69  66  74  73  71  71  71  70  69  68
  75  73  72  73  75  76  77  77  78  78  80  82  80  78  79  82  81  81
  82  83  82  80  81  84  85  85  84  83  81  80  82  85  89  88  86  87
  90  94  94  92  92  95  96  94  93  95  96  96  96  96  98  99  97  98
  98  30]","[ 31  27 100 103 101  98  97  95  98  97  96  97 100 102 101  99  95  97
 101 100  97  99 104 103 101  98  97 101 103 104 104 105 103 101 100  99
 100 100 101 102 104 104 104 104 101  97  96  97 101 102 103 102 103 103
 103 101 103 101 100 100 102 104 105 105 106 103 102 104 105 105 104 104
 105 104 105 105 105 104 103 103 104 105 104 103 104 106 108 108 109 107
 105 104 105 105 103 102 101 101 100  98  98  98  97  97  98  99  99  97
  95  95  97  98  97  91  87  89  90  87  85  86  86  88  87  83  82  83
  82  78  81  82  82  79  76  75  72  70  72  74  74  72  72  71  72  74
  75  74  73  74  75  76  77  77  78  80  81  80  80  80  80  79  80  83
  81  79  82  84  85  88  83  84  84  84  84  85  86  86  89  89  88  87
  90  92  91  90  95  92  94  98  98  96  95  96  97  94  97 100  98 103
  97  29]","[ 29  28 102 105 103  99  94  89  93  94  95  97 100 102 101  99  92  94
  98 100 101 103 104 103 101  97  95  98 101 103 103 103 101 100  98  98
  99 101 101 101 101 102 102 101 100 100  99  98  99 100 102 102 104 105
 105 103 103 101 100 100 103 104 105 105 105 104 104 104 104 102 102 104
 105 105 106 106 106 105 104 104 105 106 105 104 104 106 108 108 108 106
 105 104 104 104 103 103 103 103 102 101 101 101 101 100  99 100 100  99
  97  97  97  97  95  91  89  91  91  88  87  88  90  92  88  83  82  82
  81  79  81  82  82  80  77  75  74  73  72  74  74  74  74  74  75  78
  76  75  74  74  74  74  75  76  78  78  79  79  78  77  79  81  80  81
  81  80  83  85  87  88  85  86  88  88  88  89  89  89  88  89  87  87
  91  93  92  92  94  95  96  95  92  92  94  94  95 100  98  98 101  90
  98  28]","[ 29  29 101 101 101 100  97  93  96  97  98 100 101 102 100  98  95  96
  96  96 100 103 104 104 101  98  96  97  99 100 102 103 102 102 100  98
  99 101 101  99  98 101 102 100  99 101 101 100 101 102 103 103 104 105
 105 103 104 102 101 102 103 104 104 104 103 104 106 106 103 100 101 104
 106 106 105 105 105 104 104 105 105 105 104 102 102 104 105 106 108 107
 106 105 105 105 105 105 104 104 105 105 106 105 104 102  99  99 100 100
 100  98  97  96  94  92  91  93  92  88  87  88  92  94  89  83  83  82
  80  81  81  82  82  80  77  75  74  74  73  75  75  75  76  76  76  79
  75  76  76  76  76  76  77  79  80  79  79  81  80  78  80  85  87  85
  84  84  83  85  86  84  83  85  87  89  89  89  89  89  89  90  88  88
  92  94  93  93  92  93  94  94  94  95  95  94  97  98 101  99  97  96
 135  29]","[ 30  29  99  99  99  99  98  99 101 101 100 100 101 101 101 100  97  99
  96  95 100 103 103 105 101 101 100  98  97  98 101 104 104 105 103  98
  97  99  99  97  97 102 105 102  97  96  99 103 103 103 103 104 105 105
 104 102 105 104 103 104 104 103 102 101 102 104 106 105 102 100 102 105
 107 106 103 100 100 102 104 105 105 105 104 102 101 103 104 105 109 109
 109 108 108 108 108 109 106 106 107 108 109 107 105 103 101 100 100 101
 100  97  94  93  95  94  95  96  94  90  88  88  91  94  89  84  84  84
  82  83  82  82  82  79  77  75  75  75  75  76  74  75  77  77  77  78
  75  76  77  78  79  80  81  81  81  80  80  81  81  81  83  86  86  84
  84  85  83  85  88  86  82  86  90  91  90  89  90  92  91  92  91  91
  93  94  94  95  96  95  94  96  97  96  95  96 101  98 100 100 119 149
 189  28]","[ 30  29 100 100  99  93  91  95  98  98  99  99  99 101 101 101  96  99
  98  98 103 105 104 105 102 103 102  99  97  99 101 102 103 105 104  99
  97  98  98  97 100 102 104 104  99  95  97 103 102 102 102 103 105 105
 105 104 105 103 104 106 106 104 102 102 102 103 105 105 103 102 104 106
 106 104 101  98  98 101 104 105 107 108 107 105 104 105 107 107 109 110
 110 110 110 110 110 110 110 109 108 108 108 106 105 104 104 101 100 101
 100  97  94  94  99  98  98  98  97  94  91  90  89  92  90  86  86  85
  83  83  83  82  80  79  78  77  77  76  77  76  74  75  79  80  77  77
  74  75  76  77  79  81  81  80  80  80  80  80  81  82  82  82  84  82
  84  84  81  83  86  86  83  87  91  92  90  88  91  95  94  95  94  93
  94  94  95  97  97  97  95  94  95  96  97 100  99  95  96 125 174 190
 193  31]","[ 29  28  98  98  96  89  86  93  96  97  98  99 100 102 102 101  99 101
 101 101 102 104 104 104 103 102  99  97  98 101 101  99 103 106 106 103
 101 101 102 101 103 101 102 105 104 100 100 103 104 103 103 104 106 106
 105 104 102 101 102 105 107 105 104 105 104 105 105 105 105 106 107 108
 103 104 103 102 102 104 106 105 108 110 110 108 107 109 110 111 110 109
 109 110 110 111 110 110 112 109 106 105 105 104 105 106 105 101  99 102
 103 100  99 101 101 101 100 100 100  98  95  93  91  92  92  90  87  86
  85  83  83  81  80  80  81  80  79  79  81  79  76  76  78  78  75  73
  72  73  74  76  79  82  83  82  80  82  82  81  81  82  81  79  84  84
  85  84  82  81  84  86  84  87  91  92  89  87  90  94  96  96  95  94
  95  95  95  97  94  97  94  92  97  99  96  95  98 102 139 183 191 186
 189  27]","[ 29  29  97  95  94  89  89  97  98  98  98  99 100 102 102 102 101 101
 102 101 100 102 102 101 100 101  99  96  97 101 102 100 103 104 105 105
 105 104 104 103 101 100 102 105 106 104 103 104 106 104 103 105 106 105
 104 103 101  99 101 104 106 105 105 107 106 106 106 105 105 106 107 107
 104 106 107 106 107 108 107 106 107 109 111 110 109 110 112 112 111 109
 108 108 110 111 111 110 111 107 105 106 106 106 106 107 107 102 101 104
 105 103 103 106 102 103 102 101 101 101  98  96  97  95  96  94  88  86
  86  82  83  81  81  82  82  81  81  81  82  81  78  77  78  76  73  72
  74  75  76  76  78  82  84  84  81  82  84  84  83  81  81  81  83  84
  84  85  86  86  87  90  90  91  95  96  94  92  93  96  97  95  93  93
  96  96  96  97  98  99  98  98 101  97  96 102 116 162 189 194 191 186
 184  31]","[ 28  30  98  95  96  93  92  98  97  97  96  96  98 102 104 104  96  97
 101 104 102 102 101  96  97 100 100  96  95  98 102 103 100 101 103 104
 105 103 101  99  95  98 102 105 105 104 104 105 104 102 102 104 105 105
 103 103 102 100 100 103 105 104 105 108 105 105 104 103 103 104 105 105
 106 109 110 109 109 109 108 106 106 108 110 110 109 111 112 113 113 110
 108 108 111 112 112 111 108 106 107 110 111 110 109 109 113 107 104 106
 106 102 102 105 104 105 105 103 102 102 101  99 101  97  98  96  87  86
  88  83  82  81  82  82  82  80  80  82  80  81  79  78  79  77  75  76
  79  80  79  77  77  80  82  83  79  80  83  85  83  80  80  83  86  87
  87  87  90  87  86  89  93  93  96  98  97  94  94  96  97  94  90  92
  97  98  96  97  96  98 101 106 103  94 105 131 169 192 189 184 188 188
 186  29]","[ 30  28  97  99  96  93  97  99 101  95 103  96  99 104 104 101  96  99
 101 102 104 105 104 102 103 101 102  98  97 103 102  97  95  98 102 104
 103 103 102 102 104 101 102 104 102 103 105 104 103 101 100 103 105 104
 104 104 105 101 101 101 107 106 108 106 105 104 104 106 106 105 106 109
 108 111 111 107 107 110 112 110 108 107 106 106 109 112 112 110 112 109
 107 109 112 113 113 113 110 110 111 112 113 113 114 113 112 109 108 111
 109 105 104 107 107 103 104 105 102 101 102 100 102  99  97  95  94  91
  89  88  83  88  86  82  83  84  81  80  83  81  81  81  79  77  76  78
  82  81  79  77  77  79  80  81  80  84  88  88  86  83  82  83  88  88
  89  90  89  87  87  89  91  93  98 100  97  95  95  96  98  94  95  97
  94  97 102  98  98 100 103 107  99 112 149 182 188 187 186 186 186 184
 186  28]","[ 30  28  98 100  98  96  99 100 101  98 106 101 101 105 103 101 100  97
  98 102 104 102 101 102 102 100 102  99  98 103 104 101 100 101 103 104
 105 104 104 103 104 102 102 103 102 103 105 105 103 102 102 104 105 104
 104 105 105 103 104 101 106 106 108 106 104 104 105 105 106 106 108 109
 110 113 112 109 109 111 112 110 108 109 109 108 108 110 112 112 109 108
 109 112 114 114 115 115 110 110 111 113 114 115 114 114 113 110 110 112
 111 108 107 109 109 106 106 107 105 102 101 101 103 101  99  98  97  96
  94  93  91  92  89  85  85  86  83  81  80  80  81  82  81  79  80  82
  79  78  77  76  77  79  81  81  83  85  87  87  86  85  86  87  90  91
  90  87  86  87  89  89  88  91  96  97  94  95  97  97  98  95  95  96
  96  98 101  99 103 100  98  99 119 166 190 191 187 186 186 186 186 185
 187  29]","[ 29  28  98 100 101 100 101 101  98  97 105 102 102 104 103 102 102  98
  97  99 101 100  99 101 101 101 104 101  99 103 104 105 105 104 102 102
 103 104 104 104 105 105 102 102 103 103 104 106 103 103 104 105 105 104
 104 105 105 106 107 103 105 106 109 107 104 106 106 105 105 107 108 107
 106 107 107 107 108 110 110 109 109 109 108 108 108 108 110 112 106 108
 111 114 114 114 115 116 111 111 111 112 114 116 116 115 115 112 111 112
 113 112 110 110 110 109 108 110 109 104 102 104 105 103 101 100  99  96
  95  94  93  91  89  86  85  88  87  83  82  82  82  82  81  79  80  82
  79  78  77  76  78  80  80  80  83  86  88  87  85  85  87  90  89  91
  90  85  85  89  91  88  87  92  96  96  93  94  95  94  91  94  95  94
  95  96  97  99  96  95 109 135 167 188 183 190 186 185 186 186 186 185
 188  30]","[ 29  28  98 101 102 102 102 100  97  97 103 100  99 100 100 102 101 101
  99  97  98 100 100  99 101 100 104 102 100 101 101 103 108 105 102 100
 101 102 104 104 106 106 102 101 104 104 102 105 104 105 105 105 104 104
 105 105 105 107 107 105 104 104 106 108 107 107 106 105 105 105 105 105
 106 106 107 108 110 110 109 108 109 106 105 107 109 109 108 109 108 109
 111 112 112 112 113 115 114 113 111 112 114 116 117 118 115 114 112 112
 114 114 112 111 111 110 110 112 114 108 104 108 106 105 102 100  98  95
  94  93  93  90  89  88  86  89  90  87  86  85  84  82  80  79  79  81
  84  82  79  77  78  80  81  80  82  86  89  87  83  81  85  90  88  91
  91  89  90  93  93  89  87  91  97  99  96  94  94  92  91  93  93  92
  97  97  95  98  99 117 158 190 194 191 183 185 186 186 187 187 187 185
 187  29]","[ 29  29  97 100 101 102 102  98 101 102 102 100  97  97  97 102 101 102
 102 100  99 100 101 101 102 101 104 102 100  99  97  99 106 105 103 102
 102 102 103 104 105 105 102 101 105 105 103 104 105 105 104 103 104 106
 107 106 105 105 106 106 103 102 103 107 108 106 105 106 105 104 103 105
 109 108 109 111 111 110 107 105 107 105 105 108 109 109 108 109 111 111
 111 110 111 112 113 114 115 114 113 114 116 117 118 118 116 115 114 114
 116 117 116 113 112 112 112 114 117 112 108 112 106 105 103 101  99  97
  96  97  96  93  93  92  89  89  91  88  87  85  84  82  82  82  82  83
  85  83  79  78  79  81  82  82  84  86  88  86  83  82  86  90  90  91
  92  93  95  96  94  92  89  91  97 101  98  94  94  95  92  92  96 101
 105  99  94 107 131 166 186 189 187 188 184 187 186 187 188 188 188 186
 187  28]","[ 29  29  97  98 100 101 101  97 103 104 100  99  96  96  97 104 103 102
 102 104 102 100 102 105 104 104 104 102 102 101  97 100 104 104 105 105
 104 103 102 102 104 104 102 102 105 106 105 104 105 105 103 101 104 108
 109 107 106 105 105 108 105 103 102 107 106 104 103 106 107 105 105 107
 108 108 109 110 111 110 107 105 105 108 110 111 110 108 110 112 114 113
 111 110 111 113 114 114 113 114 115 116 116 116 116 115 116 116 116 118
 120 120 119 118 115 114 113 115 117 115 112 113 108 107 106 104 101  99
  99  99  97  95  94  93  90  88  88  88  87  86  85  83  83  83  83  83
  82  81  78  77  78  81  82  83  87  86  85  85  86  88  90  91  91  89
  89  92  94  93  92  92  93  93  97 101  97  93  95  98  94  95 102 101
  96  93 110 148 181 187 188 186 178 184 191 187 186 187 188 188 189 188
 188  28]","[ 29  30  98  97  98 100 101  97 101 102  97  99  97  97  98 105 105 103
 104 105 104 102 103 107 105 105 104 100 101 102 101 104 104 105 105 105
 104 103 102 102 104 104 105 105 104 106 107 105 107 107 104 102 104 109
 109 107 106 106 105 109 106 105 103 106 104 103 104 106 107 107 108 109
 107 108 109 110 111 112 111 109 106 110 113 113 110 110 112 114 115 114
 113 112 113 115 115 114 114 114 115 116 116 115 115 114 116 116 117 120
 121 121 121 121 117 115 115 116 117 118 117 114 112 112 111 109 105 102
 101 102 101  98  95  93  92  89  87  87  88  89  88  86  84  82  81  81
  81  80  79  79  80  82  82  82  85  85  85  87  90  92  93  93  90  88
  87  90  92  92  92  93  96  96  99 101  97  95  96  99 101 100 101  94
  99 121 152 189 187 188 185 182 182 190 189 186 187 188 188 187 189 189
 190  29]","[ 30  30  98  97  97  99 101  98 100 102  97 100  98  97  97 103 105 106
 106 104 104 105 106 105 103 104 102  96  98 102 102 107 108 106 105 103
 103 103 103 103 105 105 107 107 103 105 107 106 108 109 107 103 104 108
 108 105 104 106 105 108 105 107 104 104 104 105 105 105 107 109 109 108
 107 108 109 108 109 110 110 108 107 110 112 111 110 112 113 113 114 114
 115 114 115 116 116 114 117 117 117 116 115 115 116 117 115 115 118 121
 121 120 120 121 120 117 117 118 118 121 121 116 114 114 114 113 110 106
 105 105 109 106 100  97  97  92  87  89  88  90  92  89  85  83  82  82
  83  83  83  83  84  84  83  82  79  83  88  91  92  92  93  94  90  90
  90  92  94  96  96  96  94  96 101 102  99  98 100 100 100  98  99 104
 139 181 190 188 189 184 189 186 181 192 190 187 189 189 188 187 189 189
 190  29]","[ 31  30  99  98  98 100  98  94  96 101  99  97 101 101 100 103 105 104
 105 107 106 103 103 105 102 100  99  99 100 101 103 104 108 108 106 103
 104 104 102 102 106 105 104 104 105 105 106 107 108 108 108 108 107 106
 105 106 106 108 109 109 106 104 104 105 105 104 104 105 107 108 109 109
 108 107 108 111 112 111 109 108 107 110 112 111 110 112 114 114 112 113
 114 115 115 114 112 111 114 116 116 115 115 116 117 116 116 118 121 123
 122 121 121 122 121 121 119 119 119 117 118 122 118 116 113 111 111 110
 107 104 105 102  97  93  94  96  94  90  91  90  93  89  88  84  87  85
  86  81  82  84  81  82  85  83  81  86  88  94  88  86  90  90  89  93
  95  95  97  96  95  95  92 102  95 101  99 101 100 104 101  99 116 153
 181 189 189 185 188 188 188 187 185 188 190 189 191 189 189 191 194 194
 193  28]","[ 29  29  99  98  98 100 100  98  98 101 101  99 101 100  99 102 105 104
 105 107 107 105 103 102 102 100  98  99 101 104 105 105 104 106 106 105
 106 105 102 102 102 102 103 104 104 105 105 106 107 107 108 108 108 106
 106 107 108 109 108 106 104 105 107 109 107 105 105 107 110 110 110 110
 108 109 112 114 116 114 111 108 109 110 110 109 110 113 114 114 113 113
 114 114 114 113 112 111 115 115 115 114 115 117 119 119 120 121 123 123
 123 122 121 122 121 121 120 121 121 117 116 118 119 118 115 114 114 113
 111 109 106 104 101  98  97  97  95  92  94  92  93  89  88  86  89  88
  84  82  84  83  81  83  85  84  85  87  87  92  87  86  88  86  89  93
  95  95  96  94  92  93  95  94  96 100  99  99  98 100  96 123 163 191
 190 181 184 185 187 188 188 187 186 187 190 189 191 189 190 191 194 194
 194  29]","[ 28  29 100  99  99 101 102 101 102  99  98  99 100 100 100 101 102 103
 104 104 104 103 102 101 104 101 100 102 105 106 107 106 103 106 106 106
 106 105 102 101 100 102 104 105 105 105 105 105 104 104 105 106 106 106
 106 106 108 108 106 102 101 105 109 110 108 105 105 108 111 110 109 109
 111 112 113 114 115 115 112 108 109 109 108 108 110 113 114 114 115 115
 115 114 113 113 113 113 116 116 115 114 115 118 120 120 123 123 123 123
 122 121 121 122 122 122 121 121 123 120 117 117 122 121 120 118 117 117
 115 113 107 107 106 104 101  98  97  97  97  94  94  91  90  88  90  88
  85  84  83  82  82  84  84  82  83  83  82  89  87  88  88  87  88  92
  95  96  97  95  94  96 101  96  98  97 100  97  93 103 133 171 189 185
 182 180 183 188 187 188 188 188 187 187 189 190 192 191 191 192 194 195
 194  29]","[ 28  29 102 101 100 101 103 103 104  99  97  98  97  97  98  99  98 102
 104 101  98  99 101 103 103 102 101 103 104 104 104 104 105 106 105 103
 103 102 100 100 101 102 104 105 104 103 103 103 103 102 102 103 104 105
 105 105 106 108 107 103 102 105 109 109 108 105 105 108 110 109 107 108
 113 113 112 109 110 111 111 108 109 109 108 108 110 113 114 114 117 117
 116 115 113 112 114 115 117 117 115 115 116 118 120 121 122 122 122 121
 120 120 121 124 125 123 121 121 124 123 121 121 125 125 124 122 120 119
 117 116 111 111 111 109 105 101 100 101  97  94  94  93  93  93  92  88
  88  86  83  83  86  87  85  84  80  77  74  78  78  82  85  90  88  91
  94  95  96  95  95  97  95  94  97  99  98 102 122 156 179 189 181 176
 184 182 180 188 187 187 187 187 188 188 188 190 194 193 194 194 195 195
 193  28]","[ 29  30 102 102 101 102 103 104 103 100 100 100  97  95  96  97  98 102
 104 101  98 100 103 104 102 102 101 100  99  98  99 100 105 104 102 100
 102 102 100  99 100 102 103 104 103 102 102 102 106 103 101 102 104 105
 105 105 104 108 109 106 104 107 109 110 108 107 108 111 111 109 108 109
 114 113 109 105 105 109 110 109 110 110 110 110 111 113 114 115 117 117
 116 114 112 112 114 117 118 118 117 118 119 120 121 122 122 123 123 122
 120 120 122 125 127 125 122 122 124 125 123 123 125 126 126 124 123 121
 120 119 116 115 114 113 109 105 103 104  99  96  94  95  95  96  94  90
  89  87  85  86  88  88  87  90  83  77  68  66  63  68  76  89  90  94
  96  96  97  96  95  96  98  97  95 101 105 139 175 187 185 181 180 185
 185 184 187 185 187 188 186 186 189 190 190 192 195 195 196 195 196 196
 194  29]","[ 29  29 102 102 102 102 102 103 103 100  99 101 104 103  99  97 100 103
 104 103 103 105 105 103 104 104 103 100  97  95  98 101 103 103 102 101
 104 104 102 101 102 103 104 104 104 104 104 105 107 104 103 103 104 105
 105 105 104 107 108 106 105 107 109 110 110 110 111 112 112 111 111 111
 112 112 109 107 106 109 111 111 112 112 113 113 113 114 115 116 117 117
 116 114 113 114 116 118 119 119 119 121 122 123 123 123 123 124 125 125
 122 121 123 126 126 126 124 123 125 124 122 122 123 124 124 124 123 123
 123 122 121 120 118 116 114 111 109 107 107 104  99  98  94  96  94  92
  89  88  88  87  85  84  87  89  82  77  70  66  60  61  66  81  88  95
  99  97  97  98  97  98  98 105  95 118 152 180 183 182 178 182 183 183
 182 187 192 187 187 190 188 188 192 195 194 196 195 195 196 195 197 198
 195  30]","[ 29  29 101 102 102 102 101 101 101 100  98 100 106 107 103 101 102 102
 103 103 104 105 104 102 104 105 105 103  99  98 100 103 104 105 104 103
 105 105 104 105 106 106 106 106 105 105 105 105 105 105 105 105 105 104
 104 105 106 107 108 107 107 108 109 109 110 112 112 112 112 113 112 111
 110 111 110 110 109 110 111 112 113 113 114 114 114 114 114 115 116 116
 116 115 114 115 118 120 120 119 120 122 124 124 123 123 124 125 126 126
 124 123 123 124 125 126 125 124 124 124 123 124 124 125 125 124 123 123
 123 123 123 123 122 120 119 118 116 113 114 111 105 101  93  94  93  94
  92  90  88  86  85  88  91  88  78  75  71  69  63  60  60  73  80  92
  99  97  95  97  98  98  97  97 127 172 180 183 186 184 182 184 181 184
 189 185 185 190 187 193 192 190 194 196 195 196 195 195 196 195 197 198
 195  29]","[ 29  28 100 102 102 101 100  99  96 102 102  99 100  99 100 106 100 101
 102 101 100 101 102 103 101 103 105 104 101  99 100 102 105 107 105 103
 103 104 104 106 108 107 106 105 103 102 101 101 103 105 107 108 106 104
 104 105 110 109 110 111 112 111 110 109 111 112 112 111 112 114 113 110
 110 110 111 111 110 109 110 113 114 113 113 113 114 113 113 114 115 115
 115 115 114 116 118 120 121 119 120 122 124 123 122 122 123 123 124 125
 125 124 123 122 124 126 125 123 123 124 125 128 128 128 127 126 125 124
 124 123 123 125 125 123 123 124 122 118 113 113 108 104  93  94  95  97
  95  90  88  86  89 100 101  91  77  72  68  66  60  58  55  69  80  95
 104 101  97  98  99  99 100 136 176 185 182 182 182 186 185 187 187 187
 186 186 188 187 185 194 194 190 192 194 192 193 195 195 196 195 197 198
 195  28]","[ 28  30  98 103 105 100  98  97 100 103 100  98 100 102 102 106 104 107
 101 100 101 100 104 103 102  97 100 106 103  99 101 103 107 106 103 100
 101 103 105 104 109 110 107 104 104 103 101 101 101 105 108 109 108 109
 109 109 110 109 109 110 110 111 112 111 111 110 108 112 114 114 114 112
 111 111 110 110 110 110 111 112 112 113 110 110 116 115 112 115 114 115
 116 117 117 116 118 120 121 122 122 122 122 122 122 121 122 120 120 121
 121 123 125 124 125 126 126 125 124 125 125 125 129 129 130 128 124 124
 126 126 128 130 132 130 127 125 124 124 122 114 109 106  99  95  97  99
  95  89  89  86  94  99  97  90  79  75  70  64  58  56  58  57  66  95
 109 113  95  91 100 115 161 182 187 183 182 180 180 181 180 185 187 187
 188 187 186 188 187 191 193 193 192 191 192 193 196 195 196 195 196 196
 194  29]","[ 29  28  94  96 101 100  98  97  94  99  98  96  99 100 100 100 103 106
 102 102 103 102 104 103 103  97  99 105 105 102 102 102 104 104 103 102
 102 103 103 102 104 106 105 104 105 104 102 101 102 104 106 108 109 109
 110 109 112 109 108 109 110 110 109 110 111 109 106 110 113 113 114 111
 110 111 112 111 110 109 108 108 111 113 111 111 115 113 111 115 117 116
 116 116 116 117 118 120 122 123 122 119 119 122 123 122 120 119 120 121
 121 123 125 125 122 124 125 125 124 124 124 123 126 129 130 127 125 126
 125 123 126 131 135 135 132 129 127 126 123 121 117 110 105 105 101  95
  96  89  89  88  94  97  92  83  80  75  69  60  52  50  54  57  62  88
 106 106  96 104 136 171 182 187 182 182 187 182 180 182 183 186 187 187
 188 188 187 188 189 191 194 194 193 193 194 194 194 194 195 195 196 196
 194  29]","[ 30  29  96  97 101 102 102 101  96 100 100  98  99  99  98  98 102 104
 103 104 103 101 102 102 101  95  97 104 106 105 104 103 104 104 104 104
 105 104 104 104 104 106 106 106 106 105 104 102 102 103 105 107 109 109
 109 109 111 108 107 109 110 109 107 107 112 109 105 109 112 113 114 112
 108 111 113 112 111 111 110 108 110 113 112 112 114 112 111 116 117 116
 115 115 116 118 119 119 122 124 122 117 117 122 124 122 119 119 120 122
 121 123 125 124 122 124 125 124 123 124 124 124 126 130 130 128 129 129
 126 124 127 132 135 133 130 130 131 130 127 125 121 116 114 110 106 105
  96  88  90  90  94  94  89  81  79  73  64  54  47  46  50  54  58  90
 111 109 121 151 177 187 186 185 178 180 184 180 180 186 186 187 186 186
 189 189 188 188 189 191 193 194 194 195 195 195 196 196 197 197 198 198
 195  29]","[ 28  31 103 103 103 104 105 104 101 103 103 101 100  99 100 102 101 101
 103 105 103 100 100 100  99  97  98 103 104 103 103 104 106 104 104 105
 105 105 106 108 109 108 108 108 106 105 104 103 102 103 106 108 110 109
 109 109 110 110 110 111 111 110 108 106 111 109 105 108 111 111 113 112
 105 110 113 112 112 114 115 113 110 113 114 114 115 113 112 116 117 116
 116 117 119 120 119 118 120 122 122 119 119 121 121 120 119 120 122 123
 122 122 123 123 125 127 127 125 123 124 126 127 130 132 130 129 131 131
 128 128 126 130 132 131 130 131 131 129 134 131 126 123 122 116 112 116
  96  87  90  89  90  88  86  81  79  72  61  54  51  49  49  50  64  82
 106 138 167 185 188 182 178 182 179 179 182 181 183 187 187 188 187 187
 189 191 190 190 190 191 192 193 194 196 197 196 199 199 200 200 201 200
 196  30]","[ 28  30 105 104 103 105 104 102  99  99 101 103 100  97 100 105 101  99
 103 105 103 102 101 101 100 102 103 103 101  99 100 105 105 103 103 104
 104 104 106 108 109 108 110 109 105 103 104 103 102 104 107 110 111 110
 110 110 112 113 114 112 111 111 110 109 109 109 107 110 110 108 111 113
 106 110 113 111 111 114 116 115 111 112 114 116 116 115 114 115 118 118
 117 118 119 120 119 117 119 120 121 122 121 120 119 119 121 121 124 125
 122 121 122 122 126 127 127 125 124 125 128 129 134 131 128 128 130 129
 130 132 131 131 130 128 130 134 137 137 130 131 127 124 125 123 119 119
 101  89  89  88  89  88  87  82  82  75  63  57  55  52  50  51  72  77
 103 163 185 182 181 182 179 183 180 182 187 188 187 185 186 188 188 188
 191 192 191 192 193 193 193 193 195 197 197 197 198 198 200 200 201 200
 195  29]","[ 29  28 103 103 103 106 103 100  97  96 100 103  99  95  97 101 100  97
 101 103 101 103 103 102 100 104 105 104 102 100 102 108 103 103 104 104
 103 103 104 105 106 106 110 111 105 103 105 104 103 105 108 112 113 112
 111 112 114 115 114 112 109 108 109 110 109 110 110 113 112 108 111 114
 111 114 114 112 112 113 115 114 113 113 114 117 117 116 115 116 120 120
 118 116 117 119 118 116 120 120 121 123 122 120 119 121 121 122 125 125
 122 121 123 122 124 126 127 126 125 126 127 127 133 129 128 129 127 129
 132 134 132 133 132 131 131 133 135 136 137 136 133 129 127 124 123 126
  92  79  81  84  88  91  90  82  79  74  63  55  52  49  48  53  67  75
 111 171 182 178 177 179 182 181 178 182 188 187 188 187 186 189 189 190
 192 193 193 194 195 195 194 194 194 196 196 196 196 196 198 199 200 200
 195  29]","[ 31  28 104 104 104 107 103 100  98  98 101 103  99  97  98  97  98  94
  98  98  97 102 103 102 100 104 105 105 106 105 105 109 104 106 107 105
 103 103 103 104 104 104 109 111 104 103 106 107 108 107 108 112 114 113
 112 112 114 112 112 113 110 107 106 109 111 112 114 117 115 110 112 115
 116 116 117 116 115 115 115 115 116 115 116 118 117 117 118 119 121 121
 120 118 118 119 119 118 118 120 121 122 122 121 121 122 122 123 125 125
 122 122 122 122 125 127 128 126 126 126 126 125 128 126 129 130 126 130
 136 132 125 129 133 131 121 108  99  97  89  94 108 126 135 134 127 120
  64  58  69  76  82  86  86  76  73  68  56  49  48  46  47  55  58  68
 125 180 184 181 179 181 183 181 179 182 184 184 187 189 188 190 191 191
 193 194 194 195 194 195 195 194 195 196 196 195 196 196 198 199 201 200
 196  29]","[ 29  27 107 107 104 105 103 101  99 100 102 102 100 102 103  99  98  93
  97  96  95 102 103 101 103 106 105 105 109 108 105 105 107 109 108 105
 102 102 103 104 105 104 108 109 102 101 106 108 112 109 109 112 115 114
 112 111 113 110 111 116 115 107 105 108 111 113 115 119 117 111 112 114
 116 116 117 118 117 116 116 116 118 117 118 119 118 118 121 123 121 123
 123 122 122 123 122 120 116 120 123 123 123 124 123 122 123 123 125 125
 122 121 122 122 129 129 129 126 125 126 126 125 122 123 130 131 125 132
 137 130 127 129 127 114  91  68  57  56  52  47  48  62  88 114 117 102
  45  46  66  76  78  80  82  74  70  63  50  45  49  49  49  56  54  76
 150 186 179 182 182 183 188 187 183 183 184 186 190 189 190 192 191 192
 194 196 195 195 194 195 195 196 196 197 197 196 197 197 198 199 201 201
 196  29]","[ 30  28 106 100 103 102 103  99 104 106 104 102 103 105 107 109 106  97
 102 104 105 107  99  97 108 110 110 110 111 110 107 106 105 108 110 107
 101  98 103 110 105 100 107 111 109 111 111 110 115 110 109 116 114 111
 116 114 114 105 105 114 118 112 108 110 112 113 117 119 117 112 111 113
 114 114 118 120 123 125 119 114 115 121 122 120 120 121 119 118 119 121
 124 120 122 128 126 123 120 118 126 127 128 128 121 123 127 129 122 124
 122 125 129 129 131 130 127 121 128 127 127 126 126 129 130 131 129 131
 135 129 124 112  86  66  61  58  57  63  58  44  41  40  38  56  73  67
  29  32  55  74  77  74  71  70  67  63  51  46  45  44  49  52  53  92
 167 183 179 183 181 184 184 186 185 186 187 188 191 190 193 194 195 195
 195 196 195 194 193 195 196 196 197 198 198 197 198 198 198 199 201 201
 198  27]","[ 28  29 114 113 117 117 119 117 122 119 116 119 122 119 118 121 118 114
 120 122 122 123 117 120 118 118 116 115 117 117 116 118 128 124 118 114
 114 118 121 121 127 121 127 127 123 123 121 120 121 116 115 121 120 118
 123 122 121 117 118 124 126 124 123 125 121 122 127 132 133 131 130 132
 125 125 129 130 131 131 126 124 128 132 132 130 130 130 129 130 130 129
 133 133 132 131 129 131 126 122 129 132 133 133 125 127 128 129 130 131
 121 126 132 123 123 123 123 120 122 121 122 123 131 130 131 134 131 129
 131 127 110  82  66  63  57  57  61  59  54  50  49  44  33  30  28  22
  22  17  34  57  67  67  65  65  62  56  47  45  42  37  41  44  59 117
 180 188 181 183 181 182 186 188 186 187 187 187 190 190 194 194 195 195
 194 194 194 194 194 196 197 197 198 199 200 199 199 199 200 201 202 202
 200  29]","[ 28  30 121 124 126 125 125 124 123 123 122 123 126 126 123 122 125 124
 130 130 129 126 123 130 128 127 125 124 125 125 126 129 139 136 130 124
 124 130 133 132 136 132 137 139 136 136 135 135 137 133 133 138 136 135
 139 137 137 138 139 140 139 138 139 141 135 137 140 143 143 141 138 138
 145 143 144 144 143 143 143 146 140 143 143 143 144 144 145 148 152 147
 148 148 146 144 142 147 146 142 146 146 145 143 140 146 144 150 147 144
 136 139 144 146 139 130 122 117 110 109 108 105 109 118 128 137 141 141
 130 109  67  47  49  59  53  54  60  56  52  52  46  41  38  34  33  37
  25  17  22  32  43  55  59  58  55  49  44  45  43  39  47  55  65 144
 186 187 181 181 183 184 185 187 187 187 187 186 191 192 195 194 194 195
 195 194 194 195 195 195 196 198 199 199 200 200 200 201 201 201 202 201
 199  29]","[ 28  30 124 126 127 124 123 122 122 127 127 124 124 126 125 123 128 129
 131 130 129 126 124 133 131 131 130 131 132 130 129 133 134 137 137 133
 131 134 136 136 139 136 139 140 139 139 138 136 139 136 138 140 139 137
 138 138 144 146 148 146 142 141 143 145 144 145 147 149 148 146 145 144
 147 144 145 144 144 145 146 151 152 153 152 151 151 150 150 153 155 151
 151 151 153 156 155 156 155 153 156 155 154 155 155 159 153 157 154 157
 158 157 150 150 149 132 113  98  75  65  56  48  50  63  82 104 119 117
  87  45  28  32  42  51  53  53  55  55  52  49  41  36  38  37  35  36
  32  25  22  21  26  38  48  52  51  47  43  41  39  40  51  63  79 168
 187 183 181 182 187 190 186 188 188 189 188 187 192 194 195 192 191 194
 195 195 195 196 196 195 196 199 200 199 199 201 201 202 201 202 201 200
 198  28]","[ 30  29 125 127 127 126 126 126 131 130 129 129 130 128 127 130 130 130
 130 129 131 130 131 139 133 133 133 134 135 132 131 134 134 136 138 138
 138 138 137 136 140 139 138 140 140 138 137 134 138 137 139 139 137 137
 137 139 142 144 146 146 143 141 143 146 146 148 150 149 148 147 147 147
 146 144 148 150 151 150 148 150 153 155 154 153 153 151 151 154 152 151
 153 152 154 155 153 153 154 154 155 152 153 156 155 153 154 157 163 164
 150 137 114  96  79  73  72  72  58  57  57  53  47  48  47  43  35  33
  33  25  24  33  39  43  50  52  51  53  47  44  41  41  43  45  41  35
  32  22  21  24  25  27  34  46  45  44  41  37  39  42  49  61 104 182
 184 180 182 182 187 189 190 192 191 191 189 187 191 193 195 190 189 192
 195 195 195 195 196 195 196 199 200 200 201 202 202 203 202 203 202 201
 199  29]","[ 30  28 125 127 127 129 130 131 129 128 125 125 130 132 131 131 129 129
 128 128 131 133 135 138 136 136 135 136 136 135 134 136 137 137 137 137
 137 139 139 139 139 140 138 140 141 139 139 136 139 138 139 137 137 139
 139 142 144 144 145 147 145 143 144 148 148 150 150 147 145 145 146 146
 148 147 150 152 153 152 149 150 150 153 154 154 154 154 154 156 156 154
 154 153 151 150 150 155 155 158 155 148 147 153 156 155 159 164 153 121
  85  71  64  67  82  79  81  81  71  70  68  61  56  54  50  47  42  41
  40  31  29  29  34  41  44  48  50  48  49  44  43  41  40  44  44  39
  29  22  22  24  26  28  30  38  39  40  38  38  44  43  47  65 136 191
 186 184 188 189 189 191 190 191 191 192 191 188 191 193 195 192 190 192
 195 196 195 195 195 195 196 198 199 200 201 202 201 201 202 203 203 203
 200  30]","[ 29  28 127 126 124 128 130 129 126 129 127 124 129 135 133 129 130 130
 131 131 132 135 137 135 136 137 136 135 137 137 136 137 137 138 137 134
 134 138 141 140 140 143 141 141 141 139 140 140 143 142 143 141 143 147
 145 147 145 145 146 146 144 143 144 146 147 149 149 147 147 150 151 151
 153 151 153 152 153 154 152 152 152 156 157 154 154 154 153 153 154 153
 153 150 151 155 156 158 164 163 157 151 153 161 166 165 161 136  91  57
  55  68  71  84  94  89  88  85  81  81  78  68  61  57  50  47  47  50
  49  38  26  23  31  40  40  45  50  46  46  44  43  43  42  42  41  39
  30  28  25  22  26  32  32  33  38  38  38  41  46  39  51  91 158 187
 183 181 184 188 186 187 189 190 190 193 193 191 193 195 195 194 193 194
 195 196 196 195 195 196 196 196 197 199 200 200 199 200 201 202 204 203
 200  29]","[ 28  29 129 126 123 127 128 128 130 131 131 131 132 131 129 129 128 130
 132 133 132 135 138 133 133 135 134 133 135 136 135 135 138 140 138 134
 136 143 143 139 138 143 141 142 142 140 145 147 142 141 143 142 147 151
 146 146 145 147 147 146 145 146 147 148 147 148 147 145 146 150 151 149
 150 151 154 153 153 154 150 149 149 155 156 153 154 155 155 154 155 158
 158 154 157 164 158 149 130 122 110 109 117 122 118 108  94  73  56  53
  59  74  83  97 100  97  98  91  89  88  87  77  70  56  45  47  49  47
  46  40  27  25  28  34  40  47  51  47  46  45  42  42  44  39  35  36
  32  29  26  25  30  32  30  32  37  37  39  45  48  41  68 132 180 191
 190 186 187 192 189 190 192 193 192 195 195 193 194 195 194 195 195 195
 195 196 196 196 196 198 198 197 197 199 199 198 199 200 200 202 204 203
 200  28]","[ 29  28 130 130 126 128 127 127 131 132 131 130 129 129 129 128 128 131
 136 138 138 138 135 131 131 133 129 132 137 137 137 134 136 138 139 137
 137 142 144 140 142 143 142 140 139 143 146 147 144 144 147 144 146 151
 147 145 147 147 146 146 149 149 147 148 148 149 150 147 146 151 153 150
 149 152 154 154 152 150 149 149 152 152 152 153 159 153 155 153 157 153
 153 157 164 140 106  77  59  50  44  44  46  47  45  40  29  31  29  45
  55  74  96 102 103 106 105 102 102  91  85  79  71  59  49  47  47  46
  43  40  30  26  25  33  46  51  49  48  49  46  44  44  42  40  37  36
  35  34  29  25  26  31  33  32  33  37  40  48  47  44  86 160 188 188
 188 190 191 191 190 190 193 192 192 193 194 194 194 194 192 195 199 190
 195 195 194 199 197 196 194 198 195 200 201 197 201 195 199 204 201 205
 199  31]","[ 30  30 131 131 127 128 127 127 128 130 131 131 130 129 129 129 128 130
 135 138 138 138 137 134 135 137 133 135 138 137 138 135 136 138 140 139
 137 141 144 143 144 143 141 140 139 140 143 146 146 144 145 141 144 149
 147 145 145 146 145 146 149 150 149 149 150 150 149 147 146 150 153 151
 150 152 154 154 153 153 153 153 153 153 153 154 158 153 154 153 152 154
 161 162 135  98  65  59  56  53  52  51  46  41  35  31  32  31  31  38
  47  61  91 104 114 112 110 108 106  94  86  74  68  58  51  49  48  46
  44  41  32  25  23  33  46  51  49  49  50  47  44  42  40  37  35  34
  36  32  27  24  27  31  33  31  33  36  41  44  46  56 124 183 186 187
 189 191 193 192 191 191 193 192 192 193 193 194 194 195 195 194 196 194
 199 196 194 196 199 203 202 200 204 201 198 203 198 203 200 201 203 203
 199  27]","[ 29  29 131 131 128 130 129 130 128 130 132 131 130 129 130 130 130 130
 134 138 138 138 138 138 135 136 134 135 136 136 137 135 139 140 143 141
 138 138 142 144 144 141 139 139 139 139 142 146 145 143 143 140 143 147
 145 143 143 145 145 146 150 151 151 151 152 150 149 148 147 149 152 152
 151 152 153 154 154 154 154 155 154 154 153 154 157 153 154 154 155 153
 154 129  78  66  67  67  60  57  55  51  44  39  37  35  31  28  30  29
  38  47  87 110 111 112 114 113 107  96  89  78  64  55  48  48  48  47
  43  38  33  25  25  36  46  48  48  50  47  46  45  43  40  36  32  31
  34  30  26  24  25  27  30  33  35  37  37  43  50  75 156 185 186 187
 189 191 191 191 192 193 194 193 193 193 193 194 194 195 197 191 194 196
 193 194 205 205 197 188 186 179 187 197 205 209 201 202 199 201 205 205
 202  30]","[ 28  28 130 130 128 131 131 131 130 131 131 129 128 129 130 131 131 131
 134 138 137 137 138 139 136 137 138 138 137 137 138 137 140 141 144 143
 139 138 142 144 142 140 139 140 140 140 141 144 142 142 142 142 144 146
 143 141 143 145 145 145 149 151 151 152 152 149 149 149 148 149 152 152
 153 153 154 154 154 154 153 153 152 154 152 153 155 153 155 156 157 164
 137  93  83  85  79  69  62  57  53  50  46  41  37  32  30  24  26  24
  31  35  74 102 102 110 113 111 104  90  80  73  61  51  44  43  45  45
  40  34  30  27  31  40  46  47  48  49  46  45  44  43  40  36  34  33
  34  29  24  23  24  25  27  31  32  41  38  46  49  82 171 187 187 187
 188 189 188 188 190 193 193 193 192 193 193 193 194 195 193 198 196 195
 198 202 194 169 135 106 101  99  99 114 153 198 209 202 201 204 203 205
 198  30]","[ 30  29 131 130 128 130 129 129 131 131 129 128 129 131 132 132 130 130
 134 138 137 136 137 138 138 137 139 137 133 135 138 139 138 138 141 143
 141 140 142 143 141 142 142 141 141 141 141 140 142 143 144 146 146 144
 143 140 144 146 145 144 147 150 150 150 150 148 149 151 150 150 151 151
 153 153 154 155 155 154 153 152 151 154 152 154 155 154 156 158 158 162
 117  82  83  81  80  79  65  59  54  51  48  46  42  37  33  26  24  23
  25  25  50  74  90 106 107 104 101  87  72  67  59  51  44  41  40  40
  37  31  29  28  33  41  45  49  50  49  48  46  44  42  40  37  38  39
  39  28  19  21  25  26  25  24  29  41  43  53  63  98 183 192 187 187
 188 188 187 187 189 191 192 191 191 192 192 193 194 195 193 198 195 204
 203 169 122  90  60  53  57  61  60  64  86 133 185 204 204 204 201 204
 199  29]","[ 29  29 130 130 128 130 129 129 129 130 130 131 133 134 135 134 131 132
 136 139 138 138 138 137 139 137 139 135 129 132 136 138 139 138 139 141
 140 140 140 139 137 140 142 141 140 142 142 141 145 146 145 146 146 143
 144 142 147 148 147 145 149 151 150 149 149 148 150 152 151 151 151 151
 151 151 152 153 154 154 153 153 153 157 154 157 157 157 157 159 164 144
  96  94  88  88  89  79  72  67  63  59  54  51  50  49  40  33  28  29
  27  22  30  44  70  94 101 101  97  87  74  70  58  55  49  42  36  35
  34  32  30  28  33  40  46  52  54  50  47  46  46  46  43  40  39  40
  40  29  20  21  24  24  23  23  32  35  40  46  68 110 187 190 186 187
 188 189 189 188 189 190 192 191 191 192 193 194 195 195 198 199 205 200
 150  91  58  49  54  57  58  57  56  67  68  75 134 196 207 202 203 204
 203  30]","[ 28  28 129 130 128 131 131 131 129 130 132 133 134 135 134 133 133 134
 137 139 138 139 138 135 139 136 141 138 132 135 138 139 140 138 139 140
 140 140 139 137 137 139 141 141 140 140 142 143 147 146 143 145 145 142
 145 144 146 149 148 147 151 153 150 147 149 149 150 151 150 151 152 150
 150 151 152 152 153 153 153 153 154 159 157 160 159 159 157 156 152 135
  88  92  94  90  88  91  81  81  81  77  67  59  54  51  48  42  38  38
  38  29  25  31  51  78  94  97  88  84  75  67  59  57  52  45  37  35
  35  33  31  30  38  46  48  52  54  51  47  47  47  48  46  42  40  40
  36  30  24  23  22  22  24  27  31  32  36  39  53 114 183 190 186 186
 188 189 190 190 190 190 192 190 190 192 194 195 195 195 201 203 191 143
  77  52  50  50  57  54  57  59  56  62  65  60  94 164 207 204 204 202
 201  27]","[ 30  29 130 130 128 131 130 130 130 131 133 133 132 132 132 131 134 135
 138 138 137 137 136 132 132 132 141 140 134 136 137 138 138 137 138 139
 140 142 143 140 142 142 142 142 140 138 140 144 145 144 140 143 145 143
 145 144 144 147 147 148 152 153 149 144 150 150 151 150 149 151 152 151
 152 152 153 153 153 153 153 154 153 158 156 160 158 158 154 153 146 119
  88  99 107 102 100  97  95  94  93  88  78  71  68  67  54  49  47  46
  48  37  28  29  37  60  80  89  80  83  77  60  60  57  52  45  40  39
  37  32  32  33  45  54  51  49  52  52  51  49  46  44  42  41  42  44
  34  28  23  22  23  24  26  29  30  32  37  54  61 141 187 185 188 187
 187 188 189 190 190 190 190 189 189 191 194 195 194 194 205 189 134  75
  53  57  48  50  53  58  57  55  62  61  61  57  75 124 202 207 204 202
 201  31]","[ 29  29 130 131 134 132 131 128 128 134 133 129 131 132 129 128 129 130
 135 139 139 138 138 136 134 132 136 139 139 137 137 141 144 140 137 138
 141 143 144 143 145 141 141 141 139 140 143 143 147 144 143 144 144 143
 144 147 149 148 148 149 149 150 150 151 152 150 148 148 150 151 151 151
 153 152 152 153 154 153 153 153 154 153 153 158 154 155 151 148 132 106
  96 106 109 106 106 105 101  96  95  88  88  86  82  74  73  59  55  51
  47  44  35  30  32  44  66  79  79  82  72  62  59  56  53  46  39  40
  39  29  31  30  46  55  52  52  49  47  50  53  48  41  41  44  45  48
  34  27  22  23  25  26  28  32  39  41  54  65  76 145 194 187 188 186
 187 189 189 189 190 189 191 187 188 193 193 193 198 206 191 106  59  49
  47  49  45  51  51  57  59  58  57  58  65  71  74 118 197 204 203 203
 199  29]","[ 29  29 130 131 134 133 133 130 130 135 134 131 131 131 128 128 127 128
 132 136 135 135 137 138 135 133 136 138 139 138 136 139 144 141 139 140
 142 144 144 144 142 138 139 140 139 141 145 146 146 145 145 146 145 144
 146 149 150 149 150 150 150 150 150 151 152 151 151 151 151 150 150 150
 151 154 155 155 153 152 153 155 154 154 152 155 155 153 151 138 119 112
 107 108 110 111 112 113 110 106 105  97  96  94  88  77  73  61  58  55
  50  46  38  34  35  40  57  72  73  77  70  64  59  56  53  47  40  40
  36  26  27  30  46  54  52  51  49  49  50  51  48  43  43  45  46  46
  33  26  23  26  28  25  27  31  41  48  64  75  84 147 186 181 188 187
 188 189 188 189 190 190 189 191 189 190 196 194 204 187 117  55  46  56
  45  48  54  51  52  59  60  59  59  59  65  75  72 129 199 202 200 203
 201  30]","[ 29  29 129 130 132 132 132 131 131 134 134 132 132 130 128 129 131 130
 133 136 134 131 134 136 136 135 137 137 138 139 137 138 142 141 141 142
 143 144 145 145 144 141 141 141 139 141 145 147 144 146 148 148 146 144
 146 150 148 149 150 150 149 147 148 150 149 150 151 152 151 150 150 151
 150 154 155 154 152 153 154 155 153 155 153 153 155 151 151 129 106 110
 111 111 114 114 117 124 117 115 113 106 105 102  94  81  73  63  59  56
  50  47  42  39  34  39  56  73  73  72  66  64  61  57  54  48  42  41
  36  27  25  33  47  53  52  49  47  49  51  50  48  46  46  48  46  40
  31  26  25  28  28  24  26  33  38  47  60  70  88 157 186 186 189 187
 188 188 187 188 190 190 191 187 189 190 195 201 191 128  65  48  48  51
  46  48  51  48  55  58  59  58  59  61  62  63  75 146 201 203 202 202
 200  27]","[ 29  29 129 129 131 131 132 131 131 131 130 131 131 129 129 129 137 135
 137 139 135 132 133 135 138 136 137 136 138 141 139 139 139 140 142 143
 144 144 144 144 146 144 144 143 141 141 144 145 143 146 149 150 147 144
 145 147 147 148 150 151 149 146 146 148 148 149 152 153 152 151 151 153
 150 152 152 150 151 154 154 152 153 155 156 153 152 151 146 123 105 110
 114 114 114 116 120 125 123 121 119 114 113 108 102  89  73  64  58  52
  48  48  46  40  35  43  59  76  75  71  63  61  61  57  53  48  43  42
  38  31  27  38  49  51  50  46  44  47  52  50  49  46  47  50  45  32
  28  25  24  26  25  24  27  34  39  45  49  56  90 167 187 186 187 187
 187 187 186 188 190 190 194 189 190 194 198 196 145  71  57  63  53  45
  51  51  48  53  57  55  59  57  55  61  65  62 123 185 210 206 205 203
 202  31]","[ 29  29 130 130 132 132 134 133 131 128 127 128 129 129 130 130 139 136
 137 138 136 135 137 139 139 137 137 135 137 140 139 139 138 140 141 140
 140 141 142 142 143 143 143 143 143 142 143 146 145 146 147 147 146 144
 144 145 147 148 151 153 151 147 147 149 152 152 153 153 153 153 152 152
 150 151 151 149 149 152 153 151 154 153 156 154 151 154 135 114 103 111
 118 116 112 119 126 123 123 120 118 116 114 104 100  91  71  63  54  48
  46  49  48  38  37  45  56  70  73  72  64  58  58  54  51  47  44  41
  37  32  31  44  50  50  49  45  44  47  52  50  49  46  47  51  43  25
  25  25  25  24  24  25  29  33  39  45  44  49  96 176 187 183 186 186
 187 187 186 189 192 192 189 195 190 197 199 152  84  52  58  56  47  49
  52  48  49  56  57  58  58  55  55  56  65  88 164 203 205 203 205 201
 200  29]","[ 29  29 131 131 133 133 135 135 133 129 128 129 130 132 133 133 139 136
 135 136 134 135 139 140 140 138 138 135 136 138 138 139 140 141 139 137
 136 138 141 141 141 143 143 144 145 144 143 145 146 145 144 143 144 145
 146 147 147 147 150 153 151 147 147 150 153 152 151 152 154 154 153 153
 151 153 153 151 149 149 151 153 156 152 154 154 153 153 125 107 106 108
 117 120 113 115 122 122 116 114 113 113 109  95  91  83  67  58  49  46
  45  47  45  35  31  46  56  67  69  70  64  58  53  51  49  48  45  39
  33  30  34  47  51  50  48  46  47  48  48  48  47  45  46  48  38  23
  23  25  26  26  27  29  32  33  38  45  43  48 104 180 189 185 186 186
 187 187 187 191 194 193 190 193 194 201 179  92  49  49  53  49  47  51
  50  46  49  52  55  59  52  51  58  48  60 116 188 205 201 204 210 206
 202  29]","[ 28  29 131 132 133 132 133 133 133 130 131 131 130 134 137 136 137 137
 137 135 133 135 138 138 140 138 139 137 136 138 137 139 142 142 141 138
 138 140 142 142 144 146 145 145 147 145 143 145 146 145 144 143 145 147
 148 148 147 146 148 151 150 147 147 150 152 150 149 151 153 154 154 154
 152 154 154 153 151 151 152 154 156 153 154 152 152 143 119 108 113 108
 112 120 116 106 106 112 112 113 113 115 110  94  89  78  65  55  45  45
  43  40  40  34  29  49  60  68  66  65  62  57  49  49  48  48  44  36
  30  28  37  48  51  49  47  46  48  46  42  43  43  43  44  40  31  23
  24  25  26  27  29  31  32  32  40  45  44  52 113 180 189 185 186 186
 187 187 188 192 195 193 196 192 201 191 132  57  48  48  48  51  51  48
  50  49  49  54  55  56  50  50  57  49  76 152 206 205 201 202 204 205
 204  30]","[ 29  30 132 132 133 131 132 131 131 129 131 132 130 133 138 137 134 136
 139 137 134 136 138 137 140 138 140 139 138 138 138 141 142 143 143 141
 142 144 145 143 145 147 146 146 148 146 143 145 144 145 145 146 147 149
 149 148 149 147 148 151 151 149 150 153 153 151 150 151 153 153 153 153
 153 153 153 154 155 154 154 154 153 154 153 149 148 130 117 113 109 105
 106 114 117 109 103 107 108 113 115 117 113  97  90  76  67  54  44  45
  42  35  37  35  35  53  61  66  63  62  59  54  48  48  47  45  42  33
  28  28  39  49  50  48  45  45  47  43  38  39  39  42  42  32  24  24
  25  23  23  26  28  29  30  32  38  41  43  57 124 184 192 186 186 186
 187 187 188 192 194 192 192 194 201 164  82  44  50  49  50  49  51  51
  51  48  46  53  56  54  56  53  52  59 110 194 207 201 204 204 204 206
 205  27]","[ 28  30 135 134 134 133 131 131 130 131 134 137 137 136 136 137 133 137
 138 137 136 136 137 138 140 142 138 139 138 143 140 141 143 143 145 146
 146 145 146 147 146 146 145 145 146 146 146 145 145 146 146 146 146 147
 148 148 148 148 150 152 150 149 151 155 154 153 152 151 152 153 154 155
 153 151 152 154 155 154 153 154 155 155 151 155 139 121 114 114 107  99
  97 102 111 112 105 104 108 118 118 118 111 103  86  77  69  60  49  45
  41  37  35  31  27  50  61  62  64  60  56  54  49  44  44  44  42  36
  27  26  36  50  53  48  45  45  47  44  40  41  40  39  38  30  24  25
  24  24  23  25  26  26  27  31  35  30  30  50 126 184 192 187 186 189
 187 187 188 190 194 192 189 199 192 119  59  53  48  47  47  46  48  53
  54  52  53  57  55  52  56  57  46  77 154 206 206 205 205 208 207 205
 204  29]","[ 29  31 135 134 134 133 132 132 130 132 135 138 137 135 135 138 135 137
 138 137 136 137 138 138 139 142 138 136 135 142 142 142 143 143 144 146
 146 146 146 147 147 146 146 145 145 145 145 145 147 148 149 148 147 147
 148 149 149 149 150 151 150 149 150 154 153 153 153 152 152 152 153 153
 151 152 152 153 154 155 154 153 152 153 152 153 131 120 112 110 106 102
 100 100 104 106 102 103 110 118 122 118 108  96  79  70  70  63  51  46
  41  36  34  31  31  50  58  58  60  58  56  54  48  43  42  42  40  34
  26  25  36  46  49  47  46  45  46  43  40  39  39  40  37  29  23  23
  22  24  25  25  24  23  26  32  34  35  32  47 115 180 189 185 189 186
 186 190 189 190 189 187 195 198 149  78  47  51  50  45  45  47  50  53
  54  54  56  58  54  55  52  53  51 105 188 206 204 204 205 207 206 207
 205  29]","[ 29  30 133 132 132 132 132 133 128 129 132 134 132 129 130 134 138 138
 138 137 137 137 137 138 137 140 137 134 132 139 142 143 143 143 143 144
 144 144 145 146 146 146 145 145 145 145 146 146 148 150 151 150 147 147
 148 150 150 150 150 151 150 149 150 152 152 152 152 153 152 152 151 151
 149 151 152 151 153 155 154 151 154 156 157 153 121 118 111 108 109 106
 100  94  95 100 101 104 106 113 121 114 105  94  79  74  72  65  52  46
  43  38  34  30  36  49  55  57  58  57  56  53  46  41  40  39  37  33
  27  27  37  43  44  46  48  48  47  44  41  38  40  41  36  27  23  22
  21  23  24  25  24  24  29  36  39  42  42  62 120 179 186 187 190 187
 188 192 187 190 189 191 194 187 111  59  49  49  46  43  45  49  53  55
  56  56  57  57  55  57  52  53  66 145 210 203 203 205 206 207 206 209
 207  29]","[ 28  28 131 130 131 131 132 134 133 132 133 135 132 129 131 135 139 137
 136 136 137 137 137 138 138 139 139 136 133 137 142 143 143 142 142 143
 143 143 144 145 145 145 145 145 145 145 147 148 148 151 152 151 148 147
 147 148 151 151 151 151 151 151 151 152 151 152 153 153 153 152 151 151
 150 150 150 151 152 154 154 152 153 153 156 154 116 118 105  97 103 102
 101  97  97  99  96  97 104 110 119 110 105  97  86  82  73  66  53  48
  48  43  36  30  38  47  54  58  58  56  55  51  46  40  38  35  33  29
  26  29  35  41  41  44  49  50  49  44  40  39  41  40  31  26  25  23
  22  23  24  26  29  31  35  40  45  51  58  79 133 181 185 188 188 189
 189 190 185 189 187 194 194 142  59  41  49  53  51  52  50  53  56  58
  58  57  56  55  56  57  55  58  98 184 206 201 205 207 207 208 208 211
 207  29]","[ 29  28 131 130 132 132 134 136 137 135 134 135 135 133 135 138 138 137
 135 135 136 137 138 138 140 139 142 141 138 138 142 144 143 142 142 142
 143 144 145 146 146 146 146 146 145 145 146 147 148 150 151 151 149 148
 147 147 151 151 151 151 152 152 152 152 152 153 154 154 154 153 153 153
 153 151 150 152 154 154 154 155 152 150 155 160 121 121 103  90  80  80
  83  83  85  88  90  97 103 113 120 108 106  98  86  81  70  66  58  54
  51  45  39  32  37  46  51  56  56  53  53  49  48  41  37  33  29  26
  24  29  33  40  39  40  46  49  47  40  36  37  38  34  25  24  27  25
  26  27  27  30  33  34  36  41  43  55  67  81 142 185 188 186 188 189
 187 188 187 188 186 194 179  98  44  50  50  53  51  56  54  55  57  61
  61  58  55  55  56  57  54  65 143 206 200 203 206 206 206 209 210 211
 207  30]","[ 30  28 131 132 134 134 134 136 136 134 133 133 134 135 136 138 137 137
 136 136 137 140 140 139 139 137 143 145 142 138 142 143 141 141 140 141
 143 144 145 146 147 148 148 147 145 145 145 146 148 149 150 150 149 149
 148 148 151 151 151 151 152 152 152 152 151 152 153 153 153 152 153 153
 155 152 152 154 155 155 156 159 153 152 157 162 120 117 107  99  89  83
  77  68  61  57  60  72  85 109 115 105 105  98  84  75  66  65  61  58
  49  42  39  32  34  45  49  52  53  51  50  49  47  41  38  34  28  25
  26  32  35  41  41  40  44  46  44  37  32  33  33  27  22  23  27  27
  29  31  32  33  32  30  32  37  40  48  64  81 155 188 188 186 187 187
 186 188 188 188 194 194 147  67  39  52  50  58  56  55  55  55  57  61
  61  58  56  56  56  57  51  80 181 208 202 202 205 205 205 209 210 211
 207  29]","[ 29  28 131 134 136 135 133 133 136 135 135 134 135 137 138 138 137 139
 138 135 136 140 140 137 136 134 142 144 143 139 144 142 141 140 140 141
 142 143 144 144 146 147 147 147 146 146 146 147 147 148 149 148 147 148
 149 150 151 152 152 152 152 153 153 152 151 152 153 153 152 152 152 153
 154 154 154 154 155 156 157 159 153 153 155 156 113 108 108 106  98  91
  84  75  65  54  49  54  61 102 109 103 104  99  86  76  68  64  61  58
  47  41  38  26  29  44  48  49  50  48  47  48  44  41  40  36  30  26
  26  33  35  42  41  41  42  41  39  35  33  32  28  25  24  24  26  29
  30  31  32  33  33  31  32  37  40  41  52  76 162 191 186 187 187 187
 189 187 188 192 195 161  69  38  36  50  48  52  56  56  52  55  58  59
  58  57  55  55  57  55  53 117 201 203 205 203 206 207 207 210 211 213
 208  29]","[ 29  28 132 135 138 136 132 131 135 137 136 135 135 137 138 137 136 138
 137 133 133 137 136 133 134 132 141 143 142 141 146 142 143 142 141 142
 143 143 143 143 144 145 146 147 148 148 149 149 146 147 147 146 145 147
 149 151 152 153 153 153 153 154 154 153 152 153 154 153 152 152 152 153
 153 155 155 154 154 156 158 158 157 155 153 154 115 109 109 102 101  93
  86  80  75  66  56  55  50 102 110 105 105 101  89  80  74  64  59  56
  47  43  38  21  24  41  46  47  49  46  44  45  44  41  42  37  30  24
  22  28  33  39  39  39  39  35  34  32  37  33  27  26  28  25  25  30
  31  30  30  33  37  38  38  41  40  39  43  62 156 192 188 187 189 187
 190 186 188 196 182 104  48  41  31  35  44  46  53  54  51  56  59  57
  55  55  54  53  57  50  59 155 209 204 207 209 208 211 211 211 212 216
 210  29]","[ 28  28 132 131 134 135 134 133 135 137 137 137 138 138 137 138 136 137
 137 137 139 141 140 138 136 139 144 145 143 143 144 144 143 145 145 141
 141 143 143 141 145 144 145 148 149 149 149 147 145 147 148 148 147 147
 150 153 155 153 153 154 155 155 154 153 154 156 151 152 154 153 155 154
 152 154 156 155 153 153 156 159 159 153 157 145 117 114 115 107 103  93
  90  83  73  68  63  58  47  90 112 104 103  94  92  80  68  65  58  54
  49  44  36  22  25  38  46  45  43  40  39  42  40  40  40  37  29  24
  26  32  35  35  42  39  37  34  34  33  39  35  30  27  26  27  27  27
  31  30  30  33  40  48  53  55  50  41  34  60 144 190 189 188 190 194
 188 187 191 194 155  65  50  44  36  33  38  47  52  53  57  55  59  57
  54  52  52  55  54  57  86 174 212 208 209 211 209 213 214 214 214 215
 209  30]","[ 29  29 133 132 132 131 132 134 136 137 136 136 138 139 138 138 140 139
 138 138 141 145 144 140 140 141 145 146 144 144 145 145 142 144 143 140
 140 144 146 145 146 144 145 147 147 148 147 145 147 147 147 147 147 148
 151 153 154 154 154 155 154 154 154 155 153 155 153 153 153 153 155 157
 153 155 156 156 153 153 156 159 157 157 159 141 109 113 117 113 103  92
  90  84  73  69  65  58  50  87 116 106 102  95  89  84  70  64  55  51
  46  41  34  23  24  33  39  41  41  41  41  40  40  36  32  30  28  27
  30  35  37  38  44  40  37  35  36  35  36  33  29  27  28  28  28  27
  29  31  34  35  38  45  53  60  59  52  48  60 131 186 195 193 191 191
 192 198 193 186 112  53  50  48  44  40  39  42  46  48  52  57  59  56
  56  55  52  53  54  45 103 197 210 210 210 207 209 211 211 212 212 214
 209  30]","[ 29  30 134 133 131 128 130 136 138 138 137 136 139 139 138 138 139 139
 138 138 141 145 145 143 142 141 143 145 143 142 143 143 144 144 144 142
 142 144 146 147 145 143 144 146 146 146 146 143 147 147 147 147 149 150
 151 151 154 153 152 152 153 154 154 155 153 154 155 153 154 155 153 156
 155 157 158 157 155 154 156 158 156 159 162 144 113 115 113 111 101  89
  88  83  72  69  64  56  50  77 114 105 102  97  84  84  73  64  53  49
  45  39  35  28  26  29  34  37  40  43  42  38  38  35  31  27  24  25
  32  38  38  40  46  40  36  34  35  35  34  31  29  27  28  29  30  30
  30  33  36  36  37  42  52  59  66  73  77  73 128 189 197 190 193 190
 196 195 200 160  73  46  52  52  52  48  46  45  46  47  51  59  57  54
  55  53  52  55  54  54 136 205 203 207 209 212 210 211 210 211 211 214
 209  29]","[ 29  29 133 134 133 130 132 138 139 140 138 137 138 138 136 136 137 139
 139 139 140 144 145 145 145 143 144 145 144 144 144 143 143 144 145 146
 145 144 144 145 145 142 143 146 146 147 147 145 146 146 147 149 151 153
 153 153 156 152 148 149 152 154 154 153 155 153 155 154 156 157 152 153
 158 158 159 158 157 156 156 156 159 156 156 136 114 111 108 108  99  86
  86  81  70  68  64  55  49  71 110 106 107 104  87  82  72  62  51  48
  44  38  36  32  29  29  33  36  37  41  41  36  35  34  32  27  23  24
  32  39  39  41  48  40  35  33  33  33  32  31  28  26  26  28  31  34
  36  36  36  37  39  44  50  54  53  77  87  77 117 185 193 190 192 194
 188 200 194 124  50  52  54  54  54  54  54  52  50  48  46  53  53  57
  55  52  51  53  54  80 174 211 209 205 207 209 210 212 212 213 213 215
 209  29]","[ 29  28 132 134 136 134 135 138 138 140 139 137 137 136 134 134 138 139
 140 140 142 145 146 144 142 141 142 144 144 144 144 143 140 141 144 146
 146 145 145 146 146 145 145 147 148 148 149 148 147 148 148 149 151 154
 156 157 156 153 150 150 151 152 153 153 154 154 156 154 154 156 152 155
 158 157 157 158 159 158 156 154 158 154 155 127 115 111 109 108  97  85
  84  80  70  68  64  56  46  68 105 105 105 101  87  77  66  55  45  44
  42  37  35  31  28  28  32  35  34  36  38  34  34  33  29  25  23  27
  34  39  40  41  47  40  36  33  33  31  29  29  28  26  25  27  32  36
  39  38  37  38  43  49  52  54  49  71  91  93 114 181 193 193 191 188
 195 198 167  75  46  56  56  55  56  57  58  56  52  48  49  48  47  52
  50  53  53  51  53 106 191 212 209 207 212 209 209 213 214 215 215 216
 209  30]","[ 30  28 132 134 138 138 137 138 138 140 141 139 138 137 136 136 139 138
 136 138 142 146 144 140 139 139 140 141 141 143 144 142 142 143 145 146
 145 145 145 147 150 148 149 150 149 150 151 151 152 152 150 148 149 152
 155 156 155 155 155 154 151 150 152 155 152 155 156 153 151 151 154 160
 159 158 158 159 161 161 159 157 156 158 160 120 113 111 110 106  95  85
  82  77  69  65  60  54  46  66 100 100  96  89  81  71  61  52  42  40
  39  36  34  29  24  26  31  33  33  33  34  34  33  31  27  22  23  29
  37  42  40  38  41  36  34  32  30  28  25  26  27  27  27  29  33  37
  38  38  38  40  44  50  55  57  56  57  76  95 109 174 191 185 187 192
 196 179 102  52  44  53  54  55  58  61  61  59  56  53  55  52  49  50
  48  56  51  50  75 161 212 212 206 213 212 210 208 212 214 216 215 216
 210  30]","[ 30  29 133 134 138 139 138 138 139 141 141 140 140 139 138 138 138 137
 136 137 141 144 142 138 142 144 145 143 141 144 146 144 144 145 147 146
 146 146 147 148 151 149 150 150 148 149 152 153 154 153 151 149 150 153
 154 153 154 156 157 158 156 154 155 156 154 158 156 155 153 153 157 162
 161 160 160 162 163 164 162 161 161 163 158 110 104 107 108 107  97  89
  83  75  68  62  55  52  49  62  96  97  91  83  76  69  60  52  40  35
  34  35  33  26  20  25  29  31  33  32  31  33  30  29  25  23  28  39
  47  50  44  36  36  32  32  30  29  27  24  24  25  27  29  33  37  40
  40  40  40  41  44  49  54  56  67  57  61  75 100 170 195 190 190 197
 189 125  64  48  53  50  52  54  58  63  65  62  59  56  52  53  53  55
  53  55  45  60 103 192 212 207 206 215 210 211 209 212 213 215 215 216
 209  29]","[ 29  29 133 134 137 138 138 138 139 141 140 139 140 139 138 138 137 139
 140 139 140 141 142 141 145 147 147 143 140 143 145 142 141 144 147 147
 147 148 149 149 150 149 149 149 147 148 151 153 150 151 151 152 155 158
 158 156 156 156 157 160 162 162 159 157 159 162 157 159 160 158 162 162
 163 162 162 163 163 164 163 163 163 163 156 115 110 113 108 109 102  96
  88  77  70  62  53  51  48  55  90  93  88  81  71  67  60  52  38  31
  30  32  31  23  19  24  27  30  33  31  28  30  29  25  21  25  40  55
  60  58  50  39  36  32  33  31  29  28  25  24  24  26  31  37  42  45
  46  44  42  42  45  49  52  54  68  71  64  62  99 166 192 191 194 202
 169  89  59  58  56  54  53  52  55  61  65  63  57  52  51  52  50  50
  48  48  45  87 166 212 211 211 209 210 212 211 211 213 213 214 214 216
 209  28]","[ 29  28 134 133 137 139 134 138 140 142 142 142 142 140 138 139 140 142
 140 143 146 145 146 147 145 146 146 145 146 147 144 139 142 146 148 146
 147 152 153 151 151 150 151 153 154 153 153 154 154 154 153 154 157 159
 161 161 161 160 159 160 161 160 161 162 162 162 161 160 160 162 164 165
 163 166 164 166 164 167 164 167 168 165 147 121 120 114 108 101  97  92
  84  78  71  58  49  49  46  38  70  88  85  83  69  65  56  47  39  29
  23  25  24  24  22  26  30  33  32  30  28  27  28  26  32  47  69  75
  72  67  58  52  45  36  31  32  31  32  30  26  24  27  32  36  41  44
  45  42  41  44  47  48  50  53  59  74  66  60  77 154 194 194 196 189
 139  64  54  61  60  56  56  58  58  61  65  58  51  54  51  48  44  48
  46  48  66 153 205 207 209 210 211 211 211 211 210 212 213 213 215 215
 212  28]","[ 28  28 136 135 138 140 136 140 144 146 146 145 144 141 138 138 139 145
 145 146 148 148 148 143 146 148 148 147 149 151 151 148 150 151 150 150
 151 153 154 154 154 153 154 156 157 156 155 156 156 156 155 155 156 158
 160 162 161 160 160 161 162 161 161 162 164 163 163 162 163 164 164 164
 162 165 166 168 169 169 167 168 169 167 149 122 122 116 108  97  96  87
  79  76  68  54  46  47  44  42  64  79  76  75  68  57  46  40  38  33
  28  26  23  23  23  28  33  36  35  32  27  24  21  34  50  62  80  87
  83  72  65  59  51  41  35  34  32  32  31  29  29  31  33  35  38  41
  41  40  41  45  47  47  48  51  53  66  63  57  64 122 160 168 167 150
 103  51  53  60  62  61  60  60  59  60  60  54  50  53  53  48  51  47
  39  51 126 203 210 209 209 210 212 212 211 210 211 213 213 214 217 217
 214  29]","[ 28  29 140 140 141 142 140 144 145 146 146 146 146 144 142 143 145 149
 148 148 149 149 150 146 146 148 148 147 150 153 155 154 156 154 152 153
 153 153 154 156 155 154 155 158 159 157 157 158 159 159 158 157 157 159
 161 163 162 161 161 162 162 161 161 162 163 163 163 164 165 166 165 163
 163 163 162 162 166 166 166 167 166 166 146 116 119 119 111  99  91  83
  78  76  67  54  44  41  41  39  52  74  78  76  76  63  54  44  38  31
  24  20  20  25  29  33  38  39  38  34  28  23  21  37  56  67  81  87
  82  69  65  59  54  46  41  38  34  34  31  32  34  37  37  37  38  40
  40  40  40  43  44  44  45  48  51  59  62  57  48  62  71  68  67  64
  49  38  54  60  64  63  65  63  62  60  56  52  52  54  58  55  49  47
  49 106 186 213 211 209 208 210 214 216 215 213 212 214 214 215 218 219
 215  29]","[ 29  30 143 143 144 145 143 147 146 146 145 144 146 146 147 150 148 147
 146 150 149 146 147 148 146 147 148 148 149 152 154 153 156 154 153 153
 153 153 155 157 154 153 154 157 158 157 157 158 159 159 158 158 159 160
 162 164 162 161 161 162 161 160 161 162 162 162 162 164 165 166 166 166
 167 164 163 161 167 165 167 167 166 168 146 111 115 118 110  95  88  84
  80  74  65  57  49  38  41  37  40  60  70  73  78  67  60  46  38  32
  25  20  21  28  33  35  37  36  34  32  28  23  25  37  61  79  90  83
  73  63  60  55  53  47  43  40  34  33  32  34  38  40  41  39  39  41
  40  39  39  40  42  43  46  48  50  52  58  59  53  51  49  44  53  54
  44  37  45  51  64  65  64  62  62  60  55  53  54  55  53  61  53  54
  83 170 212 207 207 206 206 208 213 216 215 214 214 216 216 216 218 218
 214  28]","[ 28  29 143 144 145 147 144 147 149 148 146 145 146 145 147 151 149 147
 150 156 154 148 149 148 148 149 150 150 151 152 153 153 153 154 155 154
 153 154 157 159 155 154 155 158 159 158 157 158 157 157 157 158 159 161
 161 161 162 161 160 161 161 160 162 164 162 162 163 164 165 165 167 169
 167 165 166 166 172 167 165 164 164 170 147 110 114 117 110  97  94  87
  80  72  63  59  53  45  41  40  37  39  48  65  75  68  58  44  36  31
  25  23  24  31  35  35  35  33  32  31  28  25  28  35  60  82  88  75
  68  64  59  55  52  46  41  36  31  31  34  36  39  42  42  41  40  40
  40  39  39  42  45  47  49  50  52  51  54  53  49  47  52  55  56  55
  46  41  43  48  59  58  60  59  59  58  55  54  55  54  53  56  52  65
 139 200 217 215 209 208 209 211 214 216 216 215 216 218 219 218 219 218
 214  29]","[ 29  28 143 146 145 148 146 147 150 149 147 148 148 146 146 149 150 150
 152 156 152 150 152 149 150 151 152 153 153 154 154 153 151 153 155 155
 154 154 158 160 158 157 157 159 160 159 159 160 158 158 158 159 161 161
 161 160 159 159 159 160 160 160 162 165 163 163 163 164 164 164 167 170
 167 166 166 167 171 167 165 165 167 171 146 107 111 116 114 106  98  89
  82  77  69  60  53  50  43  42  40  35  38  51  60  63  49  38  33  30
  28  28  29  34  33  33  32  33  33  32  30  29  33  35  53  69  77  72
  71  66  59  54  50  43  37  33  30  32  36  38  41  43  45  45  44  44
  44  44  45  48  50  50  50  50  50  50  52  51  48  46  51  55  54  50
  45  43  44  46  52  55  56  58  57  56  55  55  54  54  60  55  53 102
 191 213 213 212 211 211 213 214 216 217 217 217 216 219 220 219 219 218
 215  30]","[ 29  29 144 147 146 148 146 148 148 148 147 149 149 146 145 149 149 148
 149 151 147 145 150 148 151 152 152 153 154 154 154 154 153 153 154 156
 155 154 157 161 160 158 158 160 161 159 159 161 159 160 161 162 162 162
 162 161 160 159 159 160 160 161 163 166 164 163 163 165 165 164 166 169
 170 169 167 170 172 171 169 172 173 175 147 106 110 114 113 108 101  94
  87  84  78  65  54  52  49  46  43  42  40  37  40  46  32  30  35  37
  38  39  37  37  32  31  32  34  35  34  34  36  39  39  52  63  71  73
  72  62  56  51  48  42  36  33  32  36  37  40  43  46  47  48  48  48
  49  50  52  52  52  50  49  49  51  51  50  49  47  49  51  52  48  49
  52  53  52  51  49  51  56  60  58  54  55  55  54  56  59  62  82 163
 212 213 209 208 210 211 212 213 214 214 215 216 217 219 220 220 220 220
 215  30]","[ 29  28 145 147 145 147 146 148 148 147 147 148 148 145 144 148 151 146
 149 157 151 145 149 149 152 152 152 152 153 154 154 154 157 154 154 158
 157 154 156 162 160 158 157 159 160 159 159 161 159 160 162 163 162 162
 162 162 162 161 162 163 162 162 164 166 166 164 164 166 167 167 167 169
 168 170 169 174 174 173 169 172 169 173 148 111 116 118 114 108 104 101
  93  85  80  69  58  55  52  52  45  45  45  40  41  41  36  36  39  39
  39  42  42  42  39  37  37  41  43  42  44  48  43  40  47  50  54  57
  63  58  54  50  48  43  38  35  34  39  40  43  46  47  47  48  48  48
  50  52  54  53  51  50  51  52  50  51  50  49  46  48  47  48  48  49
  52  50  52  58  53  54  57  62  58  53  55  55  55  59  63  65 112 202
 215 210 214 213 215 215 215 215 215 216 216 216 219 221 220 221 222 221
 216  30]","[ 29  28 145 145 146 146 146 148 148 147 146 148 146 145 150 152 148 147
 148 151 153 152 150 148 153 153 152 151 153 155 156 155 154 151 156 158
 157 155 154 157 158 156 155 156 157 159 160 161 161 158 161 161 161 164
 164 165 164 164 160 162 162 162 165 165 168 167 166 164 164 166 170 172
 168 169 171 173 170 172 173 165 169 179 142 112 112 116 118 109 105 102
  96  88  80  75  69  63  58  54  47  48  49  44  43  44  41  40  42  44
  44  45  46  47  46  42  41  45  48  49  51  55  53  48  47  49  45  40
  43  52  52  48  46  46  45  46  47  47  47  50  49  47  49  51  50  48
  49  53  55  53  50  52  55  55  54  52  49  47  47  46  45  44  48  50
  52  54  56  57  58  58  59  64  56  56  58  60  58  57  54  83 171 213
 213 212 212 218 217 217 218 219 219 221 222 221 220 221 223 223 220 220
 219  28]","[ 30  30 145 143 143 144 144 147 145 146 146 148 148 149 152 149 147 147
 148 151 153 152 151 150 151 152 153 152 152 152 154 155 154 153 158 161
 159 156 155 157 159 157 155 156 158 160 161 161 161 159 162 162 161 164
 164 164 166 165 162 163 163 164 168 169 167 167 166 165 165 165 166 167
 166 166 167 170 168 170 172 164 172 177 149 116 115 118 117 110 105 102
  98  91  84  78  72  65  59  58  54  54  54  51  50  50  45  45  47  48
  48  48  48  47  47  45  45  48  52  55  57  59  58  55  55  58  57  53
  52  53  54  52  52  53  52  53  54  52  54  55  53  50  52  54  54  53
  51  54  56  52  49  53  57  56  56  54  51  48  46  45  47  48  48  49
  51  53  55  56  57  58  62  62  57  58  59  55  56  57  69 142 208 215
 208 212 215 214 217 216 217 217 216 218 220 221 221 222 223 224 222 223
 220  28]","[ 29  29 144 143 143 144 145 146 144 146 147 149 151 153 152 145 146 146
 147 149 151 152 152 152 152 153 154 153 153 152 153 154 154 154 160 163
 160 158 156 158 156 153 153 155 158 160 161 161 162 160 163 163 162 164
 162 162 168 167 164 164 164 164 168 169 167 167 168 167 166 166 166 165
 167 166 166 169 168 170 172 165 172 174 157 122 116 118 113 107 105 102
  98  93  86  81  75  68  59  62  58  57  56  54  54  52  51  51  53  53
  51  50  49  46  46  46  46  48  53  57  60  60  61  62  63  64  65  65
  62  58  59  57  58  58  57  58  58  57  59  59  55  52  54  54  54  54
  50  54  56  52  50  54  57  54  53  53  52  50  48  48  51  53  50  50
  50  51  53  55  57  58  60  57  55  56  57  53  51  57  95 185 218 211
 211 215 218 218 218 217 218 219 217 217 220 222 224 223 223 225 225 227
 222  28]","[ 28  28 145 144 145 145 145 145 146 147 147 150 151 151 150 142 147 146
 146 148 150 152 153 154 154 153 152 153 154 154 152 150 153 153 160 161
 158 157 156 158 159 157 155 156 159 160 159 159 163 162 165 165 164 165
 163 162 167 166 164 165 166 166 169 168 168 169 169 169 168 168 168 169
 170 170 169 171 170 171 172 167 170 170 166 128 114 117 111 106 106 102
  97  92  87  83  79  74  64  66  62  61  59  55  54  53  53  54  55  55
  53  53  53  49  50  49  48  50  54  58  60  61  64  66  67  67  67  69
  70  69  65  63  62  60  58  58  60  59  60  58  54  53  54  53  52  53
  51  54  56  55  53  55  55  52  51  53  54  53  53  54  55  55  52  50
  49  49  51  54  55  55  58  57  56  55  56  57  48  69 144 206 211 210
 219 217 216 220 218 217 220 223 222 221 222 223 224 223 223 226 227 228
 222  28]","[ 29  29 145 144 146 147 146 145 148 147 146 149 149 147 148 144 151 150
 148 149 151 153 154 154 153 152 152 153 154 153 152 151 154 154 158 158
 155 156 156 157 158 156 156 158 161 162 162 162 163 161 166 166 166 167
 165 164 165 165 163 166 169 168 169 167 167 170 172 171 169 169 169 170
 170 172 171 172 171 171 172 169 170 170 172 135 113 117 114 110 108 102
  95  90  86  84  82  79  75  74  68  66  65  59  57  56  53  53  54  56
  56  59  60  58  57  54  53  55  58  61  64  67  68  69  70  70  71  72
  73  74  67  66  65  62  59  60  62  61  59  57  53  52  54  55  55  57
  55  55  57  58  56  55  55  54  54  55  55  55  57  58  57  55  51  49
  48  50  54  56  55  54  58  57  57  53  50  53  46  98 188 217 213 212
 215 215 216 218 218 216 219 224 225 224 224 224 225 224 224 227 228 228
 222  28]","[ 30  29 145 144 147 150 150 149 148 147 145 149 149 147 150 148 154 152
 150 149 150 152 153 154 151 152 154 155 154 152 153 155 157 156 159 157
 155 157 157 157 160 160 161 164 166 168 168 169 160 159 163 165 165 167
 166 165 165 165 164 167 168 166 166 163 166 170 173 172 170 168 168 168
 169 172 171 172 172 171 173 171 171 171 174 144 113 116 118 115 109 102
  95  90  86  85  84  81  79  76  69  67  66  60  58  57  56  54  55  58
  59  60  62  61  59  57  57  59  61  63  67  70  71  71  71  73  74  73
  71  70  65  65  66  65  62  63  64  62  59  57  53  52  55  58  60  61
  58  55  55  57  56  54  56  58  55  55  55  54  56  59  59  56  51  50
  52  55  59  60  58  55  59  58  57  53  46  44  58 139 210 216 215 215
 212 214 219 220 220 218 219 223 224 225 226 225 226 225 226 228 228 228
 222  29]","[ 29  29 145 145 150 153 151 149 148 148 147 149 149 149 152 149 152 151
 150 147 147 149 152 153 152 153 155 156 154 152 154 158 158 156 158 157
 156 160 159 157 160 160 161 161 161 159 159 160 160 158 161 162 164 166
 165 164 164 165 164 167 167 164 164 162 167 169 171 171 170 170 169 168
 170 172 170 171 173 172 174 173 172 171 173 157 119 116 119 115 110 103
  97  94  91  89  86  82  78  77  69  66  64  60  58  56  60  57  57  60
  60  58  58  58  57  59  61  62  64  66  69  71  72  72  72  71  71  70
  69  68  67  68  69  67  64  64  63  60  59  59  55  53  56  60  60  59
  56  53  54  55  54  55  58  60  56  59  59  56  56  58  59  58  54  54
  55  57  59  59  58  57  60  60  59  57  51  49  93 180 218 215 217 217
 216 215 220 221 222 220 221 222 222 225 226 225 228 227 228 230 229 229
 223  29]","[ 29  29 145 146 150 151 147 142 146 148 147 148 148 150 152 146 148 150
 149 146 145 147 151 153 155 153 153 154 154 153 154 156 155 154 156 155
 156 160 159 156 158 160 162 163 162 161 161 163 162 159 161 162 163 166
 165 163 161 163 164 166 167 165 167 168 168 168 169 169 170 172 172 171
 171 172 169 170 173 173 174 174 173 172 173 167 126 116 118 112 111 105
 101  99  97  93  88  83  79  80  73  67  65  63  62  58  62  58  59  63
  62  58  56  56  57  62  66  66  67  70  72  72  72  74  74  69  66  68
  71  73  73  73  72  69  65  64  63  59  59  61  58  56  58  60  57  54
  52  52  53  54  54  56  59  60  61  66  67  62  57  56  57  56  58  57
  56  55  54  55  56  57  56  58  58  58  56  58 124 201 209 212 215 214
 216 213 219 221 221 221 222 222 221 223 225 223 230 229 229 230 230 230
 224  30]","[ 30  27 145 145 144 146 148 143 144 143 149 149 147 154 150 152 151 153
 154 150 147 148 151 153 155 153 154 155 154 153 154 154 153 155 155 155
 156 157 157 159 158 159 160 162 163 164 163 163 161 161 161 163 163 163
 163 164 162 163 165 166 167 167 168 169 168 167 167 169 171 171 171 172
 170 169 169 171 172 173 173 174 173 172 169 172 143 114 113 115 111 107
 104 103  99  94  88  82  77  76  72  65  64  65  60  60  60  59  58  59
  59  56  55  59  63  63  66  71  74  73  71  72  73  73  74  71  68  69
  72  73  74  73  72  69  65  63  61  59  59  60  61  60  61  62  58  52
  53  56  57  56  57  57  59  62  60  63  65  63  59  59  61  59  60  60
  58  54  54  55  54  50  55  53  58  56  49  84 169 211 210 214 215 216
 217 217 218 222 223 224 225 225 224 224 226 227 235 236 230 232 231 227
 223  29]","[ 29  27 145 143 144 142 150 147 145 147 152 148 144 153 151 152 153 155
 155 152 150 151 152 153 154 155 157 156 154 154 155 153 154 156 155 155
 157 157 156 158 157 158 160 162 164 164 162 161 159 160 161 162 162 162
 163 163 162 162 163 166 168 169 169 169 169 169 170 171 172 172 171 172
 174 172 171 172 173 173 173 173 174 175 172 176 160 122 114 112 112 108
 105 104 101  96  89  83  78  76  73  66  65  67  65  66  61  59  55  54
  56  58  58  59  62  65  71  76  78  78  75  73  72  72  74  73  70  71
  73  72  71  68  64  61  58  60  62  61  61  61  60  59  60  60  57  54
  56  59  60  60  61  60  59  60  61  62  64  64  62  63  63  61  58  58
  57  56  55  54  52  50  47  57  57  53  59 117 202 210 214 216 216 216
 216 217 220 224 224 225 227 227 226 226 226 226 231 232 229 230 230 229
 223  30]","[ 29  28 144 143 144 137 150 147 147 152 155 147 140 149 148 148 151 152
 153 152 153 154 154 153 153 156 158 157 154 155 156 154 157 158 157 156
 158 158 157 158 157 158 159 161 162 162 161 160 160 162 163 163 163 164
 164 164 162 161 161 165 169 171 169 168 168 169 170 172 172 171 171 171
 175 173 172 172 173 173 173 173 176 177 173 174 171 129 115 115 113 109
 107 105 102  97  90  83  79  75  73  68  65  68  69  69  64  63  57  54
  59  64  64  62  63  70  77  80  81  82  79  76  72  72  73  73  72  72
  72  69  66  64  63  62  62  63  63  60  65  63  61  61  60  58  56  55
  59  61  62  61  62  61  59  58  62  63  65  65  65  65  63  58  55  54
  55  56  55  53  51  51  52  55  60  51  81 173 212 213 214 217 217 216
 217 218 220 224 224 225 226 227 227 228 228 228 230 230 230 230 231 232
 224  30]","[ 29  30 142 145 145 137 146 143 147 151 153 147 141 148 147 146 148 148
 148 150 151 152 153 153 152 153 156 156 154 155 157 157 158 158 157 156
 158 159 158 159 159 159 159 159 159 160 161 162 163 165 165 163 163 166
 167 167 165 163 163 166 170 171 169 166 167 168 170 171 171 171 171 171
 172 171 171 172 173 174 174 173 175 176 175 172 175 138 115 119 115 112
 110 107 102  97  90  83  81  75  74  70  66  69  69  67  63  62  58  56
  61  65  64  62  67  73  79  81  81  81  80  79  75  73  73  73  72  72
  71  67  64  65  68  69  69  67  64  59  63  63  63  63  62  59  57  55
  60  61  60  59  60  60  58  58  61  62  65  66  66  66  62  56  54  53
  54  55  55  54  52  52  53  59  53  59 124 204 214 213 211 215 217 217
 219 220 221 222 223 224 224 225 227 229 230 230 230 230 233 231 232 235
 224  29]","[ 29  30 138 146 145 141 145 142 145 146 148 149 146 152 150 148 148 147
 148 149 150 151 153 155 154 151 152 154 154 155 157 158 156 156 154 154
 156 157 157 159 161 160 159 158 159 160 162 163 163 165 164 162 163 166
 168 168 168 166 166 168 171 171 170 168 168 170 171 171 171 171 172 172
 170 171 171 172 173 174 173 173 172 173 176 174 179 154 115 116 117 116
 114 109 102  96  90  84  81  75  75  73  69  70  68  64  62  62  61  61
  63  63  64  66  70  73  78  82  82  81  80  80  79  75  73  73  73  73
  72  68  69  68  69  69  66  65  64  62  59  62  64  63  63  63  61  57
  58  59  58  57  60  61  60  60  60  60  63  64  64  66  64  60  56  55
  54  53  54  55  54  52  58  58  55  87 173 215 215 212 211 215 217 218
 221 222 222 222 223 224 225 226 227 229 230 230 230 231 234 232 234 237
 223  28]","[ 29  30 135 144 145 147 146 144 145 145 146 151 150 153 151 150 151 149
 150 152 154 154 156 160 155 150 150 154 154 154 155 157 154 155 153 153
 155 156 156 158 160 160 160 160 160 161 161 162 163 163 162 161 162 165
 168 168 168 168 168 169 170 170 170 171 171 171 171 171 171 172 172 172
 171 172 173 173 173 173 173 172 174 172 173 174 178 169 123 111 116 116
 115 109 101  96  90  85  80  76  76  74  72  71  66  64  66  65  65  65
  66  64  67  74  72  76  81  86  87  84  82  81  80  76  74  75  75  75
  74  72  72  71  70  67  64  64  65  63  61  64  66  64  64  65  63  59
  54  57  58  58  61  62  61  62  61  61  61  60  61  64  65  62  55  55
  53  51  51  53  52  50  57  44  59 138 204 221 213 213 212 215 216 216
 219 222 222 222 224 226 228 229 229 229 229 228 230 232 233 233 235 237
 227  29]","[ 28  29 139 144 146 149 147 147 146 146 146 151 148 150 151 151 152 150
 151 154 156 155 156 159 154 150 151 154 155 154 155 154 154 155 154 154
 156 156 157 159 159 159 160 161 161 161 161 161 163 162 162 163 164 165
 166 166 167 167 167 167 167 168 170 172 171 172 171 170 171 172 172 171
 171 173 174 172 171 172 173 173 175 174 171 173 175 175 137 110 115 115
 114 110 103  99  94  88  81  78  77  74  73  71  66  67  67  66  65  65
  65  64  68  75  76  81  86  89  90  87  82  77  78  75  76  79  79  78
  76  73  73  72  71  70  67  65  64  61  61  63  65  65  64  63  60  56
  53  57  58  59  60  60  59  60  61  60  60  59  58  62  63  61  52  51
  51  50  49  49  49  49  43  50  93 188 219 216 217 213 212 215 215 215
 218 222 223 223 225 228 230 229 228 229 230 231 231 234 232 232 235 237
 230  30]","[ 28  30 144 144 148 150 147 146 145 148 147 150 146 149 153 154 153 150
 150 153 154 151 150 151 152 151 153 155 155 155 155 152 154 156 156 156
 157 157 157 159 159 160 160 160 160 160 161 162 164 162 162 164 166 165
 164 163 167 167 166 166 167 168 170 173 171 172 171 171 172 173 173 172
 170 172 173 171 170 171 173 175 173 175 173 176 175 177 148 110 114 115
 115 112 107 103  98  92  83  82  79  74  74  71  68  72  69  68  66  65
  66  66  68  73  80  86  90  89  89  87  80  72  76  74  77  81  81  79
  76  73  74  72  71  70  67  66  64  60  55  57  61  64  65  61  56  53
  54  58  59  58  58  57  57  58  57  57  57  58  59  62  63  60  50  49
  50  52  50  47  48  51  49  75 173 217 224 216 213 213 211 215 216 216
 220 224 224 224 225 228 229 228 227 229 232 235 232 236 230 230 233 235
 229  29]","[ 29  28 146 147 145 143 144 146 147 148 148 146 145 148 152 155 155 148
 146 151 154 151 150 154 155 157 156 155 155 156 156 154 158 160 158 160
 158 157 162 160 159 160 161 162 161 161 162 165 164 162 162 166 167 166
 164 164 167 167 166 165 165 168 171 173 171 170 170 172 173 174 173 173
 172 172 171 171 172 174 176 178 177 175 175 176 177 183 169 114 116 115
 118 115 111 102 102 100  95  91  84  79  76  75  74  73  68  68  65  67
  67  70  78  79  82  85  92  90  84  85  80  65  71  77  85  82  76  76
  74  72  72  68  66  66  67  66  61  58  54  54  56  59  62  61  57  54
  57  60  58  57  57  55  57  57  58  54  53  58  59  59  59  53  52  53
  51  53  48  47  46  49  83 168 216 220 218 216 216 213 210 213 215 217
 221 222 222 223 225 226 226 225 226 230 232 232 232 233 234 234 232 235
 227  29]","[ 29  28 146 147 146 145 146 147 147 149 149 147 147 149 152 153 152 152
 150 151 154 158 157 153 156 157 157 157 158 159 157 155 159 159 158 160
 159 158 162 160 160 160 161 161 161 161 164 167 165 163 162 164 166 165
 164 165 171 168 166 167 168 168 170 172 172 171 171 171 171 171 172 173
 173 173 173 173 173 174 175 176 173 176 179 179 176 178 167 118 116 118
 119 114 112 108 103  96  98  93  86  79  76  76  75  73  73  72  70  72
  71  72  79  80  80  82  86  84  80  82  79  68  74  80  86  80  72  71
  73  75  69  67  65  65  66  65  62  58  55  53  53  55  57  57  56  55
  55  57  55  54  55  53  55  55  55  56  57  58  56  55  57  52  52  55
  54  51  42  49  70  95 175 210 220 217 219 217 215 213 213 216 217 219
 222 223 223 223 224 227 229 228 229 231 233 233 235 235 234 233 232 235
 228  30]","[ 29  29 148 148 149 149 149 148 148 150 150 149 150 151 152 152 151 153
 152 150 154 160 159 153 157 158 159 159 160 161 159 156 158 158 158 159
 159 159 162 161 161 161 162 162 162 162 165 167 164 162 162 164 165 164
 163 163 171 165 164 168 170 168 169 172 174 174 174 174 172 171 172 173
 173 174 174 175 175 175 175 174 175 178 181 179 175 177 172 130 117 121
 117 114 114 114 106 100  97  91  83  77  74  75  76  76  75  74  71  73
  73  72  77  80  82  84  84  80  77  77  74  69  72  77  81  78  71  69
  72  75  68  68  66  65  66  67  65  62  58  55  53  53  54  55  56  55
  55  56  52  53  53  51  51  51  54  56  55  53  50  52  56  54  55  52
  48  50  54  86 144 198 219 223 214 214 219 216 216 216 216 218 218 219
 223 224 224 224 225 228 229 229 229 231 232 232 230 231 233 235 234 237
 229  29]","[ 29  30 148 149 150 152 151 147 149 151 151 151 151 153 154 154 155 153
 151 151 154 156 156 154 158 159 160 160 161 161 160 158 157 156 157 159
 159 161 163 163 161 162 163 163 163 162 163 164 162 161 162 165 166 164
 162 161 168 163 162 167 169 168 169 173 172 173 174 175 174 172 171 171
 173 174 175 176 177 177 176 175 178 179 179 178 177 181 177 137 117 120
 116 117 116 114 103 102  95  90  82  75  72  72  75  78  78  75  72  74
  75  73  76  81  84  87  84  80  78  74  69  68  75  79  79  79  77  73
  70  68  67  67  66  65  67  69  68  64  60  57  55  54  54  54  53  52
  50  51  49  52  54  51  50  50  54  53  48  47  47  47  50  48  53  63
  88 130 170 201 213 219 216 217 214 216 218 216 217 217 217 219 219 220
 223 225 225 226 228 228 228 228 228 230 231 232 227 229 233 235 234 235
 228  28]","[ 28  29 148 149 150 151 150 146 150 151 151 150 150 152 155 155 157 155
 155 156 156 155 154 155 159 160 161 160 160 160 160 160 158 157 159 160
 160 163 164 164 161 162 163 163 162 162 163 163 163 163 164 165 166 164
 162 161 165 164 164 166 167 168 170 173 172 172 173 175 176 175 173 172
 172 173 174 175 177 177 176 175 175 178 179 179 179 183 177 138 113 121
 118 117 113 109  97  96  96  92  85  78  73  71  73  76  77  74  71  71
  72  70  71  78  82  86  85  82  81  76  69  69  73  76  73  74  76  72
  69  65  65  64  62  62  65  68  67  64  61  58  55  54  54  53  50  48
  49  50  48  51  52  46  44  43  43  46  45  46  45  45  55  64  91 137
 182 204 208 215 217 216 218 217 216 217 217 218 220 219 219 220 220 221
 224 225 226 226 229 228 228 228 230 232 233 233 232 234 235 234 231 234
 228  30]","[ 28  30 149 150 150 150 149 148 151 152 150 149 149 152 154 154 154 156
 158 159 158 157 156 155 159 159 160 160 159 159 159 160 160 158 161 161
 161 164 164 164 162 163 163 162 162 163 165 166 166 166 165 165 165 164
 163 162 164 166 166 165 165 167 170 171 167 166 167 169 171 171 171 170
 172 173 173 174 175 176 175 175 173 178 180 179 179 183 181 148 113 123
 120 111 105 105 100  97  96  91  86  81  76  72  72  74  75  72  70  67
  69  67  65  72  81  86  87  85  83  77  70  69  71  75  67  65  66  63
  66  66  64  62  60  61  63  65  65  64  63  58  54  53  54  54  51  49
  49  50  48  51  50  42  39  40  45  47  43  41  48  71 116 154 188 206
 217 217 210 212 214 216 218 216 217 219 218 218 220 220 219 221 221 221
 223 224 224 225 227 227 228 229 232 233 234 234 233 235 236 236 233 235
 228  30]","[ 29  30 151 152 151 149 150 151 152 151 149 148 150 153 154 153 152 154
 157 157 158 158 157 156 158 158 158 160 160 160 159 159 160 157 161 160
 161 164 163 163 164 165 164 163 163 164 165 165 166 166 165 165 164 164
 164 163 165 166 167 167 167 169 170 171 173 171 171 173 175 175 174 174
 172 173 174 175 175 175 176 176 176 178 178 179 178 181 184 160 118 123
 121 107 101 103 106 103  97  90  83  78  75  72  72  73  74  74  73  71
  73  73  68  73  82  86  87  84  80  74  68  66  75  79  67  60  60  58
  63  64  63  60  59  60  60  60  61  62  61  56  51  51  53  54  52  50
  45  46  45  49  49  42  42  46  45  46  55  89 136 174 200 213 209 209
 209 213 212 213 213 216 218 217 220 222 221 218 217 218 218 221 221 221
 222 222 222 224 226 227 228 229 230 232 233 235 231 233 236 237 235 237
 229  28]","[ 29  30 151 153 151 149 150 153 152 150 148 148 152 155 155 152 153 152
 153 156 157 157 157 159 158 157 157 160 162 161 159 158 158 155 159 159
 159 163 161 162 165 166 166 164 163 163 162 161 163 164 165 165 165 165
 164 163 166 166 168 169 171 172 173 174 172 172 172 174 175 173 171 170
 173 174 175 176 176 176 177 177 179 177 177 180 180 178 180 158 121 122
 122 111 106 103 106 102 101  92  81  74  72  70  70  71  70  72  74  72
  76  76  70  75  81  84  84  80  75  70  66  63  66  71  59  54  58  59
  65  65  61  58  57  57  56  54  56  59  56  51  47  48  51  52  49  47
  47  47  46  48  46  39  41  46  65  99 140 179 205 211 212 211 209 213
 212 213 213 218 218 217 220 219 219 218 218 219 219 220 219 222 222 222
 222 222 223 224 228 228 228 228 228 229 233 237 236 236 235 235 234 237
 229  28]","[ 30  29 150 150 150 150 150 152 155 151 148 151 154 154 153 153 152 155
 154 156 156 156 159 158 157 155 155 158 161 161 160 159 155 157 160 162
 160 161 164 165 163 165 165 164 165 163 161 161 164 166 165 164 165 164
 163 163 165 168 170 171 173 174 171 170 167 169 172 174 174 173 172 173
 175 176 174 174 176 178 178 179 180 179 179 178 179 181 177 168 128 110
 115 114 114 114 110 103  97  89  82  78  73  69  68  68  69  72  72  72
  74  75  74  75  81  82  83  79  72  69  68  67  64  61  58  55  56  59
  62  64  62  60  58  59  57  54  52  53  50  48  43  45  48  46  43  44
  44  49  44  43  44  38  54  93 149 185 206 216 210 208 209 211 210 211
 214 216 217 217 219 220 218 220 221 219 217 217 217 217 220 222 222 222
 224 227 228 230 228 231 232 232 232 233 234 235 238 237 236 236 237 235
 230  28]","[ 29  29 151 152 152 153 152 153 155 151 150 151 153 153 152 153 154 156
 156 157 158 159 162 162 160 158 157 159 161 160 160 160 158 158 160 162
 161 161 163 163 159 163 164 164 165 165 165 166 165 167 167 165 166 165
 164 165 163 169 171 169 171 173 173 172 171 172 173 174 173 172 173 174
 174 175 174 174 177 178 178 179 178 179 180 178 176 177 178 175 143 112
 115 116 111 102  99  96  93  88  83  79  73  69  69  69  67  72  75  75
  75  76  77  80  79  80  81  78  72  68  67  66  64  61  55  52  52  57
  62  66  62  60  59  58  56  54  52  53  49  45  41  41  43  45  44  40
  47  44  39  40  58  95 149 192 209 215 211 211 209 213 214 215 213 213
 215 216 217 217 217 218 218 219 219 217 216 217 218 219 219 222 222 222
 223 224 226 228 228 229 231 231 231 233 235 236 238 238 238 237 238 236
 230  29]","[ 29  28 149 151 152 153 152 154 154 152 150 151 151 151 151 152 154 157
 156 157 158 158 163 163 161 159 159 161 163 162 163 165 163 161 162 162
 162 163 164 163 157 161 163 163 164 164 165 167 167 169 168 166 164 162
 161 162 161 169 171 168 168 171 172 172 173 174 174 173 171 171 172 174
 175 175 174 175 178 179 179 179 178 179 181 179 176 177 179 180 166 115
 109 111 108 100  96  93  88  86  84  79  73  71  72  72  71  76  78  77
  77  77  77  79  77  78  80  78  73  70  68  65  65  61  54  49  48  51
  56  60  59  59  58  57  54  52  51  51  46  41  39  40  43  48  46  36
  35  44  64 104 154 187 202 211 210 208 208 211 210 213 209 208 215 215
 215 217 218 218 217 217 218 218 218 217 217 218 219 219 219 223 224 223
 223 224 225 228 228 229 231 231 232 233 236 237 238 239 239 238 239 237
 231  29]","[ 29  27 147 147 149 151 152 154 153 152 151 151 151 151 151 152 154 157
 156 157 157 156 159 159 158 156 156 160 161 160 161 164 165 161 160 160
 162 164 165 162 158 162 164 164 165 164 165 167 167 168 167 166 165 162
 159 160 163 168 170 167 167 168 169 171 173 174 174 173 171 171 172 173
 174 175 174 175 179 179 179 179 180 178 179 181 180 180 180 179 178 119
 105 107 108 104  99  92  84  83  82  78  73  73  74  74  76  78  77  76
  78  78  76  74  76  76  77  77  75  72  68  63  63  59  54  49  47  47
  48  49  52  54  56  54  52  50  49  48  44  42  41  39  44  50  46  38
  49  89 148 190 202 204 207 207 210 206 211 212 208 211 213 218 216 216
 216 218 218 218 219 219 219 219 219 219 220 221 220 218 220 224 225 226
 227 227 228 230 228 229 231 232 233 234 235 237 237 238 239 238 238 236
 231  29]","[ 30  28 148 148 149 152 152 154 154 153 152 153 154 154 154 153 154 157
 157 158 157 156 158 157 160 157 157 160 162 161 160 161 166 162 160 161
 163 167 169 167 161 166 167 167 167 166 166 167 166 166 165 166 168 166
 163 163 166 167 168 169 169 168 168 171 170 173 174 174 173 173 173 173
 174 174 174 176 179 179 178 179 181 179 180 182 182 182 181 180 180 125
 104 107 106 101  96  89  82  80  77  74  72  74  75  74  75  76  75  75
  77  78  76  75  74  73  75  76  75  73  67  60  59  56  52  50  49  47
  45  44  44  48  51  52  51  49  47  45  45  37  39  46  46  40  49  77
 147 186 209 210 211 206 202 210 207 204 212 213 211 212 210 209 216 216
 217 218 218 219 220 221 220 220 221 221 223 223 222 220 220 224 225 226
 229 230 229 230 228 229 231 233 234 234 235 236 236 238 239 237 238 236
 231  28]","[ 29  29 150 152 152 154 152 154 154 153 153 154 155 156 155 153 154 157
 157 159 158 157 158 157 160 159 159 162 164 164 163 162 164 161 159 161
 163 167 170 169 165 168 168 166 166 164 163 163 166 165 163 165 167 166
 163 163 168 167 167 170 172 169 169 172 169 172 174 174 174 175 174 173
 175 176 176 177 180 179 179 181 181 180 181 182 180 180 182 183 184 135
 101 104 103  98  92  89  83  79  76  73  72  74  76  76  75  78  79  77
  77  77  76  77  74  73  74  76  74  71  65  58  58  55  52  50  48  47
  44  42  39  41  45  47  48  46  43  42  41  36  42  49  54  71 116 173
 202 209 210 207 206 208 210 210 212 208 209 208 211 214 216 214 215 215
 216 217 219 219 220 221 222 221 221 221 223 224 224 223 221 223 223 224
 228 229 229 229 227 228 230 233 234 234 235 236 237 239 239 237 238 237
 232  29]","[ 29  29 151 153 153 154 152 154 153 153 153 154 156 156 155 153 153 156
 156 157 157 157 159 159 155 157 158 160 161 162 162 161 160 158 157 158
 159 162 164 163 166 168 166 164 165 164 162 162 167 165 162 163 165 163
 162 163 168 167 167 170 172 171 170 173 170 172 175 175 176 177 176 174
 176 177 177 178 180 179 178 182 181 181 182 182 179 180 182 182 187 152
 106 103  99  98  91  88  83  79  76  75  73  74  78  80  81  84  84  82
  81  79  76  75  73  73  74  74  70  66  61  55  56  54  51  48  45  43
  41  40  38  38  40  44  45  44  41  40  38  32  46  71 110 161 194 209
 211 209 204 203 207 205 206 214 212 212 211 210 215 213 215 215 214 213
 213 216 219 220 220 220 222 221 221 221 222 224 223 222 222 223 222 222
 226 228 229 229 229 229 231 234 235 234 235 236 238 240 239 237 238 238
 233  29]","[ 29  29 152 153 153 154 153 155 152 154 155 156 156 156 155 153 154 156
 154 155 156 157 160 160 157 159 161 161 161 162 162 160 162 161 161 161
 160 161 162 161 165 166 164 164 166 168 168 168 168 166 163 163 165 164
 164 167 167 168 168 168 171 171 171 173 172 175 176 176 177 179 178 175
 175 176 176 177 178 177 177 181 182 181 182 182 180 181 181 178 182 167
 119 109  98  97  88  83  81  77  77  76  72  73  79  84  87  88  86  85
  85  83  77  73  72  72  73  71  65  60  56  52  51  50  49  46  43  40
  39  39  41  39  39  43  45  44  42  41  33  47 114 180 203 207 206 208
 205 202 206 209 205 206 211 208 209 211 210 212 218 210 212 211 212 210
 211 215 220 222 220 218 221 221 221 222 223 223 221 219 223 224 222 221
 225 228 230 232 232 231 232 235 236 235 235 237 239 240 239 237 238 239
 232  29]","[ 30  29 156 153 154 152 152 153 154 155 155 155 155 155 154 153 154 157
 156 154 156 160 160 158 156 158 160 161 162 161 162 162 163 161 162 163
 161 160 161 162 166 167 167 165 165 167 168 168 167 163 162 164 166 166
 165 165 167 169 171 172 172 171 170 170 173 172 173 176 177 176 176 178
 175 174 174 176 178 179 180 181 181 181 181 181 182 182 180 178 182 166
 127 117 103  97  87  81  80  79  74  71  74  69  69  88  87  91  89  82
  81  82  77  71  73  72  70  68  63  57  50  45  49  48  45  42  39  39
  38  37  40  37  44  43  43  48  45  37  43  92 179 208 206 202 199 207
 206 207 208 207 207 208 209 209 210 212 214 214 213 213 212 211 213 215
 217 219 220 220 219 218 221 220 219 219 219 219 220 221 221 224 224 223
 224 227 229 229 229 232 234 232 233 236 236 235 236 237 240 240 239 240
 236  27]","[ 29  30 151 152 152 156 151 156 155 156 155 154 154 155 156 157 155 158
 158 156 158 160 160 159 158 159 161 162 163 163 164 164 162 160 160 162
 162 162 162 161 163 165 165 165 166 167 167 167 163 161 161 164 167 167
 167 167 166 167 169 170 171 172 172 172 170 169 171 174 175 175 175 176
 176 175 175 177 179 179 180 181 181 180 180 181 182 182 180 178 169 162
 124 119 115 105  96  81  82  76  72  69  69  69  72  83  94  95  91  84
  80  78  77  76  74  71  66  62  57  53  48  45  44  44  42  38  36  37
  38  37  38  40  39  41  46  47  41  41  75 160 203 204 199 203 208 206
 208 209 209 208 209 210 211 210 209 211 211 212 212 213 212 211 213 215
 217 218 218 218 218 219 222 221 220 220 219 218 219 220 224 224 225 226
 227 228 229 229 232 234 235 234 235 236 237 236 240 241 235 240 243 240
 234  31]","[ 29  32 152 156 154 150 158 153 156 156 156 154 154 155 157 157 156 159
 159 159 160 160 158 158 159 159 160 161 163 164 164 164 162 160 160 162
 163 163 163 162 162 163 164 165 166 167 167 166 164 163 164 167 169 169
 169 170 168 168 169 169 170 171 171 172 167 166 167 170 172 173 173 174
 179 177 177 178 179 180 180 181 180 180 181 181 183 183 181 179 180 170
 130 116 117 117 114  91  79  71  71  69  64  67  73  78  93  92  89  85
  81  77  74  75  71  67  61  57  54  51  48  45  45  47  45  41  39  40
  40  39  31  39  36  37  40  47  47  57 126 202 206 205 203 201 204 209
 210 209 209 209 210 211 210 210 211 211 210 210 212 213 212 211 212 214
 217 218 218 219 219 220 221 221 222 222 222 222 223 224 226 224 225 228
 229 229 228 229 229 231 233 234 235 236 237 238 239 237 240 231 239 241
 234  26]","[ 31  25 149 149 154 158 157 155 155 156 157 155 154 154 154 155 157 159
 159 160 161 158 157 158 160 160 160 162 164 165 166 165 165 164 164 166
 165 166 166 165 165 165 166 166 167 168 169 168 166 166 166 167 167 166
 166 167 166 167 167 167 167 168 170 171 174 172 172 173 174 175 176 177
 179 178 177 178 179 179 180 180 178 179 180 180 182 182 181 179 174 161
 131 122 118 121 117  95  86  77  73  66  57  61  73  83  98  96  92  89
  86  79  73  71  69  65  60  56  53  50  46  44  44  45  45  44  42  40
  38  38  39  34  35  44  43  45  43  71 159 206 202 202 202 205 202 204
 211 211 211 210 210 211 211 210 213 213 212 211 212 213 213 213 213 215
 218 219 219 218 219 219 221 220 221 222 224 224 225 225 224 224 225 227
 228 228 229 229 230 230 233 235 236 236 238 241 239 242 237 237 243 235
 235  32]","[ 29  32 149 151 154 155 154 158 155 156 156 155 154 154 154 155 158 159
 159 160 160 158 156 158 159 158 159 160 163 164 163 162 163 163 164 164
 163 164 166 165 166 165 164 165 166 167 168 169 170 169 169 168 167 166
 166 166 166 167 168 168 169 170 173 175 176 175 173 172 172 173 174 175
 178 178 178 178 179 180 181 181 179 179 180 181 182 182 181 180 181 170
 128 125 119 114 111 102  88  79  72  63  58  59  68  84  92  95  94  90
  86  80  74  70  65  62  58  54  52  50  48  46  45  44  45  47  45  40
  39  41  38  34  36  38  38  41  44  97 174 205 205 202 202 207 205 203
 209 210 211 210 209 209 210 211 210 211 211 211 211 213 215 216 218 220
 221 221 220 219 220 221 223 222 222 223 225 225 224 224 223 225 226 225
 225 228 230 231 230 231 233 235 235 234 236 239 238 239 237 242 240 241
 232  29]","[ 31  27 150 150 153 152 160 155 156 157 156 155 155 156 158 159 160 160
 159 159 160 159 158 160 160 160 160 162 163 164 163 163 162 162 163 163
 161 163 165 165 168 166 165 165 167 168 170 171 169 168 167 166 165 165
 165 166 166 167 168 168 168 168 171 173 174 173 173 172 173 174 176 177
 178 178 178 179 180 181 182 182 180 180 180 180 181 182 181 180 180 184
 124 121 126 118 111  98  91  82  70  61  61  59  61  76  82  91  96  93
  87  81  75  71  68  65  60  56  52  50  48  47  48  45  44  45  43  39
  38  41  35  34  33  33  43  43  45 111 188 208 202 202 207 204 206 207
 208 210 212 211 210 210 212 213 209 211 212 213 214 217 219 221 218 218
 218 218 218 219 222 224 223 221 221 222 225 225 224 223 223 226 227 224
 224 228 231 230 230 230 233 235 235 235 237 239 240 238 241 238 243 239
 229  27]","[ 28  30 152 155 152 154 153 158 157 158 157 156 156 158 159 160 159 160
 159 158 159 159 159 159 163 163 163 163 164 165 164 164 162 162 164 163
 162 164 166 165 168 166 165 166 167 168 168 169 169 169 168 167 167 168
 168 168 169 169 169 169 168 168 169 169 170 171 172 172 172 174 176 177
 178 178 178 178 178 180 181 180 179 179 179 179 180 180 180 179 180 181
 134 120 124 125 120 108  98  89  75  65  64  63  65  75  83  92  96  93
  88  83  77  73  70  67  63  58  53  50  48  47  48  46  45  44  42  41
  40  41  37  35  38  39  40  34  56 127 195 205 200 197 201 204 204 200
 204 207 207 207 206 206 207 208 206 207 208 209 210 212 213 214 213 213
 213 213 214 215 217 219 217 216 216 217 219 218 219 219 220 221 222 221
 220 222 224 225 226 227 227 229 230 230 231 232 237 230 232 232 231 236
 230  30]","[31 30 25 30 28 30 30 28 28 29 29 29 29 29 29 28 29 30 28 27 29 30 29 29
 30 29 28 28 29 29 29 29 29 29 29 29 28 30 31 28 31 29 28 29 30 30 29 29
 29 29 29 28 29 29 29 28 29 29 28 29 30 30 29 29 28 30 30 29 28 28 29 29
 29 30 30 28 28 29 30 29 29 29 29 28 28 29 29 29 28 28 29 30 27 31 29 30
 29 28 30 29 28 28 27 30 28 30 29 27 29 30 29 29 29 29 29 29 29 29 29 29
 28 30 30 28 28 30 29 27 29 28 30 28 28 29 28 29 31 25 30 33 27 30 28 29
 29 29 29 29 28 29 29 28 29 29 29 29 29 30 29 28 28 29 29 29 29 29 29 29
 30 29 29 29 29 28 28 29 28 28 28 29 29 28 28 29 28 29 29 29 29 29 29 29
 27 29 29 28 30 30 26 30]"
