"[33 31 29 30 28 31 29 30 29 29 29 29 29 29 30 30 29 29 29 28 27 29 29 27
 29 28 28 29 29 28 28 29 29 29 29 29 29 29 29 29 31 29 28 29 30 30 29 28
 29 29 29 29 29 29 30 30 30 29 28 29 29 28 28 29 29 29 29 28 28 29 29 29
 29 30 30 29 29 29 29 28 28 30 30 28 28 29 30 29 29 29 29 28 29 30 29 29
 28 29 30 30 29 28 29 29 30 30 29 29 29 29 29 28 29 30 30 30 29 29 29 30
 30 30 29 29 29 29 29 30 30 30 29 28 28 28 29 29 29 29 29 29 29 29 29 29
 29 30 30 28 28 30 30 28 30 29 28 29 29 28 28 29 29 29 29 29 29 30 30 30
 30 29 29 29 29 29 30 29 31 29 28 28 29 28 29 30 30 29 28 29 29 29 28 28
 28 31 28 30 32 30 29 29]"
"[28 33 28 27 35 26 30 27 29 29 29 28 28 28 29 29 28 29 30 30 30 30 30 29
 30 29 29 29 29 30 30 31 27 28 29 29 29 29 30 30 29 29 29 29 28 28 29 30
 29 29 29 29 29 29 28 28 29 29 29 29 30 30 30 30 29 30 30 29 29 30 30 29
 29 29 29 28 28 29 29 29 30 30 30 30 30 29 29 29 30 30 29 29 29 30 29 29
 29 29 29 29 29 29 29 29 27 28 29 30 30 31 31 31 27 28 29 29 30 29 28 28
 27 28 29 29 30 29 28 27 27 28 28 29 30 30 30 29 28 29 29 29 29 29 29 29
 29 28 28 29 29 28 29 31 26 30 31 28 28 32 32 28 30 29 29 29 29 29 28 27
 29 28 28 29 28 29 30 29 27 28 30 31 30 28 29 30 28 27 28 30 31 30 29 29
 28 26 32 28 26 28 34 29]"
"[ 31  28 112 116 112 119 120 118 115 115 115 115 115 116 117 118 125 130
 134 138 144 149 152 155 150 152 153 154 154 154 154 153 153 153 153 151
 150 149 149 150 150 151 153 154 154 153 153 153 151 151 150 149 148 148
 147 147 147 148 148 146 145 145 144 144 145 145 145 145 146 146 145 144
 144 144 144 143 143 144 144 143 140 138 137 137 135 131 130 131 123 123
 121 119 117 116 115 114 118 117 117 118 118 119 119 119 118 118 117 117
 115 113 111 110 111 109 107 107 107 108 109 109 104 104 104 104 102 100
  97  95  95  93  91  89  89  90  90  90  90  90  90  90  88  88  88  88
  88  85  86  90  90  87  90  95 100 103 100  91  86  86  80  72  65  65
  64  65  66  66  65  64  60  58  59  58  56  56  57  56  59  55  51  46
  42  40  41  44  54  53  56  61  67  71  77  82  88  90  85  86  92  91
  86  29]"
"[ 31  26 124 123 122 121 121 118 119 119 118 118 117 117 118 119 117 118
 117 115 117 117 118 121 129 132 136 140 145 150 154 155 156 155 154 152
 151 151 153 154 156 154 151 149 150 152 153 153 153 152 151 150 150 151
 151 152 150 151 151 149 148 148 147 146 147 147 147 148 149 149 148 147
 147 147 147 147 146 146 145 144 146 145 145 145 144 142 141 142 140 139
 137 134 132 130 128 126 125 124 123 123 123 123 122 121 121 122 122 122
 121 120 118 117 116 114 112 110 109 109 110 110 110 109 108 107 107 107
 105 104 106 103 100  97  96  96  96  95  95  95  94  92  90  89  89  89
  86  84  84  87  87  85  87  91  86  87  88  90  93  95  95  94  94  93
  90  87  84  80  77  75  69  68  69  69  67  66  66  65  65  60  56  54
  54  55  55  55  54  50  46  44  41  39  41  45  51  67  67  72  75  77
  83  30]"
"[ 29  33 123 120 128 121 124 122 123 123 123 123 122 122 123 124 122 122
 120 118 118 117 118 120 118 118 117 115 116 119 123 124 124 125 127 130
 134 138 142 145 142 146 152 156 159 159 157 155 155 154 153 152 151 151
 152 152 151 152 152 151 151 152 152 151 149 149 149 149 150 151 150 149
 149 150 150 150 150 149 148 147 148 149 149 147 146 147 147 147 147 147
 146 145 144 142 140 138 137 136 134 132 131 129 126 124 123 123 124 124
 124 123 123 122 121 122 122 122 120 118 117 116 115 114 112 111 111 111
 110 109 110 110 110 110 110 108 105 103 101 101 100  99  97  96  95  95
  90  89  88  88  87  85  84  85  88  85  84  87  88  88  88  90  88  89
  90  90  89  88  89  89  91  89  89  86  80  75  72  69  67  64  61  60
  62  63  62  60  63  60  58  56  52  47  46  47  46  44  45  46  45  52
  50  28]"
"[ 30  28 156 150 144 140 134 132 131 130 128 126 124 122 121 120 121 118
 119 121 120 121 122 121 122 122 121 121 119 118 119 121 119 119 119 119
 119 118 117 117 122 127 130 131 133 139 146 151 151 152 153 154 154 154
 154 155 154 153 152 152 153 152 151 151 151 152 152 152 152 153 152 151
 152 153 154 154 154 154 153 152 153 154 154 150 149 150 151 149 150 150
 149 149 148 148 146 145 148 147 145 144 143 142 139 138 136 135 133 130
 128 126 124 123 123 124 124 124 122 121 121 121 122 121 120 119 117 115
 113 111 111 111 111 111 111 110 108 107 109 109 108 107 106 106 106 105
 104 104 102  99  97  96  93  91  88  87  86  85  86  89  91  91  89  89
  89  89  88  88  88  89  88  88  90  90  88  86  85  83  87  86  83  79
  76  74  73  72  69  68  66  64  62  60  59  59  57  57  56  54  47  48
  44  29]"
"[ 29  29 170 165 168 164 163 162 158 156 153 149 145 140 136 133 131 124
 126 128 125 126 128 123 122 122 123 124 123 118 117 118 123 122 121 121
 121 120 118 117 117 120 122 120 119 121 124 126 128 130 133 135 137 139
 141 143 149 147 148 152 155 154 153 154 153 153 153 152 152 152 152 151
 151 152 152 152 152 153 153 153 153 154 154 154 154 155 156 156 154 154
 153 152 152 152 151 150 151 149 148 148 148 148 148 148 148 147 145 143
 140 138 136 136 131 129 128 126 125 125 126 126 124 124 125 124 124 122
 121 120 122 120 119 118 117 117 117 117 114 113 111 111 111 110 110 109
 112 112 111 108 105 104 103 101 101 101  98  94  92  94  94  93  94  93
  91  90  89  89  88  87  89  88  89  90  89  88  88  86  85  88  90  91
  90  89  86  84  84  83  79  75  72  71  71  69  63  67  61  60  57  57
  59  27]"
"[ 29  28 189 185 186 181 180 178 177 176 174 173 172 170 167 165 162 151
 150 151 144 143 144 137 136 132 131 131 129 125 126 130 130 127 125 124
 124 124 124 124 124 124 122 120 120 121 119 115 120 120 119 117 115 115
 118 120 122 121 126 136 143 146 147 150 159 159 158 157 156 156 156 155
 153 153 153 152 153 154 155 155 154 153 154 155 155 153 153 155 155 155
 154 153 153 154 154 154 154 153 151 150 151 151 152 153 151 151 150 149
 148 147 146 146 145 143 141 140 139 138 136 135 131 131 130 129 127 126
 125 124 124 124 124 123 122 121 120 120 122 120 118 117 117 116 115 113
 114 115 114 113 111 110 111 112 111 110 107 106 104 103 103 104 103 101
  98  97  97  97  96  94  93  91  92  91  90  89  89  86  87  87  85  85
  87  89  89  87  88  89  89  86  85  86  84  80  76  71  75  71  70  70
  66  31]"
"[ 29  28 189 189 190 190 188 186 187 186 186 186 186 186 184 183 180 177
 175 175 175 172 170 169 163 162 160 158 156 152 149 147 145 142 139 137
 137 138 138 137 134 135 136 135 134 135 134 133 130 129 128 126 120 117
 119 124 121 120 118 118 116 114 115 118 121 127 132 130 131 135 138 145
 150 152 155 155 154 153 155 157 159 157 156 155 154 153 155 157 157 157
 156 154 154 155 155 153 152 153 155 155 155 155 155 155 153 154 154 154
 153 152 152 151 152 149 151 150 152 147 147 145 143 143 143 142 139 137
 134 132 131 131 129 126 124 124 123 123 125 123 121 121 122 122 121 120
 123 121 118 116 116 116 116 115 118 116 115 114 114 114 112 111 109 108
 107 106 105 105 103 100 100  98  97  96  95  95  94  93  90  88  87  86
  86  86  86  87  87  86  86  86  86  86  88  90  91  92  88  85  86  85
  86  27]"
"[ 30  29 190 190 191 191 190 189 190 190 190 189 188 187 187 187 189 187
 186 186 186 184 182 181 179 179 179 179 177 174 170 168 166 163 159 156
 155 154 153 152 146 144 142 143 145 144 141 137 142 136 133 135 139 138
 135 132 131 130 127 124 122 121 119 118 117 120 122 118 116 117 116 119
 121 121 120 121 125 131 134 134 140 146 154 157 155 153 156 161 159 158
 158 157 157 157 155 153 154 154 154 154 153 153 153 154 154 154 155 155
 154 154 153 153 155 153 153 151 153 151 152 151 151 150 148 147 147 149
 151 151 147 147 145 142 139 137 136 134 131 130 128 127 127 126 124 123
 121 122 123 123 123 122 122 121 123 121 119 118 117 117 117 116 115 115
 114 113 113 112 110 109 108 107 105 104 103 102 101 100  98  97  95  95
  94  93  93  93  91  90  89  88  88  87  87  88  87  86  84  80  82  82
  85  30]"
"[ 30  29 191 190 192 192 192 192 192 193 194 193 191 191 192 193 192 190
 190 191 191 189 187 187 188 188 188 188 187 185 183 182 183 181 179 176
 175 174 173 173 170 166 163 164 164 160 155 151 148 147 146 144 142 140
 141 144 140 140 137 134 134 136 134 131 130 131 130 126 123 122 117 119
 119 121 121 118 118 120 119 117 115 116 118 119 120 123 128 133 146 151
 158 163 163 161 161 163 156 156 156 156 155 155 155 156 157 157 158 158
 159 159 159 158 156 157 158 156 157 155 155 153 154 154 153 153 154 153
 153 152 151 151 150 149 149 148 148 147 147 145 143 141 138 135 131 129
 132 130 127 123 120 122 126 129 126 126 126 125 125 124 124 123 121 119
 118 119 118 116 116 116 116 115 114 112 111 111 110 110 108 106 105 104
 103 101 100  99  98  96  95  94  93  90  89  89  89  87  85  81  81  81
  82  30]"
"[ 29  29 191 190 191 191 192 193 192 194 195 195 194 193 194 196 193 192
 192 194 193 191 190 190 191 190 189 188 188 188 188 187 187 187 187 187
 186 185 185 185 183 181 181 182 181 177 174 175 174 171 168 166 164 162
 161 161 153 152 149 146 146 145 142 139 138 138 137 135 136 136 132 133
 127 129 130 129 127 124 120 117 120 118 116 117 119 118 115 112 112 117
 125 131 133 133 137 141 151 152 154 156 157 158 159 160 159 159 160 160
 158 157 157 157 158 158 158 154 154 156 158 157 158 157 157 157 158 158
 158 158 155 155 154 154 154 154 154 153 154 153 152 151 150 148 146 144
 143 143 141 138 135 133 133 134 129 129 129 128 127 126 125 125 126 123
 122 124 125 124 123 125 121 120 119 118 117 116 116 115 115 114 113 112
 110 108 106 106 106 105 103 102 100  97  95  95  97  94  93  89  89  87
  84  29]"
"[ 29  28 191 189 190 190 190 191 191 192 193 194 194 194 194 194 193 193
 194 195 194 192 192 192 193 192 191 190 190 190 190 190 188 189 190 191
 190 189 188 187 187 187 188 189 187 184 184 187 186 184 182 183 183 181
 177 173 175 172 170 169 168 165 163 162 155 153 151 148 148 146 141 141
 142 138 136 138 139 137 132 130 129 127 124 122 122 123 123 123 123 119
 116 117 118 118 118 118 123 125 128 132 136 141 144 147 154 156 159 160
 160 160 161 162 158 160 160 159 157 159 158 157 157 156 157 158 159 157
 156 155 158 158 158 157 157 157 158 158 156 155 154 154 154 153 152 151
 149 151 153 153 152 149 146 144 142 141 138 135 133 131 130 130 128 125
 124 126 129 128 128 128 129 128 126 125 124 123 122 122 122 121 121 120
 118 116 115 115 114 112 110 109 108 106 105 104 104 100 100  98  98  98
  93  31]"
"[ 29  28 190 189 190 189 189 190 191 191 192 193 193 193 192 192 192 191
 192 193 193 191 191 191 192 192 191 191 191 191 190 189 189 190 192 193
 192 191 190 189 191 189 189 189 189 188 188 188 187 190 192 191 188 185
 186 187 188 186 186 188 188 186 185 186 182 179 176 172 170 167 160 160
 155 151 148 148 146 141 136 135 137 138 138 137 136 134 132 130 132 128
 124 123 122 120 117 115 121 120 118 116 114 113 114 114 117 119 122 125
 126 128 130 131 148 152 153 156 156 160 161 163 164 161 159 158 157 156
 156 158 157 158 158 157 157 158 158 159 158 157 156 155 155 154 153 152
 155 154 154 153 153 154 154 155 151 151 151 150 148 145 142 140 136 133
 131 131 132 131 129 128 131 131 130 129 128 128 128 129 127 126 126 126
 124 123 122 122 121 119 117 116 116 115 114 114 113 109 107 106 106 107
 104  30]"
"[ 30  29 190 190 191 190 190 190 191 191 192 192 192 192 192 192 192 191
 191 192 192 192 191 192 192 192 192 192 192 191 191 190 189 190 191 192
 192 192 192 191 190 189 189 190 191 192 193 193 193 192 191 189 189 190
 191 190 189 188 187 188 188 188 187 187 188 187 187 186 187 185 181 183
 180 180 181 180 176 170 166 166 163 159 152 147 144 144 141 138 137 139
 140 140 138 137 135 134 131 130 128 126 123 122 121 121 122 121 120 120
 120 120 119 118 114 115 113 115 116 124 131 138 142 146 154 161 161 157
 152 150 156 158 159 158 157 157 157 157 158 157 157 157 157 158 157 157
 156 156 157 157 158 157 157 157 153 154 156 158 157 155 152 149 149 148
 146 145 144 142 140 139 136 135 134 133 131 131 131 131 131 131 130 130
 129 128 128 129 127 125 124 124 124 124 123 123 123 121 117 117 114 116
 114  29]"
"[ 29  29 190 191 192 191 191 190 191 192 192 192 192 192 193 194 191 189
 189 191 191 191 191 192 192 191 190 190 190 190 191 191 190 189 189 190
 190 190 190 189 190 192 193 191 190 191 192 193 191 192 192 192 192 193
 192 191 190 190 189 188 190 192 191 188 189 189 190 190 191 189 186 188
 189 189 189 189 189 187 184 182 179 179 177 175 174 172 167 162 163 162
 158 152 148 145 142 138 137 137 137 136 135 132 131 130 131 128 125 124
 124 124 122 120 122 123 121 123 116 116 113 115 120 118 118 120 123 126
 132 138 147 151 154 156 157 158 159 159 160 160 159 159 159 158 157 157
 156 157 159 159 159 159 159 159 160 159 158 158 158 159 158 158 154 155
 155 154 153 153 153 152 152 150 148 144 141 138 137 137 135 135 135 134
 133 133 133 134 132 131 130 130 130 130 129 129 128 129 125 126 121 123
 123  29]"
"[ 30  28 192 193 192 191 191 189 191 191 192 192 192 192 192 193 192 192
 193 193 193 193 193 193 191 190 190 190 190 190 190 190 190 190 190 189
 189 190 190 190 191 190 190 190 191 191 192 193 193 192 191 192 193 193
 192 191 192 190 189 190 192 193 193 192 192 192 192 193 193 192 192 193
 192 191 190 189 190 190 190 189 189 188 186 186 186 184 182 181 182 181
 180 179 178 176 173 170 166 161 157 154 151 146 143 142 144 141 137 134
 133 132 131 132 131 130 128 126 125 124 123 123 122 121 122 123 123 121
 117 115 117 118 119 121 122 127 131 132 140 146 155 159 162 164 162 162
 157 160 161 158 157 158 160 160 160 160 160 159 161 161 160 161 162 160
 158 157 158 159 158 157 158 157 156 156 153 149 150 153 150 148 145 144
 143 142 140 139 137 135 132 131 132 132 131 129 129 130 130 132 128 129
 130  28]"
"[ 30  29 192 193 193 192 191 190 191 192 192 192 192 191 192 192 192 192
 192 192 192 192 192 192 191 191 190 190 190 190 190 190 191 191 191 191
 191 191 191 191 190 190 190 190 190 190 191 191 192 192 192 192 193 193
 193 192 191 190 189 190 192 193 193 193 192 192 192 193 193 193 193 193
 194 193 192 191 192 193 192 192 194 193 193 194 193 192 189 187 187 188
 189 190 190 188 185 182 182 179 178 178 177 175 174 175 166 162 158 153
 150 147 146 146 138 136 135 135 135 135 134 133 133 131 130 129 129 129
 128 127 126 124 124 123 121 122 121 117 114 117 122 122 123 129 133 138
 145 150 155 157 160 161 161 159 162 162 162 162 161 161 160 159 158 160
 161 162 162 161 160 158 160 159 158 158 157 155 156 157 154 153 153 155
 155 152 147 144 146 143 141 139 139 139 138 137 130 131 130 132 128 131
 132  29]"
"[ 30  29 192 194 193 193 193 192 193 193 194 194 193 193 193 193 193 193
 193 193 193 193 193 193 193 192 192 192 191 191 191 191 192 192 192 192
 192 192 191 191 190 190 190 191 191 190 189 189 190 190 190 191 191 191
 191 191 190 190 190 191 192 193 193 193 193 192 191 192 193 194 194 194
 194 193 192 192 193 194 194 193 193 193 193 193 193 192 190 189 190 190
 191 191 191 191 191 190 190 189 190 190 190 189 189 190 187 184 181 177
 175 173 172 172 171 167 163 159 156 153 149 147 145 142 139 137 136 136
 137 137 134 133 132 132 131 132 130 125 123 118 117 116 119 122 117 114
 115 116 118 121 128 136 141 143 146 146 151 155 156 159 162 161 163 164
 164 163 161 161 161 161 160 160 159 159 159 160 160 159 159 158 156 154
 154 154 156 158 154 152 149 147 147 146 145 143 145 145 142 142 138 138
 137  29]"
"[ 30  29 193 195 195 195 195 195 195 195 195 195 195 195 194 194 194 194
 194 194 194 194 194 194 194 194 193 193 192 192 192 192 193 193 193 192
 192 192 192 192 191 191 191 192 192 190 189 189 189 189 189 189 189 189
 190 190 190 190 191 192 192 192 192 193 193 191 191 192 193 194 194 194
 194 193 192 192 193 193 193 193 193 192 191 191 191 191 191 191 192 192
 191 190 191 192 193 193 192 192 192 192 191 189 188 189 190 189 188 188
 188 187 188 188 186 187 187 186 184 178 171 166 167 164 160 156 153 150
 148 146 139 138 137 137 138 140 139 135 135 133 134 131 130 128 123 121
 124 123 121 118 118 117 116 114 117 113 117 120 122 130 140 142 147 151
 158 162 164 164 163 162 162 163 162 160 159 160 159 156 157 158 159 159
 158 157 155 154 156 155 154 154 154 155 155 155 151 152 151 152 150 149
 146  30]"
"[ 28  29 194 196 195 195 196 196 195 195 195 195 195 195 194 194 195 195
 195 195 194 194 194 194 195 194 194 193 193 193 193 193 194 193 193 192
 192 192 192 192 192 192 193 193 193 191 190 190 191 191 191 191 190 190
 190 190 190 191 192 192 192 191 191 192 192 191 190 191 193 193 194 194
 194 193 193 192 193 193 192 192 193 193 192 192 192 192 193 193 190 192
 193 193 193 193 193 192 193 192 192 193 193 192 190 190 189 189 190 191
 191 191 191 192 193 192 189 186 186 187 190 192 190 189 186 183 181 179
 177 175 174 172 169 164 158 155 151 146 142 140 139 137 137 138 138 140
 131 131 130 128 127 125 124 122 124 119 120 119 114 115 118 115 112 113
 115 118 122 126 130 131 136 140 144 147 153 162 167 169 160 159 158 158
 159 159 157 155 158 157 157 157 157 157 157 156 158 159 158 158 157 155
 152  29]"
"[ 29  30 194 196 194 193 194 195 195 195 195 195 195 195 194 194 195 195
 195 195 195 195 195 195 195 195 194 194 194 194 194 194 194 194 193 192
 192 192 193 193 194 193 194 194 194 193 192 192 193 192 192 192 192 191
 191 191 191 192 193 192 192 191 191 192 192 191 190 191 192 192 193 193
 194 193 193 192 192 192 192 191 191 191 192 192 192 192 191 190 190 190
 191 191 191 192 192 192 191 191 191 192 192 192 191 190 191 191 193 194
 194 193 193 194 192 193 193 193 192 190 189 189 190 190 189 188 187 189
 189 188 185 185 185 183 180 179 177 173 174 169 166 161 158 154 146 143
 143 140 136 131 129 129 132 134 130 129 131 133 130 129 128 124 120 121
 122 122 121 119 116 113 115 117 118 118 121 127 133 135 144 151 157 160
 160 160 161 161 158 159 159 159 159 158 158 158 158 158 157 157 158 158
 157  30]"
"[ 29  30 194 194 191 190 193 195 196 195 195 195 196 196 195 195 196 196
 196 196 196 196 195 195 196 195 195 195 194 195 195 195 195 195 194 193
 193 193 193 194 194 194 194 194 194 193 193 194 193 193 192 192 192 192
 192 191 192 192 193 193 192 192 192 193 192 191 191 192 192 192 192 192
 193 193 192 192 192 191 191 191 192 192 193 194 194 193 192 191 192 191
 190 190 191 193 194 194 191 191 192 191 191 191 191 190 190 190 191 193
 193 192 193 193 195 195 194 193 192 192 192 192 193 194 193 190 189 190
 190 189 190 189 190 189 187 188 187 184 180 182 188 186 181 176 172 174
 170 168 164 160 156 153 151 151 146 143 139 136 133 132 131 129 139 137
 134 130 127 125 123 122 123 123 121 117 115 115 115 115 116 121 124 122
 122 125 132 136 150 152 155 158 160 162 163 164 163 163 161 159 160 158
 158  26]"
"[ 28  30 194 193 189 189 192 195 195 195 195 195 196 196 195 195 195 195
 195 195 195 195 195 195 195 195 194 194 194 195 195 195 195 195 195 195
 194 194 194 194 195 194 193 193 193 193 194 195 194 193 192 193 193 194
 193 192 192 192 193 193 192 192 193 194 192 192 192 192 192 191 191 192
 193 193 193 192 192 192 192 192 193 193 193 193 193 193 193 193 190 190
 191 191 193 194 193 191 189 191 192 191 189 189 190 190 190 190 191 192
 192 192 193 194 193 193 193 193 194 194 194 194 191 192 192 191 191 192
 193 191 191 189 189 188 188 191 192 190 190 187 187 185 186 187 187 190
 188 186 184 183 180 177 173 171 171 170 167 165 163 158 151 148 145 145
 145 143 140 138 136 134 134 135 135 134 132 130 128 126 123 122 121 119
 121 122 119 114 114 117 121 124 126 127 128 129 132 136 140 145 152 157
 160  29]"
"[ 29  30 194 195 194 194 194 194 195 195 195 195 195 195 195 195 195 195
 196 196 196 196 196 196 196 196 196 195 193 193 195 196 195 196 196 195
 195 194 195 195 194 194 195 195 195 195 195 195 195 194 194 194 194 194
 194 193 192 193 194 194 193 193 192 192 193 193 193 193 193 192 192 192
 191 193 194 193 192 192 193 194 193 193 193 193 193 192 192 191 192 192
 192 192 192 192 193 193 193 192 191 190 190 191 192 193 192 191 191 191
 192 192 192 192 193 192 191 192 192 192 191 190 191 191 191 191 191 191
 191 191 189 190 189 189 190 191 192 193 190 189 189 189 189 189 189 189
 189 188 187 188 189 188 187 186 188 187 187 185 183 180 176 173 171 169
 166 162 158 154 152 151 143 140 137 137 137 137 135 133 131 135 135 131
 129 131 131 128 128 126 124 123 121 118 116 116 117 118 116 120 123 126
 124  29]"
"[ 28  29 193 195 194 194 195 195 195 195 194 194 194 194 195 195 195 195
 195 195 195 195 195 194 195 195 195 195 194 194 195 196 195 196 196 195
 195 195 195 195 196 195 195 195 196 196 196 196 195 194 194 194 194 195
 194 194 194 194 195 194 194 194 194 194 194 194 194 194 194 193 193 193
 193 194 194 194 193 192 193 194 193 193 194 194 193 193 192 192 193 193
 193 193 193 193 193 194 193 193 192 191 191 192 193 193 191 191 190 190
 191 192 192 192 192 192 191 192 193 192 191 190 190 190 191 191 191 191
 191 190 190 191 191 190 190 191 191 191 190 189 189 189 190 190 190 190
 189 188 188 189 189 189 188 188 188 188 188 188 188 187 185 184 184 183
 181 179 177 176 175 174 172 169 165 162 158 153 149 146 144 145 143 139
 137 137 134 131 139 137 135 134 133 132 132 132 129 130 126 125 119 117
 119  27]"
"[ 28  29 194 195 195 195 196 195 195 195 195 194 194 195 195 195 195 195
 195 195 195 195 195 194 195 195 195 195 195 195 195 196 195 196 196 196
 195 195 195 195 196 195 195 195 195 196 196 195 195 194 194 194 194 195
 195 195 195 195 195 195 194 194 195 196 195 195 195 195 195 195 194 194
 194 195 195 194 193 193 193 193 194 194 194 194 194 193 193 193 193 193
 194 194 193 193 194 195 194 194 193 193 193 194 194 194 192 192 191 191
 191 192 192 193 193 193 192 192 192 191 190 188 190 190 191 191 191 190
 190 190 190 190 190 190 190 190 190 189 189 189 188 189 189 190 190 190
 189 188 189 189 190 189 189 190 191 190 189 189 189 189 188 187 186 186
 186 186 186 186 186 186 180 180 181 181 179 177 175 174 171 169 167 166
 165 163 160 157 145 142 139 138 138 137 137 136 139 136 133 138 137 134
 134  31]"
"[ 29  29 194 196 196 195 195 194 196 195 195 194 194 195 195 196 195 195
 195 195 195 195 195 195 195 195 195 195 195 195 196 196 195 195 196 196
 195 195 195 195 195 195 194 194 195 195 195 194 194 193 193 193 194 195
 195 195 195 195 195 194 194 195 195 196 195 195 195 195 195 195 195 195
 195 195 195 195 194 194 194 194 194 195 195 195 195 194 194 194 193 194
 194 194 194 194 195 195 194 194 194 194 194 195 195 195 194 193 192 192
 192 193 193 193 194 193 193 193 192 192 190 189 191 191 191 190 190 190
 189 189 189 190 190 189 190 190 191 190 189 188 188 188 188 189 189 189
 189 189 189 189 189 189 190 191 192 190 189 188 189 188 187 186 186 186
 187 187 187 187 187 187 186 187 188 188 186 183 181 181 181 179 178 179
 179 178 175 174 178 175 172 170 167 163 158 155 146 144 140 141 136 134
 137  26]"
"[ 28  29 193 195 195 195 195 194 195 195 194 194 194 194 195 195 194 194
 194 194 195 194 194 194 194 195 195 195 196 196 196 196 195 195 195 196
 195 195 194 194 195 194 194 194 195 195 194 193 192 192 192 193 194 194
 194 194 194 195 195 195 195 195 195 195 194 194 195 195 195 195 195 195
 195 195 195 195 195 195 195 195 195 195 195 195 195 195 195 194 194 194
 195 195 195 195 195 195 194 194 195 195 195 195 195 195 195 194 193 192
 192 193 193 193 193 193 192 193 193 194 194 194 193 192 191 191 190 190
 190 190 191 191 191 190 190 191 192 192 189 189 188 188 188 188 188 188
 189 189 189 189 188 188 189 190 191 190 189 189 189 190 189 188 188 189
 189 189 189 188 188 187 186 186 187 189 189 189 188 188 188 186 186 188
 187 186 184 184 182 181 181 183 184 182 180 178 176 176 170 169 164 162
 159  29]"
"[ 29  29 193 195 195 196 196 195 195 195 194 194 194 194 195 195 195 195
 195 195 195 194 194 194 195 195 195 195 195 195 196 196 195 195 195 195
 195 195 194 193 193 193 194 194 194 193 193 193 192 192 192 193 194 194
 194 193 194 195 195 195 195 194 194 194 193 193 194 195 195 195 195 195
 195 195 195 195 195 195 195 195 195 195 195 195 195 195 195 195 195 195
 195 195 195 195 195 195 195 195 195 195 195 195 195 195 196 195 194 194
 194 194 194 194 195 194 194 194 194 194 194 194 193 193 192 192 192 192
 192 192 192 192 192 191 191 192 192 192 190 190 189 189 189 189 189 189
 189 189 189 189 189 188 188 189 190 189 189 189 189 189 189 189 189 189
 189 189 189 188 188 188 190 189 188 189 190 189 188 188 189 189 189 190
 189 188 187 188 191 189 188 188 189 188 186 185 185 186 183 187 188 187
 178  27]"
"[ 29  29 193 194 195 196 196 195 195 195 195 195 195 195 195 195 196 196
 196 196 195 195 195 194 195 195 195 195 194 194 195 196 195 195 195 195
 195 195 193 192 192 193 193 193 192 192 192 193 193 193 192 193 194 194
 194 194 194 194 195 195 194 194 193 193 192 193 194 194 195 195 195 195
 195 195 195 195 195 195 195 195 195 195 195 195 195 195 195 195 196 195
 195 195 196 196 196 195 195 195 195 195 195 195 195 195 196 196 195 195
 196 196 196 195 197 196 196 195 194 194 194 194 194 194 194 194 194 194
 193 193 192 193 192 191 191 192 192 191 191 190 189 189 189 189 189 189
 190 189 189 190 189 189 189 190 189 189 189 189 188 188 188 189 189 189
 189 189 189 189 189 189 187 187 187 188 189 190 190 191 189 189 189 189
 189 189 189 189 189 188 188 188 189 189 189 189 188 192 191 191 188 189
 186  34]"
"[ 29  28 191 193 193 194 194 193 194 194 194 194 194 194 194 194 195 195
 195 195 195 195 195 195 195 195 195 195 194 194 195 196 196 195 195 195
 195 195 193 192 193 194 194 194 192 192 193 195 194 194 193 193 194 194
 195 195 193 194 194 194 193 193 192 192 192 192 193 194 195 195 195 195
 195 195 195 195 195 194 195 195 195 195 195 195 195 195 195 195 196 195
 195 195 197 197 196 195 196 196 195 195 195 195 196 196 195 195 195 195
 196 196 196 196 195 195 195 195 195 195 196 196 195 195 196 196 195 195
 193 193 193 193 193 193 193 193 192 191 190 189 189 188 189 189 190 190
 190 189 190 190 190 190 190 190 189 189 189 189 188 189 190 191 190 189
 189 189 188 188 188 188 189 189 189 189 189 188 189 190 191 191 190 189
 189 190 189 188 189 189 189 190 191 190 190 190 190 192 189 191 190 190
 186  29]"
"[ 29  29 191 193 194 194 193 193 193 194 195 195 194 194 194 194 195 195
 195 195 195 195 195 195 196 195 195 195 194 194 194 194 195 195 195 196
 195 194 193 193 193 193 193 192 192 192 192 193 193 193 193 193 194 193
 193 192 193 194 194 194 193 192 192 192 192 192 192 193 194 195 196 195
 195 195 196 196 195 195 195 195 194 194 195 195 195 195 195 194 194 195
 195 195 195 194 195 195 195 196 196 196 195 194 195 195 195 195 195 195
 195 196 196 196 195 195 195 195 194 194 195 195 195 195 195 195 195 196
 196 196 193 193 193 193 193 193 192 192 190 190 190 190 190 190 190 190
 191 191 191 192 191 190 189 188 188 189 189 189 189 189 189 189 191 190
 190 189 189 189 189 189 189 189 189 190 190 190 190 189 191 190 189 189
 189 189 189 189 189 188 188 190 191 191 192 193 192 192 192 192 189 190
 187  29]"
"[ 30  30 192 193 194 194 194 194 192 193 194 194 194 194 194 194 194 195
 195 195 195 196 196 196 196 196 195 195 195 195 194 194 195 195 195 195
 195 194 193 193 193 193 193 192 192 192 192 193 193 193 193 193 194 194
 193 193 193 193 194 193 192 192 192 192 193 193 193 193 194 194 194 194
 194 194 195 195 194 194 194 195 195 195 195 195 195 195 195 195 195 195
 195 195 195 195 195 195 195 195 195 195 195 195 195 196 195 195 195 195
 195 196 196 196 195 196 196 196 195 195 195 196 196 196 196 195 195 196
 196 196 194 194 194 194 194 194 193 193 193 193 193 193 193 192 192 192
 193 193 193 193 193 192 190 190 189 190 190 191 191 191 190 190 189 190
 190 190 190 190 189 189 190 190 190 191 192 192 192 191 191 190 189 189
 188 188 189 189 189 188 188 190 190 191 191 191 192 191 191 191 189 191
 188  29]"
"[ 28  28 189 190 192 192 191 192 191 192 193 193 193 193 194 194 194 194
 194 194 195 195 195 195 195 195 195 194 194 194 194 194 194 194 195 195
 195 194 193 193 193 193 193 192 192 192 193 193 194 193 193 193 193 193
 193 193 192 193 193 193 192 191 192 193 193 193 193 193 194 194 194 193
 193 194 194 194 194 194 194 194 194 194 194 194 194 195 195 195 195 194
 194 194 194 195 195 195 194 194 194 194 194 194 195 195 195 195 195 195
 195 195 195 195 195 195 195 195 195 195 195 195 195 195 196 196 196 196
 196 196 195 195 195 194 194 194 194 194 194 194 194 194 194 194 193 193
 195 195 195 195 194 193 192 191 191 192 192 193 193 193 192 192 190 191
 192 192 192 192 191 190 192 191 191 192 193 193 193 193 191 191 190 189
 189 189 189 189 188 188 188 190 190 190 190 190 192 190 190 190 189 191
 188  29]"
"[ 29  29 191 191 193 193 192 192 192 192 193 193 193 193 193 194 194 194
 194 194 194 194 194 194 195 195 194 194 193 193 193 193 194 194 194 194
 194 194 193 193 193 193 193 193 192 192 193 193 193 193 193 193 193 193
 192 192 191 192 192 192 191 191 192 193 192 192 192 193 194 194 194 194
 193 194 194 194 193 193 193 194 194 194 193 193 194 194 195 195 193 193
 192 192 193 194 194 194 194 194 194 194 193 194 194 194 195 195 195 195
 195 195 195 195 194 194 194 194 194 194 194 194 194 194 195 195 195 195
 195 196 195 194 194 194 193 194 194 194 194 194 194 194 194 194 194 194
 195 195 195 195 194 194 193 193 193 193 194 194 194 194 194 193 193 193
 194 194 194 193 192 191 193 193 192 192 193 193 193 192 192 192 192 191
 191 190 191 191 188 188 189 190 191 190 189 189 190 190 190 190 189 191
 188  29]"
"[ 29  29 191 192 193 193 192 192 192 193 193 193 193 193 193 194 194 194
 194 194 194 194 194 194 196 196 195 194 193 193 193 192 193 193 193 193
 193 193 193 193 194 194 193 193 193 192 192 192 193 193 192 192 192 192
 191 191 190 191 191 191 190 190 191 192 191 191 191 192 193 194 194 194
 194 194 194 193 193 192 192 193 194 194 193 193 194 194 195 195 194 193
 192 192 193 194 194 194 195 194 194 193 193 194 194 194 194 194 194 195
 194 194 194 194 193 193 193 194 194 194 194 194 193 194 194 194 193 194
 194 195 194 194 194 193 193 193 193 194 193 193 194 194 194 194 195 195
 195 195 195 194 194 194 194 194 194 194 194 194 194 194 195 195 194 195
 195 195 195 194 193 193 194 193 193 193 193 193 193 193 194 194 194 193
 193 193 193 193 190 190 190 191 191 190 188 188 189 190 191 191 189 190
 188  30]"
"[ 28  28 190 191 192 192 191 191 192 193 193 193 193 193 194 194 193 193
 193 194 194 194 194 194 195 195 194 194 193 193 192 192 193 193 193 193
 193 193 193 193 195 194 194 193 193 192 192 192 193 192 191 191 191 191
 190 190 189 189 190 189 189 189 190 190 190 190 191 192 192 193 193 192
 194 194 194 193 193 193 193 193 193 193 193 193 193 193 194 194 194 194
 193 192 192 192 192 192 193 193 192 192 192 193 194 194 194 194 194 194
 194 194 194 194 192 192 192 193 194 194 194 193 194 194 193 193 192 191
 192 193 194 194 194 193 193 193 193 194 192 192 193 194 194 194 194 194
 194 194 194 194 194 194 194 194 194 194 194 194 194 194 195 195 195 195
 195 195 195 195 195 195 194 193 193 193 194 194 195 195 195 195 195 194
 194 194 194 194 193 193 193 193 193 191 189 188 189 190 192 192 190 191
 188  30]"
"[ 30  30 191 192 194 194 193 193 193 193 193 193 193 193 193 194 193 193
 193 193 194 194 194 194 194 194 193 193 193 193 193 193 194 194 193 193
 193 193 194 194 195 194 193 193 193 193 192 191 193 192 191 190 190 190
 189 189 189 189 188 189 189 189 188 188 189 189 190 191 191 192 191 191
 192 192 192 192 192 192 193 193 192 192 192 192 193 193 192 192 193 193
 193 193 192 192 192 192 193 192 191 191 191 192 193 193 193 194 194 194
 194 194 194 193 191 191 192 192 193 194 194 193 194 194 193 192 190 190
 191 193 193 193 193 193 193 193 193 193 191 192 192 193 193 194 194 194
 194 194 193 193 193 193 193 193 193 193 193 193 194 194 194 194 195 195
 195 195 195 195 195 195 194 193 193 193 194 195 195 195 195 195 195 195
 195 194 194 194 195 194 194 195 194 193 191 190 191 192 193 194 192 193
 189  29]"
"[ 29  29 190 190 192 192 192 192 193 194 193 193 192 192 192 193 194 194
 194 194 194 194 194 194 193 193 193 193 194 194 194 194 194 194 194 193
 193 193 194 194 194 193 193 192 193 193 192 192 193 192 191 190 190 189
 189 188 189 188 188 188 188 188 187 186 188 188 189 190 191 191 191 190
 189 189 190 190 190 190 191 192 192 192 193 193 193 193 193 192 193 193
 194 194 194 194 194 194 195 194 192 192 192 193 193 193 193 193 194 194
 194 194 194 193 192 192 192 193 194 195 195 194 194 194 193 191 190 190
 192 193 192 192 193 193 193 193 192 192 192 192 193 193 194 194 193 193
 193 193 192 192 191 192 192 192 192 192 193 193 194 194 194 194 194 194
 194 194 194 194 194 194 194 194 193 193 194 194 195 195 195 195 194 194
 194 194 194 194 195 195 195 196 196 195 193 193 193 193 194 195 194 194
 189  29]"
"[ 28  30 188 192 192 193 193 193 193 194 194 192 190 190 191 193 192 193
 193 192 192 192 192 193 192 192 193 193 193 194 194 194 193 193 192 192
 193 193 193 193 193 193 192 192 192 193 192 191 190 190 190 189 188 188
 188 188 188 187 187 187 187 187 187 188 189 189 190 191 191 191 190 189
 190 190 190 190 190 190 190 191 192 193 194 194 193 193 192 192 193 195
 195 194 194 194 194 194 195 194 193 192 192 191 191 191 192 192 192 192
 194 195 194 191 191 189 192 194 192 193 195 192 193 190 190 190 189 189
 190 190 191 195 194 189 195 193 192 194 193 190 194 195 192 193 193 194
 193 193 193 193 192 192 192 191 193 193 194 195 195 195 194 194 194 194
 195 195 195 194 194 194 194 193 193 193 194 195 195 195 195 195 194 194
 194 194 195 195 193 194 195 195 194 194 195 195 195 195 195 195 195 195
 192  29]"
"[ 28  30 188 191 191 192 192 192 193 194 193 192 190 189 191 192 192 193
 193 193 192 192 192 192 192 193 193 193 193 194 193 193 193 192 191 191
 192 192 193 193 192 191 191 191 192 192 192 191 190 190 190 189 188 188
 188 188 188 187 187 187 187 187 187 188 188 189 190 191 191 191 190 189
 190 190 190 190 190 190 191 192 193 194 194 194 194 193 193 193 194 194
 194 194 194 194 194 193 192 192 192 192 193 193 193 193 191 192 192 192
 192 193 193 193 189 191 190 188 191 195 194 191 191 191 193 195 193 192
 194 195 195 193 194 195 195 195 191 192 194 195 191 191 195 196 195 190
 193 193 193 193 192 192 192 192 192 193 193 194 194 194 194 193 194 194
 194 194 194 193 193 193 193 193 192 193 193 194 194 194 194 194 193 193
 193 193 193 193 193 194 195 195 195 196 196 196 195 194 195 195 195 195
 193  29]"
"[ 29  30 188 190 189 190 191 191 192 192 192 191 190 190 191 191 192 192
 193 193 192 192 191 192 192 193 194 193 193 193 192 191 193 192 191 191
 191 192 192 192 191 191 190 190 191 191 191 191 189 189 189 189 188 188
 187 188 187 187 187 187 187 187 188 188 188 189 191 192 192 191 191 190
 190 190 191 191 190 190 191 192 193 193 194 194 193 193 193 193 195 194
 194 194 195 195 194 193 194 194 194 193 191 189 188 188 190 192 193 193
 193 193 193 193 190 192 190 190 193 190 187 191 194 195 195 190 183 182
 184 184 196 191 196 201 191 193 194 197 190 195 192 194 196 191 191 192
 193 193 193 193 193 193 193 193 192 192 193 193 194 194 193 193 194 194
 195 195 194 194 193 193 193 192 192 192 193 193 193 193 193 193 192 192
 192 192 191 190 192 192 192 193 194 195 195 195 195 194 195 194 195 194
 193  29]"
"[ 29  30 187 189 188 189 190 190 190 190 190 190 190 191 191 191 191 192
 192 192 192 191 191 191 192 193 193 193 193 193 192 192 193 192 191 191
 191 192 192 191 192 191 191 190 190 190 190 190 188 189 189 189 188 188
 187 187 187 186 186 187 187 187 188 189 189 190 192 193 192 192 191 191
 191 192 192 192 190 189 190 192 193 193 193 193 193 193 194 194 196 194
 194 194 195 195 193 192 190 192 192 189 186 188 193 198 195 194 194 195
 194 192 189 188 189 190 188 188 189 187 189 196 195 187 167 137 111 102
 104 105 113 136 160 182 196 204 199 191 197 194 192 192 193 192 192 193
 194 194 194 194 194 193 193 193 192 193 193 194 194 194 194 194 194 194
 195 195 195 195 195 194 193 192 192 192 193 193 192 192 193 192 192 192
 192 192 190 189 191 190 189 189 191 193 194 194 194 194 194 194 194 194
 193  29]"
"[ 29  30 187 188 187 188 189 189 189 189 189 190 190 191 191 191 192 192
 193 193 192 192 191 191 192 193 193 192 192 193 193 192 193 193 193 193
 193 192 191 191 193 193 192 190 190 189 190 190 189 189 190 190 189 188
 188 188 187 187 187 187 188 188 188 189 189 190 192 192 192 192 191 191
 191 192 192 192 191 190 191 193 193 193 193 194 194 194 195 196 195 194
 193 194 194 193 191 191 190 190 192 196 197 191 179 169 165 171 183 193
 196 194 192 192 190 191 189 186 189 197 197 186 168 128  79  48  38  38
  38  35  37  48  46  75 139 176 194 198 189 187 193 192 190 194 192 190
 193 193 193 193 193 193 193 193 193 193 193 194 194 194 194 194 194 194
 195 195 195 195 194 194 193 192 192 193 193 193 192 192 192 192 191 192
 193 193 191 190 191 190 188 187 189 192 194 195 194 193 194 194 194 194
 193  29]"
"[ 29  30 187 188 187 188 188 188 189 189 189 190 190 190 190 190 192 193
 193 193 193 193 193 193 193 193 193 192 192 193 193 193 193 193 193 193
 193 193 191 190 193 193 192 191 190 190 190 191 191 191 191 191 190 189
 189 189 188 188 188 188 188 188 189 190 189 190 191 191 191 190 190 190
 190 190 191 191 191 190 192 193 192 192 193 193 194 194 195 196 194 193
 192 192 192 190 190 190 193 196 196 187 164 133 102  83  72  74  89 122
 159 183 193 196 194 192 193 194 193 189 168 139  92  66  45  42  42  39
  38  40  38  39  40  38  49  97 170 194 196 190 192 193 190 190 189 190
 190 190 191 191 192 192 192 192 192 193 193 193 193 193 193 193 195 195
 195 196 195 194 193 193 193 193 193 193 193 193 192 192 190 191 191 192
 193 194 193 193 192 191 188 187 189 192 195 195 194 193 194 193 194 194
 192  29]"
"[ 29  29 187 188 186 187 187 188 188 189 190 190 190 190 190 190 192 193
 193 193 193 193 193 193 193 193 193 192 192 193 193 192 193 193 193 193
 193 193 192 191 192 191 191 190 189 190 191 192 193 193 192 191 190 190
 190 190 189 189 188 189 189 189 189 190 190 190 189 189 189 189 189 189
 189 189 189 190 190 190 191 193 191 192 193 193 193 193 194 194 193 192
 191 190 189 188 189 192 196 190 170 132  89  57  45  44  41  35  32  40
  60  93 134 165 181 181 180 176 163 139 106  81  56  45  39  41  42  40
  40  41  40  42  40  39  38  38  83 152 193 200 191 189 192 189 191 189
 189 189 190 191 192 192 192 192 192 192 192 193 193 193 193 193 194 194
 195 195 195 194 192 192 192 192 193 193 193 193 192 191 190 190 191 192
 193 194 194 194 193 191 189 188 189 192 194 195 195 194 194 193 194 194
 192  29]"
"[ 29  29 187 188 186 187 187 187 188 188 190 190 190 190 190 190 192 192
 192 192 192 192 192 193 193 193 194 193 193 193 192 192 192 192 192 192
 193 193 193 192 190 190 189 189 189 190 192 194 194 193 192 191 190 190
 190 190 190 189 189 189 190 189 190 190 191 190 189 189 189 189 189 189
 188 188 188 189 189 189 190 191 192 193 193 193 193 193 193 193 193 192
 190 190 188 187 190 195 180 146  96  57  39  38  42  45  43  40  39  36
  31  30  39  51  64  78  82  76  71  63  52  48  42  44  45  42  39  40
  40  36  39  38  40  41  41  37  32  61 130 188 199 194 192 187 195 188
 189 190 191 191 192 192 192 192 192 192 193 193 193 193 193 192 192 192
 193 194 193 192 191 191 192 192 192 193 193 193 192 191 190 191 191 192
 193 193 194 194 193 192 191 189 190 193 195 195 195 194 194 193 194 194
 192  29]"
"[ 29  29 186 188 187 187 187 187 187 188 189 189 189 189 190 190 191 192
 193 193 192 192 193 194 195 195 194 194 193 193 193 192 191 191 192 192
 192 194 194 191 189 189 188 189 190 191 192 192 193 193 192 191 190 190
 190 190 189 189 190 190 190 190 190 190 190 190 189 188 188 188 188 188
 188 187 187 187 188 189 190 191 192 192 192 192 191 192 192 193 192 191
 188 187 187 189 191 182 142  84  49  40  40  42  38  38  40  40  39  37
  34  31  29  28  31  32  35  37  38  39  39  39  44  44  42  40  39  39
  39  40  40  40  39  38  39  39  37  34  59 129 194 199 195 188 192 191
 192 193 193 191 191 192 192 192 192 192 193 193 193 192 192 193 192 193
 192 192 190 190 190 190 191 191 192 192 192 192 193 193 193 194 194 194
 193 192 193 194 194 193 192 192 192 193 194 195 195 194 195 195 196 195
 193  29]"
"[ 29  29 186 188 187 187 187 187 187 187 188 189 190 190 190 190 190 191
 192 192 192 192 192 193 193 193 193 192 192 192 191 191 190 190 191 191
 191 192 192 190 189 189 189 190 191 192 193 193 192 192 192 191 190 190
 190 190 190 190 190 190 190 190 191 191 189 189 188 188 187 187 187 187
 187 187 187 188 188 188 190 191 193 193 193 192 192 192 192 193 192 190
 189 188 186 188 191 155  86  56  43  40  38  39  38  41  40  39  37  34
  32  31  32  32  33  34  36  38  38  38  39  39  42  42  41  40  39  39
  40  41  40  40  39  38  37  36  36  35  32  61 135 193 200 190 190 191
 192 193 193 192 192 193 193 191 192 193 193 194 193 193 193 193 193 192
 192 191 190 189 190 190 190 190 191 191 191 192 193 194 194 194 194 193
 192 192 193 194 195 194 193 193 193 193 194 194 195 194 195 195 195 195
 193  29]"
"[ 29  29 186 188 187 187 187 187 187 188 189 190 190 190 190 190 189 191
 192 193 192 192 193 193 194 194 193 193 193 193 192 192 191 191 192 192
 191 192 192 189 189 189 189 190 191 192 192 192 191 192 192 191 190 190
 190 190 191 190 190 189 189 190 190 190 189 189 189 188 187 187 187 187
 187 187 188 188 187 187 190 192 192 193 193 193 192 192 192 192 193 189
 188 188 185 187 177 104  59  47  45  42  39  40  37  39  40  39  37  34
  32  32  33  34  33  34  36  37  37  37  37  37  40  40  40  40  39  40
  41  41  39  40  39  36  34  34  36  36  38  31  63 131 196 194 193 188
 193 193 193 193 194 194 193 191 192 193 194 194 194 193 193 193 192 192
 191 190 190 189 190 190 188 189 190 190 191 192 193 194 194 194 193 193
 192 193 193 194 195 195 194 194 194 193 193 193 194 194 195 194 195 195
 193  29]"
"[ 29  29 186 188 187 187 187 187 188 188 189 190 191 191 190 189 189 191
 192 193 193 193 193 194 194 194 194 194 194 194 193 193 193 192 193 193
 192 192 192 190 189 189 189 189 190 190 190 190 190 191 191 191 191 191
 191 191 191 191 190 189 189 189 190 190 190 190 190 189 189 188 188 188
 188 187 187 187 187 188 190 192 192 192 193 193 192 191 191 191 191 188
 188 188 188 192 161  73  53  48  44  39  38  40  37  39  40  39  38  36
  33  32  31  32  31  32  34  34  35  35  35  36  39  39  40  40  40  40
  40  40  38  38  38  36  34  35  36  37  37  39  39  70 159 195 198 192
 192 193 194 194 195 194 193 192 192 193 194 194 194 194 193 193 192 192
 191 191 190 190 190 190 188 189 189 190 191 192 193 194 194 194 193 193
 193 193 193 193 194 194 194 194 194 193 193 193 194 193 194 194 195 195
 193  29]"
"[ 29  29 186 188 187 187 187 187 187 187 188 189 190 190 190 189 189 190
 191 192 192 193 193 193 193 193 193 193 193 193 193 192 193 191 192 193
 192 192 191 190 189 189 189 189 190 190 190 190 189 190 190 191 192 192
 192 192 192 192 191 190 189 190 190 191 191 191 190 190 190 189 189 189
 189 188 187 187 188 189 190 191 191 191 192 192 192 191 190 190 190 190
 188 186 186 187 133  60  47  47  45  40  38  37  37  40  40  40  39  37
  34  32  31  31  32  32  33  34  34  34  35  35  38  39  40  40  40  39
  39  39  38  38  37  36  36  36  37  36  34  40  44  47  92 175 199 197
 192 193 194 195 195 194 194 194 192 193 193 194 194 194 193 193 191 191
 191 191 191 191 190 190 189 189 190 191 191 192 193 193 193 193 193 194
 194 193 193 193 192 193 193 193 193 193 193 193 194 193 194 194 195 194
 192  29]"
"[ 29  29 186 188 187 187 187 187 186 186 186 187 188 189 189 189 190 190
 191 191 192 192 193 193 193 193 193 194 194 193 193 193 192 190 191 193
 192 191 191 190 189 189 188 189 189 190 190 190 189 189 190 191 192 193
 193 192 192 192 191 190 189 190 190 190 190 190 190 190 190 190 190 190
 190 188 187 188 189 189 190 191 191 191 192 191 190 190 189 189 189 188
 185 185 188 173  97  48  50  50  46  41  39  37  37  40  40  40  40  37
  34  32  32  32  33  33  33  33  33  33  34  34  37  38  39  39  39  39
  39  39  38  38  37  37  37  37  37  35  39  37  38  40  48 118 187 200
 194 194 194 195 194 194 194 194 193 193 193 193 193 193 193 193 191 191
 192 192 192 192 191 190 191 190 190 191 192 193 193 193 193 193 194 194
 194 193 193 193 192 192 192 193 193 193 193 193 194 193 194 194 195 194
 192  29]"
"[ 29  29 186 187 186 187 187 187 186 186 187 187 187 188 189 189 190 190
 190 190 191 192 192 193 193 194 194 194 194 193 193 193 191 189 191 193
 192 192 192 191 190 189 189 189 189 190 190 190 190 190 190 191 192 192
 192 191 192 191 191 190 190 189 190 190 190 190 190 190 190 190 190 190
 190 189 189 189 189 189 190 191 192 192 192 191 189 188 188 188 187 185
 185 187 189 151  72  50  50  47  41  38  38  39  40  39  39  40  40  38
  35  33  33  33  34  34  33  33  32  32  33  33  36  36  37  38  37  37
  38  38  37  38  38  38  38  38  37  36  32  35  37  41  41  62 144 197
 197 195 194 194 194 194 193 193 193 193 192 192 193 193 193 193 192 192
 192 192 193 193 192 191 191 191 191 191 192 193 193 193 192 193 194 194
 193 193 193 193 192 192 192 193 193 193 194 194 194 193 194 194 194 194
 192  29]"
"[ 28  29 186 187 186 187 187 186 188 188 188 188 187 187 188 189 189 189
 189 189 189 190 191 191 192 192 192 192 192 192 191 191 190 188 190 192
 192 192 192 192 192 191 190 190 190 191 191 191 190 190 190 191 192 192
 191 190 192 192 191 191 190 190 190 190 190 190 190 190 191 191 191 191
 190 190 190 190 189 189 190 192 193 192 192 190 189 188 187 187 186 187
 188 186 178 121  54  56  48  47  43  40  38  39  41  38  38  39  40  39
  36  34  33  33  34  34  33  33  32  32  33  33  35  36  36  37  36  36
  36  36  36  37  38  38  38  38  38  37  37  36  40  40  39  45  93 182
 200 196 193 193 195 194 193 192 194 193 192 192 193 193 193 193 192 192
 192 192 193 193 193 192 191 191 191 191 192 193 193 193 192 193 194 194
 193 193 193 194 193 193 193 193 193 194 194 194 195 194 194 194 194 194
 192  29]"
"[ 28  30 184 185 186 185 185 184 186 186 187 187 187 187 188 189 189 189
 189 188 188 189 190 191 192 192 192 193 192 192 190 190 189 190 190 191
 192 192 192 192 192 191 190 189 190 191 190 190 190 191 191 192 192 192
 192 192 192 193 192 191 190 190 190 190 190 190 190 190 191 191 190 190
 190 190 190 189 188 189 190 192 191 193 192 192 191 186 185 190 186 187
 189 184 137  73  48  53  48  46  43  41  40  40  39  39  41  40  40  40
  37  34  32  33  32  32  33  34  34  33  34  37  37  35  35  37  37  36
  35  36  36  37  37  37  37  38  38  38  36  37  43  38  43  41  60 137
 196 197 194 192 193 193 195 192 194 193 192 192 193 193 193 192 192 192
 192 193 193 193 193 193 192 192 192 193 193 193 193 193 193 193 194 193
 193 194 193 193 193 193 192 192 193 194 194 194 193 194 194 194 195 194
 192  29]"
"[ 28  29 182 184 184 183 184 183 185 186 187 187 188 188 188 189 188 188
 188 188 188 189 190 191 191 191 191 191 190 189 189 189 189 189 190 190
 190 191 192 192 193 192 190 189 190 190 190 190 190 190 190 191 192 192
 192 191 192 192 192 191 190 190 190 190 191 190 189 189 189 190 190 189
 190 190 190 189 189 189 191 192 192 192 189 187 189 190 188 186 188 191
 187 153  95  59  53  49  48  46  43  41  40  39  39  39  40  40  40  39
  37  34  32  32  31  31  32  33  33  33  34  36  37  35  35  36  36  35
  35  37  37  37  37  37  38  39  39  38  39  39  42  39  43  37  42  90
 180 200 193 194 194 193 193 192 192 192 192 192 193 193 193 192 192 192
 192 193 193 193 193 193 192 192 192 192 192 192 192 192 191 192 192 192
 193 194 194 193 194 193 193 193 194 194 193 193 193 194 195 194 195 195
 192  29]"
"[ 29  30 182 182 182 182 183 183 184 185 186 187 188 188 188 188 187 187
 187 188 189 189 189 189 190 190 190 189 188 188 188 189 190 189 189 189
 189 190 191 192 193 192 191 189 189 189 190 190 190 189 189 190 191 191
 191 191 192 192 192 191 191 191 191 190 190 189 188 187 189 190 190 190
 190 190 190 190 190 190 191 191 189 188 191 193 190 187 186 186 193 186
 156 103  62  53  53  51  47  46  43  41  39  38  39  39  39  40  39  38
  37  36  34  32  32  31  32  33  33  33  33  34  37  35  35  35  35  34
  35  37  37  37  37  37  38  39  39  38  38  37  38  38  43  42  43  63
 151 201 192 194 194 192 192 192 192 192 193 193 193 192 192 192 192 192
 192 193 193 193 193 193 192 192 192 192 192 191 191 191 189 190 191 192
 192 193 193 192 193 193 194 194 193 193 192 192 193 194 194 193 195 194
 191  29]"
"[ 30  30 182 182 182 182 183 183 183 184 185 186 187 187 187 187 187 187
 187 188 189 189 188 188 189 189 189 189 188 188 189 190 190 190 189 189
 189 190 191 191 192 191 191 190 189 189 190 190 190 190 190 190 191 191
 191 191 192 192 192 192 192 192 191 190 189 188 187 187 189 191 191 191
 190 190 190 190 190 190 190 190 191 188 189 189 185 187 192 194 181 143
  97  60  50  52  48  50  45  45  43  41  39  38  39  40  39  40  39  37
  37  38  37  34  32  32  32  32  33  33  33  33  36  36  35  35  35  34
  36  37  36  36  36  37  39  40  40  39  38  37  35  37  39  42  47  52
 117 195 192 193 193 192 192 193 192 192 192 192 192 192 192 192 192 193
 193 193 193 193 193 193 192 192 192 192 191 191 191 190 190 191 192 192
 192 192 191 190 192 193 193 193 192 192 192 192 192 193 193 193 194 193
 191  28]"
"[ 29  30 182 183 183 183 184 184 183 183 184 185 186 187 187 187 187 187
 187 188 189 189 188 187 187 188 189 189 189 189 190 191 190 189 189 189
 189 190 190 190 190 190 191 190 189 189 190 190 190 191 192 191 190 190
 191 191 192 192 192 192 192 193 191 190 188 188 187 188 190 191 191 191
 191 191 191 191 191 191 190 190 192 190 188 186 190 197 188 169 133  84
  53  46  46  49  47  45  43  43  42  40  38  38  39  40  39  39  37  36
  36  38  37  35  32  32  31  31  33  34  34  34  36  36  36  36  36  35
  35  36  34  34  35  36  39  40  40  39  39  38  37  40  39  40  46  43
  88 181 195 193 191 192 193 193 193 192 191 191 191 191 191 190 193 193
 193 193 194 194 194 194 193 193 192 192 192 191 191 191 191 192 192 192
 192 192 191 190 192 192 193 192 191 190 191 192 192 193 193 193 194 193
 191  28]"
"[ 28  29 182 183 183 183 184 183 184 184 184 185 186 187 187 187 186 187
 187 188 189 189 188 188 186 187 188 189 189 189 190 190 189 189 189 189
 189 189 189 189 189 190 190 190 190 190 190 190 190 191 192 191 190 190
 190 191 191 192 193 192 192 192 191 189 188 188 188 189 190 190 190 190
 192 192 192 192 191 190 190 189 188 189 189 191 191 181 150 117  69  49
  42  45  45  43  43  44  41  42  42  40  39  38  39  39  38  37  36  35
  35  36  36  35  33  32  32  32  33  36  37  37  36  36  37  37  36  36
  35  35  33  34  35  36  38  40  41  40  40  38  37  40  40  41  47  42
  66 157 195 192 189 192 192 192 193 192 190 189 190 190 190 189 193 193
 193 193 194 194 194 194 193 193 193 193 192 192 192 191 192 193 193 192
 192 192 192 191 192 193 193 192 190 189 190 190 192 193 194 193 195 194
 192  29]"
"[ 29  29 181 182 182 182 183 183 183 183 183 184 185 186 186 186 186 187
 187 188 188 188 188 188 186 187 188 189 189 189 190 190 190 189 188 188
 188 189 189 190 190 190 190 190 190 190 190 190 189 190 190 191 191 191
 191 190 191 192 193 192 192 191 190 189 188 189 190 190 190 190 190 190
 192 192 192 192 190 189 189 189 191 194 194 184 158 116  71  42  34  39
  39  40  40  38  38  40  41  41  41  41  39  38  38  38  36  35  34  35
  36  36  35  36  34  34  33  32  33  36  38  38  36  36  37  37  36  36
  35  34  33  34  35  37  39  40  41  40  41  40  36  36  37  39  44  43
  53 129 192 192 189 192 191 191 193 192 191 190 190 191 190 190 192 192
 193 193 194 194 194 194 193 193 193 193 193 193 193 192 193 194 193 193
 192 193 193 192 192 193 193 192 191 190 190 190 192 193 193 193 195 194
 192  29]"
"[ 29  29 181 182 182 182 183 183 182 182 182 183 185 185 185 185 187 187
 188 188 187 187 187 187 187 188 188 189 189 190 190 190 191 190 189 188
 188 189 190 191 191 191 190 190 190 190 190 190 190 189 190 191 193 193
 192 190 190 192 193 192 191 190 189 188 188 189 190 191 190 190 191 191
 191 192 192 191 189 187 187 188 194 189 165 125  87  58  44  42  40  38
  37  40  37  39  45  37  41  41  41  41  39  38  37  37  34  32  33  36
  37  36  36  37  34  34  32  31  31  34  36  36  36  36  36  36  36  36
  34  33  33  35  36  38  39  40  40  40  39  41  39  37  38  41  46  48
  47 110 190 192 191 193 191 192 192 192 192 192 192 191 192 192 192 192
 192 193 193 194 194 194 193 193 193 193 193 193 193 193 194 195 194 193
 192 193 193 192 192 193 193 193 192 191 191 190 191 192 192 192 194 194
 191  29]"
"[ 28  30 181 181 181 181 181 182 182 184 184 184 184 185 186 186 185 185
 186 186 187 187 188 188 187 188 188 188 188 188 188 188 189 188 188 188
 188 189 190 190 189 189 189 189 189 189 190 190 190 189 189 190 192 192
 192 191 190 191 191 191 190 189 188 188 189 189 189 190 190 190 190 189
 190 188 191 191 189 186 189 194 186 153 109  59  44  40  44  41  37  38
  38  37  37  39  40  39  39  40  41  40  39  38  37  36  34  34  34  36
  38  38  38  37  36  34  32  31  31  33  35  38  37  38  37  36  36  36
  36  35  34  35  36  38  40  41  41  40  41  41  40  39  39  42  45  46
  45  86 187 196 192 193 192 192 192 192 192 192 192 191 192 192 193 192
 193 193 194 194 193 193 193 194 194 193 193 193 194 194 193 193 194 194
 194 193 192 193 192 192 192 192 192 191 190 190 189 192 193 194 193 194
 190  29]"
"[ 29  30 181 180 181 181 181 182 181 182 183 183 183 184 184 184 184 184
 184 184 185 186 187 187 188 188 188 189 189 189 188 188 188 188 188 188
 188 189 189 190 190 190 189 189 189 189 189 190 191 190 190 190 191 191
 190 189 191 191 191 190 189 188 188 188 188 188 189 190 190 190 190 189
 187 187 190 187 186 186 195 184 146  86  51  39  48  47  41  37  37  38
  37  36  37  38  39  39  40  41  41  40  39  38  37  36  36  34  33  34
  36  37  38  39  38  36  34  32  31  32  34  36  37  38  38  38  37  37
  36  34  34  34  36  38  39  40  40  40  41  41  40  39  40  42  45  47
  42  78 180 196 191 188 191 191 191 191 191 191 191 192 192 192 193 193
 193 193 193 193 192 192 192 193 194 193 193 193 193 193 192 192 193 193
 192 191 191 191 192 192 192 192 192 192 191 191 190 193 192 194 192 193
 189  28]"
"[ 29  30 180 180 181 180 181 182 182 183 183 183 183 184 184 184 182 182
 182 182 183 185 186 187 188 188 188 188 188 188 188 188 188 188 188 188
 188 189 189 189 190 190 189 189 189 189 189 189 191 190 190 190 190 190
 189 189 190 190 190 189 188 188 188 188 187 188 189 190 191 190 190 189
 189 188 187 185 187 192 192 151  89  46  41  42  45  44  41  39  36  36
  36  35  36  38  39  39  40  41  41  40  39  37  36  36  35  34  33  33
  35  36  38  39  39  37  34  32  31  30  32  33  36  37  38  39  39  38
  36  34  34  34  35  37  39  40  40  40  41  40  40  40  40  40  44  48
  44  67 163 196 195 189 192 188 190 190 190 190 190 191 192 193 194 193
 193 193 193 192 191 191 191 192 193 193 193 193 192 191 191 191 192 192
 192 191 191 191 192 192 192 192 192 192 192 192 192 193 192 193 192 193
 190  29]"
"[ 29  30 180 179 180 180 181 182 183 183 184 183 183 184 184 184 181 181
 181 181 182 184 186 187 187 187 187 187 187 187 187 187 187 187 188 188
 188 188 188 188 189 189 189 189 189 189 189 189 189 190 190 190 190 190
 190 190 189 189 188 188 188 188 189 189 188 189 189 190 190 190 189 189
 190 187 187 186 188 195 170 104  53  41  50  47  42  44  44  38  36  36
  35  35  36  38  39  40  40  40  41  41  39  38  37  36  33  33  33  34
  36  36  36  36  37  35  33  32  30  29  30  31  33  34  36  37  39  39
  38  35  35  34  35  35  37  39  40  40  40  39  40  40  40  39  43  48
  47  57 145 196 195 190 192 187 190 190 190 190 190 191 192 193 194 193
 193 192 192 192 192 191 191 192 193 193 192 192 191 190 190 190 191 191
 191 191 191 192 192 192 192 192 192 192 193 193 192 192 191 192 192 193
 190  30]"
"[ 29  29 179 179 180 180 181 182 182 182 182 182 182 183 183 182 181 181
 181 181 181 183 185 187 186 186 186 187 187 187 187 187 187 187 187 187
 187 187 187 187 188 188 188 189 189 189 189 189 189 189 189 190 190 190
 190 190 189 188 188 187 188 188 189 189 189 189 189 190 190 189 189 189
 187 186 188 189 186 191 134  68  48  46  47  45  43  40  43  39  37  36
  36  36  36  37  38  39  39  40  41  42  41  39  38  37  34  33  34  35
  36  36  36  37  36  35  33  32  30  29  29  30  31  32  33  35  37  39
  38  36  35  35  34  34  35  37  39  40  40  39  40  41  40  39  43  49
  46  51 133 195 189 188 189 189 190 190 189 189 190 191 192 193 193 192
 192 192 192 193 192 192 193 193 192 192 191 191 191 190 189 190 190 191
 191 191 191 192 193 193 192 192 192 193 193 193 191 191 189 191 190 191
 189  29]"
"[ 29  29 179 179 181 180 181 181 181 181 181 181 182 182 182 181 181 181
 181 181 181 182 184 186 186 186 187 187 187 187 187 187 187 187 187 187
 187 187 187 187 188 188 188 188 189 189 189 189 189 189 189 189 190 190
 189 189 189 188 188 187 187 188 188 188 189 189 189 189 189 189 189 189
 188 186 187 189 189 184 104  52  48  51  46  46  45  38  40  41  37  37
  36  36  35  35  35  37  39  41  43  43  43  41  40  39  36  35  34  34
  35  36  37  38  37  37  36  34  32  29  28  28  29  31  32  34  36  37
  37  36  36  34  33  33  34  37  39  40  40  40  41  41  40  41  45  49
  50  52 131 195 189 190 189 189 189 189 189 189 190 191 192 193 192 191
 191 191 192 193 193 193 193 193 192 190 190 190 190 190 191 191 192 192
 192 191 192 193 193 193 193 193 193 193 193 193 192 191 189 191 189 189
 188  28]"
"[ 29  29 180 179 181 181 181 181 181 181 181 181 182 182 182 181 181 181
 182 181 181 182 183 185 186 186 186 187 187 187 187 187 187 187 187 187
 187 187 187 188 188 188 188 188 188 188 188 189 189 188 188 189 189 189
 189 188 189 188 188 187 188 188 187 187 189 189 189 189 189 189 189 189
 190 189 186 187 192 171  81  49  46  47  43  42  44  43  41  37  36  36
  36  36  35  33  34  36  39  41  43  44  44  42  39  38  37  35  34  33
  33  34  37  39  38  38  38  37  34  30  27  26  26  29  31  34  36  37
  37  36  35  34  33  33  34  36  38  39  40  41  41  41  40  42  45  49
  54  55 137 195 191 192 191 189 189 189 189 189 190 190 191 191 190 190
 190 190 191 192 192 193 192 192 190 189 189 190 190 190 192 192 192 192
 192 191 192 192 193 193 192 192 192 192 192 191 192 191 190 191 189 189
 188  29]"
"[ 29  30 180 180 182 182 181 181 180 180 181 181 181 182 181 180 181 181
 182 181 180 181 182 183 186 186 186 186 186 187 187 187 188 187 187 187
 187 187 188 188 188 188 188 188 188 188 188 188 188 188 187 188 189 189
 188 188 188 188 187 187 188 188 188 187 188 188 189 190 190 190 189 189
 186 191 187 186 191 153  65  51  52  49  48  43  40  42  39  38  36  36
  37  38  36  34  35  37  38  40  43  44  43  41  39  37  36  34  33  32
  32  33  35  37  38  39  40  39  36  31  26  24  24  27  31  34  37  38
  37  36  35  34  33  33  35  36  37  38  39  40  41  40  39  42  45  48
  51  57 146 195 191 188 189 190 189 189 189 189 189 189 189 189 190 189
 189 189 190 191 192 192 191 191 190 189 189 190 191 190 190 190 190 191
 190 190 190 191 192 192 191 191 191 190 190 190 190 190 189 191 189 188
 187  29]"
"[ 28  29 180 180 182 181 181 181 180 180 181 181 181 181 181 181 181 181
 182 181 181 181 181 182 184 185 186 187 187 187 186 186 187 187 187 187
 187 187 187 187 187 187 188 189 189 188 188 187 187 188 189 188 188 189
 188 187 187 187 187 187 187 187 188 188 188 186 188 190 187 187 188 187
 186 189 183 190 184 123  54  46  48  45  43  43  44  43  40  38  37  37
  37  37  36  36  35  35  38  40  43  45  44  41  39  38  36  33  32  33
  33  32  34  37  38  41  40  39  40  33  24  23  22  24  29  33  35  38
  38  36  36  34  33  33  34  35  36  37  39  40  40  40  41  43  45  46
  54  59 125 193 192 189 189 187 187 188 189 189 189 189 189 190 190 191
 190 189 190 192 192 190 191 190 189 188 189 189 190 192 191 190 190 190
 191 190 191 192 192 191 190 190 190 190 190 190 190 189 189 190 188 190
 187  29]"
"[ 29  30 180 180 182 181 181 182 180 180 180 181 181 181 181 181 181 182
 182 181 181 181 181 182 183 184 185 186 186 186 186 187 187 187 188 188
 188 187 187 187 186 187 187 187 187 187 187 186 187 188 188 188 188 189
 188 187 187 187 187 187 187 187 187 187 187 187 188 188 186 187 189 189
 186 190 187 185 168  89  51  48  48  46  44  45  45  44  42  40  39  38
  37  37  37  36  35  34  37  39  42  44  44  42  40  39  36  34  32  33
  33  32  34  37  38  40  40  39  39  33  25  22  21  22  27  31  33  35
  37  36  36  35  33  33  34  35  36  37  39  40  41  41  41  44  47  49
  55  55 105 181 188 186 188 188 188 189 190 190 189 189 189 190 191 191
 190 189 190 192 192 190 191 189 188 188 188 189 190 192 191 190 190 190
 190 190 190 191 191 190 190 189 189 189 189 189 189 188 188 189 188 190
 187  28]"
"[ 29  29 179 179 180 180 180 181 179 180 180 180 181 181 181 181 181 181
 182 181 181 181 181 182 182 183 184 185 185 186 186 187 186 187 188 188
 187 187 187 188 187 187 187 187 187 187 187 187 187 188 188 188 188 188
 188 186 187 187 187 187 187 187 187 187 187 188 187 186 187 188 188 188
 187 187 185 175 127  56  44  48  47  46  45  45  45  43  41  40  39  37
  36  36  36  36  34  33  36  37  39  42  44  42  40  39  37  34  33  33
  33  32  33  36  39  39  40  40  38  36  29  22  19  21  26  30  31  33
  35  35  35  34  33  33  34  35  36  37  35  37  38  39  39  42  45  48
  56  53  82 173 192 188 188 187 188 189 190 190 189 189 190 190 191 191
 190 189 191 192 192 190 191 189 188 188 189 189 191 192 193 191 190 190
 190 190 190 191 190 190 190 189 189 189 188 188 188 188 189 190 189 191
 187  29]"
"[ 29  29 179 178 180 180 179 180 180 180 180 180 180 180 180 180 181 181
 181 181 181 181 181 182 182 182 183 184 184 185 185 186 185 186 187 187
 187 187 187 188 187 187 187 187 187 188 188 188 187 187 187 187 188 188
 187 186 188 187 187 187 187 187 187 187 187 188 186 186 189 188 184 185
 189 188 181 145  79  45  48  49  47  46  46  46  44  41  39  38  38  37
  36  36  35  35  34  33  35  35  38  42  44  43  41  39  37  34  33  33
  33  32  33  35  38  37  40  41  38  38  33  22  17  19  24  29  31  32
  34  34  34  33  32  32  33  34  35  37  36  38  40  40  40  42  46  49
  57  54  64 165 196 189 188 187 188 189 190 190 190 190 190 191 192 191
 190 189 191 192 192 190 190 189 189 189 190 190 191 192 193 192 190 191
 191 191 191 190 190 190 190 190 190 189 188 188 188 188 189 190 190 191
 187  30]"
"[ 29  29 179 179 180 180 180 180 179 179 179 180 180 180 180 180 180 180
 181 181 180 180 181 181 182 182 183 183 183 183 184 185 183 184 185 186
 187 187 187 188 187 187 187 187 186 187 187 187 187 187 187 187 188 188
 187 187 188 187 187 187 187 187 187 187 187 187 186 187 189 186 183 186
 187 183 152  91  46  42  53  47  47  48  48  47  44  40  39  38  37  38
  37  36  35  34  34  35  34  34  36  41  44  44  42  39  37  34  32  32
  32  32  33  34  37  36  40  41  38  39  35  23  15  16  22  28  30  32
  33  32  32  31  31  32  33  34  36  37  37  39  40  40  40  42  46  48
  56  55  51 149 193 187 187 189 188 188 189 190 190 190 191 191 191 190
 189 189 190 191 191 190 190 189 189 190 190 190 190 191 191 190 190 191
 192 191 190 190 190 189 189 189 189 189 188 187 187 187 188 190 189 191
 187  29]"
"[ 29  29 179 178 179 179 179 179 178 178 179 179 179 179 179 179 179 179
 180 180 180 180 181 181 182 182 183 183 182 182 183 183 183 184 184 185
 186 187 187 188 188 188 187 187 186 186 186 186 186 185 186 187 187 187
 187 187 188 187 186 187 187 188 187 187 185 187 187 187 186 183 183 187
 179 155  90  51  39  43  47  47  47  48  48  47  44  40  38  39  37  38
  38  36  34  33  33  34  33  32  33  37  42  43  41  39  37  35  32  31
  31  32  32  33  37  36  40  41  38  40  37  26  16  15  19  25  29  31
  32  31  32  31  31  32  33  34  36  38  37  39  39  39  39  41  44  47
  52  56  47 133 191 187 186 188 187 188 188 189 190 190 190 191 191 190
 189 189 189 190 190 190 189 189 189 189 189 189 189 190 190 190 190 191
 192 191 190 190 190 189 189 189 189 189 189 188 188 187 188 190 189 191
 187  29]"
"[ 29  28 177 176 177 178 178 179 179 179 179 179 178 178 178 177 178 178
 179 179 179 180 180 181 182 182 183 183 182 182 182 182 183 183 183 184
 186 186 186 186 187 187 187 187 186 186 186 186 184 183 183 185 186 186
 186 186 187 187 186 186 187 187 187 186 186 186 186 185 184 184 181 177
 151 104  47  43  42  47  42  49  47  48  47  46  42  39  37  37  37  37
  36  35  33  32  32  33  32  30  29  33  39  42  41  39  38  36  33  32
  32  32  32  32  37  37  40  41  39  41  39  33  20  16  17  22  27  30
  32  32  32  32  32  32  33  33  35  37  39  40  40  40  41  43  47  49
  51  57  47 118 188 188 187 187 187 187 188 188 189 189 189 189 189 189
 188 188 189 189 189 190 190 189 188 188 188 188 189 190 190 190 190 191
 192 191 190 190 190 189 189 189 189 189 189 189 189 188 189 190 189 190
 187  29]"
"[ 30  29 177 175 177 177 179 180 180 180 179 178 177 176 176 175 177 178
 178 179 179 179 180 181 181 182 183 183 183 182 182 182 183 182 182 183
 184 185 184 183 184 184 185 185 186 186 186 185 182 180 181 183 184 184
 184 185 187 186 185 186 187 187 187 186 187 185 184 183 184 186 178 163
 111  57  43  41  38  42  43  45  49  48  48  46  42  38  36  36  37  36
  35  34  34  34  33  33  33  29  28  32  39  43  43  41  39  37  34  32
  32  32  32  31  35  36  38  39  39  41  41  37  24  18  16  20  26  30
  33  33  32  31  32  32  32  32  34  35  37  38  38  39  40  43  46  48
  54  59  45 103 182 187 187 188 187 187 187 188 188 188 188 188 189 188
 188 188 188 188 189 190 192 190 189 188 188 188 189 190 190 190 190 190
 190 189 189 190 188 188 187 188 188 189 189 189 189 188 188 189 188 189
 186  28]"
"[ 30  29 173 175 176 177 178 179 179 179 179 179 176 174 174 174 174 177
 180 181 180 179 180 181 182 182 182 182 182 182 182 181 182 182 182 183
 185 185 184 183 182 183 185 186 184 183 183 184 185 185 184 182 182 182
 183 183 184 183 183 183 184 184 185 185 185 185 186 183 184 187 170 114
  57  43  39  41  40  41  43  41  45  45  46  46  43  39  36  34  35  34
  34  34  34  33  32  32  31  29  25  31  37  43  42  44  38  36  34  32
  31  31  31  32  33  36  37  36  37  40  43  43  33  18  15  17  24  31
  30  33  32  32  32  31  30  31  33  35  37  37  38  39  40  42  46  48
  51  57  48  95 178 190 189 187 187 187 187 187 188 188 188 187 188 188
 188 188 188 188 189 189 189 189 189 188 188 188 189 190 190 190 190 191
 191 190 189 188 188 188 188 188 187 188 188 189 189 188 187 188 189 190
 187  29]"
"[ 30  29 174 176 176 177 178 179 177 178 179 179 177 174 174 174 175 177
 179 180 180 180 180 181 181 181 181 182 182 182 181 181 183 182 182 184
 185 185 184 183 183 184 186 186 185 184 184 185 186 185 183 182 182 183
 183 183 183 182 182 182 183 183 183 183 184 182 181 182 190 180 128  70
  46  40  40  42  38  38  41  41  45  45  46  46  43  40  36  35  34  34
  33  33  33  32  31  31  31  30  26  31  36  42  42  43  39  37  34  32
  30  30  31  32  32  34  35  34  36  40  43  44  36  24  16  17  25  30
  31  33  33  32  32  31  31  30  31  32  35  36  37  39  40  43  45  47
  54  59  52  92 177 188 186 185 187 187 187 187 187 187 187 187 187 188
 188 188 188 188 188 189 189 189 189 189 188 188 189 189 190 190 190 190
 190 190 189 188 188 188 188 188 187 187 188 188 188 188 187 188 189 190
 186  29]"
"[ 30  29 174 176 176 176 177 178 176 178 179 179 177 174 174 174 176 177
 179 179 180 180 180 181 180 181 181 181 181 181 181 181 183 183 183 184
 185 185 184 183 184 185 186 187 186 185 185 186 187 185 183 182 183 184
 183 183 182 182 183 183 183 183 183 183 185 183 183 186 188 151  81  43
  41  38  41  42  37  37  41  41  44  46  47  47  44  41  38  36  34  33
  32  32  32  31  31  31  30  30  26  29  32  40  41  42  39  36  33  31
  30  30  31  32  31  32  32  33  35  40  43  44  40  31  17  16  24  28
  30  32  33  32  31  31  31  30  29  29  32  33  36  38  40  43  45  47
  54  59  54  87 174 188 186 187 187 187 187 187 187 187 187 186 187 188
 188 189 188 188 188 188 188 189 189 189 189 188 189 189 190 190 190 190
 190 190 189 189 189 189 189 188 187 187 187 187 188 188 188 189 189 189
 185  29]"
"[ 29  29 174 176 175 175 176 177 177 179 180 180 178 175 174 175 177 178
 178 179 180 180 180 180 180 180 180 181 181 181 182 182 183 183 183 183
 184 184 184 183 184 185 186 186 186 184 185 186 187 186 184 184 184 184
 184 183 183 184 185 185 184 184 184 184 184 181 186 188 170 106  50  42
  43  40  39  39  37  38  41  39  43  45  47  47  45  42  39  36  35  34
  33  32  32  32  32  32  29  28  25  26  29  39  41  40  38  34  31  30
  30  30  30  31  30  31  31  32  35  38  41  42  41  36  19  14  21  24
  28  30  32  32  31  31  30  29  29  29  31  32  34  36  39  42  45  47
  52  57  55  78 168 188 185 187 186 187 187 187 187 187 187 187 187 187
 188 188 188 188 188 188 188 188 189 189 189 189 188 188 189 189 189 190
 190 190 190 190 188 188 188 188 187 187 187 187 187 187 188 188 188 188
 185  29]"
"[ 29  29 175 176 175 175 175 176 177 178 180 180 178 176 175 176 178 178
 178 179 179 179 179 179 179 180 180 181 181 181 182 182 182 182 182 183
 183 183 183 183 183 184 185 185 185 184 184 185 186 186 186 185 184 184
 184 185 185 186 187 187 186 185 185 185 184 180 186 186 147  72  43  45
  43  41  39  37  37  38  38  37  41  43  46  46  45  42  39  36  36  35
  33  32  32  32  32  32  29  27  23  25  26  38  41  40  37  34  31  31
  30  29  29  30  30  30  31  32  34  37  39  40  40  39  22  15  18  21
  26  28  31  31  30  29  28  26  27  28  30  31  32  34  37  40  44  47
  51  55  56  70 158 188 184 185 185 186 186 187 187 187 188 188 187 187
 187 187 187 187 188 188 188 188 189 189 189 189 188 188 189 189 190 190
 190 189 189 188 187 188 188 187 187 187 187 187 187 187 187 187 186 187
 184  29]"
"[ 29  30 175 176 175 175 175 176 175 176 178 178 178 176 176 177 178 178
 178 179 179 179 179 178 179 180 180 180 181 181 181 181 181 181 182 182
 182 183 183 182 183 183 183 184 183 183 183 184 186 186 187 186 184 184
 185 186 186 186 187 187 187 186 185 185 187 184 186 179 119  52  48  45
  40  40  40  39  37  36  36  37  39  42  45  46  46  44  40  37  36  35
  33  32  32  32  32  31  30  27  23  24  24  36  41  40  37  34  32  32
  31  29  28  28  29  29  30  32  34  36  38  40  40  40  29  18  17  20
  25  27  30  30  29  27  25  23  25  27  30  31  32  33  35  38  43  46
  49  54  58  64 147 190 186 185 185 185 186 186 187 187 188 188 187 187
 187 187 187 187 188 188 188 188 188 189 189 189 188 188 189 190 190 190
 189 188 187 187 187 187 187 187 187 187 187 188 187 187 187 187 186 187
 185  29]"
"[ 29  29 173 175 174 174 174 175 174 175 176 178 178 177 176 176 177 177
 178 179 179 179 179 179 179 180 180 180 180 180 180 180 181 181 181 182
 182 182 183 183 182 182 183 183 183 182 183 183 186 186 186 186 185 185
 185 186 186 186 186 186 186 186 185 184 184 184 185 175  97  42  48  44
  39  40  39  39  39  36  36  37  38  41  44  45  46  45  41  37  36  35
  33  32  32  31  31  31  31  27  24  25  22  32  39  39  37  34  32  32
  30  27  26  27  28  29  30  32  33  35  37  40  39  41  37  23  16  21
  24  26  29  28  27  26  24  23  24  25  29  31  32  33  34  37  41  44
  47  53  60  60 137 190 187 186 184 185 185 186 186 186 187 187 187 187
 188 188 187 187 188 188 188 188 188 188 189 189 188 188 189 189 189 189
 188 187 187 187 187 187 187 187 187 187 187 188 187 187 187 187 187 188
 185  29]"
"[ 29  28 172 173 172 173 173 173 174 175 176 179 179 178 176 175 176 177
 178 179 179 179 179 179 179 179 180 180 180 180 180 180 180 181 181 182
 182 182 183 183 183 182 183 183 183 182 183 183 186 186 185 185 185 185
 185 185 186 186 185 186 186 186 185 184 182 184 186 180  94  45  48  43
  42  39  37  37  39  37  35  36  35  38  41  43  44  44  40  35  36  35
  34  33  32  32  31  31  31  27  25  25  20  28  36  38  35  32  31  31
  29  26  25  27  29  29  30  31  32  34  37  40  39  41  41  26  16  21
  23  25  29  27  26  25  25  24  25  25  29  31  33  34  35  36  40  42
  47  54  62  58 128 187 184 183 183 184 185 185 185 185 186 186 187 187
 188 188 188 188 188 188 188 188 188 188 189 189 189 188 188 188 188 188
 187 187 187 188 187 187 188 188 187 187 187 188 187 187 187 188 188 188
 185  29]"
"[ 28  29 172 173 173 174 173 174 175 176 176 176 176 177 176 176 178 178
 177 178 179 180 179 179 179 179 180 180 179 179 179 179 181 181 181 181
 182 182 183 183 182 182 182 182 183 183 184 184 185 186 185 184 184 184
 185 185 185 185 186 186 186 185 184 183 182 183 183 175  96  39  48  43
  41  39  37  37  38  39  38  38  37  36  38  41  44  44  40  38  36  36
  35  33  32  31  31  30  30  29  25  22  20  26  36  38  37  32  31  31
  29  27  28  28  27  29  30  31  32  34  36  38  40  40  40  31  17  20
  21  29  29  28  26  24  24  24  25  25  30  32  35  36  36  36  39  42
  50  51  58  55 121 187 184 184 184 185 185 185 185 185 186 186 187 187
 188 188 188 188 188 187 187 187 187 188 188 188 188 188 187 187 187 187
 187 187 187 187 186 186 187 187 187 187 187 187 187 187 187 187 187 187
 185  29]"
"[ 29  29 172 172 173 173 172 173 173 174 175 175 175 176 176 175 177 177
 176 177 178 179 179 179 179 179 179 179 179 179 179 180 181 181 181 181
 182 182 182 182 182 182 182 182 182 183 183 183 184 185 185 184 184 184
 185 185 185 185 185 185 184 184 183 183 183 182 183 170  91  41  50  46
  41  40  38  38  38  38  38  38  37  35  35  39  43  44  40  37  36  35
  34  33  32  31  30  30  29  29  25  22  21  26  35  36  36  32  31  31
  30  28  29  29  27  28  29  30  31  32  35  37  39  39  39  35  24  19
  19  26  27  26  25  24  24  24  24  24  29  32  35  36  36  36  38  42
  46  52  58  52 108 181 186 182 182 183 184 183 184 185 186 186 186 186
 187 187 187 187 187 186 187 187 187 188 188 188 188 188 187 187 187 187
 186 186 186 186 186 186 187 187 187 187 187 187 187 187 187 187 187 187
 185  29]"
"[ 29  30 172 172 172 172 171 172 173 173 174 174 175 176 176 176 177 176
 176 176 178 179 179 179 179 179 179 179 179 179 180 180 180 180 181 181
 181 181 181 181 181 181 182 182 182 183 183 183 184 185 185 184 184 185
 185 185 186 185 184 184 184 184 184 183 181 180 182 164  83  44  50  47
  41  40  39  39  38  37  37  38  37  34  33  36  42  43  40  37  35  34
  33  32  31  30  30  29  29  28  25  23  22  25  33  34  35  32  31  31
  30  29  29  29  27  27  28  29  30  32  34  36  40  42  43  39  31  21
  22  24  26  26  25  25  24  24  24  25  30  33  36  38  37  37  39  42
  45  53  57  51  91 174 187 181 182 182 182 182 183 185 186 186 187 187
 187 187 187 187 187 187 187 187 187 187 187 187 187 187 187 187 187 187
 187 187 187 187 187 187 187 187 187 187 186 186 188 188 187 188 187 188
 185  29]"
"[ 29  30 172 172 172 172 171 172 173 173 174 174 175 176 176 176 176 176
 176 176 177 178 178 178 178 179 179 179 179 179 180 180 180 180 180 181
 181 181 181 181 181 181 182 182 182 183 183 183 185 185 185 185 184 185
 186 186 186 185 184 183 184 184 184 183 180 179 184 161  76  46  49  47
  42  40  38  38  37  37  37  37  37  34  33  35  40  43  40  36  33  33
  32  31  30  29  29  29  29  28  25  24  22  23  31  32  34  32  31  31
  29  28  28  27  27  28  29  30  31  33  35  36  40  46  46  41  36  24
  26  24  27  27  26  25  24  24  25  26  31  34  38  40  39  38  39  41
  47  50  54  52  75 169 185 182 182 182 182 182 184 185 186 186 187 187
 187 188 188 188 188 188 187 187 187 187 187 187 187 187 187 187 187 187
 187 187 187 186 187 187 187 187 187 187 186 186 187 187 187 187 187 187
 185  29]"
"[ 29  29 172 172 172 172 172 173 173 173 174 173 174 175 175 175 175 175
 175 176 177 177 176 176 176 177 178 179 179 179 179 179 180 180 180 180
 180 181 181 181 181 181 182 182 182 183 183 183 185 185 185 183 183 184
 185 185 185 183 182 182 183 183 182 182 180 180 185 160  70  46  48  47
  43  40  38  37  37  37  37  37  36  35  34  36  39  41  39  36  33  33
  32  31  30  30  29  29  29  27  24  24  21  22  29  32  34  32  31  31
  29  28  28  26  27  28  30  32  33  35  36  37  39  45  45  43  40  25
  25  24  29  28  27  25  24  24  26  28  31  34  38  40  39  38  38  39
  45  47  51  52  62 163 185 181 182 182 182 182 183 185 186 185 186 186
 186 187 187 187 187 187 187 187 187 187 187 187 187 187 187 186 186 186
 186 185 185 185 186 186 187 187 187 187 187 187 186 186 186 186 186 186
 184  28]"
"[ 28  29 172 172 172 172 172 173 174 174 174 173 174 175 175 175 176 176
 176 176 176 176 176 176 176 177 178 179 179 179 179 179 180 180 180 180
 180 180 180 180 181 181 181 182 182 183 183 183 185 184 183 182 181 182
 183 183 183 182 182 182 182 182 182 181 181 180 184 159  65  45  48  47
  44  41  38  38  39  39  38  38  37  37  36  37  39  40  38  35  33  33
  32  31  31  30  30  29  29  27  24  24  21  20  28  32  33  32  31  31
  29  30  30  28  28  29  31  33  35  36  37  38  39  41  43  47  45  29
  22  24  29  29  28  25  23  24  26  28  31  33  37  40  40  39  38  39
  42  46  50  51  53 148 186 182 182 182 182 182 183 184 184 184 185 185
 185 186 186 186 186 186 187 187 187 187 187 187 187 187 187 187 187 186
 186 185 184 183 186 186 186 187 187 187 187 187 187 187 186 186 186 187
 184  29]"
"[ 28  29 172 171 171 172 171 172 174 174 174 173 174 175 176 176 177 177
 177 176 176 177 177 177 177 178 179 179 179 179 179 179 179 179 179 180
 180 180 180 180 180 180 181 181 182 182 182 182 184 184 183 181 179 180
 180 180 182 181 181 181 181 181 181 181 180 179 182 161  67  47  48  46
  43  41  40  40  40  40  39  38  38  38  37  36  38  39  37  33  32  32
  31  31  30  30  29  29  28  26  24  25  21  19  27  32  33  31  31  31
  30  31  32  30  30  31  32  34  36  37  38  38  39  42  45  49  48  39
  25  25  27  28  28  27  25  24  26  28  31  33  35  38  40  40  40  40
  42  46  49  52  50 120 183 182 181 182 183 183 183 184 184 184 185 185
 185 185 186 186 186 186 186 187 187 187 187 187 187 187 187 187 187 187
 186 185 184 184 186 186 186 186 187 187 186 186 187 187 186 187 186 187
 185  29]"
"[ 28  29 171 171 171 171 170 172 172 173 172 172 173 174 175 176 178 177
 176 176 176 176 177 178 177 177 178 179 179 179 179 179 179 179 179 179
 179 180 180 180 179 180 180 181 181 182 182 182 183 183 183 181 179 179
 179 179 180 180 180 180 180 180 180 180 180 179 182 166  72  50  50  46
  42  41  41  41  40  39  39  39  39  39  37  35  37  39  36  32  31  31
  30  30  29  29  28  28  27  26  25  25  21  18  27  32  33  31  31  30
  29  31  32  30  32  32  33  35  36  37  38  38  40  46  48  46  47  47
  29  24  26  28  29  29  27  26  27  28  30  31  33  36  38  39  40  41
  45  46  47  54  50  94 177 182 180 182 184 184 184 185 185 185 185 185
 185 185 185 185 186 186 186 186 186 187 187 187 187 187 186 186 186 186
 186 185 185 185 186 186 186 186 186 186 186 186 186 186 185 186 185 186
 184  29]"
"[ 30  28 171 171 168 166 165 168 171 172 173 172 172 173 175 176 176 176
 176 176 176 177 178 179 177 178 179 179 179 178 179 179 179 179 179 179
 179 179 179 179 179 180 180 181 181 181 181 181 183 182 182 181 181 180
 179 178 180 180 179 179 179 179 179 179 179 176 178 174  92  46  47  47
  46  44  43  42  41  40  40  40  42  38  37  36  36  37  36  33  30  29
  29  28  26  25  25  25  26  27  26  24  22  20  24  32  33  33  31  30
  32  32  30  31  32  32  33  34  35  37  39  41  44  47  49  51  48  46
  30  24  24  28  29  29  30  29  29  29  32  31  32  35  38  40  42  44
  45  43  53  57  50  73 167 189 181 184 182 182 186 186 185 186 185 186
 186 186 186 186 186 186 186 186 186 187 187 187 187 186 186 187 186 186
 185 185 186 186 186 187 186 185 185 185 186 186 187 187 187 187 187 186
 183  30]"
"[ 30  29 171 169 164 160 160 164 168 170 172 172 172 173 174 175 176 176
 176 176 176 176 177 178 179 179 178 178 179 179 179 179 179 179 179 179
 179 179 179 179 179 179 179 180 180 181 181 181 181 181 181 181 182 182
 181 180 180 179 179 179 179 179 179 178 177 177 181 178 106  45  49  48
  45  44  44  45  44  42  41  40  41  39  37  37  37  37  36  32  31  30
  29  27  26  24  24  24  26  26  25  25  24  22  25  32  34  34  32  31
  32  32  31  32  34  34  35  35  36  37  40  43  45  49  52  54  53  51
  33  24  25  30  32  31  32  32  31  32  33  33  34  36  38  39  42  45
  47  48  54  55  50  58 149 187 184 184 182 183 185 185 185 185 186 186
 186 186 186 187 187 186 186 186 186 186 186 186 186 186 185 186 186 185
 185 185 185 185 185 186 186 185 184 184 185 185 185 186 185 186 186 185
 182  29]"
"[ 29  29 170 167 161 155 155 159 166 168 171 171 172 173 174 174 175 175
 176 176 176 177 178 179 180 179 178 178 179 179 179 179 179 179 179 179
 179 179 179 179 179 179 179 179 179 180 180 181 181 181 181 181 182 182
 182 182 180 180 179 179 180 180 179 179 176 174 175 179 135  60  54  50
  45  44  44  45  44  43  41  40  40  39  38  38  37  38  36  32  31  29
  27  26  25  24  24  24  24  25  25  25  24  23  25  31  34  35  34  33
  34  34  34  34  36  36  36  36  36  38  42  46  47  51  55  57  57  56
  38  24  23  28  31  31  32  32  32  33  35  36  37  38  39  41  44  47
  47  50  53  54  53  43 120 180 187 183 182 183 184 185 185 185 186 186
 185 184 185 186 186 185 185 185 185 185 185 185 185 185 184 185 186 186
 185 185 185 185 185 186 186 185 184 184 184 184 184 185 185 186 186 185
 182  29]"
"[ 29  29 170 166 160 155 155 159 166 168 171 172 172 172 173 173 174 175
 176 176 177 178 179 180 180 179 179 179 179 179 179 179 179 179 179 178
 179 179 179 180 179 179 179 179 179 179 180 180 180 181 181 181 182 182
 182 182 181 180 180 180 180 180 180 180 177 179 179 184 159  73  47  52
  47  46  45  44  43  41  40  40  40  39  39  38  37  37  36  32  29  27
  25  24  24  24  25  26  25  26  26  25  24  23  25  30  35  37  37  35
  37  37  37  38  36  37  37  37  37  39  43  47  49  53  56  57  59  59
  43  24  24  30  34  34  35  35  36  37  38  39  40  41  42  44  46  48
  48  50  51  54  57  39  88 167 187 182 181 184 183 184 186 185 185 185
 184 183 184 185 184 183 183 183 183 184 184 185 185 185 184 185 186 186
 186 186 186 186 185 186 186 185 185 185 185 185 184 185 185 186 186 185
 182  29]"
"[ 30  28 169 167 163 160 159 163 168 170 172 172 172 172 172 172 173 174
 175 176 177 178 179 180 178 179 180 179 178 177 178 178 179 179 179 179
 179 179 179 179 180 180 179 179 179 179 179 179 180 180 180 181 181 181
 181 181 180 180 179 180 180 180 180 179 178 180 178 183 176  98  43  52
  49  48  46  45  43  41  40  39  40  39  39  37  36  37  37  33  29  26
  24  23  24  25  26  28  27  29  29  27  25  23  25  29  35  38  39  38
  39  40  39  39  37  37  38  38  38  40  44  47  50  55  58  59  61  60
  47  25  25  32  36  37  37  38  39  41  40  41  42  43  45  46  47  48
  51  51  53  56  57  41  61 150 186 181 181 184 183 184 186 185 185 185
 184 183 184 184 183 182 181 182 182 182 183 184 184 185 184 184 186 186
 186 186 186 186 184 185 186 185 185 185 186 185 184 185 185 186 185 184
 181  28]"
"[ 30  28 168 168 166 164 164 166 170 171 172 172 171 172 172 171 172 173
 174 175 175 176 177 177 176 178 179 179 177 176 177 178 180 180 179 179
 179 178 178 178 180 179 179 179 179 179 179 179 179 179 180 180 180 180
 180 181 180 180 180 180 180 180 180 180 180 178 174 178 184 129  54  50
  49  48  47  46  44  42  40  39  40  39  38  36  35  37  37  33  29  27
  25  25  25  26  27  29  29  31  31  28  26  24  24  28  34  39  41  40
  40  41  40  40  39  39  40  40  40  41  44  47  51  55  61  61  63  61
  50  26  24  31  35  36  37  37  38  40  41  42  43  45  46  48  48  47
  51  52  56  58  55  45  49 132 182 181 182 183 182 184 185 184 185 185
 184 183 183 183 182 181 181 181 181 181 182 183 184 184 183 184 185 185
 185 184 184 184 184 185 185 184 184 185 185 185 185 186 185 185 185 183
 181  29]"
"[ 30  28 169 169 167 165 165 167 169 170 171 171 171 171 171 171 172 173
 174 174 175 175 175 176 176 177 178 178 176 176 176 177 178 179 179 179
 179 178 178 178 178 178 178 179 179 179 179 179 179 179 180 180 179 180
 180 181 180 180 180 180 181 181 181 180 179 180 180 179 181 148  72  51
  50  48  47  46  44  42  40  39  40  39  37  35  35  38  38  33  30  29
  28  28  27  27  28  30  31  32  31  29  28  26  25  27  33  39  42  41
  42  43  42  42  40  40  40  40  40  41  44  47  52  56  62  62  63  59
  51  29  26  32  36  37  38  39  39  41  41  43  45  46  48  50  51  51
  51  52  55  57  55  48  45 108 177 181 182 181 182 183 184 184 184 185
 185 184 183 183 182 180 181 181 181 181 181 182 183 183 183 183 184 184
 183 183 183 183 185 185 185 184 183 184 185 185 184 186 185 185 184 183
 181  29]"
"[ 30  28 169 169 167 165 164 166 167 169 170 170 171 171 171 171 171 172
 173 174 175 175 175 176 177 177 177 176 176 176 176 176 176 177 178 179
 179 179 179 178 177 177 178 178 179 179 179 179 179 180 180 180 179 179
 180 180 180 179 179 180 180 181 180 180 180 177 178 175 182 166  94  52
  53  51  48  46  44  42  42  42  40  39  37  35  35  38  38  32  30  29
  30  30  30  29  30  31  32  32  31  30  30  29  27  26  32  38  42  42
  44  45  45  44  40  40  39  40  40  42  45  48  54  57  62  61  61  57
  53  32  25  31  35  36  38  38  38  40  40  43  46  47  49  52  54  55
  53  53  53  57  57  50  43  86 173 180 182 180 182 183 183 184 185 186
 187 186 185 184 182 181 182 182 181 181 181 182 182 183 183 183 184 183
 183 183 183 183 186 186 186 184 183 184 184 185 183 184 183 183 182 182
 180  29]"
"[ 28  31 166 166 166 166 165 167 167 168 169 169 169 169 171 172 171 172
 174 174 174 174 175 175 175 175 174 174 174 175 175 175 176 177 174 176
 175 179 177 175 177 176 176 176 178 179 178 177 180 180 180 179 179 179
 179 179 179 179 180 180 180 181 180 178 181 179 175 175 177 179 139  59
  50  57  49  49  47  46  44  41  40  39  37  36  36  37  36  35  31  31
  30  29  29  30  30  31  31  31  32  31  30  29  29  29  26  32  42  46
  44  44  44  42  40  40  40  40  40  43  46  49  51  56  62  65  60  61
  58  37  22  30  33  39  40  39  41  38  41  44  46  47  50  53  56  56
  55  54  51  60  53  46  45  60 161 183 181 180 181 184 184 181 183 183
 183 183 183 182 181 181 181 181 181 181 181 181 182 182 182 182 181 182
 182 183 182 182 183 183 183 183 183 183 182 181 182 181 180 181 182 182
 180  29]"
"[ 29  30 166 165 165 165 165 167 167 168 169 169 168 168 169 170 171 171
 171 172 173 173 174 174 174 175 175 175 175 176 176 176 174 176 175 175
 173 176 176 177 175 175 175 176 178 179 180 181 177 178 179 180 181 181
 180 178 179 179 179 178 179 180 180 180 178 177 179 179 176 187 164  93
  54  51  55  51  49  50  45  44  40  39  38  37  38  38  37  36  32  31
  31  31  30  31  31  32  32  33  33  33  32  31  31  31  28  32  39  44
  44  44  43  41  40  40  40  40  40  42  45  47  55  58  61  65  63  64
  59  35  23  29  33  38  40  39  42  39  42  45  47  48  51  54  56  56
  56  56  54  60  53  42  40  52 139 178 178 179 181 181 181 180 181 182
 182 182 182 182 182 182 181 181 181 181 181 181 181 181 183 183 182 182
 183 183 182 182 181 182 182 182 182 182 181 181 181 181 180 181 182 181
 180  28]"
"[ 29  27 166 163 165 165 166 167 166 167 168 167 167 167 168 169 171 170
 169 170 172 173 173 173 173 173 174 174 175 174 174 174 175 176 174 174
 171 174 174 176 177 177 177 177 178 178 179 179 180 180 179 179 179 179
 179 178 180 180 180 180 179 180 180 180 180 178 175 175 174 182 181 157
  97  56  51  55  52  49  50  43  41  39  38  38  38  38  37  35  33  32
  32  32  32  33  33  34  34  34  35  35  35  35  33  32  30  30  35  42
  44  44  43  40  40  40  40  40  40  42  45  47  55  57  60  65  65  66
  61  38  24  29  33  37  39  40  42  42  43  45  48  49  52  55  57  57
  56  58  56  60  53  39  34  41 120 179 178 177 180 179 180 182 180 180
 181 181 182 182 182 182 183 183 183 183 183 183 183 182 182 182 181 181
 181 181 181 181 182 183 183 183 182 181 182 182 181 182 181 183 183 183
 181  29]"
"[ 31  28 166 163 164 163 163 161 164 164 165 165 166 166 168 169 169 169
 168 169 170 172 173 173 171 172 173 173 173 172 172 172 174 174 171 172
 171 174 172 173 175 174 174 175 177 177 176 175 176 176 176 174 174 175
 177 177 176 178 179 179 179 179 179 178 178 176 173 177 178 173 178 183
 167 128  77  52  49  46  51  50  42  41  39  38  38  37  36  36  34  33
  32  32  33  34  35  36  36  36  36  37  38  37  35  34  32  29  32  39
  43  44  43  41  39  40  40  40  40  42  45  48  51  56  60  64  64  66
  64  45  24  29  34  37  39  40  42  43  44  46  48  50  52  56  58  58
  57  58  56  59  55  37  32  33  95 174 179 177 180 180 178 177 180 180
 181 181 181 182 182 182 182 182 182 181 181 181 181 181 180 180 180 181
 181 181 181 181 181 182 182 181 179 178 179 180 180 180 180 181 181 181
 179  28]"
"[ 29  27 160 161 164 163 164 161 161 161 162 162 163 163 165 167 165 166
 167 168 169 169 170 171 170 171 172 172 172 173 173 174 172 174 173 175
 172 174 173 175 176 174 173 173 174 175 174 172 173 175 177 177 175 174
 174 175 175 177 178 178 178 178 178 178 177 171 171 175 173 172 174 171
 178 176 154 125  84  53  45  49  45  43  41  39  38  37  37  38  36  35
  33  33  34  35  37  38  37  37  37  39  40  39  37  35  34  30  31  37
  41  43  44  43  40  40  40  40  40  43  46  49  52  57  59  63  64  66
  65  49  23  27  34  38  39  40  42  45  44  46  47  50  52  55  57  58
  57  58  56  59  58  36  31  29  73 164 183 177 178 180 180 180 180 180
 180 180 180 180 181 181 182 181 180 180 180 181 181 180 180 180 181 182
 182 182 181 181 181 181 181 180 179 178 178 179 180 180 180 181 181 181
 180  29]"
"[ 30  31 154 157 161 161 162 160 156 157 157 157 157 157 159 160 161 163
 165 165 165 165 166 167 166 167 169 170 170 171 173 174 170 174 176 179
 174 174 175 180 175 172 169 169 171 173 173 172 170 173 175 174 173 173
 174 175 174 174 175 175 177 179 182 183 178 176 172 170 173 176 177 177
 176 182 177 170 155 113  57  46  46  44  43  41  39  37  39  41  39  38
  36  35  35  37  38  38  37  37  38  39  40  40  38  36  36  31  30  34
  38  42  44  44  41  41  40  40  40  43  46  49  56  59  59  62  65  68
  66  50  22  25  33  37  39  41  41  45  44  45  47  50  53  55  56  57
  56  57  57  58  59  34  31  28  48 141 182 175 174 177 177 179 179 179
 179 179 179 179 180 180 181 181 180 180 181 181 181 181 179 179 180 180
 180 180 180 180 181 181 181 180 180 180 179 179 180 181 180 181 181 181
 180  30]"
"[ 27  29 136 138 138 136 137 135 136 136 137 136 135 135 137 138 140 141
 142 142 142 142 142 142 141 143 145 145 146 146 146 147 146 149 151 154
 150 150 150 154 154 154 154 155 158 160 161 161 161 163 164 165 166 168
 170 172 170 168 165 160 157 155 154 153 152 155 151 151 159 157 155 163
 164 162 168 167 166 154 106  57  48  47  45  44  40  38  39  43  43  41
  39  38  38  38  38  38  37  38  38  40  40  40  38  37  36  31  29  30
  35  40  43  41  41  41  41  40  41  43  47  49  56  61  60  63  66  67
  66  52  24  24  31  35  38  41  40  43  43  45  48  52  55  56  56  55
  55  55  56  58  58  30  30  29  33 116 177 178 180 182 178 178 179 178
 179 179 179 180 181 181 179 179 179 180 181 181 181 180 179 179 179 179
 179 179 180 180 180 179 179 179 180 180 179 177 177 178 178 179 180 179
 179  28]"
"[ 29  31 129 130 129 128 130 130 130 130 130 130 129 129 130 131 130 130
 130 130 130 130 129 128 129 130 132 132 131 130 130 130 130 130 129 133
 132 132 130 131 134 136 137 138 137 135 134 133 136 137 138 138 137 136
 134 132 131 131 131 131 133 136 137 136 133 130 130 131 134 137 137 137
 137 137 140 137 137 142 135  93  50  49  48  47  42  39  40  44  45  44
  42  40  40  39  38  37  38  38  39  40  40  40  39  38  37  31  26  27
  31  38  41  38  40  40  40  41  42  44  47  50  52  60  62  64  65  65
  66  56  26  25  30  34  38  41  38  40  43  45  49  53  56  56  55  54
  53  54  56  57  57  26  30  31  25  90 154 158 165 176 177 181 178 178
 179 179 180 181 182 183 182 182 183 184 186 186 184 183 181 181 181 180
 180 181 183 184 184 183 182 183 184 184 181 179 178 179 180 182 182 181
 181  29]"
"[ 28  29 132 130 129 129 129 131 131 132 131 131 131 132 131 130 132 132
 133 133 134 134 133 133 133 134 136 136 135 134 133 133 133 134 134 135
 135 136 137 138 136 136 137 137 137 137 137 137 137 137 137 138 138 138
 137 136 132 132 133 134 136 137 137 136 136 136 136 137 138 137 136 134
 135 133 136 139 137 136 133 127  88  59  50  45  42  43  38  44  47  47
  45  42  40  41  41  39  39  39  40  41  40  40  40  40  39  31  26  25
  28  35  39  39  40  41  42  42  43  45  48  49  55  58  61  64  66  66
  64  61  31  23  29  33  40  38  39  40  39  43  49  53  55  56  55  54
  55  54  54  60  57  29  31  33  28  64 141 135 140 143 141 145 145 145
 146 147 147 146 146 145 146 147 148 149 150 151 151 151 151 148 148 151
 155 158 159 160 160 158 158 161 160 158 159 163 165 167 161 155 161 172
 165  32]"
"[ 29  29 132 130 131 130 130 131 130 131 131 130 131 131 131 130 131 132
 133 134 135 135 134 133 134 135 136 136 135 134 133 132 133 133 133 134
 135 136 136 136 136 136 137 137 137 137 137 137 137 136 136 137 137 136
 135 134 135 135 135 136 137 137 137 137 137 137 136 137 138 138 137 137
 136 136 137 138 137 136 133 130 123  91  59  51  46  40  45  45  47  47
  46  43  41  40  39  39  39  40  40  41  41  40  40  40  39  33  27  25
  26  33  38  38  41  41  42  42  42  44  47  49  54  56  60  62  64  64
  64  62  36  22  26  31  37  38  39  41  39  42  46  49  51  53  54  53
  54  53  54  59  56  29  30  32  29  55 128 140 145 145 142 143 143 143
 144 145 145 145 144 144 147 146 145 144 143 143 143 143 144 143 142 142
 142 142 141 140 146 143 142 143 143 140 140 142 141 140 140 143 142 140
 141  26]"
"[ 29  29 131 130 131 131 130 131 131 131 131 130 131 132 131 130 130 131
 133 135 136 136 134 133 135 136 136 136 135 133 132 132 133 132 132 133
 136 137 136 134 135 136 137 137 136 136 137 138 137 136 135 135 135 134
 134 134 137 136 136 136 136 136 137 136 138 137 137 137 137 138 138 139
 138 138 137 137 137 135 133 132 136 121  87  55  46  47  47  45  47  47
  47  46  43  40  39  40  40  40  40  41  41  41  40  40  39  35  30  25
  25  31  38  39  43  43  44  44  43  44  47  49  52  55  59  61  62  63
  64  64  43  22  25  30  35  39  40  41  39  41  43  45  48  51  53  53
  52  52  53  57  54  30  30  32  31  50 122 146 144 142 141 141 143 143
 144 145 145 145 145 145 145 145 145 145 145 146 147 147 145 146 145 144
 144 145 146 145 147 146 145 145 146 145 145 144 146 146 145 147 145 144
 145  31]"
"[ 29  28 130 129 132 132 130 130 131 131 131 131 131 132 132 131 130 131
 133 134 135 135 134 133 135 135 135 135 134 133 132 132 133 132 132 133
 136 136 135 134 135 136 136 136 136 136 137 137 137 136 135 135 134 134
 134 135 137 136 136 136 135 136 136 136 137 137 137 136 136 137 138 139
 138 140 137 135 136 134 131 133 131 133 117  78  50  46  47  44  47  47
  48  48  44  40  40  41  40  40  40  40  41  41  41  40  39  36  32  26
  24  29  37  40  42  44  45  45  44  44  46  48  50  54  57  59  60  61
  63  64  48  22  23  30  33  38  36  37  39  40  41  43  46  49  50  51
  49  51  52  55  51  32  32  33  31  46 122 147 142 144 145 142 143 144
 145 145 146 146 146 146 145 145 145 145 145 145 144 144 144 145 143 139
 138 141 144 144 145 145 145 145 146 147 147 146 147 149 146 145 145 148
 147  26]"
"[ 29  28 130 129 131 132 130 130 130 131 130 130 131 132 132 131 131 132
 132 133 134 134 133 133 134 134 134 134 133 133 132 132 132 132 132 133
 134 134 134 134 135 136 136 135 135 135 136 137 136 135 134 134 134 133
 134 135 136 136 136 136 136 136 136 136 136 136 136 136 135 135 136 137
 137 139 137 136 137 135 132 134 131 131 126 117  77  44  50  48  48  48
  48  48  44  40  40  42  40  40  39  40  41  41  41  40  39  36  33  27
  23  26  34  38  40  42  44  44  43  43  44  46  48  51  55  57  58  60
  62  63  50  24  21  27  28  32  31  32  35  36  37  39  42  46  47  47
  48  50  51  53  50  35  34  36  36  48 125 145 144 146 144 140 143 143
 144 145 145 146 146 146 148 148 148 147 147 146 145 144 147 146 143 139
 139 143 145 145 145 146 147 146 145 146 147 146 145 145 145 147 146 145
 146  29]"
"[ 29  28 131 130 131 131 131 131 131 131 131 131 131 132 132 131 132 132
 132 132 133 133 133 132 133 133 133 133 133 133 132 132 131 132 133 133
 133 133 134 135 136 135 135 134 135 135 136 136 136 135 134 134 133 132
 133 134 135 135 136 137 137 136 136 137 136 136 136 135 135 135 135 136
 136 138 137 137 138 136 135 136 134 131 129 135 116  69  44  47  49  50
  50  48  45  41  41  42  40  40  40  40  40  41  41  41  40  37  34  30
  24  24  31  37  40  42  44  44  44  43  44  44  46  49  53  56  58  60
  61  62  55  31  20  25  25  29  30  32  30  32  34  36  39  43  45  45
  48  50  51  52  49  39  38  40  37  59 131 145 144 141 140 141 142 143
 143 144 144 145 145 145 143 143 143 143 143 144 145 146 145 144 143 142
 143 146 147 146 144 145 146 146 145 145 146 146 146 146 145 148 147 145
 145  30]"
"[ 29  29 131 130 130 130 131 132 132 132 131 131 131 132 132 131 133 132
 132 132 133 133 133 133 133 133 132 132 132 132 132 132 132 133 133 133
 133 133 134 135 136 135 134 133 134 135 135 135 135 134 134 133 133 132
 133 134 134 135 135 136 135 136 136 137 137 137 136 136 135 135 136 136
 137 137 138 138 137 137 137 136 137 137 138 134 137 109  58  44  49  50
  51  49  46  44  44  43  41  41  41  40  40  40  40  40  41  37  35  32
  26  24  30  37  40  41  43  43  43  42  42  42  44  46  50  53  56  59
  61  61  59  38  19  25  25  28  30  31  30  31  32  33  36  40  43  44
  47  50  50  51  49  44  43  45  39  80 137 146 143 141 144 147 143 143
 143 144 144 145 145 145 147 147 146 145 145 146 147 147 146 146 146 146
 146 145 145 144 145 145 146 146 147 147 147 147 147 148 146 146 146 147
 146  27]"
"[ 28  28 131 129 129 129 130 132 132 131 131 130 130 131 131 130 133 133
 132 133 133 133 133 133 134 133 132 132 132 132 132 132 132 132 132 132
 132 133 134 134 136 134 133 133 134 135 135 135 134 133 133 133 133 133
 134 135 134 135 135 135 135 135 136 137 138 137 137 136 136 137 137 138
 139 136 138 139 136 137 137 134 135 136 137 135 139 136 101  54  47  49
  50  48  46  46  45  44  42  42  42  41  40  39  39  40  41  35  34  33
  27  23  29  36  38  39  40  40  39  39  39  39  41  43  46  49  54  58
  59  59  58  40  17  24  26  26  29  28  30  31  31  32  33  37  41  43
  45  48  48  50  50  48  47  49  54 107 145 147 142 143 146 141 143 143
 144 144 144 145 145 145 145 145 146 146 146 146 146 146 146 145 146 146
 146 145 145 146 146 145 145 146 147 146 145 145 146 146 145 147 146 145
 146  30]"
"[ 29  29 129 128 129 128 130 130 130 130 131 131 132 132 132 132 132 131
 131 132 133 133 132 130 132 132 132 132 131 130 131 132 133 131 131 132
 133 133 133 133 132 133 134 134 133 133 134 135 132 134 135 134 133 134
 135 136 135 135 135 135 135 135 136 136 136 136 136 136 136 136 137 138
 137 136 135 136 137 137 136 136 134 137 135 137 136 138 126  88  48  47
  50  53  50  42  48  44  43  44  44  42  40  40  40  39  39  37  34  31
  27  23  26  33  37  37  38  38  37  35  36  37  39  39  41  46  50  53
  56  58  55  46  22  21  23  28  28  28  30  30  31  33  35  37  40  42
  47  46  52  52  51  51  52  51  76 131 143 141 147 142 143 143 144 144
 144 144 145 145 145 146 145 145 145 146 147 147 146 146 145 145 145 145
 145 145 145 146 146 145 145 145 146 146 145 145 146 146 147 146 145 147
 145  29]"
"[ 29  29 129 129 129 128 130 130 130 131 131 131 131 132 132 132 131 131
 132 132 132 132 132 131 131 132 132 132 131 131 131 132 132 131 130 131
 132 132 132 131 132 133 133 133 132 131 132 133 133 135 135 134 133 133
 133 134 133 133 134 134 134 135 135 135 135 135 135 135 135 135 136 137
 137 136 135 136 137 137 137 137 136 138 135 134 133 138 139 120  71  48
  52  51  50  49  44  45  44  44  43  41  39  40  40  40  39  37  34  31
  28  23  25  32  36  37  37  37  35  34  35  36  36  37  40  42  45  48
  52  55  55  49  27  21  23  26  27  29  30  31  32  33  35  38  40  42
  44  49  48  53  60  52  51  67 115 142 143 140 143 142 144 142 143 143
 144 144 144 145 145 145 146 145 145 146 146 146 146 145 145 145 145 144
 144 144 144 144 145 145 145 145 145 145 145 144 145 145 146 146 145 146
 145  29]"
"[ 29  29 130 129 130 129 130 130 130 130 131 131 131 131 131 131 129 131
 132 132 131 131 131 132 130 131 132 132 131 130 131 131 131 131 131 132
 132 132 131 131 133 133 133 132 131 130 131 131 134 134 134 133 132 132
 132 132 132 132 133 133 133 134 134 133 133 133 133 133 133 134 135 135
 137 136 135 135 136 136 136 136 135 137 134 134 133 134 140 137 108  55
  46  52  53  50  44  44  45  44  41  39  39  40  40  40  37  37  34  32
  28  24  24  29  32  33  33  33  31  31  32  33  34  36  38  40  41  44
  50  54  55  51  34  20  23  24  27  29  30  30  31  33  35  38  40  41
  42  49  50  56  59  53  68 101 139 143 141 141 142 143 144 140 143 143
 143 144 144 144 145 145 145 145 144 145 145 145 145 145 145 145 144 144
 143 143 142 142 144 144 144 144 144 144 144 144 144 144 145 145 144 145
 144  29]"
"[ 29  29 130 129 131 129 131 130 130 130 131 131 131 131 131 130 129 130
 131 131 130 130 130 131 130 131 131 131 130 130 130 131 131 131 131 132
 132 132 131 131 132 132 132 131 130 130 131 132 132 133 132 132 131 132
 132 131 132 132 132 133 132 132 132 131 131 131 132 132 132 133 134 135
 136 135 134 134 134 134 134 134 133 135 132 134 134 131 133 133 135  87
  49  45  55  48  46  45  46  44  41  39  39  40  40  39  37  37  35  33
  30  24  23  26  30  32  33  33  32  32  33  33  34  36  38  39  41  44
  49  53  54  54  40  20  24  23  28  30  30  30  31  33  35  38  41  42
  46  48  55  62  58  70 102 130 139 137 140 143 143 143 141 141 143 143
 143 143 144 144 144 144 144 143 143 143 144 144 144 145 145 144 144 143
 143 143 142 141 142 143 144 144 143 143 143 144 144 143 143 144 143 144
 144  29]"
"[ 29  29 130 130 131 130 131 130 130 130 130 130 130 130 130 130 129 129
 130 130 130 130 130 131 130 130 130 129 129 129 130 131 130 130 130 131
 131 131 130 130 130 130 130 130 130 130 131 131 131 131 131 131 131 131
 131 131 131 131 132 132 132 131 131 131 131 131 132 132 132 133 134 135
 135 134 133 133 133 133 133 133 134 135 132 132 133 132 131 132 138 128
  80  46  53  51  49  48  47  44  41  39  39  39  38  38  37  37  35  33
  31  25  22  24  27  30  33  33  33  33  33  33  34  36  38  39  42  46
  50  52  54  54  46  23  26  25  29  30  30  30  31  33  36  39  43  45
  50  49  57  63  69 104 132 137 138 138 141 141 141 141 139 145 142 142
 143 143 143 143 143 143 143 143 143 143 143 143 143 143 143 143 143 143
 143 143 142 142 141 142 143 143 142 142 143 143 143 142 142 143 142 143
 143  29]"
"[ 29  29 129 129 130 129 130 129 129 129 129 130 130 130 130 130 130 130
 129 129 130 131 131 130 130 129 129 128 128 129 130 130 130 129 129 130
 131 130 130 130 130 130 130 130 130 130 130 130 130 131 131 130 130 131
 131 130 130 130 130 131 131 131 131 131 132 132 132 132 131 132 133 133
 133 132 132 133 133 133 133 133 132 134 133 132 132 132 132 133 133 139
 119  70  51  53  50  48  46  43  40  39  39  39  37  36  36  36  34  32
  30  25  21  22  23  27  30  31  31  32  32  31  32  34  36  38  42  46
  50  51  53  53  49  26  24  24  28  28  30  30  31  33  36  40  44  47
  51  54  57  56  76 127 140 136 138 140 140 139 140 140 138 142 142 142
 142 142 142 142 142 142 143 144 143 143 142 141 141 141 142 142 141 142
 143 143 142 141 139 141 142 142 142 142 142 143 143 141 142 143 142 143
 143  29]"
"[ 29  29 128 128 130 129 130 129 128 128 128 129 129 129 129 129 130 129
 129 128 129 130 130 130 129 129 128 128 128 128 129 129 129 128 129 129
 130 129 130 131 130 130 130 130 130 130 130 130 130 130 131 130 130 130
 130 130 130 130 130 130 130 130 131 131 131 131 131 130 130 130 131 132
 131 131 131 132 133 132 132 132 131 131 133 133 132 132 131 131 131 131
 129  79  48  52  50  47  45  41  38  38  38  37  36  36  35  35  33  31
  29  25  21  21  23  27  31  32  32  33  33  32  32  34  36  38  41  46
  50  51  53  54  53  32  23  23  27  26  30  30  31  32  34  38  43  47
  50  57  59  52  76 131 138 138 137 138 138 139 139 139 139 138 140 140
 140 140 140 140 140 140 141 142 142 142 141 140 140 140 140 140 140 141
 142 142 141 140 139 140 141 142 142 142 142 143 144 141 141 142 142 143
 143  29]"
"[ 29  28 128 127 129 128 129 128 127 127 127 128 128 129 129 129 129 128
 128 128 127 128 129 129 128 128 128 128 128 128 128 128 127 127 127 128
 128 128 129 130 128 128 129 129 130 130 129 129 129 130 130 130 130 130
 131 130 130 130 129 129 129 129 130 130 130 130 130 130 130 130 131 132
 130 130 131 132 132 131 131 131 133 129 130 131 132 133 132 131 130 132
 115  59  42  52  47  49  43  40  37  37  37  37  36  36  36  36  33  31
  30  26  22  22  22  26  30  30  30  31  32  31  32  35  38  38  41  46
  50  51  55  55  57  37  23  23  27  26  29  30  31  31  32  36  42  46
  51  54  62  55  76 132 135 138 139 137 138 140 137 137 142 138 140 139
 139 139 139 139 139 139 138 139 140 141 140 139 139 139 139 139 139 140
 141 141 140 139 138 139 141 142 142 142 142 143 144 141 141 143 142 143
 142  30]"
"[ 29  30 124 127 128 127 128 128 125 126 127 127 127 128 127 126 125 125
 125 126 127 127 126 126 127 128 129 129 128 127 128 128 126 126 126 126
 126 127 128 129 126 127 128 129 128 128 129 130 129 129 129 129 129 129
 129 129 131 130 129 129 130 130 129 130 130 130 129 129 129 130 130 130
 130 131 131 130 130 130 131 132 130 130 130 131 131 131 131 130 128 133
  89  45  45  48  48  47  41  38  37  36  33  33  33  33  32  33  34  34
  31  27  23  22  23  24  28  30  30  32  34  33  35  36  37  37  39  45
  49  51  56  56  61  39  24  23  24  24  26  28  29  30  32  36  41  44
  51  57  61  54  71 130 135 136 137 138 138 137 137 138 138 138 139 139
 139 138 138 138 138 138 139 139 138 138 139 139 139 139 139 139 139 139
 139 139 139 140 139 140 140 141 140 140 141 143 143 141 141 142 142 143
 142  30]"
"[ 29  29 123 125 125 124 125 125 125 126 126 125 125 126 125 124 123 123
 124 124 125 125 125 125 125 126 126 126 126 125 125 125 126 126 126 125
 125 125 126 127 126 127 128 127 127 126 127 128 127 126 126 127 127 128
 128 129 128 128 128 128 129 129 129 129 128 129 129 128 128 129 130 130
 129 130 130 130 130 130 130 131 130 130 130 130 131 131 130 130 129 122
  71  42  47  46  46  47  41  38  36  36  33  32  32  31  32  32  33  33
  31  28  25  23  22  24  28  32  32  34  36  35  37  37  37  37  39  44
  48  50  53  56  57  45  24  24  24  23  25  26  28  30  32  37  42  45
  53  57  62  59  68 129 135 136 137 138 138 137 137 138 138 138 139 138
 138 138 138 138 138 138 139 139 138 138 138 139 139 139 139 139 139 139
 139 139 139 139 139 139 140 141 140 140 141 142 141 140 139 140 140 140
 140  28]"
"[ 29  30 123 124 124 123 124 123 125 125 125 125 125 125 124 123 123 123
 123 124 124 125 124 124 125 125 126 126 125 125 125 125 126 125 125 124
 124 125 125 125 125 126 126 126 125 125 125 126 125 125 125 126 127 128
 128 128 126 126 127 128 128 127 127 128 127 128 128 128 128 128 129 129
 130 130 131 130 130 130 130 130 130 129 129 129 130 130 129 128 128 111
  54  41  46  44  45  45  41  37  35  34  33  32  31  30  31  31  32  32
  31  29  26  24  22  23  29  33  35  36  37  35  37  37  36  36  37  42
  46  48  52  57  56  54  27  24  24  24  26  27  29  31  33  37  42  46
  53  55  61  64  69 129 136 136 137 137 137 137 137 138 138 138 138 138
 138 138 138 138 138 138 139 138 138 138 138 138 138 138 139 139 139 139
 139 139 139 139 138 139 140 140 140 139 140 141 140 140 139 140 139 139
 139  29]"
"[ 29  29 122 123 123 124 124 123 124 124 124 124 124 124 124 123 122 122
 123 123 124 124 124 124 124 124 124 125 125 125 125 125 124 123 123 123
 124 125 125 125 124 125 125 125 124 124 124 125 125 124 124 125 127 127
 127 127 126 127 127 128 128 126 126 127 127 128 129 128 127 127 127 128
 130 130 131 130 130 129 129 129 130 129 128 128 129 130 128 127 124 106
  47  42  43  41  44  43  41  36  34  33  32  32  32  30  30  31  31  32
  31  30  27  25  22  23  29  34  35  36  35  33  35  34  33  33  35  40
  45  48  52  57  57  60  32  21  24  25  28  29  30  32  34  38  43  47
  52  55  62  66  78 130 135 136 136 137 137 137 137 138 138 138 138 138
 138 138 138 138 138 138 139 138 138 138 138 138 138 138 139 139 139 139
 139 139 139 139 138 138 139 140 140 139 139 139 140 140 140 140 139 139
 140  29]"
"[ 28  29 121 121 122 123 123 122 122 122 122 123 123 122 122 122 121 121
 122 122 122 123 123 123 122 122 122 123 123 123 123 123 123 122 122 123
 124 125 125 125 124 125 124 124 124 123 124 124 124 124 124 125 126 126
 125 125 126 126 127 128 127 126 125 126 127 128 128 128 127 127 127 127
 128 129 129 129 129 128 128 128 130 128 127 128 129 129 127 126 121 102
  43  43  42  39  43  41  40  36  33  33  32  33  34  32  31  31  31  31
  31  30  28  25  22  23  28  33  35  34  33  31  32  32  31  31  34  38
  43  46  49  54  57  59  36  17  24  26  32  32  33  34  36  39  44  48
  52  58  64  66  88 131 132 132 136 136 137 136 137 138 138 137 137 137
 138 138 138 138 138 138 138 138 138 138 138 138 138 138 138 138 138 138
 139 139 139 139 138 138 139 140 139 139 138 139 139 139 140 140 139 138
 139  29]"
"[ 29  29 121 120 121 122 122 120 122 122 121 122 122 121 121 121 121 122
 122 122 122 122 122 123 122 122 122 122 122 122 122 122 122 122 122 122
 123 124 124 124 125 125 124 124 123 123 123 123 124 125 125 125 125 125
 124 124 124 124 125 126 126 125 125 125 126 127 127 126 126 127 127 128
 127 128 128 128 128 128 129 129 129 128 127 128 128 128 127 126 121 101
  43  44  44  39  42  41  40  36  34  34  34  35  35  34  33  33  32  31
  31  31  28  25  23  22  26  32  33  33  32  30  30  30  29  31  33  35
  39  42  46  50  55  55  41  18  25  30  38  38  39  40  40  39  41  43
  48  57  64  65  91 129 130 130 135 136 136 136 136 137 137 137 137 137
 137 138 138 138 138 138 138 138 138 138 138 137 138 138 138 138 138 138
 138 139 139 139 138 138 138 139 139 138 138 139 139 139 139 139 138 138
 139  29]"
"[ 29  29 121 119 120 121 122 119 121 120 120 121 121 120 120 121 121 122
 122 122 122 122 122 122 122 123 123 123 122 122 122 123 122 122 122 122
 122 122 123 123 124 124 123 123 122 122 122 122 123 124 125 125 125 124
 124 125 124 123 124 125 125 125 124 125 125 125 125 125 125 126 127 127
 128 128 128 128 127 128 129 129 128 127 127 128 128 129 128 127 125 110
  54  45  45  43  44  44  40  36  35  35  35  36  36  35  36  35  33  31
  31  31  28  24  23  21  24  29  31  31  30  29  29  29  30  32  34  35
  37  40  44  46  52  52  45  23  26  33  41  43  46  48  46  42  40  40
  45  55  63  65  86 126 130 131 135 135 136 135 135 136 136 136 136 136
 137 137 138 138 138 138 137 137 138 138 137 137 137 138 138 138 138 138
 138 138 138 138 138 138 138 138 138 138 138 138 139 138 139 139 139 139
 140  29]"
"[ 29  29 120 118 119 121 121 119 119 118 118 119 120 119 120 121 121 121
 121 121 121 120 121 121 121 121 122 122 121 121 122 123 121 121 122 122
 121 122 122 123 123 122 122 122 122 122 122 122 121 122 124 124 124 123
 124 125 125 124 124 124 125 124 124 124 125 125 124 123 123 125 125 125
 128 128 127 127 126 126 127 128 126 127 127 128 129 129 129 129 128 121
  68  47  44  46  49  46  39  36  36  36  36  36  36  34  37  37  34  32
  32  31  28  24  24  21  23  27  29  29  29  27  29  30  32  36  37  38
  39  40  43  45  49  50  47  27  26  33  40  43  49  53  53  47  43  43
  47  56  64  68  80 123 131 132 135 135 135 135 135 136 136 135 135 136
 136 137 137 138 137 137 136 137 138 137 137 137 137 138 138 138 138 138
 137 137 137 137 138 137 137 138 138 138 138 138 138 138 138 138 138 139
 139  29]"
"[ 28  31 118 120 119 118 118 118 117 117 118 119 119 119 120 120 121 121
 121 120 120 121 121 121 122 121 121 121 121 121 122 122 121 121 122 123
 122 122 122 122 122 122 122 122 122 122 123 123 122 122 122 122 122 123
 123 123 124 124 123 123 123 123 123 123 126 125 124 123 123 123 124 125
 128 127 127 127 127 126 126 127 128 127 127 128 128 128 128 127 128 132
  97  52  44  51  53  55  46  40  38  35  36  39  37  36  37  36  35  34
  32  32  31  30  25  21  19  23  27  28  29  30  33  35  38  41  43  46
  47  47  44  44  50  54  50  33  31  34  40  43  49  55  57  54  48  44
  48  56  64  67  66 111 129 132 132 132 133 135 135 134 135 137 136 136
 136 137 137 137 136 136 136 136 137 137 137 137 137 137 138 139 139 137
 137 137 138 138 138 138 137 137 138 138 138 138 138 138 139 137 138 139
 138  29]"
"[ 29  30 117 119 118 118 118 117 117 117 118 119 119 119 119 120 119 120
 119 119 119 120 120 120 121 120 119 119 119 119 119 120 119 120 121 122
 122 122 122 122 122 122 122 122 122 122 122 121 122 122 122 122 122 122
 122 122 124 124 123 123 123 123 123 123 125 125 124 123 123 124 125 126
 126 126 125 126 125 125 125 126 127 127 127 128 128 128 127 126 127 129
 120  88  53  45  62  75  50  42  39  37  36  37  35  34  33  34  34  33
  32  32  31  29  25  22  20  22  25  26  28  31  37  39  42  45  48  51
  53  54  50  47  49  51  50  34  30  33  37  41  48  55  60  59  53  48
  44  55  65  67  61 101 126 130 131 131 132 133 133 133 133 135 135 135
 135 135 136 136 135 135 135 136 136 136 136 136 137 137 136 137 137 137
 136 137 137 137 137 137 137 137 137 137 137 137 138 137 138 137 137 138
 137  29]"
"[ 29  30 115 117 117 118 117 117 117 117 118 118 118 118 118 119 118 118
 118 118 118 118 119 119 119 118 118 118 118 117 118 119 118 119 120 120
 121 120 121 121 122 122 123 123 122 121 121 120 122 122 122 122 122 122
 122 122 123 123 123 122 122 122 122 122 124 124 123 123 123 124 125 126
 125 124 124 124 124 124 124 125 126 126 127 128 129 128 127 126 127 123
 130 120  88  73  83  89  54  43  39  37  35  36  33  32  31  32  33  33
  32  32  31  29  26  23  21  22  23  25  29  34  39  41  44  46  49  52
  56  59  55  50  47  49  52  38  31  34  36  41  48  56  62  64  58  51
  47  60  67  68  57  90 121 128 131 131 132 132 133 132 133 134 135 135
 135 135 136 135 135 134 135 135 136 136 135 135 136 136 135 136 137 137
 136 137 137 137 136 136 137 137 137 136 136 136 137 137 137 136 137 137
 136  29]"
"[ 29  30 115 117 116 117 116 116 117 117 117 117 117 117 117 118 118 118
 118 117 117 117 117 117 117 117 117 118 118 118 118 118 118 118 119 119
 119 119 119 119 121 121 121 121 121 120 120 119 122 122 122 122 122 122
 122 122 122 122 122 122 121 121 121 121 123 122 122 122 122 123 124 125
 124 123 123 123 123 123 123 124 125 125 126 127 128 127 126 125 126 123
 124 126 122 113 104  98  61  45  39  37  34  34  32  31  31  32  32  32
  32  31  30  29  26  23  21  21  23  26  32  37  40  40  42  44  46  50
  55  59  57  53  48  49  53  43  31  34  37  42  49  55  62  66  62  55
  53  61  64  66  56  80 118 129 131 131 132 132 132 132 133 133 135 135
 135 135 135 135 135 134 135 135 136 136 135 135 135 135 135 136 136 136
 136 136 136 136 134 135 136 136 136 136 135 135 137 136 137 136 136 136
 135  29]"
"[ 29  30 116 117 116 116 116 116 116 116 116 115 115 115 116 117 118 118
 118 116 116 117 117 117 116 116 117 118 119 118 118 118 118 118 118 118
 118 118 118 118 119 119 119 119 119 119 119 119 120 120 120 121 121 122
 122 121 122 122 122 122 122 121 121 121 122 122 122 122 122 123 124 124
 124 123 123 124 124 123 124 124 125 125 125 126 126 126 126 125 125 127
 124 123 127 124 117 114  70  49  39  37  33  32  31  30  30  31  30  30
  29  29  29  28  26  23  21  20  22  27  33  37  40  40  41  42  44  48
  54  59  61  57  51  49  51  44  30  32  37  42  48  54  61  66  66  62
  61  64  62  62  52  66 106 125 129 130 131 132 132 132 132 132 133 133
 133 134 134 134 133 133 134 135 136 136 136 135 135 135 135 135 135 134
 134 135 135 135 132 134 135 135 135 135 135 135 136 135 137 136 135 135
 134  29]"
"[ 28  30 116 117 116 115 115 115 115 115 115 115 114 115 115 116 117 117
 117 116 116 117 118 118 117 117 118 119 119 118 118 118 117 117 117 118
 118 119 118 118 119 119 119 119 119 119 120 120 120 119 119 120 121 122
 122 121 121 122 122 122 122 122 122 122 122 122 122 122 122 123 123 124
 124 124 123 124 124 123 124 124 124 124 124 124 125 125 125 125 125 126
 126 125 122 121 122 124  80  54  41  38  33  30  30  29  29  30  30  29
  29  29  28  28  28  25  22  21  23  27  33  37  40  39  40  42  44  48
  54  60  64  61  55  51  51  49  34  34  38  43  48  52  58  64  66  64
  65  67  65  60  49  54  94 120 127 129 131 132 132 132 132 132 132 132
 132 132 133 133 132 132 132 133 134 134 134 135 135 135 134 135 135 134
 133 134 135 136 133 134 135 136 135 135 135 136 136 135 136 135 134 134
 133  29]"
"[ 29  29 114 115 115 115 115 115 113 114 115 115 115 115 115 116 116 116
 116 115 116 117 118 118 117 117 117 118 118 118 118 118 118 117 117 118
 118 119 119 118 118 119 119 119 119 120 120 120 119 119 119 119 120 121
 121 120 120 121 121 122 122 122 122 122 122 122 122 122 122 122 123 123
 124 124 123 123 123 123 123 124 124 123 123 123 124 125 125 124 125 123
 124 126 124 123 123 121  85  55  41  39  32  30  30  30  32  33  34  34
  33  32  30  29  30  27  24  22  23  27  33  37  40  39  39  42  45  48
  54  60  65  63  61  56  54  56  40  35  39  42  46  52  58  63  65  65
  62  65  64  56  50  54  88 116 125 128 131 132 131 132 132 132 132 132
 132 132 132 132 132 131 132 132 132 132 132 132 133 134 134 135 135 134
 134 134 135 135 133 134 135 135 134 134 134 135 136 135 136 135 134 133
 133  29]"
"[ 30  29 113 114 114 115 114 114 112 113 114 115 115 115 115 115 116 116
 115 115 115 116 117 117 116 115 115 116 117 117 117 118 119 118 118 118
 118 119 118 118 117 118 118 119 119 119 118 118 119 118 117 118 119 120
 119 119 119 119 120 121 121 121 121 121 121 121 121 122 122 122 122 122
 124 123 123 123 123 122 123 123 123 123 123 123 124 124 124 124 124 126
 124 122 125 124 119 118  85  54  39  38  32  30  30  31  37  39  40  40
  39  36  33  31  29  28  25  22  22  26  32  37  41  39  39  42  45  49
  54  59  66  65  65  60  56  59  41  31  37  39  44  51  59  64  66  66
  65  68  64  52  51  52  80 104 122 126 130 131 130 130 131 130 131 131
 131 131 132 132 131 131 132 132 131 130 129 130 131 132 134 135 135 134
 133 133 133 133 132 132 133 133 132 131 132 133 135 134 136 135 133 132
 132  29]"
"[ 28  30 114 115 115 115 114 114 115 114 114 114 114 114 114 114 114 114
 115 115 114 114 116 117 117 116 116 116 115 115 115 117 115 115 115 116
 117 117 117 117 117 119 119 119 117 117 119 120 119 119 119 119 119 119
 120 121 120 120 121 121 120 121 121 122 121 121 121 121 121 121 121 122
 123 124 123 122 122 123 123 123 123 123 122 123 124 124 124 123 124 123
 124 123 123 122 123 113  85  53  47  42  34  30  32  35  40  40  40  40
  40  39  36  33  30  28  26  23  21  22  29  37  40  39  40  44  45  47
  52  58  64  65  65  63  60  65  42  28  38  39  44  52  58  61  64  68
  69  68  55  48  49  49  68  97 117 124 128 132 128 129 131 130 130 130
 130 130 131 131 132 132 130 130 130 131 132 131 131 132 133 134 134 132
 132 132 133 132 130 131 131 132 132 132 131 131 134 134 135 133 133 132
 132  30]"
"[ 28  30 114 114 114 114 113 114 115 114 114 114 114 113 113 114 114 115
 115 115 114 114 115 116 117 116 116 116 115 114 114 115 115 115 115 115
 116 117 117 117 117 118 119 118 117 117 118 119 119 119 119 119 119 119
 119 120 120 120 120 119 119 119 120 121 121 122 122 122 122 122 122 122
 121 122 122 121 121 122 122 122 123 123 122 123 123 124 123 123 124 123
 123 121 122 122 123 113  88  59  52  46  37  33  36  39  40  40  40  40
  40  39  38  36  34  30  27  25  23  23  29  36  39  39  41  45  46  47
  52  57  62  64  64  65  64  68  44  31  38  40  45  52  58  63  66  69
  70  64  52  47  47  45  58  86 114 123 127 131 129 131 132 131 130 130
 130 130 130 131 131 131 130 130 130 131 131 131 131 131 132 133 133 132
 131 132 132 132 132 132 132 132 132 132 132 132 133 132 133 132 132 131
 131  29]"
"[ 29  30 113 113 113 113 112 113 114 114 114 114 113 112 112 113 114 114
 115 115 114 114 114 115 116 116 115 115 115 114 114 115 115 115 115 115
 115 116 116 116 117 117 118 118 117 117 117 118 118 118 119 119 119 119
 119 119 120 120 120 119 119 119 121 122 121 121 121 121 122 122 122 122
 121 121 121 121 122 122 122 122 123 122 122 123 123 123 123 122 123 123
 123 121 122 121 123 114  88  61  54  47  39  36  40  42  42  41  40  39
  39  40  40  41  36  31  28  27  25  23  26  33  38  39  41  43  44  45
  50  55  59  63  64  68  70  69  45  36  40  43  48  53  59  65  69  70
  69  58  49  46  48  45  52  79 109 122 125 128 128 131 130 130 130 130
 130 130 130 130 130 130 131 130 130 131 131 130 130 131 130 131 131 131
 131 131 132 132 132 132 131 131 131 131 132 132 132 131 131 130 131 130
 131  28]"
"[ 29  29 112 112 112 112 111 111 112 113 113 114 113 111 112 113 113 114
 114 114 114 113 114 114 115 114 114 115 115 114 114 115 115 115 114 114
 115 115 116 116 116 116 117 117 117 117 117 117 118 118 119 119 118 118
 118 118 119 119 119 119 119 120 121 122 120 120 120 120 121 122 122 122
 122 122 122 122 122 122 122 122 122 122 122 123 123 122 122 122 123 122
 123 122 122 121 123 113  86  62  53  46  41  40  44  45  43  42  40  39
  39  41  43  45  40  33  29  29  27  23  24  31  38  38  40  41  41  42
  48  54  56  63  66  71  74  69  46  40  42  46  51  55  61  67  71  71
  64  52  47  44  47  48  51  74 105 121 124 126 128 130 129 129 130 130
 130 130 130 130 130 130 130 130 130 130 131 130 130 131 130 130 131 131
 130 131 131 131 132 132 131 130 130 130 131 131 132 131 131 130 131 131
 131  29]"
"[ 29  29 111 110 110 110 110 110 111 111 112 113 112 111 111 113 112 112
 112 112 112 113 113 114 114 113 113 114 114 114 114 114 115 115 114 114
 114 115 116 116 115 115 116 117 117 118 117 117 117 118 118 118 117 117
 118 118 117 118 118 118 118 119 119 120 119 119 119 120 121 122 122 122
 123 121 121 121 122 121 121 122 121 122 122 122 122 122 122 122 121 121
 123 122 122 121 122 111  86  63  53  47  44  42  46  46  44  42  40  40
  40  43  46  49  47  38  32  32  28  23  25  31  35  36  38  39  40  41
  47  52  55  64  69  74  76  66  48  45  44  50  56  60  64  68  68  66
  57  50  48  44  46  48  48  64  99 117 122 126 128 130 129 129 130 130
 130 130 130 130 130 130 130 129 129 130 130 130 130 131 130 130 131 131
 130 130 130 131 132 131 131 131 131 131 131 131 131 131 131 130 132 131
 132  29]"
"[ 29  28 110 109 109 110 109 110 110 110 111 111 111 111 111 112 111 111
 111 111 111 112 113 113 115 114 114 115 115 115 114 114 114 114 114 114
 114 114 115 116 115 115 115 116 116 117 117 117 117 117 118 117 117 117
 118 118 118 118 119 119 118 118 119 119 119 119 120 120 121 122 122 122
 122 121 120 121 121 120 120 120 120 121 122 122 122 122 122 122 119 119
 121 121 122 120 119 108  87  66  54  49  46  42  45  45  44  41  40  40
  42  45  48  52  52  43  37  34  30  24  25  31  31  33  37  39  41  43
  47  51  57  66  72  76  75  64  52  51  51  57  62  65  66  65  60  55
  50  49  50  46  48  49  48  56  89 107 117 126 127 129 129 129 130 130
 130 130 130 130 130 130 130 129 129 130 130 130 130 131 130 130 130 131
 130 129 129 130 130 130 130 130 130 130 130 130 131 130 130 130 131 131
 131  29]"
"[ 29  28 109 108 109 110 109 110 111 111 110 111 111 110 111 112 111 111
 111 111 111 111 112 112 114 113 114 115 115 115 114 114 114 114 114 113
 113 114 115 116 115 115 115 115 115 115 116 116 117 117 118 118 118 118
 118 118 118 119 119 119 118 118 119 119 119 120 120 121 121 120 120 120
 121 119 119 121 122 121 119 119 119 120 121 121 121 121 122 122 118 118
 120 119 121 119 117 105  86  67  54  50  47  40  44  45  45  42  40  41
  43  45  49  52  52  47  44  43  37  29  26  30  31  34  37  40  42  45
  50  54  61  68  74  75  71  61  55  55  57  60  63  64  62  59  54  49
  47  49  48  48  49  50  50  53  78  96 112 125 126 128 128 128 129 129
 129 130 130 130 130 130 130 129 129 130 130 130 130 131 130 129 130 131
 130 129 129 130 130 130 130 130 130 129 129 129 130 130 130 129 130 129
 130  29]"
"[ 30  28 109 108 109 110 109 110 112 111 110 110 110 110 111 112 111 111
 111 111 111 111 111 111 112 111 111 113 114 114 114 114 113 114 113 113
 113 113 115 116 116 116 115 115 114 114 115 115 116 117 118 119 118 118
 118 118 118 118 118 117 117 118 119 120 119 120 120 120 120 119 119 119
 119 117 118 121 122 120 118 118 118 119 120 121 121 121 121 122 118 118
 119 119 120 118 116 104  84  66  54  51  47  39  44  47  46  42  40  42
  44  45  48  50  51  50  52  53  47  36  30  30  36  37  39  41  44  48
  54  59  65  70  74  74  67  58  56  55  56  57  57  57  56  55  52  51
  48  49  46  46  48  47  50  51  71  90 109 126 126 127 128 128 128 129
 129 130 130 130 130 130 131 130 130 130 130 129 130 130 129 129 129 130
 130 129 129 130 130 130 130 130 130 130 130 130 130 130 130 129 129 129
 130  29]"
"[ 29  29 108 107 108 108 110 111 111 111 111 110 109 109 110 111 110 110
 111 111 111 111 111 112 113 112 112 113 113 113 114 115 114 114 114 114
 114 115 115 115 115 116 116 116 115 114 115 115 116 116 117 118 118 118
 117 117 118 118 118 119 120 119 119 118 120 121 121 120 119 119 119 119
 119 119 120 120 120 119 120 120 121 121 121 121 120 120 120 121 119 119
 120 120 121 120 118 105  85  64  55  52  45  41  42  45  44  41  41  42
  42  42  43  45  49  50  54  59  58  48  38  36  37  38  41  44  48  54
  61  65  73  73  72  68  62  58  56  56  54  56  56  54  54  54  52  49
  49  48  48  49  47  48  52  58  67  82 105 120 124 127 129 126 127 128
 130 131 130 130 129 128 128 130 130 129 129 130 130 128 131 130 129 130
 130 129 130 130 131 130 130 130 131 131 130 129 129 129 130 129 130 131
 131  28]"
"[ 29  28 107 106 107 108 110 111 110 110 111 110 109 109 109 109 109 110
 110 110 110 110 111 111 112 112 112 114 114 113 113 113 115 115 114 114
 114 114 115 115 115 116 116 116 115 115 115 116 117 116 117 118 118 117
 117 117 117 117 117 118 119 119 118 118 117 118 118 118 117 118 119 119
 119 119 119 120 120 119 120 121 121 121 121 121 121 121 121 121 121 121
 122 120 121 120 118 105  85  64  55  52  45  41  40  43  43  41  39  40
  40  40  44  48  49  54  60  64  62  54  46  44  43  45  47  50  54  60
  65  69  72  70  67  64  60  58  57  57  55  56  56  54  54  54  52  50
  49  48  48  48  47  47  51  57  62  74  97 116 123 125 127 126 127 128
 130 130 130 129 129 128 129 130 130 129 129 130 130 130 130 130 130 130
 130 130 130 131 130 130 129 129 130 130 130 130 132 131 131 130 131 131
 131  28]"
"[ 29  28 106 105 106 108 110 111 109 110 110 110 109 108 108 107 108 109
 109 110 110 110 111 112 112 112 112 113 113 112 112 112 114 114 114 113
 113 114 114 115 114 115 116 116 115 115 115 116 117 117 117 117 117 117
 117 117 116 116 117 118 119 119 118 118 119 120 119 118 118 118 119 119
 118 118 119 119 119 119 119 120 120 120 120 121 121 121 121 121 122 121
 122 121 122 121 119 107  83  64  55  53  46  42  40  41  40  38  37  38
  38  39  44  49  50  58  65  69  68  62  55  50  50  52  54  57  60  64
  67  69  69  66  63  61  60  60  59  58  56  57  56  55  54  54  53  51
  50  50  49  49  48  48  51  55  59  66  86 109 121 125 126 127 128 129
 130 131 131 130 130 130 130 130 130 130 130 131 132 131 131 131 132 132
 132 131 132 133 131 131 131 131 131 132 132 133 135 134 133 131 133 133
 132  29]"
"[ 29  28 105 105 107 108 110 110 109 109 110 110 110 109 108 107 107 108
 110 110 111 111 113 114 113 112 112 112 111 111 111 112 113 113 114 114
 114 114 115 115 114 115 116 116 115 115 116 116 117 116 117 117 117 116
 117 117 117 118 118 119 119 119 119 119 118 118 118 117 116 117 117 117
 119 119 119 119 118 118 118 119 121 120 120 121 122 122 121 121 121 121
 122 121 121 120 119 107  79  61  54  53  48  44  41  41  38  37  37  38
  39  39  43  47  53  59  66  71  73  67  58  53  55  56  58  60  62  64
  66  66  65  63  61  61  62  62  60  58  58  58  57  56  55  54  53  52
  51  51  51  51  49  49  51  54  60  64  79 101 118 126 129 130 130 131
 132 132 133 133 133 134 132 132 131 131 131 132 133 133 133 134 135 135
 134 133 134 135 134 134 134 134 134 134 135 136 136 135 135 134 135 135
 133  29]"
"[ 29  28 106 106 108 109 110 110 109 109 109 110 110 110 109 109 108 109
 110 111 111 112 113 113 113 113 112 112 111 111 111 112 113 114 114 115
 115 115 115 115 114 115 115 115 116 116 116 116 117 117 117 117 116 115
 116 117 118 119 119 119 119 119 119 118 116 117 118 118 118 119 119 119
 119 119 119 119 118 118 118 119 121 121 121 121 122 122 122 121 121 121
 122 121 121 118 117 104  76  59  53  53  49  45  42  41  40  38  37  38
  39  40  43  47  55  61  68  73  73  65  57  55  56  57  59  61  63  64
  64  64  63  62  62  61  62  61  61  60  60  59  58  56  55  54  53  53
  52  52  52  52  51  50  51  52  58  62  73  92 113 127 131 132 133 133
 134 135 135 135 135 136 134 133 133 132 132 133 134 135 135 135 137 137
 136 135 135 135 135 135 136 136 135 135 135 136 136 135 135 135 136 136
 134  30]"
"[ 29  28 107 107 109 109 110 109 110 109 109 109 110 110 110 110 110 110
 110 111 111 112 112 112 112 112 113 114 113 111 111 112 113 114 114 114
 114 114 114 114 113 114 114 115 115 115 116 116 117 117 117 117 116 114
 115 116 118 118 119 119 118 118 118 118 119 120 121 121 121 121 121 121
 119 119 119 119 119 118 119 120 121 121 122 122 123 123 122 122 120 121
 123 122 123 121 120 108  77  60  54  54  50  47  45  43  43  41  38  38
  38  40  45  50  59  65  71  73  68  59  54  56  54  55  58  60  61  62
  62  63  63  63  62  61  60  60  61  62  61  60  58  57  55  54  53  54
  52  53  53  52  52  51  51  51  54  59  67  83 105 122 129 131 135 135
 136 137 136 136 136 136 136 134 133 133 133 133 134 135 135 135 136 136
 136 135 135 136 135 135 136 136 136 135 135 135 135 134 135 134 136 135
 134  30]"
"[ 29  29 108 108 108 108 109 109 110 109 109 109 110 110 110 110 110 110
 110 111 112 112 112 112 112 112 114 114 113 112 112 113 113 114 114 114
 113 113 114 115 115 115 116 116 117 117 117 117 118 118 119 119 118 117
 118 119 120 120 121 121 120 120 120 120 121 122 122 122 121 122 122 122
 123 122 122 122 122 122 123 124 123 124 125 125 125 125 125 125 124 124
 127 126 127 127 126 115  79  62  55  53  49  48  47  47  46  44  43  42
  41  44  51  58  65  69  70  66  61  55  53  55  52  53  56  58  59  60
  61  62  63  63  63  62  61  60  61  61  60  59  58  56  55  54  54  55
  54  54  54  53  52  52  52  52  52  57  62  73  93 111 122 130 134 135
 136 136 136 136 135 135 135 134 133 133 133 133 134 136 134 134 134 135
 135 135 135 136 134 134 134 134 135 135 135 134 134 133 133 132 134 133
 133  30]"
"[ 29  29 108 108 108 107 108 108 110 109 109 109 110 110 109 108 110 110
 109 111 113 114 114 113 113 113 113 113 112 112 113 115 115 115 115 114
 114 115 117 118 119 119 119 120 120 121 121 121 119 120 122 123 122 122
 123 124 123 124 125 125 124 124 124 125 124 125 126 126 126 127 128 128
 128 128 127 127 126 126 127 128 127 128 130 130 130 129 129 129 130 131
 132 131 131 130 130 119  79  61  54  51  47  47  48  49  48  47  48  48
  47  50  58  67  70  71  66  59  56  54  52  51  51  53  56  58  59  60
  61  63  62  63  64  64  63  62  61  60  59  58  57  56  54  53  54  55
  55  55  55  53  53  53  53  53  54  57  59  66  83 100 116 128 131 133
 134 135 135 135 135 135 134 133 132 133 133 133 134 136 133 133 133 134
 135 135 136 136 132 132 132 132 133 134 134 134 133 133 132 131 132 132
 132  29]"
"[ 29  29 109 110 110 111 110 110 111 110 109 109 110 110 111 111 111 111
 112 113 114 115 115 115 115 116 117 117 117 115 116 117 118 117 117 119
 120 121 122 124 125 125 125 126 127 127 127 128 129 130 130 130 129 129
 130 130 130 130 131 132 132 132 131 130 130 129 129 131 132 132 131 131
 131 131 131 131 131 130 129 128 129 130 131 132 132 132 132 132 133 131
 132 132 132 128 127 117  79  62  56  53  49  50  50  49  48  48  49  50
  53  58  64  67  66  62  57  54  53  51  50  50  53  55  57  59  60  61
  62  64  64  65  65  64  63  63  62  60  61  59  56  54  53  53  54  54
  55  55  54  53  52  52  52  53  52  55  58  64  75  91 110 126 129 134
 133 134 136 135 136 134 133 134 133 133 133 134 135 135 133 134 135 135
 135 135 135 136 135 133 132 132 134 134 133 132 133 133 133 132 133 132
 132  29]"
"[ 28  29 112 113 114 114 114 114 113 112 113 113 115 115 115 115 117 118
 119 120 122 123 123 124 126 126 127 128 127 126 126 127 128 127 127 128
 128 129 130 131 130 129 130 130 131 130 131 131 131 132 132 131 131 131
 131 132 133 133 134 134 133 133 133 133 131 131 131 132 133 132 131 132
 131 131 132 133 133 133 132 131 130 131 131 132 133 133 133 133 133 131
 132 132 132 130 130 120  83  65  56  53  50  51  51  50  50  50  50  51
  53  56  59  61  57  55  52  51  51  52  53  54  54  55  57  58  59  60
  62  64  65  65  64  63  63  63  62  60  59  58  56  55  55  56  57  57
  55  55  54  54  53  52  52  53  53  55  55  57  66  80 100 117 127 133
 133 134 135 135 135 133 133 134 134 134 134 134 134 134 133 133 134 134
 134 135 135 136 134 132 131 131 132 132 132 132 132 132 132 132 132 131
 132  29]"
"[ 28  30 118 120 121 121 121 122 119 120 121 122 124 124 124 123 124 125
 126 127 129 129 130 130 130 130 131 131 130 129 129 130 130 130 130 130
 130 129 130 131 133 132 132 133 133 133 133 133 133 133 133 133 132 132
 133 134 135 135 135 134 134 133 134 134 133 133 133 134 133 132 132 133
 133 133 133 134 135 136 135 135 132 133 133 134 135 135 135 135 134 132
 133 132 133 132 133 123  85  66  56  52  49  50  50  49  49  50  51  51
  51  52  53  53  53  51  50  50  51  51  53  54  55  55  56  57  58  59
  61  64  65  64  63  62  64  65  63  61  61  59  57  56  56  56  57  57
  55  55  55  54  53  52  52  52  53  54  54  55  61  73  93 110 124 131
 133 134 135 135 135 133 134 135 135 134 134 134 134 133 132 132 133 133
 133 133 134 135 134 133 132 132 132 132 132 132 132 131 132 131 132 132
 132  30]"
"[ 29  32 125 127 127 126 126 126 126 126 127 129 130 130 129 128 128 128
 129 130 131 131 130 130 131 131 131 131 131 130 130 131 130 130 131 131
 130 129 130 132 132 132 132 133 133 132 132 133 132 133 133 133 132 133
 135 136 135 135 135 134 134 134 134 134 134 134 135 135 134 133 133 134
 135 135 135 135 136 136 136 135 135 135 136 136 136 136 136 135 136 134
 135 133 134 132 132 121  85  65  54  51  47  48  48  48  48  49  50  50
  50  49  49  49  51  51  51  51  51  51  51  52  55  55  55  56  57  58
  60  62  63  63  62  62  64  65  64  62  62  60  58  56  56  56  56  55
  55  55  54  53  52  52  51  51  51  54  54  56  60  70  87 103 117 127
 131 133 135 135 136 134 135 135 135 134 133 133 133 132 132 132 132 132
 132 132 132 132 134 133 133 133 133 132 132 133 132 132 132 132 132 132
 132  30]"
"[ 28  30 128 129 129 128 128 128 128 128 128 129 129 130 129 128 129 129
 130 130 130 130 129 129 131 131 131 131 131 130 130 131 130 131 132 132
 131 131 132 133 131 131 131 132 133 133 133 133 133 133 134 133 133 133
 135 136 136 135 134 135 136 136 135 133 134 135 136 135 134 133 134 134
 136 135 135 135 136 136 135 135 136 136 136 136 136 136 136 135 136 135
 136 134 134 132 130 118  84  65  55  51  47  47  48  48  48  49  50  50
  49  49  49  49  48  49  50  51  51  50  51  51  53  53  54  55  56  57
  58  60  61  62  63  63  63  64  63  62  60  59  57  57  57  57  57  57
  55  55  53  52  51  51  51  50  51  53  53  55  58  64  77  91 109 122
 130 132 133 134 136 135 136 136 135 133 133 133 133 132 132 133 133 132
 132 131 132 132 132 132 132 133 133 131 131 131 132 132 132 131 132 131
 131  29]"
"[ 28  28 129 129 129 129 130 129 128 128 128 128 129 129 129 128 129 129
 130 130 130 130 129 129 130 129 129 130 129 129 129 129 130 130 131 131
 131 130 131 132 131 131 132 133 133 133 134 134 135 135 135 134 134 134
 135 135 135 135 135 135 136 136 134 133 134 135 136 135 134 134 135 135
 136 135 135 135 135 135 135 135 135 135 135 135 135 135 135 135 135 134
 135 134 134 131 129 116  84  64  55  52  48  47  48  48  48  49  49  49
  48  48  48  48  47  48  49  51  51  50  50  51  53  53  54  56  57  58
  59  60  61  62  63  63  63  63  62  61  61  60  58  58  58  58  57  56
  55  54  53  52  51  51  51  51  52  51  51  52  56  60  70  81 100 117
 128 132 132 134 136 135 136 135 134 133 132 132 133 132 133 133 133 133
 132 132 133 134 131 131 132 132 132 131 130 130 131 131 131 131 131 130
 130  28]"
"[ 29  27 129 129 130 129 131 130 130 129 129 129 130 130 129 129 129 129
 129 129 130 130 130 130 131 130 130 130 130 130 130 130 131 131 131 132
 132 132 132 133 132 132 132 134 134 134 134 135 135 135 135 135 135 135
 135 135 135 135 136 136 135 134 133 132 133 135 135 134 134 135 136 136
 136 136 135 135 135 135 135 135 134 135 135 135 135 135 135 135 133 133
 134 133 133 131 129 115  86  65  54  52  48  47  47  48  48  48  48  48
  47  47  48  48  49  48  49  50  50  50  50  51  53  53  54  55  57  58
  59  60  61  61  62  62  63  63  63  61  62  61  59  58  58  57  56  54
  54  53  53  52  53  53  52  52  52  50  49  52  56  59  65  73  88 110
 125 130 132 133 136 135 135 135 134 133 133 133 133 132 133 133 133 133
 132 132 133 134 132 131 131 132 131 131 131 131 131 131 131 131 131 131
 131  29]"
"[ 30  27 129 128 130 129 131 129 130 130 130 130 130 129 128 127 131 131
 130 130 130 130 130 131 131 130 130 130 130 130 130 130 130 130 130 132
 132 132 132 133 133 133 134 135 135 135 135 136 135 135 134 135 136 136
 135 134 135 136 137 137 135 133 133 133 133 135 135 134 134 136 137 136
 137 137 136 135 135 135 135 135 135 135 135 135 135 135 135 135 133 133
 134 132 133 131 128 114  88  65  54  52  49  48  48  48  48  48  48  48
  47  48  48  49  48  47  47  48  49  50  51  52  52  52  52  54  55  57
  58  59  61  60  60  61  63  65  64  62  61  60  58  57  57  57  55  54
  53  53  53  53  54  54  54  53  53  50  49  53  57  58  60  65  79 103
 121 128 130 132 135 134 135 135 135 134 133 133 133 132 133 133 133 132
 131 131 132 132 133 131 130 130 131 130 131 131 131 131 132 131 132 132
 132  30]"
"[ 29  29 127 130 129 129 130 131 130 130 130 130 129 129 130 131 131 130
 129 129 130 130 130 129 130 130 130 131 131 131 130 129 130 130 131 132
 132 132 134 136 135 133 133 134 136 136 135 136 137 136 136 137 136 134
 134 135 134 135 136 136 136 136 136 136 134 135 135 134 132 133 135 137
 136 136 136 136 136 137 137 136 135 135 135 135 135 135 135 135 133 133
 132 131 133 133 126 118  95  67  56  53  49  50  50  48  48  48  48  47
  47  48  49  49  48  48  48  48  48  49  49  50  50  50  51  54  56  57
  57  57  60  60  60  60  61  63  63  63  60  59  58  58  58  57  55  53
  53  53  54  54  54  54  53  53  53  50  50  52  55  57  59  62  68  87
 109 122 129 132 134 133 134 135 136 135 134 133 132 132 132 132 132 132
 132 132 132 131 131 131 131 133 133 131 130 130 131 131 131 131 131 130
 130  29]"
"[ 29  29 127 130 129 129 129 131 129 129 130 130 130 130 130 131 131 131
 130 130 131 131 131 130 130 130 130 131 131 131 130 130 131 131 132 132
 132 132 133 135 135 133 133 134 136 136 136 136 136 135 135 135 135 133
 134 135 135 136 136 136 136 136 137 137 134 135 135 134 133 133 135 136
 137 137 136 136 136 136 136 135 135 135 135 134 134 134 134 134 135 134
 132 131 132 133 130 125  97  68  55  53  48  49  48  46  47  47  47  47
  47  47  47  48  48  48  49  49  49  49  50  50  50  50  51  53  56  57
  57  58  59  59  60  60  61  62  61  61  60  59  58  57  56  55  53  52
  53  53  54  54  54  54  54  53  53  51  50  52  54  55  58  60  64  80
 100 116 127 131 132 134 135 136 136 135 133 133 133 133 133 133 133 133
 133 133 133 132 132 132 132 132 132 131 130 130 131 131 131 131 131 130
 131  29]"
"[ 29  29 127 129 128 128 128 129 129 129 130 130 130 130 130 130 131 130
 130 130 130 130 130 130 130 131 131 131 130 131 131 131 131 131 131 131
 131 131 132 133 134 133 133 134 136 136 136 136 136 135 135 134 134 134
 135 136 137 137 136 136 136 137 137 138 136 136 136 136 135 135 135 136
 136 137 136 136 136 136 136 134 135 135 135 134 133 132 133 134 134 134
 133 132 132 132 131 131 101  70  54  53  49  48  47  46  47  48  49  49
  48  47  47  47  48  49  50  50  50  50  51  51  51  50  51  53  55  56
  57  58  58  58  59  60  61  61  61  60  60  60  60  58  56  55  54  53
  53  54  54  54  54  54  54  53  53  51  51  52  54  54  56  58  60  72
  88 107 124 129 130 134 134 135 135 134 132 132 133 133 132 132 133 133
 133 133 132 132 132 132 132 132 132 131 131 130 131 130 131 130 130 129
 130  29]"
"[ 29  29 127 128 128 129 129 129 130 130 130 130 129 129 129 129 130 130
 130 130 130 130 130 130 130 131 131 131 131 131 131 132 131 130 129 130
 131 131 131 132 133 133 133 135 136 136 136 136 136 136 135 135 135 135
 136 137 138 137 136 136 136 137 137 138 138 137 137 137 136 136 136 136
 136 136 136 135 135 136 136 135 134 134 135 134 132 132 133 134 133 133
 133 133 132 131 130 130 103  71  53  52  51  48  47  47  47  48  50  50
  50  49  48  48  48  48  49  50  50  50  50  50  52  51  51  52  54  55
  56  56  57  58  59  59  60  61  62  61  60  60  60  59  58  57  55  55
  54  54  55  55  54  54  53  53  52  51  51  52  53  54  56  57  58  66
  78  97 119 129 130 132 132 134 135 134 133 132 133 133 132 132 133 133
 133 132 131 131 131 131 131 131 132 132 131 130 131 130 130 130 130 129
 130  29]"
"[ 29  29 127 128 127 129 129 129 130 130 130 129 128 128 128 129 130 130
 130 130 130 130 130 130 130 131 131 132 131 131 131 131 130 129 129 130
 131 132 132 132 133 133 134 135 136 136 136 136 135 136 136 136 136 136
 137 138 138 137 136 136 136 137 137 137 137 137 137 136 136 136 136 135
 135 135 135 134 134 135 135 134 132 133 134 134 133 133 134 135 133 132
 132 132 132 131 130 129 102  72  51  51  51  47  48  48  47  48  50  51
  50  50  49  48  48  49  49  50  50  49  49  50  51  50  50  52  53  54
  54  55  57  58  58  58  59  61  62  62  60  59  59  59  59  57  55  53
  55  55  55  55  54  54  53  52  51  51  51  52  53  54  55  57  58  64
  72  87 110 127 131 130 132 134 135 135 135 134 134 133 132 132 133 133
 132 131 131 130 130 131 131 131 132 132 131 128 129 129 129 129 130 129
 130  29]"
"[ 29  28 125 125 124 127 127 127 128 128 129 128 128 128 129 129 129 130
 130 130 130 130 130 130 130 130 131 131 131 131 131 131 129 128 128 129
 131 132 132 133 132 134 134 135 135 136 136 135 134 135 136 136 136 136
 137 137 137 136 136 136 136 137 136 136 137 137 137 136 136 136 136 136
 135 135 134 133 133 134 133 133 131 133 134 134 133 133 134 135 134 133
 132 131 132 132 131 130 103  75  52  50  51  48  50  49  48  49  50  51
  51  51  50  50  50  50  51  51  51  50  50  50  50  49  50  51  53  53
  54  55  58  58  59  59  59  60  61  62  61  59  58  58  58  57  54  52
  55  55  55  55  55  54  53  52  51  52  52  53  53  54  55  55  56  61
  67  78  97 120 131 130 131 133 135 135 135 135 134 133 132 132 132 132
 131 131 130 130 131 132 132 131 132 132 130 127 126 126 127 128 129 129
 130  29]"
"[ 29  28 124 123 122 125 125 125 125 126 128 129 129 129 129 129 129 129
 130 130 129 129 129 130 130 130 130 130 130 130 130 130 128 128 128 129
 131 131 132 132 132 134 135 135 135 136 136 135 134 135 136 135 135 136
 137 136 137 136 135 135 136 137 136 135 137 137 137 136 136 136 136 137
 135 135 135 135 135 135 133 132 133 133 134 134 133 132 133 134 134 134
 133 131 132 133 133 130 108  80  54  50  51  48  51  50  50  49  49  50
  51  51  50  50  51  51  51  51  50  50  50  50  50  50  50  52  53  53
  54  55  57  59  60  61  61  62  62  62  62  61  59  58  57  55  54  52
  54  55  55  55  55  54  53  53  52  53  53  53  53  53  53  53  55  57
  63  70  83 108 127 129 131 132 134 134 135 135 134 133 132 132 131 131
 131 131 131 131 132 132 132 131 131 132 130 126 124 125 127 128 129 129
 130  28]"
"[ 30  29 124 122 121 124 125 124 124 125 128 129 130 129 129 129 129 130
 131 131 130 130 130 131 131 130 129 129 129 130 130 130 129 128 129 130
 131 132 132 133 132 134 135 135 135 136 136 135 134 136 136 135 135 136
 137 136 137 136 135 135 136 136 136 136 136 136 136 135 135 135 136 136
 134 135 136 136 137 136 135 133 134 134 134 133 132 132 133 133 133 135
 135 133 133 134 132 128 110  84  55  50  50  47  50  50  50  49  48  49
  50  50  49  48  50  50  50  49  48  48  48  48  50  50  51  53  53  53
  54  55  56  59  62  63  64  64  63  63  62  61  60  58  56  54  54  53
  54  54  55  55  55  55  54  54  53  54  54  53  52  52  52  51  54  55
  61  65  73  98 123 129 132 133 133 134 135 136 135 133 132 132 132 132
 132 133 133 133 132 132 131 130 131 132 131 127 126 126 128 129 131 130
 130  28]"
"[ 30  28 123 123 124 126 124 124 123 124 125 127 130 129 128 128 130 130
 130 130 130 130 130 130 130 130 130 130 130 130 130 130 129 130 131 131
 132 132 132 132 132 132 132 133 135 136 136 135 135 135 135 136 137 137
 136 135 136 136 135 135 136 136 136 136 135 136 136 137 137 136 135 135
 134 135 135 136 136 136 135 133 134 134 134 134 133 132 131 131 133 134
 133 133 133 132 131 130 120  94  54  50  48  49  46  49  48  49  49  49
  48  47  48  48  48  49  49  47  47  47  48  47  49  49  51  53  54  53
  53  54  56  59  61  62  63  65  63  60  61  62  62  60  58  56  54  52
  53  54  54  54  54  55  55  54  54  53  53  53  53  52  52  51  53  53
  60  64  68  87 109 118 128 132 134 134 136 135 132 134 132 132 132 131
 132 133 133 133 132 131 131 130 130 130 130 130 129 129 129 129 131 131
 131  29]"
"[ 28  28 124 124 124 126 125 126 123 124 124 126 128 128 128 130 129 129
 129 129 129 130 130 130 130 130 130 130 130 130 130 130 130 130 131 132
 132 132 133 132 132 132 132 133 134 135 136 136 136 136 136 136 136 136
 136 135 136 135 135 135 136 136 137 137 136 136 136 136 135 135 134 133
 134 135 135 135 135 135 134 133 133 133 133 133 132 132 131 131 133 133
 134 134 134 133 132 130 122  94  52  47  48  50  45  45  47  48  50  49
  48  47  47  47  49  50  49  48  48  49  49  49  50  50  51  53  53  53
  54  55  58  60  62  62  63  64  63  61  63  63  63  61  59  57  55  54
  54  55  55  55  54  55  55  54  53  52  53  53  54  53  53  53  52  54
  57  61  65  74  94 115 124 130 133 134 134 136 137 133 133 134 133 133
 133 133 134 133 133 133 133 132 132 131 131 131 132 131 131 130 131 131
 131  29]"
"[ 29  29 125 124 124 124 123 125 124 124 124 126 127 127 128 132 129 129
 129 129 129 130 130 130 130 130 130 130 130 130 130 130 131 131 132 132
 133 133 133 133 133 133 134 134 135 136 137 137 136 136 136 136 136 136
 136 135 135 135 134 135 136 137 137 137 136 136 136 135 134 133 133 132
 134 134 135 135 135 135 134 132 132 132 132 133 133 132 132 132 132 133
 134 134 134 133 132 130 123 100  58  48  48  49  46  47  47  48  50  50
  50  48  48  47  49  49  48  48  48  49  50  50  50  50  52  53  54  54
  55  56  59  60  61  61  62  64  63  62  64  65  64  62  59  58  56  55
  54  55  55  54  53  53  53  53  51  51  52  53  53  53  53  54  52  54
  53  58  65  64  77 104 122 128 132 136 134 134 138 133 135 135 135 134
 134 134 134 134 134 134 134 133 132 132 132 132 132 131 131 130 131 131
 131  29]"
"[ 29  29 124 123 123 123 122 123 125 126 126 127 127 125 126 130 129 129
 129 129 129 130 130 131 130 130 130 130 130 130 130 130 131 131 132 132
 133 133 133 133 133 134 135 135 135 136 137 138 136 136 136 136 136 136
 136 136 135 135 135 135 136 137 137 137 137 136 136 135 134 133 133 133
 134 135 135 135 135 135 134 133 132 132 133 134 134 134 134 134 133 134
 134 134 134 134 132 130 127 108  67  50  48  50  48  49  47  48  50  51
  50  50  49  49  48  48  47  48  49  50  50  50  50  50  52  53  54  55
  56  57  58  59  60  60  62  64  65  64  66  66  65  62  59  58  56  55
  53  54  54  53  52  52  52  52  51  51  52  53  53  53  53  54  53  53
  51  57  65  63  69  88 117 127 130 135 136 132 135 135 136 136 136 135
 135 135 135 135 134 135 135 134 133 132 132 132 132 131 131 130 131 131
 131  29]"
"[ 29  28 123 122 123 124 123 124 123 127 128 128 127 125 125 128 129 129
 129 129 129 129 130 130 130 130 130 130 130 130 130 130 131 131 131 132
 132 133 133 133 131 133 135 135 135 135 135 136 136 136 136 136 136 136
 136 136 136 136 136 136 136 137 137 136 137 137 137 136 135 134 134 135
 135 136 136 135 135 136 135 134 134 134 134 135 135 136 136 135 135 135
 135 135 134 134 133 132 132 115  72  49  49  51  49  47  47  47  48  49
  50  50  50  50  48  48  48  49  50  50  50  50  50  51  52  54  55  55
  55  56  57  58  59  61  63  65  66  65  65  65  64  62  59  57  55  54
  53  54  54  53  53  53  53  53  52  51  51  52  53  52  53  53  53  52
  53  56  61  63  67  74 104 125 130 132 137 134 134 137 135 136 136 136
 136 136 136 135 135 135 136 135 133 132 132 133 133 132 133 132 133 132
 132  29]"
"[ 29  28 122 121 121 122 121 122 124 129 130 128 127 126 125 126 127 128
 128 128 127 127 128 129 130 130 130 130 130 130 130 130 131 131 131 131
 132 132 133 133 131 133 135 135 135 135 135 136 137 137 137 137 136 136
 136 136 136 136 136 136 137 137 137 136 137 137 137 137 136 135 135 136
 136 136 136 136 136 136 136 135 135 135 135 135 135 135 135 135 135 135
 134 133 133 134 133 132 132 121  80  51  47  48  48  47  46  46  47  48
  48  49  49  50  48  47  47  48  49  49  49  50  51  51  53  54  55  54
  55  56  57  57  58  60  62  63  64  64  64  64  64  62  59  57  55  54
  54  55  54  54  54  54  54  53  51  50  50  51  51  52  52  52  53  54
  56  55  55  60  66  67  91 120 134 131 135 139 135 136 135 136 136 136
 136 137 136 136 135 135 136 135 134 133 132 132 134 133 134 134 134 133
 132  29]"
"[ 30  29 123 121 120 121 121 124 131 135 134 128 125 125 125 125 126 126
 127 126 126 126 128 129 129 130 130 130 130 130 130 130 130 130 130 131
 131 132 133 134 133 134 135 136 135 135 136 136 137 137 137 137 136 136
 136 137 136 136 136 136 137 137 137 137 137 138 138 137 136 135 135 136
 136 137 136 136 136 137 137 136 135 135 135 135 135 135 135 135 135 135
 134 133 133 134 134 133 131 127  90  56  47  46  48  49  46  46  47  47
  48  48  49  49  49  48  47  48  48  48  49  50  51  51  53  54  55  55
  56  57  57  57  58  60  62  62  63  63  62  63  64  62  60  59  57  56
  55  55  54  53  54  54  54  53  50  48  48  49  51  52  53  53  55  56
  56  54  54  59  63  64  77 104 132 133 133 139 136 135 135 136 137 137
 137 137 136 136 135 135 135 135 134 133 133 132 134 133 134 133 134 133
 132  29]"
"[ 29  29 124 122 122 124 126 130 138 142 138 128 124 124 124 123 124 125
 126 126 126 126 128 129 129 129 130 130 130 130 130 130 130 130 130 131
 131 132 133 134 133 134 134 135 135 135 136 136 136 136 137 137 137 137
 137 138 135 135 135 136 137 137 137 137 137 138 138 137 136 135 135 135
 136 137 136 136 137 137 137 136 135 135 135 135 136 136 136 136 135 135
 135 134 135 136 136 135 133 130  93  57  49  48  49  47  47  47  47  48
  48  48  48  48  51  49  48  48  48  48  49  52  51  51  52  54  55  56
  57  59  59  58  59  61  62  63  64  64  61  63  64  63  62  60  58  57
  56  55  54  53  54  54  54  52  50  48  48  50  53  55  55  55  57  57
  54  54  58  60  61  64  64  85 124 135 131 136 136 138 136 137 137 137
 137 137 136 136 136 136 136 136 136 135 134 133 133 133 133 133 133 133
 133  30]"
"[ 30  28 127 123 125 128 136 146 146 136 128 125 125 124 124 125 125 123
 128 125 124 126 132 128 130 130 130 130 130 130 130 131 129 131 131 131
 131 131 132 133 133 134 135 136 136 136 136 136 136 137 137 137 136 136
 136 137 137 137 137 137 137 137 138 138 138 138 137 137 136 136 135 135
 137 136 136 136 136 136 136 135 135 135 135 135 135 135 136 136 134 134
 135 135 135 135 136 136 132 125  99  65  44  49  48  49  48  48  49  48
  48  47  48  48  48  49  49  48  47  48  50  51  50  50  51  53  55  56
  57  57  58  59  60  62  64  65  66  65  61  61  62  62  60  58  55  55
  54  53  52  53  53  52  51  51  48  47  47  49  51  54  56  57  58  56
  56  58  60  61  62  63  65  72 108 129 132 137 138 137 134 137 139 134
 140 139 135 136 137 137 136 136 136 136 136 135 133 133 135 135 135 135
 135  29]"
"[ 28  28 124 127 135 147 152 145 128 126 124 124 124 123 123 125 125 125
 123 127 129 127 127 128 129 129 130 130 130 130 130 131 130 131 131 131
 131 132 132 132 133 134 135 136 136 136 136 136 137 137 137 137 136 137
 137 138 137 137 137 137 137 137 137 138 137 137 137 137 136 136 136 135
 136 136 136 136 136 137 136 136 135 136 136 136 136 136 136 136 135 135
 135 135 136 136 136 136 132 127 110  76  47  47  46  48  49  49  49  48
  48  48  48  49  49  49  49  48  48  49  50  50  49  50  51  53  55  57
  58  58  58  60  61  62  64  65  66  65  61  61  62  62  61  59  57  56
  56  55  54  53  53  52  51  51  50  49  49  51  53  55  56  58  58  58
  58  59  60  61  63  65  67  68  92 120 133 136 138 138 140 137 139 136
 139 137 137 139 137 137 137 136 136 136 135 135 133 133 135 135 136 136
 135  29]"
"[ 30  31 131 141 146 139 130 121 121 121 122 124 124 124 125 127 124 129
 123 126 123 126 129 129 128 129 130 130 130 130 131 131 130 131 131 131
 131 132 132 131 133 134 135 136 136 136 136 137 138 138 137 137 137 138
 138 138 138 137 137 137 137 137 137 137 136 137 137 137 137 137 136 136
 136 135 136 136 137 137 137 137 137 137 137 137 136 136 136 136 136 136
 136 136 136 136 136 136 134 129 120  85  48  45  47  48  49  49  49  48
  48  48  49  49  49  49  49  49  50  50  50  49  49  50  51  53  55  57
  58  58  58  60  62  63  64  65  65  65  63  62  63  63  63  61  59  59
  57  56  55  55  54  53  52  52  52  51  51  52  54  55  56  58  58  58
  59  60  60  61  63  65  65  69  81 111 134 141 140 136 138 136 141 138
 139 138 138 137 137 137 137 137 137 136 136 135 134 134 136 136 137 136
 135  29]"
"[ 31  27 137 137 137 114 102 103 108 108 114 122 126 123 118 116 119 123
 125 132 128 128 131 126 128 129 130 130 130 131 131 132 132 132 131 131
 132 133 133 133 132 133 134 135 136 136 137 137 138 138 137 137 138 138
 138 138 138 138 137 137 137 137 137 137 137 137 137 137 137 136 136 135
 136 136 136 136 137 138 137 137 137 137 137 137 136 136 136 136 136 136
 136 137 137 136 136 136 137 131 128  95  54  49  50  47  49  49  49  48
  48  48  49  49  49  50  50  50  50  50  50  49  51  51  52  54  55  56
  57  57  57  59  62  63  64  64  65  65  64  63  64  65  65  63  61  60
  56  55  55  55  55  54  53  53  52  51  51  52  53  55  56  57  59  59
  59  59  60  62  63  64  66  70  74  98 129 145 141 138 139 144 148 140
 141 144 142 138 138 138 139 138 138 137 136 136 136 135 137 136 136 136
 134  28]"
"[ 32  27 154 144 143 133 131 129 120 117 115 109  91  67  51  46  58  61
  74 103 130 129 128 128 130 130 130 130 130 130 131 132 133 133 131 131
 133 135 135 135 131 132 134 135 136 137 138 138 138 137 137 137 138 138
 138 137 138 138 137 137 137 137 137 137 137 137 136 136 136 135 135 135
 136 136 136 137 137 137 137 136 137 137 137 137 136 135 135 135 136 136
 137 137 137 137 136 136 134 132 132 102  61  48  50  44  48  48  49  49
  48  48  48  48  49  50  51  50  49  49  50  50  51  51  52  53  54  55
  55  55  56  58  60  62  63  64  64  64  64  64  64  65  65  63  60  59
  55  55  55  55  55  54  53  52  51  50  50  52  53  54  55  56  59  59
  59  60  62  63  64  64  70  69  68  83 116 144 141 144 144 153 154 143
 146 146 143 142 139 139 139 138 138 137 137 137 138 136 137 136 136 136
 134  28]"
"[ 28  30 153 148 133 119 110  91  73  56  42  39  41  38  35  35  31  35
  38  62 114 130 126 128 130 130 130 130 130 130 131 132 133 132 131 130
 132 134 134 134 132 133 134 135 136 137 138 138 137 137 137 138 138 138
 137 137 138 138 137 137 137 137 137 137 136 136 135 135 135 135 135 136
 136 136 136 137 137 137 136 136 136 137 137 137 136 136 135 135 136 136
 137 137 137 137 136 136 137 138 135 111  72  49  52  51  47  48  48  48
  48  48  48  48  49  50  51  49  48  49  50  51  50  51  52  53  54  54
  55  55  57  58  60  61  62  63  64  64  65  64  65  65  64  62  60  59
  58  57  56  56  56  54  53  52  52  51  51  52  54  54  55  56  60  60
  61  62  63  65  65  65  67  71  72  75 101 142 147 152 149 154 157 150
 152 147 143 145 140 139 138 138 138 138 138 137 138 137 137 136 136 136
 135  29]"
"[ 31  25  72  62  43  29  25  19  17  21  27  33  33  32  35  40  39  40
  36  40  83 123 130 129 129 129 129 129 129 130 131 131 132 131 131 130
 131 132 132 131 134 134 135 136 136 137 137 138 138 138 138 138 138 138
 138 138 138 138 137 137 137 137 137 137 136 136 136 136 136 136 136 136
 135 135 136 137 137 137 136 136 136 137 137 137 137 136 136 136 136 137
 137 137 137 137 137 136 135 135 128 114  82  45  46  48  48  48  48  48
  48  48  48  48  49  50  50  49  49  49  50  50  50  51  53  54  55  55
  56  56  58  59  60  61  62  64  64  64  65  65  65  65  64  62  61  61
  61  59  58  57  56  54  53  53  53  52  52  53  54  55  55  55  59  61
  63  64  64  65  66  66  66  75  77  77  87 127 153 173 160 158 162 154
 147 142 141 139 141 140 138 138 139 140 139 139 140 138 138 137 137 137
 136  30]"
"[ 29  30  15  15  20  21  19  25  28  29  31  32  34  37  38  37  38  35
  39  38  57 107 126 124 128 128 129 129 129 130 130 131 132 132 132 131
 132 132 131 130 135 136 136 137 137 137 137 137 138 139 139 138 138 137
 138 139 138 137 137 137 137 137 137 137 138 138 137 137 137 137 136 136
 135 135 135 136 137 137 136 136 136 137 137 137 137 137 137 137 136 137
 137 138 138 137 137 137 136 136 128 127 102  54  47  47  48  48  48  48
  48  48  48  49  50  50  50  49  50  50  50  50  51  53  54  55  56  56
  57  57  60  61  61  61  62  64  64  64  65  64  64  63  62  61  61  62
  61  59  57  56  54  53  53  53  54  53  53  54  54  54  55  55  57  62
  65  65  64  65  66  67  73  74  73  82  78 103 152 198 197 187 187 171
 154 155 161 154 143 141 139 139 140 141 141 140 141 139 139 138 138 138
 136  29]"
"[ 29  27  27  25  27  30  29  28  28  32  33  33  34  37  37  35  37  35
  38  37  42  80 126 127 127 128 129 130 130 130 130 130 131 130 130 131
 132 132 134 135 136 136 136 136 137 137 137 138 138 138 138 138 138 138
 138 138 138 137 137 137 137 137 137 137 136 137 137 137 137 137 136 136
 135 136 136 137 136 136 137 137 137 137 138 138 138 138 137 137 137 137
 138 138 138 137 137 136 137 135 132 127 111  61  44  50  48  48  48  48
  48  48  48  48  49  49  50  50  50  50  50  49  51  53  55  55  55  55
  57  59  61  61  61  61  62  63  65  65  65  65  65  66  66  65  64  64
  62  60  57  55  55  54  54  53  52  53  54  55  55  55  55  55  57  60
  62  63  63  65  68  71  73  74  77  81  76  89 131 211 241 244 242 220
 195 187 195 170 151 147 146 144 138 140 144 142 143 137 143 136 137 137
 135  28]"
"[ 29  30  33  32  32  34  33  35  31  32  33  33  35  37  37  34  32  33
  33  30  29  50 107 135 127 128 129 130 130 130 130 131 131 131 131 131
 132 133 134 134 136 136 136 137 137 138 139 139 139 139 139 138 138 138
 138 138 138 138 138 137 137 137 137 136 138 138 138 138 138 137 136 136
 135 135 136 136 136 137 137 137 138 138 138 138 138 138 138 138 138 138
 138 138 138 138 138 138 137 136 132 127 120  74  47  46  47  47  47  49
  49  48  48  48  49  50  51  51  51  50  51  51  52  54  55  56  56  57
  58  60  61  61  62  62  63  64  65  65  64  64  64  65  65  64  64  65
  63  62  60  58  57  55  54  53  55  54  53  54  54  55  56  58  57  59
  62  63  65  67  70  73  74  77  78  82  81  78 102 191 242 246 251 251
 244 240 232 200 178 167 161 158 157 158 156 147 146 145 136 143 137 137
 137  31]"
"[ 28  30  34  33  32  33  32  34  34  32  30  30  32  32  30  28  26  27
  25  26  28  33  91 131 128 129 130 131 131 131 131 131 131 132 133 132
 132 134 134 133 134 134 135 135 136 137 137 138 138 138 138 138 138 138
 138 138 138 138 137 137 136 136 135 135 136 137 138 138 138 137 136 135
 135 136 136 136 136 137 137 137 138 138 137 137 137 138 138 138 137 137
 137 137 137 137 138 138 138 139 138 132 128  85  51  50  47  47  48  50
  51  51  50  50  48  49  50  50  49  49  51  52  53  54  55  56  56  57
  58  59  61  62  63  64  65  65  65  66  65  65  65  66  65  64  65  66
  63  62  60  58  56  55  54  53  56  54  53  53  53  54  56  57  57  59
  61  63  65  68  71  73  77  79  82  81  80  74  75 132 234 248 250 252
 251 252 253 254 248 234 220 210 206 209 211 207 192 194 197 197 193 186
 176  31]"
"[ 30  30  33  32  33  34  32  32  31  27  25  25  25  24  22  21  23  26
  23  23  25  27  94 139 130 130 131 131 131 131 131 131 131 133 134 132
 133 135 134 132 135 135 135 136 136 137 137 138 138 138 138 138 138 138
 138 138 139 139 139 139 138 137 136 136 136 137 138 139 139 138 137 136
 136 136 136 136 136 136 136 137 138 138 138 138 138 138 138 139 138 138
 138 139 139 139 139 139 137 135 137 136 135 100  59  46  47  47  48  50
  52  52  51  50  48  49  50  50  50  50  51  52  54  54  55  55  56  57
  58  59  60  61  63  64  63  63  63  64  64  64  64  64  63  62  63  65
  66  65  63  60  58  57  57  58  55  55  54  54  54  54  54  55  58  59
  60  62  64  67  69  71  71  74  78  76  77  81  72  89 187 242 245 247
 254 255 248 255 253 253 254 255 253 254 254 251 249 246 248 250 251 249
 242  25]"
"[ 29  27  28  26  25  26  24  25  26  23  22  23  23  21  21  22  17  19
  21  24  25  28  94 134 130 130 130 131 131 131 130 130 130 133 134 133
 133 135 135 133 135 135 135 136 136 137 137 137 137 137 137 137 137 137
 137 137 137 138 138 138 138 137 136 136 135 136 137 138 138 137 136 135
 136 136 136 136 136 137 137 137 137 137 137 138 138 137 137 137 137 137
 138 139 139 139 138 138 141 137 140 137 134 114  75  46  48  47  47  49
  51  51  51  51  50  49  49  50  51  52  52  52  53  53  54  55  57  58
  59  59  61  63  64  65  64  64  65  66  66  66  66  66  65  64  65  66
  66  65  64  62  59  57  56  56  55  55  54  54  54  53  52  53  55  56
  58  59  62  64  66  67  72  77  72  70  73  71  65  71 132 227 244 245
 249 251 252 253 253 253 253 252 252 252 253 253 253 253 253 252 251 250
 245  29]"
"[ 30  30  31  26  21  20  19  22  21  19  19  19  18  17  17  19  21  19
  21  23  19  25  93 135 130 130 130 131 131 131 131 131 130 132 133 133
 133 134 134 133 135 135 136 136 137 137 138 138 138 138 138 138 138 138
 138 138 137 138 138 138 138 138 138 137 137 137 138 138 138 137 137 136
 135 135 135 136 137 138 138 138 137 138 138 138 139 138 138 137 138 138
 139 140 140 139 139 139 135 136 140 137 136 128  91  49  48  47  47  48
  49  49  49  50  51  50  49  50  51  52  52  51  53  53  54  55  57  58
  60  60  59  60  61  62  62  63  64  65  64  64  64  64  64  63  64  65
  65  65  65  64  61  58  55  54  56  55  54  53  53  52  52  53  53  54
  55  57  59  62  64  65  65  67  64  67  65  63  65  60  83 174 225 247
 249 250 253 250 251 252 252 252 252 253 252 252 251 250 254 251 252 251
 242  28]"
"[ 30  29  30  25  20  19  18  20  20  19  19  18  18  17  17  17  19  18
  18  18  15  28  88 130 131 130 130 131 132 132 132 131 131 131 131 132
 132 132 132 132 135 136 136 137 137 137 138 138 138 138 138 138 138 138
 138 138 137 138 138 138 138 138 138 138 138 138 138 138 138 138 137 137
 134 134 134 134 135 136 136 136 138 138 138 138 138 138 138 138 138 138
 139 139 139 139 139 139 140 140 136 138 140 131  96  56  49  48  47  48
  49  48  49  49  52  52  52  52  53  53  53  52  53  54  55  55  56  57
  58  59  62  62  63  63  64  64  65  65  65  65  65  66  66  65  66  66
  64  64  64  64  62  60  58  57  56  55  54  54  54  53  53  54  54  54
  55  56  57  58  60  61  63  61  62  62  56  56  58  46  56 123 193 239
 244 241 244 246 244 246 246 244 243 243 243 246 245 244 244 247 243 235
 220  26]"
"[31 29 30 29 29 30 28 28 29 29 29 28 29 29 29 28 29 29 28 32 32 26 30 29
 29 29 28 29 29 29 29 28 29 29 29 30 30 29 29 29 29 29 29 29 29 29 29 29
 29 29 29 29 29 29 28 28 29 29 29 29 29 29 29 29 29 29 29 29 29 29 29 29
 30 29 29 29 29 30 30 29 29 29 29 29 29 29 29 29 29 29 29 29 29 29 29 29
 28 31 27 29 31 28 30 30 29 29 29 29 29 29 29 29 28 29 29 29 29 29 28 28
 29 29 29 29 29 29 29 30 28 28 29 29 29 29 29 29 29 29 29 29 29 29 29 29
 29 29 29 29 28 28 29 29 29 29 29 30 29 29 28 28 28 29 29 28 28 28 29 30
 29 30 28 26 31 29 26 31 30 29 28 30 28 30 27 29 29 30 29 28 30 30 29 29
 29 28 29 28 29 31 26 32]"
