"[25 22 19 19 22 23 22 20 23 23 22 21 20 20 19 19 17 17 17 18 18 18 18 18
 23 22 22 21 20 19 19 18 18 18 18 18 18 18 18 18 22 22 22 22 23 24 25 25
 23 22 22 23 24 24 23 21 25 27 26 21 23 32 41 45]","[20 16 12 11 12 11  9  9  8  7  7  7  7  7  6  6  7  8  8  7  7  6  6  6
  8  8  7  7  7  7  6  6  6  6  6  6  6  6  6  6  7  8 10 12 13 12 11 10
 10 10 11 13 15 16 15 15 21 21 20 22 32 47 55 56]","[27 24 20 17 16 15 12 10 14 14 13 11 10  8  7  7  6  6  5  5  4  4  3  3
  2  2  2  2  2  2  2  2  2  3  3  3  3  2  2  1  2  4  8 10 11 10  8  6
  8  9 11 13 15 16 17 17 16 19 25 35 50 63 64 58]","[34 32 30 28 27 25 24 24 21 20 18 15 12 10  9  8  9  9  9  9  9 10 10 10
  7  7  7  7  7  7  7  7  5  6  5  5  5  5  5  6  7  9 11 13 14 14 13 13
 15 16 18 19 19 19 20 21 20 29 42 55 66 69 60 48]","[24 24 23 23 23 23 23 24 26 25 25 23 21 19 18 19 13 12 12 11 10 10  9  9
  8  8  7  7  7  6  6  6  5  6  5  6  5  5  5  5  9  9  8  9  9 12 14 15
 17 19 18 17 14 15 18 21 34 46 58 64 65 64 56 48]","[15 16 16 17 16 15 16 17 24 24 25 26 27 27 28 28 24 23 22 20 17 15 14 13
  9  9  8  7  6  5  5  4  5  5  5  5  5  5  5  5  9  7  7  6  7 10 14 16
 16 17 17 15 13 16 23 29 51 57 61 58 57 59 60 59]","[25 26 25 22 18 15 16 18 11 11 13 13 13 14 15 15 27 26 26 25 23 22 22 21
 18 17 16 14 13 11 10 10  8  8  8  8  8  8  8  8  9  9  9  9 11 14 16 18
 17 18 19 18 20 27 40 50 57 59 58 55 57 62 63 61]","[39 40 38 32 25 21 20 21 20 19 18 17 16 15 14 14 11 12 13 14 16 18 19 19
 25 24 23 21 19 17 16 15 10 10 10 10 10 10 10 10  7  8 10 12 14 15 16 16
 15 17 19 20 24 36 52 65 55 56 57 59 65 68 62 52]","[54 85 82 76 71 59 55 43 34 31 27 25 25 23 19 16 19 17 14 13 13 14 14 13
 18 16 13 13 14 16 16 16 17 16 14 11 10 10 13 16 15 12  8  9 13 17 17 16
 20 15 16 28 47 59 59 54 59 56 61 65 63 68 68 55]","[54 87 89 91 94 90 94 86 90 84 76 68 61 54 45 40 27 24 21 19 18 17 16 15
 10  8  7  9 12 14 14 13 14 16 18 19 18 15 12 11  7  7  8 10 14 16 16 15
 17 22 33 46 56 58 54 50 60 57 62 65 63 69 68 55]","[43 75 76 77 81 79 85 79 82 81 80 82 84 85 85 84 80 74 66 57 49 41 34 29
 25 23 20 17 15 13  8  5  6  9 11 14 15 15 13 12 12 12 14 15 14 13 13 13
 24 35 49 58 59 56 54 53 61 58 63 66 64 70 70 57]","[49 80 77 74 74 70 75 68 73 73 73 74 74 75 75 75 84 82 80 80 80 80 78 77
 59 56 51 46 41 35 27 22 18 15 11 10 10 10 11 11 11 12 12 10  9 11 17 22
 40 46 53 55 54 54 59 64 63 60 65 68 66 71 71 58]","[49 79 77 75 77 75 81 75 78 77 76 73 70 67 65 65 66 66 66 69 73 76 76 75
 71 70 69 69 68 66 62 59 51 44 36 29 25 21 18 15  9  8  6  4  6 15 29 40
 49 50 51 52 54 58 63 67 64 61 66 70 68 73 73 60]","[41 72 71 70 74 72 79 73 71 73 74 74 72 72 73 75 72 70 67 65 64 61 57 54
 66 65 65 66 68 68 67 65 64 62 59 58 57 53 45 39 34 29 23 18 18 26 37 45
 48 49 51 55 60 63 63 62 66 63 68 71 69 74 74 61]","[50 81 80 79 81 78 83 76 80 81 81 77 71 67 67 68 67 67 68 70 72 73 71 69
 64 62 59 58 58 57 56 54 60 58 58 62 66 65 60 55 54 49 43 40 39 40 41 41
 48 50 54 58 61 62 62 62 67 64 69 72 70 76 75 63]","[48 80 80 80 83 80 85 78 77 80 82 81 78 77 79 82 74 73 71 70 69 66 61 58
 67 64 61 60 60 61 60 60 62 55 49 47 49 51 49 46 45 44 44 47 51 51 47 42
 52 55 57 57 56 58 63 68 68 65 70 73 71 76 76 63]","[48 80 80 81 86 83 87 79 84 84 84 83 82 82 81 81 77 75 73 72 72 72 70 68
 72 68 63 60 59 60 59 58 53 53 52 52 51 50 50 50 44 42 39 40 43 47 50 51
 53 54 56 58 61 63 65 66 71 68 73 76 73 78 78 65]","[51 82 82 82 86 84 89 82 84 84 83 83 83 83 83 82 83 81 79 79 79 78 76 74
 75 72 68 66 66 65 64 62 60 59 58 56 54 52 51 50 48 45 42 42 45 49 51 52
 54 55 57 60 62 64 66 67 72 69 74 77 74 79 79 66]","[53 84 84 83 86 85 91 85 86 86 86 86 86 87 87 87 85 83 81 81 81 81 79 77
 80 77 75 73 73 72 70 67 69 67 65 62 59 56 54 53 54 51 47 46 48 51 53 54
 57 58 59 62 64 66 68 69 74 70 75 78 76 81 80 67]","[54 86 85 83 85 84 92 88 89 89 89 90 90 91 91 92 87 85 83 83 84 83 81 80
 82 80 79 78 78 76 73 71 73 72 70 67 64 61 59 57 61 57 53 51 52 55 56 56
 60 61 62 64 67 69 70 71 75 72 77 80 78 82 82 69]","[53 86 86 83 85 83 92 88 89 89 89 90 91 91 92 92 92 90 89 89 90 89 88 86
 83 82 80 80 80 79 76 73 74 74 72 70 68 66 64 63 66 62 58 56 56 58 59 59
 64 64 66 67 69 71 73 73 78 74 79 82 80 85 84 71]","[52 86 88 86 86 83 92 89 88 88 88 88 89 89 89 89 92 91 89 89 91 91 89 88
 86 84 82 81 82 81 79 77 76 75 74 73 72 70 69 69 69 65 61 59 59 61 62 62
 67 67 69 70 72 74 75 76 79 76 81 84 82 86 86 73]","[52 87 91 89 89 85 93 90 90 90 90 90 90 89 89 89 92 91 89 90 91 91 90 88
 91 89 85 84 84 85 84 83 80 79 78 77 75 74 72 72 71 67 63 61 62 63 64 65
 69 70 71 72 74 75 77 77 81 78 83 85 83 88 87 74]","[52 89 93 92 91 87 94 91 95 95 94 94 93 92 92 92 97 96 94 95 96 96 95 94
 96 92 88 87 87 88 88 88 84 83 81 79 77 75 74 73 71 67 63 61 63 65 66 66
 71 71 72 74 75 76 77 78 82 78 83 86 84 89 88 75]","[ 53  95  95  94 100  93  95  95  92  92  93  94  95  96  97  98  96  97
  98  98  97  95  93  92  98  98  98  97  95  92  90  88  89  87  85  82
  79  77  76  76  69  70  69  66  62  62  65  69  77  70  69  76  80  77
  76  79  77  93  92  88  80  87  99  75]","[ 52  93  93  91  98  91  94  95  95  95  95  96  96  96  96  96  97  97
  98  98  97  97  96  95 100 100 100 100  99  97  95  93  93  91  89  86
  83  81  79  79  72  73  72  69  65  65  68  71  75  75  76  79  79  79
  80  83  88  82  77  95  96  88  92  75]","[ 52  93  92  89  95  89  93  95  98  98  98  98  97  97  96  96  99  98
  98  98  98  99 100 100 102 102 103 103 103 102 101 101  98  97  95  92
  89  86  84  83  77  76  75  72  70  70  72  75  72  78  81  79  78  81
  84  85  85  87  85  95  89  87 109 107]","[ 54  94  92  88  95  90  94  96  99  99  99  99  99  99  99  99 100  99
  98  98  99 101 103 105 103 103 104 105 106 106 106 106 102 102 100  98
  95  92  89  88  81  80  78  75  73  74  75  77  70  77  80  77  78  85
  88  85  83  97  90  83  87 119 154 141]","[ 56  96  94  90  97  92  96  99  97  98  98  99 100 101 101 102 101 100
  99  99 101 103 105 106 102 103 104 105 106 107 109 109 105 105 104 103
 100  97  95  93  87  84  80  78  76  76  77  77  75  77  78  79  83  89
  90  87  90  92  80  94 130 173 186 145]","[ 57  97  96  93 100  94  98 100  96  97  98  99 100 101 102 103 100 100
 101 101 102 103 105 105 102 103 103 104 106 108 110 111 108 108 109 108
 107 104 101 100  93  89  84  81  80  79  78  77  81  80  82  86  86  84
  86  90  87  92 105 146 178 189 184 147]","[ 56  97  97  95 102  95  98  99  98  98  98  99 100 100 101 101 100 101
 102 103 103 103 103 103 103 103 103 104 106 108 110 112 111 112 113 114
 113 111 108 107 100  95  89  85  83  82  80  78  84  82  86  92  82  68
  73  90  99 128 157 186 188 181 179 153]","[ 55  97  98  96 103  95  97  97 100 100  99  99  99  98  98  98  99 100
 102 104 104 103 102 101 105 104 104 105 106 108 111 112 113 114 116 117
 117 115 113 111 105  99  92  88  86  85  82  79  82  81  89  94  75  52
  60  87 134 170 183 183 180 189 188 146]","[ 50  94  95  91 100  96  97  93  99  99  99  99 100 100 100 100  98 100
 103 104 103 102 103 103 108 107 107 108 111 112 111 109 120 115 114 118
 123 124 120 118 118 112 122 101 100  86  94  78  86  85  87  84  64  41
  51  80 179 179 186 183 190 187 195 147]","[ 57 100  99  93  99  96  98  96 100 100 101 101 101 102 102 102 103 105
 107 107 107 106 107 109 108 112 115 111 106 107 115 124 114 113 114 114
 115 116 118 121 118 112 117 100 102  85  90  85  81  93  85  72  58  36
  51 105 180 179 187 184 190 187 196 148]","[ 57 100  97  89  94  91  95  94  96  97  97  97  98  98  99  99 101 102
 103 103 103 103 106 108 106 108 108 107 106 109 116 122 120 123 124 119
 114 117 126 135 132 134 135 123 131 112 101  93  84  89  72  61  52  30
  63 150 182 181 189 185 192 188 197 149]","[ 56 101 100  94  99  95  98  97 100 100 101 101 102 103 103 104 104 105
 105 105 104 106 109 112 115 108 105 111 121 123 114 103 101 103 100  89
  81  84  93 101  97 106  97  89 115 129 120 105  89  67  51  50  42  41
 101 188 184 183 190 187 193 190 198 150]","[ 62 110 115 111 117 112 114 113 117 117 118 119 120 120 121 121 121 122
 123 123 123 124 128 131 131 129 129 133 134 124 104  88  90  90  81  64
  52  51  54  54  46  54  38  35  80 144 150 124  74  46  38  33  31  83
 158 193 186 185 192 188 194 191 199 151]","[ 66 117 124 123 128 124 126 125 129 129 130 131 132 133 134 135 136 137
 139 139 139 141 143 146 140 149 153 142 117  93  79  75 101 103  94  73
  56  51  47  42  38  44  37  47  80 148 141  89  44  39  36  26  51 140
 198 179 188 187 194 190 196 192 200 152]","[ 67 118 125 123 128 124 129 130 131 131 132 133 135 136 137 137 137 139
 142 144 144 144 146 148 144 151 147 121  85  60  56  63  81  93  92  72
  53  46  44  40  43  35  42  70  72 115  92  25  29  38  33  50 117 182
 194 181 189 189 196 191 197 193 201 153]","[ 71 121 126 122 126 123 130 133 132 132 133 134 136 137 138 139 135 138
 142 144 144 144 145 146 153 146 127  96  65  49  50  58  55  75  84  68
  49  43  45  45  47  20  28  66  53  91  78  23  31  36  26  83 185 197
 171 197 190 189 196 192 198 194 201 153]","[ 65 124 124 129 122 130 127 130 131 133 135 135 135 135 137 139 142 140
 141 144 146 146 146 147 160 131  96  73  58  45  38  37  33  70  70  58
  41  28  43  52  37  26  30  50  64  61  57  59  43  14  72 167 192 187
 184 188 190 192 190 197 194 201 201 155]","[ 66 124 125 129 123 130 128 130 131 133 135 135 135 136 138 140 141 141
 142 144 145 146 147 148 144 113  78  58  50  41  33  29  33  69  66  51
  38  31  43  46  30  21  25  43  55  54  51  53  52  71 144 187 180 187
 192 184 191 193 191 198 195 202 202 156]","[ 66 125 125 130 123 131 128 131 132 133 135 136 136 136 138 140 141 143
 145 145 145 146 148 149 123  94  62  46  43  39  29  21  37  69  60  42
  34  34  44  38  28  22  25  38  49  50  50  52  45  88 177 193 174 186
 197 187 192 194 192 199 196 203 203 157]","[ 67 126 126 130 124 132 129 131 132 134 136 137 136 137 139 141 141 145
 147 145 145 147 147 146 105  84  60  47  43  38  28  18  45  71  53  33
  32  38  45  32  26  24  25  33  41  46  48  50  43  60 155 187 184 184
 189 190 192 194 192 199 196 203 203 157]","[ 68 126 127 131 125 133 130 132 133 135 137 138 137 138 140 142 142 146
 147 145 146 149 146 139  93  83  67  54  46  38  27  18  51  69  47  29
  33  40  44  28  21  23  24  25  31  40  45  47  54  51 152 185 193 185
 183 187 192 194 192 199 196 203 202 157]","[ 68 127 128 132 125 133 131 133 134 136 138 138 138 139 141 142 143 147
 147 145 148 151 142 128  91  85  73  58  47  38  28  20  46  60  40  33
  42  43  41  26  25  30  30  26  29  41  49  51  51  59 172 183 189 188
 190 191 193 195 194 200 197 204 204 158]","[ 69 128 128 133 126 134 131 133 134 136 138 139 139 139 141 143 145 147
 145 144 150 154 139 118  98  90  74  57  48  44  35  25  32  44  33  41
  54  46  38  23  30  38  38  29  30  45  56  57  48  59 181 182 188 190
 195 199 196 198 196 203 200 207 207 161]","[ 69 128 129 133 126 134 131 134 135 137 139 139 139 139 141 143 146 147
 144 144 152 155 136 111 108  95  73  55  50  51  43  30  20  32  28  47
  62  48  35  22  29  39  38  27  27  43  55  56  65  57 178 186 198 189
 190 201 198 200 199 205 202 209 209 163]","[ 65 134 133 133 131 138 131 137 140 141 142 143 144 145 146 147 149 155
 155 150 155 160 142 116 105  94  78  63  52  46  42  40  34  26  28  44
  57  53  40  30  42  41  39  36  36  41  48  54  55  70 185 185 194 192
 200 192 199 200 206 199 206 206 213 160]","[ 70 140 139 138 136 144 137 142 144 144 145 146 147 148 149 150 152 156
 154 151 157 161 143 116 104  92  75  61  52  48  45  44  44  37  37  45
  52  50  46  43  54  54  53  53  52  52  53  54  55  71 182 188 196 188
 198 197 200 201 207 200 208 207 214 161]","[ 73 143 142 142 140 148 141 147 147 148 149 150 151 152 153 154 155 157
 154 153 160 164 143 115 104  91  73  59  52  50  49  48  50  48  49  53
  54  52  51  53  47  48  49  52  55  56  56  55  50  78 185 196 200 190
 201 207 201 202 209 203 210 210 216 163]","[ 72 142 142 142 140 148 141 147 149 150 151 152 153 154 155 155 159 158
 155 155 164 165 143 115 107  92  72  58  52  52  52  51  49  51  56  61
  62  59  54  52  61  57  54  51  51  49  46  43  34  88 192 200 198 193
 205 207 203 204 212 206 214 213 219 165]","[ 72 142 141 141 140 148 142 147 149 150 150 152 153 154 155 155 160 159
 157 158 165 163 141 116 111  95  73  59  54  54  54  52  52  53  54  57
  61  61  57  51  53  53  53  53  54  52  50  48  32 109 199 199 193 197
 207 201 205 207 215 209 217 217 222 168]","[ 73 143 142 143 142 150 143 149 148 149 150 151 152 153 154 155 160 160
 159 161 165 160 139 118 113  96  75  61  57  58  57  54  59  56  51  47
  49  55  57  54  39  41  43  42  41  40  41  43  78 149 207 204 198 207
 213 203 206 209 217 213 221 220 225 171]","[ 72 142 142 143 142 150 144 150 148 149 150 151 152 153 154 155 158 160
 162 164 164 155 136 119 112  96  75  63  62  63  61  58  58  60  55  46
  41  46  50  51  52  50  44  37  36  47  66  81 152 190 207 206 206 211
 214 210 207 210 219 215 223 222 227 173]","[ 70 140 140 141 140 148 142 148 149 149 150 151 152 154 155 155 156 160
 164 165 163 153 135 120 110  94  75  65  65  67  65  61  51  61  63  53
  42  40  43  44  36  35  35  43  67 114 170 208 204 211 196 200 206 205
 205 209 208 211 220 216 225 224 228 174]","[ 71 147 138 144 144 148 151 151 148 150 151 154 155 157 157 157 154 160
 156 162 170 147 122 129 119 101  80  70  70  72  68  62  61  48  50  49
  38  43  46  27  21  41  83 136 183 205 203 193 200 201 202 204 207 209
 210 211 210 212 221 218 227 226 229 173]","[ 75 151 142 149 148 150 152 152 150 151 153 155 157 158 158 159 163 168
 163 166 171 147 123 127 120 102  80  67  65  64  59  53  49  57  51  53
  56  28  24  66 119 151 187 202 197 194 205 218 202 202 204 206 208 210
 211 212 210 212 221 218 227 226 229 173]","[ 71 147 140 147 146 147 147 146 149 150 152 154 155 156 157 157 160 162
 159 161 161 139 118 119 119 103  81  68  65  63  56  50  39  46  40  36
  39  45  87 152 182 194 205 203 193 187 192 201 203 204 205 207 209 211
 212 213 211 212 221 217 227 226 230 174]","[ 75 153 146 154 154 155 155 153 156 157 159 161 162 163 163 163 161 161
 162 163 158 141 125 122 113  98  79  68  64  62  57  51  54  41  47  36
  33 110 195 205 204 196 189 192 202 208 205 198 209 210 211 213 214 216
 217 218 218 219 227 223 233 232 236 181]","[ 71 149 143 152 152 154 155 153 152 153 155 156 157 158 158 158 159 157
 160 160 149 134 124 116 106  93  76  65  61  59  53  48  50  41  43  45
  75 163 211 181 192 193 194 196 197 199 201 202 203 204 205 206 208 209
 210 211 213 214 221 217 227 227 231 176]","[ 74 151 144 152 152 154 155 155 157 158 159 160 161 161 161 161 165 160
 165 163 144 133 125 113 106  95  79  69  63  59  53  48  41  49  29  56
 149 196 189 194 192 197 202 203 201 199 200 202 211 212 213 214 215 217
 218 218 222 222 229 225 235 234 238 185]","[ 80 156 147 153 151 153 155 154 159 160 161 162 163 163 163 163 166 160
 167 164 142 133 129 114  99  89  76  67  62  58  53  49  50  61  42  85
 184 200 179 213 200 198 197 201 208 211 207 203 210 211 212 213 214 215
 216 216 220 220 226 222 232 231 235 183]","[ 54 129 118 122 119 120 122 122 121 122 123 124 125 125 125 125 130 123
 133 131 108 102 102  86  82  74  63  56  54  52  48  45  39  43  53  97
 149 152 139 150 149 151 152 152 152 154 157 160 160 161 161 162 163 164
 165 166 168 169 175 170 180 180 186 131]"
