"[29 32 29 29 29 31 29 30 30 29 28 30 29 29 29 28 29 28 28 29 30 30 29 28
 29 28 29 29 28 28 30 30 29 28 31 29 28 30 29 27 31 27 27 30 30 29 29 29
 30 30 30 29 29 29 29 29 29 28 30 29 27 29 31 29 29 29 29 29 29 31 30 29
 29 30 30 29 29 29 29 28 29 30 30 29 29 29 29 29 29 29 30 30 30 29 29 28
 28 30 30 30 30 29 29 29 30 29 28 28 29 30 30 29 29 30 29 28 29 30 29 29
 30 29 29 30 28 27 30 30 29 28 28 29 30 29 29 28 29 28 29 31 29 28 29 29
 29 28 33 28 28 29 30 29 30 28 29 30 29 29 30 29 29 28 29 31 29 28 30 31
 30 30 30 28 28 28 29 29 29 29 29 29 29 29 29 29 29 30 29 28 30 30 29 28
 31 28 28 30 30 32 29 29]"
"[30 27 30 29 31 26 32 26 29 29 29 30 28 28 31 32 29 30 29 28 28 29 29 30
 30 28 29 30 30 30 30 28 28 29 31 28 28 30 30 31 29 30 31 29 27 29 30 29
 27 28 28 29 29 29 29 29 29 29 28 28 31 29 26 28 30 28 28 29 29 28 28 27
 28 28 28 27 28 30 30 30 28 29 29 29 29 29 29 29 30 28 27 28 29 28 29 32
 32 29 27 27 28 29 31 31 27 30 31 30 30 28 27 29 29 28 29 32 31 29 28 29
 27 26 27 29 30 31 29 26 28 28 31 31 28 27 29 30 30 29 29 29 28 29 29 28
 28 26 30 28 28 30 30 29 30 29 30 30 28 28 29 29 29 29 30 29 29 31 30 26
 28 27 28 30 31 31 30 29 28 28 29 29 29 29 29 29 28 28 28 28 29 28 27 30
 28 29 32 30 29 24 32 28]"
"[ 30  30 124 126 119 123 118 125 121 122 122 120 116 114 116 119 119 121
 122 120 119 121 124 125 122 120 122 126 128 128 127 124 124 129 134 135
 141 146 148 155 161 164 163 157 153 158 160 155 150 147 144 143 146 151
 158 162 182 205 221 230 242 246 245 247 246 246 245 244 244 246 248 248
 246 246 246 247 247 246 245 244 248 247 248 247 247 247 247 245 228 213
 194 180 167 153 142 137 141 141 144 142 131 122 121 121 125 127 128 131
 140 145 149 155 143 133 126 121 117 119 124 125 125 120 112  90  66  49
  34  30  22  19  21  23  19  22  26  24  22  22  18  15  16  16  16  16
  16  20  16  14  17  20  34  69 100  95  89  83  75  70  67  64  66  67
  67  66  66  68  64  55  45  43  42  45  47  45  43  42  39  42  47  51
  53  54  54  54  61  61  60  61  60  55  54  59  61  58  67  72  96 123
 121  29]"
"[ 28  32 112 117 122 116 120 121 123 122 121 117 115 115 117 121 119 120
 119 117 117 118 119 118 115 113 116 120 123 125 125 122 120 124 125 122
 124 123 119 123 132 139 144 145 150 159 160 153 155 153 151 149 147 145
 145 146 140 147 153 161 170 177 195 219 236 245 249 249 249 251 250 249
 251 251 251 251 251 252 252 252 250 251 251 251 252 253 253 252 253 250
 248 248 242 224 200 185 175 159 147 144 143 144 142 133 132 126 118 120
 130 132 131 133 132 136 142 138 128 127 130 127 119 119 122 114 111 110
  95  90  69  53  40  28  18  20  23  18  22  24  21  18  19  17  14  15
  17  14  15  16  11  37  75 101  95  90  84  76  67  64  64  65  68  67
  68  69  67  62  57  51  49  46  45  46  47  45  44  44  47  49  52  54
  54  54  54  54  59  59  60  60  59  54  54  58  59  68  82  99 118 120
 117  28]"
"[ 31  26 116 118 115 116 116 116 119 117 115 112 113 115 115 121 114 114
 114 115 118 120 118 115 116 114 116 119 120 123 124 124 121 123 122 120
 122 120 114 117 116 121 126 128 133 143 149 147 147 149 153 157 157 155
 155 157 156 148 144 144 141 140 147 156 157 170 184 197 212 229 244 254
 251 251 252 252 251 251 252 254 254 254 253 252 251 252 253 253 253 253
 253 252 252 253 253 252 244 237 226 204 176 161 155 148 143 136 128 125
 123 117 115 121 109 114 123 126 126 134 143 143 133 128 124 114 117 123
 115 114 112 101  95  87  71  58  42  23  16  17  16  16  18  17  15  18
  20  19  15  18  35  80 103  96  88  84  79  70  60  57  62  67  70  69
  69  68  62  57  54  52  50  48  48  48  48  47  48  49  56  55  53  51
  50  50  52  53  55  57  59  59  59  58  59  63  64  88 100 111 116 113
 115  31]"
"[ 31  27  90  88  96  99 101 108 103 105 108 108 112 114 109 115 108 107
 109 114 119 120 117 113 111 109 109 111 112 115 119 120 120 120 119 118
 121 121 116 118 120 121 121 118 115 118 125 127 129 128 127 128 128 129
 132 136 143 146 149 150 150 155 152 141 144 143 139 138 142 147 159 174
 198 207 223 239 249 252 251 252 251 252 252 251 251 252 252 253 249 252
 253 252 252 253 253 252 254 253 253 253 253 251 239 222 210 189 166 154
 147 140 133 129 130 122 118 117 115 115 119 120 124 126 125 119 120 121
 113 112 109 107 109 110 105 101  94  83  73  63  45  30  23  20  19  20
  16  24  24  48  88 105  97  92  78  73  67  63  60  61  66  67  67  66
  64  58  53  53  54  53  52  53  54  52  50  49  51  52  54  54  54  55
  55  56  56  56  56  59  60  59  59  60  64  70  90 105 112 118 111 109
 113  26]"
"[ 31  28  89  92  89  83  88  79  90  94 101 101 104 105 101 109 105 105
 107 113 116 115 111 110 113 110 109 110 111 114 118 119 116 113 114 115
 116 117 113 114 113 116 121 122 119 118 119 118 123 120 118 119 119 116
 115 115 126 130 137 146 154 157 158 159 157 156 150 146 146 142 139 144
 135 137 144 158 176 193 210 221 236 241 247 252 254 254 253 252 253 253
 252 251 252 252 252 251 250 252 253 252 252 254 254 254 253 251 246 232
 208 186 167 151 138 136 136 138 133 122 115 115 109 109 103 101 110 114
 111 111 106 105 104 102 100 101 101  97  96  93  88  79  71  62  47  31
  25  29  54  91 105  91  82  77  73  66  63  62  64  66  66  65  66  61
  56  53  53  56  58  57  57  59  59  54  50  50  52  53  53  54  55  58
  59  59  57  55  55  57  59  60  61  65  75  88 105 118 112 106 110 113
 111  32]"
"[ 32  28  89  89  90  90  94  87  83  84  86  77  75  76  74  87  94  94
  99 107 111 110 109 111 113 109 107 107 107 110 112 113 115 112 115 117
 117 116 113 112 116 115 116 117 118 120 120 117 117 114 115 119 123 121
 119 118 116 121 119 117 123 125 127 133 142 149 148 147 154 155 147 141
 139 135 133 135 136 136 136 138 149 164 188 212 230 243 250 252 251 251
 254 255 254 252 252 253 253 254 253 251 252 251 251 252 254 251 253 254
 253 253 248 228 218 196 167 149 145 140 133 128 125 127 116 106 102  98
  98 101  95  97  98  97  97  96  92  86  87  86  84  82  83  88  80  63
  58  72  89  96  92  78  79  74  60  60  63  65  64  65  68  70  63  51
  45  50  55  57  58  59  59  61  59  51  47  49  52  53  54  54  54  56
  58  60  61  61  58  60  64  70  76  83 101 121 119 112 113 112 111 111
 112  28]"
"[ 30  29 118 114 110 108 107 106 103  99  98  94  91  87  80  81  76  72
  67  71  79  90  98  97 104 107 103 107 102 108 106 112 113 112 109 112
 119 119 115 115 116 118 116 114 114 114 114 109 110 111 108 112 115 114
 116 114 113 111 113 117 118 118 117 115 113 123 125 120 124 130 129 126
 130 134 146 149 149 146 146 140 137 132 128 131 136 142 157 175 203 226
 244 249 250 252 253 250 252 254 254 251 251 253 253 253 253 251 252 253
 252 254 255 253 253 254 253 251 227 199 174 155 138 133 125 128 124 113
 108  97  90  87  87  85  83  79  77  82  84  79  71  74  78  75  70  65
  82  97  94  92  89  80  74  60  57  64  65  67  67  69  67  55  45  40
  46  56  56  54  56  57  57  56  53  49  49  54  57  57  58  55  56  56
  61  60  62  61  58  64  67  71  88 108 119 121 113 113 113 111 111 112
 112  30]"
"[ 29  31 124 123 122 121 119 115 112 108 106 102 100 101  97  96  98  94
  88  88  89  87  83  74  82  83  80  88  91 104 106 110 118 110 100  98
 106 109 109 110 114 118 115 114 114 113 111 107 108 108 105 108 110 110
 114 113 110 109 112 114 114 115 115 113 112 118 119 117 118 119 115 112
 112 114 125 133 137 137 144 146 147 145 140 139 139 137 133 133 139 147
 156 168 182 201 225 240 248 250 252 254 255 254 252 250 252 252 253 253
 253 253 253 253 254 255 253 253 252 252 250 238 233 211 179 161 147 135
 128 116 114 109 105 100  90  87  82  71  72  74  64  69  78  77  82  89
 100 101  92  88  82  68  64  61  63  69  71  70  64  58  56  48  39  38
  45  52  53  53  53  52  49  52  53  53  55  59  61  60  56  58  60  59
  61  60  61  61  66  74  84  95 112 124 124 118 112 111 111 110 111 113
 113  30]"
"[ 28  28 120 119 123 128 131 128 121 116 116 113 111 114 111 105 102  98
  94  97  99  97  92  83  81  77  72  77  76  83  80  76  80  84  85  88
  94  96  98 102 107 113 110 109 112 111 110 109 104 105 104 108 111 110
 112 110 110 108 107 108 111 115 115 111 112 111 111 112 112 113 112 111
 110 105 108 110 110 110 121 129 125 130 134 138 143 145 146 147 145 141
 136 136 135 135 145 153 174 186 206 227 241 248 251 253 253 253 252 252
 251 250 251 254 252 250 252 252 254 252 254 251 254 253 250 250 239 215
 191 168 138 125 117 114 104 104 103  82  71  65  57  63  76  82  89  98
  99  92  84  81  75  63  59  64  66  71  72  69  58  49  47  44  42  44
  48  51  52  54  54  50  49  53  57  58  60  61  61  60  57  61  62  62
  61  64  66  68  72  81  97 116 123 118 113 115 112 112 111 109 112 114
 114  30]"
"[ 30  27 113 108 111 117 121 119 119 115 118 120 118 120 117 109 103 100
  98 101 103 102 102  97  93  95  98  97  82  82  84  85  81  78  69  63
  68  75  77  79  83  94  98 101 104 102 101 101 105 104 104 106 108 109
 110 111 107 108 108 105 103 107 111 111 110 106 106 108 106 106 108 107
 106 105 109 109 108 101 105 109 109 112 115 117 117 117 123 131 139 143
 145 147 145 141 139 136 138 137 136 137 146 163 184 198 211 220 232 245
 254 253 251 254 251 250 253 253 253 250 253 253 253 254 254 254 253 252
 254 251 244 222 197 179 148 125 117  99 109 107 104  88  84  96  97  93
  88  80  77  72  69  65  61  65  66  68  68  63  54  48  48  47  46  47
  49  50  53  56  57  54  58  61  63  63  63  63  62  60  60  64  65  67
  64  68  72  79  84 101 115 116 114 113 112 111 113 114 112 110 111 112
 114  29]"
"[ 31  28 117 112 113 114 113 109 110 106 109 114 113 114 115 110 109 108
 107 111 110 107 108 106 106 101  99 100  96 100 101  99  90  90  80  71
  72  75  70  65  73  79  78  77  79  82  91  99  96  97 101 105 107 108
 107 108 109 108 106 103 102 105 106 103 107 106 109 110 107 107 108 105
 103 105 110 110 110 105 105 106 108 108 108 108 109 108 110 114 111 118
 121 126 129 133 138 137 137 141 140 133 128 130 134 135 137 144 154 172
 193 209 223 235 243 250 253 254 251 254 252 251 251 252 253 254 253 253
 254 252 253 253 250 249 230 204 197 191 180 155 124 109 105  98  89  86
  86  77  74  66  64  65  62  64  66  64  62  56  52  53  53  51  50  51
  52  55  59  61  62  62  64  65  66  65  65  65  64  63  63  67  69  72
  66  70  78  90 106 115 118 113 111 114 114 113 115 118 114 111 110 110
 113  28]"
"[ 29  29 122 122 123 122 120 117 115 110 107 109 107 107 111 110 109 108
 108 112 112 109 111 111 108 106 108 108 102 101 104 107 104 107 100  89
  85  81  74  69  75  78  77  75  70  68  72  74  74  76  85  91  97 102
 104 108 104 103 103 103 103 106 105 102 100 102 104 103 102 102 102 100
 104 105 105 100 102 100 102 103 104 106 104 103 105 108 108 107 101 102
 101 102 103 103 107 108 115 127 138 140 140 143 143 140 134 131 126 125
 128 131 134 139 163 182 206 228 240 251 252 254 255 254 254 254 252 253
 254 252 252 254 254 254 252 246 249 252 251 228 160 119 107  94  90  82
  75  67  67  65  63  64  62  64  62  57  55  52  53  58  57  55  56  58
  59  62  65  64  63  65  65  66  67  67  67  66  65  64  66  69  71  71
  68  76  92 109 117 113 110 112 113 111 110 115 116 121 117 114 113 111
 115  29]"
"[ 28  29 123 123 123 121 121 121 127 124 115 113 112 111 115 114 114 109
 106 110 108 104 104 102 106 104 106 110 110 106 106 108 114 113 109 110
 114 110 100  95  82  78  76  77  74  76  83  80  76  72  72  67  65  67
  69  75  82  89  97  96  89  89  97 104 103 104 103 102 102 101 100 101
 101 103 103  98 100  97  98  99  95  97  96  95  96  99 101 103 102 103
 102 106 107 104 103 101  93  96  97  95  98 107 115 118 135 131 127 123
 120 119 118 117 118 119 122 125 133 145 160 180 203 211 228 242 249 252
 253 253 252 254 253 251 253 253 252 251 248 201 133 103  97  88  84  75
  60  58  63  65  63  63  61  60  55  50  53  54  57  61  59  59  59  64
  65  65  65  62  61  65  67  70  72  72  69  67  66  66  70  72  74  74
  82  95 110 119 113 114 111 110 112 114 113 112 115 121 117 116 115 113
 117  29]"
"[ 29  29 124 125 124 121 122 124 124 124 116 114 115 116 119 116 116 111
 109 116 117 112 108 104 107 104 104 107 107 101 102 108 111 110 110 116
 121 117 114 118 114 104  97  95  88  87  89  80  83  82  84  80  75  72
  68  71  69  71  75  76  73  75  82  88  95  97  99 103 107 106 102 104
 104 104 101  94  96  93  96 100  97  94  92  94  96  95  96 102 102 101
  98 100 103 103 101  95 101 102 101 100  99 100  99  97 102 104 110 116
 120 126 130 128 125 125 124 114 117 119 119 123 124 124 133 148 165 185
 203 216 231 237 249 253 253 250 245 243 192 130  96  86  81  82  75  66
  59  62  66  65  59  58  57  52  53  49  55  60  61  62  59  61  61  69
  70  67  66  64  65  71  71  74  77  76  72  70  70  72  71  74  79  84
 102 115 121 115 114 111 108 111 116 114 112 113 112 119 115 116 116 115
 117  28]"
"[ 30  29 125 121 122 123 122 124 124 121 119 119 118 118 119 117 116 112
 115 116 117 115 111 111 112 109 105 103 104 105 104 103 108 107 108 107
 108 110 110 111 115 112 111 115 114 114 107  91  95  97  93  85  82  80
  78  76  79  77  73  68  66  68  67  64  73  70  74  83  89  96 105 111
 110 105 101  97  93  93  92  88  88  91  90  94  95  95 102 103 104 100
  98  94  98  97  99  96  99 103 100 100  99  98 103 101 100 106 105 103
 108 113 113 113 115 122 124 122 123 123 122 123 121 115 113 117 114 107
 114 131 153 176 198 235 243 248 231 171 122  98  91  83  71  69  66  65
  66  66  67  65  58  52  50  49  49  54  60  63  63  62  63  64  68  67
  65  67  70  71  71  73  77  77  76  75  74  72  71  75  75  80  88 111
 121 116 117 113 114 114 115 115 116 116 115 115 116 117 117 117 115 116
 119  29]"
"[ 27  30 127 124 122 121 122 121 123 122 122 123 121 119 118 117 118 113
 115 117 116 113 111 112 109 108 108 108 109 109 108 108 110 110 109 104
 102 103 102 101 100  99 103 110 110 111 114 109 109 113 110 102  98  97
  93  89  90  86  77  68  65  68  69  68  70  62  59  58  54  51  56  64
  66  70  83  94  95  96  96  92  86  84  80  86  90  93 103 109 103  97
  97  97  98  93  96  98  99 102 101 100  97  96  97  95  96  97  96  96
  99  96  94  96  91  98 103 107 112 113 111 111 115 117 120 118 111 104
 103 106 109 125 130 138 148 155 146  99  80  75  81  76  66  66  66  66
  66  63  60  57  52  49  49  49  49  54  61  64  64  63  64  65  65  65
  65  68  72  74  75  78  80  80  77  74  74  74  73  73  86 101 111 121
 119 112 115 114 115 114 114 116 119 119 117 115 118 118 118 118 117 117
 118  29]"
"[ 30  29 123 124 122 123 125 122 122 122 124 125 123 120 120 120 121 117
 119 120 117 118 117 117 114 114 113 112 111 111 111 111 108 110 111 104
 102 105 104 104 100  97  99 104  99  96 101 103 103 107 107 106 106 103
 100  98  97  98  96  92  89  88  84  80  75  67  65  66  62  57  58  63
  51  46  51  59  61  68  76  77  82  80  76  75  72  71  85  99 100  97
  97  94  93  88  92  96  95  99 101  95  96 103 103 101  95  95  95  98
 100  97  94  97  94  95  95  96  97  95  91  90  91  97 106 107 105 109
 113 112 113 115 116 115 129 119 106  78  78  74  75  67  61  65  66  69
  66  59  53  49  47  48  50  51  52  57  62  65  64  64  65  66  67  69
  70  72  75  77  79  82  82  78  75  75  74  71  76  86 103 114 118 119
 112 107 112 113 114 114 116 118 120 121 119 117 119 118 118 119 119 118
 119  29]"
"[ 31  24 126 128 124 124 122 122 125 122 123 124 121 120 122 123 124 122
 123 121 116 120 118 114 114 113 113 112 112 111 111 111 111 112 113 108
 106 109 109 110 112 106 103 105 101  96  98  99 102 102 103 106 108 103
 100 102 100 104 105 102 100  99  98  96  89  80  76  77  74  70  68  68
  67  61  58  59  59  57  55  55  62  65  67  66  59  57  70  83  87  96
 103 101  97  95  92  87  90  89  94  94  99 104 101 101  92  93  94  94
  95  95  94  94  97  95  93  92  90  87  83  81  81  81  87  90  88  94
 102 104 113 110 115 109 110  88  81  79  77  71  68  65  65  66  62  65
  61  54  48  45  45  48  52  54  57  60  62  64  64  64  66  67  73  75
  75  75  77  77  78  81  81  78  76  77  76  76  90 109 114 115 112 113
 110 107 111 113 113 116 120 121 120 119 119 120 118 117 117 120 121 120
 120  30]"
"[ 31  29 154 150 142 141 131 132 135 129 127 126 123 122 123 123 123 121
 121 123 119 123 119 118 118 117 116 116 115 114 112 111 112 111 112 110
 109 110 110 114 113 108 103 105 104 101 103 102 104 103 102 103 105 104
 102 102  98 101 102  98  95  97 100 100  98  98 101 104 101  93  82  73
  73  75  69  66  68  62  59  66  60  61  61  59  57  56  57  58  56  69
  80  84  87  95  97  93  90  80  82  88  92  88  81  85  88  88  88  88
  88  89  90  90  87  86  86  87  86  85  84  83  85  80  81  81  76  76
  81  82  86  79  80  74  77  73  70  68  64  64  64  63  64  62  57  59
  51  46  43  43  43  47  53  55  58  59  61  64  66  68  69  70  75  77
  77  76  76  75  75  77  79  80  78  76  83  97 111 120 114 115 114 115
 113 112 114 116 117 120 123 124 122 120 119 119 119 118 118 121 122 122
 122  30]"
"[ 27  29 171 163 158 161 150 147 153 146 142 140 136 132 131 130 129 125
 123 129 127 127 120 125 125 123 119 117 116 117 118 118 115 111 111 111
 112 112 111 115 116 114 108 107 107 105 106 106 104 107 103  97  99 104
 103  99  96 100 101  98  97  99 100 100  96  97  99  98  96  96  96  94
  98 102  96  92  91  77  64  66  71  67  62  55  56  60  57  53  48  52
  53  56  57  65  70  74  71  73  81  89  95  92  84  79  82  79  80  83
  81  80  82  84  86  85  85  84  81  81  83  82  81  78  78  77  74  76
  79  79  73  72  75  69  64  64  60  58  65  68  65  60  57  56  53  50
  43  40  40  42  43  48  53  56  56  58  61  65  69  72  73  74  74  77
  76  75  76  76  76  77  78  78  77  82  98 113 118 117 113 116 115 113
 113 118 121 121 122 122 122 122 123 121 118 116 121 121 121 122 123 123
 122  29]"
"[ 30  30 177 170 171 173 170 168 171 164 160 159 155 151 149 149 148 148
 140 140 135 135 124 129 129 126 122 118 118 119 122 125 123 117 115 113
 114 115 112 112 113 112 107 108 108 104 104 105 112 112 105  97  98 102
 101  97  99 100  99  96  96 100 101 101  96  96  98  97  94  94  96  96
  96  96  95  97 101 101  98  98  90  86  79  68  65  70  67  64  58  57
  56  59  54  53  51  56  55  60  60  59  64  74  83  83  75  74  78  80
  76  73  74  73  77  78  82  82  79  81  82  80  77  74  72  70  70  71
  72  73  74  68  65  64  67  66  60  60  61  62  60  58  56  52  47  40
  41  39  40  42  45  51  57  60  59  60  63  67  70  72  75  76  75  76
  76  75  78  79  79  79  79  82  88  99 112 117 116 116 115 115 114 112
 114 119 122 123 123 121 120 121 122 122 119 116 121 123 122 122 122 124
 123  29]"
"[ 29  27 177 175 176 168 173 177 180 174 172 172 169 167 167 168 165 171
 161 154 149 154 143 145 140 139 136 131 126 122 120 120 122 117 115 113
 117 121 118 116 116 114 111 114 116 110 107 106 108 104  97  95  97  98
  98 100 100 100  99  97  98 100  99  95  98  95  95  96  95  94  94  94
  98  93  91  88  84  87  93  93  89  89  91  87  89  94  90  87  81  79
  75  74  64  58  53  55  56  58  54  52  46  42  50  54  51  56  64  65
  62  64  65  59  57  63  75  81  81  82  79  72  73  69  66  68  68  64
  63  67  66  66  62  57  61  55  52  58  58  54  53  55  52  46  44  41
  43  40  41  43  47  53  61  64  65  66  66  67  68  70  74  77  76  77
  76  76  79  80  79  79  79  95 109 115 118 120 120 119 118 116 118 119
 118 116 117 122 121 121 121 122 122 122 121 120 119 122 122 121 121 125
 124  29]"
"[ 29  31 181 180 183 180 181 179 175 178 174 174 178 180 173 179 170 172
 172 165 160 166 154 158 160 156 153 153 146 131 125 124 127 127 126 113
 120 125 120 120 114 115 114 115 116 114 110 110 109 109 106 105 102 101
 103 100  99 100 102  99 103  96  96  99  95  97  97  98  97  94  92  95
  94  92  90  85  85  86  84  85  84  85  86  87  88  86  85  84  82  83
  79  80  85  81  71  66  65  65  64  61  58  55  53  52  47  46  50  49
  39  42  52  45  44  44  49  64  69  73  72  74  75  68  61  60  62  61
  60  62  61  58  57  57  53  50  52  54  52  50  50  48  45  44  45  45
  46  43  42  47  53  58  62  66  65  68  63  67  74  73  76  82  78  78
  76  76  81  81  79  79  97 108 117 117 118 122 123 119 120 118 118 120
 120 119 119 120 121 122 122 121 122 122 122 120 123 121 120 122 123 124
 124  29]"
"[ 30  28 157 159 161 162 162 167 170 176 178 184 191 191 183 181 177 175
 174 170 168 169 165 172 169 177 173 165 164 168 167 159 152 151 148 135
 137 139 133 134 122 126 126 121 120 118 115 111 119 117 111 109 108 108
 109 104 101 104 104 100 101  98  96  97 100  97  95  97 100  97  93  92
  92  90  89  86  85  85  82  85  83  83  85  86  86  85  84  84  84  84
  84  84  84  84  84  82  81  79  76  73  72  70  67  63  53  48  45  48
  45  40  42  43  41  39  37  44  43  38  40  56  59  54  51  54  58  56
  55  57  56  50  48  49  50  50  49  46  44  45  45  43  40  41  46  49
  48  49  51  53  59  65  66  64  61  68  68  71  74  73  76  79  80  77
  77  81  82  82  87  98 113 117 121 121 121 122 121 120 121 120 120 123
 124 122 121 122 122 121 121 124 125 124 123 122 124 122 121 123 124 125
 124  29]"
"[ 29  27 146 143 141 137 144 157 155 154 149 152 163 170 179 176 174 175
 178 180 181 174 171 173 177 176 171 171 174 169 165 165 165 166 165 158
 157 160 154 158 150 147 142 132 135 131 128 123 116 115 110 111 115 119
 120 114 110 111 109 110 109 106 100  99  95  98 100 101 100  95  92  93
  96  94  93  90  88  86  82  85  83  83  84  84  83  81  80  81  83  79
  82  84  81  83  85  80  83  86  87  85  82  81  79  76  76  71  62  64
  64  51  44  46  53  50  38  37  39  33  23  26  32  28  27  32  38  38
  38  42  43  40  40  43  45  45  39  32  37  37  36  37  39  43  47  49
  51  54  57  60  64  67  65  62  64  66  68  74  77  76  78  79  82  79
  79  82  86  96 111 121 123 122 122 123 123 121 121 122 122 122 123 125
 126 124 123 123 126 123 123 127 128 126 124 125 124 123 123 125 125 126
 124  29]"
"[ 28  30 169 163 159 144 145 151 145 143 136 136 143 146 156 148 146 152
 161 167 179 176 181 176 177 177 172 173 177 175 175 177 169 173 174 174
 170 170 162 165 168 161 159 155 160 151 148 145 155 150 136 127 125 127
 126 121 120 115 110 115 115 115 111 112 110 107 101 101 103 102  98  97
  97  97  97  93  93  93  89  89  82  82  82  83  84  83  83  84  86  83
  85  88  85  82  81  79  78  84  87  84  82  82  82  81  82  83  77  78
  80  71  63  60  56  57  48  42  40  39  31  28  35  32  28  28  30  29
  26  25  17  19  26  31  34  36  35  31  31  32  32  34  40  45  46  47
  54  54  57  62  65  63  62  63  67  63  64  73  76  75  78  80  85  80
  81  86  95 109 120 122 124 122 122 123 124 122 122 124 125 124 124 125
 126 125 124 124 127 125 125 127 128 126 125 125 124 124 125 126 126 127
 125  29]"
"[ 30  28 183 186 187 184 181 180 167 168 166 165 163 155 154 138 140 138
 138 136 146 143 154 150 154 161 164 167 169 168 172 178 179 180 178 180
 177 179 177 181 176 172 173 169 171 160 161 164 159 161 153 148 147 143
 136 129 125 128 128 129 120 117 114 116 121 118 113 111 112 108 102  98
 102 102 101  96  98 100  93  88  87  85  84  85  87  87  87  86  90  93
  96  98  96  86  81  85  83  83  81  78  77  80  80  79  74  76  77  80
  79  78  77  72  68  65  64  62  52  49  44  39  28  29  29  29  33  34
  29  23  21  22  24  23  20  21  23  22  28  32  34  35  40  44  47  50
  54  54  57  61  62  63  65  68  70  68  71  74  73  74  78  83  81  79
  89 105 113 116 120 121 124 125 126 127 127 125 124 123 125 125 126 127
 127 126 124 123 125 125 126 125 125 125 125 124 125 125 126 127 127 128
 126  29]"
"[ 32  27 178 180 175 186 182 182 186 186 183 182 178 175 178 170 165 156
 151 147 149 141 147 143 139 139 143 150 143 131 138 152 155 160 166 174
 177 178 178 179 178 179 181 176 178 173 175 176 171 172 164 160 160 159
 160 161 161 160 156 152 149 151 143 131 137 138 137 133 130 124 119 118
 115 114 112 108 111 112 103  96  93  89  87  87  89  90  90  89  91  97
 101 107 110  98  84  81  82  82  80  79  78  78  77  76  76  74  75  77
  71  69  74  72  69  64  66  71  67  72  68  56  46  47  43  38  38  38
  31  24  25  23  23  22  21  22  24  23  30  34  33  33  41  47  50  53
  53  56  58  59  62  68  72  73  73  74  77  73  74  78  79  81  80  90
 106 117 121 123 126 128 125 128 130 130 130 129 128 125 124 125 127 129
 129 127 124 122 124 126 127 125 124 125 126 125 124 125 125 127 127 129
 126  28]"
"[ 28  28 178 180 175 181 177 179 179 179 178 179 178 182 186 188 192 186
 186 183 181 173 173 167 162 158 155 152 143 140 146 148 147 144 142 140
 141 145 155 160 160 163 169 174 178 176 175 176 177 180 175 172 173 170
 171 175 171 173 175 166 160 162 170 170 161 157 149 145 146 145 140 138
 125 121 119 117 120 119 109 104  99  96  92  92  94  95  96  96  94  98
 105 114 122 117  99  83  81  81  82  83  81  78  77  78  76  74  73  72
  65  63  69  69  68  65  61  60  56  63  64  60  62  60  53  46  44  41
  36  33  30  26  24  25  25  25  25  24  33  36  32  32  42  50  51  54
  54  57  60  62  67  73  76  76  74  74  75  72  76  80  79  84  98 110
 118 118 121 127 129 129 128 129 130 131 131 131 130 129 125 127 128 129
 129 128 125 123 127 127 127 127 127 126 126 126 125 125 125 127 128 130
 127  28]"
"[ 28  32 180 179 181 177 178 179 179 179 179 180 176 180 178 182 177 177
 182 179 180 183 186 179 184 180 179 179 175 173 169 153 154 150 146 137
 132 129 137 138 143 142 142 148 149 147 153 165 179 182 175 172 172 167
 168 174 176 170 173 174 176 174 177 176 175 177 176 172 169 163 157 154
 154 146 141 139 138 131 119 115 115 110 104 100  98  97  97  97  96  98
 106 115 122 127 117  96  90  84  80  80  82  82  81  81  77  79  76  71
  66  65  69  68  67  59  52  57  56  54  52  58  58  56  52  49  48  44
  42  43  41  35  32  30  28  26  28  29  31  37  35  34  42  48  50  55
  57  57  60  68  74  76  77  77  77  76  78  79  83  82  83  98 117 120
 120 122 130 135 133 133 133 131 130 130 131 130 130 130 130 130 130 129
 129 128 127 125 130 127 127 129 129 127 125 126 126 126 126 128 129 132
 129  30]"
"[ 30  27 189 187 186 186 184 181 179 178 176 174 174 176 179 181 177 179
 180 179 179 180 179 178 180 178 176 175 176 178 179 179 184 185 178 172
 174 171 162 158 150 151 140 143 139 139 143 143 139 139 141 143 152 158
 157 164 163 170 173 171 171 173 176 180 180 180 177 176 176 175 176 180
 178 169 164 160 158 160 157 152 143 129 118 118 107 103 102  98  95  96
 102 113 128 133 129 106  95  84  85  84  82  86  85  83  78  78  80  76
  71  70  69  68  64  60  56  54  52  50  50  52  48  49  47  42  40  40
  41  40  39  40  42  38  34  31  28  29  29  33  35  38  42  44  48  55
  60  63  65  70  73  72  77  81  82  81  86  89  91  92  98 117 131 130
 131 135 137 136 135 136 134 134 133 134 132 131 132 133 134 133 130 130
 132 131 129 129 132 131 131 130 130 129 129 129 129 128 129 130 131 131
 133  29]"
"[ 30  29 192 192 191 190 190 187 189 186 182 178 176 177 178 179 181 181
 181 180 180 180 179 178 179 177 176 175 175 175 175 175 175 178 177 179
 182 178 174 177 178 180 172 172 165 159 155 150 143 143 142 136 134 133
 133 140 137 139 138 140 149 157 161 163 165 173 178 182 185 179 173 177
 179 178 180 178 177 178 175 172 165 161 149 135 112 104 103  99  97  97
 100 111 130 141 139 118 101  86  82  86  88  90  87  83  82  81  81  81
  78  76  75  72  68  64  61  59  56  51  49  50  50  47  44  40  38  36
  36  36  34  34  36  32  29  29  28  29  30  32  33  38  44  46  50  58
  61  65  66  71  74  73  78  83  86  89  91  90  97 106 112 123 134 133
 134 137 139 139 138 137 136 136 136 136 136 134 133 134 134 133 131 130
 132 131 130 131 131 131 131 131 131 131 130 130 130 129 130 130 130 131
 132  29]"
"[ 29  30 195 195 194 193 193 192 190 192 196 197 196 191 185 181 182 182
 180 178 178 179 177 175 174 172 171 172 173 172 173 176 177 176 172 172
 176 176 176 180 176 178 172 173 173 176 181 180 179 173 166 160 158 153
 143 139 136 139 141 143 147 145 137 131 141 147 149 153 161 162 165 176
 182 185 188 184 182 181 178 180 176 176 165 149 123 109 105 103  96  98
  99 107 128 142 144 130 116 101  93  95  93  88  89  89  87  85  81  84
  83  80  81  77  72  68  65  64  61  55  53  53  51  47  43  41  38  34
  32  33  31  31  32  31  30  30  29  31  31  31  32  39  46  48  52  58
  62  65  67  72  76  76  81  86  88  93  95  96 107 120 125 129 138 138
 139 140 142 143 142 141 138 138 138 138 138 135 133 132 134 134 132 131
 133 132 131 132 131 131 131 132 133 133 132 131 131 130 130 130 130 130
 132  29]"
"[ 28  29 194 195 194 193 193 192 197 195 193 192 192 193 194 195 192 192
 190 189 188 189 187 185 189 185 184 183 180 174 172 173 170 173 173 172
 175 176 172 169 171 175 172 171 171 174 178 176 176 176 177 179 181 179
 173 171 167 164 158 154 153 151 144 140 136 136 135 133 131 131 131 132
 132 139 146 150 156 161 162 167 170 172 164 152 129 112 102  99  95  98
 101 107 126 138 143 138 133 123 111 109 101  93  99 102  98  94  85  87
  86  81  85  80  76  72  68  66  63  58  56  56  52  49  46  44  41  37
  34  33  30  29  31  31  31  31  28  29  31  30  33  41  46  47  50  55
  63  65  66  73  78  80  84  88  94  99 106 115 127 134 136 140 143 143
 143 144 146 147 146 144 141 140 140 140 138 136 133 131 136 135 132 132
 134 133 132 132 131 131 131 132 133 133 132 131 131 130 130 130 129 129
 131  28]"
"[ 29  29 194 195 194 194 194 193 191 191 192 194 194 194 193 192 193 194
 194 192 192 192 191 190 187 187 190 194 194 190 187 188 178 181 179 173
 171 172 174 174 169 173 174 172 172 173 176 174 175 174 174 175 175 174
 175 174 172 170 168 171 177 178 173 169 172 165 162 155 145 145 143 133
 135 133 130 126 130 135 133 136 136 146 145 137 120 111 104  97  94  95
 102 110 127 135 141 144 140 133 122 121 118 112 115 114 113 109  98  98
  95  88  91  86  82  76  72  70  67  61  56  55  54  54  51  47  43  41
  39  36  33  31  33  33  32  32  28  29  29  29  34  41  44  45  50  55
  65  67  67  74  80  82  87  91  97 106 117 130 139 139 140 146 148 148
 147 147 148 149 147 145 145 144 142 141 140 139 136 133 138 136 133 132
 135 134 131 131 131 130 131 132 133 133 131 129 130 129 130 129 128 129
 131  29]"
"[ 30  29 192 195 195 195 195 194 194 194 193 194 195 196 195 195 195 196
 197 195 195 195 195 194 189 188 189 192 193 192 192 193 194 193 194 194
 191 186 182 181 181 181 180 174 174 175 179 180 177 176 174 175 173 172
 176 175 176 173 168 165 166 166 165 166 171 167 173 175 171 175 173 160
 161 153 144 137 137 138 133 131 124 127 126 126 114 107 101  96  90  87
  96 107 124 133 140 145 137 133 127 128 130 128 124 120 121 117 111 111
 107 101 102  97  88  83  80  79  77  70  63  59  62  61  57  50  46  45
  44  42  39  36  36  35  34  32  29  30  29  30  35  40  42  46  54  60
  68  70  71  77  84  87  94  99 110 123 133 142 147 146 149 153 153 151
 150 150 150 149 147 145 147 146 144 142 142 141 139 137 138 136 133 133
 136 135 132 131 133 132 132 133 135 135 133 130 130 129 131 130 129 129
 131  29]"
"[ 29  29 193 195 196 196 196 195 195 194 194 194 195 196 196 195 195 196
 196 195 195 195 195 193 194 192 190 189 190 192 194 195 197 192 189 191
 192 191 190 189 189 187 188 183 185 184 185 184 177 180 181 182 175 171
 177 177 171 171 168 167 167 165 165 167 165 162 162 164 166 171 175 173
 174 170 172 172 173 173 165 159 153 145 139 137 117 101  94  91  89  84
  95 104 117 128 138 144 136 131 129 127 129 128 123 123 122 119 117 116
 113 112 110 106  97  92  89  90  89  82  74  70  72  69  64  59  55  52
  50  48  43  40  40  38  36  34  29  30  31  34  40  44  45  52  61  65
  69  73  76  84  91  95 106 114 125 135 139 145 149 148 151 155 157 154
 152 153 153 151 149 148 149 149 146 144 143 142 141 139 138 137 136 136
 138 136 134 134 134 133 132 134 136 136 134 132 131 131 133 132 130 129
 131  30]"
"[ 30  30 194 197 196 196 196 195 196 195 194 195 196 196 195 194 197 197
 195 194 194 196 195 193 195 194 193 192 192 193 192 191 193 194 195 193
 192 195 195 191 192 188 189 185 189 188 188 187 188 184 181 185 186 186
 188 182 177 175 173 174 176 172 165 162 161 164 164 166 170 167 165 169
 170 166 168 167 166 169 166 162 166 162 158 148 119 102  99  97  93  89
 101 106 113 124 138 146 139 130 125 121 123 125 121 124 123 119 118 115
 113 114 111 107 106 100  96  96  95  89  82  77  79  74  69  67  64  59
  54  52  50  47  49  48  45  40  34  34  34  38  46  50  51  57  65  67
  68  75  81  89  96 103 117 128 140 144 143 150 154 151 154 159 159 155
 154 155 155 153 151 151 152 151 149 145 144 143 142 140 137 138 138 139
 140 138 137 138 134 133 132 133 135 136 134 132 132 132 134 133 131 130
 132  30]"
"[ 30  29 196 197 202 203 200 195 196 196 195 196 196 196 195 195 196 195
 196 196 195 196 196 193 193 194 196 196 194 191 192 194 194 193 196 192
 196 195 194 195 194 192 189 189 189 189 187 187 189 187 188 190 191 190
 189 191 190 188 186 187 185 181 177 176 172 172 171 170 167 166 168 171
 168 166 165 163 164 164 164 162 162 164 157 151 128 105  97  97  93  91
  97 102 111 126 145 145 139 134 127 121 117 116 115 115 116 115 114 113
 111 110 111 115 111 108 103 100  98  96  90  85  83  80  80  72  69  66
  64  64  58  59  57  56  48  46  42  43  40  42  45  49  53  58  65  66
  68  79  85  99 105 114 128 139 145 148 152 153 154 156 159 161 160 159
 158 157 157 156 156 155 154 152 150 149 147 145 143 142 141 137 139 142
 139 137 137 135 135 136 135 134 133 135 136 136 134 137 138 136 133 132
 135  29]"
"[ 30  29 197 199 202 202 200 197 200 200 200 198 196 195 195 196 198 196
 197 196 195 195 194 192 193 194 194 195 195 195 194 193 195 195 196 193
 197 195 195 195 193 192 191 192 193 192 191 189 189 189 189 190 192 193
 194 193 191 189 187 187 188 189 191 192 190 187 184 184 185 183 178 173
 172 169 166 165 167 166 161 156 161 159 156 153 116 105  98  93  92  92
  96 102 110 123 145 150 151 147 144 144 146 145 142 138 122 115 109 108
 110 110 109 108 107 111 111 104 102 103  99  86  85  85  88  82  82  79
  72  66  65  65  63  62  56  51  48  48  43  43  46  50  53  58  65  67
  78  89  96 109 116 127 138 147 149 150 152 155 158 159 160 161 161 160
 158 158 158 159 159 159 155 154 153 151 149 146 143 143 140 138 139 140
 141 141 140 137 135 135 134 133 133 135 136 136 137 138 138 137 135 133
 135  29]"
"[ 29  29 198 201 203 200 200 200 201 202 202 199 196 195 196 199 200 198
 198 197 195 195 194 193 193 194 196 195 195 195 195 193 195 197 196 195
 197 194 195 195 194 192 192 193 195 194 193 192 191 192 191 190 192 195
 194 191 191 190 188 186 187 189 190 190 186 186 187 188 188 187 183 180
 187 185 183 182 183 183 178 173 170 164 162 151 112 107 102  94  92  91
  94 100 110 118 138 149 143 145 146 146 146 147 150 153 156 151 145 141
 136 132 129 128 123 117 115 105 101 101 106  98  96  94  95  88  90  89
  81  71  65  63  63  63  62  56  54  53  50  47  48  51  54  61  70  77
  81  93 108 119 127 136 140 146 151 152 155 158 159 159 160 162 162 161
 159 159 160 161 162 162 156 156 155 154 151 147 145 144 139 143 143 140
 140 139 139 139 137 136 134 133 134 136 137 136 137 136 135 136 135 133
 135  29]"
"[ 29  29 198 201 203 200 200 202 201 202 202 200 196 195 197 199 200 199
 198 196 195 196 197 195 193 198 200 197 194 194 195 195 196 198 196 196
 197 195 195 195 196 194 193 193 194 194 194 195 192 191 190 190 192 194
 193 190 190 190 188 187 189 191 191 189 188 191 193 191 188 186 187 189
 186 187 186 186 185 185 183 182 180 177 176 153 124 113 105  96  91  90
  91  98 109 113 131 146 147 144 140 140 142 145 147 147 148 151 154 153
 149 146 147 150 157 143 141 133 129 122 125 117 104 100  99  94  97  97
  91  84  83  76  75  73  74  65  61  59  59  54  55  57  58  63  72  82
  90 103 120 128 135 142 142 148 151 154 159 161 159 156 158 163 164 162
 160 160 161 162 162 162 158 157 156 155 153 150 147 145 142 145 144 140
 140 140 139 140 139 137 136 136 137 138 137 136 135 133 132 135 136 134
 135  30]"
"[ 30  29 197 201 203 201 201 202 203 203 202 200 198 196 196 196 198 199
 199 195 194 199 201 197 198 202 203 199 196 196 198 198 197 199 197 198
 198 197 195 195 197 196 195 195 195 195 195 195 192 189 188 191 194 194
 193 192 193 192 189 188 190 194 194 192 192 192 191 188 186 186 187 187
 187 188 188 187 186 185 184 183 181 182 186 162 131 115 106  96  89  90
  91  97 107 111 130 151 152 149 145 145 145 145 142 139 144 146 147 147
 145 143 144 146 145 136 141 139 142 140 140 126 123 118 118 112 111 105
  97  93  95  87  85  85  88  82  79  76  68  63  66  67  67  74  83  95
 105 114 129 131 136 144 147 155 154 157 161 162 160 157 159 163 164 163
 161 161 162 162 162 161 160 158 155 155 155 153 150 147 146 144 139 139
 145 146 142 142 140 138 138 138 139 139 137 136 135 133 133 136 138 136
 136  29]"
"[ 30  29 198 201 203 201 201 202 202 201 201 200 200 199 198 196 199 200
 200 197 197 202 204 201 201 202 201 199 198 199 199 199 199 199 199 200
 200 202 195 196 196 195 196 198 198 197 195 194 195 192 191 194 196 195
 193 193 195 194 192 192 193 194 192 190 193 192 190 189 189 191 191 189
 187 187 187 187 188 188 185 181 180 179 184 169 127 113 108  99  92  94
  94  96 102 107 131 154 157 158 159 160 159 156 154 152 151 150 148 145
 144 144 145 145 147 137 137 137 140 135 132 120 122 118 121 119 121 117
 114 113 111 104 100  98  99  93  89  86  85  76  76  73  74  84  96 111
 111 119 129 130 135 140 147 154 157 158 160 161 161 162 162 162 163 163
 163 163 163 162 162 161 162 159 156 156 157 155 152 150 148 145 140 141
 145 146 144 143 140 138 138 139 140 139 137 136 138 137 136 138 139 136
 135  28]"
"[ 29  30 199 201 202 201 202 202 201 200 200 200 202 202 201 199 200 200
 200 201 200 202 204 202 201 200 200 199 199 199 199 199 200 198 201 201
 201 205 194 196 196 197 198 199 199 198 195 194 197 196 195 196 196 195
 194 193 193 194 195 197 198 196 195 194 194 194 192 189 189 189 188 186
 186 186 187 187 189 189 186 183 183 180 180 170 132 114 110 103  98  96
  94  93  98 105 130 149 159 158 160 164 169 169 164 158 163 162 160 156
 153 151 150 149 145 138 136 138 137 131 124 117 123 118 118 114 117 116
 115 115 115 113 110 110 109 108 105 105 102  91  88  82  82  92 102 114
 117 123 129 132 138 139 148 152 158 159 159 159 161 164 165 163 164 164
 164 164 163 162 162 162 162 161 159 159 159 157 154 153 150 150 149 147
 144 144 144 142 140 138 137 139 140 139 138 138 139 139 139 139 138 136
 136  28]"
"[ 29  31 201 201 202 201 202 202 203 202 202 202 203 203 202 201 201 198
 200 202 202 200 200 200 200 200 201 201 199 197 198 200 200 196 201 200
 201 207 193 196 200 199 200 201 200 199 197 196 195 197 196 195 195 196
 196 195 196 196 196 196 194 193 194 197 197 195 192 190 191 193 190 187
 186 188 188 187 186 185 185 186 185 184 181 169 151 119 110 102 101  96
  91  91  99 109 130 142 154 159 166 172 172 169 164 161 165 165 165 165
 166 164 158 153 156 157 152 145 142 144 138 130 128 123 122 116 119 119
 116 112 110 111 109 110 105 106 104 105 107  98  99  97  99 109 113 120
 124 128 129 131 138 138 150 154 156 160 161 160 161 165 167 166 165 166
 166 165 163 162 162 162 162 162 162 162 160 158 155 154 154 154 154 150
 146 148 148 142 141 138 137 138 139 139 139 140 139 140 140 139 138 138
 138  30]"
"[ 29  29 200 202 202 202 202 203 204 203 203 203 203 203 203 203 202 204
 202 201 203 201 199 200 201 200 200 200 201 201 200 199 198 199 199 199
 199 198 196 196 200 199 201 203 200 196 195 194 197 199 200 199 198 197
 196 194 194 196 197 196 196 196 196 195 196 196 196 194 193 193 192 191
 188 190 191 190 188 187 187 189 187 185 180 167 147 124 107 102 101  93
  89  87  92 112 123 141 155 160 168 167 169 172 168 169 167 166 166 165
 164 165 165 163 162 162 162 161 157 154 150 145 143 137 133 126 118 121
 123 116 109 108 107 107 107 105 102 100 105 103 100 103 110 115 118 122
 124 130 132 133 138 142 147 154 159 160 161 162 163 164 165 166 164 165
 166 164 163 163 164 166 161 163 163 161 159 159 157 155 155 154 151 148
 147 147 146 144 138 138 138 140 140 140 140 140 143 142 141 139 136 137
 139  29]"
"[ 29  28 199 201 201 201 201 202 197 198 201 203 203 203 204 204 202 204
 203 202 204 203 201 202 201 201 201 201 202 202 201 200 201 201 200 200
 199 199 198 198 198 197 199 202 200 198 198 197 199 200 199 197 197 197
 197 196 197 197 196 195 196 198 197 194 194 195 195 194 193 194 194 193
 194 194 194 195 194 192 192 193 190 187 186 173 146 122 109 103  99  92
  89  90  96 111 125 142 157 166 172 171 172 174 170 168 164 164 166 166
 166 167 167 165 163 162 163 163 160 157 154 149 146 145 146 143 135 135
 136 130 127 122 116 112 110 108 106 105 105 109 110 110 112 115 120 123
 125 129 132 134 137 142 149 155 160 161 162 162 163 165 166 166 164 165
 165 164 164 165 165 165 166 164 162 160 160 162 160 157 156 155 152 149
 148 148 148 148 146 145 144 144 144 143 142 142 145 144 142 140 138 138
 139  29]"
"[ 29  29 200 202 202 202 202 203 195 199 203 204 203 202 203 204 203 204
 204 204 206 205 203 203 201 202 202 203 203 202 202 201 201 200 199 197
 197 197 197 198 197 195 197 200 200 199 199 198 200 200 199 197 196 197
 196 196 196 196 195 196 197 198 197 195 194 195 196 195 194 195 195 195
 196 195 195 195 196 194 193 192 189 184 186 177 147 123 111 102  97  91
  90  92 101 110 126 141 157 169 173 172 172 173 171 165 163 163 166 167
 167 168 169 167 163 161 161 162 160 159 158 156 152 149 149 148 144 144
 142 136 132 126 121 118 118 117 115 114 112 116 117 116 118 123 126 126
 126 129 133 135 136 143 152 157 161 162 163 163 164 165 166 166 165 165
 165 165 167 168 167 165 167 165 162 161 162 163 162 159 158 155 152 150
 149 149 151 152 152 150 148 146 145 143 142 142 145 144 142 140 139 140
 140  29]"
"[ 29  29 201 203 203 203 203 203 199 201 204 205 203 202 202 202 203 205
 205 205 205 203 202 203 203 203 203 203 203 202 201 201 202 202 200 200
 200 200 201 202 199 197 198 200 200 199 199 198 200 200 200 200 199 198
 196 195 194 196 199 199 197 195 195 195 195 196 196 196 195 194 195 195
 195 194 193 194 194 193 191 190 191 186 187 183 158 131 114 102  98  93
  90  93 105 109 126 139 157 169 171 172 173 172 172 166 165 166 168 169
 168 169 170 168 164 162 161 162 161 159 157 155 156 151 148 147 146 146
 144 138 134 129 123 121 121 120 117 115 116 116 116 116 118 124 127 126
 128 129 134 137 136 143 152 156 161 163 164 165 165 166 166 165 166 166
 166 166 168 169 167 165 162 164 165 164 162 162 162 162 160 156 153 153
 152 151 152 153 148 146 145 145 145 144 144 144 143 142 140 138 139 141
 142  29]"
"[ 30  28 200 203 204 204 203 203 199 201 202 202 202 202 203 203 203 204
 206 206 203 201 202 202 203 203 203 203 202 201 201 202 204 203 202 202
 202 202 203 204 202 200 201 202 201 201 201 199 201 201 201 202 201 200
 197 196 198 199 201 200 197 195 195 196 195 196 196 196 195 194 194 195
 196 195 195 195 195 193 192 192 193 191 188 185 165 134 114 105 101  96
  92  95 109 112 126 140 160 170 172 175 176 173 174 170 170 170 171 171
 170 170 171 169 166 164 163 164 162 159 156 153 153 151 150 149 147 145
 143 140 136 130 124 120 120 119 118 117 116 117 119 119 117 121 127 129
 129 131 136 138 138 144 152 155 160 162 165 166 166 166 165 164 166 166
 166 167 167 168 167 165 161 164 166 166 163 161 162 162 162 158 155 155
 156 154 152 152 146 145 145 145 145 143 142 142 142 141 139 137 138 142
 142  30]"
"[ 30  28 200 203 204 204 203 203 201 201 201 201 202 202 203 204 203 204
 207 206 202 200 202 203 202 203 203 202 201 201 202 203 202 202 202 202
 201 201 201 201 201 201 202 202 202 202 202 201 201 201 201 201 201 199
 198 198 201 199 197 197 198 198 199 199 196 196 197 197 196 196 196 197
 197 197 197 197 196 194 194 194 190 192 188 184 164 131 115 112 104  99
  94  97 110 116 127 143 159 170 176 178 177 175 174 173 172 171 172 172
 171 171 171 169 168 165 162 160 160 161 161 158 155 153 149 146 146 145
 142 138 133 130 126 124 124 122 120 118 116 116 120 122 121 126 132 133
 131 134 138 140 141 146 152 155 159 162 164 165 165 165 165 164 165 166
 166 165 165 166 166 165 165 164 164 164 164 163 162 162 162 159 157 158
 158 156 154 151 148 147 146 146 145 143 142 141 143 143 140 138 139 143
 143  30]"
"[ 30  29 200 203 204 204 204 204 203 203 203 203 202 202 203 203 205 204
 207 206 202 202 204 204 203 203 203 202 202 202 203 203 203 203 203 203
 203 203 202 202 200 200 202 202 201 202 203 201 201 201 201 202 201 200
 199 200 201 198 196 197 199 200 200 201 197 196 197 198 198 197 198 199
 198 197 197 196 196 195 194 194 192 192 190 188 163 130 119 115 103 100
  96  98 108 117 125 145 156 170 182 181 178 177 175 176 174 173 173 173
 172 173 172 169 169 166 164 162 162 165 164 158 157 155 150 146 148 148
 143 137 133 132 131 130 127 123 118 115 116 116 119 120 119 126 133 132
 134 138 140 142 145 149 153 158 160 162 163 163 164 165 165 165 166 165
 164 164 165 166 166 166 166 163 162 163 165 165 163 162 161 161 160 159
 159 158 156 154 148 146 146 146 146 146 147 147 145 145 143 141 142 145
 144  30]"
"[ 30  28 199 201 202 203 203 204 201 203 204 204 203 202 203 204 207 205
 207 207 203 203 205 204 204 204 204 203 203 203 203 203 202 202 202 203
 203 203 202 202 201 201 203 203 201 202 202 201 201 201 203 204 203 202
 201 202 202 201 202 202 200 198 198 200 197 196 196 197 198 197 197 198
 199 197 196 196 196 195 194 194 195 190 189 189 160 127 117 108 101  99
  96  97 104 116 121 144 153 171 188 185 180 181 177 179 176 175 175 175
 175 175 173 169 168 169 172 172 171 169 161 149 147 151 151 149 150 148
 142 136 134 132 131 129 126 122 120 119 119 123 127 121 115 122 132 133
 136 140 142 143 148 152 155 160 161 162 162 162 162 164 166 166 166 165
 164 163 165 167 167 167 162 161 162 164 165 165 164 163 160 161 161 160
 159 159 159 157 155 152 149 147 146 146 146 147 145 146 145 143 143 146
 145  30]"
"[ 30  28 199 200 201 202 202 203 204 205 203 201 202 204 204 201 203 202
 201 203 206 206 204 205 204 204 203 203 204 204 204 203 201 201 202 202
 204 205 206 206 201 202 202 202 202 202 202 203 199 200 201 202 201 201
 202 202 202 201 200 199 198 197 199 201 198 197 195 194 197 197 196 197
 198 196 195 196 196 195 195 197 196 193 192 188 163 129 113 110 105 102
  97  95  97 112 125 137 157 165 177 178 181 179 180 175 176 177 177 173
 174 175 171 172 170 168 173 170 155 124 107  74  72  73  87 108 126 137
 138 139 136 135 134 127 122 120 126 122 115 110 110 116 123 124 135 134
 139 136 146 148 145 152 159 162 164 162 160 160 162 164 166 167 166 165
 165 165 166 167 168 168 165 163 162 163 166 167 166 164 163 162 161 160
 160 160 158 157 153 153 153 150 148 147 147 148 147 146 144 146 145 145
 145  29]"
"[ 29  27 199 200 201 202 202 203 204 204 203 203 204 204 203 202 204 203
 202 203 206 205 203 203 203 203 203 203 203 203 203 202 201 201 202 203
 203 203 204 204 203 202 202 201 201 201 201 202 200 201 201 202 202 202
 201 201 201 200 200 199 198 196 198 200 201 199 196 196 199 200 199 199
 198 198 196 195 195 195 195 195 195 191 196 189 179 143 115 108 103 100
  96  94  93 105 119 136 149 162 174 179 179 178 179 179 180 180 179 178
 175 174 175 171 171 175 174 152 118  83  75  66  62  59  65  75  86 103
 122 138 139 135 132 122 124 116  95  84  67  69  76  85  96 109 128 138
 139 138 146 147 146 153 159 162 161 159 158 160 164 166 167 167 166 165
 165 166 167 167 167 167 166 165 165 166 167 167 166 165 163 163 162 161
 161 160 158 155 153 154 153 151 149 148 148 149 146 145 144 146 145 143
 144  29]"
"[ 29  28 200 202 203 203 203 203 203 202 203 204 204 202 201 202 201 201
 200 202 206 206 204 203 203 203 203 204 204 204 203 203 202 203 203 203
 202 201 201 201 203 203 202 201 201 202 202 202 202 202 202 202 202 201
 201 200 202 201 201 201 199 198 198 199 202 200 197 197 200 200 199 200
 199 200 198 195 195 197 197 195 197 196 199 190 181 149 113 110 102  98
  96  97  96 105 119 138 148 158 165 179 185 188 182 183 179 173 166 167
 168 174 182 173 173 170 142 104  79  68  70  68  68  66  71  73  72  77
  91 107 137 142 139 123 113  90  70  70  67  69  72  76  83  97 113 130
 137 140 146 146 148 155 157 160 159 157 159 162 165 164 164 165 167 166
 166 167 168 168 167 166 166 167 167 166 166 165 167 168 166 165 164 163
 162 161 159 157 154 155 154 152 151 150 150 150 147 146 145 146 144 142
 143  29]"
"[ 29  29 202 204 204 203 203 203 202 202 203 204 204 202 201 201 199 200
 199 202 206 206 204 203 203 203 204 205 205 205 204 204 204 204 204 202
 201 200 201 201 203 203 202 202 203 204 204 204 202 203 203 203 201 200
 200 199 201 202 202 202 201 199 199 199 200 200 198 198 199 198 197 198
 200 200 199 197 197 198 197 195 195 197 194 191 170 146 111 109 102  97
  95  95  94 101 112 128 145 155 164 183 187 172 144 132 102  88  80  88
 102 124 156 179 173 166 117  81  66  68  72  69  70  66  70  69  64  61
  64  73  95 123 131 123 105  78  74  73  69  68  67  70  75  89 100 121
 133 141 146 147 151 154 155 158 161 162 165 168 167 164 164 166 167 167
 167 168 169 169 168 166 167 167 166 165 164 165 168 170 169 167 165 163
 162 162 162 161 156 156 155 154 153 153 153 152 150 149 146 146 144 143
 143  28]"
"[ 29  29 202 204 204 203 202 203 203 205 205 203 203 204 204 202 201 202
 202 203 206 206 203 202 203 203 203 204 204 204 203 202 203 203 202 201
 200 201 202 203 202 202 202 203 204 204 204 204 201 202 204 203 201 200
 200 201 200 200 201 201 200 200 199 199 199 200 200 200 199 197 196 197
 199 198 198 198 198 196 195 195 195 196 192 195 172 147 119 110  98  93
  89  86  83  93 106 124 139 153 166 173 160 127  93  81  77  65  66  71
  75  78 101 147 162 148  93  76  73  70  75  73  72  66  67  67  64  62
  62  65  73 104 123 111  86  70  76  71  70  65  64  69  74  87  99 123
 130 140 145 147 152 153 155 159 162 162 165 168 167 165 164 166 167 167
 167 167 168 169 168 167 167 167 166 166 165 166 169 170 168 167 165 163
 162 163 162 162 157 157 156 154 154 154 154 153 153 150 146 146 144 144
 144  28]"
"[ 29  29 201 204 204 204 204 204 203 205 205 203 203 205 204 202 202 203
 203 203 206 206 204 203 203 203 203 203 203 202 201 200 201 201 200 200
 200 202 203 204 202 202 202 203 203 203 203 202 199 201 203 203 201 201
 201 202 199 200 200 200 199 200 200 199 198 200 201 201 200 197 195 197
 199 198 198 199 198 195 194 195 196 194 197 195 177 144 125 114  96  91
  84  79  74  85 102 122 133 147 153 144 121  96  81  79  81  75  76  73
  77  78  82 114 131 116  72  70  75  72  73  67  69  66  69  70  68  65
  60  59  56  68 102 102  85  78  76  75  78  72  70  71  71  78  93 116
 127 137 141 147 152 153 157 161 161 160 161 165 168 169 168 166 167 167
 166 167 167 168 168 168 168 168 168 169 169 169 168 168 166 166 167 166
 165 164 163 161 159 158 156 154 154 154 154 153 154 150 146 147 146 145
 145  29]"
"[ 29  29 201 203 204 205 204 205 203 203 203 202 202 203 202 200 200 203
 203 202 205 205 203 203 203 203 203 202 203 202 202 201 200 200 200 201
 202 202 202 201 202 202 203 203 202 202 201 201 199 200 201 202 202 202
 202 202 200 200 200 199 199 200 200 200 198 200 200 200 200 198 196 197
 198 198 199 198 197 196 195 196 195 192 197 192 180 145 123 117 102  92
  82  77  70  74  84 102 121 135 135 121  98  93  85  82  78  77  77  72
  80  83  73  75  78  74  61  69  76  75  75  72  71  68  69  69  68  68
  65  62  58  45  70  80  81  83  78  80  79  76  75  74  74  78  98 113
 121 129 136 147 154 154 158 159 162 163 164 165 168 171 170 168 167 168
 168 168 167 167 168 168 168 169 169 169 169 168 167 166 165 167 168 168
 167 166 163 161 161 159 157 154 154 155 155 154 154 151 148 149 148 146
 146  29]"
"[ 30  28 200 202 203 204 203 203 203 201 201 202 202 201 200 199 201 203
 203 201 202 202 200 200 202 202 202 202 202 203 203 202 201 201 202 203
 204 203 201 198 202 202 203 202 202 201 201 202 200 200 200 201 203 203
 201 200 200 201 200 199 199 200 200 200 199 200 200 200 202 200 197 198
 196 198 198 196 195 196 197 196 199 194 196 196 190 161 125 121 106  91
  81  80  74  72  73  84 111 128 123 110  88  97  89  80  83  79  75  72
  74  78  78  81  72  58  56  68  75  73  71  74  73  69  69  68  69  73
  69  64  47  46  68  77  79  81  81  79  78  77  76  76  78  81 102 109
 115 123 132 148 156 155 157 156 158 162 165 163 163 165 166 165 168 169
 169 169 168 168 168 169 168 168 168 167 166 166 166 167 166 167 168 167
 166 165 163 162 163 161 158 155 155 156 155 154 154 153 151 152 149 147
 146  29]"
"[ 29  31 201 201 204 204 202 203 204 202 202 203 202 200 201 203 202 203
 202 203 204 202 201 202 203 203 203 203 203 203 203 203 200 200 200 201
 203 202 200 202 204 204 203 202 202 203 203 202 201 200 200 201 202 202
 203 203 201 201 200 200 201 201 200 199 199 200 200 200 201 203 203 202
 197 195 198 200 197 196 199 200 202 196 196 195 191 164 127 123 107  90
  82  83  71  71  73  73  89 115 108 102  97  94  96  85  80  80  82  79
  81  79  81  79  72  61  60  69  71  71  74  72  71  71  71  68  67  71
  70  61  40  46  75  76  80  82  79  75  75  77  76  76  80  88  96 102
 106 118 126 139 152 155 160 162 161 163 164 165 164 164 167 169 170 171
 170 168 168 169 169 168 168 167 167 167 168 168 167 165 166 166 166 167
 166 165 166 167 167 164 160 158 159 159 157 154 155 153 153 151 151 149
 149  28]"
"[ 29  30 201 201 203 203 201 201 203 203 203 203 201 200 200 202 202 202
 202 202 203 202 201 202 204 204 203 203 203 203 203 203 201 201 199 200
 201 199 199 201 202 203 203 202 201 201 201 201 201 200 200 201 201 201
 202 203 202 201 201 201 201 200 199 198 198 199 200 201 202 202 201 200
 199 197 197 199 197 196 197 198 200 196 195 195 194 161 130 122 108  95
  85  81  72  72  72  68  83 104 105 105 103 100  93  83  80  80  82  80
  82  79  78  76  72  57  55  66  72  73  74  70  72  71  71  69  67  70
  67  57  44  50  79  80  81  78  76  75  77  79  77  78  84  92  99 105
 106 114 121 132 146 156 163 162 166 166 167 167 167 166 167 168 170 171
 171 169 168 169 169 168 168 168 168 168 169 169 167 166 165 165 167 168
 169 168 167 166 167 166 163 161 161 160 159 157 154 152 152 151 152 151
 151  29]"
"[ 30  28 201 203 203 203 202 200 202 203 204 203 201 201 201 201 202 202
 201 201 203 203 202 203 204 204 203 203 202 202 202 202 202 202 201 200
 201 199 198 200 200 201 202 201 199 199 200 201 201 200 200 200 200 200
 201 202 202 202 201 201 201 200 200 199 198 199 200 201 202 202 201 199
 201 200 197 197 198 197 196 198 199 200 198 196 195 164 139 122 109 101
  91  80  76  76  74  67  79  98 106 110 109 106  95  88  80  79  80  79
  83  81  79  75  68  52  51  64  72  74  74  72  72  72  72  70  69  69
  64  54  47  53  78  82  83  80  78  78  79  80  79  80  86  94 101 106
 110 116 122 129 139 154 166 164 166 166 167 168 168 168 168 168 170 171
 171 169 168 169 169 169 168 168 169 169 170 169 168 167 167 166 167 169
 171 170 168 166 167 167 165 164 162 161 160 158 156 154 154 153 154 152
 152  29]"
"[ 30  27 201 205 203 204 203 200 199 202 203 201 201 202 202 201 202 201
 199 199 201 202 202 204 204 203 202 202 201 201 200 200 201 203 202 202
 202 200 198 199 200 201 201 199 199 199 201 202 201 201 201 200 199 199
 200 202 202 202 201 200 199 199 200 201 200 200 200 200 200 201 201 200
 201 201 197 197 200 199 196 197 195 200 199 192 189 171 143 117 110 105
  95  81  80  79  78  72  77 100 108 111 107 101  94  89  82  80  79  78
  82  81  79  75  66  51  54  68  73  72  71  72  71  71  72  72  72  70
  62  53  51  56  76  80  83  83  81  79  78  80  80  83  89  96 103 109
 113 117 123 128 129 145 161 163 164 165 166 168 168 168 167 168 169 170
 170 169 168 168 169 169 170 169 169 169 169 169 168 167 168 167 166 167
 168 168 168 167 168 167 166 164 163 162 161 159 158 156 155 154 155 154
 153  29]"
"[ 30  27 201 205 204 203 203 200 198 201 202 200 200 202 202 200 202 201
 199 198 200 201 201 203 203 203 202 201 200 200 199 199 199 201 201 200
 200 199 198 200 201 201 199 198 198 199 200 200 201 201 202 201 200 200
 201 202 201 201 199 198 197 197 199 200 200 200 200 199 199 200 200 200
 200 200 197 197 200 198 195 196 195 198 198 191 185 180 146 117 109 106
  99  88  87  82  80  78  85 113 115 117 111 104 102  93  88  83  80  76
  78  77  76  73  67  52  58  71  74  71  67  69  71  72  72  74  74  68
  59  51  54  63  78  77  79  80  78  75  76  80  83  88  95 101 108 114
 116 117 123 129 126 143 159 164 166 166 168 169 168 167 166 167 168 169
 170 169 169 169 169 170 171 170 169 169 168 168 168 167 168 167 167 167
 167 167 168 169 170 168 166 164 164 163 162 160 157 155 154 153 155 155
 154  30]"
"[ 30  28 201 204 204 202 201 200 200 201 202 201 201 203 203 200 202 202
 200 200 201 201 201 203 203 202 201 201 200 200 200 200 200 201 199 197
 198 199 199 201 202 201 199 197 197 197 198 197 201 202 202 202 202 201
 201 202 201 201 200 197 196 196 198 200 199 201 201 201 201 201 200 200
 200 201 199 198 199 198 195 195 198 196 196 194 187 186 149 121 110 108
 104  98  94  85  81  81  84 114 114 116 111 105 105  93  90  85  81  76
  77  76  76  74  67  51  55  68  73  73  67  68  72  73  74  74  73  64
  53  47  55  68  81  77  73  74  74  75  79  82  86  91  98 103 109 115
 118 117 121 129 128 148 161 167 166 167 168 169 168 167 166 167 168 169
 170 170 170 170 171 171 172 171 170 169 168 168 168 168 168 168 169 170
 169 169 170 172 171 169 165 164 164 164 162 160 159 157 156 154 155 155
 153  29]"
"[ 29  29 201 203 204 203 200 201 202 202 201 201 202 203 202 200 202 203
 203 202 202 201 200 202 202 201 201 200 200 200 200 200 201 202 199 197
 198 199 199 200 200 200 199 197 196 196 197 196 200 200 201 202 202 201
 201 201 201 201 200 198 197 197 199 201 199 201 201 201 201 201 201 200
 201 201 201 200 197 196 196 195 196 194 194 193 187 183 150 119 113 110
 107 104  95  87  82  82  84 112 116 116 110 105 102  94  89  86  84  78
  78  76  77  76  67  49  52  63  69  71  67  68  72  74  74  75  72  60
  49  45  57  71  81  79  73  72  73  76  81  83  86  91  99 103 107 111
 116 117 120 125 125 147 158 164 167 167 168 169 169 168 167 167 168 168
 169 170 171 171 172 172 172 171 171 170 170 170 170 170 169 169 170 171
 171 170 171 173 172 169 166 164 164 164 163 161 163 161 159 155 155 154
 153  28]"
"[ 29  29 201 202 206 203 201 203 202 201 200 200 202 202 201 200 200 202
 203 203 202 200 198 199 201 201 200 199 199 199 200 200 200 202 200 199
 200 200 198 197 198 199 199 198 196 196 197 197 198 198 199 200 201 200
 199 199 200 200 200 199 197 197 199 201 199 200 199 198 198 199 200 200
 200 200 201 200 195 195 197 195 195 197 196 192 188 182 155 115 114 110
 105 103  92  87  82  82  84 110 118 113 102  96  90  88  89  88  86  80
  78  75  75  73  69  50  53  59  63  66  64  67  71  74  74  75  71  59
  48  46  62  73  81  80  75  73  72  75  79  80  82  89  99 104 107 111
 116 121 124 125 121 144 155 163 171 169 169 169 169 168 166 165 167 167
 168 170 171 171 172 172 172 172 172 171 171 171 171 171 170 169 169 169
 169 169 170 171 173 171 168 166 165 165 164 162 162 160 158 154 154 154
 153  29]"
"[ 30  28 200 202 203 203 203 205 202 201 201 202 202 202 201 200 201 202
 203 202 201 200 200 200 202 200 199 200 201 201 200 199 200 201 202 201
 201 200 198 197 198 197 196 197 199 199 199 197 197 197 198 200 200 198
 199 201 200 201 200 197 196 198 200 200 200 199 198 197 197 198 198 198
 196 200 202 199 196 196 197 197 195 195 195 196 190 180 155 120 116 112
 105 100  97  93  88  86  86 109 114 109  96  90  85  89  90  89  84  86
  86  80  77  76  67  60  54  55  59  62  63  64  69  73  73  67  64  58
  50  54  68  68  77  77  74  74  71  74  80  80  85  91  98 102 105 113
 114 120 124 123 126 138 153 163 174 173 170 169 170 170 169 167 168 168
 169 169 169 171 173 171 172 172 172 171 171 172 171 170 171 171 170 169
 170 170 171 172 172 171 168 167 166 166 164 163 161 164 160 156 156 155
 154  28]"
"[ 29  28 200 202 203 203 203 204 203 202 202 202 203 203 202 201 201 202
 203 202 202 201 201 202 202 200 200 200 201 201 201 201 203 203 203 202
 202 202 200 198 196 196 197 198 199 199 198 196 196 196 197 197 198 199
 200 200 201 202 200 197 197 199 200 200 198 198 197 196 197 199 199 198
 196 199 200 198 196 196 197 196 196 194 195 193 190 178 149 123 121 114
 106 101  97  93  89  86  85 107 109 103  93  88  85  86  88  88  85  87
  89  89  89  84  74  65  57  57  59  60  61  62  62  66  67  63  63  61
  55  57  68  67  65  67  72  74  75  74  77  79  83  89  97 101 112 121
 123 123 122 122 130 143 155 160 173 171 169 170 170 168 167 168 168 168
 169 169 169 170 171 169 171 171 171 171 171 171 170 168 171 171 171 172
 172 171 171 170 172 171 170 169 168 167 165 164 165 166 163 160 161 159
 157  30]"
"[ 29  28 199 201 202 202 202 202 203 202 201 202 202 203 202 201 201 201
 202 202 202 202 202 202 202 201 200 200 200 199 200 201 201 201 200 200
 201 201 199 197 197 196 196 196 197 197 196 195 194 196 196 195 196 199
 200 199 201 201 200 198 198 199 200 199 197 197 196 196 197 199 198 197
 197 198 198 196 196 197 196 195 195 194 195 190 193 182 148 125 123 113
 106 102  97  94  90  86  86 108 105 100  94  88  86  84  84  85  84  85
  88  93  95  86  75  68  63  65  67  65  61  60  59  61  63  62  62  61
  60  68  70  70  61  63  69  69  74  75  77  81  84  88  98 101 119 128
 124 120 118 121 131 144 155 161 172 169 169 170 170 167 167 170 170 169
 170 170 169 171 172 169 171 172 172 172 172 172 171 169 171 171 171 172
 172 171 170 168 171 171 171 170 169 168 167 167 168 168 165 162 163 162
 159  30]"
"[ 29  28 199 201 202 203 202 202 203 202 201 201 202 203 203 202 202 201
 201 201 201 202 202 202 201 200 199 199 199 198 198 198 197 197 197 198
 200 201 199 197 200 199 196 195 194 195 196 196 195 196 196 195 197 199
 200 199 200 200 200 199 199 200 199 198 196 197 197 196 196 197 196 195
 196 196 196 196 196 196 195 194 194 196 196 190 193 184 152 120 119 108
 104 103  98  95  92  86  87 108 105 101  98  91  90  84  82  82  82  83
  83  88  90  80  75  66  59  60  64  65  65  67  66  63  64  63  60  56
  60  75  74  74  64  62  65  64  67  73  75  80  81  83  95  97 117 122
 122 115 114 125 137 146 153 160 169 169 169 169 168 167 168 171 171 170
 169 169 169 172 173 171 172 172 172 172 172 173 173 172 172 171 169 169
 170 170 170 169 170 171 171 170 169 168 168 168 168 168 165 163 162 161
 159  29]"
"[ 29  29 201 202 203 203 202 202 202 201 201 202 203 204 204 203 203 202
 202 202 202 202 202 202 201 199 198 199 200 199 198 197 197 197 197 199
 201 203 201 198 201 200 197 195 195 195 196 197 197 196 196 198 199 199
 199 200 199 199 200 200 200 200 199 197 195 197 198 197 196 195 195 195
 195 196 196 195 195 195 195 195 196 198 196 193 191 176 155 117 117 107
 103 102  97  94  92  87  84 102 106 104 102  95  93  87  83  82  83  84
  82  83  85  76  75  66  61  63  67  68  70  72  72  69  68  64  59  58
  63  74  80  80  71  57  57  62  63  69  73  77  78  80  94  97 113 114
 110 100 103 124 143 149 154 160 166 168 168 167 166 168 169 170 169 168
 168 168 168 171 172 169 171 171 170 169 170 171 172 173 171 170 169 169
 170 171 171 171 170 171 171 170 168 167 168 169 169 168 165 163 161 160
 159  30]"
"[ 29  28 201 201 202 203 202 200 201 201 201 202 203 203 203 203 202 202
 202 202 201 201 201 201 201 199 198 200 201 201 199 198 199 198 198 199
 201 202 201 198 199 198 196 195 195 196 196 196 197 196 196 198 198 197
 197 198 198 198 199 199 200 199 198 197 196 198 200 199 198 197 198 198
 195 195 196 196 196 196 196 196 197 195 194 197 191 169 157 125 116 109
 104 100  94  92  91  88  80  93 104 105 102  97  95  88  84  84  85  86
  84  83  84  79  77  73  71  73  76  76  75  74  73  72  71  66  66  72
  74  76  86  92  86  62  52  60  62  66  72  77  78  82  95 101 111 109
  96  91 101 125 143 148 153 161 164 167 168 166 166 169 170 169 167 167
 168 169 169 170 170 167 171 171 170 168 168 169 171 171 170 170 170 171
 172 172 172 172 171 171 171 170 169 168 169 169 169 168 166 164 161 160
 160  30]"
"[ 29  28 200 200 201 203 201 199 200 200 201 202 202 202 203 203 200 201
 202 202 201 200 200 201 202 201 200 201 201 201 200 199 200 199 198 198
 199 200 199 197 198 197 195 195 195 196 196 196 196 196 196 196 196 196
 196 197 196 196 197 197 197 197 197 197 196 198 199 199 199 199 199 198
 196 196 196 196 197 197 197 198 197 195 194 196 196 174 157 130 112 110
 106  99  94  91  89  87  82  87 104 105 101  97  95  88  83  86  85  85
  85  84  85  81  81  79  76  75  76  78  81  82  77  75  76  73  74  80
  82  84  92 102 102  83  65  61  63  66  71  76  79  81  90  98 103 102
  96  98 110 129 141 144 151 161 163 166 168 168 169 170 170 168 167 167
 169 169 168 170 170 168 171 171 171 170 169 170 171 171 170 171 171 172
 173 173 173 173 172 172 171 171 171 171 171 170 170 168 168 167 164 163
 162  29]"
"[ 30  29 201 201 202 204 202 199 200 201 203 203 203 203 203 203 200 201
 202 202 201 201 201 201 204 203 202 201 201 200 199 200 201 200 198 197
 198 199 199 198 201 198 195 194 195 197 197 197 196 197 197 195 195 196
 198 197 196 196 196 196 196 196 197 198 195 196 196 196 197 198 197 196
 197 196 195 197 198 198 198 198 199 197 196 193 201 181 154 126 106 109
 107 100  95  91  88  86  88  87 106 106 100  97  94  87  83  87  85  83
  84  85  84  80  80  81  81  80  82  85  87  87  83  78  80  79  76  76
  80  87  97 103 105 103  86  68  67  67  73  79  82  82  87  97  98  99
  93  97 109 126 138 145 153 161 163 164 166 169 171 170 168 167 168 168
 168 167 167 169 172 171 170 171 172 172 171 171 171 171 171 171 172 172
 172 173 173 174 173 172 171 172 173 173 172 171 171 168 169 170 168 166
 164  29]"
"[ 28  28 200 201 203 204 202 199 199 202 201 199 201 204 204 203 202 199
 199 201 202 200 200 201 198 200 200 200 199 199 199 199 201 199 198 198
 200 201 199 196 198 195 193 193 195 196 195 194 195 197 196 196 196 195
 194 196 196 197 197 197 196 196 197 197 196 196 196 195 196 197 196 194
 195 195 196 197 197 197 196 196 194 192 193 195 196 188 150 124 105 108
 105  98  95  95  90  84  83  85  96 102 106 101  98  89  81  83  83  81
  80  82  82  80  79  81  85  89  90  93  94  93  88  84  79  77  78  80
  83  85  94  99 101 102  98  85  71  66  71  79  81  81  90  95  97  90
  90  95 111 123 138 144 153 161 165 167 168 170 172 169 166 166 169 167
 166 166 167 169 170 171 171 171 171 172 172 173 173 173 171 171 172 172
 172 171 172 173 173 172 171 171 172 173 173 172 170 169 168 166 165 164
 160  30]"
"[ 29  29 201 202 204 205 203 201 200 201 200 197 199 201 201 202 200 201
 203 203 200 196 195 196 197 198 198 198 199 199 198 197 197 197 198 199
 201 201 199 197 199 197 196 196 197 196 195 194 195 196 196 195 196 195
 194 196 196 196 197 197 197 196 196 196 196 197 197 196 196 197 196 195
 196 197 197 198 197 197 196 195 196 194 193 194 194 181 147 125 110 110
 105  99  97  95  90  86  84  86  98 103 105 102 101  94  88  84  80  79
  79  79  79  79  82  84  89  92  94  96  97  95  89  85  80  77  78  79
  82  84  91  94  97 100 102  97  85  76  75  79  83  89  99  95  90  86
  90  95 108 119 132 138 150 160 161 166 170 170 170 168 167 170 171 169
 168 168 169 169 170 170 170 170 171 172 172 172 173 173 171 171 171 172
 172 172 173 173 173 172 172 173 173 173 172 171 170 169 168 167 166 165
 161  30]"
"[ 29  29 201 202 204 204 203 202 203 203 201 200 201 201 201 202 200 202
 204 202 197 194 196 201 199 200 200 200 201 201 200 198 195 197 198 199
 200 199 198 196 198 197 197 198 197 196 195 195 195 196 196 195 196 195
 194 195 196 197 197 198 198 197 196 196 195 196 197 196 196 197 197 196
 197 198 198 198 198 197 196 195 196 195 196 198 198 177 144 122 116 111
 106 103 101  97  93  90  85  87  95 101 106 104 102  97  95  88  82  82
  80  78  79  83  85  87  91  94  95  96  98  96  91  86  81  79  78  79
  81  82  86  90  95  96  97  99  95  87  80  77  83  95 105  89  74  75
  88  94 100 110 121 130 150 160 165 168 169 169 170 170 168 168 170 169
 168 168 169 169 169 169 169 170 172 172 172 172 173 173 172 171 171 172
 173 173 173 173 172 172 173 174 175 174 172 170 171 170 169 168 168 167
 163  29]"
"[ 29  29 201 202 202 202 202 202 202 202 201 201 202 199 198 200 201 202
 202 200 196 195 199 204 198 199 200 200 200 200 199 197 197 198 200 199
 198 197 196 196 196 196 197 198 197 195 195 195 196 197 196 195 196 195
 194 195 196 197 197 198 198 198 196 195 195 196 197 197 197 197 197 197
 199 199 198 198 199 198 197 196 195 195 196 197 198 173 140 116 119 114
 111 110 109 105  99  94  87  87  92 101 109 110 105  98  96  92  88  86
  82  78  82  90  90  91  93  95  95  96  98  97  92  88  83  80  79  78
  79  81  84  86  90  90  90  95  98  94  87  81  88  99 107  81  61  66
  70  80  87  99 112 126 150 158 166 169 168 167 169 170 169 167 168 167
 167 168 168 168 168 168 169 171 172 173 172 172 173 174 172 172 172 173
 174 173 172 172 171 172 173 174 175 175 173 171 172 171 169 169 169 169
 166  29]"
"[ 30  29 201 202 202 201 200 201 201 201 201 202 202 200 199 201 202 201
 200 199 198 196 196 196 196 199 200 200 199 199 198 198 199 200 200 198
 197 197 197 197 196 196 197 197 196 195 195 196 196 197 196 195 196 195
 194 195 195 196 196 197 197 196 195 194 195 196 197 197 197 197 197 198
 200 198 197 197 199 199 198 196 196 195 193 189 190 167 133 111 114 110
 110 112 110 106  99  90  87  88  91 101 111 115 109 103  97  95  92  89
  85  82  85  90  91  92  95  97  97  98  98  96  91  88  84  82  80  79
  80  81  83  81  83  86  89  95 100  98  96  91  96 103 107  76  60  66
  71  87  98 112 122 137 157 159 161 167 168 166 166 167 169 170 169 168
 168 168 168 168 169 169 169 171 173 173 172 172 173 174 171 172 174 175
 174 173 172 172 171 172 173 174 175 174 173 172 173 172 169 170 169 170
 170  30]"
"[ 29  28 201 202 201 200 199 199 201 201 200 200 201 200 201 204 204 201
 198 196 196 196 195 194 196 199 201 201 199 199 199 199 198 198 197 196
 196 197 199 199 197 197 196 196 195 194 194 195 195 196 195 194 196 196
 195 196 195 195 195 196 196 196 195 194 194 194 195 196 196 195 195 196
 198 196 194 195 197 198 197 195 196 195 194 187 185 163 125 107 108 104
 105 107 104 100  93  85  84  84  84  94 105 113 109 106 101  98  95  91
  89  89  88  87  87  88  92  95  96  97  96  92  88  86  84  82  81  81
  81  83  82  80  81  86  89  92  96  99  99  97 101 103 103  70  62  68
  76  92 107 121 126 139 155 156 162 166 167 166 167 168 168 169 170 169
 169 169 169 168 168 169 170 172 174 174 173 172 172 173 170 172 174 175
 175 173 172 173 173 173 173 174 174 173 173 173 173 173 170 171 169 171
 172  30]"
"[ 29  27 200 201 202 200 198 199 200 201 199 198 199 198 200 203 204 202
 199 196 195 196 198 199 196 198 199 198 197 196 196 196 198 196 195 194
 197 199 199 199 198 197 196 196 196 195 195 195 197 197 196 195 197 196
 195 196 196 196 195 195 195 195 195 196 194 193 193 195 195 194 194 195
 196 195 195 196 197 197 196 195 196 195 197 190 182 161 119 109 113 105
 104 106 102  97  94  89  84  79  72  81  95 108 106 105 102  99  96  93
  92  91  89  87  83  83  86  90  92  93  92  88  87  85  83  81  80  81
  82  84  82  81  81  83  86  88  91  96  97  98 101 102  98  64  64  67
  72  87 109 128 129 139 151 158 165 167 167 169 171 170 168 167 169 169
 169 170 170 169 168 169 170 172 174 174 173 172 172 172 171 172 173 174
 174 174 173 173 174 174 174 174 174 173 174 174 172 173 170 171 169 171
 173  29]"
"[ 30  28 200 202 203 201 199 200 203 205 204 203 202 202 202 203 201 203
 204 201 197 197 198 200 200 200 200 199 198 198 197 196 200 198 196 196
 199 201 200 198 199 197 197 197 198 198 197 196 200 200 198 197 197 197
 195 195 195 195 195 194 193 194 195 196 195 194 194 195 196 195 195 195
 196 197 198 199 199 199 197 196 197 194 196 188 176 156 115 115 117 105
 102 105 100  94  95  95  88  77  62  71  90 107 104 102  99  97  95  93
  91  88  88  89  84  83  84  87  89  92  91  88  88  85  82  80  80  80
  82  84  84  81  76  76  84  89  90  93  95  98 101 103  96  62  66  66
  70  86 116 138 135 139 144 153 161 165 169 172 172 169 168 170 168 169
 170 171 171 170 169 169 171 172 174 174 173 172 171 171 173 172 172 173
 174 174 173 172 173 173 174 174 174 174 174 175 171 173 170 172 169 170
 173  28]"
"[ 29  29 200 202 203 201 200 198 202 202 203 204 204 203 203 203 202 202
 202 203 202 200 198 199 198 200 200 200 200 201 199 197 200 198 196 196
 198 201 202 201 201 199 197 197 198 198 196 195 195 199 199 197 196 195
 194 196 196 196 195 195 194 194 194 195 196 196 197 199 199 197 196 197
 196 197 198 199 199 200 198 197 195 197 191 190 167 140 113 113 112 107
 100  95  94  92  92  95  88  79  58  66  78 104 104 103  92  89  89  91
  90  88  88  88  87  89  89  88  86  91  89  89  89  87  85  83  81  82
  83  82  82  81  77  77  81  85  88  91  95  92  94 102  90  68  62  63
  63  92 123 139 138 141 145 157 161 167 167 168 171 170 169 168 169 169
 171 172 172 170 169 169 171 172 173 173 174 174 173 173 172 171 171 172
 173 173 173 175 173 172 172 174 173 173 174 174 173 173 173 173 174 171
 172  28]"
"[ 30  29 199 200 201 200 202 201 201 201 201 201 200 200 201 203 202 201
 200 200 200 199 199 200 199 200 201 200 200 201 200 198 200 199 197 196
 197 198 199 198 199 198 198 199 199 198 197 197 197 199 198 197 196 196
 195 196 197 196 196 196 196 195 195 196 195 196 197 199 199 197 196 196
 194 195 195 196 196 197 196 195 195 190 187 187 162 122 107 116 115 105
  96  92  90  88  88  89  81  79  67  65  74  99 104 102  88  75  68  74
  82  87  89  89  90  89  88  91  89  91  88  90  89  89  88  84  80  81
  85  86  86  84  80  79  81  83  85  89  92  96 101 103  93  80  73  68
  83 107 121 135 137 139 151 156 160 171 172 170 170 170 171 170 170 169
 170 171 171 170 169 170 172 172 172 173 173 173 173 173 172 172 172 174
 173 172 172 172 171 170 172 174 172 172 172 171 172 173 173 172 171 168
 171  31]"
"[ 29  29 198 199 200 200 202 202 200 201 202 202 201 200 202 204 202 201
 201 202 201 200 200 200 200 201 201 200 199 200 200 200 199 199 198 196
 196 196 196 196 195 197 199 200 199 199 198 198 198 199 197 195 195 195
 195 195 196 196 195 196 196 195 195 196 195 195 197 199 198 196 194 195
 196 196 196 196 196 197 197 197 195 192 192 183 160 122 116 117 115 101
  91  89  87  85  85  83  78  77  74  68  76  98 105 103  95  82  73  71
  69  69  73  78  85  84  85  87  85  87  83  84  84  87  89  86  83  84
  90  94  92  90  85  82  81  81  83  86  88  95 103 101  96  94  88  82
 102 114 118 129 139 141 149 145 159 171 173 169 168 169 170 169 169 168
 169 170 171 170 171 171 172 172 171 171 172 173 173 173 174 173 173 173
 173 172 171 171 171 170 172 174 172 171 172 172 171 171 170 169 168 166
 170  30]"
"[ 30  29 198 202 203 201 202 201 197 198 201 202 202 200 200 201 202 202
 202 202 201 201 200 199 200 200 200 200 199 199 200 200 199 199 198 197
 196 196 196 196 194 196 198 199 200 200 200 200 198 199 197 195 195 195
 194 195 196 195 195 195 196 195 195 195 195 195 196 197 197 195 194 194
 195 195 195 195 195 196 196 196 194 195 191 170 145 120 122 115 115  98
  89  89  86  84  83  79  77  71  71  70  79 100 105 104  90  84  79  73
  63  57  60  64  72  77  81  80  78  84  81  81  82  87  90  87  85  86
  89  93  96  95  90  86  83  81  82  85  88  88  96  96  95  98  95  96
 103 107 118 125 139 143 144 146 160 170 169 167 169 170 169 166 167 167
 168 169 171 171 171 171 173 172 171 171 172 173 174 174 175 174 173 172
 172 172 173 173 173 171 171 172 171 172 173 173 171 169 166 165 167 167
 170  28]"
"[ 29  29 200 203 204 202 202 201 199 199 201 202 203 202 201 200 203 202
 200 199 199 200 200 200 200 200 200 201 200 200 200 201 200 199 198 198
 198 199 198 196 195 196 197 198 200 200 200 199 198 200 199 196 196 195
 195 196 196 195 195 195 195 195 195 196 196 195 196 197 196 195 195 196
 195 196 196 196 196 197 196 196 195 197 193 174 142 121 121 116 114  97
  88  87  83  80  79  75  72  66  65  69  75  98 104 101  99  90  81  71
  63  56  49  42  38  48  58  63  64  71  73  76  84  90  91  88  89  90
  90  93  96  96  93  89  87  84  83  85  88  85  90  90  90  94  94  97
  98 104 118 122 128 128 136 147 160 168 168 168 171 170 169 168 167 168
 169 170 172 172 171 170 173 172 172 172 173 174 175 175 174 174 173 172
 172 172 173 173 172 170 169 170 170 171 171 170 170 168 166 166 168 167
 170  28]"
"[ 30  30 200 203 204 202 203 202 204 202 201 202 203 203 202 201 200 201
 201 201 202 203 202 200 200 200 200 201 201 200 200 201 201 200 199 199
 199 200 199 197 196 195 195 197 198 199 198 197 197 199 198 196 196 195
 194 196 195 195 195 194 194 193 194 195 196 195 195 196 196 195 196 197
 196 197 197 197 198 198 197 196 191 191 186 167 136 122 116 111 109  94
  84  81  79  77  75  73  66  64  63  66  66  91 105 101  98  90  80  71
  66  62  55  45  46  40  34  31  29  40  55  74  89  95  95  92  94  95
  94  96  96  96  94  92  91  87  85  85  85  85  88  87  88  93  95  94
  97 107 112 121 125 121 135 144 156 165 168 169 170 168 169 170 169 170
 171 171 171 172 171 170 171 171 172 172 172 173 174 174 172 173 174 173
 173 173 172 171 170 168 169 171 170 170 169 167 168 169 170 169 168 166
 170  30]"
"[ 29  30 200 203 203 202 202 200 203 201 200 201 202 202 201 200 199 200
 201 201 202 203 202 200 200 199 199 200 201 200 199 200 200 200 200 199
 199 200 200 199 197 197 196 197 197 197 196 195 197 198 196 195 195 195
 194 194 195 195 194 193 192 191 192 194 194 194 194 196 196 195 196 197
 195 195 196 196 196 196 195 194 196 190 179 151 125 122 115 112 104  92
  81  78  77  75  71  68  62  61  61  62  60  79 105 103  96  90  83  75
  68  64  59  53  44  37  32  32  32  40  51  69  86  95  96  94  96  96
  95  97  97  97  95  94  94  91  87  87  82  84  85  87  88  91  95  93
  95 103 103 118 130 136 146 147 153 166 169 169 168 166 167 168 169 170
 170 169 169 170 171 171 170 171 172 173 172 172 172 172 171 173 174 173
 173 173 171 170 168 168 170 171 170 169 169 167 169 171 172 171 169 166
 170  30]"
"[ 29  29 201 203 204 201 200 197 201 201 201 203 204 203 202 201 202 200
 197 194 195 199 201 201 199 197 197 199 200 199 198 199 199 200 200 199
 199 199 200 201 199 199 199 199 199 198 197 196 197 198 195 194 195 195
 194 194 196 196 195 194 191 190 192 194 192 192 193 195 195 194 195 196
 196 197 197 197 197 197 196 195 196 189 183 154 127 118 107 109 103  94
  83  79  78  73  65  61  61  55  55  57  57  68 103 104 100  91  83  80
  78  74  65  56  48  41  35  33  32  39  45  55  66  80  88  90  95  98
  98 102  99  98  97  96  97  94  90  89  83  83  81  87  87  87  93  92
  96  97  99 109 123 142 144 147 155 169 172 169 169 168 168 166 168 168
 168 166 166 169 171 172 171 173 174 174 173 172 172 172 171 173 173 172
 172 172 172 170 167 167 169 170 168 168 170 170 172 172 172 172 172 169
 171  29]"
"[ 30  28 201 203 204 203 201 200 201 200 202 205 203 200 200 201 201 202
 199 196 195 199 202 203 198 195 195 197 198 197 198 200 200 201 200 198
 197 197 198 198 197 197 198 199 199 197 196 195 196 195 195 198 199 197
 195 195 194 195 194 193 195 196 194 194 194 194 195 196 195 195 195 195
 195 195 196 196 196 195 194 194 193 192 180 158 129 115 110 105  97  89
  81  80  79  74  66  61  61  58  53  56  55  63 107 104  97  93  85  83
  82  78  71  61  51  51  35  35  31  40  47  54  54  59  74  81  94  98
 100 101 102 102 100  97  96  96  93  90  83  81  81  83  84  88  90  89
  91  95  97  96 102 118 134 146 160 166 171 170 170 171 170 164 165 166
 167 168 169 170 171 171 172 172 174 174 174 173 172 172 171 173 172 168
 168 171 173 171 171 169 169 169 169 169 170 171 171 172 170 173 172 172
 172  29]"
"[ 29  28 200 203 203 202 201 202 201 199 201 204 202 200 200 200 201 201
 200 197 197 200 203 203 198 196 195 197 197 196 197 199 199 199 199 198
 197 197 197 196 195 195 196 198 198 198 197 197 197 196 197 199 199 196
 195 194 195 195 193 191 194 195 195 196 194 195 196 196 195 194 194 194
 195 196 196 195 195 194 194 193 188 191 177 154 125 117 109 102  96  89
  83  81  80  76  69  65  63  61  59  60  59  64 102 103  96  94  89  88
  86  80  73  65  59  54  42  36  33  37  47  53  50  52  55  64  87  98
  98 104 103 101  97  95  97  97  93  88  84  82  82  82  80  81  82  81
  88  89  95  98 100 103 113 135 161 166 167 167 170 172 173 171 167 168
 169 168 168 169 171 171 173 173 173 174 175 175 174 173 171 173 171 168
 168 171 172 171 171 169 168 169 170 171 171 171 172 172 171 173 173 173
 173  29]"
"[ 29  29 201 203 202 201 202 204 201 200 202 204 203 201 201 201 201 201
 200 199 199 202 203 202 199 197 197 199 198 197 197 199 199 200 200 199
 199 198 197 195 194 194 195 196 197 197 198 199 197 196 197 198 198 196
 194 194 196 195 192 190 193 195 195 196 195 195 195 195 194 194 194 194
 195 195 195 195 195 194 194 193 191 195 176 147 120 118 110 104  96  92
  86  83  81  78  74  69  66  65  65  63  61  64  93 101  96  95  94  96
  91  82  75  69  64  56  49  39  36  35  50  54  56  56  54  59  79  98
 100 103 106 104 100  97  98  97  93  88  84  82  81  80  77  76  78  79
  85  85  92  96  99  95  98 125 161 167 166 167 170 172 173 173 169 170
 169 168 167 168 170 172 174 173 172 173 175 175 174 172 172 172 171 169
 169 172 172 171 170 168 167 167 169 171 171 171 171 172 170 173 172 173
 172  29]"
"[ 29  29 201 202 202 201 202 204 202 200 202 204 204 202 202 201 200 201
 200 200 201 202 202 201 200 200 200 200 199 198 198 199 199 200 201 201
 200 200 198 196 195 195 195 195 196 196 196 197 195 195 196 197 197 195
 195 195 195 195 193 193 195 196 195 194 194 195 195 195 194 194 194 195
 194 194 194 194 195 195 194 194 193 196 176 141 119 115 108 103  97  94
  89  84  81  79  75  72  69  68  67  63  62  65  86 100  99  98  99 102
  95  83  76  70  64  55  52  42  38  37  53  56  54  50  46  42  45  74
  93  98 103 104 103 100  98  97  94  91  86  82  80  78  75  75  79  81
  83  87  90  88  96  98  96 117 150 167 168 169 170 171 170 170 169 169
 169 168 168 169 172 173 175 173 172 172 173 173 172 171 172 172 171 170
 171 172 172 170 169 168 167 166 168 170 171 171 170 171 168 170 170 171
 171  28]"
"[ 29  28 200 202 202 201 201 203 202 200 201 203 202 202 201 200 200 200
 201 201 202 202 201 200 200 200 200 200 198 197 197 199 200 200 200 200
 200 200 199 197 196 195 195 196 196 195 195 195 195 195 196 196 195 195
 195 196 196 197 195 194 196 196 195 194 194 195 195 195 194 194 194 194
 194 194 194 194 195 195 194 193 193 193 180 141 125 115 110 103  97  95
  90  84  81  78  75  72  69  67  67  65  66  69  84 101 101  99 100 104
  95  83  76  68  63  55  53  46  39  40  51  57  57  53  49  41  34  56
  80  93  97 100 102 101  99  98  95  92  88  82  78  77  74  74  77  78
  81  86  87  82  91  98  97 110 134 163 168 169 169 170 169 168 169 169
 169 168 169 171 173 173 174 173 172 171 171 172 172 172 171 170 170 171
 171 171 170 168 169 169 168 167 168 170 171 172 170 170 167 169 168 169
 170  28]"
"[ 30  29 200 203 204 203 202 202 202 200 201 203 202 201 201 199 199 200
 201 202 202 202 201 200 200 200 200 200 198 196 197 199 201 201 201 200
 200 200 199 198 195 195 195 196 196 195 194 195 195 196 196 195 194 194
 195 196 196 197 194 193 194 195 194 194 195 196 196 196 195 194 194 193
 194 194 194 194 195 194 192 191 194 188 179 138 126 116 114 107  97  94
  89  84  81  77  74  71  67  64  65  67  68  69  81  99 101  97  98 101
  92  80  75  67  64  58  55  50  39  41  46  53  54  56  53  50  50  54
  65  86  99 101 103 103 103 101  95  90  86  80  77  76  74  73  74  74
  76  82  85  85  90  96 100 108 124 162 167 168 167 170 169 169 169 170
 169 169 169 171 172 172 172 172 171 170 169 170 171 172 170 169 169 170
 171 169 168 167 168 169 169 168 168 169 171 172 171 171 168 169 168 170
 171  29]"
"[ 30  29 200 203 203 203 202 203 203 201 203 203 202 201 201 199 200 200
 201 201 201 200 199 199 200 201 201 200 198 197 199 201 201 201 201 199
 198 198 197 197 195 195 195 195 195 195 194 195 195 196 196 193 192 192
 193 195 195 196 194 192 193 194 194 195 195 196 196 196 195 194 194 193
 194 194 194 195 195 194 191 190 192 183 173 132 120 116 116 107 100  95
  90  86  82  77  73  71  68  64  64  67  65  64  75  93 100  96  97  98
  89  80  78  71  65  60  56  50  41  40  41  49  52  54  57  60  69  68
  74  91 102 105 107 106 105 101  95  89  84  78  76  76  75  74  74  74
  74  78  83  90  92  96 105 107 122 162 165 167 168 171 169 170 170 171
 171 169 168 168 170 171 171 170 169 168 167 168 170 171 171 169 169 170
 170 168 167 168 167 169 169 168 168 171 172 171 172 172 169 171 170 171
 172  29]"
"[ 28  28 200 202 202 201 201 202 203 202 203 204 202 202 201 199 200 200
 200 200 199 197 196 196 200 201 201 200 197 197 199 201 200 200 200 198
 196 196 195 195 195 195 195 195 195 194 194 195 194 195 194 192 190 190
 193 194 194 196 195 194 195 195 195 196 194 195 196 197 196 195 194 194
 193 193 193 194 195 194 191 189 192 183 172 134 121 120 118 105 103  97
  91  88  84  78  73  72  72  67  64  66  61  58  70  88 101  96  98  99
  89  83  83  77  64  59  55  48  42  39  38  47  51  56  70  76  85  85
  86  89  98 104 108 107 104 100  96  92  86  80  77  77  75  74  75  76
  75  77  81  91  93  97 108 101 122 161 163 168 171 174 171 173 170 172
 173 170 167 167 170 172 172 171 169 167 167 168 169 170 172 170 170 171
 170 168 168 169 168 169 169 168 170 173 173 172 172 173 170 172 172 172
 172  29]"
"[ 30  28 199 201 203 202 201 202 202 202 203 205 203 200 199 201 201 201
 203 197 194 196 196 202 203 201 199 199 199 199 199 199 199 200 200 197
 195 195 196 195 194 193 192 193 195 196 196 195 196 196 195 193 192 192
 194 196 196 196 196 196 195 195 195 195 195 195 195 195 196 196 195 194
 192 191 192 193 194 192 191 191 197 185 162 135 120 121 119 104  96  94
  89  84  82  80  77  74  72  74  66  65  65  60  65  74  96 103  98  94
  88  81  77  64  56  58  53  47  42  48  47  51  53  65  81  88  92  97
  94  88  89  95 105 109 103  98  95  92  90  80  74  75  78  80  78  74
  76  79  79  86  91  96 103 101 123 163 164 168 172 172 175 172 171 171
 170 168 164 164 167 170 172 171 169 168 168 170 171 171 168 165 168 170
 168 169 171 170 172 172 172 173 172 171 171 172 171 171 170 171 172 171
 173  29]"
"[ 30  28 201 201 200 199 200 203 204 203 203 203 200 198 198 200 201 201
 201 196 195 197 198 203 202 200 197 197 198 199 200 200 198 199 198 196
 195 195 195 195 194 193 192 193 194 195 195 195 195 195 194 193 193 194
 195 196 196 196 196 195 195 195 195 195 196 195 194 193 193 194 195 196
 192 191 191 193 194 193 192 192 192 185 162 131 120 121 117 105  98  93
  87  84  82  79  76  74  71  70  62  63  67  62  63  66  80  94  98  98
  89  77  71  60  56  57  52  47  46  53  53  59  70  80  92  96 100 103
 100  97  88  88  97 106 105 100  96  92  86  80  77  78  79  79  78  75
  76  77  77  82  90  97 103 104 132 164 164 166 170 171 174 171 171 172
 172 169 165 164 166 169 170 169 169 168 168 168 169 170 168 165 166 169
 168 168 170 169 168 169 170 171 171 170 171 171 171 172 172 171 172 170
 172  29]"
"[ 29  29 201 202 201 199 200 202 202 203 201 199 197 197 199 201 203 202
 200 196 196 198 198 202 199 197 195 195 197 199 200 201 199 198 197 196
 196 196 195 195 197 196 195 194 194 195 196 197 195 194 194 194 194 195
 195 195 196 195 195 195 195 195 195 196 194 195 196 196 195 194 195 195
 193 192 191 193 194 193 193 192 193 185 165 130 123 120 112 107 100  92
  88  87  82  79  77  74  74  71  63  63  67  65  65  66  68  82  89  93
  89  79  72  61  58  52  45  43  44  46  54  76  83  88  94  95 100 104
 104 109  96  85  86  98 104 102  95  88  82  79  79  80  78  76  76  75
  74  75  77  82  92  98  97 100 145 165 166 166 168 172 174 172 173 173
 173 169 165 163 164 167 169 170 171 170 168 167 168 169 167 165 166 167
 167 168 169 168 166 169 171 171 170 171 171 171 171 172 172 172 171 169
 172  29]"
"[ 30  28 200 202 203 202 200 199 201 202 200 196 195 198 200 201 202 201
 199 196 198 199 199 200 198 196 194 195 197 199 200 200 199 198 197 198
 198 196 196 197 199 198 197 196 195 195 196 197 194 194 194 195 195 195
 195 195 195 195 194 194 195 195 196 196 195 196 196 195 194 194 194 194
 194 193 192 192 193 193 193 192 195 180 162 130 121 117 109 107 101  94
  91  88  81  78  77  72  71  70  65  64  66  65  65  68  65  69  69  73
  76  74  68  57  53  48  43  43  45  47  62  90 100 102 101  97 100 103
 105 116 111  93  85  92  99 100  94  86  81  79  80  80  76  73  74  74
  74  75  79  84  94  98  94 100 153 165 167 167 167 172 173 173 174 174
 172 168 164 162 164 167 171 171 172 171 169 168 168 168 168 167 167 168
 167 168 168 168 168 171 172 171 170 172 172 171 171 172 172 171 171 169
 172  29]"
"[ 29  28 200 202 203 202 201 201 201 203 201 197 196 198 200 199 199 199
 196 196 198 199 199 199 197 196 195 196 197 199 199 199 197 196 197 198
 197 195 195 197 197 197 197 196 195 195 195 196 193 194 195 195 195 194
 195 195 195 194 194 194 195 195 194 194 197 195 192 190 190 192 194 195
 194 194 193 193 193 193 193 193 195 177 160 130 119 119 114 107  99  94
  92  86  78  76  75  68  65  66  68  69  70  70  68  68  68  64  58  58
  61  61  57  51  47  44  38  35  47  64  82 100 109 111 109 105 105 104
 105 115 118 104  94  93  93  95  93  88  84  82  81  79  75  72  73  73
  75  75  79  82  91  96  96 108 155 163 167 168 167 172 172 173 174 173
 170 166 163 163 166 169 170 170 170 169 169 168 167 166 167 169 169 168
 168 167 167 168 168 171 172 170 170 171 171 170 172 172 171 171 172 170
 172  29]"
"[ 29  29 201 201 201 201 203 207 199 201 200 198 198 200 200 199 199 201
 197 197 199 198 198 196 196 196 196 197 197 198 198 198 195 196 197 197
 196 195 195 196 195 195 196 196 195 195 195 195 192 194 195 195 195 194
 195 196 196 195 194 194 194 194 193 192 195 193 191 190 190 192 193 193
 193 194 194 193 192 193 193 193 194 179 159 130 115 121 116 103  96  94
  91  82  74  73  72  66  66  65  68  69  72  75  73  71  66  64  62  59
  56  52  51  51  48  41  39  45  67  87  99 105 107 109 111 110 108 104
 100 104 108 104 100  95  88  87  89  88  85  82  80  78  73  70  72  73
  72  74  78  83  88  91  98 113 155 164 166 170 169 172 171 173 172 170
 168 165 164 165 167 169 169 168 167 168 170 170 168 165 166 169 169 168
 168 167 166 168 169 170 170 170 170 171 171 170 172 171 170 171 172 171
 172  28]"
"[ 30  29 201 201 201 201 203 206 196 197 197 198 199 201 200 199 199 202
 198 198 198 195 196 195 195 196 197 197 196 196 196 197 195 196 196 195
 195 195 196 195 195 195 196 196 196 195 195 195 193 194 195 195 195 195
 195 195 195 194 192 192 192 192 192 192 192 193 194 195 194 193 191 190
 192 194 195 193 192 192 193 193 192 181 155 131 115 118 110 100  98  96
  89  81  76  74  72  69  67  64  67  66  68  74  73  71  63  63  65  64
  58  52  49  51  50  43  58  79  98 103 106 107 112 111 113 112 108 103
  96  94  97  97 100  96  87  83  85  84  83  79  78  75  71  69  70  71
  70  73  79  85  85  87 103 120 155 165 165 170 171 172 171 172 170 169
 168 167 167 167 167 167 167 166 167 169 171 171 168 166 166 170 169 168
 170 169 167 167 169 169 169 170 170 171 170 170 171 171 171 171 172 170
 172  29]"
"[ 30  28 199 200 201 201 200 200 195 195 196 197 199 199 197 195 195 199
 196 196 196 194 196 196 194 195 197 196 195 195 195 196 195 196 195 193
 194 195 196 195 196 196 196 196 195 195 194 194 195 195 195 195 195 195
 195 194 195 193 191 190 191 192 193 193 194 195 196 195 194 192 190 190
 193 195 196 194 192 191 192 192 196 186 154 138 124 120 109 108 103  98
  89  82  79  77  74  74  67  67  72  70  70  74  72  71  69  66  67  68
  64  58  52  51  49  50  73  91 101 104 111 115 114 110 110 109 107 106
 100  97  95  94  97  97  91  86  84  81  80  77  77  75  70  68  69  71
  71  74  78  85  83  87 112 133 155 166 164 169 171 171 170 170 169 169
 169 169 169 168 166 164 165 166 167 170 171 170 168 165 166 170 168 168
 172 172 168 167 168 168 168 170 171 170 169 168 171 172 172 171 171 169
 171  29]"
"[ 28  28 194 202 200 199 196 200 193 195 196 196 195 195 195 196 195 195
 195 195 195 194 194 195 195 195 195 196 196 195 195 195 196 197 196 194
 194 195 195 194 197 195 197 195 194 196 195 195 193 195 196 195 195 195
 195 194 193 193 191 188 188 191 194 194 193 192 194 195 194 194 194 191
 193 194 195 193 191 192 193 191 193 193 154 135 126 114 117 112 105  96
  90  85  80  78  74  73  71  72  73  73  74  74  74  73  74  73  73  69
  65  58  51  55  48  67  88 103 111 114 120 121 114 109 112 110 102 103
 106  98  89  90  92  94  92  87  83  81  81  79  76  73  72  70  68  69
  73  78  80  81  86  87 122 145 155 161 168 171 169 167 167 168 167 168
 169 169 168 166 165 164 167 167 168 170 171 170 168 166 168 169 170 170
 170 168 168 169 167 168 168 168 168 169 169 168 172 172 173 173 169 172
 171  28]"
"[ 29  32 197 200 195 192 190 196 193 194 195 194 193 192 192 191 195 193
 193 196 198 198 195 193 195 195 197 198 197 195 193 193 196 198 199 196
 192 192 193 195 192 191 193 192 191 193 193 194 192 194 196 195 193 193
 193 193 193 193 192 190 189 191 191 190 187 191 197 197 193 192 194 195
 195 193 194 194 192 191 191 190 194 194 155 127 118 113 118 112 103  93
  89  86  83  80  75  73  73  72  72  73  74  74  74  75  77  77  74  72
  64  55  54  53  61  83 101 110 113 113 116 117 116 112 114 110 102 101
 102  95  87  87  87  89  88  87  85  84  81  80  76  74  74  73  72  74
  78  82  83  83  87  95 138 161 152 157 164 169 170 168 167 167 166 166
 166 167 167 165 165 165 167 167 167 169 170 170 168 167 169 168 168 168
 168 167 167 167 169 169 168 167 167 167 168 168 169 170 170 170 168 170
 171  29]"
"[ 28  29 186 185 185 184 178 180 187 187 187 187 186 185 183 181 183 182
 183 187 189 190 189 188 188 188 188 188 188 188 188 188 192 194 194 190
 185 183 184 185 188 187 190 188 185 187 186 187 180 183 186 187 187 188
 190 191 188 190 191 189 188 187 185 183 190 191 193 195 193 193 192 189
 193 189 190 194 193 189 189 191 189 189 159 129 120 119 119 114 102  92
  89  88  86  82  75  73  73  70  69  70  72  72  75  77  80  80  74  71
  65  60  62  56  67  93 109 113 114 114 115 116 116 115 114 111 105 102
 100  96  91  89  87  86  85  84  83  83  84  81  77  75  75  74  74  77
  82  86  86  87  89 106 156 172 155 157 161 167 169 169 167 167 166 165
 165 165 165 165 165 166 167 167 167 168 170 170 169 168 170 169 168 167
 167 167 167 167 169 169 168 167 167 169 170 170 171 171 170 170 167 170
 170  29]"
"[ 30  27 177 175 181 182 174 172 179 179 180 180 181 181 178 175 176 177
 179 180 180 181 183 186 180 179 179 178 180 181 181 180 180 180 179 179
 180 180 180 180 178 178 181 178 174 174 173 174 176 178 180 179 178 178
 178 178 178 181 183 183 181 178 176 174 178 175 174 178 183 186 183 176
 178 174 175 179 178 175 175 176 177 175 156 131 124 120 116 114 103  93
  90  89  85  80  75  73  72  68  67  69  71  73  77  82  83  83  74  66
  64  64  61  56  81 108 119 117 117 116 115 115 115 115 112 109 107 103
  99  96  96  94  90  88  85  82  81  82  81  78  73  71  71  71  72  75
  82  86  88  92  96 119 167 172 164 163 163 166 168 168 168 169 167 166
 165 165 166 165 165 166 168 168 167 168 169 170 169 168 169 169 168 168
 168 169 169 168 169 170 170 169 169 170 171 171 171 171 170 169 168 169
 169  29]"
"[ 29  30 179 177 179 180 177 177 178 178 179 181 183 183 181 178 178 179
 180 180 178 177 178 181 179 179 179 180 181 181 177 173 177 175 175 177
 180 181 180 179 179 179 183 181 177 178 178 180 181 180 179 178 176 174
 172 171 176 178 180 181 179 177 176 174 176 174 174 176 178 181 181 178
 181 178 178 179 178 175 174 173 173 169 157 131 125 122 117 114 105  96
  92  88  83  78  74  75  73  70  71  74  76  77  81  85  82  79  75  66
  68  64  56  67  95 118 123 118 118 116 115 114 115 114 109 106 106 102
  96  94  96  95  93  90  86  83  81  82  78  75  70  69  71  72  75  80
  83  86  87  94 104 132 172 169 168 166 165 166 167 167 168 169 168 167
 166 166 166 166 166 166 168 168 168 168 169 169 168 167 166 167 167 167
 169 170 169 168 170 171 171 170 169 168 168 167 168 170 168 168 168 169
 168  29]"
"[ 28  29 180 178 178 177 179 180 179 180 181 182 184 184 183 181 179 179
 178 179 179 178 176 176 181 181 181 180 181 182 180 177 179 178 178 179
 179 179 178 177 178 178 182 180 177 179 180 182 181 179 178 179 179 178
 177 176 179 180 181 182 181 180 179 179 180 178 178 178 177 179 180 178
 181 180 181 180 178 178 177 175 176 174 164 134 127 125 120 113 106  98
  93  87  81  78  75  76  72  73  76  80  82  81  81  84  81  74  76  70
  66  58  55  83 103 118 120 116 116 116 116 115 113 111 106 103 104 101
  97  94  93  93  92  90  86  81  79  79  77  73  69  69  71  73  76  82
  86  88  87  96 112 143 173 169 165 165 165 165 165 166 166 166 167 166
 166 166 167 166 166 167 167 167 168 168 168 168 166 165 165 166 167 167
 169 171 170 168 168 170 171 170 169 168 167 167 170 172 169 169 169 169
 167  29]"
"[ 30  29 180 181 180 180 182 181 180 180 181 181 182 182 181 180 179 178
 178 180 181 180 179 179 181 182 180 178 179 181 183 182 178 177 177 178
 179 179 179 180 178 178 181 179 176 177 179 181 182 180 179 179 179 178
 178 178 178 178 178 178 178 178 178 178 180 178 178 179 180 183 183 181
 178 177 178 179 177 177 178 177 177 173 162 133 127 122 119 111 105  98
  94  87  82  80  76  74  72  75  80  83  83  81  81  81  83  74  74  66
  56  53  63  91 115 122 121 117 116 115 116 115 112 108 104 102 101  99
  97  96  92  90  88  86  83  79  76  75  72  68  65  65  69  71  75  82
  90  93  93 101 121 150 168 167 164 165 166 165 165 166 166 164 166 166
 166 166 167 166 167 168 167 167 168 168 168 168 166 165 165 167 168 168
 170 171 170 168 165 167 169 169 168 168 168 168 171 172 169 167 168 168
 165  29]"
"[ 30  28 180 182 180 180 184 182 180 181 181 181 181 181 181 180 179 179
 180 179 178 178 179 181 180 183 183 181 179 181 182 182 183 179 176 178
 180 180 179 179 179 178 182 179 176 178 180 182 181 179 178 178 178 178
 178 180 180 179 178 178 178 178 178 179 180 179 180 181 180 181 181 179
 181 179 180 182 180 179 180 180 180 171 157 132 125 118 119 116 104  99
  95  88  83  81  76  73  74  78  82  83  83  82  82  83  84  75  72  63
  52  63  88 108 118 121 119 117 115 114 116 115 113 108 104 101  98  96
  95  93  90  87  84  82  80  78  75  73  72  68  65  68  72  75  81  88
  92  97 101 109 129 155 163 164 166 168 167 165 165 167 167 164 167 167
 167 167 167 166 167 169 168 168 168 169 169 169 168 167 166 168 169 169
 169 171 170 167 165 167 167 166 165 165 166 167 165 167 164 163 166 166
 165  30]"
"[ 30  30 181 182 182 182 182 182 180 180 182 181 178 178 180 180 180 180
 180 179 178 178 179 181 182 183 182 181 179 180 180 180 179 179 179 179
 179 180 181 181 180 181 182 182 180 179 180 181 181 179 178 179 179 179
 179 180 181 181 180 179 179 180 179 178 179 178 178 179 179 181 182 180
 181 178 179 180 180 180 180 178 177 170 160 143 124 122 118 117 108 100
  91  86  83  80  78  77  76  79  82  84  83  82  83  84  81  84  72  57
  61  80  99 109 115 119 120 118 114 112 112 112 109 105 104 103  98  92
  90  91  90  86  82  81  80  78  76  76  71  67  66  70  75  79  84  89
  96 102 103 115 135 152 164 165 166 167 165 165 167 168 166 165 166 167
 167 166 166 167 169 169 168 166 165 165 167 168 168 168 166 166 167 167
 168 169 169 169 166 166 166 165 164 164 165 167 167 166 164 163 166 167
 164  31]"
"[ 29  29 181 182 182 182 182 182 181 180 181 180 177 178 180 181 179 180
 181 182 183 183 184 185 181 181 181 179 179 180 180 180 181 182 183 182
 181 181 182 183 181 180 180 180 179 179 180 182 181 180 179 180 180 179
 179 179 181 181 181 180 179 179 179 179 179 178 179 179 179 181 181 178
 179 177 178 180 179 179 179 178 173 175 162 147 127 124 118 111 109 101
  91  85  83  81  80  80  80  82  84  84  83  82  84  85  88  82  65  52
  68  91 109 116 115 117 118 118 116 115 112 110 108 105 105 104  99  93
  90  89  90  85  81  79  79  79  79  78  75  72  71  74  78  82  86  90
  99 100 104 119 146 165 167 166 165 166 164 163 165 166 166 166 165 167
 167 166 166 167 169 169 167 166 165 165 166 167 168 167 165 166 166 166
 166 166 167 168 168 166 165 164 164 165 166 168 166 166 163 161 162 163
 161  29]"
"[ 28  29 182 182 182 181 182 181 182 181 181 180 179 180 182 183 180 181
 182 184 184 184 183 183 181 180 179 179 179 180 181 181 182 184 186 184
 182 182 183 185 182 181 179 179 179 180 180 181 180 180 180 181 181 179
 179 179 180 181 181 180 179 179 179 180 179 179 180 179 179 181 181 177
 179 177 179 181 180 180 180 179 179 181 161 144 124 122 121 117 109 100
  90  85  83  84  85  86  90  87  84  82  84  85  84  83  84  78  66  64
  91 109 116 115 116 116 116 116 117 117 114 110 110 106 104 103  98  92
  89  87  88  85  80  77  77  79  80  80  77  76  75  76  80  84  87  90
  95  99 109 122 149 167 164 164 163 165 165 164 166 166 165 166 164 165
 166 165 164 165 166 167 166 166 165 164 165 166 166 166 164 166 166 165
 164 164 165 167 167 165 164 164 164 164 165 167 164 164 162 160 159 159
 158  29]"
"[ 29  30 182 182 182 181 182 182 182 181 181 182 181 182 184 183 181 181
 182 184 184 183 181 180 181 180 179 180 180 181 181 182 180 182 184 184
 183 183 184 185 184 182 180 180 181 181 180 180 180 181 182 182 181 180
 180 180 180 180 180 179 178 179 179 179 178 179 180 179 179 182 182 179
 180 179 180 182 181 181 181 179 179 180 168 149 132 125 121 117 109 102
  93  87  86  86  89  91  93  89  84  82  84  87  86  84  81  76  68  70
  99 113 116 115 117 116 114 113 114 116 116 114 113 107 102  99  94  90
  88  87  85  84  80  75  75  77  78  78  78  77  75  76  79  84  88  90
  98 106 117 130 153 166 163 164 161 165 166 167 168 166 164 164 163 164
 165 164 164 164 164 165 165 165 164 164 164 164 165 165 164 165 166 165
 163 163 165 167 163 163 163 164 163 163 162 163 162 162 161 159 159 158
 158  30]"
"[ 29  30 181 181 181 181 183 183 182 180 181 181 180 181 182 181 179 179
 180 183 184 184 183 182 182 181 180 181 181 181 181 181 179 181 182 182
 182 182 183 183 183 181 180 181 182 182 180 179 182 182 183 182 181 179
 179 180 180 179 179 179 179 180 179 178 177 178 179 179 179 182 183 181
 181 180 181 182 181 181 180 179 178 179 178 152 135 130 121 115 110 105
  98  92  89  89  91  93  90  87  84  82  85  89  90  88  82  77  71  78
 102 113 116 118 117 117 114 112 111 113 116 116 113 106 100  95  91  90
  89  88  83  83  80  76  73  74  75  75  76  75  74  75  79  85  91  95
 101 105 112 137 160 163 161 160 161 165 167 167 168 166 163 162 164 164
 164 165 165 165 165 166 164 164 164 163 163 163 164 164 163 163 163 163
 163 163 164 165 162 162 163 163 161 160 160 161 160 160 159 159 159 159
 158  29]"
"[ 29  29 180 180 181 182 184 184 183 181 181 181 179 180 181 180 179 178
 180 182 183 184 183 183 182 180 180 181 181 180 179 180 181 181 181 181
 181 181 180 179 180 179 179 181 182 181 180 178 181 181 182 181 178 176
 176 178 180 180 179 179 180 181 181 179 179 178 179 180 180 182 183 182
 182 181 182 183 181 180 180 179 180 181 182 148 127 129 123 115 108 104
 100  96  95  94  95  95  92  87  81  82  89  94  90  84  82  78  78  92
 109 116 116 118 116 117 116 113 111 112 113 114 109 103  98  95  92  90
  90  87  81  82  80  76  73  72  73  74  73  72  72  75  80  87  94  99
 104 105 116 149 168 163 162 164 162 165 165 165 165 164 162 163 163 163
 163 165 166 166 165 166 163 163 162 162 162 162 162 163 161 161 161 161
 162 163 163 163 163 162 161 160 159 158 159 161 159 159 158 158 158 158
 157  28]"
"[ 29  28 179 180 181 182 183 183 183 182 183 183 181 181 181 180 180 179
 180 181 182 181 181 181 181 180 181 182 181 179 179 180 181 181 181 180
 179 180 179 178 180 179 179 180 180 180 179 179 180 180 181 180 177 175
 176 177 179 180 180 180 180 181 181 181 181 179 180 182 181 181 182 182
 182 181 182 182 181 180 180 179 177 180 181 157 128 129 121 112 105 103
 100  98  99 100  98  95  94  88  82  83  90  95  90  81  84  81  85 102
 109 115 114 119 118 118 117 114 113 112 111 109 106 101  98  95  91  89
  87  83  81  79  77  75  73  72  73  75  72  71  72  77  83  88  94 100
 102 108 129 155 164 160 160 163 162 164 163 162 163 163 162 163 163 162
 162 164 165 164 163 163 162 161 161 160 160 161 161 161 160 159 159 160
 161 161 161 161 163 161 159 158 158 158 158 159 158 157 156 156 156 155
 156  28]"
"[ 30  29 180 180 182 182 182 180 180 181 184 186 184 182 181 179 179 179
 180 181 181 180 180 180 180 180 181 183 182 180 179 180 179 180 180 179
 179 179 179 179 180 180 179 179 179 179 179 180 180 181 182 182 179 177
 178 180 178 179 180 180 180 181 181 182 182 180 181 183 182 180 180 181
 181 179 180 181 179 179 179 178 178 180 178 168 132 128 120 114 107 104
 100  99 101 101  97  92  88  89  88  87  88  91  90  87  86  88  96 117
 114 117 115 121 121 120 118 115 114 113 110 107 106 101  97  93  89  86
  83  79  80  76  73  73  72  72  74  76  74  72  74  80  85  89  94 100
 108 119 145 159 160 164 163 161 162 164 163 162 163 164 163 164 164 162
 161 163 164 163 161 160 161 160 160 159 160 160 160 160 159 159 160 160
 160 161 161 161 161 159 157 157 159 159 158 156 157 157 156 155 155 154
 156  29]"
"[ 29  29 181 181 182 182 181 179 179 182 184 184 183 182 181 181 183 180
 179 180 180 180 180 181 180 182 182 180 178 179 180 180 181 180 180 179
 178 177 177 178 181 181 180 179 179 180 180 179 182 183 182 181 181 180
 180 178 179 179 179 180 181 182 181 181 180 182 182 181 180 180 180 180
 179 179 179 179 179 178 178 178 175 176 175 173 139 125 122 116 109 107
 104 101  99 100  97  90  85  88  88  89  88  88  89  83  87  91 101 118
 116 115 118 122 123 121 118 116 115 114 111 107 106 101  95  90  84  82
  81  78  76  74  73  73  75  72  68  74  79  76  74  81  87  89  96 105
 114 127 154 165 163 163 160 163 163 163 163 163 163 162 162 163 164 162
 161 162 162 160 159 159 158 160 159 157 157 160 160 159 158 158 158 159
 160 160 159 158 158 155 153 154 157 158 156 154 157 157 155 153 153 152
 154  29]"
"[ 29  30 182 182 181 180 179 177 179 181 183 183 181 181 180 180 180 178
 178 180 181 181 181 181 181 183 183 180 178 178 179 180 181 181 181 181
 180 180 180 181 180 180 179 180 181 182 183 182 181 181 180 178 178 178
 179 179 179 179 180 180 179 179 180 180 182 182 181 180 179 179 178 178
 179 179 179 179 179 179 179 179 180 177 174 174 147 132 124 119 112 107
 104 102 101 101  98  92  88  90  90  92  91  90  90  84  81  88 103 116
 115 114 114 116 120 120 119 117 116 114 109 105 102  96  91  87  84  82
  80  77  73  72  71  72  76  74  69  74  79  77  75  80  86  89  96 104
 107 129 154 160 159 161 160 162 163 162 161 162 162 162 162 162 163 161
 161 161 161 159 158 158 158 159 159 158 159 161 161 159 157 157 157 158
 159 160 159 158 158 158 158 157 155 154 153 154 155 156 155 154 154 153
 154  29]"
"[ 29  30 182 181 180 179 179 177 179 181 181 181 180 179 179 179 179 178
 179 180 182 182 181 181 181 183 183 180 178 178 179 180 181 181 181 181
 182 182 182 182 180 179 179 180 181 183 184 183 182 181 180 179 178 179
 180 180 180 181 182 181 179 178 179 180 180 180 179 179 179 180 179 179
 179 179 180 180 180 180 180 179 177 178 174 172 152 138 126 120 115 107
 103 103 103 101  98  94  90  92  93  96  94  91  90  85  74  84 106 115
 115 114 112 112 116 117 117 115 114 111 106 102  98  93  88  85  83  82
  79  75  71  69  68  69  74  75  70  74  74  75  77  83  90  95  99 105
 112 145 163 163 163 163 164 165 162 160 159 160 162 162 162 161 162 161
 160 161 160 158 157 157 158 159 158 158 159 161 161 159 157 157 157 158
 158 158 157 156 155 157 158 157 155 153 153 155 153 155 155 155 155 153
 153  29]"
"[ 28  29 181 180 179 179 180 179 180 180 180 179 179 179 180 180 179 179
 180 181 182 182 181 180 180 182 182 179 177 178 179 180 180 180 180 180
 181 182 181 180 181 180 179 179 181 182 182 181 182 182 182 182 181 180
 180 180 181 182 182 182 180 179 180 181 179 179 179 180 180 180 180 181
 178 179 180 181 181 181 180 180 178 179 175 175 159 140 124 122 117 109
 105 105 104 100  96  94  92  94  95  98  94  90  89  84  75  83 109 114
 115 114 111 110 115 114 112 110 109 108 104 100  96  92  88  86  84  82
  79  74  71  68  65  65  71  73  71  74  73  75  79  83  89  95  99 104
 116 152 162 160 162 159 161 161 161 159 158 159 161 162 161 160 160 160
 159 158 157 156 156 155 157 157 156 156 157 159 160 159 159 158 157 157
 157 157 155 154 154 154 154 155 156 155 154 153 151 153 154 154 154 151
 152  28]"
"[ 29  29 180 179 179 179 181 180 179 180 179 179 178 179 180 180 180 180
 180 181 181 181 180 180 181 182 182 179 178 178 180 180 181 181 180 180
 181 182 180 178 181 180 179 179 180 181 181 180 181 180 181 182 182 180
 180 180 181 181 181 181 181 180 180 180 180 180 180 181 180 179 179 179
 179 179 180 181 182 181 180 179 181 177 174 177 168 143 121 121 120 114
 111 109 105  99  96  94  93  95  97  99  95  89  88  85  83  86 108 113
 114 112 109 110 115 113 111 108 107 106 102  98  94  91  89  87  84  81
  78  74  70  68  66  64  70  73  71  74  77  78  83  84  88  96 102 112
 129 157 160 161 165 162 163 164 161 158 157 158 161 161 160 160 159 159
 158 156 155 155 154 154 156 155 155 155 157 158 157 156 159 157 156 155
 156 156 155 154 155 154 154 155 155 154 152 151 151 153 153 154 153 150
 151  28]"
"[ 29  29 180 179 179 179 181 180 179 180 180 179 178 179 180 180 180 180
 180 179 180 180 180 179 182 183 182 180 179 180 180 180 182 182 181 181
 181 182 181 179 180 180 180 179 180 181 182 181 180 179 178 179 180 180
 181 183 181 180 179 180 181 182 181 180 180 179 179 180 180 179 179 180
 179 179 179 180 181 181 179 178 179 178 175 174 173 159 133 121 121 118
 115 110 104  99  97  94  94  95  98 101  97  90  89  87  87  87 102 111
 113 111 110 111 113 112 110 108 106 104  98  93  89  88  87  86  81  78
  75  72  68  69  69  67  72  74  71  73  79  80  88  90  93  97 102 116
 142 157 156 159 162 158 160 161 160 158 157 158 159 160 159 159 159 159
 158 157 155 155 155 155 155 156 157 158 159 158 156 155 155 154 153 153
 154 155 155 155 154 154 155 155 154 152 151 152 151 152 153 153 152 149
 151  29]"
"[ 29  29 180 179 180 180 181 180 179 181 181 180 179 179 180 180 180 181
 181 180 180 180 180 179 182 183 182 180 180 181 180 179 182 182 182 180
 181 183 182 181 180 180 180 180 180 181 181 182 180 178 177 179 179 180
 182 185 182 181 179 179 181 182 182 182 182 179 178 179 181 181 180 181
 180 179 179 179 180 179 178 176 178 181 180 174 177 171 145 125 122 120
 116 107 100  99  99  95  95  95  97 103 101  95  93  89  88  87  96 109
 111 112 111 110 107 108 108 107 104 100  94  89  85  83  84  82  78  74
  72  68  67  70  72  70  72  74  72  75  80  80  90  94  94  95 100 118
 155 159 157 159 158 155 158 158 157 156 156 157 158 158 158 159 159 160
 160 158 157 156 156 155 157 157 158 159 158 157 155 155 154 153 153 153
 154 155 155 154 152 153 154 154 152 151 151 152 150 151 151 152 151 148
 151  30]"
"[ 29  29 180 180 180 181 181 179 180 182 183 182 180 180 180 181 180 182
 182 181 180 181 180 179 181 181 180 179 180 181 180 179 180 181 181 179
 180 183 183 181 181 181 181 180 179 179 180 180 180 178 178 179 180 180
 182 184 182 181 179 179 180 181 183 184 187 182 178 179 181 181 180 180
 180 179 178 178 179 178 177 175 179 176 177 175 176 164 138 124 122 121
 116 105  98 100 101  96  95  94  97 104 104  98  95  90  89  90  94 108
 109 112 110 106 104 106 107 105 102  98  93  89  82  81  81  79  75  72
  69  65  66  71  72  69  71  74  73  78  81  79  89  94  97 101 113 138
 161 159 158 159 154 153 157 157 156 155 155 156 156 157 158 159 157 159
 159 158 157 156 155 154 157 156 156 156 155 154 154 154 155 154 154 154
 155 155 153 152 154 153 152 152 151 150 149 148 148 149 150 151 150 147
 151  30]"
"[ 29  29 185 185 183 181 178 177 178 180 180 179 178 178 180 182 179 180
 181 181 180 179 178 178 179 179 180 181 182 182 180 178 179 179 180 181
 181 181 181 181 181 181 180 180 181 182 180 178 181 181 180 180 180 180
 180 180 181 180 180 180 180 181 181 183 184 182 180 180 180 180 179 180
 180 179 179 179 178 175 176 178 177 179 178 175 176 169 147 130 128 125
 124 115 107 103  99  96  97  98 101 102 102  99  94  89  89  91  95 101
 109 112 111 108 107 108 107 102  95  91  89  88  85  81  79  80  80  75
  69  66  66  68  72  72  73  75  75  80  83  81  92 101 105 105 125 144
 158 157 156 156 157 157 156 156 155 156 156 155 156 158 158 158 157 158
 158 158 156 154 153 151 155 154 154 155 155 153 153 155 153 153 153 152
 151 152 153 154 152 151 151 152 150 147 146 147 148 148 148 151 152 150
 152  30]"
"[ 29  29 184 182 180 179 179 180 178 179 180 180 180 179 178 178 179 179
 179 179 178 178 179 179 180 180 180 181 182 182 181 180 179 179 179 180
 181 181 181 181 182 181 180 180 181 181 181 181 180 180 180 180 180 180
 180 180 180 180 179 180 181 181 181 182 182 180 179 179 180 180 179 180
 178 178 179 178 177 176 177 179 180 179 179 177 176 174 157 130 130 124
 122 116 109 104  98  96  96  98 100 100 100  98  95  92  87  87  89  95
 104 110 111 109 108 106 107 107  99  88  84  86  84  83  81  77  73  70
  69  69  66  66  68  70  74  78  79  85  84  86 100  97 102 107 137 155
 157 156 155 155 156 156 156 156 153 154 155 156 157 157 157 156 154 154
 155 155 154 153 152 152 154 154 154 154 153 153 153 152 151 152 152 150
 149 150 150 151 151 150 150 151 149 146 145 147 148 148 148 150 151 149
 151  30]"
"[ 29  29 184 181 179 178 179 181 181 180 181 181 182 181 179 178 180 180
 179 178 178 179 179 180 180 180 180 180 181 182 181 180 179 179 179 179
 180 180 180 179 180 178 178 179 179 178 178 180 179 180 181 181 181 181
 180 179 180 180 179 180 181 181 181 181 180 179 178 179 180 179 178 178
 179 180 180 178 176 175 175 176 178 176 178 179 174 176 167 134 130 122
 119 114 107 102  96  95  94  96  97  97  97  97  97  96  88  85  84  88
  97 105 108 108 107 103 103 105 101  90  83  83  83  84  81  74  69  69
  70  70  69  67  69  71  76  79  80  85  85  91 101  99 105 122 148 155
 156 155 154 154 155 156 156 156 153 153 154 156 157 156 154 154 154 154
 154 154 154 154 153 153 153 154 154 153 153 154 153 151 151 152 151 149
 148 148 148 148 149 149 150 150 148 146 145 147 148 148 149 150 151 149
 152  30]"
"[ 29  29 184 182 180 179 178 179 183 182 180 180 181 182 182 182 181 181
 180 180 179 179 180 180 179 179 179 180 180 180 180 179 179 179 179 179
 179 180 179 178 179 178 179 182 181 179 179 181 181 182 182 182 182 181
 180 179 181 180 180 181 182 181 180 179 180 179 179 179 179 179 177 177
 180 180 179 179 176 174 174 175 177 179 179 180 173 175 172 142 129 122
 119 112 105 101  97  97  92  93  94  94  95  97  98  98  92  87  84  86
  92  99 103 105 105 100  97  98  99  94  86  81  81  81  79  76  74  73
  72  70  73  71  72  75  79  81  80  85  89  96 100 107 110 138 151 151
 157 155 154 154 155 156 156 156 155 153 153 155 156 154 153 154 155 155
 155 155 154 153 152 151 151 152 154 154 153 153 152 152 152 152 151 148
 147 147 147 147 146 147 148 148 146 145 145 147 147 148 148 150 152 151
 153  29]"
"[ 29  28 182 181 181 180 178 178 181 180 179 178 179 181 182 183 180 180
 180 181 181 180 180 179 179 180 180 180 180 180 179 178 179 179 179 179
 179 180 179 178 180 179 180 182 182 180 180 182 183 183 183 182 181 180
 179 179 179 179 180 181 181 180 179 178 181 181 180 179 179 179 178 177
 178 176 176 178 177 175 175 179 178 180 176 176 172 171 166 144 126 124
 123 115 106 103 100  99  92  92  93  94  95  97  97  96  93  90  86  87
  90  95 100 103 101  97  95  96  97  94  88  83  80  79  78  78  78  76
  73  71  73  72  74  76  80  83  84  90  96 104 107 115 116 142 153 155
 157 155 154 153 155 155 155 154 153 152 153 156 157 155 154 154 155 154
 154 153 152 150 148 147 149 150 153 155 153 149 149 152 151 150 148 146
 146 146 147 147 146 146 147 146 145 144 144 146 147 146 145 146 150 151
 153  28]"
"[ 30  27 179 179 180 181 179 179 179 179 179 179 179 180 181 182 179 180
 180 181 182 182 181 181 180 181 181 181 181 181 180 179 179 180 180 179
 179 180 181 180 180 179 180 180 180 179 180 182 184 183 182 181 180 179
 179 179 178 178 179 181 181 180 179 179 181 181 180 179 179 180 180 179
 178 175 175 177 177 176 177 180 178 177 171 171 174 172 165 148 122 123
 124 117 109 105 100  97  94  94  93  94  96  97  96  94  93  91  89  90
  92  94  99 103  99  96  96  98  97  90  85  86  80  80  80  79  77  74
  74  74  73  72  73  73  77  83  88  95 102 108 115 120 128 142 152 155
 156 154 153 153 154 154 153 152 150 150 153 156 157 155 154 154 154 154
 153 153 152 150 148 146 148 148 151 154 152 147 147 151 150 149 147 146
 147 148 148 147 147 148 148 147 145 144 145 146 149 147 144 144 149 151
 154  29]"
"[ 30  27 179 178 180 182 180 179 180 180 179 179 179 180 181 181 180 180
 180 181 182 182 182 182 181 181 182 182 182 181 181 181 180 182 182 181
 180 181 181 180 182 182 182 182 182 182 183 183 182 182 181 181 180 180
 180 180 179 180 181 182 181 179 179 179 179 180 180 179 179 180 180 180
 179 178 176 175 175 177 178 177 179 176 173 173 175 178 170 155 124 121
 121 116 110 106 100  96  96  96  95  95  95  96  96  95  95  93  93  94
  95  95  98 102  99  98  98  99  97  91  88  87  83  83  82  78  75  74
  74  74  74  74  74  72  76  86  92  99 105 110 117 124 139 146 150 152
 156 154 152 153 154 154 152 150 148 150 152 153 154 153 154 154 154 153
 152 152 152 152 150 148 147 147 148 151 150 148 148 151 150 149 148 149
 150 150 147 144 147 148 149 148 147 146 146 146 150 149 147 147 151 152
 154  30]"
"[ 30  28 181 180 181 182 180 179 183 181 179 178 178 179 180 180 181 180
 179 179 180 181 182 182 181 181 181 181 181 182 182 183 182 184 184 182
 180 180 180 179 180 181 182 182 182 182 182 180 181 181 181 181 181 181
 181 181 182 182 183 183 182 179 179 179 178 180 180 179 179 180 180 179
 179 180 177 173 174 179 180 176 176 172 175 173 170 175 168 153 131 122
 118 115 111 108 101  98  97  97  97  95  95  96  97  98  99  97  97  98
  97  96  97  99 102 103 100  97  97  98  95  89  85  86  82  76  74  76
  76  73  74  75  75  74  80  91  97 103 107 114 116 128 140 149 149 155
 156 154 153 153 154 154 152 150 150 151 151 150 149 151 153 154 153 152
 151 151 152 151 150 149 147 146 147 149 150 150 151 152 150 150 150 151
 152 151 145 140 145 146 147 148 147 147 146 145 148 150 150 151 153 153
 154  28]"
"[ 29  29 181 181 182 181 182 181 181 180 180 180 180 180 179 178 180 181
 181 181 181 182 182 181 183 181 180 180 180 183 184 182 180 185 186 182
 180 182 181 178 180 181 181 180 180 181 181 180 180 181 181 180 179 180
 181 181 181 180 180 182 182 181 178 177 178 179 181 181 179 179 180 178
 178 178 178 178 178 177 176 176 173 171 173 173 172 174 169 156 130 124
 117 114 117 107 102 100  98  97  96  95  95  96  96  95  98  97  96  96
  97  97  99 100 100 102 103 101  99  97  93  90  89  88  84  79  78  78
  78  76  76  81  81  80  87  95 102 109 108 115 125 137 147 151 152 153
 154 154 154 153 153 154 153 151 148 149 150 150 149 149 151 153 151 149
 147 147 150 152 152 150 148 147 148 150 152 152 152 152 151 150 150 152
 153 152 148 145 146 146 147 148 150 151 151 150 149 153 155 155 156 159
 166  27]"
"[ 30  29 180 180 181 181 181 179 184 183 181 179 178 179 181 183 183 183
 182 182 183 184 183 181 182 180 180 180 180 182 184 182 184 184 181 178
 180 184 184 181 181 181 181 180 180 181 181 180 180 181 181 180 180 180
 180 180 181 180 180 181 181 180 179 178 179 179 181 181 179 179 180 178
 178 178 179 179 178 178 176 175 177 175 176 177 174 175 171 160 128 119
 117 115 115 107 104 103  97  97  96  95  95  95  96  96  95  95  96  97
  98  99  99 100 101 101 100  99  98  97  95  93  91  90  87  83  82  82
  81  79  80  81  80  82  90  99 105 108 116 121 131 143 151 155 155 154
 150 152 153 153 153 154 153 152 149 150 150 151 151 151 152 152 151 151
 150 149 150 152 152 151 151 150 150 152 154 155 154 154 155 153 152 154
 154 153 151 149 150 151 151 152 153 153 154 154 155 157 158 159 165 168
 173  31]"
"[ 30  29 180 180 180 180 180 179 182 182 183 182 180 180 181 182 185 183
 182 182 183 184 183 181 183 180 181 182 181 182 184 184 186 185 182 179
 179 181 183 183 182 181 180 180 180 181 181 180 181 181 181 181 181 181
 180 180 181 180 181 182 182 181 180 180 180 180 181 180 178 178 179 178
 176 178 180 179 178 178 177 175 176 174 175 176 173 173 170 163 140 122
 122 119 113 106 102 101  97  97  97  95  93  93  94  96  93  95  97  99
 101 101 101 101 101  99  97  97  97  95  94  93  91  89  86  83  82  82
  81  79  82  81  83  87  93 103 111 114 119 123 133 144 149 153 152 148
 150 152 154 153 153 154 154 153 153 152 152 152 153 154 154 154 154 154
 154 152 152 153 153 154 155 154 154 156 157 158 158 158 157 155 154 154
 154 153 152 152 153 153 154 154 154 154 155 155 158 161 162 164 167 169
 173  30]"
"[ 29  28 179 180 180 180 180 180 179 181 183 184 183 182 182 182 183 182
 181 181 182 182 181 181 184 181 182 183 182 182 184 185 185 185 183 182
 180 180 180 181 182 181 180 180 181 182 182 181 181 180 181 183 183 183
 181 180 179 180 182 183 183 181 180 180 180 180 180 179 177 177 178 177
 175 178 179 178 178 179 178 176 178 177 177 178 176 175 174 171 152 126
 123 121 112 108 103 100  96  97  97  94  90  89  93  97  94  96  99 101
 102 102 101 100 100  98  97  97  95  92  89  89  91  89  86  84  83  83
  83  82  83  84  89  93  94 103 114 118 121 124 137 148 151 155 157 152
 156 157 156 155 155 156 157 157 158 157 155 154 154 155 156 157 157 157
 156 155 154 154 155 155 157 156 155 156 157 158 158 158 157 156 155 154
 153 152 151 152 153 153 153 153 153 153 154 155 158 161 163 164 166 167
 171  28]"
"[ 28  29 181 180 180 180 181 181 182 182 181 181 182 183 185 185 184 183
 183 183 182 181 181 182 185 183 183 184 182 181 183 184 186 183 180 181
 183 183 181 179 181 180 180 181 182 183 182 181 181 180 181 183 185 183
 181 180 178 179 181 182 182 180 180 180 180 180 180 179 177 177 178 177
 176 178 179 178 178 179 179 177 177 176 176 175 173 172 172 172 159 128
 120 117 109 108 101  98  95  97  97  94  89  87  92  98  98 101 102 102
 102 101 100  98  98  97  97  96  93  89  87  87  88  85  83  82  81  82
  83  86  87  89  94  96  95 102 112 118 121 127 141 151 153 159 163 161
 161 161 159 158 158 160 160 159 159 159 158 156 155 155 157 158 157 156
 156 155 155 154 154 154 155 154 153 154 154 155 155 156 155 154 154 154
 153 151 151 151 152 153 153 153 153 154 155 156 159 159 160 162 168 171
 173  28]"
"[ 29  29 182 182 181 180 181 181 182 181 179 180 182 184 185 185 186 185
 185 185 183 182 182 184 186 184 185 185 183 182 184 184 186 184 182 181
 181 181 181 180 180 179 180 181 182 182 182 181 181 180 180 183 184 182
 181 180 179 179 180 180 180 179 180 181 181 181 182 182 179 179 180 178
 179 178 178 179 179 179 178 177 179 179 178 177 176 174 174 174 162 133
 117 113 106 104  97  95  96  96  96  94  90  89  94 100 104 106 107 105
 103 102 100  98  97  96  96  94  92  89  87  88  84  81  79  80  80  79
  82  85  89  91  94  97 100 106 114 119 124 132 144 152 153 157 162 162
 159 160 159 159 159 160 159 157 156 158 159 159 156 154 155 155 155 154
 153 154 154 153 152 152 153 152 152 152 152 152 153 154 152 152 153 153
 153 151 151 151 152 152 152 153 153 155 156 157 158 160 161 163 168 170
 173  29]"
"[ 29  29 182 182 183 183 182 181 180 180 181 182 184 185 185 184 186 184
 183 183 183 182 183 185 186 186 186 185 183 184 185 183 185 186 185 182
 180 180 181 182 181 181 181 182 183 182 182 183 182 180 179 181 181 180
 180 180 180 180 180 181 181 180 180 181 181 181 183 183 180 180 180 179
 180 178 178 180 181 179 178 178 176 178 178 177 178 178 176 175 166 144
 121 115 108 104  97  98  96  95  95  96  95  95  98 102 106 109 110 107
 105 104 103 101  97  96  95  93  91  90  88  86  83  81  81  82  81  79
  80  84  86  89  92  96 103 109 117 123 130 138 148 153 155 157 159 159
 157 158 158 157 157 157 156 154 154 156 158 158 156 154 153 154 154 153
 153 153 153 152 152 152 154 153 152 152 152 152 153 154 152 152 152 152
 151 150 150 151 152 152 152 153 154 155 157 157 157 161 164 165 166 167
 171  29]"
"[ 30  29 181 183 185 185 184 181 182 182 183 184 185 186 186 186 184 181
 179 180 181 181 182 185 185 185 185 184 182 184 184 182 185 185 183 182
 182 184 184 183 183 182 182 183 183 182 183 184 184 180 179 179 179 178
 178 180 180 180 182 183 183 182 180 180 178 179 182 182 179 179 179 177
 180 178 178 181 183 180 178 178 178 181 182 183 186 187 184 183 178 160
 132 121 112 102  94  96  97  95  95  97  99 100 101 103 104 107 109 107
 106 106 104 103  96  96  94  92  92  91  87  82  81  80  81  82  79  75
  75  78  82  88  91  95 102 108 115 125 129 138 147 151 154 156 157 158
 157 159 158 156 155 155 155 155 154 156 157 157 156 154 154 154 154 153
 154 155 154 153 153 154 154 153 152 152 151 152 153 155 155 153 152 151
 150 149 150 151 153 152 152 153 155 156 157 157 158 161 163 165 168 170
 172  28]"
"[ 29  28 183 185 186 188 185 187 187 186 186 187 186 186 186 184 183 182
 181 181 183 185 186 186 187 184 185 185 183 184 183 183 187 187 186 183
 181 183 185 186 180 184 186 186 185 183 183 186 185 185 186 186 186 187
 187 187 186 183 181 183 186 188 190 193 191 192 191 189 188 190 190 189
 189 189 189 191 193 194 195 195 197 196 194 190 189 190 190 189 185 173
 146 124 113 109  95  93  95  98  97  96  98  98 100 104 106 107 108 107
 105 104 103 102  97  94  92  90  89  87  84  83  82  82  80  76  74  74
  74  75  83  88  90  95 100 108 119 125 136 139 146 153 155 157 158 158
 157 158 158 158 157 155 155 154 157 157 157 157 155 154 154 156 154 154
 153 153 154 154 154 154 154 153 152 152 152 152 152 153 152 153 153 152
 151 150 150 150 153 153 153 154 155 156 157 158 158 159 162 166 170 168
 171  29]"
"[ 30  29 185 185 185 188 185 185 186 186 187 188 185 184 183 182 181 180
 180 181 183 185 186 186 186 184 187 186 183 183 184 186 189 189 188 186
 184 185 187 187 186 189 190 189 189 188 190 193 192 193 194 194 195 196
 196 195 194 195 196 196 196 197 197 197 197 198 197 195 195 197 197 196
 194 193 192 193 195 195 194 194 195 195 193 190 189 189 189 188 189 180
 156 131 112 107  96  94  89  91  91  93  98 102 105 106 109 109 109 106
 104 102 100  98  97  93  88  85  83  82  82  82  80  81  80  77  74  73
  74  74  83  86  90  97 103 108 118 124 131 138 147 153 157 159 159 159
 157 158 158 158 157 156 156 156 156 156 157 156 155 154 154 155 154 154
 155 155 154 154 153 154 154 154 153 153 153 153 153 154 152 152 153 152
 152 151 150 150 153 153 153 154 154 155 156 157 159 159 161 163 167 167
 171  29]"
"[ 28  28 186 184 184 188 186 184 182 184 188 190 189 189 190 189 189 189
 190 191 192 193 193 194 192 189 191 191 192 194 193 193 196 197 197 196
 196 197 198 199 197 199 199 198 198 198 199 202 198 199 200 200 200 201
 201 200 198 202 204 203 201 201 200 198 199 199 198 196 195 196 197 196
 198 196 195 195 195 194 194 193 194 194 193 191 190 190 189 187 190 186
 169 140 114 106  99  95  89  89  90  92  97 104 108 107 109 108 106 104
 102 100  98  97  93  91  87  84  82  80  80  79  81  81  81  78  76  75
  76  77  82  85  89  98 103 107 116 122 126 138 146 151 156 158 158 159
 159 159 158 158 158 158 158 158 156 156 157 157 156 155 155 155 154 155
 156 156 154 153 153 154 155 154 154 154 154 154 154 155 153 153 153 153
 153 152 151 151 152 152 152 153 153 153 155 157 159 160 160 161 165 167
 171  29]"
"[ 29  29 193 191 192 195 194 195 193 193 195 196 195 195 196 194 200 201
 201 201 201 201 202 203 201 197 199 200 201 203 201 200 200 201 202 202
 202 203 203 204 200 202 202 202 201 200 199 201 200 201 202 201 201 201
 200 199 197 200 201 200 198 198 198 197 198 198 198 196 196 197 198 198
 198 196 195 194 194 194 193 194 195 194 194 193 193 191 190 188 189 187
 178 150 120 111 105  98  96  94  94  95  96 103 109 108 110 107 104 103
 102 101  99  98  91  89  87  83  81  80  78  77  78  77  75  74  73  74
  75  77  81  84  88  95 100 105 114 120 126 139 146 148 154 157 157 159
 160 159 158 158 159 159 158 158 155 156 157 156 156 155 155 155 154 155
 156 155 154 153 153 154 154 154 154 154 154 154 154 154 154 154 154 154
 154 154 153 151 151 151 152 153 153 153 155 157 159 161 161 162 166 168
 172  29]"
"[ 30  29 199 200 200 200 201 206 209 206 205 204 203 203 204 202 205 205
 204 203 202 202 204 205 204 203 206 205 201 200 200 202 202 203 203 203
 203 202 201 202 200 202 201 200 200 199 198 199 201 202 202 202 201 201
 200 199 199 198 198 199 198 197 198 199 197 197 197 196 196 197 199 200
 197 196 195 195 195 195 194 195 194 194 194 194 193 191 190 189 189 188
 185 160 131 120 113 103 100  97  97  96  95 101 109 111 113 109 105 103
 102 100  98  97  93  91  86  81  78  77  78  78  74  72  71  72  74  74
  75  76  79  84  86  91  97 105 116 120 129 141 146 147 154 158 158 160
 158 158 157 158 159 158 157 155 154 156 156 156 155 155 155 155 155 155
 154 154 154 154 154 154 154 153 153 154 154 154 154 154 154 154 154 154
 155 154 153 152 150 151 152 154 154 154 155 157 159 161 163 165 169 171
 173  28]"
"[ 29  27 201 204 203 201 202 208 207 204 202 201 200 202 204 204 206 205
 204 202 202 202 204 206 206 204 207 206 203 202 202 203 203 203 203 204
 204 203 203 204 203 203 201 200 200 200 199 200 200 201 201 201 200 200
 200 199 202 199 199 201 201 199 199 201 199 198 197 196 195 195 196 197
 197 196 196 196 196 195 195 195 193 193 194 193 192 190 189 190 191 190
 190 168 143 127 118 108 101  98  97  96  94  98 105 110 111 108 104 103
 102  99  96  95  92  91  88  82  77  76  76  75  72  71  72  75  77  77
  76  75  79  85  87  91  98 108 120 123 129 139 144 148 155 160 160 160
 158 157 158 159 159 158 156 154 155 157 158 156 155 155 156 156 155 154
 153 153 154 155 155 154 154 154 154 155 155 154 154 154 153 153 153 153
 153 153 152 152 149 150 151 153 154 154 154 155 159 161 164 167 171 172
 173  28]"
"[ 31  28 206 208 208 206 207 209 210 209 209 207 203 203 205 207 208 206
 205 203 203 204 206 207 208 204 205 206 206 207 204 203 202 201 201 203
 203 203 203 204 202 202 200 199 200 200 199 199 199 200 200 199 199 200
 200 200 201 200 200 200 200 200 201 201 202 202 200 199 197 196 196 198
 197 196 196 196 196 195 195 195 193 193 194 194 192 189 190 192 191 191
 192 172 149 129 120 114 104 100  96  96  97  96 100 106 107 104 102 102
 101  97  93  92  89  90  87  81  77  75  74  73  70  70  72  75  76  74
  73  73  80  85  88  93 101 110 121 124 129 134 140 146 154 161 162 159
 157 158 159 160 160 159 157 156 156 158 159 157 154 155 156 157 155 154
 153 154 154 155 155 154 154 154 154 155 155 154 154 154 153 153 153 153
 153 152 153 153 150 151 152 154 154 154 154 155 160 161 163 167 171 171
 172  28]"
"[ 29  29 207 210 210 210 210 210 207 209 212 209 203 201 205 207 207 206
 204 203 202 203 205 206 208 205 208 207 204 204 202 202 204 203 202 203
 203 202 202 203 202 203 202 202 204 202 200 199 200 200 200 199 200 200
 201 201 200 201 200 197 197 199 202 202 200 199 199 198 197 197 198 200
 197 196 197 197 197 196 195 195 194 195 196 195 193 190 191 194 189 189
 191 173 150 129 120 117 107 102  96  98 101  98  98 104 106 103 102 103
 101  96  91  88  89  88  83  76  72  72  74  74  73  73  74  76  75  73
  73  76  79  83  87  95 102 108 118 122 130 132 138 144 152 160 163 159
 157 157 158 160 160 159 158 157 155 158 159 156 153 154 156 156 155 155
 154 154 155 155 154 154 154 154 154 155 155 154 154 154 154 154 154 153
 153 153 153 154 154 154 155 156 156 156 156 157 161 160 161 165 170 169
 171  29]"
"[ 29  29 206 210 210 209 210 210 207 204 205 207 207 206 206 205 203 202
 203 209 207 205 209 209 209 209 209 208 206 204 203 203 207 205 204 202
 202 202 202 202 202 202 202 202 203 203 201 200 201 200 200 200 199 201
 202 200 200 198 197 197 199 201 202 202 200 201 199 196 196 198 198 197
 194 195 197 198 197 195 194 195 195 194 193 194 195 194 192 189 190 185
 187 181 152 136 124 118 113 108 102 100 100 101 103 105 104 103 103 102
  99  96  92  87  84  80  80  80  77  74  74  75  75  74  74  75  74  73
  74  75  77  85  88  95  99 103 116 125 130 135 139 146 157 164 162 157
 158 157 156 157 159 160 158 157 157 156 156 155 154 154 154 156 155 154
 153 153 153 154 153 152 154 154 154 155 155 154 154 154 154 154 155 155
 154 154 154 155 158 157 156 156 156 155 157 160 161 161 163 164 166 168
 173  29]"
"[ 29  28 204 208 208 209 210 210 210 207 206 207 207 207 207 205 206 203
 202 206 205 206 211 211 209 208 208 207 206 204 202 201 206 206 205 203
 201 201 202 203 203 203 202 203 203 203 202 201 204 202 202 200 199 201
 202 200 199 198 198 198 199 200 200 200 200 201 200 198 198 199 198 197
 196 196 195 196 196 195 194 194 195 194 194 194 195 194 192 191 189 189
 192 180 157 145 133 125 113 110 107 107 107 106 105 104 105 103 102 100
  98  97  95  91  86  82  80  80  77  74  73  73  75  74  73  73  73  72
  73  75  77  82  84  92 100 106 116 122 130 135 140 147 157 163 162 159
 158 157 156 157 159 160 160 159 159 157 156 155 154 154 154 155 154 154
 154 153 154 155 154 153 154 153 154 154 155 154 154 155 154 154 154 154
 154 154 154 155 157 156 156 156 155 154 156 158 161 161 162 164 166 168
 172  29]"
"[ 29  28 203 206 207 209 210 210 210 207 207 207 208 210 210 207 206 204
 200 202 203 205 210 209 209 209 208 208 207 205 203 201 205 206 205 203
 201 201 203 205 204 203 202 202 203 203 202 201 203 201 201 199 198 201
 202 200 198 199 200 200 200 200 199 199 199 200 200 199 200 200 199 197
 199 196 194 195 196 196 195 195 195 195 195 194 195 194 193 192 188 189
 191 178 163 149 137 130 121 116 111 110 110 110 108 107 107 105 103 102
  99  98  97  94  88  82  79  78  75  73  72  71  74  73  72  72  72  72
  72  73  75  79  82  91 101 108 117 123 131 136 142 149 156 160 159 159
 159 158 157 158 160 161 161 161 161 158 156 156 156 155 155 155 154 154
 154 154 154 155 153 152 153 153 154 154 154 154 155 155 154 154 154 153
 153 153 154 155 153 154 155 155 155 155 157 160 161 161 163 164 166 168
 173  29]"
"[ 29  27 203 206 208 209 211 211 210 209 209 209 209 212 213 210 209 209
 206 206 207 209 212 208 209 208 208 208 208 207 204 202 204 205 205 203
 201 201 203 206 204 203 202 202 202 202 201 201 201 200 200 199 198 200
 200 198 199 200 201 201 201 200 199 199 198 199 200 200 201 201 201 199
 200 197 195 195 196 196 195 195 195 195 195 194 194 194 194 193 191 187
 187 179 170 147 132 131 128 120 113 111 111 111 109 107 106 106 106 104
  99  97  95  92  89  83  80  77  74  72  72  71  72  71  71  72  72  72
  72  72  75  80  85  92  99 106 115 124 131 136 143 151 156 157 157 159
 161 160 160 160 161 162 162 162 161 160 158 158 158 157 156 156 155 155
 155 154 155 155 153 151 153 154 154 154 154 154 154 154 155 154 154 154
 153 154 154 155 153 153 154 155 156 157 159 161 161 162 163 165 167 170
 174  29]"
"[ 29  28 204 208 209 210 211 211 213 213 214 212 210 211 212 209 209 212
 210 209 210 211 212 209 208 207 207 208 209 208 205 203 203 203 204 203
 202 202 203 205 205 204 203 202 203 202 201 201 202 202 202 202 200 200
 199 196 200 201 201 201 200 199 199 199 199 199 199 200 200 201 201 200
 200 198 196 196 196 195 194 194 195 195 195 194 194 193 193 194 195 189
 186 181 176 150 130 131 128 120 113 112 113 111 107 103 104 104 105 103
  97  94  93  91  89  85  82  79  75  73  74  73  72  72  71  71  71  73
  74  74  78  83  88  93  98 104 112 122 128 135 143 151 157 158 160 163
 162 162 162 162 162 162 162 161 160 160 160 160 160 158 158 158 158 158
 157 156 156 156 155 153 154 155 155 154 154 154 154 154 154 155 155 155
 154 154 155 155 157 156 155 155 156 157 158 159 160 162 164 166 169 172
 176  29]"
"[ 29  29 207 210 211 211 211 211 212 213 214 213 210 210 210 209 209 213
 209 208 209 209 210 210 208 208 208 209 209 208 206 205 203 203 203 203
 203 203 203 203 205 204 203 203 203 202 201 200 200 200 202 202 201 202
 201 198 201 201 200 199 198 198 199 200 201 200 199 199 199 199 199 199
 199 198 197 197 197 195 194 194 195 195 195 194 194 194 193 193 193 192
 189 183 178 155 133 131 130 122 114 111 112 111 108 104 104 104 104 101
  96  94  95  94  88  85  83  81  76  74  74  73  73  73  72  71  70  72
  76  78  80  82  89  94 101 108 114 123 130 136 144 151 157 159 160 163
 162 162 162 162 162 162 161 160 159 160 161 162 161 159 158 159 158 158
 158 157 157 158 156 155 154 156 156 155 154 154 154 154 155 155 155 155
 155 155 156 156 158 157 155 154 156 158 159 159 161 163 166 168 171 174
 177  30]"
"[ 29  30 208 212 211 210 211 211 211 209 211 211 209 209 211 211 212 215
 211 210 211 210 210 211 208 209 209 209 209 208 207 207 205 205 205 204
 203 202 203 203 204 203 202 203 203 203 202 201 199 199 201 201 201 203
 204 201 202 201 200 198 198 199 200 201 203 201 200 199 199 198 198 198
 198 197 197 198 199 198 197 196 196 196 195 195 195 195 194 194 192 194
 192 187 178 159 136 133 131 124 116 113 112 110 108 108 105 104 103 100
  97  97  97  95  88  86  84  82  77  75  73  70  71  73  74  72  70  71
  74  76  80  82  90  96 104 112 116 125 133 138 143 149 155 158 160 161
 162 161 161 162 162 163 162 161 160 160 161 162 162 160 159 159 158 158
 158 158 158 158 156 154 154 156 157 155 154 155 155 155 155 155 155 155
 155 156 157 157 157 157 156 155 156 158 160 160 162 164 166 168 171 174
 176  29]"
"[ 29  30 209 212 211 210 210 211 212 209 210 211 210 210 212 212 212 214
 209 209 211 208 207 208 208 209 209 209 208 207 206 207 207 207 206 204
 202 202 202 203 203 203 203 203 204 204 203 202 202 202 202 201 200 202
 203 201 203 202 200 199 198 200 201 202 203 201 200 199 199 198 198 198
 198 197 197 199 201 202 201 200 196 196 196 196 196 196 195 194 195 197
 195 192 180 160 137 137 127 123 119 117 114 110 106 105 105 102 101  99
  97  96  95  91  90  87  85  83  79  76  72  68  67  72  75  74  71  70
  72  73  80  85  94  99 104 110 114 124 133 138 141 146 153 158 160 161
 162 161 161 162 163 164 164 163 162 161 161 162 163 162 160 160 159 160
 160 159 159 158 156 154 154 157 158 156 155 156 156 156 156 155 155 155
 155 156 157 158 158 160 159 157 156 158 159 160 163 165 167 167 170 174
 176  28]"
"[ 30  29 210 213 211 212 211 212 210 210 211 211 211 211 211 212 213 209
 210 209 208 210 208 208 208 209 209 209 207 206 206 207 205 204 204 204
 206 207 205 202 203 202 202 203 203 203 203 204 201 201 201 202 201 200
 200 202 201 200 200 201 201 200 201 203 201 201 201 199 197 196 198 200
 199 198 197 198 200 200 198 197 196 196 196 196 195 195 195 195 195 195
 192 194 185 163 136 140 127 123 119 117 115 111 107 105 104 104  99  96
  97  95  90  89  86  87  86  81  77  75  72  70  72  74  73  72  74  75
  74  73  82  86  92  99 105 110 118 128 135 136 140 145 151 156 160 162
 162 163 163 162 164 168 167 164 162 161 160 161 161 159 159 160 159 160
 160 159 157 156 156 156 154 156 157 156 154 154 155 156 156 154 153 153
 154 154 157 159 157 159 160 159 158 159 160 161 161 164 167 169 173 174
 175  29]"
"[ 29  29 209 213 211 211 210 211 211 211 211 211 210 210 212 213 212 210
 212 211 209 210 208 208 208 209 208 208 207 207 207 207 207 206 206 207
 208 207 206 206 204 203 204 204 203 202 203 203 201 201 201 201 200 199
 199 200 202 201 201 200 199 198 198 199 199 199 198 197 196 196 197 199
 199 198 198 199 200 200 199 198 196 195 195 195 194 194 194 195 194 194
 192 192 185 166 140 136 127 124 122 120 116 112 107 106 102 102 101  99
  96  90  82  78  86  86  83  78  75  74  73  71  71  73  73  73  75  77
  76  77  80  84  90  97 103 108 115 124 130 134 137 140 147 155 160 164
 165 165 164 163 165 167 167 163 162 161 160 161 160 159 159 160 160 160
 159 158 156 155 154 154 155 157 159 158 157 156 157 157 154 154 154 155
 155 154 156 158 159 161 161 160 160 161 162 162 162 164 166 168 173 174
 176  30]"
"[ 29  28 209 212 210 211 211 211 212 212 212 210 209 210 211 213 211 209
 213 212 210 210 209 208 211 210 209 209 209 209 208 207 207 206 207 208
 207 205 205 208 205 205 205 204 203 202 203 203 201 201 201 201 201 199
 199 199 201 202 201 199 198 198 198 197 198 197 197 196 196 196 197 198
 199 200 200 199 199 199 198 198 196 196 196 195 194 194 194 195 194 194
 193 192 186 171 146 135 126 125 123 120 116 111 107 105 104 101  98  95
  92  92  92  92  90  88  85  81  79  79  77  75  72  72  72  73  75  74
  75  77  79  83  88  94 101 106 114 122 129 137 138 139 151 162 165 167
 167 166 165 163 165 167 166 163 162 161 161 161 160 159 160 161 162 161
 160 158 156 155 155 155 157 159 160 159 158 157 156 155 154 154 154 155
 154 154 155 158 159 160 160 160 161 162 163 162 163 165 166 167 172 174
 175  29]"
"[ 29  29 209 212 210 211 212 213 211 212 212 211 210 209 210 212 210 209
 213 212 210 211 210 210 211 211 211 211 211 210 209 207 205 205 207 207
 206 205 205 206 204 204 203 203 203 203 203 202 201 201 202 202 202 201
 200 200 199 201 201 199 199 200 200 199 199 198 198 197 197 197 197 197
 199 200 200 198 197 198 198 197 197 198 199 198 196 195 195 196 195 193
 193 192 185 173 152 136 126 124 122 118 114 110 106 104 102  98  97  97
  94  95  97  95  89  87  84  82  81  80  77  74  73  73  72  73  74  72
  73  76  80  83  86  92 100 107 115 123 129 138 137 137 153 166 165 163
 167 166 165 164 165 167 166 164 163 162 162 162 161 159 160 162 163 162
 161 159 158 158 158 158 160 160 160 159 158 156 154 152 154 154 154 154
 152 152 155 159 159 158 158 159 161 162 163 163 165 167 168 169 172 172
 174  28]"
"[ 30  28 208 212 210 212 213 214 211 212 214 214 212 211 211 211 210 210
 213 212 210 211 210 210 210 211 212 212 211 209 207 206 203 206 208 207
 207 208 207 205 203 202 201 200 202 204 203 201 201 202 202 203 202 202
 201 200 198 200 200 198 199 201 201 200 200 199 199 199 199 198 198 198
 199 199 198 196 196 197 198 197 197 199 200 199 198 196 196 196 194 192
 193 192 185 171 154 138 129 126 120 116 114 111 108 105 102  97  97  99
  98  98  98  95  90  88  85  83  82  80  77  74  76  75  73  73  74  73
  73  76  81  83  87  93 101 108 115 122 128 138 138 138 152 164 164 163
 167 167 166 166 167 168 167 165 163 162 162 163 162 160 160 161 162 161
 160 160 159 159 160 160 161 161 160 159 158 157 155 153 153 153 154 153
 152 152 154 158 159 157 157 158 160 162 162 162 165 169 171 171 172 172
 173  28]"
"[ 30  28 208 212 210 212 212 214 212 214 216 216 215 213 212 211 212 211
 214 213 210 211 210 211 210 210 211 211 210 209 207 206 205 208 208 207
 208 210 209 205 204 203 201 201 203 205 204 202 202 203 203 202 202 201
 200 199 199 199 198 198 198 199 200 200 199 199 199 199 199 199 198 198
 197 198 197 195 195 198 198 197 196 197 198 198 197 196 195 195 195 194
 194 194 189 172 156 139 131 127 120 116 114 113 109 106 105 100  96  96
  97  99 101 101  95  92  88  84  82  81  79  78  80  78  75  74  75  74
  73  73  81  85  90  97 105 110 115 121 126 138 140 139 148 158 164 167
 167 168 167 167 167 167 166 165 165 163 163 164 164 162 162 162 161 161
 160 160 160 160 160 160 159 158 157 157 158 159 157 155 152 152 154 154
 153 152 154 156 158 156 156 157 159 161 161 161 164 168 170 171 172 171
 173  29]"
"[ 30  29 210 213 211 212 211 212 213 214 216 216 215 214 213 213 212 211
 214 213 212 213 212 213 212 211 209 209 210 210 210 209 207 208 207 205
 207 209 209 206 205 205 204 203 203 205 205 203 202 203 202 201 201 202
 200 199 200 198 197 197 197 198 198 199 198 198 199 199 199 198 197 197
 196 199 199 196 195 197 198 197 196 197 197 196 196 195 195 195 196 195
 195 194 194 176 158 137 131 127 121 117 115 114 111 106 104 101  97  96
  97  95  94  95  96  93  88  84  81  79  79  80  82  80  77  75  78  78
  76  75  83  87  92  98 106 112 117 122 125 134 138 139 145 155 162 166
 167 168 168 167 166 165 165 165 166 164 164 164 165 163 162 163 162 161
 160 160 160 160 159 159 157 156 154 155 157 158 157 154 151 152 153 154
 153 152 153 156 157 155 155 157 159 161 162 163 164 167 169 169 172 172
 174  29]"
"[ 30  30 211 215 213 213 211 211 214 214 215 215 215 214 213 213 211 210
 214 214 213 215 214 214 214 211 208 207 209 211 212 211 210 208 206 205
 205 207 208 208 205 207 206 203 202 203 204 202 202 202 202 201 201 202
 202 200 200 197 196 196 197 197 198 200 198 199 199 199 198 197 196 195
 197 200 201 198 195 196 197 197 197 197 196 196 196 196 196 196 193 195
 193 192 195 178 157 132 131 128 123 119 117 116 112 107 103 102  98  97
  98  96  94  98  97  94  90  86  83  80  80  82  80  80  77  77  82  85
  83  81  83  87  91  96 104 111 118 123 130 134 139 144 150 159 164 166
 168 168 168 167 166 165 166 167 166 163 162 163 163 162 162 162 161 160
 159 159 159 159 158 158 157 156 154 155 157 158 155 152 152 152 152 153
 152 152 154 157 157 155 155 158 161 163 164 166 167 168 169 169 173 174
 176  30]"
"[ 30  29 213 212 212 214 214 215 214 214 215 215 214 213 214 215 205 205
 208 210 213 215 213 213 214 214 211 208 208 211 211 210 208 206 206 206
 205 208 210 209 208 206 204 203 204 204 204 203 202 201 200 201 201 201
 201 201 202 199 196 197 198 198 198 198 199 199 197 196 195 196 196 196
 197 198 198 196 195 196 198 199 199 199 198 196 197 200 201 198 199 193
 196 195 192 177 161 132 134 129 124 121 118 114 109 105 105 103  99  96
  96  98  98  97  95  94  91  89  86  83  81  79  80  79  81  79  81  86
  86  87  87  90  91  95 105 110 115 123 128 132 142 142 151 157 162 166
 167 168 168 166 165 166 166 165 165 162 161 162 164 164 162 162 160 161
 161 161 161 160 159 158 157 158 158 157 155 154 153 152 149 151 153 155
 154 154 155 156 156 157 158 160 158 158 162 167 168 168 168 169 173 174
 175  30]"
"[ 29  29 213 213 213 215 216 217 215 214 213 214 214 214 213 214 210 210
 213 213 214 215 213 214 213 213 212 210 209 209 210 210 211 210 210 209
 208 209 210 208 205 205 205 205 204 204 203 203 202 201 201 202 202 202
 201 201 201 198 196 196 197 197 198 199 197 197 197 196 195 195 196 196
 197 197 197 196 197 198 199 199 196 197 197 195 196 198 198 197 194 192
 196 196 196 179 160 133 135 130 123 118 116 113 109 105 104 101  97  97
  98  98  97  96  96  93  89  85  82  80  79  78  77  79  82  80  82  88
  90  91  94  93  92  97 107 113 118 124 130 133 140 141 152 162 164 165
 165 167 167 166 165 165 165 165 165 164 162 161 163 164 164 162 160 161
 161 161 161 159 158 158 157 158 158 157 155 154 153 152 149 151 153 154
 154 154 155 155 158 157 158 158 158 158 162 168 167 169 169 170 173 173
 175  30]"
"[ 29  29 213 214 214 216 217 219 216 215 213 214 216 216 215 214 214 213
 215 214 214 215 214 215 214 213 212 211 209 208 209 211 212 211 212 212
 210 210 209 206 203 204 206 206 204 203 202 202 203 202 202 203 203 202
 201 201 200 198 196 196 197 198 199 200 197 197 198 198 197 196 196 196
 197 197 196 197 199 201 199 197 195 196 196 196 196 196 197 197 198 196
 196 193 194 177 159 137 130 126 121 118 116 114 111 109 107 102  98  97
  98  97  95  95  97  92  87  82  80  79  79  78  74  77  82  80  83  90
  93  94  96  95  94  98 107 113 118 123 130 135 139 140 150 164 165 165
 165 166 166 166 165 165 165 164 164 164 163 161 162 165 165 163 161 162
 163 162 161 159 158 158 158 159 158 157 157 156 154 153 149 150 151 152
 153 153 154 154 159 158 158 159 159 159 162 166 166 169 171 171 172 172
 174  30]"
"[ 28  29 214 215 215 216 217 218 217 215 215 216 217 217 216 215 213 212
 214 214 215 216 215 217 216 213 211 211 210 209 210 214 210 210 211 211
 210 210 209 206 203 205 207 207 205 204 203 203 203 203 203 203 202 201
 200 200 200 199 198 198 198 199 200 201 199 199 198 198 198 197 197 196
 197 197 197 199 200 200 198 195 196 195 196 197 198 196 196 197 196 197
 198 196 199 178 155 133 125 124 122 120 119 117 114 112 109 105  99  97
  97  97  96  94  95  91  85  81  80  80  79  79  75  76  80  81  86  93
  96  98  96  96  98 102 106 111 116 122 128 137 140 142 148 164 167 167
 167 166 166 166 165 166 165 165 162 162 162 162 163 164 164 164 162 164
 165 164 162 160 158 158 159 159 158 158 157 156 154 153 150 150 149 150
 151 152 153 153 157 157 159 161 161 160 160 161 166 169 171 171 172 171
 173  29]"
"[ 29  29 215 217 216 216 216 216 215 215 215 216 217 216 215 214 213 211
 213 213 215 217 215 216 216 213 211 212 212 210 210 213 210 210 211 211
 210 211 211 208 207 207 207 207 206 206 205 205 203 202 202 202 202 201
 200 199 200 200 200 199 199 200 200 201 201 199 197 197 198 198 197 196
 197 198 198 198 198 198 197 195 197 195 195 198 199 197 196 196 195 197
 197 196 201 179 154 132 126 125 124 122 119 116 114 112 107 105 100  97
  97  98  97  94  91  88  85  82  81  80  79  77  78  75  77  82  90  97
  99 102 101  99 100 104 108 113 118 122 127 138 139 143 150 165 170 171
 169 167 166 165 165 165 165 165 161 160 162 165 166 165 164 165 163 164
 165 164 162 159 158 157 158 158 158 157 157 156 154 152 152 151 149 149
 150 152 154 154 154 155 158 160 161 161 160 160 167 169 171 171 173 172
 173  28]"
"[ 29  30 215 217 216 216 215 215 215 215 215 216 216 215 215 215 215 213
 214 214 215 217 215 215 216 213 212 214 214 212 210 211 211 211 211 211
 210 211 211 209 209 207 206 206 206 206 206 206 203 201 201 201 202 201
 200 199 199 200 200 199 199 200 200 200 202 199 197 197 198 199 198 197
 198 199 198 196 195 196 198 198 198 196 196 198 199 198 197 196 199 198
 196 194 198 178 155 134 128 125 122 119 117 115 114 112 107 106 103 100
  98  97  94  91  89  87  85  82  81  79  77  75  77  73  74  79  88  97
 100 104 108 102 101 104 108 115 121 122 128 136 137 143 153 165 171 171
 170 168 165 165 165 165 164 164 162 161 163 167 168 165 164 165 163 164
 164 163 161 159 157 157 158 159 159 158 157 156 155 153 154 153 151 151
 152 153 155 155 154 155 157 159 161 162 162 163 168 170 171 171 173 173
 174  29]"
"[ 29  29 214 216 217 217 217 217 217 216 215 215 216 216 216 217 218 216
 217 215 215 217 215 216 217 215 215 216 215 213 212 213 213 212 212 212
 211 212 212 210 209 208 206 206 206 206 206 206 205 203 201 201 202 201
 200 199 199 199 198 197 198 200 201 200 201 200 198 197 198 198 198 198
 198 199 199 197 196 197 198 200 198 197 197 198 198 198 197 196 196 196
 198 198 200 177 155 133 130 125 119 116 116 115 113 111 109 105 102 100
  98  93  90  89  91  89  86  83  81  79  77  76  74  74  76  77  84  96
 101 105 111 105 104 106 108 114 121 123 129 135 137 143 154 160 169 170
 171 168 165 165 166 165 165 165 166 164 164 167 167 165 163 164 162 162
 162 162 161 159 158 158 157 158 159 158 157 157 156 154 155 154 153 153
 153 154 155 155 154 155 157 158 160 162 164 164 167 169 170 171 172 172
 174  29]"
"[ 29  29 214 216 217 218 218 218 219 217 215 215 215 216 217 218 219 217
 218 216 215 217 216 218 219 218 217 216 215 214 215 217 214 213 213 213
 212 213 213 211 209 209 208 207 207 207 207 207 207 204 202 202 202 201
 199 197 199 199 198 196 197 200 201 201 200 200 199 197 196 196 196 196
 198 199 200 200 198 198 198 198 196 197 197 197 197 196 196 196 196 195
 196 195 196 176 159 140 133 126 118 115 116 116 112 107 107 100  96  97
  95  89  88  92  93  91  87  84  81  80  79  78  76  79  82  79  83  97
 104 108 111 109 111 111 109 113 122 126 130 136 141 146 154 155 167 171
 171 168 166 166 167 166 166 165 168 167 166 165 165 164 163 162 162 162
 162 161 161 160 160 159 154 156 157 157 156 156 155 154 154 154 154 154
 154 154 154 154 153 155 157 158 159 161 162 162 166 168 170 170 171 171
 173  29]"
"[ 29  28 214 217 217 219 219 219 218 218 219 220 218 216 217 218 218 219
 218 216 216 217 219 219 219 219 219 217 214 213 214 216 215 216 217 216
 212 209 210 213 211 209 208 209 209 207 206 207 208 206 204 202 201 201
 200 199 200 199 199 199 198 199 200 202 200 202 202 200 197 195 196 198
 201 201 201 200 199 198 199 199 200 199 197 195 196 196 197 196 195 195
 195 197 199 177 163 136 129 128 116 118 117 115 110 110 107 103 100  97
  93  93  94  94  93  90  89  86  83  81  78  78  79  78  81  80  85  97
 103 110 112 115 115 114 115 117 122 128 132 139 139 144 156 163 167 171
 172 170 168 167 167 167 166 166 166 167 166 165 162 161 161 162 162 161
 161 161 161 160 160 159 155 157 158 156 154 153 154 155 155 153 153 154
 154 153 153 155 158 157 158 159 159 161 162 160 164 167 168 168 171 171
 173  28]"
"[ 30  29 215 219 218 220 220 219 220 219 219 219 218 217 218 220 219 219
 218 216 215 217 218 219 221 220 218 216 212 211 213 215 217 216 216 214
 212 212 213 216 210 210 210 209 209 208 207 206 206 205 204 202 201 201
 200 198 199 199 200 201 201 200 200 200 201 201 201 200 198 197 198 199
 200 200 201 201 200 199 199 199 198 197 196 195 195 196 196 196 194 196
 196 198 200 179 160 136 124 126 119 121 118 114 112 113 107 103 101  99
  95  94  95  94  95  91  89  84  81  80  77  78  79  78  79  80  87  98
 108 115 114 117 117 117 118 120 124 128 133 137 140 143 156 163 168 169
 172 171 169 168 167 167 167 167 166 166 166 164 162 161 161 162 162 162
 162 162 162 161 161 160 157 159 159 157 154 154 154 154 153 152 152 154
 154 154 155 156 157 156 157 158 158 160 162 160 163 165 167 167 170 171
 173  29]"
"[ 29  29 216 219 219 219 219 218 220 219 219 219 219 218 219 220 219 219
 219 217 217 218 219 219 220 219 217 215 214 213 215 217 217 217 216 216
 215 214 213 213 207 210 211 210 210 210 209 206 204 204 204 203 201 200
 198 196 196 198 200 201 201 200 199 199 201 201 200 200 199 198 198 198
 199 200 201 201 201 200 200 199 198 198 197 196 196 196 197 196 196 197
 196 196 196 179 155 137 130 129 122 122 120 115 110 108 105 103 102 101
  97  96  96  95  96  91  88  83  81  80  78  80  80  79  77  81  87  96
 110 119 119 120 120 120 122 123 125 128 134 136 140 144 156 165 171 169
 171 171 170 169 167 166 166 166 164 164 164 163 162 161 161 162 162 161
 161 161 161 161 160 159 159 159 158 156 154 154 154 153 150 149 150 152
 153 153 154 156 157 157 158 158 158 160 162 162 163 165 166 167 170 171
 173  29]"
"[ 28  29 216 219 219 219 218 216 218 218 219 219 220 219 218 217 218 218
 219 220 220 220 220 220 217 217 217 218 218 217 217 217 217 216 217 217
 217 215 213 212 210 211 211 211 211 211 209 206 203 204 205 203 201 199
 196 194 194 196 197 198 198 199 199 199 200 200 200 199 198 197 196 196
 199 199 200 200 200 200 199 199 200 199 198 196 195 195 196 196 197 197
 195 195 194 182 151 137 132 128 122 122 121 117 111 108 105 102 101 101
  98  97  97  96  93  90  88  84  82  81  79  81  81  81  77  81  85  90
 107 117 122 123 121 121 122 123 125 127 132 132 136 144 154 169 172 171
 170 170 170 169 168 168 167 166 164 164 164 164 163 163 162 162 160 160
 160 160 160 160 159 158 158 158 157 155 155 155 155 153 150 150 149 151
 152 152 153 154 157 157 159 159 158 160 163 163 164 166 167 168 170 170
 173  29]"
"[ 29  30 217 221 220 220 219 217 219 219 219 219 219 219 218 217 217 218
 218 219 219 219 219 219 218 218 218 219 219 218 216 216 217 216 215 215
 215 215 216 217 215 212 211 211 212 210 207 205 203 204 205 204 201 199
 196 194 195 196 196 196 197 199 199 199 198 199 200 199 197 196 195 196
 199 199 199 198 199 199 199 199 200 200 198 196 194 194 195 196 196 196
 195 197 196 185 151 137 133 128 125 122 119 115 111 109 106 103 101 100
  97  96  97  96  91  90  91  87  83  81  79  81  79  80  77  81  83  87
 104 115 122 123 122 120 121 122 125 128 130 130 132 142 150 170 171 171
 171 170 169 169 170 170 169 167 166 166 165 165 165 165 165 164 161 161
 161 161 161 160 159 158 158 158 157 155 156 157 156 155 153 152 151 152
 153 153 153 154 155 155 158 158 157 159 162 162 165 167 168 168 170 170
 172  29]"
"[ 29  29 217 220 219 219 219 218 221 220 219 218 218 219 220 219 220 218
 218 218 218 218 219 219 220 219 218 218 218 217 217 217 217 217 217 217
 216 215 215 216 216 212 209 211 211 209 207 206 203 204 205 204 202 200
 198 197 197 198 199 198 199 200 200 198 196 198 200 199 198 197 196 197
 199 198 197 197 197 198 198 199 199 199 199 196 195 195 196 197 197 195
 193 194 192 183 154 140 136 127 126 122 121 117 113 109 109 105 102 100
  96  95  96  95  92  91  93  89  84  81  78  79  77  78  77  81  83  89
 104 115 121 123 123 121 122 124 127 131 131 131 132 139 150 170 169 170
 171 169 168 169 170 171 169 167 166 166 166 166 166 166 165 164 161 161
 161 161 161 160 159 157 158 158 158 156 155 156 155 154 154 153 152 152
 153 154 154 154 153 154 157 158 158 159 162 161 164 165 166 167 169 168
 171  29]"
"[ 29  28 215 218 217 218 219 218 222 221 220 218 218 219 220 220 221 219
 219 220 220 219 219 219 219 218 217 218 218 218 218 218 218 218 218 219
 218 215 212 211 214 212 210 209 209 209 208 208 205 205 205 204 202 202
 201 200 200 201 200 199 199 201 201 199 196 197 198 199 199 198 197 197
 198 197 196 195 196 197 198 199 197 199 199 198 197 197 198 199 197 195
 193 192 188 176 153 138 131 122 124 122 123 121 117 112 109 105 103 100
  96  95  95  95  93  91  91  88  84  82  79  80  78  76  78  80  84  93
 104 114 122 124 125 125 127 128 129 133 134 133 136 136 152 169 169 170
 171 169 168 168 170 170 169 167 166 165 165 165 166 166 164 163 162 162
 162 162 161 160 158 157 158 159 159 156 155 154 154 152 153 153 152 151
 152 154 154 153 153 154 158 160 160 161 163 162 162 163 164 166 168 167
 171  29]"
"[ 29  30 216 219 218 219 220 220 220 221 220 219 218 220 220 219 219 219
 220 223 223 221 219 218 220 219 219 219 219 218 217 217 218 217 216 216
 216 214 213 212 214 214 212 209 207 207 207 205 207 207 206 204 203 202
 202 201 201 201 199 197 198 200 201 200 196 196 197 198 199 199 198 196
 197 196 195 195 196 198 199 199 196 198 200 199 197 197 197 198 194 194
 196 196 189 173 150 131 128 122 128 124 121 117 114 112 108 105 103 101
  98  96  96  95  93  90  89  86  84  83  81  83  80  76  79  79  85  95
 102 112 123 126 127 128 131 131 131 133 136 134 138 133 155 167 168 169
 171 170 169 169 169 169 169 168 166 165 165 165 166 165 164 162 162 162
 162 162 162 160 159 157 159 160 160 158 155 154 153 152 153 152 151 151
 152 153 153 152 152 154 158 160 161 162 163 161 162 163 164 166 167 167
 170  29]"
"[ 28  31 217 222 221 221 218 220 220 219 218 220 221 220 220 220 218 219
 219 218 218 218 219 219 220 221 220 218 218 218 218 218 221 221 217 215
 215 215 214 214 215 214 212 210 210 210 208 205 207 208 208 206 204 202
 202 203 203 200 198 199 201 201 200 199 197 197 197 198 198 197 196 195
 196 197 196 195 196 198 198 197 197 197 199 200 199 197 196 195 196 194
 195 194 189 172 149 137 129 131 128 121 116 115 115 114 110 106 102  99
  98  97  95  93  90  89  89  87  84  83  81  78  80  81  79  81  86  94
 104 114 123 127 130 131 133 133 133 136 135 138 141 145 158 170 169 166
 172 171 171 171 171 171 169 167 167 166 164 164 165 165 163 161 163 162
 163 161 157 157 159 159 160 160 158 156 155 154 153 152 153 152 151 151
 152 153 153 153 154 153 154 158 161 162 162 163 161 161 166 166 169 168
 168  28]"
"[ 31  26 215 216 221 220 221 216 218 219 220 221 223 223 221 218 218 218
 219 219 219 218 219 219 220 220 220 219 219 219 219 218 220 222 219 215
 215 215 213 212 213 213 213 211 210 209 208 206 208 206 205 204 204 203
 202 201 199 199 199 200 200 199 198 198 197 196 195 195 195 194 194 195
 196 196 196 195 196 198 198 197 196 196 196 198 198 197 195 194 194 193
 195 196 193 176 151 140 134 133 128 120 115 114 114 113 113 110 105 101
  98  95  92  89  88  88  89  86  82  82  84  84  84  82  81  84  90  98
 107 116 121 126 130 131 133 133 133 135 138 139 141 144 158 171 172 171
 171 171 170 170 170 169 168 166 167 166 165 166 166 166 165 163 161 160
 161 161 158 158 160 160 160 159 158 156 155 155 154 154 154 154 154 153
 153 153 153 154 155 154 155 159 161 160 159 159 165 161 167 165 163 167
 167  32]"
"[ 28  34 214 220 218 219 217 222 218 221 222 222 223 225 223 219 218 219
 221 221 220 219 218 219 218 218 218 218 219 219 219 218 213 218 217 213
 214 216 216 214 212 213 213 212 210 210 209 208 207 205 202 202 203 203
 202 200 198 198 199 199 199 198 198 199 199 198 198 197 196 195 195 196
 194 194 194 194 195 196 196 196 197 195 195 197 198 198 196 195 197 196
 194 194 193 173 146 137 136 133 127 122 118 116 116 116 114 110 105 101
 100  98  94  89  88  88  89  87  82  81  83  82  82  82  83  87  91  95
 103 113 120 126 130 130 132 134 136 138 142 141 141 144 156 169 171 171
 173 173 173 173 173 172 170 168 166 165 165 165 165 164 162 161 162 161
 161 161 159 159 160 159 159 158 156 155 154 153 153 153 153 154 154 154
 153 154 155 156 154 153 155 157 158 157 158 159 161 167 162 167 172 166
 164  28]"
"[ 29  28 214 223 218 215 225 214 221 223 223 222 222 222 221 221 219 221
 223 222 221 219 219 219 219 219 219 220 221 222 222 220 217 220 219 217
 216 216 215 215 214 215 215 214 214 212 211 210 207 204 202 201 203 203
 202 200 196 196 196 195 195 195 197 199 196 197 198 199 197 195 194 195
 196 196 196 196 197 198 197 197 196 195 194 195 197 197 195 194 193 194
 194 196 195 172 139 130 134 130 125 123 120 117 115 115 115 113 108 103
  99  96  93  90  92  90  88  86  83  83  82  80  81  81  83  90  96  98
 104 113 121 128 130 129 131 135 138 140 143 142 142 144 155 168 170 171
 172 172 172 172 171 170 168 167 167 167 167 166 165 164 163 163 163 162
 162 162 160 160 160 158 157 157 155 154 153 153 153 154 153 152 152 152
 151 152 153 154 155 154 155 156 156 157 159 160 160 166 168 167 164 166
 174  30]"
"[ 30  26 220 221 216 220 222 221 224 223 224 224 222 219 220 223 220 222
 222 222 220 218 218 218 219 219 219 219 220 220 219 218 222 222 220 220
 218 215 214 217 216 215 215 215 214 213 211 209 208 206 204 203 203 203
 202 200 199 198 197 197 197 197 198 199 196 197 199 200 199 198 197 197
 197 196 196 196 196 196 195 195 197 196 196 197 197 196 196 196 196 196
 195 195 194 171 140 133 130 126 123 123 122 120 117 117 113 112 109 103
  97  94  94  95  93  89  87  84  81  81  83  82  83  81  82  89  96  99
 103 111 122 128 131 130 132 136 138 140 147 145 144 144 154 166 169 171
 172 172 172 171 171 170 168 167 165 166 166 165 163 163 164 164 162 160
 161 162 161 161 161 159 156 156 155 154 154 154 154 154 155 154 152 151
 151 152 152 153 154 155 155 156 156 157 158 160 165 159 166 163 168 168
 165  26]"
"[ 30  29 217 220 223 221 224 217 220 219 221 223 221 217 218 221 223 224
 224 223 222 220 221 221 220 220 220 219 219 219 218 216 223 221 220 221
 220 215 215 219 216 214 213 214 214 212 210 209 208 207 206 205 204 203
 201 201 200 199 199 200 200 198 197 197 196 196 197 198 198 198 199 200
 201 199 199 199 198 197 196 196 195 195 195 195 194 193 193 194 194 194
 193 192 188 169 144 139 132 128 123 121 119 117 115 114 114 110 105 100
  98  97  95  93  89  89  90  89  84  81  81  81  81  83  86  90  93  97
 106 117 120 127 131 132 135 138 140 141 146 144 144 145 155 167 171 175
 171 171 171 170 170 169 169 168 167 167 167 165 163 162 163 164 164 162
 162 163 162 162 162 159 157 157 156 154 153 152 151 151 152 151 149 149
 150 151 152 152 150 152 155 157 158 158 159 159 160 163 163 164 165 164
 169  31]"
"[ 29  28 211 213 216 219 217 215 215 214 215 217 218 215 215 216 215 215
 216 215 215 214 214 214 215 215 214 214 213 214 213 212 216 215 213 213
 211 207 207 209 209 208 207 209 209 207 206 206 203 203 202 202 201 200
 199 199 196 196 197 198 197 196 194 195 195 195 195 196 196 196 197 197
 197 195 194 194 194 193 193 194 192 193 193 194 193 192 192 192 193 194
 194 190 183 165 143 137 135 131 126 122 119 116 113 112 115 110 104 100
 100 100  95  91  86  86  90  90  86  82  80  80  78  83  87  89  91  94
 103 114 123 127 130 132 135 137 138 139 145 145 147 148 157 167 170 174
 172 172 171 171 171 170 170 171 168 167 167 165 163 162 162 163 164 162
 162 162 161 160 160 158 158 158 157 156 154 153 151 151 149 148 148 148
 149 150 152 152 151 153 155 157 158 159 159 159 158 159 159 163 158 163
 158  29]"
"[29 32 27 31 25 31 28 28 30 28 28 28 30 30 29 28 28 29 30 30 30 29 29 29
 28 29 29 29 29 29 29 29 29 30 29 29 30 29 28 30 29 29 29 30 29 28 28 29
 29 29 29 29 29 29 28 27 29 29 30 30 29 28 28 29 29 28 29 29 29 29 29 29
 30 28 28 29 29 29 29 30 29 29 29 29 29 29 28 28 29 28 29 29 30 29 27 30
 30 29 28 28 28 29 30 29 28 29 30 29 28 28 29 29 31 28 28 29 29 28 29 29
 30 30 28 27 29 29 28 29 28 29 29 28 29 29 29 31 29 29 29 27 29 31 28 29
 29 29 29 28 28 28 29 29 29 29 29 29 28 28 29 29 30 28 29 29 29 30 30 28
 28 29 29 30 30 29 29 29 29 29 29 29 28 28 29 30 29 30 29 28 28 29 29 29
 29 28 30 27 32 28 31 28]"
