"[28 30 31 31 30 30 30 30 30 30 29 29 29 29 29 29 30 29 29 29 29 29 29 29
 29 29 29 30 30 29 29 29 29 30 29 29 29 29 29 30 28 29 29 29 29 29 29 30
 29 30 30 30 30 30 30 30 30 29 28 28 29 29 29 29 30 30 30 30 29 29 29 29
 29 29 29 29 29 29 29 29 29 29 29 29 29 29 29 29 29 29 29 29 30 30 30 30
 30 29 29 29 29 29 29 29 29 29 29 29 29 29 29 29 29 29 29 29 29 29 29 29
 29 29 29 29 29 29 29 29 29 30 29 29 29 29 29 29 30 29 29 29 29 30 30 29
 29 30 29 29 29 30 29 29 29 30 30 31 30 28 28 29 31 29 29 29 28 28 29 29
 28 29 29 30 29 29 29 29 28 29 29 29 29 29 29 28 28 29 30 29 29 28 29 29
 28 32 27 30 30 31 30 28]","[30 32 26 27 28 28 29 29 29 29 29 29 29 29 29 29 29 28 28 29 29 29 29 29
 30 30 29 29 29 28 29 29 29 29 29 29 29 29 30 30 29 29 29 29 29 29 29 29
 28 29 29 29 29 29 29 29 29 29 29 29 29 29 29 29 29 29 29 29 29 29 29 28
 29 29 29 29 29 29 29 29 29 29 28 29 29 29 29 29 29 29 29 29 29 29 29 29
 29 29 29 29 29 30 30 29 29 29 29 29 29 29 29 29 29 29 29 29 29 29 29 29
 29 29 29 29 29 29 29 29 29 29 29 29 29 30 30 30 28 28 28 29 29 29 29 29
 30 30 29 28 29 29 29 28 28 28 28 29 28 28 29 31 29 27 29 30 29 29 30 29
 29 29 29 29 29 29 30 30 28 29 29 29 30 30 30 29 29 28 28 29 29 29 29 29
 28 29 29 31 28 26 32 29]","[28 29 13 13 12 11  9  9  9 10 11 11 10 10  8  8  8  9  9  9  9  8  8  8
  8  9  9  8  7  8  8  7  7  8  8  7  7  8  8  7  7  7  7  7  7  7  7  7
  7  7  7  7  7  7  7  7  7  7  7  7  7  7  7  7  7  7  7  7  7  7  7  7
  7  7  7  7  7  7  7  7  7  7  7  7  7  7  7  7  7  7  7  7  7  7  7  7
  7  7  7  7  7  7  7  7  7  7  7  7  7  7  7  7  7  7  7  7  7  7  7  7
  7  7  7  7  7  7  7  7  7  7  7  7  7  7  7  7  9  9 10 10 10 10 10 10
 12 12 10  9  9 10 10 10  9  9  9  9  9 11 13 14 13 13 16 18 17 16 16 16
 16 15 15 15 15 15 16 16 16 16 16 18 19 19 18 17 19 19 20 22 22 21 20 20
 31 31 42 60 76 75 63 30]","[29 32 10 13 13 12 10  9 10  9 10 10 10 10  9  8  8  7  8  8  7  6  5  4
  7  9  9  7  6  8  9  8  7  6  6  6  7  8  9  9  7  6  6  7  6  6  4  3
  4  4  4  3  3  3  3  4  3  4  4  4  3  3  3  3  3  3  3  3  3  2  3  3
  3  3  3  3  3  3  4  4  5  5  4  4  4  4  3  3  3  3  3  3  4  4  4  4
  3  3  3  3  4  4  4  4  4  4  4  4  4  3  3  3  3  4  4  4  4  4  3  3
  4  4  3  2  2  2  3  3  2  4  4  4  5  6  7  8  7  8  8  9  9  9 10 11
 12 12 10  9  8  9  9  8  9  9  8  8 10 12 14 15 13 13 17 19 17 16 16 15
 16 16 15 15 15 15 15 15 16 16 17 19 20 20 18 17 17 19 23 24 23 22 24 28
 37 47 61 66 67 67 64 29]","[28 31 11 14 15 14 12 11  9  9 10 11 11 12 10  9 12 11 11 12 11  9  7  7
  5  7  8  6  6  7  7  5  6  6  5  6  7  8  9  9  7  7  7  8  8  7  6  5
  6  6  5  4  3  3  4  5  5  4  3  3  3  3  3  3  3  3  3  2  2  2  3  4
  3  3  3  3  3  4  4  4  4  4  3  3  3  3  2  2  4  4  4  4  4  4  4  4
  3  3  3  3  4  4  4  4  4  4  4  4  3  3  3  3  3  3  3  4  3  3  3  3
  5  4  3  2  2  2  2  2  2  4  5  6  7  8  9  9  9  9  9  9  9 10 12 13
 14 13 12 10  9 10 10  9 10 11 10 11 13 15 16 16 13 14 16 18 16 15 15 15
 17 17 17 16 16 16 16 16 16 16 17 20 21 19 17 16 16 18 21 22 21 24 34 44
 70 72 72 68 59 64 65 30]","[29 31 16 17 15 13 11  9 11 11 12 14 15 16 15 14 12 12 12 12 11 10  8  8
  8 10 10  9  9  9  9  7  6  6  6  7  7  8  9  9  7  8  8  8  8  8  7  6
  8  8  7  6  5  5  6  7  7  6  4  4  4  5  4  4  3  3  3  4  3  3  4  5
  3  3  3  3  3  4  4  4  4  4  3  4  4  4  4  3  5  4  4  4  4  4  4  4
  4  4  3  3  4  4  5  5  4  4  4  4  4  3  3  3  3  3  4  4  4  4  4  4
  5  4  3  3  2  2  2  2  4  6  7  8  8  9 10 10 10 10 10 10 10 11 12 12
 12 12 10  9  9  9  9  8  9 10 10 11 13 15 15 14 13 13 15 17 16 15 16 16
 17 17 17 17 16 16 16 17 17 17 18 21 22 20 18 17 19 20 21 23 26 35 50 64
 73 72 71 72 63 63 63 28]","[28 28 19 17 16 13 12 10 11 11 12 13 15 16 15 15 12 12 12 13 12 11 10 10
 11 10  9  9  9  9  8  7  8  8  8  8  8  8  8  9  7  8  8  8  8  8  7  7
  8  8  8  7  7  7  7  8  8  7  6  6  5  5  6  6  4  4  4  4  4  4  3  3
  3  3  3  3  3  3  4  4  4  4  4  4  4  5  4  4  4  4  4  4  4  4  4  4
  4  4  3  3  3  4  4  4  4  4  4  4  3  3  3  3  4  3  3  3  3  4  4  4
  4  4  3  3  3  3  3  3  6  7  8  8  8  9 10 11 12 12 12 12 12 12 12 11
 11 11 10  9 10 10 10  9 10 11 12 12 15 17 17 14 14 14 15 17 16 16 16 15
 16 16 17 16 15 16 17 18 18 18 19 21 22 20 19 20 21 21 24 31 40 50 61 71
 77 70 67 66 62 60 64 28]","[31 27 22 18 17 15 13 11 13 12 12 13 14 15 15 15 12 12 12 12 12 11 10 10
 13 11 10 11 11 11 10 10  9  9  9  9  8  8  8  9  8  9  9  9  8  8  8  8
  7  8  8  8  8  8  8  8  8  8  9  8  7  6  6  6  4  4  4  5  5  4  3  2
  4  4  3  3  3  3  4  4  4  4  4  4  4  4  4  3  3  3  3  3  4  4  4  4
  5  4  3  3  4  4  4  4  3  3  3  3  3  2  2  2  3  3  2  2  2  3  4  4
  4  4  4  4  4  4  4  4  7  8  9  8  7  9 11 12 12 12 12 12 12 11  9  8
  9  9  9  9  9 10 10 10 11 12 12 13 15 18 18 15 15 14 15 17 16 15 15 14
 16 17 17 16 16 16 19 21 18 17 18 20 20 19 19 20 25 25 31 44 58 65 68 70
 60 61 65 62 65 61 67 28]","[29 29 40 32 27 26 25 19 10 12 11 12 15 15 13 13 12 13 13 13 12 10  9 12
 12 12 11 10 10 11 11 11 13 11 11 10  9  9 10  9 11 10 10  9  9  9  8  7
  9  8  7  7  8  8  8  8  7  8  9 10  8  7  7  8  8  8  8  7  6  5  4  4
  4  4  3  3  4  4  4  4  3  4  5  5  4  4  4  4  3  2  2  2  2  3  3  3
  3  4  4  4  4  4  4  4  4  4  4  4  4  3  2  2  2  3  4  4  2  2  4  6
  3  4  5  3  3  4  7  9  9  8  8  9  9  8  9 11 13 12 11 10 11 11 11 10
 11  9  9  9 10  9 10 11 12 12 12 13 16 19 18 16 14 15 15 15 15 15 16 17
 17 16 16 17 18 18 18 20 19 19 18 19 19 19 22 21 31 31 45 63 67 66 67 66
 60 58 61 63 65 63 62 29]","[29 30 40 39 42 46 49 47 32 29 23 20 20 20 17 15 17 13 12 15 17 16 14 12
 11 13 15 14 13 12 13 14 14 12 12 12 11 11 12 11 13 12 10  8  7  8  9  9
  9  9  9  9  9  8  7  6  7  7  8  8  8  8  8  8  9  8  8  8  7  6  5  6
  6  6  6  6  6  6  5  5  3  4  4  4  3  4  4  3  4  4  3  2  2  2  2  2
  2  3  3  4  4  3  4  4  4  4  4  4  4  4  3  3  3  4  4  3  3  3  4  4
  5  5  5  4  5  6  8  8  9  8  9 10  9  8  8 10 13 12 11  9  9  9  9  8
 10  9  8  9 10 11 12 12 12 13 14 14 16 17 16 14 12 13 14 15 15 16 17 18
 16 16 16 17 17 17 18 20 14 22 18 17 24 24 23 26 35 44 63 75 72 67 63 59
 58 57 61 64 66 65 64 29]","[31 29 32 31 37 41 41 42 41 42 41 39 38 36 34 34 29 20 17 19 19 19 17 15
 17 17 16 15 13 12 14 17 15 14 14 13 11 12 13 12 12 12 13 13 13 12 12 12
 10 10 10 10 10  8  6  5  9  8  8  8  9  9  9  9  9  8  8  8  8  6  6  6
  6  6  7  8  8  8  6  5  5  6  5  4  4  4  4  4  4  4  3  3  2  2  2  2
  2  3  4  4  4  4  4  5  4  4  4  4  4  4  3  3  5  4  3  3  3  3  3  3
  5  5  4  4  6  8  8  8  9  9 10 11 10  8  8 10 13 13 12 10  8  8  8  8
  9  9  9  9 11 14 14 13 15 17 18 17 17 17 15 13 12 13 14 15 16 17 18 18
 16 17 17 17 17 18 19 19 19 22 20 23 26 21 26 40 50 59 72 76 68 64 62 58
 59 57 60 62 64 64 63 29]","[30 28 23 20 25 25 23 25 27 33 38 40 40 40 41 43 47 39 38 39 32 27 27 25
 21 19 17 16 15 14 15 17 15 14 12 12 10 10 11 11 15 13 11 12 12 11 11 12
 11 11 11 10 10  9  9  8  9  9  9  9  9  9  9  9  9  8  8  8  7  6  5  5
  5  6  7  8  9  8  7  6  8  8  7  6  4  4  5  4  3  3  3  3  3  3  3  3
  3  3  4  4  4  4  4  4  4  4  4  4  4  3  3  3  5  4  3  3  3  3  3  2
  3  3  3  3  6  8  9  8  8  8 10 10  9  8  9 10 12 12 12 10  9  9  9 10
  9 10 10 10 13 16 15 13 16 18 20 18 17 16 15 14 15 15 16 17 17 17 17 17
 17 18 18 17 18 20 20 18 18 16 20 28 24 24 44 62 65 66 67 64 60 60 62 60
 62 59 60 59 59 59 61 29]","[30 29 20 17 21 20 17 20 19 22 22 23 26 28 30 32 35 32 37 42 36 32 33 33
 29 28 29 30 26 19 17 17 19 18 16 13 11 10 11 12 13 11 11 13 14 14 11 10
 10 11 12 12 12 11 11 10  8  9 10 10  9  8  8  9 10  9  8  9  8  7  6  6
  6  6  7  8  9  8  7  6  8  8  7  5  4  4  5  5  3  4  5  5  5  5  4  4
  3  3  4  4  4  3  3  3  4  4  4  3  3  3  3  2  3  4  3  3  3  3  3  4
  3  3  3  4  5  7  8  8  7  8  9  9  9  8  9 10  9 10 11  9  8  8  9 10
 10 12 12 12 14 16 15 12 15 17 18 17 16 16 16 15 16 16 16 17 17 17 16 16
 18 18 18 18 19 21 20 17 14 16 22 30 32 43 62 69 66 62 60 58 58 60 61 61
 65 63 63 59 57 57 59 28]","[29 29 18 16 18 17 16 17 18 20 20 18 18 19 21 23 21 18 22 28 28 29 32 34
 38 39 42 43 38 30 30 33 32 29 27 23 17 15 16 17 17 16 15 16 17 15 12 11
 10 12 13 14 13 12 11 10  8 10 11 12 10  9 10 11 12 11 10 10 10 10  9  9
  7  7  7  8  8  7  7  6  8  8  7  6  5  5  6  6  6  6  7  7  7  6  5  4
  4  5  5  5  4  4  3  3  5  4  4  3  3  3  3  3  3  4  4  3  3  3  4  5
  4  5  5  4  4  6  7  8  8  9  9 10 10 10 10 10  9 10 10  8  7  8  9 10
 11 13 13 14 15 16 15 12 15 17 17 16 16 16 17 16 16 17 17 17 17 17 17 17
 18 18 17 18 19 21 20 19 19 22 26 40 55 61 64 64 61 59 58 59 60 60 60 62
 63 63 65 61 59 58 60 29]","[28 28 17 17 17 19 19 19 16 20 21 19 18 17 17 20 20 17 15 15 16 17 20 23
 22 22 25 29 28 26 29 36 42 41 42 40 36 36 38 39 37 31 25 21 17 15 15 15
 16 17 17 16 15 13 12 12 11 11 12 13 12 11 11 12 13 12 11 11 12 11 10 10
  9  9  8  8  7  7  6  6  8  8  8  7  7  7  8  8  8  8  8  8  7  6  6  5
  6  6  7  6  6  5  5  5  5  5  4  4  4  4  4  4  3  4  4  4  3  3  4  5
  5  6  5  4  4  6  7  8 10 10 10 10 11 11 10  9  9  9  9  8  8  9 10 11
 12 13 13 15 16 16 15 14 16 17 17 16 16 17 18 17 16 16 17 17 16 17 18 19
 18 18 18 19 19 20 22 24 26 30 39 60 72 68 63 62 59 59 58 59 61 61 60 61
 60 60 63 61 61 61 62 29]","[30 30 18 18 17 20 20 18 21 21 19 17 18 18 17 17 17 17 16 16 17 16 17 20
 19 16 16 21 23 20 21 24 24 26 30 34 35 38 44 47 42 41 41 40 36 29 25 25
 24 23 21 18 15 15 15 15 14 13 12 12 12 12 11 12 14 12 11 11 11 11  9  9
 11 11  9  9  9  9  9  9  9  9  9  8  7  8  8  8  9  8  8  7  7  7  7  6
  6  6  7  7  6  5  5  5  5  5  4  4  4  5  5  6  4  4  4  4  4  4  4  5
  6  5  4  4  4  6  8  8  9  9 10 10 10 10  9  7  8  9  9  8  8  9 11 11
 13 12 13 15 16 16 16 16 16 17 17 16 16 17 17 15 15 16 16 16 15 16 17 19
 18 18 19 20 19 20 24 29 36 42 61 77 71 64 64 56 57 58 57 58 61 62 59 58
 57 57 60 59 60 62 63 30]","[30 28 19 15 20 20 17 20 19 21 19 16 17 17 16 17 17 16 15 14 15 16 17 17
 16 15 15 17 17 16 17 20 19 18 19 24 25 24 26 31 30 32 39 42 39 38 37 33
 32 35 34 28 23 22 21 20 18 16 14 13 13 11 11 12 10 13 13 12 12 11 10 12
 14 12 11 11 11 10 10 10 10  9  9  9  9  8  8  9  9  8  7  7  7  6  5  5
  5  6  8  7  6  4  5  5  6  6  5  5  5  7  7  7  6  5  4  4  5  5  5  4
  5  5  4  4  4  6  7  9  9 10 10  9  8  7  8  9  8  9  9  8  9 10 11 11
 13 14 16 17 16 15 16 16 16 16 16 15 16 16 15 14 16 16 16 15 15 17 17 17
 18 18 20 21 21 23 30 37 48 58 65 71 63 59 56 59 59 58 57 58 59 58 56 55
 55 57 59 60 63 61 62 29]","[29 29 19 17 18 17 15 18 17 18 16 15 16 17 18 19 20 19 16 15 16 17 17 16
 14 15 16 17 17 16 17 17 17 17 18 19 17 15 15 19 16 18 23 26 25 28 33 32
 31 34 37 37 35 32 31 30 32 27 22 20 18 15 15 16 16 15 12 12 13 13 11 12
 12 12 12 10 10 12 11  9 10  9  8  8  8  8  8  9 10  9  9  9  8  7  7  7
  5  6  7  7  5  4  5  5  6  6  5  5  6  8  8  7  6  5  4  5  5  5  4  3
  5  5  5  5  4  5  7  8  8  8  8  7  6  6  7  9  8  8  9  8  9 11 12 12
 12 13 15 16 16 16 16 16 16 16 16 15 15 16 16 16 17 16 15 16 18 20 19 18
 17 20 24 24 25 29 39 48 58 62 62 62 54 52 50 54 59 58 58 58 57 55 53 53
 58 60 62 62 65 63 64 29]","[29 29 17 18 19 18 15 15 17 17 15 13 15 17 18 19 22 20 16 15 16 17 16 15
 13 16 18 17 16 17 17 16 18 18 18 17 14 12 14 15 14 14 16 15 14 16 21 23
 22 23 27 31 32 32 35 38 36 33 31 30 29 27 25 25 22 20 18 17 17 14 11 11
 12 13 12 11 11 11 10  9 10  9  8  8  8  8  8  8 10 10 10 10 10  9  9  9
  7  7  7  7  7  7  6  7  6  6  5  5  6  8  7  6  5  5  5  6  7  6  5  4
  5  6  6  6  5  6  7  8  7  7  6  5  5  6  7  8  8  8  9 10 11 13 14 13
 13 13 14 15 16 17 16 16 17 17 16 15 15 16 17 17 18 17 17 17 18 18 18 17
 15 18 22 26 31 40 51 59 63 62 57 55 49 50 49 51 55 57 58 59 57 55 56 57
 62 64 63 62 64 64 64 28]","[29 30 18 21 20 22 20 18 20 20 19 17 17 17 16 18 20 18 16 15 16 17 17 15
 16 18 17 15 14 16 17 16 16 17 16 15 13 13 14 15 14 14 14 13 12 14 16 17
 17 18 19 20 23 26 30 34 26 27 28 30 31 31 31 32 29 29 28 27 24 19 18 23
 20 15 13 16 16 13 11 14 10  9  9  9 10 10 10  8  9  9 10 10 10 10 11 12
  9  9  9  9  9  8  8  8  7  6  5  5  7  8  7  5  5  5  6  7  8  8  8  7
  6  7  8  7  6  6  7  8  9  7  6  5  6  7  7  8  8  9 11 12 14 15 15 14
 15 15 15 15 15 16 16 16 17 18 17 16 16 17 18 19 18 19 20 20 17 16 17 18
 17 18 23 32 43 51 57 61 58 57 55 54 52 53 53 52 52 55 58 60 59 59 60 62
 64 66 64 59 62 64 65 28]","[28 30 22 24 23 25 26 25 22 24 23 22 21 18 16 18 18 17 16 15 15 17 17 16
 17 18 16 15 14 17 17 15 17 17 16 14 14 15 15 14 13 14 14 13 14 14 13 13
 12 14 15 15 15 17 18 17 19 19 20 21 21 22 25 27 32 31 30 31 31 30 32 39
 34 27 23 24 24 19 17 19 16 16 14 13 12 12 12 11 10  9  9 10 10 10 11 12
 10 10 10  9 10  9  9  9  9  8  7  7  8  9  8  6  6  7  6  7  9  9  9  9
  7  8  9  8  6  5  6  7  9  8  6  6  7  8  8  8  8 10 12 14 15 15 15 14
 16 16 16 15 14 14 15 16 17 18 18 18 18 18 19 20 16 18 20 21 20 19 19 20
 23 25 33 47 57 58 57 57 55 56 56 54 54 54 55 54 54 56 59 61 60 59 59 60
 64 66 64 60 63 65 66 29]","[30 27 24 23 28 31 29 25 24 25 24 23 23 20 18 19 19 18 17 16 16 17 17 16
 16 17 17 16 17 18 17 15 17 17 16 16 16 17 17 16 16 17 15 13 14 13 11 11
 14 17 18 16 16 18 17 14 15 16 17 16 15 15 16 18 22 22 22 26 31 31 30 31
 31 30 28 26 28 30 31 30 26 25 22 17 14 12 12 11 11 10 10 10 10 10 10 10
 10 10  9  9  9  9  9  9  9  9  8  8  9  9  8  7  7  7  7  8  8  8  9  9
  8  8  8  7  6  5  6  7  7  7  7  7  8  8  9  8  9 11 13 14 15 15 14 14
 15 15 15 14 13 13 15 17 17 17 18 18 18 19 19 19 17 16 17 20 22 21 20 20
 26 33 46 59 63 59 54 54 54 55 56 52 53 53 57 58 58 59 61 62 61 59 57 57
 61 64 64 62 65 67 67 29]","[31 26 31 26 31 32 28 25 29 27 25 23 25 24 22 23 23 22 20 19 20 20 18 17
 18 19 20 20 19 18 17 16 15 16 16 16 16 15 16 16 17 19 17 14 15 14 13 15
 13 14 14 13 14 15 16 15 13 15 16 16 16 16 15 14 15 15 16 20 23 22 17 15
 16 18 20 20 24 30 34 35 34 36 35 31 26 24 23 22 16 14 14 14 13 13 13 12
 13 12 11  9  9  9 10 11  9  9  9  9 10 10  9  7  9  9  8  8  8  8  8  8
  9  9  8  7  6  6  7  8  7  7  7  7  8  8  9  9 10 12 14 14 14 14 15 15
 15 15 15 15 14 15 16 17 16 17 17 18 18 19 19 19 20 18 17 19 20 22 24 28
 34 44 55 60 59 55 53 52 52 54 57 52 54 54 59 60 59 59 61 61 61 59 59 59
 60 63 64 63 66 66 66 29]","[29 29 45 33 31 28 27 28 37 31 25 24 27 27 26 26 28 26 24 24 24 24 22 19
 21 22 23 23 20 17 17 19 18 18 19 19 18 16 16 18 20 23 20 16 16 14 12 15
 15 14 15 16 17 15 15 15 14 14 13 13 14 16 17 16 16 18 17 16 16 15 13 14
 16 16 16 16 15 15 17 20 17 22 27 27 25 24 24 23 22 19 17 17 18 18 18 17
 15 14 12 11 10 11 12 14  9 10 10 10 11 11 10  9  9 10 10  9  9  8  8  8
  9  9  8  8  7  8  9  9  8  8  8  8  8  8  8  9 11 13 15 15 14 15 16 17
 16 16 16 16 16 17 17 17 18 18 18 18 20 21 21 20 23 22 21 20 20 23 33 42
 47 56 61 58 53 53 53 51 51 54 59 55 56 55 58 58 59 59 60 61 60 59 59 60
 63 65 64 62 64 64 65 29]","[31 26 73 64 61 53 49 53 53 44 42 32 27 35 33 29 28 27 26 27 26 24 23 24
 23 24 23 25 22 20 18 23 19 22 23 17 18 16 18 19 20 20 19 16 14 14 16 14
 16 14 17 17 14 17 17 14 16 12 14 13 16 15 14 16 14 15 16 16 15 15 15 15
 14 16 17 14 12 12 12 12 14 15 16 17 19 21 23 25 21 22 21 21 26 32 30 24
 19 18 17 17 17 17 17 17 11 12 12 12 12 12 10  9 10 10 10 10  9  8  9 11
  9  9 10  9  7  9 11  9  8  8  8  7  8  9 10 10 12 15 17 17 16 16 17 17
 17 16 16 15 16 16 16 16 15 17 18 19 20 22 23 21 19 22 20 22 27 33 44 52
 56 57 57 55 53 53 53 53 52 54 55 54 55 58 59 57 59 55 57 61 60 61 64 64
 68 64 62 64 66 64 64 29]","[28 31 89 87 86 82 81 84 72 67 70 64 60 66 65 62 45 38 28 26 27 26 24 24
 21 23 24 28 24 23 22 24 25 23 21 22 21 19 18 21 22 18 17 19 20 20 19 16
 15 17 17 15 15 16 15 16 15 12 14 12 14 14 15 17 17 16 16 15 14 14 13 12
 14 15 16 15 13 12 12 12 14 15 16 17 17 16 14 12 15 15 16 16 20 25 25 21
 20 20 21 21 22 22 22 22 19 18 16 15 14 14 14 13 10 10 12 14 14 11  9  9
  9  9 10 11 10 11 11  9  8  8  8  8  8 10 11 12 13 14 16 16 15 16 16 16
 17 16 16 16 17 17 16 16 17 18 18 17 16 16 18 19 19 21 21 28 39 48 55 57
 52 53 53 53 54 56 58 60 55 55 54 53 53 55 58 59 57 56 58 61 61 61 64 66
 67 65 65 65 66 65 65 29]","[28 31 93 94 93 93 91 88 83 81 86 82 77 79 76 74 74 72 68 67 68 58 42 32
 33 32 31 30 24 25 25 25 28 26 22 24 19 19 18 23 25 22 21 21 17 14 16 17
 16 20 18 17 20 18 14 16 16 14 17 13 13 12 12 15 16 15 13 13 15 15 14 13
 15 15 16 16 15 13 12 12 13 13 15 16 16 14 10  9 10 12 13 13 15 19 19 17
 15 16 18 19 20 20 20 21 22 21 19 18 17 16 16 15 13 12 12 13 12 11  9  9
 10  9 10 11 11 10 10  9  9  9 10  9  9 10 12 13 12 13 14 14 15 16 16 15
 16 16 16 16 17 18 17 16 20 19 19 18 17 16 16 18 18 24 27 37 49 56 57 54
 52 51 51 52 53 54 55 57 58 57 56 54 53 54 56 58 56 57 59 61 62 61 62 67
 66 67 66 64 64 64 65 28]","[30 30 89 92 90 93 92 91 92 91 95 92 87 87 84 83 83 83 80 78 79 75 67 65
 64 63 62 59 46 44 39 30 26 26 24 25 23 27 26 24 25 24 24 24 22 20 18 16
 17 19 17 20 24 21 17 15 12 12 16 14 16 15 15 16 15 14 13 14 15 17 16 15
 15 14 15 17 16 13 11 10 11 12 13 14 15 14 13 12 11 13 12 12 12 15 15 13
 10 10 11 12 13 15 15 16 19 18 18 19 18 17 16 16 20 18 17 17 16 15 14 13
 13 10 10 11 11 10 10  9 10 11 11 10 10 10 11 11 11 12 13 14 15 16 16 15
 16 15 15 16 18 18 18 17 19 16 16 19 19 17 16 18 21 33 41 48 54 54 53 49
 49 49 50 53 53 52 54 57 59 57 57 59 58 55 54 55 56 60 60 61 62 60 61 67
 68 68 66 63 62 63 65 29]","[28 29 88 91 85 86 89 93 90 90 94 94 94 95 93 92 92 93 91 87 84 79 76 76
 81 82 82 81 74 78 75 66 55 51 49 45 43 40 36 28 27 23 23 23 17 15 19 24
 25 23 21 24 20 15 16 13 16 16 20 17 20 21 20 19 16 16 16 16 16 16 15 15
 14 13 13 15 16 13 11 10 12 12 13 13 13 13 13 14 14 13 11 11 11 13 12 11
 10 11 10 10 11 12 14 16 15 15 15 16 17 16 16 17 18 18 19 20 21 21 19 17
 16 13 13 15 14 13 12 11 10 11 12 11 11 10 10 10 10 11 12 14 15 17 16 15
 15 14 14 15 17 18 19 18 18 17 18 20 20 19 21 25 34 47 54 57 57 54 54 52
 52 52 52 54 53 52 54 57 58 56 57 61 62 59 56 56 58 61 62 61 61 59 60 67
 69 67 65 64 64 63 65 30]","[30 28 83 87 81 81 78 82 81 83 85 86 88 91 89 87 92 90 87 84 82 85 89 91
 92 92 88 85 80 86 86 82 79 72 74 70 67 61 67 67 73 60 53 50 39 27 27 34
 26 23 22 24 17 14 21 20 21 19 21 17 20 22 22 19 17 17 17 17 16 16 15 15
 14 14 14 15 14 13 12 11 12 13 14 14 13 12 12 13 13 12 10 10 12 12 12 12
 12 12 10  9 10 12 14 16 14 13 12 13 13 13 15 17 17 16 16 16 17 18 17 16
 16 15 17 19 18 17 15 13 11 12 13 13 13 13 12 11 11 11 12 13 15 17 16 15
 15 15 15 15 17 18 19 19 17 19 22 22 20 21 29 38 49 56 57 56 55 53 54 54
 57 55 54 53 53 53 55 58 57 56 57 61 63 62 60 60 59 61 62 62 62 59 61 66
 66 65 65 66 67 65 65 29]","[31 29 79 83 82 85 78 79 82 85 84 82 84 87 87 84 83 81 82 81 78 82 88 87
 81 85 86 86 84 88 87 85 88 84 86 85 78 76 84 88 89 75 69 76 79 73 64 58
 52 49 42 42 35 24 24 22 24 22 23 18 20 22 21 18 18 18 18 18 17 17 17 17
 18 18 18 16 15 15 15 14 14 14 15 15 15 14 13 12 13 11 11 12 12 12 12 12
 13 12 10 10 10 11 13 14 13 12 12 12 11 12 12 15 17 17 14 12 12 14 15 14
 14 14 16 17 16 16 16 14 13 13 13 13 14 15 15 13 12 12 12 13 14 16 16 16
 15 16 16 17 17 17 18 18 15 18 21 22 22 26 37 48 57 58 53 51 52 51 53 53
 55 53 52 52 54 57 59 60 57 56 57 59 60 61 62 63 59 59 62 64 62 61 63 65
 64 66 68 67 67 66 65 28]","[28 29 76 76 77 83 76 79 78 82 78 75 77 81 83 81 79 78 81 80 71 73 79 76
 73 80 81 81 81 86 87 89 87 86 88 92 89 94 93 88 85 82 80 80 82 84 85 82
 79 79 69 72 72 57 47 40 41 39 38 28 27 25 21 17 23 22 20 19 19 19 19 18
 22 23 22 18 15 16 16 16 17 16 15 15 15 15 13 11 12 11 12 13 12 11 10 11
 13 12 11 10 11 12 12 12 13 12 12 13 13 11 11 13 11 12 12 12 12 13 12 10
 12 12 12 11 10 13 14 13 14 13 12 12 14 15 15 14 12 13 12 12 13 15 16 16
 16 17 18 18 17 17 17 18 17 19 23 26 31 38 48 56 57 56 50 49 51 51 54 56
 57 55 53 53 56 59 58 54 55 56 57 57 57 58 60 62 58 57 61 65 63 62 64 64
 65 70 72 68 66 66 67 29]","[28 29 75 73 74 77 77 75 80 77 74 73 76 78 78 76 76 77 76 73 71 73 74 73
 72 75 79 75 68 72 80 80 82 80 81 82 81 84 87 88 86 85 89 90 83 83 87 88
 83 83 81 80 80 76 72 74 80 82 86 74 65 62 51 46 44 37 28 22 21 26 28 24
 24 24 21 18 16 16 17 17 16 14 15 15 16 16 15 16 13 13 12 11 13 12 12 11
  9 10 11 10 11 12 13 12 13 13 13 13 12 12 10 11 11 11 12 13 13 11 10 10
 10 11 11 11 11 11 11 12 10 11 12 13 13 13 12 12 13 13 12 13 13 14 16 17
 16 16 16 16 16 17 18 18 18 18 27 36 41 49 54 52 47 44 46 50 51 49 50 54
 56 54 54 56 58 60 58 53 54 58 57 54 56 58 57 56 56 59 65 66 61 64 69 66
 69 67 66 66 64 65 69 29]","[28 29 75 74 73 73 73 73 80 77 74 73 74 76 76 75 75 77 77 75 74 75 75 75
 73 75 77 75 71 73 77 75 68 69 75 82 83 82 82 82 80 80 84 86 81 81 83 82
 83 89 91 88 90 93 91 87 85 85 87 80 79 82 76 74 70 68 68 68 63 55 45 36
 24 24 23 20 19 19 19 18 17 16 18 17 16 16 15 18 16 16 15 13 13 15 14 11
 13 14 14 12 11 12 13 14 13 12 11 11 12 12 11 11 12 11 12 13 12 11 11 12
 12 12 12 11 10 10 11 12 10 10 10 11 12 12 11 11 12 13 14 14 14 14 15 16
 16 17 17 17 16 15 15 15 22 24 34 44 51 56 55 49 46 46 48 49 49 49 50 52
 54 54 54 57 59 59 57 56 57 60 60 57 58 59 58 57 60 59 62 63 61 65 69 67
 66 66 65 66 65 65 69 28]","[30 29 75 76 74 72 74 77 79 77 75 72 71 72 73 74 73 75 76 77 77 77 77 78
 76 76 75 74 73 73 73 72 67 66 72 79 79 76 75 76 75 74 77 79 77 76 77 75
 78 84 87 84 84 89 88 82 84 84 89 87 87 89 84 83 80 76 78 83 82 76 70 66
 59 59 59 57 51 41 32 27 19 16 19 20 21 22 18 17 15 17 19 17 13 16 19 16
 17 14 12 14 17 18 14  9 13 13 12 13 12 11 10 10 13 12 12 12 12 12 11 12
 12 12 12 12 11 11 10 11 10 10 10 10 10 11 10 10 11 13 15 16 15 14 15 16
 16 15 16 15 14 14 17 22 28 37 47 54 57 57 54 50 46 49 51 51 50 50 51 52
 54 57 57 57 59 57 55 58 59 62 62 59 59 60 59 59 61 58 60 63 63 66 69 68
 66 66 67 68 68 68 71 28]","[30 29 74 75 75 75 78 81 77 77 75 72 70 71 72 73 74 74 75 77 77 77 78 79
 78 77 73 72 73 72 71 72 74 71 73 74 73 71 72 73 75 72 72 73 72 73 73 71
 75 74 77 78 75 74 75 73 78 78 82 79 78 81 83 87 88 82 82 86 86 83 80 78
 79 76 75 76 73 67 64 63 66 58 51 43 39 36 29 26 20 18 18 18 15 18 20 14
 16 16 16 16 15 14 14 15 11 13 16 16 13 11 12 14 13 13 12 12 12 12 11 11
 11 12 13 13 13 11 10  9 11 10 10 10 10 10 10 10 10 13 16 17 16 16 16 16
 16 16 15 15 15 18 26 34 40 49 55 56 55 54 52 51 48 50 52 52 52 51 52 52
 56 61 59 56 57 55 53 57 59 61 60 58 59 59 59 60 58 58 62 66 65 65 67 69
 68 70 71 73 72 71 72 28]","[30 28 73 73 75 77 78 77 75 76 76 73 71 71 72 73 76 75 75 75 76 76 77 78
 76 75 72 71 72 72 72 74 74 73 74 72 70 71 73 73 75 72 71 71 71 71 71 70
 70 68 72 77 74 70 71 72 73 75 77 76 75 76 77 80 79 79 81 83 82 84 85 85
 86 82 79 79 77 73 72 73 78 78 80 74 67 60 52 50 48 43 44 41 28 21 20 19
 15 14 15 17 17 16 16 17 15 15 16 15 12 10 11 12 13 13 13 13 13 12 12 11
 12 13 13 13 12 12 11 10 11 11 10  9  9 10 10 10 11 12 14 16 16 16 16 16
 17 17 17 19 20 26 35 43 52 55 55 53 53 52 51 49 50 50 51 53 52 51 50 51
 55 61 58 53 55 56 54 55 58 59 57 56 58 58 60 62 60 59 62 66 67 65 66 67
 69 71 74 75 74 73 73 28]","[29 29 74 74 76 76 75 72 74 75 75 74 73 74 74 74 78 76 73 73 73 75 75 75
 73 72 72 73 73 73 74 75 74 75 74 70 67 70 74 74 72 71 70 70 71 70 68 68
 64 64 69 74 73 71 70 69 71 73 74 75 75 73 69 65 73 76 78 74 68 69 73 75
 77 76 78 81 81 78 77 78 82 80 78 71 68 70 72 77 67 66 69 69 58 49 51 55
 45 33 22 21 24 24 23 21 20 18 16 15 16 16 16 16 14 15 16 15 14 14 14 13
 16 15 13 12 11 12 12 12 12 11 10  9  9  9  9  9 11 12 13 14 15 16 16 16
 16 16 16 18 23 32 43 51 54 55 55 52 50 50 50 51 52 50 51 53 52 50 50 51
 54 59 56 53 56 59 59 59 57 57 55 56 58 59 60 64 66 62 61 64 67 67 65 64
 66 69 72 73 72 71 72 28]","[30 29 75 77 76 74 74 74 75 75 74 74 75 76 76 75 77 75 73 72 74 76 76 74
 72 71 73 74 72 73 76 74 77 76 75 70 66 67 72 74 71 71 70 69 68 67 66 67
 65 66 67 70 73 72 68 66 71 70 68 66 67 69 69 66 65 70 74 71 66 66 67 66
 68 67 68 71 73 74 76 78 74 72 71 67 67 72 75 79 79 75 73 76 76 72 67 65
 64 61 59 59 54 42 31 26 20 19 19 19 18 17 17 17 18 19 20 17 15 15 16 15
 17 16 14 13 13 13 14 14 12 12 11 10 10 10 10  9 11 12 14 14 15 15 15 16
 16 18 21 24 31 42 50 54 51 50 53 54 49 48 51 52 50 51 52 52 52 52 52 52
 55 55 55 56 59 61 63 63 58 57 56 58 61 61 62 65 67 64 61 63 68 68 65 63
 65 68 70 69 68 69 72 28]","[29 28 75 77 76 72 75 80 76 75 74 74 75 77 77 76 76 76 74 73 76 80 80 76
 75 72 74 74 70 72 76 73 75 74 75 74 69 66 69 72 74 74 71 68 66 65 65 68
 71 67 64 67 73 70 65 65 69 71 69 67 65 66 68 66 66 65 65 65 64 65 66 63
 62 64 67 70 70 68 67 67 64 64 63 55 50 52 54 59 64 68 71 74 75 73 73 76
 72 67 65 68 68 60 53 50 47 49 49 45 36 27 23 23 22 23 23 19 16 16 16 17
 16 16 15 16 16 16 15 14 13 13 12 11 11 11 10 11 11 13 15 16 15 14 15 16
 17 24 32 38 46 52 53 50 51 46 49 53 50 50 52 50 47 51 53 51 51 53 55 54
 56 52 54 59 61 61 63 64 60 59 58 60 64 64 63 66 64 64 64 65 68 67 65 64
 64 67 69 67 65 67 71 29]","[30 28 75 75 77 78 76 77 76 77 74 73 77 80 79 79 79 76 76 76 76 80 79 73
 73 72 73 75 75 74 74 75 76 75 75 76 76 73 71 72 72 74 71 68 67 67 71 70
 73 72 70 66 65 65 67 68 69 70 69 68 67 67 67 66 64 65 65 66 67 67 66 64
 66 65 65 65 63 62 63 66 64 61 52 42 39 30 25 36 51 66 69 71 75 77 71 74
 72 71 69 70 72 72 70 68 65 67 66 59 49 39 32 27 29 30 34 34 28 27 28 24
 23 22 20 17 17 19 18 15 17 15 15 14 15 14 11 14 14 13 13 15 16 15 16 18
 26 33 41 47 49 48 49 51 50 46 44 46 50 52 52 53 47 51 51 48 51 55 55 52
 52 55 58 60 62 63 64 64 61 60 59 58 61 65 64 60 63 62 63 66 69 69 66 64
 62 64 68 69 69 71 72 29]","[30 27 74 74 75 76 75 76 77 78 75 72 74 76 74 73 75 74 75 76 76 79 80 75
 74 74 73 73 75 77 78 78 74 73 74 76 76 74 71 70 70 71 67 67 67 68 73 73
 73 72 70 69 69 69 68 67 66 67 67 67 66 67 68 69 67 66 65 66 65 64 65 67
 68 64 62 62 63 62 60 60 57 54 48 39 32 28 27 33 40 56 64 68 69 69 62 60
 60 60 62 64 66 67 68 68 67 69 69 62 51 40 34 31 34 41 51 54 50 48 43 35
 38 35 31 26 22 19 19 19 18 17 17 16 16 14 13 15 14 13 13 14 16 18 21 24
 35 42 49 50 48 48 49 49 49 47 47 49 52 52 52 52 51 52 51 50 53 54 52 51
 54 55 58 60 62 62 62 62 61 61 60 60 62 64 62 58 59 61 63 66 67 67 66 64
 64 65 69 70 71 74 73 28]","[30 27 75 75 75 76 74 75 77 79 75 71 72 74 72 70 74 74 75 75 74 76 77 75
 75 74 72 70 73 77 79 78 76 75 76 77 78 76 72 68 69 68 64 64 66 67 71 72
 72 72 71 71 72 72 70 68 68 69 70 68 66 65 67 68 66 64 63 63 61 59 61 66
 66 63 60 62 63 62 58 56 55 52 51 41 31 30 31 31 33 47 57 64 63 64 57 53
 54 54 56 57 57 57 60 64 63 64 63 56 44 35 31 32 31 40 54 62 63 65 63 54
 53 50 48 46 40 34 31 31 25 23 22 20 20 18 15 16 15 16 15 15 18 23 29 32
 41 47 51 49 46 47 49 50 50 48 47 47 49 50 52 54 52 50 49 51 55 54 52 53
 55 56 58 59 60 60 59 58 64 65 65 65 66 66 63 60 56 60 65 67 68 69 69 67
 67 68 71 72 74 77 75 28]","[29 28 78 78 78 77 75 75 78 80 77 73 73 74 73 71 73 73 74 73 72 74 76 76
 77 75 72 70 72 75 76 75 74 74 74 74 74 73 71 68 68 66 63 65 67 68 71 72
 71 72 72 71 71 70 69 68 68 70 71 70 68 67 69 71 67 66 65 64 62 61 62 66
 60 60 62 64 64 61 58 57 56 52 49 38 30 31 32 32 35 40 49 59 58 61 59 56
 57 55 54 54 51 49 53 60 62 60 57 50 40 32 32 35 35 41 53 62 65 68 67 63
 60 59 58 58 57 53 50 48 40 36 33 30 31 29 23 22 21 22 22 20 23 31 37 39
 43 46 46 44 44 46 49 51 50 49 48 48 49 50 53 55 52 50 49 52 56 55 53 55
 57 58 59 59 59 58 58 59 63 64 66 66 66 66 64 62 60 64 68 69 70 73 72 69
 70 69 72 74 76 77 75 29]","[29 29 80 81 81 80 76 76 80 81 79 75 75 75 73 73 73 73 72 71 72 75 77 79
 80 77 74 74 75 75 74 75 73 73 73 72 72 72 72 72 71 70 67 71 73 72 75 75
 71 73 73 70 67 67 68 69 69 71 72 71 69 68 69 70 69 69 69 66 64 64 64 63
 59 60 62 64 64 62 61 61 59 54 47 38 34 34 32 37 36 34 42 55 57 59 59 59
 58 55 54 54 51 49 53 58 59 57 53 46 39 33 34 38 38 41 52 62 63 61 60 59
 60 60 58 56 56 57 58 57 57 55 52 45 40 36 30 30 32 33 32 29 32 38 43 43
 45 42 41 43 45 46 47 48 48 50 51 52 52 52 52 51 54 54 53 53 56 57 55 54
 56 57 59 59 58 58 60 62 63 64 65 65 65 65 65 64 67 69 70 69 71 73 71 66
 69 67 71 74 75 74 72 29]","[28 29 81 82 82 80 77 77 79 80 78 77 77 77 76 78 79 79 76 73 75 76 77 81
 80 77 75 76 76 74 74 75 76 75 74 73 72 71 71 74 76 76 74 76 76 75 76 74
 74 75 75 71 68 68 69 71 73 73 72 70 69 68 67 67 69 70 69 66 65 66 64 61
 64 63 62 64 64 64 64 65 60 57 52 47 45 39 31 33 33 32 39 55 58 60 58 58
 57 56 56 56 55 52 53 55 54 53 49 44 38 34 33 35 37 38 48 59 58 53 54 56
 53 55 55 51 49 50 51 51 46 49 52 48 44 42 42 48 41 42 41 39 41 45 46 45
 42 38 38 43 47 47 46 46 48 49 50 50 51 51 51 50 55 57 56 55 57 58 57 56
 54 55 57 57 56 58 61 65 65 65 65 65 64 64 65 66 68 68 68 68 69 71 70 67
 67 65 69 72 73 73 71 29]","[28 29 81 82 81 80 78 79 79 79 78 80 81 79 79 83 85 85 80 76 76 75 75 80
 79 78 78 77 76 75 76 77 76 74 73 75 73 70 69 71 77 79 77 76 75 73 75 73
 75 75 74 73 72 72 72 71 71 70 69 68 70 72 72 71 69 70 69 67 66 67 66 65
 67 65 64 64 64 64 64 64 60 55 56 54 47 39 30 25 32 33 40 54 58 61 58 58
 57 57 57 56 55 54 53 54 54 53 49 43 37 34 34 35 39 40 50 58 55 51 52 55
 49 49 49 48 47 47 46 45 46 49 51 45 41 39 39 44 45 46 45 45 47 49 48 45
 40 39 40 44 47 48 47 47 51 50 49 47 49 52 53 53 54 57 57 56 57 58 58 58
 55 56 57 57 58 59 62 65 64 64 63 63 62 62 63 64 65 67 68 69 68 69 70 70
 68 68 71 71 73 75 73 29]","[29 30 80 81 80 80 79 81 82 81 80 83 83 80 80 85 84 85 81 76 75 73 74 79
 81 82 82 79 77 78 79 79 77 74 75 79 80 75 73 75 74 77 75 74 73 73 76 75
 74 73 72 72 74 75 72 69 75 72 69 69 71 73 73 72 65 65 64 63 63 64 66 68
 65 65 65 65 63 61 61 62 64 56 58 54 42 39 36 30 30 35 41 51 55 60 59 59
 57 57 56 55 54 54 55 55 54 53 49 40 33 31 33 34 32 37 49 58 55 51 52 53
 52 46 42 44 48 49 48 47 47 47 47 43 43 43 40 41 45 45 45 46 49 51 49 46
 43 43 44 44 45 47 49 49 52 52 51 51 53 57 57 56 54 57 57 56 56 56 56 58
 60 60 60 60 61 62 63 65 65 65 65 65 64 64 65 66 66 69 72 71 69 67 69 72
 72 73 75 72 74 78 76 28]","[30 27 80 80 80 77 80 84 84 81 81 82 83 83 84 85 83 83 81 81 82 81 80 82
 79 81 84 81 82 84 81 81 80 80 81 82 81 78 76 75 76 73 70 72 75 73 72 74
 75 75 77 76 74 73 72 68 72 71 74 76 74 74 74 71 63 59 58 61 64 65 65 65
 64 63 64 67 66 62 62 64 58 60 61 57 50 42 38 37 36 36 39 48 58 60 59 59
 58 54 54 57 57 56 55 52 51 51 51 47 38 33 32 33 32 40 52 55 53 54 54 55
 51 49 50 52 51 50 51 50 46 49 48 43 40 41 42 42 43 44 46 46 45 48 49 46
 45 45 44 43 44 46 49 50 53 55 56 57 56 57 58 59 58 56 56 56 56 56 59 61
 64 64 63 62 62 63 66 67 67 64 64 65 66 65 64 66 65 67 68 67 67 69 71 71
 74 74 72 73 76 77 75 29]","[29 28 81 81 82 79 81 83 84 81 80 81 82 82 82 82 80 81 81 82 83 81 80 81
 83 85 87 84 85 86 82 82 81 80 80 82 80 77 76 78 77 76 75 77 79 78 78 80
 81 79 79 78 75 73 73 71 72 73 75 77 77 76 76 74 71 67 65 65 66 66 65 66
 66 64 64 65 65 63 64 66 61 63 63 60 52 44 39 38 37 36 38 43 52 59 62 61
 56 53 54 58 59 58 56 53 53 53 54 51 43 37 35 34 37 43 54 59 59 59 57 55
 50 50 51 52 51 51 51 50 48 49 46 42 40 42 44 44 43 43 45 45 45 47 49 47
 46 45 43 40 41 45 49 52 52 55 57 57 56 55 56 56 56 55 54 55 56 57 57 58
 62 62 62 63 63 65 66 68 68 66 65 67 67 66 66 68 70 67 64 64 68 72 73 71
 74 72 70 72 75 74 73 29]","[29 28 81 80 81 81 82 82 82 81 81 83 84 83 81 80 81 83 84 85 86 83 81 81
 84 85 86 83 84 85 82 83 82 81 82 84 82 77 77 81 81 81 82 83 82 81 81 82
 83 81 81 79 76 74 75 75 72 73 73 74 76 75 74 74 75 73 71 70 68 66 65 65
 67 66 65 62 60 60 63 65 62 64 65 63 55 47 41 40 40 36 35 37 43 55 62 60
 57 53 54 56 58 58 57 55 53 52 52 50 44 39 36 33 37 42 51 58 60 57 54 52
 50 50 51 50 49 50 50 48 48 46 43 41 40 41 43 44 43 43 45 45 45 48 49 47
 45 45 43 42 42 45 50 53 51 55 58 58 56 54 54 54 53 53 54 55 57 59 58 56
 59 60 62 63 64 65 65 66 67 66 66 66 66 65 66 67 70 67 65 65 68 71 73 73
 72 69 68 72 73 72 72 29]","[30 28 79 77 79 81 83 82 80 82 85 87 88 86 82 80 84 85 85 85 85 83 80 81
 82 83 83 81 83 85 82 84 83 84 86 86 83 80 80 83 82 83 84 84 83 82 82 81
 81 80 81 82 80 79 79 78 75 75 72 70 73 73 72 75 75 76 75 74 72 69 67 66
 68 68 67 65 65 65 63 61 62 64 65 64 58 50 45 43 42 35 33 33 38 51 61 60
 60 56 55 55 54 55 56 56 56 53 51 49 44 40 37 34 34 38 46 59 61 54 51 54
 51 50 49 47 46 49 49 46 44 42 41 41 40 39 39 40 44 44 46 48 48 49 50 49
 44 46 47 47 47 48 51 53 50 54 58 59 58 56 55 54 53 55 57 58 61 62 61 59
 59 61 63 64 64 64 64 64 65 65 66 66 65 64 64 65 66 68 69 70 70 71 72 73
 70 69 70 75 75 75 75 29]","[30 29 80 77 80 82 83 81 79 83 86 88 88 86 83 81 85 85 83 83 83 81 80 81
 84 84 86 85 87 87 83 84 84 87 88 85 82 83 84 85 81 80 82 83 83 84 85 82
 80 80 83 86 86 84 83 80 80 80 75 72 74 73 72 75 75 77 77 75 74 73 73 72
 71 70 70 72 75 75 68 60 64 64 65 64 59 53 49 46 43 35 32 35 38 48 60 63
 62 59 58 57 54 54 57 59 55 51 49 47 43 39 36 33 30 31 39 59 66 55 51 54
 53 50 47 44 44 48 48 44 40 39 39 40 38 36 36 39 44 45 48 50 50 50 50 48
 46 49 51 51 50 51 52 53 50 54 57 59 59 58 56 54 54 58 62 63 64 65 64 63
 62 63 65 65 65 64 64 64 65 66 67 67 66 65 65 65 66 68 70 72 72 72 72 72
 69 70 75 79 79 80 79 29]","[29 29 81 80 82 83 83 81 82 84 85 84 83 83 83 82 85 85 83 83 83 83 82 84
 86 87 89 89 90 88 82 82 86 88 87 82 81 84 87 87 84 79 80 83 84 86 87 83
 81 82 85 87 86 86 85 81 81 81 79 77 76 75 73 74 75 77 76 73 73 75 76 75
 74 75 74 72 71 70 69 66 66 66 65 64 61 56 51 48 46 38 35 38 39 44 54 61
 60 59 61 61 58 56 58 59 53 50 48 47 43 39 35 31 29 29 35 59 72 60 52 53
 53 49 45 43 44 47 47 43 41 40 40 39 37 35 38 41 43 43 47 49 49 48 47 45
 48 50 51 51 50 50 52 54 52 54 57 59 59 58 56 54 55 58 62 63 63 63 64 64
 63 64 65 65 65 64 64 64 65 67 68 68 67 66 66 66 64 67 70 71 68 67 69 73
 69 71 77 81 79 81 80 28]","[29 29 82 81 83 82 82 81 86 85 84 81 81 82 82 82 84 85 85 85 87 86 85 86
 88 88 89 88 89 87 82 83 86 87 85 82 82 86 89 88 89 81 80 84 84 86 87 85
 82 84 86 84 82 84 85 83 82 81 82 81 78 77 77 76 75 76 75 73 73 77 77 75
 75 76 75 70 65 65 68 72 70 68 67 66 64 59 54 50 48 42 39 40 40 42 50 59
 60 60 62 64 61 59 59 58 57 54 52 51 46 42 39 36 35 38 41 62 75 64 57 55
 52 49 47 47 47 48 48 45 45 44 43 41 38 37 40 43 42 42 45 48 47 45 44 42
 47 48 49 48 48 50 53 55 53 56 58 59 59 59 58 57 53 56 59 62 62 61 63 65
 63 64 64 65 64 64 64 64 64 65 66 66 66 66 67 67 64 68 72 71 67 65 69 74
 72 72 76 80 78 80 80 28]","[29 28 82 81 81 80 82 82 87 86 83 81 81 83 83 82 82 84 85 86 88 86 84 85
 92 89 87 85 87 88 85 88 86 85 84 84 86 88 89 88 90 80 80 84 83 85 88 87
 82 85 86 82 79 82 87 86 83 82 83 83 79 79 81 80 75 77 77 76 77 80 79 76
 74 73 73 73 72 72 72 72 73 71 70 70 69 64 58 54 47 44 41 41 41 43 51 62
 63 62 64 65 63 61 60 58 60 56 54 50 46 42 41 39 37 44 45 60 69 59 55 54
 52 50 50 52 52 51 50 48 48 48 46 43 40 39 40 41 43 43 46 48 46 45 44 42
 44 46 47 47 47 50 54 56 54 57 59 60 59 59 59 60 53 54 57 61 62 62 64 67
 63 64 65 65 65 64 64 64 63 64 65 64 64 66 67 67 71 71 72 74 73 72 72 74
 76 73 76 80 77 78 79 30]","[29 30 80 76 78 77 79 83 86 86 84 81 81 84 84 82 79 82 86 89 89 88 88 87
 89 87 87 89 90 88 88 88 86 85 83 83 87 89 88 89 88 87 87 82 82 86 88 91
 84 88 89 80 75 80 84 86 84 83 82 82 82 82 82 83 82 80 79 81 81 81 79 75
 75 73 73 74 75 75 76 77 77 72 71 72 70 69 64 56 48 44 41 40 41 42 47 60
 66 70 70 66 65 65 64 64 64 61 56 50 46 44 41 38 41 40 46 60 66 61 57 52
 51 54 54 52 52 51 49 49 50 55 52 46 45 44 44 45 48 46 48 51 51 47 44 44
 45 45 47 47 47 50 53 54 52 55 58 59 59 60 60 60 56 57 60 64 62 59 60 65
 66 66 65 65 65 65 66 67 66 64 64 66 65 65 68 69 69 71 74 76 76 73 73 74
 75 77 78 79 79 79 80 28]","[29 30 82 79 80 78 79 80 86 87 87 85 84 85 84 81 82 85 88 89 87 86 86 87
 88 87 86 88 88 87 86 85 85 85 82 82 85 87 88 90 88 88 89 86 85 89 90 92
 90 90 88 80 77 82 84 86 85 84 83 84 85 85 85 85 82 81 80 82 85 84 81 78
 76 75 75 76 76 75 76 78 79 74 72 70 67 67 63 55 53 48 43 38 37 36 40 53
 67 71 70 66 65 65 65 65 62 59 56 54 49 44 41 40 38 41 48 62 67 61 57 55
 55 58 57 55 53 51 47 46 52 57 55 50 48 46 44 44 46 50 53 53 50 47 46 46
 47 49 52 53 52 53 56 56 53 56 59 58 58 59 60 60 63 60 60 62 63 60 59 60
 64 66 68 68 67 68 69 71 66 65 65 65 65 66 68 71 73 71 71 74 78 78 75 73
 76 79 79 81 80 81 81 29]","[30 28 83 82 81 79 81 80 85 87 88 86 85 84 84 83 85 87 89 88 86 84 84 86
 88 86 85 86 88 87 86 85 86 86 85 84 86 87 88 90 88 88 90 88 88 89 88 89
 89 87 85 80 81 86 86 87 86 84 83 84 86 86 86 86 82 83 81 83 87 86 81 80
 79 79 79 79 77 76 76 77 79 77 75 72 68 69 65 57 55 50 46 42 41 41 44 55
 66 72 73 71 70 70 69 69 62 59 58 57 52 43 40 41 36 44 53 66 72 64 59 60
 57 59 59 57 56 52 49 47 52 57 57 53 51 48 45 45 45 51 54 51 48 48 48 46
 48 51 55 58 57 59 60 60 58 59 59 59 60 61 62 61 65 62 61 62 63 61 60 61
 64 66 68 68 69 71 72 71 66 67 66 65 68 68 68 73 76 72 70 73 79 81 78 74
 77 80 80 81 80 80 81 29]","[29 27 83 83 82 81 85 83 85 87 87 85 83 83 84 85 87 88 89 88 86 85 86 87
 87 86 85 85 86 87 87 88 88 89 87 87 88 88 87 88 87 87 90 90 89 88 84 83
 86 84 85 84 85 88 86 87 87 86 84 84 84 85 85 86 84 87 84 83 87 85 80 81
 81 81 81 80 78 76 75 74 75 77 79 77 73 73 69 60 56 50 47 46 46 46 46 51
 59 67 73 73 74 72 70 68 63 62 60 57 50 42 38 39 37 47 55 68 75 67 60 61
 59 61 60 59 58 55 52 52 53 55 55 53 51 50 49 49 49 51 51 49 49 52 52 49
 52 53 57 60 60 62 63 61 62 60 57 58 61 64 63 59 63 64 64 64 62 60 62 65
 65 65 64 65 68 72 70 67 67 69 67 67 72 72 70 73 75 73 72 74 78 79 78 76
 77 80 80 81 79 79 80 29]","[30 28 85 85 84 84 86 84 84 86 88 86 84 84 86 88 90 90 90 89 89 88 88 88
 86 87 86 85 84 85 87 89 90 89 87 87 89 89 87 87 87 87 91 91 91 89 84 83
 87 86 88 87 86 87 85 86 89 88 86 85 84 84 86 88 89 91 86 84 86 83 79 81
 80 80 80 80 79 77 74 72 72 77 82 80 75 74 71 62 57 49 47 47 49 50 49 51
 56 66 73 75 75 73 70 67 66 65 61 54 47 41 38 38 38 46 51 63 73 67 61 60
 63 64 62 60 59 57 55 55 55 55 53 50 48 50 52 52 56 55 52 51 53 56 57 56
 58 57 58 59 60 62 63 60 60 59 57 58 61 64 63 60 64 66 67 65 62 61 63 66
 66 65 64 64 67 70 69 66 70 71 67 66 73 74 72 74 75 74 74 75 78 79 78 76
 79 81 81 81 80 80 81 29]","[29 29 85 86 86 84 83 80 82 86 89 90 88 87 87 88 90 90 89 88 88 88 87 87
 89 90 89 86 83 84 87 90 91 90 86 85 88 89 88 89 87 87 91 92 93 92 87 86
 87 88 90 87 85 87 87 90 89 88 87 86 84 84 86 89 91 91 87 83 83 81 79 81
 80 81 82 81 81 80 77 75 76 78 83 81 76 75 72 64 58 49 48 48 49 50 49 50
 58 67 73 74 75 74 71 70 67 64 58 50 44 41 40 39 42 47 50 61 71 68 65 63
 64 65 63 61 59 57 56 58 59 55 52 49 46 49 52 52 56 55 54 53 52 53 56 59
 58 56 55 56 58 61 62 60 57 60 62 62 62 63 65 65 65 66 65 64 63 64 66 66
 65 66 68 68 68 68 70 71 73 71 66 64 70 73 73 74 77 75 74 75 79 81 79 76
 80 82 81 82 81 81 81 29]","[29 29 84 84 87 84 82 79 81 84 88 91 90 88 87 87 89 88 87 86 85 85 85 85
 89 90 90 87 85 86 89 91 92 91 87 86 88 89 89 90 89 88 91 93 94 93 89 88
 87 87 89 86 86 90 91 94 89 88 87 86 85 84 87 89 89 87 85 83 83 83 81 81
 82 84 85 83 81 81 80 79 80 79 82 82 79 78 74 67 58 51 51 48 43 41 40 41
 54 63 69 71 72 72 71 71 68 62 54 48 44 42 42 42 46 50 55 66 73 71 69 66
 64 65 63 61 60 57 58 61 62 56 53 51 49 51 54 52 52 52 53 51 50 50 54 57
 57 55 55 55 56 59 61 60 57 61 65 65 64 65 65 65 65 65 63 62 63 67 69 69
 65 67 70 72 70 69 71 75 74 72 68 66 69 73 75 75 76 75 74 75 79 82 80 78
 81 82 81 81 81 81 81 29]","[29 30 82 83 88 86 83 82 81 83 87 89 89 87 86 86 88 87 86 84 83 83 84 84
 87 88 89 87 86 88 90 91 90 91 89 87 88 88 88 89 93 90 92 93 94 93 89 88
 88 88 90 87 88 94 94 95 89 88 87 87 86 86 87 88 88 84 83 84 85 86 85 81
 83 86 86 83 80 79 80 81 81 78 80 82 81 80 76 68 55 52 55 52 44 40 39 41
 50 60 68 70 73 74 74 74 69 60 51 48 46 43 43 45 46 51 60 72 75 72 70 65
 68 68 66 64 61 58 58 62 64 58 56 55 54 56 57 55 50 52 52 52 52 53 55 56
 60 58 58 57 55 57 59 58 59 61 63 64 65 65 63 60 65 66 65 62 62 66 69 70
 67 67 69 73 73 71 72 76 75 74 73 71 71 75 77 76 73 75 76 76 77 80 81 80
 81 82 81 81 81 82 82 29]","[29 29 86 87 89 89 85 83 84 82 82 83 86 88 90 91 90 86 89 91 85 86 90 87
 87 87 89 90 89 89 91 90 92 90 89 88 88 88 88 88 89 89 90 91 91 91 90 89
 87 89 92 91 91 94 95 92 91 89 90 91 90 89 88 87 88 83 80 83 87 87 84 85
 83 83 82 80 80 81 82 81 80 81 80 81 80 77 74 67 55 53 54 54 45 40 42 43
 51 57 67 72 73 75 75 73 64 61 55 51 48 47 45 44 46 49 62 73 77 74 67 66
 68 70 70 65 61 61 63 64 65 63 59 57 57 57 58 58 52 52 52 53 55 56 57 58
 62 64 62 56 54 56 58 57 58 61 61 62 66 67 64 61 64 64 65 66 66 67 70 70
 69 71 75 74 69 70 74 74 74 72 71 71 72 73 77 80 81 77 75 75 74 75 79 82
 80 81 82 83 81 82 82 29]","[29 29 86 86 88 88 86 85 86 84 82 82 83 86 89 92 91 87 91 95 91 89 91 92
 91 89 88 87 85 87 90 91 89 88 87 89 90 90 89 88 90 88 87 89 91 93 91 89
 91 90 89 88 88 93 95 92 93 89 87 89 91 93 92 89 88 84 80 82 86 85 82 83
 84 84 83 81 81 82 82 81 82 82 80 81 79 76 73 66 54 53 51 49 43 40 43 45
 51 57 66 73 75 76 76 73 67 62 55 51 48 47 46 45 43 48 62 74 77 72 64 65
 66 69 71 69 66 65 65 66 65 63 60 58 57 58 58 58 56 55 54 55 56 57 58 59
 62 63 62 59 57 58 61 62 61 61 62 65 68 67 65 65 63 65 68 71 70 70 71 71
 70 71 72 71 70 71 73 72 71 68 67 68 71 73 76 79 78 75 74 75 73 74 77 80
 82 82 81 82 80 82 83 29]","[30 29 85 85 87 87 86 86 88 87 85 83 82 85 89 92 90 88 89 93 92 89 90 94
 93 89 86 84 83 85 89 89 84 83 83 86 89 89 88 88 88 88 88 89 90 91 92 93
 93 90 88 87 89 94 96 93 91 89 89 89 90 92 94 93 93 90 87 88 91 89 86 87
 87 87 86 84 83 83 83 83 85 85 82 81 79 77 76 70 57 56 53 50 47 45 46 49
 48 54 64 72 75 77 76 73 68 61 53 49 47 47 47 46 45 50 65 78 80 71 63 64
 65 68 70 70 67 65 65 67 66 64 62 61 60 60 60 59 59 57 56 56 57 58 59 61
 62 61 61 60 59 60 63 67 62 60 60 65 68 66 65 68 65 67 70 72 71 70 70 70
 71 70 69 69 72 74 73 72 73 70 68 69 72 74 75 76 73 72 73 75 75 75 78 80
 82 81 80 81 81 83 83 29]","[30 30 87 86 87 87 86 87 88 88 87 86 86 87 89 90 90 89 87 88 90 89 89 94
 94 90 89 88 88 89 89 88 83 82 83 86 88 88 89 90 89 89 90 90 90 90 92 94
 89 87 87 88 89 92 94 92 89 89 90 89 88 90 92 91 92 92 92 93 94 92 89 90
 91 91 91 88 85 84 84 85 86 86 83 81 78 76 77 73 58 57 54 49 48 47 45 48
 48 53 63 72 75 76 75 72 65 58 51 46 45 45 47 48 51 53 67 80 82 72 63 64
 67 67 67 67 65 62 64 67 67 66 64 64 64 64 62 61 59 58 57 56 56 57 60 63
 62 61 60 60 60 63 66 69 63 61 60 64 68 67 66 69 70 68 69 70 68 68 69 70
 70 71 69 70 75 76 73 73 75 73 71 72 75 76 75 74 72 72 75 77 76 76 79 81
 80 80 80 83 83 85 84 29]","[30 30 88 87 88 88 88 88 88 88 88 87 88 89 89 88 90 91 87 86 92 94 93 96
 93 91 92 94 94 94 93 90 86 86 88 90 91 89 89 91 94 92 90 91 93 95 94 92
 90 90 92 93 91 92 94 94 94 91 89 86 86 90 90 86 89 92 93 94 94 91 90 93
 94 95 94 92 87 84 85 87 87 88 87 86 81 79 81 78 62 59 55 48 48 47 42 46
 51 55 64 72 74 75 74 71 63 58 52 48 45 45 47 50 53 54 66 77 81 75 66 66
 69 67 66 66 63 61 63 67 68 66 65 65 65 64 62 60 57 58 58 57 56 57 61 65
 63 63 61 60 63 68 71 71 69 67 65 66 70 70 69 69 72 68 67 68 67 68 70 70
 69 72 72 73 76 75 73 75 72 72 73 75 77 77 76 73 75 75 76 77 75 76 78 79
 81 80 80 83 84 86 85 29]","[28 29 87 88 89 89 88 89 89 88 86 85 87 90 90 89 86 88 86 86 93 96 95 95
 92 91 92 94 94 94 94 91 88 89 91 94 93 89 88 89 96 95 94 94 94 95 94 94
 95 94 96 96 93 92 95 97 96 95 91 86 83 87 89 86 87 91 93 92 91 90 91 95
 94 94 95 92 88 85 86 88 87 90 90 89 85 82 83 79 70 62 57 50 48 47 43 47
 53 55 62 70 74 75 73 69 65 61 55 51 47 45 48 52 53 56 67 76 80 78 72 70
 69 67 66 66 65 63 64 66 67 66 64 64 63 62 60 58 57 58 59 59 57 58 61 66
 65 65 63 62 66 71 74 73 72 72 69 67 69 71 69 68 70 66 65 67 68 69 71 71
 71 73 74 74 75 74 73 75 73 74 76 77 79 79 77 74 75 75 76 75 74 76 79 80
 82 80 79 81 82 84 84 29]","[28 28 87 88 90 90 89 89 89 88 86 84 86 89 90 89 87 87 86 87 92 94 93 93
 93 91 92 92 92 93 94 93 91 90 91 94 94 90 88 89 95 96 97 96 93 92 94 96
 96 94 94 95 92 90 92 95 95 96 94 88 83 86 89 86 84 88 91 91 90 88 89 92
 92 91 91 91 89 87 87 89 88 88 87 86 83 82 84 80 75 62 59 53 48 47 43 47
 51 51 58 68 75 78 75 71 67 61 55 51 47 45 47 50 53 61 72 77 79 81 76 73
 70 68 66 66 66 65 64 65 65 65 65 63 61 60 59 59 59 60 60 60 59 59 62 65
 64 63 63 64 66 69 71 71 72 74 72 69 68 69 68 69 71 66 66 69 70 70 72 73
 75 73 73 74 73 73 76 77 77 78 78 78 80 80 78 75 77 76 76 76 75 78 82 82
 82 81 79 82 82 84 84 28]","[29 30 89 89 92 92 90 90 89 89 87 84 86 89 90 89 93 90 88 90 91 92 93 95
 95 94 94 94 93 94 95 95 94 91 90 93 94 92 91 93 94 95 95 94 92 92 94 95
 98 95 95 96 95 93 94 94 94 95 93 89 87 90 89 83 84 89 93 94 94 91 89 91
 89 88 87 88 89 88 88 89 94 92 87 85 84 86 90 87 78 64 63 58 52 50 45 48
 48 47 54 67 78 82 80 74 66 60 53 49 46 44 45 48 53 64 77 78 77 79 75 72
 72 70 68 67 67 66 66 65 63 65 66 64 61 59 60 62 62 62 63 63 62 62 63 65
 62 60 62 64 65 64 65 68 71 74 73 71 69 68 69 72 75 70 70 72 71 71 73 75
 78 72 71 73 72 75 79 79 78 77 76 76 79 80 79 76 82 80 79 78 77 79 82 82
 82 82 82 85 86 87 85 29]","[29 29 90 92 91 91 93 94 93 90 88 87 86 88 90 90 93 92 90 90 91 92 94 95
 92 93 92 92 93 94 94 96 96 94 93 94 95 94 91 89 93 93 93 94 93 91 91 92
 88 91 91 96 97 94 96 95 95 95 93 89 88 90 91 90 90 90 92 95 94 91 89 89
 91 90 89 89 89 88 90 91 93 90 89 90 89 88 91 86 81 72 64 60 54 49 47 47
 45 42 41 53 75 85 79 72 66 53 52 50 42 41 44 45 53 67 79 82 76 76 73 73
 75 75 73 71 69 67 65 64 64 63 63 65 65 62 61 64 62 65 66 64 63 64 65 64
 63 65 66 65 63 64 67 71 72 72 72 70 69 70 73 76 75 72 70 70 72 74 75 76
 76 76 75 73 74 76 77 76 77 76 76 78 80 81 80 78 81 81 79 77 77 79 82 83
 82 84 82 82 88 88 88 29]","[30 28 88 91 93 94 95 93 94 93 93 91 88 88 90 90 91 91 90 90 91 93 95 96
 94 93 91 90 93 94 94 95 97 97 95 93 93 93 91 88 94 94 95 95 92 88 87 90
 93 94 93 96 97 97 98 96 93 95 95 94 94 95 95 95 92 92 94 96 95 93 91 90
 90 91 92 93 92 90 89 89 91 89 89 91 90 89 88 84 82 70 61 57 53 49 46 42
 45 40 38 52 73 82 75 69 61 49 48 47 40 40 41 40 51 67 78 80 74 75 74 74
 76 77 77 74 70 67 64 62 62 63 63 64 65 64 63 62 62 65 65 63 63 64 65 65
 64 65 66 66 65 66 70 73 72 72 71 70 69 70 72 74 75 73 72 72 74 75 76 76
 76 76 76 75 76 76 76 76 77 78 79 79 81 81 79 77 77 78 78 76 77 80 82 83
 83 84 82 83 88 88 89 29]","[30 28 88 91 92 93 93 91 92 93 95 94 90 88 90 91 91 92 91 89 90 93 95 95
 95 93 89 89 93 95 95 95 93 95 95 93 93 95 95 92 94 91 91 94 95 94 93 94
 90 89 89 88 90 96 96 96 92 94 95 96 96 95 96 98 96 95 96 97 96 94 93 92
 91 91 92 93 92 90 88 88 91 91 93 92 91 89 84 82 79 72 63 54 49 47 44 37
 37 33 31 42 62 73 68 60 50 41 41 41 38 38 38 38 54 71 80 79 72 74 73 73
 75 78 80 77 73 71 68 65 63 64 65 64 65 66 65 62 62 64 64 62 61 62 64 65
 65 66 66 66 66 67 69 71 72 70 69 69 71 72 73 73 75 75 75 74 74 75 75 74
 75 76 76 77 77 77 76 77 77 79 81 80 80 80 78 75 76 79 79 78 80 84 85 83
 83 84 83 84 87 88 89 29]","[29 28 90 92 90 90 91 90 89 90 94 94 92 92 94 94 93 94 94 91 91 94 96 94
 94 93 89 89 93 95 95 95 89 92 94 95 95 97 97 96 98 96 94 94 96 97 97 95
 90 89 91 86 89 97 97 98 95 95 95 96 94 93 95 99 99 97 96 97 96 95 94 94
 93 92 91 90 89 89 90 91 92 93 95 92 90 88 82 81 80 68 56 50 47 44 39 34
 31 33 31 34 49 64 62 51 38 33 34 34 35 36 36 39 57 76 81 78 72 73 72 71
 72 77 79 77 74 74 73 71 67 68 67 67 66 66 65 64 63 64 64 62 61 62 64 65
 65 65 65 65 65 66 68 69 70 69 68 69 72 74 74 73 75 76 77 75 73 74 74 74
 76 78 78 77 77 78 78 77 76 80 82 80 79 79 77 75 78 80 80 80 83 87 86 82
 82 85 86 86 86 86 88 29]","[ 29  29  91  93  92  91  92  92  91  90  92  94  94  96  97  96  93  95
  94  92  92  96  97  96  95  94  92  91  94  95  94  94  92  93  95  97
  97  95  95  96  97 100 101  97  95  96  96  95  91  92  96  92  92  98
  96  97  98  97  97  97  95  94  97 103 100  97  95  96  96  95  95  95
  96  95  94  93  92  91  93  94  91  94  95  91  87  87  84  80  78  55
  39  43  47  43  37  34  31  33  32  30  37  48  50  42  32  30  31  31
  32  33  35  41  57  77  80  77  74  75  75  73  72  75  76  75  73  74
  75  74  70  70  71  71  69  65  64  65  65  65  65  64  63  64  66  67
  64  65  66  66  67  68  70  71  70  69  68  69  72  74  74  73  73  76
  77  76  73  73  74  75  79  81  80  76  76  80  80  76  76  79  81  80
  79  79  79  77  78  79  78  79  84  87  85  80  83  86  89  88  87  86
  89  29]","[ 29  28  90  94  95  95  95  93  95  93  93  94  95  97  97  96  92  92
  92  91  92  96  97  96  97  97  95  95  96  96  95  95  97  95  95  96
  96  93  93  95  95  99 101  99  97  98  95  90  86  91  96  95  95  97
  95  93  96  96  98  99  97  96  99 104 100  97  95  96  97  96  95  95
  96  96  98  99  98  96  94  94  93  96  96  93  89  90  89  77  62  47
  35  34  39  44  44  41  30  28  28  28  28  32  36  35  32  31  30  29
  31  30  32  44  61  81  81  79  78  79  78  76  75  76  76  75  74  74
  73  73  70  70  73  75  72  66  64  65  66  65  65  64  65  65  67  67
  68  69  70  70  69  69  71  72  72  71  70  71  73  74  74  73  72  74
  76  77  75  74  76  78  79  81  79  75  75  79  78  74  75  77  79  79
  79  79  79  79  78  78  79  81  85  87  85  82  85  87  90  90  88  87
  90  29]","[ 29  28  91  94  95  95  95  93  96  94  94  94  94  96  98  97  93  92
  91  91  92  95  95  94  96  96  95  95  97  97  96  97  98  96  95  96
  95  93  92  93  97  96  96  98  99  98  92  86  89  94  96  97  97  97
  97  93  94  96  98  99  97  96  97 100  98  96  96  98  99  98  96  95
  93  95  98 100 100  98  96  95  96 100  97  96  91  92  91  68  45  43
  38  31  31  43  51  50  35  30  29  29  26  26  29  30  29  29  27  27
  30  29  32  47  67  86  83  82  82  82  80  78  77  77  77  78  78  75
  72  70  70  71  73  74  73  70  68  69  68  66  64  64  65  65  66  66
  69  71  72  72  70  69  71  73  73  73  73  73  73  74  74  75  73  73
  74  78  78  76  76  77  77  78  78  77  76  76  77  76  75  75  76  79
  80  79  79  80  80  80  81  84  86  87  86  86  88  87  89  90  88  89
  92  29]","[ 29  30  94  96  93  92  93  94  94  93  94  95  94  96  99 100  97  94
  93  93  94  95  94  94  93  93  92  92  96  97  96  96  97  97  97  96
  95  94  91  89  90  89  90  95  98  96  94  94  96 100  96  97  96  95
  97  92  97  99 100  99  96  95  95  97  98  96  96  99 101 100  97  95
  93  94  96  99  99  99  99  99  97 100  95  96  90  89  88  56  41  37
  34  32  32  38  49  56  39  34  32  28  23  24  25  21  25  24  23  25
  31  30  33  51  70  87  82  83  84  84  82  80  76  75  77  80  80  76
  71  69  72  73  73  71  71  73  73  73  71  68  65  65  65  65  65  65
  65  68  71  71  70  70  73  76  74  74  74  74  74  74  75  77  75  72
  73  78  80  77  75  75  75  76  78  80  79  76  77  80  76  75  76  80
  81  80  80  81  80  80  83  85  86  85  85  87  89  86  86  88  88  90
  93  29]","[ 29  31  97  95  95  92  90  89  94  96  97  95  94  95  97  98  97  96
  94  93  93  95  96  96  95  93  93  96  97  96  96  98  96  96  97  97
  95  93  92  93  95  93  94  96  99 101 103 104 109 107 108 103  97  98
  98  96  97  98  99  99  98  98  99 100  99  97  98  95  97 100  97  96
  94  93  93  96 102 102 101 101  99 101 100  96  94  86  76  53  47  42
  39  38  37  36  41  47  47  38  29  25  24  22  21  22  24  24  24  27
  28  28  37  50  73  88  86  86  88  82  81  80  81  79  80  81  80  75
  71  70  70  70  70  71  72  73  71  69  67  64  61  61  63  65  64  63
  64  67  70  67  67  71  73  74  74  73  74  75  74  72  73  74  75  75
  74  77  79  75  72  73  74  76  80  82  79  79  81  81  77  76  77  80
  81  80  80  82  80  79  80  81  85  84  83  90  90  88  89  90  93  95
  87  30]","[ 28  28  94  92  94  92  91  90  95  94  92  92  94  97  96  95  96  96
  96  95  94  94  95  96  97  95  94  96  97  97  97  98  96  95  96  96
  96  93  91  91  95  95  96  99 100 101 102 104  97  95  98  97  94  97
  99  99  95  96  97  98  98  99 100 102 101  98  97  93  96 101  98  95
  95  97  98 100 102 101 100 102 104 100  99 100  96  81  72  57  52  48
  44  42  39  37  41  46  51  44  36  29  24  21  21  24  24  23  25  30
  34  35  41  50  66  85  89  90  88  81  81  82  83  81  81  81  79  75
  74  75  70  69  69  72  73  73  71  71  69  66  64  63  65  66  66  65
  65  65  69  69  71  73  72  73  72  73  75  77  75  73  73  75  74  74
  74  77  79  75  70  69  73  75  79  81  80  80  81  80  79  79  80  81
  82  81  81  82  82  80  83  87  88  85  81  85  85  94  94  93  97  90
  96  29]","[ 30  29  91  89  93  94  95  95  95  93  91  92  94  96  95  92  94  94
  95  95  94  93  96  99  98  96  95  97  97  97  96  96  94  94  95  96
  97  96  94  93  95  96  99 101 101  99  99 101  99  96 100 100  99  99
  99 101  97  97  97  97  97  97  98  99 105 101  97  93  96 102  98  94
  96 100 102 103 102 100 100 103 106 100  98  99  93  77  68  60  54  51
  48  45  41  38  40  43  52  47  39  30  23  20  21  23  24  25  28  33
  38  39  44  52  66  84  87  88  88  84  84  83  84  83  83  82  79  76
  76  78  73  70  70  74  76  74  73  74  73  71  69  68  68  70  70  70
  71  67  69  72  74  75  71  72  73  74  77  79  77  73  73  76  76  76
  76  78  81  77  72  71  74  75  78  81  81  81  80  79  80  81  81  82
  82  82  82  81  82  80  83  83  84  87  87  87  89  94  98  92  84  93
 134  28]","[ 29  27  90  89  94  95  95  93  93  94  95  95  94  94  93  93  94  94
  94  94  94  95  97 100  97  96  97  97  97  95  94  94  95  95  95  96
  97  97  96  96  96  97 100 101 100  97  96  97  93  91  94  97  97  96
  94  96  97  97  97  97  97  96  96  96 102 101  98  95  98 104 103  98
  96 100 103 103 102 100 100 103 105 102 100  96  89  77  67  58  52  50
  47  46  43  41  41  42  47  44  37  29  23  22  22  22  26  29  32  35
  37  40  47  56  66  80  83  85  89  88  87  84  85  85  86  85  83  80
  79  79  77  75  74  76  77  75  74  75  75  74  73  72  72  73  74  74
  74  66  66  70  75  77  75  77  75  77  78  78  76  74  74  75  78  78
  77  78  80  79  77  77  77  76  79  82  82  81  80  79  79  81  82  81
  81  82  82  80  81  81  88  87  82  84  87  88  94  95  94  92 102 140
 181  27]","[ 28  27  93  94  99  98  93  88  90  93  96  97  95  93  93  94  96  94
  93  95  96  96  96  97  97  97  97  96  94  94  94  96  98  97  97  96
  96  97  97  97  97  97  98 100 100  97  96  95  94  92  96  99 100  98
  94  96  95  95  96  97  97  98  97  97  99 101 100  97  97 100 101  98
  97 100 100 100 102 101 100 101 102 102 100  96  89  78  63  54  48  46
  45  44  44  44  42  40  39  40  38  31  24  23  25  26  30  33  36  37
  40  44  51  59  57  70  78  83  88  89  88  86  86  86  86  85  84  83
  81  79  77  77  76  76  75  74  74  73  75  75  74  73  73  73  74  74
  76  68  66  69  73  75  74  77  77  79  79  75  74  76  76  73  77  79
  79  78  78  78  78  80  77  76  79  82  80  79  80  80  79  81  82  81
  81  83  83  81  82  80  88  89  83  82  87  93  87  93  93 120 165 185
 184  31]","[ 31  29  93  93  99  98  93  88  88  90  94  96  96  94  93  94  92  90
  92  96  98  97  95  94  97  97  95  94  92  93  96  99  97  98  97  97
  97  99 100 101  97  96  96  99 100  99  97  96  98  97  99 100 101  97
  91  93  96  96  96  97  98  98  98  97  97 101 100  99  98  97  99  98
  98  99  99  99 101 102 100  99  98  97  97  96  87  73  53  46  40  40
  39  39  41  41  39  36  33  38  39  33  24  22  27  32  34  37  38  40
  46  51  54  57  53  59  65  72  80  85  86  86  85  84  82  81  82  84
  82  80  76  76  76  75  74  73  72  71  74  75  75  74  73  72  72  72
  76  70  70  71  74  76  75  77  79  81  80  76  76  79  79  76  77  81
  83  81  81  80  80  81  77  75  77  80  79  78  80  81  80  83  83  83
  83  86  86  84  83  83  87  87  88  91  89  87  85 101 137 177 186 185
 182  28]","[ 31  27  89  88  93  94  91  87  87  89  93  96  96  95  95  96  90  90
  92  96  97  94  94  95  97  96  95  94  94  95  97  98  96  97  97  97
  99 101 102 101  97  96  96  99 100  99  97  97  98  99 101 102 103 101
  96  99 100  98  97  97  97  98  97  96  94  98  98 101 101 100 103 102
  98 100 100 100 102 102 100 100  97  96  95  93  83  68  45  40  33  35
  36  36  37  37  35  32  32  36  36  31  24  22  27  33  36  39  39  40
  46  51  52  51  54  53  55  60  67  74  78  81  82  82  80  79  81  84
  84  82  78  78  78  78  76  74  73  73  75  76  77  76  75  73  71  70
  70  69  72  72  76  81  81  82  80  81  80  79  79  79  80  79  79  84
  85  83  83  83  82  82  78  75  76  79  80  79  80  81  82  83  84  84
  85  87  87  87  84  87  91  92  94  95  89  88 110 158 183 185 184 181
 178  31]","[ 29  27  91  92  97  96  91  86  86  90  96  98  96  94  96  99  95  95
  96  97  95  91  92  96  97  97  97  97  98  98  97  96  97  98  97  98
  99 101  99  96  97  96  97  99  99  98  97  96  98 100 101 101 103 101
  97 100 101  99  97  97  97  98  98  98 101 102 101 104 103 100 101 100
  97 101 102 101 102 102 101 101 100 101  98  92  79  67  44  39  31  34
  36  36  36  37  35  33  35  34  32  28  25  24  28  32  36  40  41  39
  42  45  46  47  52  52  56  58  59  62  67  76  80  81  81  80  83  87
  88  85  82  80  81  82  80  75  74  76  76  77  78  78  76  73  70  68
  72  74  76  73  74  79  80  80  80  79  80  81  80  78  78  80  79  84
  84  81  81  82  82  81  81  77  77  81  82  81  81  81  82  83  83  84
  85  86  87  87  88  84  88  93  90  85  98 126 168 182 179 177 182 181
 181  28]","[ 29  28  89  95  97  96  95  91  88  90  93  97  97  95  95  97  97  98
  99  98  94  95  96  96  99  98  97  97  98  98  97  96  96  97  97  98
 101 101  98  97  96  97  99 101 102 103 102 100 101 101 101 101 101  99
  98  97  99 100  99  98  98 100 101 102 103 103 103 103 103 101  99  97
 101 102 104 100 102 102 106 100  99  96  88  80  65  58  49  45  33  28
  30  36  37  36  36  34  37  34  32  33  32  29  30  32  36  40  42  41
  40  40  43  48  51  52  51  53  59  56  56  64  66  72  80  85  86  87
  88  86  82  82  81  80  80  79  79  79  75  75  74  76  78  75  72  72
  75  72  72  74  76  75  76  77  78  78  81  82  80  77  78  81  79  78
  79  82  85  84  82  80  80  78  79  82  82  80  81  84  84  82  84  85
  83  86  88  87  86  87  91  88  82 101 154 180 184 180 178 179 179 180
 181  28]","[ 29  29  90  96  97  96  96  93  88  90  93  95  95  95  96  98 100  99
  99  99  97  97  98  99  97  97  97  97  97  97  96  96  93  94  95  97
 101 101  98  97  98  98  99  99 101 103 102 101 101  99  98  98  99 100
 101 103 102 102 102 100  99  99 101 103 102 102 101 101  99  98  97  98
  99 101 104 101 104 103 105 100  93  87  75  67  54  50  45  42  39  32
  29  31  34  39  42  41  38  33  31  33  33  32  31  33  37  41  41  40
  39  39  42  47  51  51  48  48  53  52  51  57  57  61  69  78  83  86
  87  85  85  83  82  82  81  78  76  76  76  76  75  75  75  73  73  75
  74  71  69  70  72  73  75  77  81  80  81  81  78  76  79  82  81  79
  77  79  82  83  82  81  82  83  83  82  81  83  85  87  88  89  83  80
  86  87  86  89  84  84  84  88 114 164 176 184 182 180 179 181 180 180
 181  28]","[ 29  30  93  97  97  97  97  95  92  94  95  95  95  96  99 100 100  98
  98  99  97  97 100 101  97  97  97  98  98  97  97  96  95  96  96  98
 101 100  97  97 101  99  98  98 100 102 103 102 102  99  97  97  97  98
  99 101 101 101 101  99  97  96  99 101 101 100 100 101 100  98  98 100
  98 100 104 103 106 105 103  97  87  78  65  57  48  47  44  43  42  37
  32  32  35  42  45  43  39  34  32  34  35  34  33  35  38  39  38  37
  37  38  40  45  49  49  46  44  48  49  50  53  50  52  61  73  81  85
  87  87  87  83  82  84  83  78  75  76  77  77  76  76  76  74  74  76
  74  71  68  68  71  73  76  79  82  81  80  79  77  77  80  84  84  80
  77  79  82  83  83  82  84  87  86  81  79  83  87  88  89  87  87  90
  91  92  92  92  82  78 109 139 168 184 177 181 180 180 181 183 181 181
 181  29]","[ 29  30  95  97  96  97  97  98  95  97  98  97  96  98 101 102  97  96
  97  96  94  96  99 100  98  98  98  99 100 100  99  97  97  98  98  99
 101 100  98  97 101  99  98  99 101 103 103 102 103 101  99  99  98  96
  95  96  98  98  97  96  95  96  98 100  99  98 100 103 104 101 100 101
 101 102 103 103 106 105  97  90  81  71  61  55  51  49  48  46  43  40
  35  33  34  38  40  39  37  34  33  34  33  32  32  34  35  35  33  33
  34  35  38  42  48  50  49  47  49  50  50  51  48  50  59  70  77  82
  87  90  87  84  82  83  83  81  79  79  79  78  76  78  80  78  75  75
  75  72  69  70  72  75  78  80  81  79  77  77  78  79  81  83  83  81
  81  81  83  83  83  83  87  89  87  81  79  83  87  87  88  88  90  89
  89  97  97  86  84 113 158 183 188 176 178 178 179 180 182 184 183 183
 183  29]","[ 29  30  96  97  96  98  97  99  94  97  98  96  96  98 100 100  96  97
  98  96  93  96  99  98 100  98  97  99 101 102 101  98  96  97  97  98
 100 100 100 101 101  99  99 101 104 104 103 102 104 103 103 103 102  98
  97  99  99  97  96  97  98  99 100 101  98  97  98 102 104 103 101 101
 104 103 102 101 104 103  89  82  72  64  57  53  51  50  50  47  45  42
  35  29  26  26  30  34  34  33  33  33  30  27  28  31  31  30  29  29
  32  33  35  39  47  52  53  51  49  49  48  47  46  46  52  63  74  84
  90  92  89  88  85  83  82  82  82  80  82  81  79  79  80  78  75  75
  77  75  72  72  73  75  77  78  79  78  77  78  80  81  81  81  81  82
  82  83  82  81  83  85  90  89  87  83  82  84  87  88  92  92  89  92
  95  90  90 100 125 170 181 183 179 180 182 180 178 179 180 183 183 184
 183  28]","[ 29  30  97  97  96  98  97  98  94  95  96  95  96  97  98  99  98 100
 101  99  96  96  98  97  99  97  96  98 101 102 101  99  97  98  98  98
 100 101 101 103 101 100 101 104 106 105 103 102 105 104 104 105 102  99
  99 103 101  98  96  98 101 103 102 102 101  99  98 100 102 102 102 101
 102 101 100 101 104 103  84  78  64  59  55  49  48  48  51  48  46  45
  39  30  25  21  23  27  31  31  31  31  28  25  26  28  26  25  25  28
  31  32  33  37  43  49  53  51  48  48  47  45  43  43  46  56  72  89
  98  96  93  92  89  84  81  81  81  80  83  82  80  77  76  74  74  77
  79  78  77  75  75  75  76  77  79  79  80  81  82  83  81  80  80  81
  81  81  80  80  83  87  89  88  86  86  85  85  87  89  94  91  92  92
  85  84 111 147 175 185 181 177 178 179 179 178 180 180 181 183 185 186
 184  29]","[ 29  29  98  97  96  99  96  97  97  96  95  95  96  96  97  98 101  99
 100 102 100  97  96  95  97  96  95  96  99 101 101 100 100 102 101 100
 101 101 101 103 102 101 101 103 105 103 102 102 102 102 103 103 100  96
  98 102 101  98  96  99 103 103 102 102 104 103 101 100 101 103 103 102
 101 101 101 101 102  97  74  67  59  56  55  47  46  47  52  51  48  50
  45  36  32  28  23  23  25  24  24  25  25  23  22  21  19  19  21  26
  31  31  33  38  41  45  50  49  47  47  47  45  42  44  46  53  69  92
 103 100  95  95  93  89  84  83  83  83  84  82  77  75  75  74  75  79
  81  80  79  77  76  76  78  79  80  82  83  83  82  82  81  81  82  81
  80  80  81  83  85  87  87  87  88  87  86  86  88  89  90  93  91  80
  83 119 162 181 181 176 181 178 181 178 182 177 182 182 183 186 187 188
 185  29]","[ 29  29  98  97  96 100  96  96 101  98  95  95  95  95  96  98 101  96
  97 103 102  96  93  94  95  95  95  96  98  99 100 101 100 102 102 101
 102 101 102 104 103 101 100 102 102 101 101 102  97  98 100 102  99  95
  97 102 101  98  97 101 104 104 103 103 105 106 104 101 101 104 104 103
 104 105 104 102  97  87  59  52  56  55  55  46  44  46  53  52  51  55
  49  39  36  34  28  23  19  16  15  17  19  19  16  13  13  15  19  25
  30  31  34  39  44  46  49  48  46  46  46  44  40  46  50  52  65  88
 102 100  97  97  97  94  90  87  88  90  87  81  75  74  79  80  79  80
  80  80  80  77  76  77  79  81  80  83  85  83  81  80  82  83  84  81
  80  82  85  87  87  87  86  88  90  88  87  87  88  89  93  91  82  89
 129 173 187 180 178 182 176 179 179 179 181 185 182 184 185 187 188 188
 186  29]","[ 28  29  97  96  98  99 101 100 103 100  97  96  96  96  96  98  98  96
  94  96  98  97  96  96  97  95  94  95  97  99  99 100 101  99  98  98
  99  99  98  98  99 100 101 101 102 102 102 102 101  99 101 105 102  95
  93  97 102 101 101 103 104 104 103 103 105 105 105 103 102 102 103 103
 102 105 102 104  95  76  45  45  53  57  54  48  44  41  45  54  53  56
  52  43  37  36  33  27  18  16  15  16  17  16  14  12  12  13  17  24
  30  36  42  45  48  53  51  47  48  49  47  48  47  44  54  56  74  96
 103 101  99  99  99  96  91  90  90  89  86  83  81  83  84  80  78  81
  82  82  79  76  76  80  81  80  81  82  83  82  81  81  82  82  83  85
  84  81  82  86  89  89  88  88  90  91  87  90  95  92  88  93 109 154
 180 184 182 180 180 181 181 181 180 181 182 184 186 184 185 187 186 187
 186  29]","[ 29  28  94  95  97  97  99 101  99  97  95  95  95  95  96  97  97  96
  96  98 100 101 102 102  97  96  96  97  97  97  96  96  99  97  97  99
 101 101  99  97  98  98  99  99 101 102 103 102 104 102 103 105 103  99
  97  98 105 104 103 102 102 102 104 105 104 105 105 104 103 103 102 101
 101 104 105 104  96  75  49  50  55  56  53  48  45  40  38  42  50  51
  50  46  41  36  34  32  24  18  14  16  18  17  14  13  12  14  14  23
  37  45  47  50  51  53  54  52  51  48  48  50  50  49  53  52  74  96
 102 103 103 101 100  96  91  90  90  89  86  84  81  82  83  83  82  85
  83  82  81  80  80  81  81  81  81  82  83  83  83  83  83  83  86  88
  87  84  84  88  91  91  91  90  84  84  87  91  91  91  88 123 156 184
 185 179 179 179 182 182 182 182 181 182 183 184 186 185 186 188 187 188
 187  30]","[ 30  27  94  95  95  92  93  95  96  95  95  96  96  96  96  96  97  98
  99 100 101 102 101 100  96  96  97  98  98  97  97  98  99  98  98 100
 103 103 100  97  98  97  97  98 100 102 103 103 103 101 101 101 101 102
 102 102 106 105 104 102 100 101 102 104 101 103 104 104 104 104 102 100
 103 104 107 102  94  72  50  53  57  56  53  50  47  40  32  29  33  43
  49  45  39  37  35  33  31  22  16  17  19  17  15  15  12  15  13  22
  40  47  46  50  52  51  53  55  50  45  46  49  55  55  56  59  85 103
 107 114 111 107 105 103  98  95  94  92  89  90  88  87  87  88  89  88
  84  82  82  84  84  83  83  83  84  84  84  85  85  84  83  82  87  89
  88  86  86  89  92  93  93  89  88  93  86  86  87  91 148 174 188 189
 179 176 181 180 181 181 181 182 182 183 184 185 185 185 187 189 187 188
 187  29]","[ 30  29  96  97  97  92  90  89  94  95  96  97  97  97  96  95  96  98
 100 100 101 101  98  95  94  95  97  98  97  97  99 101 102 101 100 101
 104 104 102  98  99  99  99  99 100 100 102 103 101  99  97  97  98  99
 101 103 103 103 103 102 101 100 101 101  99 101 102 103 105 105 104 102
 105 104 105 102  93  74  52  54  55  55  53  51  46  38  28  23  18  33
  47  48  42  39  37  36  34  27  20  19  20  19  17  16  13  16  18  26
  39  45  47  50  51  48  52  54  48  43  45  47  53  53  59  72  93 105
 109 118 112 108 107 108 104  99  95  92  90  93  93  89  87  88  88  84
  82  82  82  84  84  84  84  84  83  83  83  85  86  86  85  84  86  88
  88  87  87  89  91  92  88  92  89  92  89  90 110 153 179 181 175 174
 175 179 183 180 181 180 181 182 183 185 186 186 185 187 189 189 188 189
 187  28]","[ 28  30  98  98  99  96  94  91  92  93  95  96  97  97  96  95  95  96
  98  98 100 101  99  96  97  97  97  96  95  96  99 102 105 103 101 101
 102 104 103 101 100 101 102 102 100  99 100 101 102  99  97  98  97  95
  97 100 101 102 102 101 101 102 102 101 101 102 103 104 105 106 106 104
 105 104 103 105  96  82  56  52  51  50  48  44  36  29  24  22  14  20
  34  46  46  38  36  41  33  31  27  23  22  22  20  17  15  16  24  35
  41  48  53  52  51  50  52  53  49  47  49  48  53  55  66  80  93 105
 111 115 115 110 109 111 108 104  99  95  93  95  95  91  86  87  87  81
  80  82  82  81  82  83  84  83  82  81  82  84  86  88  89  90  88  90
  90  90  90  92  92  92  94  95  97  99 108 140 166 182 183 182 181 181
 182 179 180 179 181 180 180 182 184 186 187 187 187 188 190 190 189 191
 189  30]","[ 28  29  96  95  97  97  97  94  92  94  95  96  97  97  97  97  97  96
  96  96  98 100 100 100 100  99  98  97  96  98 101 105 105 103 101  99
  99 102 103 103 101 102 103 103 101  98  98 100 101  99 100 103 102  98
  97  99 102 102 102 100 101 103 104 103 106 107 106 105 105 106 106 105
 104 104 103 107  99  88  57  47  49  45  41  35  27  23  23  23  15  14
  20  33  40  40  38  39  33  35  34  29  25  24  22  18  18  16  27  40
  44  52  56  50  51  51  52  51  50  51  52  51  56  63  73  85  94 111
 119 118 119 115 113 114 112 109 105 101  98  97  97  92  87  88  89  84
  83  85  84  81  81  83  85  83  86  85  86  87  88  89  91  93  93  94
  94  94  94  95  94  93  95  96  96 105 143 177 179 176 176 179 182 180
 179 177 181 185 181 181 180 181 183 185 186 186 187 189 190 189 188 192
 190  30]","[ 30  28  94  94  96  96  97  96  95  96  97  97  97  99  99  99  98  97
  96  96  96  96  98 100 101  99  98  97  97  99 103 106 103 103 100  97
  97 100 103 103 101 101 102 103 102 100 100 101 100 100 101 104 104 102
 100 100 103 104 103 101 100 102 104 104 108 108 108 106 105 106 105 104
 103 103 104 105 101  91  61  47  50  44  38  34  28  26  27  25  18  17
  18  23  34  43  43  39  38  41  40  34  28  25  22  18  19  20  30  42
  47  52  53  48  52  53  52  50  50  50  51  53  58  67  74  89 102 117
 121 121 120 117 115 116 116 115 111 105 102  98  97  95  89  88  90  87
  87  87  85  83  82  84  85  86  90  89  89  90  89  89  91  94  97  96
  94  94  94  94  92  91  92  95 130 160 180 181 179 180 179 179 182 178
 179 179 182 182 182 182 181 181 183 185 187 188 189 190 190 188 187 192
 190  29]","[ 30  27  94  96  99  98  99 100  97  99  99  98  97  99 100  99  96  96
  97  98  96  95  97 100 101  99  97  96  97  98 101 103 102 102 101  97
  96  99 102 103 102 100 101 103 104 102 102 103 102 102 102 101 102 103
 101  98 102 105 105 103 101 102 103 103 105 107 107 105 104 104 104 103
 104 103 106 104 104  95  70  55  52  43  39  37  34  33  31  26  18  15
  15  20  29  37  40  41  43  45  44  38  31  24  20  18  18  25  35  45
  51  53  52  52  54  55  53  50  51  49  49  54  62  70  74  96 114 122
 119 123 122 120 120 122 122 122 118 111 108 102 102 101  95  92  93  89
  88  86  85  84  83  83  85  88  88  88  89  90  89  88  91  96  98  95
  92  91  91  91  89  87 104 128 172 178 181 176 178 178 179 177 181 178
 181 180 183 184 184 183 183 183 184 187 189 191 194 195 193 190 189 194
 192  30]","[ 28  30 100 101 104 100 100 102 100 101 102 100  98  98  99 100 102  99
  98  98  97  98 100  99  99  97  97  97  96  98 100 100 102 102  97  94
  98 101 100 101 102 103 104 102 102 103 104 103 101 102 102 101 100  99
  98  98 108 108 107 105 105 106 106 104 106 103 102 102 104 104 105 106
 108 108 106 108 106  99  87  50  43  44  42  36  35  34  29  28  23  21
  18  18  22  29  37  42  43  45  50  43  32  25  16  16  19  29  38  48
  54  54  55  54  56  56  53  51  51  46  48  59  64  74  81  98 112 122
 123 122 123 122 122 122 124 124 121 116 110 110 106 104 105 101  95  93
  91  90  88  87  86  86  87  88  90  87  87  95  92  89  91  96  96 100
  96  92  95  87  89 121 165 177 184 179 173 174 178 180 179 178 179 179
 179 180 183 185 187 186 186 187 187 187 189 192 193 195 194 194 192 193
 191  29]","[ 29  29  96  96  97  96  97  98 100 101 103 104 101  97  97  99 100  98
  98  98  97  98  99  99  95  94  97 100 100 100 100  99  99  99  96  94
  97  99 100 102 104 105 104 101 101 104 105 105 103 103 102 102 102 102
 102 102 109 109 106 103 103 104 105 105 104 104 103 102 103 103 105 106
 109 112 107 104 106 106  95  53  49  46  44  39  40  40  33  30  27  23
  20  19  20  24  32  39  41  46  51  47  38  30  21  17  20  29  38  48
  55  56  56  54  56  53  48  48  52  52  54  60  68  80  89 104 113 120
 122 122 122 122 121 121 123 124 123 120 115 115 112 108 105 102 100 100
  96  93  91  89  88  86  86  86  85  88  90  93  91  94  96  97  98  99
 102  95  86  93 127 168 176 179 181 178 176 177 179 180 181 181 181 181
 181 182 184 187 187 187 187 188 187 187 190 193 192 195 194 194 192 193
 191  29]","[ 30  30  95  94  95  96  97  97  97  97 100 103 100  96  96 100  96  96
  97  98  97  98  99  98  93  92  95 100 102 102 101  99  99  99  96  95
  96  96  97 100 105 106 104 101 101 104 106 106 105 104 104 104 104 105
 105 105 108 108 106 104 103 104 105 105 104 105 106 104 103 104 107 108
 103 109 108 102 103 106 102  68  58  51  46  42  44  45  38  33  30  26
  23  21  19  18  25  33  39  45  47  45  39  33  28  23  24  33  40  50
  57  58  57  55  55  52  49  48  49  52  57  62  72  87  98 111 115 118
 120 123 123 124 123 122 123 125 125 124 123 121 118 114 108 104 103 102
 101  97  93  93  92  89  87  87  85  88  91  97  95  97  96  99 101 103
  97  88 102 136 165 183 179 177 177 178 179 179 180 182 182 182 182 181
 181 183 185 187 187 187 189 189 189 189 190 193 191 194 194 195 193 193
 191  29]","[ 28  28  94  94  94  97  97  95  96  96  98  99  97  94  95  99  93  93
  96  97  97  98  99  99  95  92  94  99 101 101 101 100 100  99  98  97
  97  95  96  98 105 106 105 102 101 104 106 106 105 105 105 105 105 105
 105 106 105 106 107 107 106 106 105 105 104 107 109 107 105 106 109 111
 105 108 108 105 104 105 107  88  63  53  46  42  43  46  41  38  33  30
  27  23  19  17  21  26  31  37  34  32  29  27  30  26  31  39  46  54
  59  59  58  56  53  52  51  48  47  51  59  64  74  90 101 113 115 119
 121 124 125 127 127 126 125 126 127 126 127 123 121 119 114 110 107 102
 102  98  95  95  93  89  87  88  87  87  88  94  95  97  94  99 105  96
  99 121 153 175 178 176 174 174 176 179 180 179 180 182 181 182 182 182
 182 184 186 186 187 188 189 190 190 191 191 192 191 194 194 195 194 194
 191  29]","[ 28  28  94  96  94  99  99  97  98  98  98  96  95  94  94  94  93  93
  95  97  97  98 100  99  98  95  95  97  98 100 101 100  96  96  98 100
  99  98  98  99 101 103 104 103 103 104 105 104 104 105 107 107 105 105
 105 106 103 104 106 107 107 106 105 105 105 108 110 108 106 105 108 110
 110 109 107 105 106 106 109  97  63  52  46  43  42  45  44  43  37  35
  30  24  20  20  22  23  26  31  28  27  24  24  30  30  38  46  51  57
  60  59  58  57  55  53  51  49  49  54  61  64  74  89 101 114 119 122
 124 125 126 129 131 130 129 129 129 128 127 124 124 123 119 117 115 110
 106 103 101  99  95  90  88  88  89  91  91  92  94 100  96  99  97 101
 133 168 175 174 176 171 174 176 178 179 179 179 179 180 181 182 183 183
 184 186 187 187 187 188 189 191 192 193 191 190 192 195 195 196 195 195
 192  30]","[ 31  30  95  98  92  97  99  98  95  96  97  96  96  95  93  91  94  94
  96  97  97  97  98  97  97  96  96  97  96  97  98  97  95  95  98 101
 101 101 100  99  96 100 104 104 104 105 105 103 103 105 108 108 107 106
 106 107 105 104 104 105 105 105 105 106 105 107 108 108 105 103 104 106
 109 111 111 106 105 107 112 104  70  58  52  48  45  46  46  45  41  39
  32  25  23  24  26  25  25  30  31  31  29  28  32  34  43  50  54  58
  60  57  57  56  56  56  55  51  50  53  60  66  76  90 102 116 123 126
 125 125 125 129 132 132 131 130 130 130 129 129 130 128 122 120 121 122
 112 110 106 101  95  90  86  85  89  89  93  97  99  99  94 105 120 150
 178 182 172 172 179 176 178 178 178 178 179 182 182 181 181 183 184 184
 186 188 189 188 188 189 190 191 193 194 192 191 193 196 195 196 195 195
 192  30]","[ 30  28  93  96  88  92  94  95  91  93  95  98  98  97  95  94  95  95
  97  99  98  98  98  95  97  98  99  98  96  97  98  95  97  96 100 103
 102 103 102  98  93  98 103 105 105 105 104 102 104 105 107 108 109 108
 108 107 107 105 104 104 105 104 105 106 107 106 107 109 107 104 104 106
 109 114 116 111 109 110 115 110  83  67  58  53  48  49  50  49  46  43
  37  32  30  31  31  30  26  28  34  35  33  32  33  37  48  54  55  58
  59  57  56  55  54  57  56  52  51  52  59  70  81  95 105 118 123 126
 125 124 125 129 132 132 131 131 131 131 132 134 133 130 127 124 125 128
 119 117 112 105  99  94  90  87  89  85  90  99 100 100 105 133 160 180
 181 174 171 170 174 179 178 178 178 178 181 183 184 184 182 184 184 184
 185 188 189 189 189 190 191 192 193 194 194 193 194 196 195 196 195 195
 192  30]","[ 29  28  94  99  88  91  93  94  94  94  96 100 100  97  96  98  97  97
 100 102 102 101 100  97  99 101 103 100  98 100 101  98  97  97 100 103
 103 105 105  99  93  99 104 105 104 104 103 101 105 105 106 108 109 109
 108 107 107 105 105 106 106 106 106 107 109 107 108 111 110 106 106 108
 112 112 112 110 111 111 111 104  90  71  59  53  50  53  55  55  51  47
  43  40  39  37  36  36  31  30  37  37  37  37  37  44  51  56  56  58
  59  57  55  53  52  54  50  48  53  56  62  73  87  99 107 117 121 123
 124 124 125 128 131 131 129 130 131 131 133 134 132 130 131 130 128 130
 132 130 124 116 111 108 104  99  94  91  93  95  98 112 134 174 176 179
 175 175 174 173 177 178 178 178 180 181 181 181 182 184 184 185 185 184
 185 189 190 189 189 192 193 192 192 193 195 195 194 196 195 195 194 195
 192  29]","[ 29  28  97 102  92  98  97  99  98  96 100 102  97  95  98 101  99 105
 104 106 107 100  97  95 102 106 107 103  98  98 101 102  99 101 105 102
 104  99  98  96  93  95 102 106 104 106 107 102 105 108 108 110 106 107
 104 104 101  99 105 103 105  98 105 109 110 109 105 106 111 110 107 112
 111 110 115 115 114 112 106 106 100  81  56  52  54  56  50  55  50  48
  46  44  41  39  40  42  42  41  38  38  41  43  46  51  53  55  56  57
  59  59  57  53  51  51  47  47  51  60  63  74  84  97 112 118 121 120
 127 127 130 128 128 130 129 129 130 130 131 129 130 130 130 131 133 132
 133 132 131 128 125 124 116 102  98  94  90  96 119 151 174 182 178 177
 176 177 180 180 178 179 179 180 179 180 182 181 181 182 186 186 187 188
 188 189 189 189 190 192 192 192 193 196 197 195 195 194 194 194 195 194
 193  29]","[ 30  30 109 114 112 116 118 119 115 110 110 113 114 115 114 111 113 118
 116 115 111 105 106 106 107 110 114 116 113 110 112 118 110 112 116 115
 118 116 121 126 122 118 117 117 116 117 116 111 108 113 115 119 116 117
 115 117 121 119 121 116 120 113 114 111 115 118 114 110 110 108 108 112
 117 114 117 120 121 120 116 117 123  98  66  50  51  51  53  51  53  51
  48  46  44  43  43  45  45  44  41  39  40  43  48  54  58  57  54  53
  54  56  54  50  48  48  46  47  51  60  64  75  90  98 106 116 127 126
 130 129 129 125 124 127 129 131 132 132 129 128 128 127 125 127 131 133
 132 133 136 139 138 134 127 120  94  93 108 141 168 177 176 175 176 177
 177 176 178 179 178 179 180 180 179 180 182 183 184 186 186 187 187 188
 188 189 189 190 192 193 193 193 194 196 196 195 194 193 195 195 196 195
 194  29]","[ 29  30 116 117 119 116 120 118 114 114 116 119 121 124 125 123 117 119
 120 121 118 117 122 123 117 122 127 126 124 123 125 127 123 124 127 128
 131 128 131 137 133 128 125 125 128 130 131 131 127 131 133 137 133 132
 131 134 139 138 140 135 139 137 137 131 131 134 132 130 135 139 141 144
 145 141 138 143 143 138 137 136 142 125  90  54  54  51  58  55  53  52
  50  49  47  46  45  44  43  45  45  44  43  44  47  52  58  57  54  51
  50  51  50  49  46  47  45  47  51  59  63  74  95 102 113 131 147 145
 146 145 146 141 139 139 137 135 134 133 130 130 131 133 133 135 137 137
 136 138 140 142 144 141 137 135 130 136 152 170 178 175 173 176 174 179
 179 177 178 179 180 181 180 181 181 181 184 185 186 188 187 187 187 188
 189 189 190 190 192 193 193 192 193 195 195 193 194 194 195 195 196 196
 194  29]","[ 28  28 118 117 121 116 119 117 117 122 125 123 121 122 125 126 120 118
 120 123 121 121 123 121 121 126 128 126 125 126 127 126 126 126 127 130
 134 132 132 133 130 129 129 130 132 132 133 137 137 137 136 139 135 133
 132 136 135 137 140 136 140 142 145 142 142 142 138 137 141 143 143 143
 147 146 142 147 147 143 145 143 143 141 110  59  55  54  57  58  52  51
  50  50  51  49  45  40  40  43  45  46  46  44  45  48  53  55  55  52
  49  47  48  48  47  46  43  45  50  58  60  71  88  95 124 148 161 159
 157 157 161 161 164 166 163 162 164 166 167 163 160 160 160 159 156 151
 159 165 166 165 170 173 171 170 172 176 179 177 177 178 178 176 174 177
 178 178 179 179 179 181 181 183 184 184 186 186 186 187 187 187 187 188
 188 189 190 191 191 192 192 192 193 194 194 194 195 195 196 196 197 197
 194  30]","[ 29  31 121 122 123 121 122 123 126 129 128 125 124 125 125 125 130 127
 130 132 129 127 127 125 125 122 124 128 129 126 126 128 128 130 129 129
 131 133 131 131 129 131 132 134 134 132 131 135 140 138 136 139 137 137
 135 137 137 138 141 140 142 142 145 145 142 142 141 142 143 142 142 144
 142 145 143 146 147 145 148 146 144 146 128  74  52  56  59  59  54  53
  51  50  52  52  46  40  40  42  42  44  47  47  47  49  50  51  52  51
  49  47  48  48  47  44  41  43  49  56  58  68  79  84 130 156 161 162
 159 160 159 160 163 164 161 160 162 164 170 165 164 166 170 173 174 172
 171 176 175 172 174 173 168 165 176 175 174 175 176 177 175 174 177 178
 179 181 184 182 181 183 183 186 186 186 187 187 187 187 187 187 187 187
 188 189 190 191 192 193 193 193 194 195 195 195 196 196 197 196 197 198
 195  30]","[ 30  32 122 124 123 123 122 125 127 130 128 124 124 125 125 125 124 124
 130 131 128 126 127 130 129 126 127 130 131 128 125 123 123 131 134 134
 131 133 131 132 131 131 132 135 138 138 137 137 137 135 134 138 138 139
 136 135 138 138 140 143 145 143 143 143 146 143 143 146 146 144 142 142
 142 146 146 146 145 145 147 145 149 147 146 103  56  52  61  61  57  55
  52  49  50  52  49  43  41  42  44  48  53  54  52  52  50  48  47  47
  49  49  49  48  47  44  40  43  48  56  57  66  81  85 132 156 160 163
 161 162 162 160 160 163 164 165 168 169 167 166 167 168 169 171 174 173
 171 170 170 171 173 171 170 172 176 177 178 176 174 174 177 181 180 178
 178 183 186 184 182 185 186 188 187 185 186 187 188 190 187 187 187 187
 188 189 191 191 194 194 195 195 195 195 195 196 197 197 197 196 197 198
 196  30]","[ 28  29 122 124 125 125 124 126 129 132 130 126 124 122 122 124 123 125
 130 130 128 125 124 130 129 129 129 128 129 129 125 120 120 129 133 136
 133 134 133 136 136 133 135 138 139 141 142 137 138 138 136 140 141 143
 139 137 140 140 142 145 146 146 145 145 143 141 141 145 147 148 147 145
 143 144 147 147 146 147 146 147 147 145 151 133  85  55  58  59  58  57
  54  49  49  52  51  47  45  46  49  53  58  57  52  50  49  48  47  48
  49  50  52  52  51  48  45  47  50  55  56  65  79  92 130 153 161 162
 163 164 166 162 162 164 165 167 169 169 168 168 170 171 170 171 172 171
 175 171 170 171 170 169 172 174 174 176 177 175 176 178 179 177 178 177
 176 180 183 183 181 183 185 187 186 184 185 187 189 190 188 188 187 188
 188 190 191 192 195 195 195 195 195 194 195 196 196 196 197 196 197 199
 196  30]","[ 28  30 125 125 127 124 122 123 125 128 126 124 125 124 123 126 124 125
 130 129 130 126 120 126 131 127 127 132 135 133 132 133 131 135 133 135
 131 132 131 135 135 133 137 139 138 142 144 138 138 138 136 139 140 144
 141 140 141 143 145 145 142 142 143 144 142 145 148 147 145 146 148 147
 146 144 148 147 146 145 142 146 147 146 148 153 124  71  57  57  57  59
  57  52  51  53  53  50  51  51  50  51  55  54  50  49  46  48  50  51
  50  50  53  57  56  54  50  51  52  55  54  64  73  97 129 153 165 162
 166 167 164 163 165 168 168 169 171 173 170 167 166 167 168 171 173 172
 172 172 174 173 170 173 176 173 175 176 179 181 181 180 179 180 181 181
 180 181 185 186 185 186 182 186 186 184 185 187 187 188 189 188 188 188
 189 190 192 193 195 195 195 196 195 194 195 196 195 195 197 196 198 199
 196  29]","[ 28  29 126 126 125 126 124 121 123 126 126 123 124 127 128 127 124 128
 131 131 130 127 124 124 129 134 130 133 134 131 136 134 135 134 135 135
 132 131 134 135 138 137 137 137 138 140 141 138 137 139 139 140 142 146
 146 144 144 144 145 145 143 142 144 147 145 147 147 144 145 148 150 148
 145 145 146 147 146 146 148 151 149 144 146 156 145  95  53  53  58  58
  58  53  54  58  52  53  51  51  51  51  50  50  51  52  50  52  53  54
  54  53  54  58  55  54  50  49  53  52  55  65  71  83 129 154 164 167
 166 165 164 166 167 166 166 168 170 171 168 167 167 169 170 171 172 173
 175 175 173 171 170 172 173 172 175 177 178 177 178 180 181 181 181 181
 180 180 182 186 187 187 185 185 186 187 188 188 187 186 188 187 188 191
 192 191 193 195 196 195 195 195 195 195 195 196 195 195 195 196 199 200
 198  28]","[ 30  29 125 124 123 125 123 120 122 125 127 126 126 127 128 127 126 129
 130 130 132 130 127 126 128 132 128 133 135 131 133 132 133 133 134 135
 134 135 135 133 139 138 138 138 137 138 138 135 138 138 138 139 141 144
 144 142 142 143 145 146 144 142 143 145 147 148 147 145 144 147 148 146
 145 145 146 147 147 147 149 150 150 152 152 143 159 144  79  56  59  59
  58  55  53  52  53  49  48  51  54  54  50  48  50  53  54  55  54  55
  56  54  53  55  54  54  50  51  54  53  56  66  69  77 127 157 166 167
 163 163 166 168 169 168 167 169 170 171 166 165 166 169 171 170 170 172
 173 173 172 171 171 172 174 174 176 178 179 178 178 181 182 182 181 181
 181 182 184 187 188 187 188 188 188 189 189 189 189 188 188 187 189 191
 193 193 194 195 195 195 195 195 195 195 196 197 198 198 198 199 200 201
 199  29]","[ 30  28 124 123 123 125 124 121 121 124 127 128 128 127 127 126 128 130
 130 131 134 134 130 128 128 130 128 135 138 133 133 133 132 132 135 136
 135 136 136 134 137 136 137 137 136 138 138 136 138 137 137 138 140 141
 141 141 142 143 146 146 144 142 142 144 147 148 147 144 144 146 146 145
 146 147 147 146 147 148 149 149 146 155 147 150 151 154 141  81  58  56
  58  52  55  54  53  49  47  50  52  52  50  48  50  54  55  54  54  55
  57  54  51  51  51  51  50  51  55  54  58  67  69  75 122 159 168 167
 163 163 164 166 168 167 166 167 169 169 166 165 167 171 173 171 170 171
 171 171 172 173 173 173 175 177 177 179 179 178 179 181 183 183 181 182
 182 183 185 187 187 186 188 188 188 188 189 189 188 188 189 190 191 192
 193 194 194 193 194 194 195 195 194 194 196 197 198 199 199 200 201 201
 199  29]","[ 29  28 124 123 123 126 126 125 121 123 126 128 129 128 127 126 128 129
 129 131 135 135 131 129 128 129 128 134 138 136 136 135 133 134 137 137
 132 131 133 136 135 135 136 137 137 138 139 138 138 136 136 138 140 139
 138 139 143 144 145 144 143 141 142 143 145 145 145 143 143 145 146 146
 148 149 149 147 147 149 151 150 148 154 150 151 146 152 160 137  81  50
  58  55  59  60  55  55  50  48  46  47  49  49  52  54  53  53  52  55
  58  55  50  48  47  48  49  51  54  55  59  67  71  79 113 157 164 166
 164 162 162 164 165 165 165 166 168 168 168 166 168 172 174 171 170 171
 172 171 172 174 174 173 175 178 178 178 178 178 179 181 183 184 182 182
 183 184 185 186 187 187 187 187 186 186 187 187 187 187 190 192 193 192
 192 192 192 192 193 194 195 195 195 195 195 196 196 197 198 199 200 200
 198  29]","[ 29  29 126 124 123 125 126 125 123 123 124 126 127 128 127 127 125 127
 129 130 133 133 130 129 127 130 129 130 135 137 137 135 135 134 136 138
 133 129 131 135 137 136 137 138 137 138 138 137 138 136 136 139 140 138
 137 138 142 143 144 144 143 143 143 144 144 145 145 144 144 146 147 147
 149 150 150 148 147 149 152 153 155 149 149 147 151 153 148 161 131  66
  59  59  60  59  59  58  53  48  45  46  48  50  52  54  54  53  53  56
  60  57  51  49  48  48  50  52  53  54  59  66  71  83 103 151 160 164
 165 160 162 164 165 165 166 168 170 170 170 167 168 171 172 171 170 171
 172 171 172 173 173 173 175 178 178 178 178 178 178 179 181 182 182 183
 183 184 185 186 187 187 187 187 186 186 186 187 187 187 188 191 193 192
 190 190 192 192 194 194 195 195 196 196 195 194 195 196 197 198 199 200
 198  29]","[ 29  29 126 124 122 123 123 124 126 125 125 124 125 127 127 127 124 128
 129 131 133 132 130 130 128 131 130 129 132 136 135 134 133 130 133 137
 137 135 136 137 136 135 136 138 138 138 139 138 138 137 138 140 140 138
 137 138 140 141 143 144 145 145 145 144 145 146 146 146 146 146 146 146
 147 148 148 146 146 148 151 152 154 146 144 150 149 146 151 153 158 111
  72  54  58  57  59  58  54  51  49  50  49  49  51  55  55  56  56  58
  60  57  53  52  52  51  52  53  53  54  59  64  71  83  95 141 159 165
 167 160 162 165 166 166 168 170 171 171 171 169 168 170 171 171 171 171
 173 172 173 174 174 175 177 179 179 179 178 178 177 178 179 180 182 182
 183 184 185 185 186 187 187 187 187 187 187 188 188 187 186 189 191 191
 191 191 193 195 196 195 195 196 197 197 196 195 196 197 198 200 201 201
 199  29]","[ 29  30 126 124 122 124 125 125 127 128 128 125 124 126 127 126 125 128
 130 131 133 132 130 130 130 132 133 131 132 134 133 133 131 130 131 135
 136 138 138 137 133 132 134 137 138 138 139 139 139 139 140 141 140 138
 138 138 140 141 142 143 145 147 146 144 145 145 146 147 147 146 146 145
 146 145 145 145 146 146 148 149 149 149 149 147 149 149 147 154 156 148
 107  65  56  56  56  57  56  53  51  52  50  48  50  55  56  57  57  57
  57  54  53  55  56  54  54  54  53  54  59  63  69  74  89 126 159 163
 165 161 163 166 168 168 169 170 171 170 172 171 170 170 172 173 173 172
 173 174 175 175 176 177 179 179 179 178 178 178 178 178 179 180 181 181
 183 185 185 184 185 186 187 187 187 187 187 188 188 187 188 188 190 192
 194 193 194 195 195 195 195 195 196 197 197 196 196 197 199 202 203 203
 199  28]","[ 30  30 126 125 124 127 128 128 128 131 130 126 123 125 126 125 125 128
 129 129 131 131 130 130 131 132 133 133 133 132 130 133 132 133 134 131
 130 133 135 132 133 131 133 136 137 138 138 137 140 141 142 141 139 138
 138 139 143 143 142 142 144 146 146 144 143 144 145 146 147 146 146 145
 148 145 144 146 147 146 146 146 147 146 146 146 149 149 147 147 152 154
 142  95  55  53  56  56  58  53  50  50  50  49  51  55  57  58  57  56
  55  52  53  57  57  54  54  54  53  55  60  63  65  63  83 112 156 159
 161 161 166 168 170 171 172 172 171 170 172 172 171 170 172 175 175 173
 173 175 175 175 176 178 179 178 178 178 178 178 178 178 179 181 180 181
 184 186 186 185 185 187 187 187 187 187 188 188 188 188 191 189 190 194
 196 195 194 194 194 194 194 194 195 195 196 197 195 197 199 202 204 203
 199  27]","[ 29  29 125 124 124 127 128 128 127 129 128 126 124 124 125 127 130 128
 128 129 129 130 131 130 133 132 131 134 135 131 131 136 140 136 135 137
 137 140 139 133 134 136 139 139 138 138 138 137 138 141 142 141 142 141
 139 139 143 143 143 144 144 145 145 144 142 144 145 146 147 147 146 145
 146 147 147 147 149 151 149 146 146 147 148 150 151 149 149 151 151 152
 152 128  66  57  58  57  55  54  51  51  52  52  52  55  56  55  55  56
  55  52  52  53  55  53  54  55  54  58  64  66  68  72  76  93 148 162
 164 167 165 169 172 171 170 171 171 170 172 171 171 171 171 174 176 175
 176 176 176 175 175 175 177 178 181 180 180 180 180 180 181 182 182 183
 185 186 187 187 187 187 187 188 188 189 189 189 189 188 190 192 193 193
 194 196 196 195 196 195 195 194 195 196 197 198 200 200 201 202 202 200
 198  29]","[ 29  30 126 125 124 127 128 129 128 126 124 123 124 126 129 130 129 127
 128 130 130 131 133 133 134 133 132 133 133 130 130 134 136 138 139 139
 138 139 140 137 134 136 138 138 138 138 138 138 140 141 141 143 144 143
 141 142 143 144 144 144 145 146 146 145 144 146 148 149 149 148 147 146
 148 147 148 150 151 151 151 150 149 147 148 150 150 149 150 151 150 152
 156 146  89  55  57  61  59  56  51  49  49  50  53  57  56  56  56  56
  54  52  50  50  47  47  50  53  55  62  66  65  67  72  72  88 137 166
 163 164 164 167 170 171 170 170 170 169 172 171 171 171 171 174 176 175
 175 174 174 173 174 175 176 176 180 179 180 181 181 182 182 183 183 184
 186 187 187 187 186 186 187 188 189 189 189 189 190 190 190 191 192 193
 193 194 194 193 195 196 197 196 195 195 197 198 199 200 201 201 200 199
 198  29]","[ 28  30 128 128 125 126 127 128 127 124 121 121 124 128 129 129 130 129
 130 131 129 130 132 133 135 135 134 133 132 130 129 131 133 137 139 138
 138 140 139 139 135 137 138 138 137 138 138 138 137 139 140 142 143 140
 139 143 143 144 144 145 145 146 146 145 145 147 148 149 149 149 147 146
 147 146 148 151 152 150 150 151 151 147 149 151 149 149 151 152 150 149
 152 155 123  74  54  61  59  55  51  48  47  48  52  57  56  56  56  55
  54  53  51  49  48  47  48  49  53  61  67  66  64  69  66  78 117 160
 162 159 163 165 169 171 172 171 170 170 173 172 172 173 173 175 177 175
 175 174 173 174 175 176 176 175 178 178 179 181 182 182 182 183 181 182
 184 186 186 186 187 187 187 188 190 190 190 189 190 191 190 191 192 193
 193 193 192 191 193 196 198 197 195 195 196 198 200 201 201 201 200 199
 198  30]","[ 28  30 130 131 128 128 127 126 126 124 122 124 126 128 128 127 129 129
 131 132 129 128 131 132 134 136 135 132 131 130 130 131 132 136 136 135
 140 143 140 137 137 138 138 138 137 138 138 138 134 138 141 141 140 137
 139 143 142 143 143 144 145 146 147 147 145 146 147 147 148 148 147 146
 145 146 148 150 150 149 149 150 151 147 150 152 148 147 151 152 153 151
 150 153 150 110  59  58  57  54  53  52  51  51  53  55  55  55  55  53
  53  54  52  50  48  48  49  51  56  64  72  76  67  67  65  71  97 141
 166 163 164 165 168 171 173 172 172 172 173 172 173 174 174 176 177 175
 175 175 176 177 178 178 178 177 178 178 179 181 181 181 181 181 181 182
 184 185 185 186 186 187 188 189 190 190 189 189 189 190 190 191 192 193
 193 193 193 193 193 195 198 198 196 196 197 199 201 201 200 200 200 201
 199  29]","[ 29  30 128 130 129 128 126 125 126 126 127 129 129 128 128 128 128 129
 132 133 130 129 131 131 132 136 135 131 131 131 131 132 134 137 136 135
 140 143 139 137 137 138 139 138 138 139 139 138 136 141 143 142 142 143
 143 144 142 142 142 142 143 145 147 147 145 146 146 146 146 147 147 146
 147 149 150 148 148 149 150 151 150 148 152 154 147 146 150 151 153 155
 151 151 152 134  80  54  59  57  59  61  58  57  57  56  55  55  54  52
  53  54  53  50  48  50  53  58  61  64  71  81  72  65  67  68  81 114
 165 167 165 166 168 171 172 172 172 173 172 171 172 173 173 175 176 174
 174 176 178 179 179 179 179 179 179 179 179 180 181 180 180 181 184 185
 185 185 185 185 186 186 188 188 189 189 190 190 190 190 191 191 191 192
 193 193 194 195 194 196 197 197 197 197 198 200 201 201 199 199 201 203
 200  29]","[ 30  28 125 126 125 125 123 123 128 129 130 132 131 129 130 131 130 130
 133 134 131 129 130 129 131 135 135 131 131 132 133 134 135 138 139 138
 138 138 137 138 137 138 139 139 139 140 141 140 139 142 142 141 145 149
 146 142 142 142 142 142 143 145 146 147 146 146 146 145 145 145 146 146
 148 150 149 146 144 147 149 150 149 148 152 154 148 146 149 151 152 155
 149 152 147 146 117  64  65  63  65  67  64  62  62  60  58  56  54  52
  52  53  53  52  53  53  54  57  58  58  66  80  79  68  72  70  76  95
 153 167 167 168 170 171 172 172 172 172 172 171 172 173 173 174 175 173
 173 176 178 179 178 178 179 180 180 179 180 181 181 181 182 182 185 185
 185 185 186 186 187 187 189 189 189 190 191 192 192 192 191 190 190 191
 193 194 195 196 195 195 196 196 196 196 197 198 202 201 200 201 203 205
 202  29]","[ 29  27 124 125 124 123 122 121 130 130 131 133 132 130 128 129 130 130
 132 134 131 130 130 129 133 136 136 133 133 133 134 136 136 137 139 138
 134 133 136 138 138 139 139 139 140 141 142 143 141 142 140 141 146 148
 144 140 142 143 144 144 144 145 145 146 145 146 147 146 144 145 146 146
 147 148 149 148 146 146 147 148 148 148 150 152 151 149 150 153 155 155
 151 155 150 154 145  94  71  66  68  70  65  64  65  62  61  58  55  53
  53  54  56  57  56  55  53  52  54  55  65  79  88  77  80  78  79  91
 131 160 166 169 171 171 171 172 172 172 172 171 172 173 173 174 175 173
 174 175 177 177 177 178 179 180 180 180 180 182 182 182 183 183 184 184
 185 186 188 189 189 188 189 189 190 191 191 192 193 193 192 191 190 192
 194 195 195 195 194 195 195 196 195 196 197 198 200 201 201 202 204 206
 202  30]","[ 29  28 126 128 127 125 122 121 130 129 130 133 133 129 125 123 127 127
 129 132 131 132 132 132 135 138 138 136 135 135 136 138 138 135 137 138
 133 133 136 137 140 140 139 139 140 142 143 143 142 143 142 143 145 144
 141 140 143 144 145 145 145 145 145 144 144 146 147 146 145 145 147 148
 146 148 151 153 152 148 146 147 146 147 147 150 153 153 153 156 154 154
 155 152 153 152 149 118  72  67  69  71  66  65  66  62  63  59  56  55
  56  57  59  62  61  61  57  54  55  55  60  70  89  80  80  80  78  89
 107 148 163 168 171 170 170 171 172 171 171 171 171 172 172 173 174 173
 176 176 176 176 177 178 180 181 180 180 181 182 183 182 182 183 186 186
 186 188 190 190 189 188 187 188 189 190 189 189 190 192 194 192 191 193
 195 195 195 195 194 195 197 197 197 197 198 200 197 200 201 202 203 204
 201  29]","[ 30  29 128 130 130 129 126 125 127 125 128 131 129 126 126 126 125 130
 136 134 134 137 133 130 135 136 138 138 137 138 139 137 135 132 135 138
 134 135 139 139 138 137 137 138 140 141 142 142 143 142 142 142 143 143
 141 140 145 146 146 147 145 144 143 143 144 146 147 147 146 147 148 148
 147 149 148 145 145 148 150 148 146 148 150 152 152 152 153 155 155 154
 155 154 153 155 151 141 101  73  67  67  63  66  69  63  63  59  56  56
  59  60  61  62  61  60  57  54  53  54  60  65  85  88  81  78  77  77
  94 136 165 166 171 170 170 172 170 172 170 172 172 172 171 173 174 175
 176 176 174 175 178 178 178 180 180 180 181 182 182 182 182 181 182 183
 184 186 187 188 187 187 185 186 188 189 190 190 191 192 190 192 194 196
 196 195 195 195 195 195 195 195 196 196 198 201 197 199 202 202 202 204
 202  30]","[ 29  29 129 131 130 129 127 127 126 126 128 130 129 128 129 130 129 132
 136 134 133 134 131 131 131 132 136 139 138 138 139 138 133 131 134 136
 135 137 139 138 140 139 139 140 138 139 139 140 143 143 143 145 146 145
 144 142 146 146 146 146 146 145 144 144 146 147 147 146 146 147 147 147
 147 148 147 146 146 148 149 148 147 149 152 155 154 153 152 152 154 153
 154 153 152 155 155 151 121  88  68  64  68  68  66  66  66  64  63  64
  64  61  58  56  57  57  57  56  55  54  55  56  80  89  84  76  76  81
  93 122 154 160 172 171 171 174 173 170 168 170 171 172 172 173 174 175
 176 176 175 177 180 180 180 182 180 181 181 181 182 182 182 182 184 184
 184 185 187 188 189 189 189 189 190 190 190 190 190 190 190 192 194 195
 194 194 195 197 197 196 195 196 196 197 198 199 200 201 202 203 203 206
 203  30]","[ 29  30 129 131 129 129 128 128 126 127 128 128 127 129 130 131 132 132
 135 134 132 132 132 135 132 132 136 139 138 137 137 138 138 137 136 137
 139 141 140 138 140 141 139 141 135 138 137 140 142 143 144 146 147 147
 145 144 147 146 145 146 147 146 145 145 149 148 147 146 146 147 148 148
 148 148 148 147 147 147 147 147 146 148 152 155 155 153 152 152 155 154
 155 154 151 153 156 157 139 104  68  63  68  68  65  69  68  68  68  70
  68  63  57  55  57  57  56  57  57  58  59  61  74  87  88  84  78  78
  85 110 154 163 175 171 171 172 173 169 168 170 172 173 174 174 174 174
 174 175 175 177 179 178 179 181 180 180 180 180 180 181 182 182 183 183
 184 185 186 187 188 188 188 189 189 189 189 190 190 190 190 191 193 193
 192 192 194 197 198 197 196 197 198 199 200 199 202 202 201 202 203 206
 203  29]","[ 28  30 129 131 128 127 127 128 128 130 129 126 126 128 129 130 131 132
 134 132 131 133 135 139 137 134 134 136 136 135 137 138 138 136 134 136
 139 139 137 139 139 140 138 142 133 137 138 142 141 142 144 146 147 147
 145 144 147 145 145 147 149 148 147 145 148 148 147 146 146 147 148 148
 150 149 150 151 151 149 148 148 147 149 151 152 151 151 152 154 154 154
 155 155 153 152 154 156 155 124  74  71  70  71  73  73  70  69  69  69
  68  64  60  58  58  57  56  57  58  61  64  68  65  79  88  90  84  79
  81 100 143 161 174 169 173 170 170 171 170 172 174 174 175 175 174 174
 173 174 175 176 178 177 176 179 179 179 179 179 180 181 181 181 181 182
 184 186 187 187 186 186 185 187 188 189 190 191 191 190 191 192 193 193
 192 191 192 194 196 196 196 197 199 200 201 201 201 201 201 201 203 206
 202  28]","[ 29  30 129 130 127 126 126 127 129 132 129 125 126 128 130 131 130 131
 133 130 129 134 136 139 139 134 133 135 135 136 138 139 136 133 132 136
 139 138 139 144 140 141 140 143 132 137 139 144 141 143 145 147 147 146
 145 144 146 145 146 148 149 149 147 146 146 147 147 146 145 146 147 148
 152 151 152 154 154 152 151 152 151 151 151 151 149 149 151 153 154 153
 153 154 155 154 154 155 160 146  81  73  72  76  75  75  71  68  66  66
  66  64  62  61  57  58  58  59  58  58  59  61  62  75  86  90  86  82
  76  80 109 147 169 167 173 171 170 172 171 172 173 173 173 174 174 173
 174 175 176 177 178 177 176 179 180 180 180 181 181 181 182 182 183 184
 185 187 187 187 186 186 186 188 190 190 191 192 192 190 193 193 194 195
 194 193 193 193 193 195 196 197 197 199 200 200 200 201 201 201 202 205
 202  29]","[ 29  30 128 129 127 126 126 127 128 132 129 125 128 130 130 133 131 132
 134 131 131 136 137 138 139 136 136 137 138 137 137 136 138 135 136 140
 141 140 143 147 144 143 143 145 133 136 140 142 143 144 146 146 146 145
 145 145 146 145 146 148 149 148 147 146 146 147 148 147 146 146 148 149
 152 151 152 154 154 153 153 154 152 152 152 152 151 151 152 153 157 157
 154 153 154 153 152 154 153 157  92  69  74  76  71  73  67  65  63  64
  65  64  63  62  60  61  61  60  58  56  57  58  64  71  82  90  86  81
  71  73  89 137 165 169 171 171 170 172 171 171 172 172 172 174 174 174
 173 174 175 176 178 177 177 179 180 180 180 181 182 182 183 183 185 185
 185 185 185 186 187 187 185 188 190 190 192 194 194 191 193 193 194 195
 196 195 194 194 194 196 198 197 197 199 200 200 199 201 202 202 202 204
 202  29]","[ 29  29 127 129 128 129 128 129 129 132 129 127 131 132 130 133 132 131
 133 133 135 138 137 137 137 136 138 139 138 137 136 133 139 137 141 143
 140 140 142 142 144 141 144 145 136 137 141 141 143 144 145 145 144 144
 144 145 145 145 146 147 147 147 147 147 147 148 149 148 148 149 151 151
 151 151 151 152 152 152 152 153 153 152 152 153 153 153 154 154 158 160
 157 154 153 151 151 153 152 159 119  80  75  74  72  72  66  65  66  66
  66  64  64  65  65  63  62  61  60  59  60  62  61  63  75  88  87  83
  77  80  85 118 148 170 169 169 170 171 171 172 172 172 173 175 176 176
 173 174 174 176 179 178 178 180 179 179 180 181 182 183 184 185 185 185
 185 185 185 186 187 189 188 189 190 189 191 195 196 194 194 194 194 195
 196 195 196 196 197 199 199 198 199 201 202 201 200 202 203 203 203 205
 202  29]","[ 29  29 127 129 130 131 131 131 131 134 130 129 134 133 131 133 130 128
 130 134 137 138 136 137 131 133 136 137 136 136 136 134 139 140 144 145
 141 142 144 139 140 138 143 144 138 138 143 142 144 145 146 145 144 144
 145 146 145 145 145 146 145 145 146 148 148 148 148 148 149 152 153 153
 152 152 152 151 151 152 152 152 156 154 153 153 153 152 153 154 154 159
 159 155 153 151 151 155 155 158 147  96  73  68  72  67  72  72  72  71
  68  65  65  67  64  63  62  62  62  61  60  60  63  65  72  81  84  90
  82  75  76  90 122 167 169 170 171 171 171 172 172 172 173 175 176 176
 176 176 176 178 181 181 180 182 180 180 180 181 183 185 187 188 184 185
 186 187 187 188 188 189 193 194 192 190 191 194 196 194 195 195 196 196
 195 195 197 199 199 200 200 199 200 202 202 201 203 204 205 205 206 208
 203  29]","[ 30  27 129 128 130 129 129 131 131 131 131 133 135 135 133 131 129 126
 130 136 137 135 136 136 133 135 137 138 138 136 133 131 140 138 139 140
 138 140 143 142 140 141 143 143 141 139 142 145 145 146 146 145 145 145
 145 144 144 145 146 147 147 147 147 147 145 145 147 150 152 154 153 153
 152 149 149 151 152 150 150 151 153 153 153 154 154 154 154 154 157 159
 160 157 154 153 154 156 156 160 151 121  76  63  74  64  72  74  76  76
  72  67  64  65  63  59  60  65  65  63  61  60  61  66  66  72  87  92
  85  81  85  87 117 162 168 172 171 171 172 173 175 175 173 174 176 178
 178 178 176 177 179 179 181 186 182 179 181 185 187 188 188 186 185 184
 184 186 189 191 193 193 189 192 195 193 191 191 194 197 195 194 195 198
 199 199 200 201 201 202 203 201 201 201 202 203 205 206 208 209 208 209
 204  29]","[ 30  28 130 130 131 129 127 128 130 132 134 136 136 135 134 132 131 129
 132 137 138 137 137 136 136 138 139 139 138 136 135 135 142 138 138 139
 137 139 142 140 141 142 143 143 142 141 142 144 148 147 146 145 146 147
 146 146 144 145 146 147 147 147 147 146 147 146 147 149 151 153 155 155
 151 150 151 152 152 151 151 152 153 153 153 153 154 154 154 154 157 158
 160 158 157 155 155 155 158 160 155 138  91  63  70  70  71  73  75  75
  72  68  66  65  63  60  61  64  63  61  61  61  60  64  64  68  82  88
  85  83  81  86 102 146 164 171 173 173 172 174 175 174 174 174 176 178
 179 179 178 179 181 180 180 183 184 182 184 187 188 188 188 187 187 187
 187 188 191 193 194 194 192 195 196 196 195 196 197 198 197 197 199 201
 201 201 202 204 203 203 203 202 202 203 205 206 205 206 207 207 207 208
 204  30]","[ 29  28 130 129 130 128 127 127 131 131 132 135 138 137 133 130 134 134
 136 137 136 135 137 137 138 139 140 139 137 136 137 138 139 136 136 137
 138 141 143 142 142 142 141 140 139 139 142 145 147 146 145 145 146 146
 146 145 145 145 146 147 148 148 147 147 147 147 147 148 150 152 154 155
 151 152 152 151 151 151 152 153 154 153 153 153 153 154 154 154 156 158
 158 158 157 157 156 154 156 158 157 153 109  67  64  68  71  73  74  73
  72  71  69  67  64  63  64  65  63  60  61  62  63  65  64  66  76  82
  82  82  80  84  91 125 156 174 174 173 174 175 176 176 176 176 178 180
 181 182 183 185 188 187 186 188 187 186 188 190 189 189 189 189 189 189
 190 191 193 195 195 195 194 195 196 196 197 198 198 197 197 199 201 202
 201 201 203 204 203 204 203 201 201 202 203 204 204 204 204 205 205 208
 203  29]","[ 30  28 129 127 128 128 129 130 131 130 129 132 136 136 133 130 136 138
 139 137 132 132 137 139 138 139 139 137 136 136 137 139 137 136 136 138
 140 143 144 143 142 141 140 139 137 138 141 144 145 145 145 146 147 146
 145 145 147 147 146 146 147 147 148 148 147 147 148 150 151 152 152 152
 153 153 152 149 149 151 154 155 154 154 154 154 154 155 155 154 157 158
 157 156 156 156 156 155 157 160 162 163 133  84  72  71  72  73  73  72
  73  74  73  70  68  67  68  69  66  62  61  61  65  67  65  65  71  76
  78  80  85  85  94 111 144 180 176 175 175 176 177 178 179 179 180 180
 180 181 182 184 188 189 188 189 188 188 190 190 188 188 190 190 189 190
 191 192 194 195 195 195 194 194 193 193 194 196 197 196 197 199 201 201
 200 201 202 203 203 203 202 201 200 201 203 204 204 204 204 205 206 208
 203  28]","[ 29  28 129 126 128 129 130 131 130 131 132 132 132 133 134 136 136 136
 137 135 133 135 139 139 138 138 138 138 137 137 138 138 139 139 140 141
 144 144 142 141 141 142 143 142 139 139 140 142 145 146 146 147 147 146
 147 148 148 147 146 145 145 146 148 149 148 148 149 151 152 153 153 152
 154 153 152 150 151 153 154 154 154 154 155 156 157 157 157 157 159 160
 160 158 157 158 158 158 156 157 161 161 145  96  76  73  74  74  72  71
  72  75  76  74  72  70  71  71  68  64  63  61  63  65  66  66  69  73
  76  78  82  82  93 100 126 169 177 174 175 176 178 180 181 180 180 179
 182 181 180 181 184 185 184 186 187 187 188 188 186 187 190 190 189 190
 192 193 193 193 193 193 193 194 194 194 194 195 196 196 200 200 201 201
 201 202 203 203 202 203 204 203 203 204 206 207 205 205 206 208 209 211
 204  29]","[ 29  28 130 128 129 130 130 130 132 132 132 132 132 133 134 136 133 130
 130 132 135 139 140 137 137 137 138 138 138 138 138 138 139 142 143 144
 146 144 141 141 145 145 144 141 139 140 143 145 146 145 145 146 146 146
 147 150 148 147 147 146 146 147 148 149 148 147 147 148 150 152 153 152
 153 152 152 153 154 154 153 152 155 155 157 158 160 161 160 160 161 163
 164 163 162 161 161 162 163 161 163 162 154 108  77  76  75  74  72  70
  71  74  75  74  75  72  71  70  67  65  64  62  62  64  65  65  65  68
  72  75  74  79  84  91 107 144 174 174 176 177 179 181 182 181 181 180
 183 183 181 181 184 185 185 187 187 186 187 187 186 188 190 190 190 192
 193 194 193 192 192 192 192 194 195 195 195 196 196 196 201 199 199 201
 202 202 202 203 204 205 205 204 204 204 206 207 207 207 209 210 211 212
 206  30]","[ 29  29 131 129 131 131 131 130 133 132 131 132 133 134 133 131 130 127
 127 130 134 137 139 137 138 138 138 138 138 137 138 139 139 142 144 144
 146 144 142 143 148 147 143 140 140 144 148 150 147 145 144 146 147 147
 148 150 146 148 149 150 150 149 150 151 149 148 147 148 151 153 153 153
 154 153 154 155 155 154 154 154 157 158 159 160 161 162 161 161 163 164
 165 164 164 164 165 165 165 163 162 164 161 125  77  71  78  76  73  72
  72  72  73  74  75  73  72  70  66  64  64  62  62  63  64  62  60  63
  69  73  73  77  80  89  97 120 161 177 178 179 180 181 181 181 182 182
 181 182 181 181 184 186 186 187 187 187 188 188 187 189 191 190 190 192
 193 194 193 192 192 193 193 194 195 195 195 196 197 197 200 197 198 202
 203 201 201 203 206 206 206 204 203 204 205 206 208 209 209 210 211 212
 205  30]","[ 29  29 131 129 131 132 132 132 132 133 134 134 134 133 131 130 130 128
 129 131 130 133 137 140 139 140 140 139 137 137 138 140 140 144 144 144
 145 143 140 143 146 146 145 145 148 151 152 151 149 147 147 150 152 152
 150 150 145 148 152 154 153 152 152 152 152 151 150 152 155 157 156 155
 158 156 156 157 157 155 156 159 161 160 161 161 162 162 161 161 165 164
 164 163 163 165 167 167 166 168 165 170 173 148  86  73  79  77  75  73
  72  71  72  73  74  73  73  71  67  64  62  60  60  60  61  60  58  62
  70  75  72  70  78  85  90 104 141 175 179 179 179 179 179 180 182 183
 181 183 183 184 186 187 186 186 187 187 188 188 188 190 191 189 189 191
 193 194 193 193 193 194 196 196 195 193 193 196 198 200 200 198 199 204
 205 202 201 204 205 206 205 204 204 206 208 210 208 208 208 208 209 210
 204  30]","[ 30  28 135 122 134 136 130 130 134 134 135 134 134 134 133 132 131 128
 130 133 133 135 139 138 138 139 141 142 140 137 137 138 142 144 145 145
 144 144 145 146 145 146 146 147 148 149 151 153 149 149 150 154 157 157
 155 152 148 147 149 152 154 153 154 155 155 156 157 158 159 161 160 160
 161 158 157 158 161 162 162 161 162 161 160 159 160 163 163 162 165 166
 166 165 164 165 166 166 164 166 166 169 168 164 105  75  79  76  72  70
  74  77  73  75  74  75  77  75  72  71  67  61  58  57  57  61  65  69
  71  73  72  70  73  72  84  98 116 162 182 179 182 178 180 182 186 183
 184 185 187 187 187 188 188 187 187 188 188 187 186 187 189 190 192 192
 193 193 194 195 195 195 195 196 196 195 195 197 199 201 202 201 201 201
 202 203 205 206 206 206 206 204 203 206 210 212 207 206 208 209 209 209
 208  29]","[ 29  28 134 126 135 137 134 134 137 138 138 138 138 138 137 135 135 133
 135 138 139 141 144 144 142 143 145 145 143 140 138 139 142 144 146 146
 146 147 148 149 148 149 150 150 150 151 152 154 153 152 152 154 155 156
 154 151 149 148 148 150 154 157 159 160 159 159 158 158 159 162 163 164
 161 159 159 160 162 163 162 162 162 162 162 162 162 164 165 165 166 167
 167 166 166 166 167 168 164 167 167 166 167 170 114  74  77  74  74  72
  72  76  75  75  75  75  76  73  71  71  70  65  61  59  58  62  66  68
  69  70  66  68  74  76  87  96 109 143 179 184 181 181 181 183 187 184
 186 187 187 186 186 187 188 188 189 189 189 188 187 188 190 191 192 193
 193 193 193 194 195 194 195 195 196 197 197 199 201 202 201 201 202 203
 203 202 202 203 206 207 206 204 204 207 210 211 208 207 210 211 211 210
 207  29]","[ 29  29 134 133 137 139 140 140 141 141 141 141 142 142 141 139 141 139
 141 144 144 146 148 148 146 146 147 148 146 144 142 141 147 147 149 150
 151 152 152 152 151 152 153 153 152 152 153 154 154 154 154 154 155 155
 155 154 162 159 156 155 157 160 160 159 161 161 160 159 160 162 165 166
 161 160 160 162 163 163 162 162 162 164 165 164 164 165 167 168 169 170
 169 168 167 168 170 171 167 169 168 167 167 174 128  81  73  72  76  74
  71  76  77  76  75  76  76  74  72  72  72  68  66  61  59  63  66  65
  65  66  64  68  74  80  88  93 103 124 161 180 178 180 178 181 186 187
 186 187 188 187 187 187 189 189 190 190 190 189 189 190 192 193 193 193
 193 194 195 196 196 195 195 195 196 199 200 201 202 204 202 202 203 203
 202 201 201 202 207 207 206 204 204 206 209 210 210 209 211 212 211 210
 207  28]","[ 29  29 135 138 137 139 144 143 143 143 143 143 143 143 143 142 143 142
 143 146 147 147 148 147 146 146 147 148 149 148 146 146 147 147 148 149
 151 151 150 149 152 152 153 152 152 152 154 155 153 154 156 156 155 154
 155 155 160 159 157 156 158 161 160 157 161 161 162 161 161 162 163 164
 161 161 161 162 162 162 161 161 164 165 166 165 165 165 166 167 169 170
 169 168 168 169 170 171 171 169 169 170 167 173 139  92  72  75  79  76
  73  75  75  76  76  76  76  76  75  75  72  67  67  62  60  63  65  62
  61  63  65  67  69  78  84  87 100 115 147 175 182 181 180 183 184 185
 183 185 187 188 188 188 188 188 188 189 190 191 191 193 194 195 192 192
 193 194 196 198 197 196 195 194 196 200 202 201 202 204 203 203 202 202
 201 201 202 204 205 207 206 204 204 206 209 211 211 210 211 210 210 210
 207  28]","[ 29  28 135 139 136 138 144 143 143 143 143 142 142 142 143 144 143 143
 143 145 147 147 146 145 145 145 146 147 148 148 148 149 148 148 148 150
 152 152 150 148 151 151 151 151 152 153 154 155 153 155 158 157 155 153
 153 154 156 157 157 156 158 160 160 159 160 161 162 161 160 161 161 161
 162 161 162 163 163 163 163 164 166 166 166 166 166 166 166 166 167 167
 167 166 167 168 170 171 172 169 169 170 168 173 149  98  74  80  82  77
  76  75  72  75  76  75  75  76  76  76  72  67  65  62  61  64  64  60
  60  64  66  65  65  73  78  81  96 110 130 160 184 180 184 188 185 183
 182 184 186 187 186 187 187 187 187 189 191 192 193 194 195 195 191 192
 193 195 197 198 197 195 196 195 197 201 202 201 201 203 203 202 202 202
 201 202 203 205 204 206 206 204 204 206 209 211 213 211 211 209 210 210
 208  28]","[ 29  28 139 139 138 139 143 143 143 144 143 142 141 142 144 145 143 143
 142 144 147 147 145 146 146 146 146 147 147 146 147 148 149 150 150 152
 154 154 153 153 151 150 151 151 153 154 155 155 152 155 158 159 157 155
 156 157 159 159 159 158 158 159 161 161 162 162 161 160 160 161 161 161
 163 162 163 164 165 166 166 167 167 166 166 166 167 167 167 168 166 166
 165 166 167 170 171 171 171 170 170 170 170 176 160 104  76  78  80  77
  78  78  75  78  76  74  73  74  75  75  74  69  65  63  63  65  65  62
  62  65  65  65  65  70  75  78  90 103 110 140 179 182 184 187 186 188
 186 187 187 186 186 187 188 188 188 190 192 192 193 194 195 195 192 193
 195 196 197 198 196 195 197 197 199 201 202 201 201 203 203 202 202 203
 203 203 203 203 205 206 206 205 205 208 211 212 214 211 211 210 211 213
 210  29]","[ 31  29 143 140 142 143 144 144 145 144 143 142 142 144 144 144 143 143
 141 142 147 147 146 148 146 147 147 147 146 145 146 148 150 150 150 151
 151 152 153 153 152 151 152 153 155 156 155 154 154 155 157 158 158 158
 159 159 157 157 156 157 158 159 160 162 162 162 161 160 161 162 162 162
 163 163 163 165 166 167 166 167 167 167 167 167 167 166 168 170 168 168
 167 168 170 172 172 171 171 171 171 171 171 176 171 122  80  74  77  78
  77  80  82  80  76  73  73  74  74  75  75  72  68  67  67  68  67  65
  64  66  65  68  66  65  69  77  85  96 103 127 168 186 184 184 187 189
 189 189 187 186 187 188 189 189 190 191 193 193 192 193 194 195 193 195
 196 196 197 198 197 196 198 199 201 201 202 202 203 204 204 203 203 204
 205 205 204 204 207 207 206 206 207 211 212 212 213 211 212 212 215 216
 212  29]","[ 29  28 146 140 145 145 144 144 145 144 142 142 143 145 145 143 143 143
 140 140 145 146 146 149 145 147 148 148 147 145 147 149 153 153 152 151
 151 151 153 154 153 152 153 154 157 157 155 153 157 156 155 156 157 158
 158 157 160 158 158 159 160 159 159 160 161 162 162 162 162 163 163 162
 163 162 163 165 166 166 165 164 167 167 167 168 166 165 168 171 171 170
 169 169 171 172 172 170 172 170 171 173 170 171 177 140  87  72  76  80
  74  79  84  78  75  74  75  77  76  76  76  73  72  71  70  70  69  67
  65  65  66  69  66  57  63  75  82  91  98 111 146 181 183 186 189 186
 188 188 187 187 188 189 189 188 191 192 193 192 192 192 194 195 193 194
 195 196 196 197 198 197 199 201 202 202 202 203 204 205 207 205 203 204
 205 206 207 207 209 208 206 206 209 213 213 211 212 211 212 213 217 218
 212  28]","[ 30  29 140 140 143 142 143 144 145 143 144 144 141 144 146 144 146 144
 140 139 142 147 148 147 146 148 150 149 148 147 148 148 151 151 151 151
 151 152 153 153 153 154 154 154 155 157 158 158 158 158 158 158 157 157
 157 157 160 160 161 161 161 160 158 155 158 161 162 160 161 165 165 162
 162 162 162 164 165 165 164 165 168 168 168 167 166 166 168 170 172 172
 171 171 171 172 173 172 172 170 172 172 172 173 176 158  93  71  81  77
  77  77  81  75  74  75  76  75  75  75  75  75  76  72  68  67  67  66
  65  65  64  65  62  59  64  70  78  94  95 109 127 157 188 183 187 188
 188 187 188 190 190 189 189 190 191 190 188 190 195 196 195 195 194 193
 194 197 199 198 196 195 198 201 202 203 204 204 205 209 206 206 205 203
 204 206 207 208 211 211 211 212 213 214 213 212 213 214 215 215 216 217
 214  27]","[ 28  28 139 138 140 140 141 142 144 144 145 145 144 145 146 145 146 145
 143 141 143 147 149 149 147 149 150 149 148 148 148 149 155 153 152 151
 151 152 152 153 152 153 154 154 155 156 157 158 158 158 158 158 157 157
 158 159 160 160 161 161 162 162 162 160 161 163 163 162 164 166 165 162
 163 163 163 164 165 165 165 166 167 169 170 169 168 167 167 168 171 173
 173 173 172 172 172 172 172 171 173 174 172 173 177 167 114  76  78  77
  77  76  79  76  75  75  74  73  72  74  76  78  75  73  69  66  64  65
  65  64  66  67  66  63  64  66  71  82  89  99 117 137 180 186 189 186
 188 187 187 190 192 192 191 191 192 192 191 192 195 195 195 196 194 193
 194 197 198 198 196 195 200 203 203 203 205 205 205 207 206 206 206 205
 205 207 208 209 211 211 212 213 214 215 215 214 214 215 215 216 217 218
 215  29]","[ 28  29 140 138 140 140 141 141 142 145 146 146 146 145 145 146 145 146
 146 144 145 148 150 151 147 148 148 148 147 148 149 149 152 151 150 150
 150 152 152 153 152 154 155 155 154 156 157 159 158 158 158 157 158 159
 161 162 162 162 162 162 162 162 162 161 163 162 162 163 165 166 164 162
 162 163 163 163 163 164 165 166 167 169 171 171 170 168 167 167 169 172
 174 174 173 172 172 172 171 171 171 174 170 171 175 175 132  84  79  82
  80  79  79  75  75  76  77  76  75  75  75  75  75  74  71  65  63  65
  65  64  65  64  66  65  65  67  73  81  89  97 108 117 158 180 187 186
 188 186 186 190 193 193 193 193 194 195 194 195 196 195 194 196 195 195
 196 198 198 197 196 195 200 202 202 202 204 204 205 207 208 208 208 208
 208 209 210 210 211 212 213 214 215 216 217 216 217 217 217 218 218 219
 215  30]","[ 29  31 141 138 141 142 143 141 140 145 146 146 147 146 144 147 146 147
 147 146 146 148 149 150 146 147 147 146 147 148 149 149 148 149 150 151
 152 152 152 152 152 154 155 155 155 156 158 160 157 158 158 158 159 160
 162 164 164 164 163 162 162 162 162 161 162 160 160 162 164 164 163 161
 162 163 163 163 164 164 165 166 166 169 171 172 170 169 168 168 167 170
 173 173 172 171 172 172 170 172 169 172 169 170 171 176 136  86  74  78
  74  77  78  73  78  79  80  80  78  75  73  72  74  73  70  66  65  65
  66  65  66  64  67  67  66  68  71  76  88  99 104 116 137 171 187 192
 188 187 187 190 193 193 193 193 194 196 196 196 196 195 194 196 196 196
 197 198 199 199 198 198 202 203 203 202 203 204 205 208 209 210 210 209
 210 210 211 211 210 211 212 214 215 215 216 217 219 219 218 218 219 219
 215  29]","[ 29  29 139 136 141 143 143 140 140 145 145 145 147 146 145 147 146 147
 147 146 146 147 148 148 148 148 147 147 147 149 149 149 150 151 153 153
 152 151 152 152 153 154 154 154 155 157 159 159 158 159 159 160 159 160
 161 163 162 162 163 163 163 164 164 164 161 160 161 163 163 162 162 162
 163 165 166 166 166 167 168 167 167 169 171 171 170 169 168 169 167 169
 171 171 171 171 172 172 171 173 170 171 170 173 169 172 161 108  79  79
  75  77  80  79  82  81  80  80  78  75  73  72  72  68  66  67  67  65
  64  65  64  62  65  67  66  66  66  68  80  91  97 113 121 150 179 189
 189 189 190 192 193 193 193 194 195 196 196 196 198 197 196 197 196 196
 197 199 200 201 202 203 204 206 207 206 206 204 205 207 208 209 209 209
 209 211 211 211 211 211 212 214 215 214 215 217 220 219 219 219 220 220
 215  29]","[ 28  28 137 136 141 143 143 141 140 142 143 143 145 145 145 145 146 146
 146 146 146 146 147 147 149 149 149 148 148 149 149 149 150 150 151 150
 150 150 152 153 153 154 154 155 156 158 158 157 159 160 161 160 159 159
 160 161 161 161 161 162 164 165 164 163 162 162 163 164 163 162 162 163
 163 165 166 166 167 168 168 167 169 170 171 171 169 168 169 169 170 171
 171 170 171 172 173 173 173 174 172 171 172 175 170 169 174 124  77  77
  76  74  75  76  78  77  78  80  80  77  74  72  71  67  65  68  69  66
  64  65  64  60  60  61  63  65  66  70  81  86  93 107 120 137 176 194
 191 190 192 194 195 194 194 196 195 196 196 198 200 200 198 198 200 200
 200 201 201 201 202 203 201 205 207 208 208 206 205 207 209 209 209 209
 210 212 213 214 213 214 215 217 217 216 217 219 220 219 218 219 222 222
 217  29]","[ 29  28 138 138 142 142 143 143 141 141 142 143 143 145 145 144 145 145
 145 146 146 146 146 147 150 150 150 150 149 150 150 150 149 149 148 148
 149 151 152 153 154 155 157 157 158 158 157 156 158 159 160 160 159 159
 159 160 162 162 161 161 163 164 163 161 163 164 164 164 163 163 163 164
 162 164 165 165 166 168 169 167 168 170 171 171 170 169 169 170 171 172
 172 171 171 172 174 174 174 172 174 171 174 175 172 169 171 134  78  78
  79  75  76  78  74  73  75  80  82  80  75  73  72  70  69  70  70  67
  65  66  67  64  62  59  62  63  64  71  74  77  82  94 115 124 156 188
 193 192 192 194 196 195 195 195 195 196 197 199 202 201 200 200 202 202
 203 204 204 204 203 204 201 204 205 207 209 208 208 209 211 211 210 210
 211 213 215 216 215 215 217 219 218 217 219 221 221 219 219 220 224 225
 218  29]","[ 30  29 140 139 142 142 143 145 143 141 143 144 144 147 148 144 144 144
 146 146 145 145 146 149 150 151 152 151 151 152 152 152 152 151 150 151
 152 153 152 151 154 157 160 160 159 158 156 155 156 158 160 160 159 159
 160 162 162 161 160 161 164 166 165 163 162 163 164 163 163 164 164 164
 164 165 166 165 167 170 170 169 167 169 171 172 171 170 170 171 171 172
 172 171 171 173 175 176 175 171 176 173 175 175 174 173 175 152  89  81
  79  74  76  76  76  73  73  77  80  79  77  76  73  73  72  71  70  68
  66  65  63  65  65  64  67  65  62  69  70  77  79  91 108 111 125 165
 194 192 192 194 196 196 195 194 194 197 198 200 202 201 200 201 201 201
 203 205 207 208 208 208 209 208 207 206 209 210 209 210 214 213 211 210
 210 213 215 216 215 215 217 219 218 217 218 221 223 220 219 221 225 226
 219  29]","[ 29  28 138 138 143 143 143 142 139 142 144 145 145 147 146 145 143 145
 143 142 146 147 147 150 152 153 153 152 152 152 153 153 154 155 153 152
 153 153 152 152 153 156 159 159 158 158 157 156 156 157 158 159 159 160
 161 161 161 159 161 163 162 163 165 162 162 162 162 163 163 162 164 166
 164 164 164 165 167 169 169 168 168 169 171 172 171 171 170 170 171 172
 172 172 173 173 174 174 172 172 173 175 175 174 175 176 180 161 105  73
  77  76  73  77  76  74  74  77  78  76  74  73  72  73  72  69  67  67
  66  64  63  64  66  65  63  62  64  66  68  74  73  89 100 110 118 144
 188 195 192 197 196 197 199 193 196 196 199 203 203 201 201 203 204 202
 204 206 206 207 208 209 210 209 206 205 207 208 207 207 208 213 211 208
 213 210 215 215 214 215 219 221 221 218 219 221 222 221 222 226 227 226
 221  28]","[ 30  28 138 137 141 140 141 142 139 143 146 146 146 146 146 144 144 146
 145 144 146 147 146 148 148 150 151 151 152 153 154 154 155 157 155 154
 154 154 153 154 152 154 155 155 156 157 158 158 156 157 158 160 161 161
 160 159 161 159 161 163 161 162 164 163 162 161 161 163 163 163 164 165
 164 164 164 165 166 168 167 166 169 170 171 171 171 171 171 171 172 172
 173 173 173 174 174 175 174 173 173 174 174 174 177 179 186 181 131  77
  70  73  78  82  79  76  75  75  75  74  73  74  73  74  73  68  66  66
  66  65  64  65  65  64  62  61  63  65  67  72  75  86  94 106 107 118
 161 195 200 194 195 193 195 198 198 198 199 203 204 202 202 203 203 202
 204 207 207 208 210 211 210 210 208 207 209 210 208 208 208 212 210 208
 212 212 215 216 216 217 219 221 220 219 221 224 225 224 223 226 227 228
 222  29]","[ 30  28 138 136 138 138 140 142 142 145 147 146 145 145 145 145 145 147
 146 146 148 148 147 147 146 147 149 150 152 153 154 154 155 156 155 153
 154 154 153 154 152 153 153 154 155 158 160 161 159 158 158 160 163 163
 161 159 161 160 162 163 161 162 164 165 165 165 165 166 168 168 168 168
 166 166 166 166 167 168 167 166 170 170 170 170 170 171 172 172 172 173
 173 173 173 174 175 175 177 176 175 175 174 173 175 177 180 173 139  87
  83  80  79  80  80  77  76  75  74  72  72  73  75  77  76  70  67  68
  68  66  67  66  66  65  63  63  63  65  65  66  73  78  80  98 102 112
 128 179 200 198 200 198 198 200 201 199 200 202 203 202 202 203 204 203
 205 207 206 206 209 209 209 210 209 208 210 210 209 209 209 211 210 209
 211 216 215 217 217 219 221 222 221 221 223 224 226 225 224 225 225 227
 222  28]","[ 29  28 139 137 138 137 140 143 144 146 146 145 143 144 145 145 144 146
 147 147 148 149 148 148 147 148 149 150 151 152 152 152 154 155 154 152
 153 153 152 153 153 153 154 155 156 159 161 162 160 159 158 159 161 163
 162 160 161 161 162 163 163 163 165 165 166 165 165 166 167 168 168 167
 168 168 168 168 168 169 169 168 170 169 169 169 169 170 171 173 173 173
 173 173 173 173 175 176 178 178 178 179 177 174 174 175 173 176 156  94
  79  77  80  79  80  79  78  78  76  74  74  74  76  79  79  74  71  72
  71  69  68  67  66  65  65  64  65  66  65  63  71  73  76  93  98 113
 123 158 186 201 197 200 202 201 201 201 201 203 203 202 203 204 205 204
 205 206 206 207 208 207 208 210 210 209 210 210 209 209 210 210 210 210
 210 218 215 218 217 220 222 223 223 224 224 223 224 225 224 224 223 226
 222  28]","[ 29  29 141 139 140 138 140 143 145 145 145 144 144 145 144 144 144 145
 147 148 148 149 150 149 151 151 151 151 151 152 153 152 153 154 153 151
 152 153 152 153 154 154 155 156 157 158 159 160 158 158 158 159 160 161
 161 161 162 162 162 163 165 165 164 165 165 165 165 165 165 166 166 166
 168 168 168 168 168 169 170 170 170 170 169 169 169 170 172 173 174 174
 173 173 173 174 175 177 176 176 178 180 179 177 177 178 179 186 175 109
  78  75  82  82  81  81  81  80  79  77  77  78  77  80  79  75  73  74
  74  71  67  65  64  65  65  64  64  64  65  66  73  73  79  89  86  98
 118 135 164 202 201 202 200 204 200 201 203 204 203 202 203 205 204 202
 204 206 207 210 211 209 209 211 210 209 210 210 210 210 211 210 211 210
 209 218 216 218 216 219 222 223 223 224 223 223 223 225 226 225 224 226
 222  29]","[ 29  30 142 141 142 139 140 142 145 145 146 147 148 148 146 145 145 145
 147 147 147 149 151 150 152 152 152 152 152 154 154 154 152 153 152 151
 153 153 153 153 154 154 156 158 158 158 157 158 156 158 161 162 161 161
 161 162 162 162 162 163 165 165 163 164 166 166 166 166 166 167 167 167
 167 168 169 168 169 170 171 172 170 170 170 170 170 171 172 174 176 175
 174 173 174 175 176 177 176 175 176 178 178 178 179 180 182 183 178 130
  89  81  83  80  81  81  80  79  78  78  79  80  78  78  77  73  72  73
  73  72  66  65  64  64  64  64  64  64  63  68  72  67  72  80  79  88
 105 116 139 186 206 208 196 202 200 201 203 204 203 202 203 204 204 203
 205 207 208 210 210 207 209 211 210 209 210 210 210 211 210 210 211 210
 209 216 218 218 218 219 220 221 222 223 223 224 223 225 226 227 225 227
 222  30]","[ 29  30 143 142 144 141 142 143 144 145 146 148 149 149 148 148 147 145
 146 147 146 149 152 151 152 152 152 152 153 154 154 154 152 153 151 150
 153 154 154 154 155 155 157 159 158 157 157 158 157 159 161 162 161 160
 161 162 162 163 162 162 165 164 162 164 166 166 166 166 167 168 168 167
 166 168 170 170 170 171 172 172 171 171 171 171 171 172 173 174 176 175
 174 174 175 176 176 177 177 176 176 177 178 178 179 180 177 184 186 147
  89  78  82  78  80  80  79  78  77  77  78  78  77  76  75  74  73  72
  71  71  66  65  64  64  65  65  66  66  62  63  67  65  67  72  78  84
  99 111 124 153 188 202 196 200 201 202 202 203 203 202 202 202 204 205
 207 208 207 208 208 206 209 211 210 209 210 211 210 210 208 209 210 210
 210 213 220 219 218 218 219 221 222 222 223 224 225 225 226 228 227 227
 222  29]","[ 28  29 142 142 145 143 143 144 143 143 144 145 146 146 148 150 147 145
 146 146 145 149 153 153 152 152 152 152 152 153 152 151 153 153 151 151
 154 156 155 155 155 155 157 158 158 157 157 159 158 159 160 160 158 158
 160 161 162 164 163 162 164 163 162 165 168 168 168 168 171 173 171 169
 165 168 170 170 170 171 171 172 170 171 171 171 172 172 173 173 175 174
 173 174 175 176 176 175 178 176 176 178 180 180 180 181 181 176 183 168
 102  75  75  81  80  81  81  80  79  78  77  76  76  75  75  76  75  73
  70  69  65  64  64  64  65  66  67  68  63  56  64  74  74  72  75  73
  85 105 122 134 170 195 201 200 204 204 203 203 204 204 204 203 203 206
 209 210 208 209 210 208 210 212 211 210 212 212 211 211 206 208 210 209
 210 211 222 219 218 217 219 223 224 223 222 223 227 225 225 229 229 228
 222  29]","[ 31  28 145 146 145 143 144 146 140 139 144 147 145 145 148 147 145 146
 146 145 145 151 154 152 151 150 151 150 148 150 152 151 154 157 156 152
 153 158 158 153 154 154 155 157 158 158 158 159 163 163 162 159 155 155
 159 162 162 165 163 166 167 162 162 167 169 169 168 167 169 171 172 170
 166 168 170 171 171 172 171 170 172 169 169 173 175 173 172 172 176 174
 173 175 178 178 176 176 178 178 180 181 181 181 180 180 180 178 180 180
 127  78  75  78  80  79  80  81  79  75  75  76  77  76  76  75  72  69
  69  70  67  64  65  70  71  70  68  66  63  59  65  74  73  72  75  74
  80  98 110 122 146 187 203 201 203 202 203 203 202 204 207 206 205 204
 206 209 209 209 211 212 210 212 210 211 209 213 211 210 208 209 210 213
 215 214 216 221 218 219 223 224 222 222 224 224 227 226 228 228 230 228
 224  29]","[ 28  27 145 146 144 143 144 145 143 142 145 147 144 144 146 146 145 146
 147 147 147 152 155 153 154 153 154 153 152 152 154 152 156 156 155 154
 155 157 158 157 154 155 157 158 158 158 158 159 160 161 161 159 157 156
 158 159 161 167 166 165 165 164 164 164 166 167 167 167 169 171 171 171
 168 169 170 171 172 172 171 169 171 170 171 175 177 176 174 173 174 174
 172 175 178 179 177 178 181 182 183 183 182 181 181 182 180 180 184 187
 143  87  74  78  79  79  80  81  79  75  73  74  76  76  75  74  72  69
  68  69  69  67  67  69  69  70  69  66  63  59  64  70  69  69  72  71
  69  87 105 112 132 159 190 202 200 203 205 201 204 207 205 209 206 205
 207 210 210 210 212 212 211 212 209 210 209 212 211 210 209 210 211 214
 217 216 216 219 220 221 225 226 223 222 225 225 230 228 229 229 232 231
 226  29]","[ 28  29 147 147 145 145 145 145 145 144 146 147 144 143 145 145 146 148
 150 150 150 152 154 152 154 154 155 155 153 153 154 152 157 155 154 156
 156 156 157 159 158 160 160 157 155 155 157 158 161 161 161 161 160 159
 160 160 162 167 166 165 167 166 166 165 165 166 167 168 168 169 170 170
 170 170 170 171 172 172 171 169 170 171 172 175 177 178 176 175 175 175
 174 176 179 179 179 181 181 182 183 182 181 180 180 181 179 179 180 183
 154  94  69  78  77  77  79  80  79  76  73  72  76  75  74  73  72  70
  69  70  69  69  69  67  66  69  69  66  66  62  64  67  65  66  70  69
  64  77  95 107 122 135 170 202 201 202 203 202 204 207 205 209 208 207
 208 210 210 210 212 211 211 211 209 210 210 214 214 214 209 209 209 212
 215 215 213 214 221 223 227 227 223 223 225 226 229 227 227 228 232 232
 226  29]","[ 30  30 147 146 145 146 146 145 144 145 146 146 145 144 145 146 148 150
 153 152 150 151 153 151 153 153 154 153 152 152 153 152 155 153 154 156
 157 155 155 158 160 162 160 155 153 155 157 157 162 161 161 161 161 161
 161 161 161 163 163 167 168 166 167 167 165 167 168 168 168 168 169 170
 170 170 170 172 173 172 172 171 171 172 172 172 174 176 176 175 176 177
 176 175 177 177 178 180 179 180 181 180 180 179 179 179 181 183 183 186
 171 109  66  72  76  76  76  78  78  76  74  74  74  73  73  73  73  72
  72  72  69  70  70  68  65  66  68  67  68  66  65  65  64  66  69  68
  64  67  81 103 113 124 145 187 203 202 202 203 202 203 207 206 209 207
 208 209 209 209 210 209 211 212 210 212 211 214 214 216 212 212 211 213
 217 217 217 218 223 223 225 225 223 223 225 225 226 225 226 227 231 232
 226  29]","[ 29  28 144 143 144 146 146 144 143 146 147 147 146 145 145 146 150 151
 153 152 150 150 152 151 154 153 153 153 151 153 154 154 153 154 156 157
 157 156 156 156 157 159 158 155 155 158 159 158 160 159 159 159 160 160
 159 158 159 160 161 165 167 165 167 166 167 168 169 169 168 168 169 170
 170 170 171 172 172 171 172 173 173 174 174 173 174 175 175 175 175 177
 175 174 174 174 175 177 180 181 181 181 181 181 180 179 177 180 178 182
 179 129  74  73  77  76  75  75  76  76  76  76  74  74  73  73  74  74
  74  73  71  71  72  72  67  64  66  68  68  67  66  64  63  65  67  66
  62  57  72  88 101 116 124 160 190 206 205 204 202 200 206 204 209 207
 208 209 209 210 211 209 211 213 212 214 210 211 211 214 211 211 210 210
 213 216 218 221 223 222 223 223 222 223 225 224 225 226 228 229 232 232
 227  30]","[ 30  27 143 143 145 147 147 145 144 148 149 148 148 146 145 145 151 151
 153 152 150 150 152 152 154 153 154 153 152 154 156 156 154 157 159 158
 157 157 157 157 156 158 159 158 158 159 158 157 159 160 160 161 161 160
 157 155 159 163 163 163 164 167 171 166 168 168 169 169 169 169 170 171
 171 171 172 173 172 171 172 174 175 176 176 176 176 175 175 175 176 178
 177 175 176 176 177 179 181 182 182 181 180 180 180 179 182 183 179 181
 185 155  95  84  78  77  75  75  75  76  77  77  76  76  76  76  76  76
  74  73  72  71  74  74  68  64  65  67  67  67  66  65  65  65  65  65
  62  58  75  76  93 109 118 140 164 201 208 203 205 202 204 206 208 208
 209 210 210 211 212 211 210 212 212 214 210 211 211 214 217 217 215 214
 216 218 220 224 223 221 222 223 224 225 226 224 226 228 232 231 233 233
 227  30]","[ 30  28 145 147 148 147 147 146 145 150 151 150 150 148 146 147 152 151
 153 153 151 152 154 154 155 154 154 153 152 154 157 157 157 158 158 158
 156 155 156 157 159 160 161 160 159 157 157 157 160 161 163 163 162 160
 158 156 163 164 164 163 162 167 173 168 169 168 169 170 171 171 171 172
 172 171 171 173 172 172 173 175 176 176 176 177 177 175 175 176 176 179
 180 179 179 179 179 181 181 183 183 180 178 179 181 181 184 186 183 182
 186 171 103  76  77  77  77  77  78  78  78  78  76  77  77  76  76  75
  73  71  71  71  74  74  70  67  66  65  67  67  67  67  67  65  64  65
  65  64  75  75  87 101 115 130 142 175 200 203 203 203 203 207 208 209
 211 211 211 212 213 211 210 212 212 215 212 213 212 215 216 217 215 214
 215 216 217 219 222 221 223 225 226 227 227 225 226 229 233 233 234 233
 227  28]","[ 30  28 146 149 148 145 144 144 145 151 151 150 152 150 148 149 152 152
 153 153 152 152 155 155 155 154 154 154 152 155 157 157 158 157 157 156
 154 153 155 158 161 161 161 160 158 157 158 160 161 161 162 162 161 160
 159 159 165 163 161 163 161 164 171 171 170 168 169 171 173 172 171 171
 172 170 170 172 173 173 174 176 177 175 174 175 175 173 175 178 174 178
 180 179 180 180 179 180 181 184 184 181 178 180 183 185 187 188 183 179
 183 182 116  81  74  76  78  79  80  80  79  78  75  76  76  75  74  73
  71  68  71  72  74  73  71  71  69  65  67  67  67  67  67  64  62  64
  65  64  67  78  81  92 107 123 133 145 187 205 200 203 204 207 209 210
 212 212 211 212 212 210 213 213 212 215 212 212 211 213 213 215 215 215
 217 219 219 220 220 220 224 227 227 228 228 226 226 229 233 233 235 234
 227  28]","[ 29  29 147 147 146 145 145 144 152 151 151 152 152 150 150 150 150 151
 152 154 154 153 152 152 153 153 154 155 155 155 155 156 157 157 157 156
 154 153 156 160 161 161 159 156 156 160 162 161 161 162 162 161 160 160
 159 157 160 163 161 163 160 161 171 169 167 168 169 169 170 171 171 171
 172 172 172 172 172 173 176 178 178 176 175 174 173 172 176 180 177 178
 179 180 181 181 181 180 182 181 180 180 180 181 182 184 188 185 184 182
 179 184 141  84  79  80  81  79  79  81  76  77  78  79  78  75  72  71
  69  66  72  72  72  71  71  73  71  64  66  67  66  65  66  62  61  65
  68  66  68  69  77  88  98 111 136 139 156 207 203 201 207 206 207 211
 212 212 213 213 212 213 212 213 214 215 215 215 216 216 214 214 215 218
 220 220 220 220 219 221 224 227 229 228 228 228 230 231 232 234 232 233
 227  29]","[ 30  29 146 146 146 146 148 148 152 153 152 152 152 153 152 150 153 152
 152 153 152 152 153 153 153 153 154 155 156 156 156 156 156 157 159 158
 157 157 158 159 159 159 158 158 159 161 162 162 163 163 162 160 160 161
 160 160 160 164 162 165 165 165 172 169 168 169 170 169 169 170 171 171
 170 171 172 172 172 173 174 175 177 177 177 177 176 175 177 181 179 179
 179 180 180 181 181 180 182 181 180 180 180 180 182 184 180 182 188 187
 183 187 156 103  75  79  80  80  79  79  79  79  81  80  78  76  72  69
  67  66  71  72  74  74  70  68  67  66  66  68  68  66  62  60  64  72
  68  65  66  66  74  85  94 106 119 131 140 181 208 204 203 205 205 209
 211 212 213 212 212 214 215 216 216 216 215 215 216 217 214 214 215 218
 219 219 219 219 219 221 224 227 227 227 228 229 231 231 231 232 231 232
 227  29]","[ 30  29 146 145 145 145 146 146 149 151 151 150 151 153 153 151 152 152
 151 151 151 150 151 152 153 152 153 154 156 156 155 155 155 158 160 159
 159 160 160 159 157 157 158 160 162 162 162 163 162 162 160 159 159 160
 160 159 158 163 162 166 169 168 171 169 170 170 170 168 168 169 171 171
 172 172 173 174 175 175 175 175 177 177 179 180 178 176 177 180 180 180
 179 179 180 181 181 181 181 181 180 181 181 182 184 186 185 185 187 183
 180 187 177 133  78  81  83  83  79  77  81  80  78  76  75  75  74  72
  72  75  72  69  69  71  69  65  65  66  64  65  67  65  60  59  65  71
  69  66  64  64  71  80  86  94 109 124 127 152 194 210 204 207 205 207
 208 210 211 210 211 215 216 217 217 216 215 215 216 217 215 215 217 218
 220 220 219 220 220 222 225 226 226 226 228 231 234 232 231 231 231 234
 227  30]","[ 29  29 147 148 148 147 146 145 148 149 150 149 149 149 150 149 150 151
 152 153 152 151 151 152 153 152 153 154 155 156 156 156 156 158 159 157
 158 160 161 160 157 156 158 161 163 162 161 162 160 160 160 160 160 159
 157 155 156 163 163 166 170 168 169 170 170 170 169 169 169 171 172 172
 172 173 174 175 176 176 176 175 177 178 180 181 179 177 177 179 180 180
 179 179 180 181 181 181 183 182 181 182 183 185 186 188 188 186 187 183
 183 185 184 141  81  74  81  81  78  78  82  81  80  78  76  75  73  72
  74  77  75  70  68  68  66  64  65  66  66  65  67  68  63  62  64  63
  68  66  64  64  70  76  80  86 104 112 120 132 160 201 202 205 207 207
 207 210 211 211 212 216 215 216 216 216 217 217 216 216 217 217 218 220
 220 221 221 221 222 223 226 227 226 226 229 231 235 232 231 232 233 235
 228  30]","[ 28  29 149 151 152 151 151 150 150 149 150 151 149 146 146 149 151 152
 153 155 155 154 153 153 153 153 154 154 155 155 156 158 157 158 158 157
 157 160 161 160 157 156 158 162 163 161 161 162 161 161 161 162 161 160
 157 154 157 163 164 166 169 167 167 170 171 170 170 170 171 173 173 172
 171 171 171 172 174 175 175 174 177 178 179 180 179 177 177 178 179 179
 179 179 180 181 182 182 186 183 181 182 184 185 185 186 186 185 186 186
 189 188 192 155  96  71  79  78  77  82  80  81  83  82  79  75  72  73
  74  75  76  76  75  71  66  64  67  68  69  68  71  72  68  66  65  61
  63  65  64  66  70  73  77  81  99 105 117 128 139 178 199 208 209 209
 209 212 215 214 213 215 215 215 215 217 219 218 216 213 216 217 218 219
 219 220 222 222 223 224 225 226 227 227 228 230 234 231 231 233 234 236
 227  28]","[ 29  30 150 151 151 151 151 150 148 147 149 152 151 147 148 152 152 152
 152 153 154 154 154 154 153 153 153 153 153 154 156 158 158 159 160 159
 159 160 161 160 158 157 159 162 163 162 161 162 163 162 161 162 161 160
 158 158 160 163 164 165 165 164 165 168 171 171 170 170 171 171 171 170
 171 171 170 171 173 174 175 175 175 176 177 177 177 177 177 177 178 178
 178 179 180 181 182 182 183 181 179 180 182 184 185 186 188 185 183 181
 184 184 194 172 117  71  76  75  77  83  79  82  80  81  79  75  73  75
  77  76  74  76  77  73  70  71  71  67  68  69  72  72  69  66  65  64
  62  65  64  65  67  68  72  74  96 105 112 125 137 151 192 215 207 208
 209 213 217 215 212 211 214 214 214 217 219 218 215 212 215 217 218 217
 217 219 221 222 224 223 224 226 227 227 228 228 233 231 231 234 235 236
 227  28]","[ 29  31 150 150 149 147 147 147 146 146 149 152 152 150 151 153 152 151
 151 152 154 154 154 155 154 153 152 153 153 155 157 159 160 160 161 161
 160 160 160 160 160 160 161 163 164 163 162 161 162 161 161 162 162 161
 161 162 163 162 164 165 163 163 165 167 170 171 172 171 169 169 169 170
 173 172 172 172 173 174 176 176 175 176 176 176 176 177 177 177 178 178
 177 177 179 181 182 183 181 180 180 180 182 183 185 187 187 185 183 181
 181 177 184 171 138  77  72  74  78  82  81  83  80  80  79  78  77  76
  76  76  73  73  74  73  73  74  72  65  65  68  69  68  67  66  65  65
  63  66  63  63  65  65  70  70  88  98 103 114 128 130 166 205 207 208
 209 211 215 215 212 211 213 213 214 216 217 217 216 214 216 218 218 217
 216 218 221 223 223 223 224 226 227 228 229 230 232 232 232 234 234 235
 227  29]","[ 28  30 151 151 150 148 148 147 149 150 151 152 153 152 151 150 152 152
 152 155 157 158 157 157 157 155 153 153 155 157 159 161 162 161 161 161
 159 158 159 161 162 162 163 164 164 163 162 160 160 160 161 163 164 163
 163 164 165 161 164 165 163 165 167 168 170 173 174 172 169 169 170 172
 173 173 172 172 173 174 175 176 178 178 177 177 178 179 179 178 179 178
 176 176 178 180 182 183 183 183 183 182 181 181 184 187 185 182 181 183
 185 184 189 182 166  96  80  81  84  81  82  81  78  77  78  81  81  79
  78  79  74  74  75  74  71  71  69  65  64  67  65  65  69  68  65  65
  63  67  62  63  65  67  73  73  79  87  98 108 117 124 140 184 211 212
 211 210 213 216 216 216 213 213 214 216 217 218 218 218 219 220 220 218
 217 219 222 224 224 224 225 226 228 228 230 232 232 231 232 233 232 234
 227  29]","[ 30  26 149 151 151 149 145 148 147 150 152 152 152 154 155 155 150 152
 154 157 158 158 157 158 158 159 157 153 154 159 161 161 160 159 159 159
 159 159 160 161 160 160 160 162 163 164 163 163 161 160 163 164 166 166
 164 165 165 163 162 163 165 165 166 168 172 172 172 171 171 172 173 174
 173 173 171 171 174 175 177 179 178 179 180 179 179 179 178 177 177 178
 178 178 179 180 180 179 181 183 185 183 180 182 186 186 185 182 182 185
 187 186 185 186 177 123  80  81  79  81  78  81  75  77  80  81  81  81
  79  77  75  75  75  74  72  73  70  65  63  64  65  66  66  66  66  66
  65  64  64  66  66  67  70  74  80  83  89 104 109 117 133 157 200 214
 208 209 212 214 213 215 215 213 216 215 216 216 215 217 218 219 219 218
 218 219 221 223 224 223 227 229 228 229 230 228 233 230 235 232 234 232
 230  27]","[ 28  28 150 150 148 148 144 152 150 152 153 153 153 155 155 155 150 153
 155 155 155 157 159 159 159 159 158 156 157 159 160 159 159 159 159 160
 160 160 160 160 159 159 159 160 161 162 162 162 161 159 161 161 162 164
 163 163 163 162 162 163 165 166 167 168 170 170 170 170 171 171 171 171
 172 173 172 172 174 174 174 176 178 178 178 178 179 180 179 178 178 180
 182 183 181 180 180 180 184 185 186 184 182 184 185 184 182 182 184 187
 188 186 186 187 186 141  88  75  86  78  77  73  76  78  80  81  82  81
  80  78  76  74  73  73  73  74  71  65  65  65  64  65  66  67  68  69
  63  63  65  68  70  71  73  75  76  80  86  98 102 109 123 144 167 207
 213 207 214 213 215 214 215 215 217 216 216 218 216 215 217 217 218 219
 219 221 222 223 223 224 227 229 229 230 232 232 233 233 232 235 238 233
 228  32]","[ 31  30 149 150 151 143 152 144 150 151 153 154 155 156 155 154 149 154
 156 155 155 157 159 158 158 158 157 158 159 159 158 157 159 160 159 158
 159 161 160 159 160 160 160 160 161 161 162 162 161 160 162 161 163 166
 164 163 164 165 165 165 166 167 168 168 169 169 170 171 173 173 172 171
 173 174 174 174 175 173 171 172 179 179 178 178 179 181 180 179 180 180
 181 180 178 176 178 182 183 183 184 185 184 185 185 182 181 184 186 188
 188 187 187 187 189 163  98  76  76  74  78  74  76  78  80  80  81  81
  80  79  78  75  72  72  72  74  72  66  66  64  62  63  65  66  66  67
  67  66  68  71  73  71  70  71  72  76  82  91  93  99 112 129 138 185
 209 207 213 213 216 213 214 215 216 213 214 218 215 213 214 215 216 218
 220 222 223 223 226 229 230 230 229 228 229 232 230 229 239 227 232 236
 226  27]","[ 28  24 150 145 147 147 149 149 148 150 152 154 154 153 151 149 147 151
 154 155 155 155 155 153 158 156 156 158 160 159 158 158 160 160 158 156
 157 160 160 159 161 161 161 161 161 161 162 162 160 161 164 163 164 167
 164 162 164 166 165 164 165 166 166 164 165 166 168 170 171 172 172 171
 174 175 175 176 177 174 171 170 179 179 179 179 179 180 179 178 182 180
 179 180 179 177 179 183 180 181 183 185 186 187 186 183 184 187 189 188
 187 187 187 187 188 181 114  78  71  77  78  78  80  81  81  82  82  82
  81  80  79  75  72  70  71  73  72  68  67  64  62  63  65  67  67  67
  65  63  64  69  71  71  70  70  70  75  79  84  89  96 109 123 127 153
 192 209 211 211 213 215 215 213 214 211 212 215 214 214 217 218 219 221
 222 223 224 224 224 228 228 228 229 229 229 234 233 235 232 230 235 232
 227  31]","[ 30  32 144 146 150 154 149 150 151 152 154 154 153 151 149 149 148 149
 152 155 156 155 153 153 157 155 155 157 158 158 158 159 160 160 158 156
 157 160 161 159 160 160 160 160 160 160 160 160 160 161 163 162 163 165
 162 160 166 167 167 167 167 169 168 166 165 167 169 171 172 173 174 175
 175 175 175 176 179 178 174 173 177 179 180 180 180 180 180 179 180 178
 179 183 184 182 180 180 179 180 184 186 186 186 186 184 186 187 188 186
 185 186 187 186 185 187 137  84  80  81  81  81  81  81  82  82  82  82
  81  81  79  75  72  71  70  73  74  73  68  64  60  61  64  66  67  69
  68  65  65  68  71  72  72  73  74  77  78  78  82  89 101 112 127 140
 170 209 217 211 212 216 217 214 215 215 216 217 216 218 217 218 219 220
 220 220 221 222 224 227 227 226 228 228 228 231 234 235 234 236 234 240
 227  30]","[ 30  28 148 149 147 149 155 153 152 152 153 153 152 152 153 155 152 150
 151 155 157 155 155 156 159 157 156 157 157 157 158 159 161 162 162 161
 161 163 162 160 161 161 162 162 162 161 161 161 165 164 165 162 162 164
 162 162 163 164 165 166 167 168 168 167 166 168 170 171 171 172 174 176
 173 173 172 174 178 178 175 175 174 176 179 179 179 180 180 180 179 177
 177 180 183 183 180 179 182 183 186 187 186 185 185 184 186 187 186 185
 185 186 187 186 188 187 163 113  73  73  81  81  79  80  80  80  81  81
  81  81  77  74  72  71  71  73  75  76  74  69  64  63  64  65  67  70
  68  65  63  65  67  67  68  70  74  74  74  72  77  82  92 100 112 127
 137 188 218 215 216 215 215 212 214 217 218 217 214 216 218 219 221 222
 222 224 226 228 228 229 228 227 228 228 228 229 232 234 237 234 237 235
 225  29]","[ 29  29 149 152 151 154 151 155 151 151 151 152 153 153 154 156 153 152
 152 153 154 154 154 156 159 159 158 158 157 157 158 159 161 161 161 162
 162 162 161 161 161 161 162 161 161 161 161 162 165 163 164 162 161 162
 161 163 166 165 166 167 169 169 169 169 169 170 171 171 170 171 173 174
 174 174 173 175 178 178 176 176 174 176 178 178 178 179 179 179 181 180
 178 178 180 181 182 181 184 184 185 186 184 184 184 183 184 185 185 185
 184 185 185 186 188 183 171 139  82  77  81  79  79  80  81  81  81  82
  82  81  76  74  73  74  73  74  76  76  73  69  65  64  64  63  64  67
  65  63  63  65  67  67  69  72  72  72  74  73  80  82  89  94 105 119
 126 164 199 207 214 214 212 209 212 213 214 213 211 212 212 213 214 216
 217 218 219 220 221 221 222 223 223 224 225 225 228 225 227 228 227 227
 226  28]","[30 30 27 30 29 28 30 28 29 28 29 30 30 29 28 29 29 29 30 29 28 28 29 29
 29 30 30 29 28 28 29 30 30 29 29 29 29 28 29 30 29 29 29 29 28 28 29 30
 29 28 30 30 29 29 27 30 30 28 28 30 30 29 29 30 29 29 29 29 28 29 29 30
 28 29 29 29 31 29 28 29 28 29 29 29 29 30 30 29 28 29 29 29 28 29 29 29
 30 28 29 30 29 29 29 28 27 29 30 30 29 28 29 30 28 30 29 28 30 28 28 30
 28 29 29 29 29 30 29 29 31 28 28 29 28 29 29 28 30 28 28 30 30 28 28 30
 30 28 28 29 29 28 29 31 29 29 30 27 31 28 29 30 29 27 32 27 29 30 28 29
 29 28 30 29 28 30 29 29 29 29 29 29 29 29 29 29 29 27 29 30 27 28 30 28
 28 31 28 27 33 26 28 30]"
